2.172852
1.660156
1.157227
0.703125
0.317383
0.048828
-0.156250
-0.244141
-0.239258
-0.117188
0.092773
0.429688
0.854492
1.264648
1.772461
2.324219
2.890625
3.403320
3.867188
4.296875
4.663086
4.902344
5.063477
5.131836
5.087891
4.916992
4.648438
4.296875
3.867188
3.432617
2.856445
2.343750
1.801758
1.274414
0.839844
0.429688
0.102539
-0.136719
-0.253906
-0.278320
-0.156250
0.053711
0.346680
0.712891
1.176758
1.660156
2.124023
2.724609
3.217773
3.750000
4.155273
4.584961
4.809570
5.029297
5.097656
5.087891
4.946289
4.711914
4.389648
3.979492
3.515625
2.998047
2.421875
1.909180
1.362305
0.893555
0.546875
0.170898
-0.053711
-0.224609
-0.249023
-0.175781
-0.004883
0.253906
0.615234
1.059570
1.518555
2.060547
2.607422
3.115234
3.642578
4.072266
4.487305
4.750977
4.995117
5.107422
5.083008
4.965820
4.765625
4.472656
4.111328
3.642578
3.095703
2.626953
2.084961
1.503906
1.020508
0.605469
0.258789
0.014648
-0.205078
-0.253906
-0.219727
-0.048828
0.195312
0.537109
0.937500
1.430664
1.982422
2.504883
3.071289
3.574219
4.023438
4.384766
4.711914
4.980469
5.126953
5.141602
5.053711
4.853516
4.541016
4.267578
3.779297
3.291016
2.773438
2.221680
1.689453
1.171875
0.747070
0.351562
0.034180
-0.161133
-0.234375
-0.195312
-0.122070
0.092773
0.429688
0.849609
1.284180
1.791992
2.358398
2.929688
3.408203
3.881836
4.296875
4.663086
4.936523
5.034180
5.117188
5.073242
4.931641
4.643555
4.287109
3.852539
3.393555
2.841797
2.343750
1.743164
1.313477
0.795898
0.405273
0.097656
-0.126953
-0.219727
-0.258789
-0.156250
0.039062
0.312500
0.712891
1.132812
1.630859
2.202148
2.719727
3.232422
3.715820
4.194336
4.550781
4.799805
5.034180
5.097656
5.034180
4.916992
4.697266
4.360352
3.955078
3.496094
2.978516
2.426758
1.928711
1.372070
0.932617
0.532227
0.170898
-0.083008
-0.219727
-0.258789
-0.195312
-0.019531
0.244141
0.620117
1.054688
1.508789
2.065430
2.597656
3.100586
3.623047
4.096680
4.458008
4.780273
4.951172
5.107422
5.073242
5.009766
4.794922
4.453125
4.077148
3.574219
3.120117
2.612305
2.026367
1.479492
1.015625
0.585938
0.302734
-0.029297
-0.195312
-0.288086
-0.268555
-0.083008
0.214844
0.522461
0.927734
1.391602
1.914062
2.456055
3.017578
3.530273
3.984375
4.399414
4.731445
4.960938
5.107422
5.136719
5.053711
4.843750
4.565430
4.218750
3.764648
3.261719
2.700195
2.177734
1.630859
1.166992
0.698242
0.283203
0.019531
-0.170898
-0.273438
-0.253906
-0.151367
0.092773
0.449219
0.830078
1.250000
1.777344
2.348633
2.880859
3.393555
3.881836
4.272461
4.624023
4.897461
5.087891
5.107422
5.053711
4.902344
4.638672
4.340820
3.862305
3.388672
2.836914
2.319336
1.796875
1.293945
0.844727
0.449219
0.107422
-0.117188
-0.244141
-0.273438
-0.175781
0.029297
0.292969
0.688477
1.142578
1.621094
2.177734
2.705078
3.266602
3.750000
4.155273
4.541016
4.814453
4.980469
5.068359
5.048828
4.956055
4.687500
4.384766
3.935547
3.476562
2.998047
2.470703
1.884766
1.401367
0.917969
0.517578
0.156250
-0.092773
-0.214844
-0.273438
-0.234375
-0.019531
0.249023
0.629883
1.049805
1.518555
2.041016
2.578125
3.134766
3.666992
4.106445
4.482422
4.785156
4.980469
5.068359
5.151367
4.960938
4.770508
4.448242
4.082031
3.647461
3.081055
2.617188
2.041016
1.528320
1.040039
0.639648
0.263672
-0.009766
-0.185547
-0.244141
-0.239258
-0.014648
0.219727
0.498047
0.942383
1.376953
1.943359
2.509766
3.051758
3.579102
4.018555
4.418945
4.721680
4.965820
5.136719
5.151367
5.053711
4.814453
4.575195
4.228516
3.813477
3.295898
2.758789
2.197266
1.669922
1.186523
0.737305
0.336914
0.068359
-0.122070
-0.209961
-0.214844
-0.112305
0.107422
0.410156
0.825195
1.289062
1.787109
2.329102
2.890625
3.398438
3.886719
4.287109
4.663086
4.926758
5.097656
5.126953
5.048828
4.907227
4.658203
4.306641
3.833008
3.334961
2.802734
2.382812
1.777344
1.254883
0.800781
0.415039
0.097656
-0.131836
-0.229492
-0.307617
-0.161133
0.048828
0.317383
0.703125
1.176758
1.655273
2.192383
2.719727
3.242188
3.759766
4.174805
4.550781
4.824219
5.019531
5.083008
5.083008
4.916992
4.663086
4.360352
3.896484
3.447266
2.973633
2.426758
1.918945
1.420898
0.917969
0.478516
0.195312
-0.053711
-0.219727
-0.278320
-0.200195
-0.014648
0.249023
0.605469
1.054688
1.547852
2.045898
2.587891
3.134766
3.657227
4.077148
4.448242
4.785156
4.975586
5.078125
5.107422
4.995117
4.785156
4.443359
4.062500
3.608398
3.110352
2.612305
2.045898
1.494141
1.025391
0.566406
0.214844
-0.048828
-0.185547
-0.229492
-0.195312
-0.073242
0.126953
0.507812
0.917969
1.406250
1.918945
2.465820
3.002930
3.544922
4.023438
4.399414
4.711914
4.956055
5.117188
5.107422
5.019531
4.892578
4.560547
4.165039
3.740234
3.251953
2.744141
2.153320
1.616211
1.176758
0.712891
0.322266
0.019531
-0.170898
-0.239258
-0.249023
-0.112305
0.102539
0.390625
0.820312
1.308594
1.791992
2.319336
2.885742
3.388672
3.891602
4.296875
4.653320
4.946289
5.073242
5.107422
5.058594
4.902344
4.658203
4.311523
3.911133
3.403320
2.880859
2.319336
1.787109
1.298828
0.839844
0.419922
0.107422
-0.126953
-0.268555
-0.283203
-0.195312
0.019531
0.283203
0.698242
1.147461
1.650391
2.163086
2.729492
3.247070
3.740234
4.140625
4.536133
4.829102
5.019531
5.063477
5.048828
4.946289
4.692383
4.379883
3.950195
3.481445
2.988281
2.451172
1.933594
1.396484
0.917969
0.498047
0.151367
-0.053711
-0.224609
-0.278320
-0.170898
-0.019531
0.234375
0.576172
1.054688
1.528320
2.031250
2.583008
3.168945
3.618164
4.077148
4.482422
4.780273
4.975586
5.073242
5.126953
4.970703
4.726562
4.458008
4.082031
3.647461
3.159180
2.578125
2.065430
1.528320
1.069336
0.629883
0.297852
0.019531
-0.190430
-0.249023
-0.190430
-0.029297
0.244141
0.571289
0.966797
1.464844
1.972656
2.465820
3.032227
3.549805
4.033203
4.448242
4.780273
4.975586
5.151367
5.185547
5.063477
4.868164
4.628906
4.223633
3.813477
3.291016
2.763672
2.265625
1.699219
1.201172
0.756836
0.351562
0.092773
-0.146484
-0.195312
-0.205078
-0.117188
0.068359
0.405273
0.834961
1.264648
1.806641
2.338867
2.905273
3.403320
3.862305
4.311523
4.643555
4.897461
5.092773
5.131836
5.083008
4.882812
4.648438
4.291992
3.857422
3.359375
2.861328
2.324219
1.772461
1.269531
0.776367
0.405273
0.122070
-0.126953
-0.244141
-0.273438
-0.126953
0.024414
0.346680
0.712891
1.152344
1.674805
2.167969
2.729492
3.247070
3.735352
4.169922
4.565430
4.819336
4.970703
5.068359
5.068359
4.921875
4.663086
4.384766
3.925781
3.481445
2.949219
2.451172
1.899414
1.391602
0.908203
0.502930
0.166016
-0.102539
-0.249023
-0.278320
-0.205078
-0.024414
0.234375
0.615234
1.049805
1.494141
2.050781
2.578125
3.144531
3.608398
4.062500
4.482422
4.760742
4.975586
5.112305
5.097656
4.985352
4.750977
4.482422
4.082031
3.598633
3.144531
2.592773
2.031250
1.494141
1.044922
0.615234
0.249023
-0.053711
-0.239258
-0.268555
-0.209961
-0.107422
0.136719
0.502930
0.952148
1.450195
1.884766
2.456055
3.037109
3.579102
4.008789
4.389648
4.692383
4.970703
5.112305
5.126953
5.048828
4.843750
4.545898
4.179688
3.745117
3.242188
2.724609
2.177734
1.650391
1.181641
0.688477
0.322266
0.029297
-0.151367
-0.253906
-0.239258
-0.112305
0.097656
0.415039
0.844727
1.284180
1.772461
2.329102
2.885742
3.398438
3.867188
4.311523
4.633789
4.897461
5.058594
5.146484
5.058594
4.882812
4.628906
4.296875
3.867188
3.378906
2.856445
2.309570
1.782227
1.254883
0.810547
0.429688
0.122070
-0.175781
-0.258789
-0.288086
-0.200195
0.014648
0.292969
0.737305
1.137695
1.650391
2.114258
2.714844
3.232422
3.725586
4.155273
4.555664
4.770508
5.004883
5.029297
5.063477
4.941406
4.697266
4.409180
3.935547
3.471680
3.002930
2.460938
1.899414
1.372070
0.922852
0.498047
0.170898
-0.073242
-0.249023
-0.292969
-0.200195
-0.014648
0.249023
0.610352
1.020508
1.552734
2.045898
2.587891
3.120117
3.627930
4.101562
4.472656
4.760742
4.951172
5.078125
5.112305
4.970703
4.775391
4.438477
4.062500
3.637695
3.144531
2.558594
2.041016
1.499023
1.040039
0.659180
0.263672
-0.024414
-0.209961
-0.263672
-0.200195
-0.039062
0.180664
0.566406
0.922852
1.411133
1.948242
2.480469
3.032227
3.554688
3.989258
4.443359
4.760742
5.024414
5.146484
5.126953
5.048828
4.843750
4.604492
4.252930
3.789062
3.310547
2.753906
2.167969
1.689453
1.191406
0.717773
0.351562
0.029297
-0.170898
-0.195312
-0.234375
-0.087891
0.112305
0.439453
0.815430
1.245117
1.782227
2.329102
2.910156
3.403320
3.842773
4.296875
4.663086
4.912109
5.073242
5.107422
5.078125
4.902344
4.628906
4.296875
3.842773
3.388672
2.856445
2.333984
1.772461
1.235352
0.786133
0.429688
0.107422
-0.087891
-0.263672
-0.278320
-0.170898
0.024414
0.366211
0.703125
1.142578
1.640625
2.192383
2.709961
3.266602
3.740234
4.165039
4.555664
4.819336
5.004883
5.078125
5.063477
4.897461
4.697266
4.340820
3.911133
3.486328
2.968750
2.426758
1.889648
1.367188
0.922852
0.546875
0.175781
-0.048828
-0.263672
-0.278320
-0.195312
-0.014648
0.234375
0.605469
1.064453
1.479492
2.050781
2.607422
3.144531
3.627930
4.101562
4.492188
4.780273
4.975586
5.073242
5.112305
5.004883
4.746094
4.477539
4.067383
3.598633
3.139648
2.602539
2.070312
1.479492
0.991211
0.571289
0.258789
0.000000
-0.205078
-0.219727
-0.224609
-0.063477
0.166016
0.541992
0.957031
1.362305
1.923828
2.441406
3.041992
3.535156
3.979492
4.375000
4.726562
4.926758
5.097656
5.122070
5.019531
4.829102
4.555664
4.194336
3.745117
3.256836
2.709961
2.167969
1.655273
1.186523
0.693359
0.332031
0.034180
-0.175781
-0.278320
-0.224609
-0.112305
0.112305
0.429688
0.825195
1.259766
1.816406
2.304688
2.871094
3.378906
3.862305
4.282227
4.609375
4.902344
5.097656
5.136719
5.087891
4.877930
4.624023
4.306641
3.867188
3.349609
2.822266
2.338867
1.777344
1.284180
0.834961
0.424805
0.112305
-0.131836
-0.249023
-0.278320
-0.141602
0.024414
0.312500
0.708008
1.132812
1.650391
2.128906
2.685547
3.222656
3.710938
4.194336
4.555664
4.819336
5.019531
5.039062
5.024414
4.931641
4.721680
4.394531
3.994141
3.471680
2.973633
2.441406
1.909180
1.352539
0.917969
0.478516
0.136719
-0.102539
-0.249023
-0.268555
-0.185547
-0.043945
0.249023
0.600586
1.015625
1.533203
2.041016
2.573242
3.134766
3.637695
4.101562
4.448242
4.750977
5.000000
5.078125
5.131836
4.975586
4.765625
4.438477
4.082031
3.657227
3.115234
2.592773
2.055664
1.523438
1.049805
0.610352
0.214844
0.009766
-0.200195
-0.234375
-0.253906
-0.078125
0.195312
0.561523
0.976562
1.435547
1.933594
2.480469
2.988281
3.530273
4.003906
4.423828
4.741211
4.931641
5.151367
5.141602
5.058594
4.873047
4.570312
4.199219
3.754883
3.315430
2.768555
2.202148
1.650391
1.142578
0.722656
0.351562
0.014648
-0.107422
-0.239258
-0.205078
-0.136719
0.117188
0.410156
0.795898
1.289062
1.806641
2.343750
2.851562
3.354492
3.833008
4.311523
4.653320
4.926758
5.058594
5.151367
5.063477
4.902344
4.648438
4.277344
3.867188
3.388672
2.856445
2.333984
1.728516
1.293945
0.791016
0.410156
0.068359
-0.146484
-0.239258
-0.258789
-0.151367
0.039062
0.332031
0.703125
1.162109
1.645508
2.207031
2.705078
3.251953
3.740234
4.213867
4.565430
4.819336
4.985352
5.053711
5.063477
4.931641
4.687500
4.345703
3.920898
3.461914
2.968750
2.421875
1.909180
1.386719
0.932617
0.483398
0.170898
-0.087891
-0.253906
-0.283203
-0.195312
-0.039062
0.273438
0.600586
1.049805
1.533203
2.045898
2.622070
3.120117
3.657227
4.062500
4.482422
4.746094
4.960938
5.063477
5.083008
4.995117
4.790039
4.472656
4.033203
3.632812
3.129883
2.587891
2.065430
1.538086
1.049805
0.590820
0.249023
-0.034180
-0.209961
-0.273438
-0.249023
-0.073242
0.166016
0.512695
0.903320
1.401367
1.928711
2.421875
3.012695
3.583984
4.003906
4.433594
4.726562
4.956055
5.092773
5.083008
5.034180
4.824219
4.584961
4.179688
3.715820
3.266602
2.749023
2.167969
1.645508
1.147461
0.703125
0.288086
0.029297
-0.175781
-0.244141
-0.249023
-0.097656
0.112305
0.449219
0.800781
1.269531
1.806641
2.314453
2.875977
3.383789
3.876953
4.267578
4.653320
4.926758
5.029297
5.107422
5.039062
4.873047
4.653320
4.252930
3.818359
3.408203
2.841797
2.329102
1.782227
1.274414
0.844727
0.410156
0.136719
-0.126953
-0.268555
-0.302734
-0.219727
0.009766
0.336914
0.678711
1.142578
1.630859
2.187500
2.685547
3.222656
3.715820
4.165039
4.511719
4.833984
5.000000
5.087891
5.043945
4.941406
4.682617
4.345703
3.940430
3.476562
3.007812
2.402344
1.914062
1.381836
0.898438
0.507812
0.156250
-0.073242
-0.253906
-0.273438
-0.195312
-0.004883
0.253906
0.600586
1.035156
1.547852
2.089844
2.626953
3.120117
3.608398
4.116211
4.497070
4.794922
5.000000
5.063477
5.092773
4.980469
4.785156
4.443359
4.096680
3.647461
3.115234
2.573242
2.021484
1.494141
1.030273
0.625000
0.249023
0.019531
-0.175781
-0.273438
-0.170898
-0.058594
0.200195
0.546875
0.961914
1.381836
1.948242
2.485352
2.983398
3.554688
4.028320
4.370117
4.770508
4.985352
5.117188
5.136719
5.087891
4.873047
4.604492
4.223633
3.715820
3.281250
2.758789
2.226562
1.660156
1.171875
0.698242
0.312500
0.058594
-0.156250
-0.219727
-0.229492
-0.092773
0.083008
0.405273
0.834961
1.284180
1.806641
2.329102
2.890625
3.393555
3.876953
4.316406
4.663086
4.912109
5.043945
5.136719
5.048828
4.902344
4.672852
4.296875
3.857422
3.359375
2.841797
2.343750
1.782227
1.250000
0.795898
0.429688
0.092773
-0.156250
-0.273438
-0.283203
-0.185547
0.019531
0.312500
0.698242
1.152344
1.645508
2.153320
2.690430
3.237305
3.715820
4.174805
4.511719
4.853516
5.058594
5.107422
5.063477
4.907227
4.653320
4.345703
3.916016
3.457031
2.988281
2.416992
1.904297
1.391602
0.913086
0.493164
0.146484
-0.048828
-0.268555
-0.229492
-0.190430
-0.039062
0.263672
0.610352
1.020508
1.523438
2.060547
2.548828
3.134766
3.627930
4.106445
4.497070
4.765625
4.975586
5.087891
5.083008
4.975586
4.780273
4.438477
4.023438
3.666992
3.134766
2.587891
2.031250
1.542969
1.069336
0.595703
0.249023
-0.034180
-0.205078
-0.253906
-0.249023
-0.068359
0.151367
0.527344
0.937500
1.381836
1.914062
2.441406
2.993164
3.544922
3.955078
4.389648
4.736328
4.985352
5.107422
5.102539
5.043945
4.858398
4.609375
4.189453
3.725586
3.256836
2.705078
2.158203
1.674805
1.127930
0.708008
0.322266
0.053711
-0.170898
-0.283203
-0.249023
-0.141602
0.117188
0.434570
0.830078
1.289062
1.767578
2.319336
2.836914
3.413086
3.852539
4.267578
4.619141
4.902344
5.058594
5.097656
5.053711
4.921875
4.633789
4.306641
3.891602
3.374023
2.866211
2.324219
1.787109
1.293945
0.815430
0.444336
0.112305
-0.151367
-0.258789
-0.273438
-0.146484
0.024414
0.288086
0.654297
1.152344
1.616211
2.172852
2.690430
3.198242
3.735352
4.169922
4.516602
4.809570
4.990234
5.063477
5.068359
4.951172
4.692383
4.399414
3.935547
3.491211
2.978516
2.451172
1.914062
1.386719
0.922852
0.483398
0.141602
-0.117188
-0.253906
-0.268555
-0.185547
-0.048828
0.258789
0.634766
1.059570
1.562500
2.041016
2.573242
3.120117
3.657227
4.082031
4.487305
4.785156
4.975586
5.102539
5.087891
4.970703
4.750977
4.448242
4.062500
3.647461
3.134766
2.563477
2.026367
1.547852
1.054688
0.625000
0.263672
-0.039062
-0.185547
-0.224609
-0.166016
-0.043945
0.214844
0.551758
0.961914
1.435547
1.972656
2.475586
3.061523
3.574219
3.994141
4.418945
4.711914
4.946289
5.073242
5.126953
5.073242
4.863281
4.609375
4.233398
3.789062
3.227539
2.739258
2.187500
1.679688
1.181641
0.737305
0.336914
0.087891
-0.156250
-0.205078
-0.205078
-0.112305
0.112305
0.380859
0.820312
1.298828
1.816406
2.373047
2.880859
3.383789
3.911133
4.311523
4.633789
4.921875
5.078125
5.126953
5.043945
4.902344
4.624023
4.296875
3.867188
3.374023
2.871094
2.294922
1.752930
1.259766
0.800781
0.390625
0.102539
-0.166016
-0.258789
-0.268555
-0.126953
0.024414
0.356445
0.712891
1.147461
1.635742
2.187500
2.724609
3.247070
3.715820
4.160156
4.594727
4.824219
5.029297
5.078125
5.043945
4.926758
4.672852
4.360352
3.925781
3.500977
2.963867
2.460938
1.879883
1.411133
0.922852
0.483398
0.175781
-0.112305
-0.224609
-0.229492
-0.209961
-0.009766
0.224609
0.600586
1.035156
1.552734
2.065430
2.583008
3.115234
3.642578
4.086914
4.472656
4.770508
4.990234
5.107422
5.146484
4.995117
4.721680
4.399414
4.086914
3.627930
3.125000
2.597656
1.992188
1.474609
1.015625
0.639648
0.253906
-0.083008
-0.214844
-0.268555
-0.209961
-0.078125
0.151367
0.483398
0.917969
1.430664
1.894531
2.460938
3.022461
3.544922
4.028320
4.418945
4.755859
4.960938
5.097656
5.122070
5.014648
4.819336
4.560547
4.165039
3.745117
3.237305
2.700195
2.207031
1.635742
1.147461
0.722656
0.322266
0.014648
-0.156250
-0.244141
-0.258789
-0.131836
0.107422
0.419922
0.815430
1.259766
1.767578
2.338867
2.832031
3.398438
3.872070
4.267578
4.633789
4.907227
5.073242
5.092773
5.039062
4.877930
4.667969
4.287109
3.862305
3.374023
2.851562
2.338867
1.787109
1.284180
0.839844
0.410156
0.122070
-0.112305
-0.268555
-0.292969
-0.200195
0.019531
0.322266
0.668945
1.147461
1.635742
2.167969
2.714844
3.217773
3.671875
4.135742
4.521484
4.833984
5.000000
5.078125
5.034180
4.912109
4.707031
4.370117
3.964844
3.481445
2.983398
2.431641
1.923828
1.367188
0.917969
0.532227
0.156250
-0.087891
-0.253906
-0.278320
-0.185547
-0.024414
0.283203
0.566406
1.010742
1.523438
2.084961
2.602539
3.139648
3.627930
4.062500
4.462891
4.770508
4.985352
5.097656
5.102539
4.980469
4.746094
4.472656
4.072266
3.618164
3.149414
2.597656
2.021484
1.508789
1.040039
0.615234
0.268555
-0.004883
-0.205078
-0.263672
-0.224609
-0.039062
0.175781
0.522461
0.976562
1.464844
1.982422
2.470703
2.983398
3.520508
4.018555
4.423828
4.750977
5.014648
5.122070
5.107422
5.024414
4.873047
4.589844
4.248047
3.754883
3.247070
2.705078
2.216797
1.708984
1.206055
0.751953
0.346680
0.073242
-0.170898
-0.239258
-0.200195
-0.126953
0.097656
0.449219
0.800781
1.284180
1.801758
2.329102
2.895508
3.398438
3.857422
4.301758
4.667969
4.892578
5.058594
5.122070
5.063477
4.916992
4.663086
4.287109
3.847656
3.349609
2.856445
2.358398
1.772461
1.264648
0.791016
0.429688
0.107422
-0.141602
-0.268555
-0.278320
-0.161133
0.078125
0.322266
0.703125
1.152344
1.660156
2.216797
2.744141
3.276367
3.725586
4.194336
4.570312
4.833984
5.019531
5.078125
5.063477
4.916992
4.702148
4.355469
3.916016
3.452148
2.954102
2.431641
1.909180
1.376953
0.913086
0.532227
0.156250
-0.092773
-0.214844
-0.244141
-0.166016
-0.009766
0.249023
0.634766
1.015625
1.494141
2.089844
2.558594
3.095703
3.623047
4.082031
4.487305
4.794922
4.951172
5.083008
5.083008
4.990234
4.765625
4.462891
4.067383
3.671875
3.154297
2.587891
2.026367
1.499023
1.015625
0.610352
0.244141
-0.043945
-0.234375
-0.234375
-0.234375
-0.102539
0.126953
0.488281
0.917969
1.411133
1.914062
2.451172
2.988281
3.515625
4.038086
4.477539
4.741211
4.965820
5.083008
5.063477
5.009766
4.848633
4.589844
4.169922
3.735352
3.237305
2.700195
2.182617
1.635742
1.127930
0.712891
0.288086
0.014648
-0.131836
-0.253906
-0.244141
-0.151367
0.092773
0.444336
0.805664
1.254883
1.777344
2.333984
2.905273
3.417969
3.876953
4.311523
4.638672
4.912109
5.058594
5.126953
5.058594
4.902344
4.692383
4.301758
3.857422
3.388672
2.836914
2.338867
1.787109
1.279297
0.815430
0.424805
0.092773
-0.146484
-0.263672
-0.283203
-0.200195
0.063477
0.307617
0.688477
1.142578
1.640625
2.167969
2.685547
