1.933594
1.386719
0.893555
0.507812
0.161133
-0.112305
-0.224609
-0.273438
-0.185547
-0.009766
0.263672
0.620117
1.015625
1.523438
2.041016
2.543945
3.110352
3.618164
4.072266
4.477539
4.775391
4.985352
5.107422
5.092773
4.975586
4.804688
4.506836
4.111328
3.627930
3.154297
2.612305
2.094727
1.562500
1.030273
0.620117
0.283203
-0.024414
-0.219727
-0.268555
-0.244141
-0.136719
0.146484
0.498047
0.932617
1.386719
1.879883
2.451172
2.929688
3.500977
3.974609
4.350586
4.721680
4.990234
5.112305
5.126953
5.117188
4.858398
4.599609
4.218750
3.769531
3.295898
2.744141
2.197266
1.684570
1.171875
0.761719
0.351562
0.039062
-0.146484
-0.239258
-0.239258
-0.126953
0.078125
0.410156
0.810547
1.230469
1.791992
2.275391
2.841797
3.374023
3.891602
4.277344
4.633789
4.882812
5.058594
5.117188
5.126953
4.916992
4.677734
4.326172
3.901367
3.432617
2.905273
2.368164
1.831055
1.289062
0.878906
0.454102
0.122070
-0.097656
-0.234375
-0.185547
-0.161133
0.078125
0.307617
0.737305
1.132812
1.611328
2.167969
2.685547
3.183594
3.686523
4.121094
4.501953
4.804688
4.990234
5.063477
5.092773
5.004883
4.711914
4.394531
3.999023
3.520508
3.002930
2.514648
1.948242
1.406250
0.942383
0.507812
0.195312
-0.043945
-0.200195
-0.273438
-0.214844
-0.014648
0.214844
0.595703
1.025391
1.499023
2.031250
2.578125
3.085938
3.588867
4.057617
4.497070
4.765625
4.985352
5.136719
5.112305
5.014648
4.790039
4.497070
4.101562
3.632812
3.164062
2.612305
2.065430
1.528320
1.069336
0.659180
0.244141
0.000000
-0.175781
-0.229492
-0.195312
-0.048828
0.161133
0.488281
0.913086
1.391602
1.928711
2.441406
3.002930
3.496094
3.945312
4.375000
4.702148
4.995117
5.107422
5.122070
5.063477
4.848633
4.584961
4.218750
3.823242
3.359375
2.817383
2.221680
1.689453
1.225586
0.737305
0.395508
0.078125
-0.175781
-0.214844
-0.229492
-0.073242
0.126953
0.434570
0.834961
1.298828
1.757812
2.294922
2.846680
3.334961
3.833008
4.262695
4.648438
4.863281
5.083008
5.166016
5.092773
4.907227
4.653320
4.316406
3.886719
3.452148
2.900391
2.348633
1.796875
1.303711
0.810547
0.468750
0.136719
-0.097656
-0.219727
-0.268555
-0.136719
0.004883
0.351562
0.693359
1.137695
1.625977
2.143555
2.705078
3.232422
3.730469
4.155273
4.501953
4.814453
5.019531
5.097656
5.092773
4.956055
4.692383
4.375000
3.989258
3.500977
3.032227
2.480469
1.894531
1.386719
0.917969
0.527344
0.185547
-0.039062
-0.244141
-0.234375
-0.214844
-0.009766
0.229492
0.610352
1.035156
1.508789
2.016602
2.558594
3.105469
3.627930
4.047852
4.443359
4.765625
4.980469
5.151367
5.117188
5.000000
4.770508
4.487305
4.106445
3.657227
3.154297
2.597656
2.089844
1.533203
1.054688
0.634766
0.244141
0.000000
-0.195312
-0.244141
-0.253906
-0.048828
0.161133
0.439453
0.893555
1.411133
1.914062
2.382812
2.949219
3.481445
3.935547
4.414062
4.692383
4.941406
5.083008
5.112305
5.039062
4.843750
4.560547
4.228516
3.774414
3.315430
2.729492
2.207031
1.655273
1.171875
0.747070
0.380859
0.053711
-0.180664
-0.244141
-0.249023
-0.107422
0.097656
0.400391
0.766602
1.279297
1.782227
2.294922
2.836914
3.349609
3.833008
4.277344
4.628906
4.892578
5.078125
5.117188
5.092773
4.936523
4.667969
4.335938
3.896484
3.408203
2.910156
2.348633
1.835938
1.303711
0.898438
0.454102
0.122070
-0.107422
-0.219727
-0.229492
-0.185547
-0.014648
0.332031
0.688477
1.123047
1.586914
2.124023
2.670898
3.212891
3.691406
4.140625
4.536133
4.814453
5.019531
5.092773
5.058594
4.941406
4.711914
4.414062
4.013672
3.520508
3.007812
2.475586
1.923828
1.420898
0.947266
0.522461
0.156250
-0.087891
-0.205078
-0.273438
-0.180664
-0.048828
0.224609
0.576172
0.996094
1.503906
2.031250
2.539062
3.110352
3.608398
4.062500
4.482422
4.785156
5.000000
5.078125
5.107422
5.029297
4.775391
4.487305
4.116211
3.637695
3.178711
2.617188
2.065430
1.562500
1.083984
0.620117
0.283203
-0.004883
-0.195312
-0.209961
-0.229492
-0.068359
0.131836
0.527344
0.966797
1.450195
1.928711
2.495117
2.998047
3.569336
4.042969
4.409180
4.731445
4.960938
5.068359
5.136719
5.112305
4.936523
4.633789
4.233398
3.813477
3.339844
2.812500
2.275391
1.748047
1.215820
0.756836
0.346680
0.126953
-0.131836
-0.214844
-0.239258
-0.078125
0.122070
0.415039
0.859375
1.279297
1.782227
2.294922
2.846680
3.359375
3.852539
4.282227
4.653320
4.951172
5.102539
5.136719
5.063477
4.912109
4.648438
4.331055
3.911133
3.432617
2.861328
2.333984
1.831055
1.318359
0.839844
0.419922
0.112305
-0.122070
-0.229492
-0.229492
-0.166016
0.039062
0.312500
0.698242
1.157227
1.650391
2.138672
2.719727
3.188477
3.725586
4.174805
4.575195
4.799805
5.019531
5.073242
5.048828
4.946289
4.731445
4.384766
3.974609
3.481445
2.983398
2.495117
1.958008
1.440430
0.898438
0.502930
0.190430
-0.058594
-0.185547
-0.273438
-0.175781
-0.024414
0.244141
0.625000
1.030273
1.523438
2.050781
2.558594
3.100586
3.613281
4.057617
4.467773
4.750977
4.990234
5.122070
5.122070
5.034180
4.780273
4.516602
4.121094
3.666992
3.183594
2.578125
2.065430
1.542969
1.079102
0.654297
0.239258
-0.034180
-0.185547
-0.258789
-0.209961
-0.048828
0.156250
0.483398
0.908203
1.396484
1.953125
2.426758
2.929688
3.500977
3.955078
4.370117
4.736328
4.941406
5.126953
5.136719
5.034180
4.853516
4.580078
4.204102
3.789062
3.300781
2.792969
2.221680
1.660156
1.176758
0.712891
0.322266
0.043945
-0.156250
-0.229492
-0.239258
-0.131836
0.087891
0.434570
0.810547
1.254883
1.757812
2.299805
2.861328
3.378906
3.881836
4.282227
4.643555
4.897461
5.063477
5.078125
5.092773
4.912109
4.658203
4.326172
3.876953
3.408203
2.905273
2.392578
1.816406
1.289062
0.854492
0.424805
0.156250
-0.112305
-0.234375
-0.234375
-0.166016
0.034180
0.283203
0.688477
1.132812
1.621094
2.138672
2.646484
3.183594
3.686523
4.165039
4.516602
4.799805
5.034180
5.102539
5.078125
4.892578
4.702148
4.384766
3.974609
3.535156
2.983398
2.485352
1.914062
1.406250
0.917969
0.502930
0.195312
-0.083008
-0.249023
-0.292969
-0.185547
-0.048828
0.209961
0.571289
1.000977
1.499023
2.045898
2.578125
3.085938
3.588867
4.042969
4.462891
4.799805
4.975586
5.107422
5.092773
5.024414
4.809570
4.497070
4.086914
3.681641
3.159180
2.578125
2.065430
1.552734
1.044922
0.649414
0.302734
-0.058594
-0.190430
-0.244141
-0.205078
-0.039062
0.190430
0.502930
0.932617
1.455078
1.933594
2.490234
3.017578
3.535156
3.974609
4.462891
4.770508
4.980469
5.102539
5.166016
5.058594
4.882812
4.619141
4.223633
3.823242
3.291016
2.758789
2.265625
1.748047
1.225586
0.761719
0.361328
0.073242
-0.102539
-0.200195
-0.214844
-0.102539
0.087891
0.439453
0.849609
1.289062
1.757812
2.294922
2.836914
3.378906
3.833008
4.282227
4.653320
4.921875
5.078125
5.146484
5.097656
4.951172
4.643555
4.326172
3.872070
3.432617
2.929688
2.343750
1.801758
1.254883
0.849609
0.468750
0.131836
-0.146484
-0.219727
-0.268555
-0.136719
-0.024414
0.322266
0.708008
1.152344
1.630859
2.177734
2.700195
3.217773
3.725586
4.150391
4.545898
4.829102
5.029297
5.131836
5.068359
4.941406
4.721680
4.389648
3.994141
3.525391
3.002930
2.470703
1.909180
1.411133
0.903320
0.527344
0.175781
-0.068359
-0.195312
-0.268555
-0.180664
-0.024414
0.258789
0.605469
1.010742
1.499023
2.036133
2.568359
3.110352
3.613281
4.057617
4.467773
4.770508
4.960938
5.107422
5.097656
5.004883
4.790039
4.482422
4.096680
3.666992
3.178711
2.612305
2.050781
1.528320
1.083984
0.625000
0.273438
-0.019531
-0.200195
-0.312500
-0.239258
-0.078125
0.175781
0.507812
0.878906
1.376953
1.879883
2.460938
2.983398
3.476562
3.945312
4.384766
4.702148
4.970703
5.092773
5.102539
5.039062
4.868164
4.643555
4.248047
3.808594
3.266602
2.763672
2.211914
1.660156
1.162109
0.751953
0.351562
0.053711
-0.180664
-0.219727
-0.229492
-0.117188
0.117188
0.400391
0.810547
1.259766
1.767578
2.348633
2.846680
3.369141
3.872070
4.282227
4.648438
4.902344
5.073242
5.112305
5.058594
4.931641
4.672852
4.321289
3.881836
3.432617
2.895508
2.373047
1.816406
1.352539
0.830078
0.444336
0.141602
-0.092773
-0.229492
-0.219727
-0.170898
0.048828
0.341797
0.688477
1.113281
1.650391
2.153320
2.705078
3.217773
3.671875
4.169922
4.536133
4.814453
5.043945
5.078125
5.053711
4.931641
4.741211
4.414062
3.964844
3.510742
2.998047
2.451172
1.962891
1.411133
0.932617
0.517578
0.190430
-0.083008
-0.219727
-0.283203
-0.205078
-0.039062
0.234375
0.595703
1.010742
1.494141
2.021484
2.587891
3.105469
3.608398
4.042969
4.472656
4.765625
4.990234
5.083008
5.126953
5.014648
4.794922
4.501953
4.057617
3.647461
3.144531
2.607422
2.050781
1.533203
1.069336
0.639648
0.263672
-0.014648
-0.219727
-0.258789
-0.195312
-0.043945
0.200195
0.488281
0.937500
1.425781
1.953125
2.485352
2.983398
3.510742
4.003906
4.399414
4.760742
4.970703
5.068359
5.146484
5.073242
4.882812
4.584961
4.228516
3.789062
3.295898
2.792969
2.246094
1.708984
1.210938
0.771484
0.405273
0.097656
-0.092773
-0.234375
-0.214844
-0.097656
0.117188
0.410156
0.786133
1.303711
1.791992
2.290039
2.856445
3.359375
3.847656
4.291992
4.648438
4.946289
5.078125
5.122070
5.063477
4.931641
4.672852
4.340820
3.906250
3.452148
2.910156
2.363281
1.782227
1.323242
0.771484
0.449219
0.126953
-0.141602
-0.263672
-0.263672
-0.151367
0.068359
0.317383
0.668945
1.118164
1.601562
2.187500
2.739258
3.212891
3.715820
4.160156
4.560547
4.824219
5.034180
5.078125
5.048828
4.980469
4.731445
4.389648
3.964844
3.500977
2.998047
2.495117
1.933594
1.396484
0.903320
0.517578
0.205078
-0.053711
-0.209961
-0.288086
-0.214844
-0.014648
0.244141
0.571289
1.030273
1.523438
2.011719
2.583008
3.110352
3.637695
4.062500
4.477539
4.760742
4.975586
5.107422
5.107422
4.995117
4.799805
4.472656
4.116211
3.657227
3.154297
2.622070
2.070312
1.518555
1.020508
0.654297
0.297852
0.009766
-0.205078
-0.273438
-0.234375
-0.083008
0.166016
0.512695
0.874023
1.333008
1.870117
2.451172
2.978516
3.486328
3.955078
4.389648
4.746094
4.936523
5.097656
5.146484
5.112305
4.887695
4.633789
4.238281
3.774414
3.295898
2.729492
2.216797
1.679688
1.181641
0.727539
0.361328
0.034180
-0.185547
-0.249023
-0.253906
-0.126953
0.112305
0.429688
0.795898
1.284180
1.752930
2.290039
2.817383
3.325195
3.823242
4.287109
4.619141
4.921875
5.053711
5.146484
5.078125
4.921875
4.648438
4.340820
3.872070
3.422852
2.900391
2.348633
1.816406
1.333008
0.864258
0.439453
0.141602
-0.087891
-0.209961
-0.244141
-0.141602
0.024414
0.327148
0.717773
1.088867
1.616211
2.138672
2.695312
3.232422
3.725586
4.135742
4.497070
4.804688
4.985352
5.058594
5.063477
4.916992
4.707031
4.399414
3.999023
3.515625
3.017578
2.475586
1.943359
1.386719
0.922852
0.507812
0.190430
-0.078125
-0.205078
-0.273438
-0.180664
-0.043945
0.209961
0.595703
1.020508
1.542969
2.026367
2.548828
3.110352
3.603516
4.057617
4.458008
4.765625
4.975586
5.107422
5.097656
5.029297
4.819336
4.501953
4.082031
3.637695
3.178711
2.612305
2.031250
1.538086
1.035156
0.634766
0.317383
0.029297
-0.234375
-0.258789
-0.219727
-0.039062
0.219727
0.532227
0.893555
1.416016
1.909180
2.460938
3.027344
3.540039
4.013672
4.433594
4.760742
5.009766
5.151367
5.175781
5.092773
4.907227
4.604492
4.257812
3.779297
3.320312
2.758789
2.241211
1.733398
1.201172
0.761719
0.424805
0.083008
-0.092773
-0.205078
-0.195312
-0.122070
0.097656
0.410156
0.839844
1.289062
1.801758
2.294922
2.841797
3.393555
3.857422
4.282227
4.619141
4.921875
5.073242
5.131836
5.087891
4.941406
4.638672
4.311523
3.906250
3.432617
2.885742
2.377930
1.835938
1.303711
0.800781
0.444336
0.097656
-0.112305
-0.234375
-0.214844
-0.156250
0.019531
0.327148
0.693359
1.132812
1.630859
2.197266
2.690430
3.256836
3.750000
4.189453
4.545898
4.833984
5.073242
5.107422
5.097656
4.936523
4.755859
4.423828
3.984375
3.510742
3.007812
2.460938
1.933594
1.376953
0.908203
0.498047
0.190430
-0.068359
-0.205078
-0.283203
-0.185547
-0.039062
0.253906
0.566406
1.020508
1.503906
2.041016
2.553711
3.085938
3.613281
4.062500
4.492188
4.804688
4.980469
5.122070
5.122070
4.995117
4.794922
4.506836
4.135742
3.647461
3.164062
2.636719
2.089844
1.582031
1.044922
0.629883
0.297852
-0.014648
-0.234375
-0.297852
-0.244141
-0.083008
0.146484
0.493164
0.898438
1.401367
1.933594
2.460938
2.973633
3.491211
3.950195
4.350586
4.726562
4.965820
5.078125
5.112305
5.053711
4.892578
4.584961
4.228516
3.789062
3.315430
2.744141
2.202148
1.669922
1.186523
0.708008
0.346680
0.078125
-0.146484
-0.249023
-0.253906
-0.117188
0.102539
0.400391
0.810547
1.235352
1.757812
2.338867
2.822266
3.413086
3.852539
4.282227
4.638672
4.902344
5.043945
5.122070
5.073242
4.902344
4.667969
4.316406
3.935547
3.408203
2.895508
2.363281
1.816406
1.313477
0.820312
0.449219
0.146484
-0.083008
-0.224609
-0.229492
-0.136719
0.039062
0.332031
0.688477
1.113281
1.640625
2.148438
2.656250
3.188477
3.686523
4.174805
4.516602
4.833984
5.009766
5.083008
5.078125
4.951172
4.697266
4.360352
3.984375
3.505859
2.988281
2.475586
1.923828
1.425781
0.937500
0.517578
0.200195
-0.078125
-0.214844
-0.278320
-0.200195
-0.043945
0.244141
0.585938
1.020508
1.513672
2.045898
2.578125
3.110352
3.608398
4.082031
4.458008
4.755859
4.975586
5.131836
5.102539
4.995117
4.804688
4.492188
4.111328
3.662109
3.164062
2.617188
2.055664
1.528320
1.064453
0.629883
0.292969
0.014648
-0.200195
-0.253906
-0.205078
-0.024414
0.195312
0.551758
0.917969
1.450195
1.928711
2.456055
3.007812
3.554688
4.033203
4.375000
4.736328
4.926758
5.112305
5.156250
5.107422
4.897461
4.604492
4.248047
3.818359
3.310547
2.768555
2.226562
1.694336
1.259766
0.786133
0.415039
0.097656
-0.092773
-0.234375
-0.195312
-0.107422
0.107422
0.458984
0.854492
1.298828
1.762695
2.319336
2.822266
3.393555
3.876953
4.306641
4.643555
4.892578
5.058594
5.146484
5.107422
4.912109
4.638672
4.355469
3.906250
3.417969
2.880859
2.363281
1.791992
1.293945
0.830078
0.429688
0.107422
-0.078125
-0.263672
-0.219727
-0.170898
0.039062
0.292969
0.703125
1.152344
1.616211
2.167969
2.714844
3.247070
3.725586
4.169922
4.536133
4.799805
5.019531
5.073242
5.073242
4.936523
4.721680
4.384766
3.999023
3.500977
2.993164
2.446289
1.909180
1.357422
0.908203
0.502930
0.190430
-0.063477
-0.195312
-0.253906
-0.229492
-0.014648
0.224609
0.585938
1.020508
1.484375
2.001953
2.583008
3.090820
3.632812
4.062500
4.487305
4.731445
4.980469
5.131836
5.083008
5.000000
4.770508
4.482422
4.101562
3.637695
3.149414
2.617188
2.065430
1.523438
1.015625
0.620117
0.268555
-0.009766
-0.180664
-0.263672
-0.239258
-0.068359
0.112305
0.468750
0.903320
1.381836
1.879883
2.431641
2.978516
3.461914
3.911133
4.384766
4.707031
4.946289
5.131836
5.141602
5.039062
4.858398
4.565430
4.238281
3.779297
3.315430
2.753906
2.211914
1.674805
1.162109
0.717773
0.332031
0.029297
-0.175781
-0.263672
-0.258789
-0.141602
0.097656
0.410156
0.771484
1.264648
1.791992
2.270508
2.846680
3.344727
3.842773
4.277344
4.643555
4.912109
5.043945
5.161133
5.078125
4.916992
4.667969
4.335938
3.911133
3.427734
2.880859
2.358398
1.811523
1.318359
0.878906
0.458984
0.126953
-0.102539
-0.224609
-0.253906
-0.141602
0.034180
0.302734
0.664062
1.123047
1.601562
2.182617
2.700195
3.203125
3.681641
4.150391
4.506836
4.799805
5.053711
5.097656
5.078125
4.921875
4.692383
4.428711
3.994141
3.520508
3.012695
2.470703
1.933594
1.435547
0.947266
0.551758
0.185547
-0.048828
-0.239258
-0.273438
-0.205078
-0.019531
0.239258
0.576172
1.005859
1.499023
2.050781
2.578125
3.081055
3.593750
4.072266
4.462891
4.770508
4.970703
5.117188
5.097656
5.009766
4.775391
4.501953
4.116211
3.637695
3.139648
2.617188
2.065430
1.542969
1.079102
0.620117
0.244141
-0.019531
-0.209961
-0.214844
-0.214844
-0.039062
0.190430
0.502930
0.932617
1.416016
1.918945
2.480469
3.002930
3.500977
3.994141
4.389648
4.721680
4.960938
5.122070
5.112305
5.097656
4.902344
4.624023
4.262695
3.779297
3.310547
2.792969
2.265625
1.674805
1.220703
0.756836
0.405273
0.068359
-0.122070
-0.205078
-0.239258
-0.122070
0.126953
0.434570
0.854492
1.313477
1.757812
2.304688
2.841797
3.369141
3.881836
4.267578
4.643555
4.873047
5.073242
5.136719
5.063477
4.912109
4.663086
4.311523
3.916016
3.403320
2.890625
2.387695
1.796875
1.254883
0.825195
0.458984
0.122070
-0.146484
-0.239258
-0.244141
-0.170898
0.039062
0.307617
0.732422
1.118164
1.655273
2.187500
2.690430
3.251953
3.735352
4.179688
4.550781
4.873047
5.029297
5.083008
5.058594
4.951172
4.726562
4.404297
3.984375
3.500977
3.002930
2.460938
1.909180
1.372070
0.893555
0.527344
0.175781
-0.053711
-0.224609
-0.268555
-0.200195
-0.024414
0.249023
0.600586
1.020508
1.499023
2.050781
2.592773
3.125000
3.603516
4.047852
4.477539
4.750977
4.960938
5.107422
5.092773
5.000000
4.809570
4.477539
4.072266
3.627930
3.144531
2.622070
2.045898
1.528320
1.049805
0.605469
0.234375
-0.034180
-0.205078
-0.273438
-0.234375
-0.087891
0.112305
0.502930
0.947266
1.362305
1.889648
2.407227
2.983398
3.466797
3.955078
4.389648
4.721680
4.965820
5.122070
5.141602
5.043945
4.858398
4.589844
4.243164
3.764648
3.295898
2.763672
2.177734
1.669922
1.191406
0.722656
0.336914
0.063477
-0.146484
-0.253906
-0.253906
-0.122070
0.102539
0.400391
0.795898
1.279297
1.777344
2.304688
2.875977
3.383789
3.867188
4.262695
4.638672
4.892578
5.078125
5.107422
5.043945
4.882812
4.667969
4.331055
3.911133
3.413086
2.895508
2.373047
1.826172
1.337891
0.849609
0.434570
0.112305
-0.092773
-0.175781
-0.234375
-0.141602
0.024414
0.322266
0.693359
1.123047
1.601562
2.124023
2.714844
3.247070
3.735352
4.160156
4.497070
4.804688
5.024414
5.122070
5.107422
4.960938
4.726562
4.404297
3.969727
3.530273
3.017578
2.456055
1.928711
1.420898
0.937500
0.532227
0.170898
-0.083008
-0.234375
-0.273438
-0.234375
-0.029297
0.244141
0.581055
1.044922
1.499023
2.050781
2.587891
3.100586
3.608398
4.086914
4.462891
4.794922
4.965820
5.078125
5.107422
5.000000
4.824219
4.497070
4.121094
3.652344
3.144531
2.641602
2.070312
1.513672
1.044922
0.615234
0.268555
-0.024414
-0.175781
-0.253906
-0.200195
-0.039062
0.166016
0.498047
0.932617
1.386719
1.923828
2.475586
2.983398
3.481445
4.023438
4.389648
4.775391
5.009766
5.112305
5.151367
5.024414
4.873047
4.609375
4.248047
3.833008
3.315430
2.788086
2.250977
1.733398
1.215820
0.771484
0.336914
0.058594
-0.141602
-0.209961
-0.234375
-0.058594
0.151367
0.454102
0.834961
1.289062
1.728516
2.280273
2.832031
3.374023
3.842773
4.296875
4.648438
4.916992
5.073242
5.161133
5.102539
4.916992
4.667969
4.345703
3.891602
3.422852
2.910156
2.333984
1.801758
1.318359
0.849609
0.444336
0.102539
-0.136719
-0.209961
-0.268555
-0.180664
0.019531
0.346680
0.668945
1.137695
1.660156
2.153320
2.675781
3.232422
3.745117
4.150391
4.521484
4.804688
5.019531
5.083008
5.063477
4.931641
4.711914
4.379883
3.969727
3.510742
3.017578
2.456055
1.904297
1.396484
0.878906
0.517578
0.166016
-0.063477
-0.180664
-0.249023
-0.175781
-0.024414
0.253906
0.595703
1.015625
1.523438
2.031250
2.587891
3.110352
3.608398
4.082031
4.453125
4.780273
5.000000
5.131836
5.083008
4.995117
4.785156
4.487305
4.101562
3.647461
3.154297
2.631836
2.070312
1.547852
1.054688
0.620117
0.239258
-0.039062
-0.205078
-0.253906
-0.205078
-0.068359
0.141602
0.478516
0.922852
1.396484
1.909180
2.412109
3.017578
