1.708984
1.201172
0.756836
0.419922
0.053711
-0.117188
-0.253906
-0.258789
-0.146484
0.102539
0.415039
0.800781
1.264648
1.752930
2.255859
2.822266
3.388672
3.847656
4.282227
4.599609
4.916992
5.068359
5.180664
5.126953
4.936523
4.677734
4.404297
3.950195
3.481445
2.958984
2.392578
1.860352
1.337891
0.888672
0.483398
0.156250
-0.117188
-0.249023
-0.283203
-0.185547
0.004883
0.273438
0.708008
1.113281
1.591797
2.133789
2.685547
3.232422
3.706055
4.150391
4.516602
4.833984
5.034180
5.092773
5.078125
4.960938
4.741211
4.428711
3.994141
3.549805
3.056641
2.495117
1.987305
1.464844
0.976562
0.541992
0.185547
-0.097656
-0.239258
-0.292969
-0.234375
-0.063477
0.195312
0.546875
1.000977
1.459961
1.967773
2.509766
3.041992
3.564453
3.999023
4.423828
4.692383
4.946289
5.053711
5.078125
4.960938
4.760742
4.492188
4.101562
3.696289
3.178711
2.631836
2.133789
1.596680
1.093750
0.659180
0.288086
0.000000
-0.170898
-0.283203
-0.253906
-0.146484
0.136719
0.468750
0.869141
1.342773
1.845703
2.373047
2.929688
3.461914
3.896484
4.331055
4.667969
4.902344
5.083008
5.073242
5.039062
4.877930
4.570312
4.213867
3.789062
3.320312
2.758789
2.226562
1.757812
1.210938
0.786133
0.366211
0.039062
-0.170898
-0.209961
-0.273438
-0.131836
0.029297
0.415039
0.776367
1.230469
1.738281
2.255859
2.773438
3.310547
3.823242
4.267578
4.594727
4.877930
5.019531
5.122070
5.039062
4.916992
4.667969
4.301758
3.906250
3.457031
2.915039
2.377930
1.806641
1.367188
0.844727
0.429688
0.107422
-0.107422
-0.244141
-0.234375
-0.161133
0.000000
0.273438
0.659180
1.127930
1.596680
2.138672
2.670898
3.212891
3.725586
4.135742
4.506836
4.838867
5.034180
5.122070
5.107422
4.975586
4.746094
4.423828
4.023438
3.515625
3.061523
2.543945
2.006836
1.440430
0.976562
0.522461
0.161133
-0.078125
-0.278320
-0.278320
-0.224609
-0.107422
0.180664
0.532227
0.971680
1.445312
1.987305
2.519531
3.041992
3.540039
3.994141
4.414062
4.731445
4.956055
5.068359
5.131836
5.000000
4.819336
4.472656
4.140625
3.652344
3.168945
2.666016
2.089844
1.533203
1.103516
0.634766
0.249023
0.039062
-0.190430
-0.283203
-0.249023
-0.078125
0.161133
0.419922
0.874023
1.328125
1.875000
2.402344
2.939453
3.457031
3.906250
4.321289
4.667969
4.912109
5.083008
5.034180
5.009766
4.897461
4.570312
4.272461
3.793945
3.325195
2.763672
2.265625
1.738281
1.230469
0.776367
0.371094
0.097656
-0.122070
-0.224609
-0.214844
-0.083008
0.122070
0.410156
0.815430
1.284180
1.767578
2.294922
2.851562
3.320312
3.876953
4.228516
4.653320
4.907227
5.043945
5.146484
5.083008
4.965820
4.672852
4.375000
3.940430
3.496094
2.934570
2.407227
1.875000
1.381836
0.913086
0.454102
0.107422
-0.146484
-0.224609
-0.249023
-0.195312
0.014648
0.332031
0.717773
1.118164
1.650391
2.143555
2.680664
3.203125
3.691406
4.130859
4.526367
4.804688
5.048828
5.102539
5.117188
4.931641
4.721680
4.433594
4.072266
3.515625
3.041992
2.509766
1.938477
1.484375
0.942383
0.571289
0.205078
-0.107422
-0.214844
-0.268555
-0.219727
-0.058594
0.214844
0.551758
0.952148
1.440430
1.987305
2.509766
3.085938
3.544922
3.999023
4.399414
4.711914
4.946289
5.039062
5.039062
4.946289
4.799805
4.492188
4.121094
3.681641
3.173828
2.651367
2.128906
1.601562
1.083984
0.620117
0.258789
-0.019531
-0.185547
-0.283203
-0.253906
-0.122070
0.156250
0.473633
0.869141
1.328125
1.899414
2.373047
2.939453
3.432617
3.920898
4.331055
4.667969
4.936523
5.083008
5.122070
5.029297
4.838867
4.560547
4.223633
3.798828
3.334961
2.788086
2.221680
1.733398
1.196289
0.747070
0.371094
0.078125
-0.205078
-0.253906
-0.288086
-0.146484
0.083008
0.371094
0.761719
1.245117
1.791992
2.260742
2.807617
3.330078
3.847656
4.248047
4.614258
4.897461
5.053711
5.083008
5.058594
4.936523
4.672852
4.316406
3.916016
3.442383
2.924805
2.343750
1.796875
1.352539
0.888672
0.483398
0.112305
-0.131836
-0.229492
-0.249023
-0.190430
0.014648
0.273438
0.668945
1.127930
1.616211
2.143555
2.646484
3.222656
3.691406
4.140625
4.560547
4.794922
5.000000
5.117188
5.083008
4.965820
4.731445
4.414062
4.057617
3.574219
3.066406
2.519531
1.982422
1.499023
0.932617
0.541992
0.161133
-0.078125
-0.253906
-0.263672
-0.229492
-0.068359
0.180664
0.512695
0.976562
1.420898
1.967773
2.514648
3.032227
3.559570
3.999023
4.394531
4.746094
4.956055
5.068359
5.107422
4.980469
4.819336
4.526367
4.111328
3.657227
3.178711
2.631836
2.114258
1.577148
1.079102
0.639648
0.288086
-0.024414
-0.190430
-0.244141
-0.263672
-0.112305
0.136719
0.444336
0.898438
1.347656
1.870117
2.402344
2.949219
3.413086
3.935547
4.316406
4.653320
4.907227
5.063477
5.092773
5.039062
4.882812
4.570312
4.248047
3.793945
3.305664
2.763672
2.221680
1.728516
1.235352
0.781250
0.395508
0.068359
-0.146484
-0.224609
-0.190430
-0.102539
0.087891
0.415039
0.810547
1.293945
1.791992
2.280273
2.827148
3.364258
3.867188
4.277344
4.667969
4.848633
5.039062
5.112305
5.151367
4.965820
4.711914
4.370117
3.920898
3.510742
2.949219
2.436523
1.845703
1.347656
0.839844
0.498047
0.170898
-0.097656
-0.258789
-0.273438
-0.195312
-0.009766
0.312500
0.683594
1.152344
1.640625
2.167969
2.666016
3.212891
3.686523
4.160156
4.560547
4.799805
4.995117
5.107422
5.126953
4.970703
4.716797
4.438477
4.028320
3.579102
3.061523
2.495117
1.953125
1.455078
0.991211
0.532227
0.190430
-0.068359
-0.244141
-0.258789
-0.190430
-0.063477
0.190430
0.571289
1.000977
1.445312
2.001953
2.529297
3.066406
3.564453
4.023438
4.409180
4.736328
4.936523
5.058594
5.097656
4.985352
4.804688
4.497070
4.121094
3.657227
3.149414
2.670898
2.133789
1.567383
1.079102
0.654297
0.273438
0.014648
-0.175781
-0.312500
-0.249023
-0.087891
0.141602
0.454102
0.859375
1.362305
1.860352
2.377930
2.905273
3.452148
3.945312
4.306641
4.692383
4.912109
5.058594
5.112305
5.009766
4.858398
4.584961
4.208984
3.793945
3.315430
2.753906
2.197266
1.679688
1.215820
0.742188
0.351562
0.048828
-0.141602
-0.273438
-0.200195
-0.131836
0.048828
0.380859
0.781250
1.245117
1.772461
2.260742
2.783203
3.334961
3.862305
4.267578
4.633789
4.897461
5.034180
5.156250
5.102539
4.916992
4.658203
4.301758
3.925781
3.461914
2.919922
2.353516
1.821289
1.313477
0.849609
0.449219
0.112305
-0.151367
-0.214844
-0.288086
-0.185547
0.014648
0.253906
0.664062
1.083984
1.582031
2.104492
2.636719
3.203125
3.696289
4.135742
4.516602
4.809570
5.014648
5.117188
5.092773
4.965820
4.746094
4.438477
4.013672
3.564453
3.056641
2.543945
2.016602
1.455078
0.957031
0.561523
0.185547
-0.078125
-0.244141
-0.307617
-0.244141
-0.102539
0.161133
0.522461
0.952148
1.425781
1.972656
2.514648
3.066406
3.559570
3.979492
4.414062
4.716797
4.965820
5.073242
5.097656
4.995117
4.794922
4.521484
4.130859
3.666992
3.154297
2.656250
2.089844
1.582031
1.074219
0.610352
0.268555
-0.009766
-0.180664
-0.273438
-0.239258
-0.102539
0.151367
0.458984
0.864258
1.328125
1.850586
2.407227
2.954102
3.427734
3.920898
4.335938
4.667969
4.912109
5.078125
5.107422
5.029297
4.838867
4.565430
4.252930
3.833008
3.295898
2.807617
2.246094
1.689453
1.215820
0.786133
0.385742
0.048828
-0.156250
-0.200195
-0.229492
-0.107422
0.112305
0.380859
0.761719
1.264648
1.806641
2.324219
2.836914
3.354492
3.803711
4.277344
4.638672
4.951172
5.053711
5.141602
5.078125
4.975586
4.716797
4.384766
3.969727
3.432617
2.939453
2.373047
1.860352
1.323242
0.917969
0.488281
0.180664
-0.107422
-0.258789
-0.268555
-0.166016
0.019531
0.302734
0.708008
1.176758
1.640625
2.148438
2.709961
3.217773
3.691406
4.179688
4.550781
4.804688
4.990234
5.107422
5.097656
4.990234
4.750977
4.404297
4.047852
3.564453
3.066406
2.504883
1.938477
1.440430
0.971680
0.517578
0.224609
-0.073242
-0.234375
-0.288086
-0.219727
-0.043945
0.244141
0.561523
0.957031
1.459961
1.972656
2.534180
3.056641
3.530273
4.023438
4.433594
4.736328
4.970703
5.029297
5.034180
4.936523
4.736328
4.501953
4.121094
3.691406
3.178711
2.656250
2.109375
1.577148
1.098633
0.629883
0.263672
0.000000
-0.180664
-0.288086
-0.258789
-0.131836
0.151367
0.493164
0.844727
1.303711
1.845703
2.392578
2.944336
3.422852
3.916016
4.321289
4.653320
4.887695
5.043945
5.063477
5.024414
4.853516
4.594727
4.179688
3.745117
3.300781
2.812500
2.226562
1.645508
1.171875
0.751953
0.366211
0.083008
-0.161133
-0.288086
-0.288086
-0.141602
0.029297
0.351562
0.795898
1.274414
1.748047
2.255859
2.802734
3.310547
3.808594
4.257812
4.614258
4.877930
5.043945
5.083008
5.073242
4.882812
4.687500
4.311523
3.935547
3.452148
2.900391
2.343750
1.811523
1.289062
0.844727
0.439453
0.117188
-0.126953
-0.258789
-0.244141
-0.205078
0.024414
0.332031
0.649414
1.103516
1.557617
2.109375
2.675781
3.198242
3.696289
4.135742
4.511719
4.838867
5.048828
5.078125
5.097656
4.960938
4.755859
4.433594
4.038086
3.569336
3.041992
2.504883
2.026367
1.484375
0.971680
0.527344
0.170898
-0.097656
-0.239258
-0.297852
-0.239258
-0.087891
0.146484
0.502930
0.922852
1.440430
1.982422
2.485352
3.051758
3.554688
4.028320
4.409180
4.711914
4.980469
5.078125
5.087891
5.014648
4.775391
4.482422
4.121094
3.681641
3.164062
2.636719
2.080078
1.572266
1.088867
0.639648
0.263672
-0.014648
-0.190430
-0.283203
-0.258789
-0.112305
0.146484
0.458984
0.898438
1.352539
1.855469
2.392578
2.954102
3.432617
3.925781
4.321289
4.672852
4.912109
5.039062
5.078125
5.024414
4.873047
4.599609
4.199219
3.798828
3.305664
2.802734
2.236328
1.738281
1.230469
0.747070
0.341797
0.053711
-0.185547
-0.224609
-0.195312
-0.092773
0.112305
0.385742
0.791016
1.264648
1.738281
2.294922
2.846680
3.334961
3.823242
4.252930
4.624023
4.921875
5.058594
5.122070
5.063477
4.951172
4.707031
4.350586
3.955078
3.452148
2.954102
2.377930
1.875000
1.347656
0.903320
0.449219
0.170898
-0.126953
-0.253906
-0.292969
-0.180664
-0.014648
0.283203
0.683594
1.108398
1.616211
2.133789
2.666016
3.193359
3.745117
4.111328
4.511719
4.819336
5.034180
5.107422
5.083008
4.956055
4.702148
4.394531
4.047852
3.569336
3.056641
2.500000
1.958008
1.440430
0.986328
0.532227
0.205078
-0.058594
-0.229492
-0.244141
-0.239258
-0.053711
0.170898
0.556641
0.991211
1.484375
1.992188
2.524414
3.056641
3.554688
4.023438
4.418945
4.707031
4.965820
5.043945
5.107422
4.985352
4.750977
4.487305
4.096680
3.662109
3.144531
2.636719
2.094727
1.591797
1.069336
0.629883
0.288086
0.034180
-0.180664
-0.253906
-0.234375
-0.112305
0.151367
0.419922
0.908203
1.308594
1.835938
2.397461
2.905273
3.442383
3.925781
4.321289
4.648438
4.931641
5.097656
5.131836
5.014648
4.829102
4.550781
4.233398
3.784180
3.300781
2.817383
2.211914
1.679688
1.215820
0.756836
0.327148
0.014648
-0.166016
-0.283203
-0.292969
-0.170898
0.068359
0.361328
0.776367
1.220703
1.748047
2.270508
2.817383
3.364258
3.842773
4.248047
4.604492
4.868164
5.024414
5.112305
5.048828
4.912109
4.604492
4.316406
3.940430
3.447266
2.851562
2.363281
1.850586
1.293945
0.830078
0.419922
0.126953
-0.087891
-0.253906
-0.273438
-0.175781
-0.024414
0.332031
0.688477
1.088867
1.606445
2.138672
2.666016
3.193359
3.681641
4.155273
4.492188
4.824219
5.019531
5.063477
5.097656
4.990234
4.750977
4.404297
4.018555
3.583984
3.066406
2.519531
1.962891
1.435547
0.947266
0.512695
0.185547
-0.107422
-0.273438
-0.341797
-0.239258
-0.083008
0.175781
0.532227
0.957031
1.445312
1.938477
2.485352
3.032227
3.520508
4.038086
4.409180
4.746094
4.921875
5.048828
5.097656
4.970703
4.814453
4.482422
4.125977
3.676758
3.173828
2.651367
2.109375
1.577148
1.079102
0.654297
0.258789
-0.034180
-0.200195
-0.234375
-0.263672
-0.112305
0.126953
0.473633
0.869141
1.367188
1.831055
2.407227
2.929688
3.457031
3.901367
4.321289
4.687500
4.926758
5.068359
5.058594
5.034180
4.887695
4.599609
4.199219
3.784180
3.334961
2.792969
2.241211
1.713867
1.215820
0.786133
0.380859
0.048828
-0.146484
-0.258789
-0.273438
-0.136719
0.068359
0.419922
0.805664
1.269531
1.738281
2.270508
2.827148
3.374023
3.847656
4.267578
4.580078
4.882812
5.043945
5.170898
5.112305
4.946289
4.663086
4.316406
3.901367
3.471680
2.905273
2.402344
1.850586
1.298828
0.849609
0.502930
0.122070
-0.102539
-0.249023
-0.253906
-0.200195
-0.004883
0.297852
0.698242
1.123047
1.586914
2.148438
2.675781
3.222656
3.701172
4.135742
4.541016
4.814453
5.009766
5.048828
5.083008
4.970703
4.726562
4.414062
3.984375
3.535156
3.046875
2.504883
1.972656
1.435547
1.000977
0.537109
0.175781
-0.078125
-0.234375
-0.263672
-0.224609
-0.097656
0.185547
0.556641
0.981445
1.469727
1.977539
2.500000
3.022461
3.520508
4.023438
4.438477
4.746094
4.941406
5.039062
5.039062
4.970703
4.785156
4.472656
4.101562
3.686523
3.164062
2.675781
2.124023
1.557617
1.074219
0.625000
0.312500
0.014648
-0.166016
-0.273438
-0.263672
-0.117188
0.117188
0.463867
0.883789
1.303711
1.845703
2.407227
2.944336
3.413086
3.920898
4.331055
4.663086
4.916992
5.043945
5.087891
5.024414
4.838867
4.584961
4.228516
3.803711
3.291016
2.763672
2.260742
1.689453
1.225586
0.751953
0.351562
0.034180
-0.146484
-0.268555
-0.219727
-0.126953
0.034180
0.356445
0.791016
1.215820
1.757812
2.250977
2.812500
3.325195
3.793945
4.272461
4.609375
4.863281
5.043945
5.122070
5.073242
4.912109
4.653320
4.287109
3.906250
3.417969
2.895508
2.358398
1.845703
1.313477
0.869141
0.449219
0.131836
-0.131836
-0.249023
-0.214844
-0.200195
0.000000
0.302734
0.668945
1.064453
1.645508
2.104492
2.661133
3.203125
3.696289
4.101562
4.541016
4.829102
5.014648
5.083008
5.087891
4.951172
4.750977
4.418945
4.003906
3.569336
3.046875
2.534180
1.992188
1.440430
0.961914
0.527344
0.166016
-0.058594
-0.253906
-0.297852
-0.234375
-0.097656
0.146484
0.527344
0.922852
1.425781
1.938477
2.509766
3.027344
3.544922
4.018555
4.418945
4.711914
4.956055
5.053711
5.068359
5.009766
4.794922
4.501953
4.140625
3.657227
3.149414
2.617188
2.084961
1.577148
1.074219
0.629883
0.273438
-0.009766
-0.214844
-0.258789
-0.258789
-0.087891
0.146484
0.454102
0.854492
1.342773
1.894531
2.377930
2.939453
3.457031
3.940430
4.326172
4.682617
4.916992
5.048828
5.097656
5.024414
4.863281
4.580078
4.233398
3.847656
3.300781
2.807617
2.226562
1.728516
1.181641
0.747070
0.336914
0.083008
-0.136719
-0.209961
-0.205078
-0.097656
0.063477
0.375977
0.805664
1.250000
1.777344
2.324219
2.802734
3.320312
3.823242
4.287109
4.658203
4.951172
5.053711
5.136719
5.078125
4.956055
4.697266
4.345703
3.925781
3.427734
2.939453
2.407227
1.845703
1.347656
0.849609
0.434570
0.141602
-0.136719
-0.244141
-0.253906
-0.224609
0.009766
0.292969
0.703125
1.098633
1.616211
2.114258
2.680664
3.203125
3.701172
4.111328
4.521484
4.819336
5.000000
5.117188
5.039062
5.004883
4.741211
4.428711
4.018555
3.540039
3.037109
2.529297
1.938477
1.435547
0.942383
0.561523
0.234375
-0.083008
-0.253906
-0.297852
-0.229492
-0.043945
0.229492
0.561523
0.937500
1.455078
2.001953
2.524414
3.046875
3.535156
3.999023
4.404297
4.741211
4.956055
5.073242
5.039062
4.985352
4.741211
4.545898
4.116211
3.681641
3.168945
2.670898
2.075195
1.572266
1.064453
0.629883
0.288086
0.004883
-0.214844
-0.249023
-0.263672
-0.097656
0.136719
0.449219
0.869141
1.323242
1.831055
2.397461
2.939453
3.417969
3.945312
4.345703
4.653320
4.936523
5.063477
5.087891
5.058594
4.829102
4.555664
4.184570
3.793945
3.325195
2.797852
2.202148
1.694336
1.210938
0.766602
0.356445
0.043945
-0.195312
-0.278320
-0.263672
-0.175781
0.083008
0.361328
0.756836
1.254883
1.777344
2.246094
2.773438
3.334961
3.803711
4.267578
4.560547
4.882812
5.043945
5.122070
5.078125
4.916992
4.638672
4.331055
3.916016
3.457031
2.910156
2.319336
1.845703
1.289062
0.854492
0.478516
0.122070
-0.117188
-0.219727
-0.283203
-0.166016
0.034180
0.322266
0.664062
1.108398
1.606445
2.148438
2.666016
3.188477
3.681641
4.130859
4.516602
4.814453
4.970703
5.107422
5.043945
4.951172
4.760742
4.428711
4.033203
3.520508
3.081055
2.514648
1.972656
1.484375
0.957031
0.512695
0.190430
-0.122070
-0.224609
-0.273438
-0.244141
-0.078125
0.214844
0.502930
0.966797
1.435547
1.958008
2.480469
3.071289
3.544922
4.008789
4.418945
4.731445
4.980469
5.034180
5.073242
4.956055
4.765625
4.516602
4.086914
3.662109
3.168945
2.666016
2.119141
1.586914
1.093750
0.610352
0.258789
-0.014648
-0.195312
-0.258789
-0.224609
-0.092773
0.131836
0.473633
0.849609
1.352539
1.840820
2.382812
2.954102
3.457031
3.925781
4.316406
4.682617
4.907227
5.053711
5.053711
5.009766
4.853516
4.604492
4.243164
3.784180
3.295898
2.792969
2.216797
1.708984
1.171875
0.756836
0.356445
0.073242
-0.156250
-0.239258
-0.214844
-0.092773
0.092773
0.419922
0.776367
1.284180
1.767578
2.290039
2.783203
3.315430
3.847656
4.277344
4.672852
4.907227
5.092773
5.122070
5.083008
4.916992
4.677734
4.321289
3.896484
3.461914
2.954102
2.407227
1.845703
1.362305
0.859375
0.502930
0.107422
-0.112305
-0.239258
-0.268555
-0.170898
0.004883
0.297852
0.708008
1.132812
1.601562
2.163086
2.646484
3.237305
3.701172
4.174805
4.516602
4.785156
5.019531
5.156250
5.097656
4.936523
4.707031
4.438477
4.013672
3.564453
3.046875
2.529297
1.992188
1.459961
0.922852
0.541992
0.209961
-0.039062
-0.219727
-0.302734
-0.209961
-0.068359
0.229492
0.566406
0.981445
1.464844
1.982422
2.534180
3.066406
3.564453
4.047852
4.423828
4.721680
4.960938
5.063477
5.058594
4.936523
4.799805
4.472656
4.106445
3.671875
3.173828
2.646484
2.109375
1.577148
1.079102
0.654297
0.268555
0.024414
-0.214844
-0.273438
-0.239258
-0.122070
0.156250
0.444336
0.844727
1.347656
1.850586
2.402344
2.954102
3.437500
3.906250
4.335938
4.653320
4.902344
5.078125
5.083008
5.019531
4.868164
4.584961
4.199219
3.803711
3.344727
2.812500
2.216797
1.650391
1.215820
0.722656
0.356445
0.083008
-0.166016
-0.288086
-0.292969
-0.131836
0.019531
0.400391
0.737305
1.230469
1.708984
2.270508
2.822266
3.349609
3.867188
4.248047
4.628906
4.873047
5.053711
5.097656
5.058594
4.892578
4.653320
4.311523
3.896484
3.447266
2.900391
2.358398
1.840820
1.323242
0.854492
0.434570
0.131836
-0.131836
-0.258789
-0.249023
-0.175781
-0.024414
0.312500
0.629883
1.108398
1.601562
2.124023
2.631836
3.188477
3.701172
4.121094
4.541016
4.819336
5.039062
5.102539
5.097656
4.946289
4.711914
4.472656
4.023438
3.554688
3.046875
2.543945
1.982422
1.464844
0.966797
0.551758
0.180664
-0.063477
-0.219727
-0.327148
-0.244141
-0.034180
0.170898
0.551758
0.986328
1.411133
1.958008
2.504883
3.061523
3.579102
4.018555
4.409180
4.750977
4.970703
5.073242
5.043945
4.975586
4.765625
4.482422
4.140625
3.686523
3.203125
2.622070
2.094727
1.596680
1.069336
0.615234
0.263672
-0.019531
-0.166016
-0.263672
-0.253906
-0.097656
0.151367
0.463867
0.864258
1.337891
1.870117
2.402344
2.949219
3.442383
3.955078
4.316406
4.658203
4.907227
5.058594
5.102539
5.053711
4.858398
4.580078
4.204102
3.813477
3.315430
2.792969
2.265625
1.665039
1.191406
0.747070
0.415039
0.092773
-0.151367
-0.302734
-0.239258
-0.107422
0.102539
0.415039
0.805664
1.245117
1.777344
2.343750
2.807617
3.330078
3.828125
4.282227
4.628906
4.897461
5.058594
5.087891
5.092773
4.907227
4.658203
4.316406
3.925781
3.471680
2.929688
2.363281
1.845703
1.323242
0.883789
0.444336
0.175781
-0.117188
-0.258789
-0.292969
-0.180664
0.029297
0.268555
0.693359
1.137695
1.596680
2.119141
2.675781
3.203125
