1.997070
1.494141
0.996094
0.605469
0.249023
-0.034180
-0.195312
-0.268555
-0.229492
-0.083008
0.209961
0.527344
0.952148
1.430664
1.948242
2.495117
3.007812
3.554688
4.013672
4.414062
4.721680
4.946289
5.083008
5.122070
5.058594
4.838867
4.501953
4.160156
3.730469
3.208008
2.705078
2.158203
1.616211
1.103516
0.712891
0.307617
0.009766
-0.161133
-0.239258
-0.253906
-0.122070
0.117188
0.415039
0.859375
1.293945
1.816406
2.373047
2.895508
3.408203
3.920898
4.316406
4.653320
4.902344
5.073242
5.126953
5.073242
4.873047
4.604492
4.267578
3.852539
3.330078
2.822266
2.319336
1.743164
1.235352
0.781250
0.385742
0.058594
-0.126953
-0.239258
-0.263672
-0.151367
0.078125
0.361328
0.747070
1.176758
1.679688
2.211914
2.778320
3.315430
3.793945
4.233398
4.594727
4.868164
5.034180
5.122070
5.058594
4.931641
4.707031
4.384766
3.984375
3.491211
2.983398
2.446289
1.918945
1.381836
0.878906
0.502930
0.166016
-0.097656
-0.234375
-0.253906
-0.214844
-0.039062
0.244141
0.581055
1.000977
1.533203
2.060547
2.607422
3.115234
3.627930
4.077148
4.458008
4.765625
4.951172
5.102539
5.078125
4.975586
4.746094
4.428711
4.047852
3.623047
3.095703
2.558594
1.967773
1.494141
1.000977
0.571289
0.214844
-0.039062
-0.209961
-0.283203
-0.214844
-0.053711
0.170898
0.546875
0.932617
1.450195
1.953125
2.495117
3.041992
3.530273
4.003906
4.409180
4.741211
4.951172
5.097656
5.087891
5.004883
4.804688
4.599609
4.165039
3.701172
3.242188
2.666016
2.177734
1.640625
1.142578
0.693359
0.317383
0.019531
-0.180664
-0.239258
-0.224609
-0.053711
0.122070
0.478516
0.893555
1.352539
1.879883
2.436523
2.939453
3.422852
3.955078
4.331055
4.697266
4.965820
5.122070
5.122070
5.073242
4.916992
4.599609
4.311523
3.867188
3.393555
2.851562
2.299805
1.816406
1.289062
0.820312
0.371094
0.083008
-0.141602
-0.224609
-0.205078
-0.141602
0.053711
0.341797
0.742188
1.166992
1.708984
2.207031
2.753906
3.310547
3.818359
4.218750
4.589844
4.863281
5.083008
5.136719
5.087891
4.936523
4.726562
4.384766
3.974609
3.476562
2.944336
2.416992
1.870117
1.352539
0.927734
0.449219
0.146484
-0.058594
-0.253906
-0.263672
-0.180664
-0.019531
0.249023
0.610352
1.049805
1.572266
2.075195
2.617188
3.168945
3.637695
4.091797
4.477539
4.775391
4.956055
5.073242
5.073242
4.965820
4.765625
4.433594
4.023438
3.554688
3.066406
2.553711
1.987305
1.459961
0.991211
0.576172
0.297852
-0.073242
-0.166016
-0.258789
-0.219727
-0.063477
0.180664
0.537109
0.917969
1.420898
1.967773
2.485352
3.012695
3.559570
3.979492
4.394531
4.726562
4.980469
5.102539
5.112305
5.000000
4.824219
4.550781
4.179688
3.715820
3.222656
2.700195
2.143555
1.640625
1.157227
0.708008
0.346680
-0.009766
-0.190430
-0.283203
-0.219727
-0.122070
0.117188
0.449219
0.820312
1.328125
1.855469
2.329102
2.880859
3.442383
3.945312
4.350586
4.721680
4.946289
5.092773
5.151367
5.048828
4.882812
4.638672
4.272461
3.828125
3.359375
2.827148
2.280273
1.772461
1.264648
0.820312
0.385742
0.092773
-0.136719
-0.239258
-0.268555
-0.151367
0.048828
0.356445
0.742188
1.191406
1.699219
2.216797
2.758789
3.281250
3.784180
4.223633
4.589844
4.853516
5.063477
5.087891
5.122070
4.926758
4.697266
4.384766
3.964844
3.500977
2.973633
2.436523
1.914062
1.381836
0.893555
0.507812
0.195312
-0.068359
-0.244141
-0.283203
-0.200195
-0.024414
0.268555
0.600586
1.030273
1.538086
2.070312
2.583008
3.154297
3.623047
4.106445
4.477539
4.765625
4.931641
5.087891
5.058594
4.975586
4.780273
4.418945
4.047852
3.574219
3.081055
2.563477
2.001953
1.474609
0.986328
0.576172
0.239258
-0.048828
-0.185547
-0.263672
-0.219727
-0.039062
0.190430
0.546875
0.937500
1.430664
1.953125
2.490234
3.012695
3.515625
4.038086
4.418945
4.726562
4.946289
5.078125
5.092773
5.004883
4.824219
4.545898
4.169922
3.730469
3.217773
2.739258
2.119141
1.596680
1.152344
0.693359
0.371094
0.043945
-0.166016
-0.219727
-0.224609
-0.097656
0.156250
0.512695
0.898438
1.362305
1.870117
2.407227
2.944336
3.461914
3.950195
4.335938
4.643555
4.936523
5.122070
5.195312
5.112305
4.863281
4.667969
4.282227
3.867188
3.388672
2.866211
2.304688
1.787109
1.284180
0.795898
0.419922
0.117188
-0.092773
-0.209961
-0.205078
-0.112305
0.078125
0.341797
0.722656
1.201172
1.694336
2.226562
2.812500
3.305664
3.793945
4.223633
4.624023
4.882812
5.068359
5.141602
5.083008
4.921875
4.707031
4.370117
3.935547
3.520508
2.998047
2.431641
1.875000
1.372070
0.913086
0.468750
0.156250
-0.117188
-0.219727
-0.268555
-0.214844
-0.029297
0.292969
0.625000
1.088867
1.567383
2.080078
2.617188
3.149414
3.666992
4.111328
4.492188
4.765625
4.970703
5.107422
5.068359
4.951172
4.750977
4.414062
4.033203
3.559570
3.056641
2.563477
2.006836
1.508789
1.000977
0.576172
0.263672
-0.043945
-0.205078
-0.292969
-0.205078
-0.029297
0.195312
0.507812
0.947266
1.450195
1.967773
2.509766
3.017578
3.540039
3.969727
4.399414
4.760742
4.975586
5.039062
5.092773
5.043945
4.863281
4.531250
4.194336
3.701172
3.232422
2.685547
2.172852
1.650391
1.103516
0.654297
0.273438
0.019531
-0.166016
-0.263672
-0.224609
-0.097656
0.058594
0.410156
0.854492
1.323242
1.816406
2.353516
2.924805
3.481445
3.896484
4.311523
4.653320
4.931641
5.078125
5.126953
5.078125
4.858398
4.648438
4.257812
3.862305
3.325195
2.812500
2.285156
1.738281
1.279297
0.761719
0.390625
0.092773
-0.122070
-0.239258
-0.283203
-0.175781
0.053711
0.385742
0.717773
1.215820
1.694336
2.211914
2.744141
3.344727
3.769531
4.189453
4.565430
4.868164
5.063477
5.146484
5.068359
4.941406
4.692383
4.394531
3.964844
3.471680
2.983398
2.416992
1.918945
1.376953
0.917969
0.532227
0.195312
-0.097656
-0.244141
-0.292969
-0.234375
-0.024414
0.244141
0.576172
1.030273
1.528320
2.031250
2.602539
3.134766
3.627930
4.077148
4.458008
4.799805
4.970703
5.092773
5.043945
4.965820
4.765625
4.428711
4.038086
3.574219
3.066406
2.543945
2.026367
1.494141
0.991211
0.566406
0.253906
-0.029297
-0.205078
-0.278320
-0.214844
-0.068359
0.205078
0.527344
0.952148
1.445312
1.928711
2.504883
3.046875
3.535156
3.994141
4.409180
4.721680
4.956055
5.092773
5.073242
5.019531
4.833984
4.541016
4.145508
3.710938
3.237305
2.709961
2.158203
1.616211
1.123047
0.693359
0.341797
0.024414
-0.146484
-0.253906
-0.190430
-0.053711
0.175781
0.498047
0.888672
1.367188
1.889648
2.416992
2.900391
3.408203
3.925781
4.355469
4.648438
4.956055
5.122070
5.146484
5.092773
4.926758
4.658203
4.316406
3.867188
3.388672
2.851562
2.265625
1.743164
1.289062
0.825195
0.449219
0.107422
-0.097656
-0.224609
-0.219727
-0.122070
0.034180
0.380859
0.732422
1.186523
1.708984
2.236328
2.792969
3.339844
3.789062
4.223633
4.560547
4.868164
5.063477
5.102539
5.058594
4.951172
4.726562
4.350586
3.964844
3.457031
2.983398
2.441406
1.904297
1.323242
0.869141
0.478516
0.156250
-0.068359
-0.239258
-0.273438
-0.200195
0.029297
0.263672
0.634766
1.049805
1.533203
2.060547
2.631836
3.134766
3.618164
4.082031
4.482422
4.770508
4.990234
5.063477
5.058594
4.941406
4.736328
4.423828
4.052734
3.583984
3.071289
2.539062
1.992188
1.508789
0.991211
0.576172
0.229492
-0.019531
-0.239258
-0.278320
-0.200195
-0.058594
0.190430
0.561523
0.913086
1.425781
1.958008
2.519531
3.027344
3.535156
3.999023
4.414062
4.736328
4.946289
5.097656
5.087891
5.058594
4.858398
4.516602
4.150391
3.715820
3.222656
2.729492
2.158203
1.621094
1.074219
0.644531
0.283203
-0.009766
-0.175781
-0.258789
-0.239258
-0.087891
0.136719
0.410156
0.839844
1.303711
1.826172
2.397461
2.885742
3.457031
3.959961
4.360352
4.702148
4.941406
5.107422
5.131836
5.058594
4.882812
4.599609
4.262695
3.837891
3.359375
2.822266
2.265625
1.762695
1.230469
0.805664
0.390625
0.107422
-0.141602
-0.239258
-0.219727
-0.141602
0.014648
0.351562
0.766602
1.171875
1.679688
2.211914
2.763672
3.305664
3.798828
4.208984
4.594727
4.838867
5.024414
5.131836
5.083008
4.951172
4.707031
4.399414
3.984375
3.500977
3.012695
2.436523
1.889648
1.362305
0.922852
0.522461
0.131836
-0.107422
-0.263672
-0.278320
-0.205078
-0.043945
0.273438
0.639648
1.044922
1.538086
2.036133
2.607422
3.134766
3.657227
4.096680
4.487305
4.770508
4.985352
5.068359
5.112305
4.995117
4.760742
4.433594
4.047852
3.588867
3.090820
2.568359
2.026367
1.484375
0.991211
0.595703
0.234375
-0.039062
-0.209961
-0.263672
-0.249023
-0.078125
0.205078
0.556641
0.952148
1.420898
1.953125
2.495117
3.017578
3.540039
4.018555
4.389648
4.707031
4.960938
5.073242
5.087891
5.029297
4.799805
4.545898
4.179688
3.754883
3.232422
2.695312
2.163086
1.606445
1.132812
0.737305
0.361328
0.048828
-0.161133
-0.209961
-0.185547
-0.058594
0.136719
0.454102
0.874023
1.328125
1.801758
2.397461
2.934570
3.437500
3.901367
4.291992
4.667969
4.916992
5.078125
5.131836
5.063477
4.877930
4.624023
4.306641
3.862305
3.393555
2.866211
2.294922
1.757812
1.279297
0.830078
0.454102
0.102539
-0.112305
-0.214844
-0.224609
-0.156250
0.068359
0.371094
0.732422
1.171875
1.699219
2.241211
2.783203
3.300781
3.750000
4.257812
4.589844
4.863281
5.063477
5.102539
5.097656
4.902344
4.702148
4.384766
3.925781
3.496094
2.958984
2.416992
1.845703
1.372070
0.878906
0.483398
0.170898
-0.112305
-0.219727
-0.253906
-0.234375
-0.034180
0.244141
0.639648
1.020508
1.528320
2.075195
2.602539
3.129883
3.642578
4.077148
4.438477
4.770508
4.970703
5.073242
5.058594
4.936523
4.731445
4.433594
4.023438
3.569336
3.056641
2.519531
1.982422
1.469727
0.986328
0.581055
0.219727
-0.043945
-0.200195
-0.283203
-0.209961
-0.068359
0.166016
0.556641
0.908203
1.435547
1.909180
2.490234
3.022461
3.535156
3.989258
4.370117
4.687500
4.936523
5.092773
5.117188
5.019531
4.829102
4.516602
4.155273
3.696289
3.261719
2.685547
2.109375
1.596680
1.123047
0.659180
0.302734
0.009766
-0.224609
-0.249023
-0.234375
-0.122070
0.112305
0.380859
0.849609
1.308594
1.806641
2.373047
2.919922
3.466797
3.945312
4.326172
4.677734
4.931641
5.092773
5.136719
5.058594
4.868164
4.638672
4.272461
3.828125
3.374023
2.827148
2.290039
1.733398
1.235352
0.815430
0.390625
0.083008
-0.151367
-0.249023
-0.263672
-0.161133
0.058594
0.366211
0.751953
1.215820
1.728516
2.216797
2.788086
3.305664
3.759766
4.243164
4.609375
4.873047
5.043945
5.117188
5.092773
4.941406
4.721680
4.370117
3.959961
3.471680
2.949219
2.470703
1.914062
1.381836
0.878906
0.498047
0.180664
-0.092773
-0.244141
-0.302734
-0.224609
-0.009766
0.249023
0.634766
1.030273
1.518555
2.065430
2.617188
3.149414
3.686523
4.082031
4.472656
4.760742
4.975586
5.087891
5.102539
4.995117
4.755859
4.458008
4.052734
3.608398
3.090820
2.534180
1.992188
1.479492
1.020508
0.590820
0.200195
-0.048828
-0.200195
-0.278320
-0.229492
-0.019531
0.175781
0.576172
0.927734
1.459961
1.967773
2.480469
3.046875
3.544922
3.994141
4.453125
4.726562
4.980469
5.092773
5.102539
5.014648
4.819336
4.531250
4.111328
3.710938
3.232422
2.744141
2.158203
1.611328
1.162109
0.698242
0.361328
0.039062
-0.185547
-0.239258
-0.185547
-0.034180
0.175781
0.493164
0.844727
1.313477
1.835938
2.407227
2.954102
3.447266
3.906250
4.360352
4.677734
4.951172
5.083008
5.136719
5.039062
4.946289
4.663086
4.316406
3.901367
3.388672
2.846680
2.314453
1.762695
1.293945
0.820312
0.424805
0.092773
-0.122070
-0.239258
-0.229492
-0.097656
0.034180
0.366211
0.742188
1.201172
1.679688
2.246094
2.763672
3.310547
3.818359
4.213867
4.560547
4.873047
5.048828
5.107422
5.092773
4.946289
4.687500
4.360352
3.994141
3.466797
2.973633
2.460938
1.894531
1.352539
0.903320
0.463867
0.112305
-0.078125
-0.244141
-0.273438
-0.190430
-0.014648
0.258789
0.649414
1.059570
1.572266
2.080078
2.607422
3.164062
3.686523
4.101562
4.492188
4.750977
5.014648
5.063477
5.073242
4.951172
4.746094
4.399414
4.018555
3.588867
3.056641
2.548828
1.987305
1.479492
1.005859
0.629883
0.234375
-0.058594
-0.234375
-0.244141
-0.209961
-0.053711
0.190430
0.532227
0.952148
1.445312
1.967773
2.465820
2.998047
3.535156
3.994141
4.389648
4.707031
4.907227
5.078125
5.078125
5.043945
4.863281
4.506836
4.111328
3.706055
3.266602
2.690430
2.133789
1.577148
1.118164
0.683594
0.336914
0.019531
-0.161133
-0.268555
-0.214844
-0.141602
0.122070
0.449219
0.830078
1.313477
1.806641
2.338867
2.934570
3.422852
3.950195
4.335938
4.697266
4.936523
5.053711
5.166016
5.043945
4.912109
4.628906
4.267578
3.847656
3.349609
2.797852
2.285156
1.762695
1.264648
0.756836
0.400391
0.043945
-0.112305
-0.200195
-0.263672
-0.170898
0.063477
0.380859
0.737305
1.210938
1.694336
2.192383
2.792969
3.320312
3.745117
4.218750
4.570312
4.843750
5.063477
5.122070
5.053711
4.956055
4.721680
4.389648
3.989258
3.510742
2.968750
2.451172
1.894531
1.401367
0.927734
0.498047
0.170898
-0.083008
-0.224609
-0.273438
-0.234375
-0.048828
0.229492
0.620117
1.059570
1.528320
2.031250
2.597656
3.115234
3.642578
4.086914
4.497070
4.785156
4.965820
5.087891
5.068359
4.956055
4.760742
4.433594
4.023438
3.588867
3.066406
2.558594
2.021484
1.494141
0.966797
0.600586
0.229492
-0.034180
-0.200195
-0.302734
-0.214844
-0.039062
0.180664
0.551758
0.932617
1.416016
1.928711
2.485352
3.032227
3.535156
4.003906
4.360352
4.736328
4.975586
5.092773
5.097656
5.048828
4.804688
4.487305
4.160156
3.710938
3.242188
2.705078
2.143555
1.630859
1.132812
0.678711
0.322266
0.043945
-0.141602
-0.219727
-0.253906
-0.107422
0.146484
0.463867
0.883789
1.381836
1.831055
2.392578
2.929688
3.432617
3.925781
4.375000
4.721680
4.970703
5.083008
5.161133
5.058594
4.892578
4.628906
4.291992
3.876953
3.413086
2.827148
2.294922
1.777344
1.303711
0.859375
0.405273
0.073242
-0.141602
-0.239258
-0.214844
-0.112305
0.034180
0.356445
0.742188
1.196289
1.669922
2.226562
2.783203
3.310547
3.793945
4.218750
4.614258
4.877930
5.048828
5.131836
5.068359
4.912109
4.716797
4.331055
3.999023
3.496094
2.949219
2.377930
1.889648
1.406250
0.898438
0.483398
0.117188
-0.122070
-0.239258
-0.244141
-0.190430
0.009766
0.234375
0.605469
1.064453
1.557617
2.084961
2.641602
3.144531
3.647461
4.106445
4.477539
4.794922
4.990234
5.073242
5.078125
4.951172
4.731445
4.458008
4.028320
3.549805
3.041992
2.509766
2.006836
1.499023
1.015625
0.585938
0.239258
-0.034180
-0.200195
-0.268555
-0.190430
-0.068359
0.209961
0.512695
0.957031
1.435547
1.933594
2.446289
3.056641
3.535156
4.003906
4.384766
4.711914
4.946289
5.102539
5.122070
5.009766
4.785156
4.526367
4.194336
3.745117
3.212891
2.675781
2.133789
1.650391
1.118164
0.683594
0.317383
-0.014648
-0.161133
-0.258789
-0.258789
-0.083008
0.126953
0.444336
0.830078
1.342773
1.801758
2.319336
2.900391
3.442383
3.901367
4.311523
4.697266
4.931641
5.068359
5.146484
5.043945
4.858398
4.609375
4.257812
3.808594
3.276367
2.797852
2.275391
1.743164
1.250000
0.805664
0.395508
0.063477
-0.122070
-0.258789
-0.268555
-0.146484
0.053711
0.341797
0.761719
1.191406
1.679688
2.236328
2.768555
3.261719
3.789062
4.243164
4.604492
4.838867
5.014648
5.107422
5.087891
4.965820
4.716797
4.370117
3.955078
3.496094
2.983398
2.421875
1.904297
1.386719
0.913086
0.488281
0.151367
-0.097656
-0.219727
-0.273438
-0.219727
-0.043945
0.273438
0.634766
1.064453
1.523438
2.055664
2.573242
3.144531
3.642578
4.096680
4.472656
4.765625
4.980469
5.102539
5.073242
4.970703
4.750977
4.443359
4.072266
3.588867
3.085938
2.558594
2.016602
1.503906
1.010742
0.566406
0.214844
-0.039062
-0.195312
-0.249023
-0.200195
-0.063477
0.175781
0.532227
0.908203
1.430664
1.943359
2.460938
3.032227
3.559570
3.979492
4.448242
4.711914
4.965820
5.083008
5.126953
5.039062
4.799805
4.526367
4.145508
3.715820
3.203125
2.685547
2.163086
1.616211
1.123047
0.698242
0.307617
0.039062
-0.156250
-0.249023
-0.234375
-0.087891
0.170898
0.498047
0.859375
1.323242
1.840820
2.402344
2.934570
3.461914
3.945312
4.360352
4.687500
4.951172
5.107422
5.170898
5.078125
4.877930
4.653320
4.252930
3.886719
3.369141
2.885742
2.304688
1.762695
1.293945
0.820312
0.439453
0.112305
-0.122070
-0.278320
-0.229492
-0.131836
0.053711
0.371094
0.722656
1.166992
1.669922
2.260742
2.773438
3.300781
3.769531
4.238281
4.575195
4.863281
5.029297
5.117188
5.102539
4.956055
4.707031
4.345703
3.940430
3.510742
2.949219
2.402344
1.909180
1.381836
0.864258
0.478516
0.131836
-0.078125
-0.214844
-0.297852
-0.205078
-0.039062
0.283203
0.610352
1.064453
1.542969
2.080078
2.607422
3.134766
3.666992
4.091797
4.453125
4.750977
4.995117
5.112305
5.063477
4.931641
4.731445
4.409180
4.038086
3.583984
3.066406
2.543945
1.997070
1.494141
1.000977
0.566406
0.209961
0.000000
-0.219727
-0.283203
-0.229492
-0.053711
0.161133
0.527344
0.937500
1.406250
1.943359
2.514648
3.032227
3.544922
4.003906
4.409180
4.750977
4.936523
5.068359
5.097656
5.024414
4.843750
4.526367
4.169922
3.706055
3.217773
2.690430
2.167969
1.640625
1.074219
0.683594
0.327148
0.019531
-0.166016
-0.292969
-0.263672
-0.112305
0.087891
0.434570
0.810547
1.328125
1.831055
2.324219
2.890625
3.422852
3.876953
4.370117
4.677734
4.897461
5.083008
5.146484
5.034180
4.912109
4.624023
4.252930
3.852539
3.359375
2.827148
2.270508
1.743164
1.254883
0.771484
0.390625
0.083008
-0.151367
-0.234375
-0.244141
-0.161133
0.053711
0.351562
0.756836
1.186523
1.689453
2.187500
2.758789
3.320312
3.784180
4.194336
4.570312
4.833984
5.029297
5.112305
5.102539
4.956055
4.667969
4.345703
3.964844
3.486328
2.973633
2.426758
1.884766
1.381836
0.917969
0.488281
0.146484
-0.092773
-0.244141
-0.283203
-0.214844
-0.024414
0.273438
0.566406
1.020508
1.538086
2.011719
2.651367
3.144531
3.623047
4.077148
4.428711
4.785156
4.951172
5.078125
5.058594
4.960938
4.731445
4.418945
4.062500
3.613281
3.085938
2.543945
2.001953
1.455078
1.000977
0.581055
0.239258
-0.058594
-0.209961
-0.263672
-0.205078
-0.078125
0.195312
0.561523
0.961914
1.396484
1.972656
2.470703
3.056641
3.540039
4.018555
4.404297
4.750977
4.946289
5.092773
5.097656
5.004883
4.843750
4.536133
4.174805
3.710938
3.217773
2.690430
2.143555
1.635742
1.113281
0.722656
0.302734
0.014648
-0.175781
-0.263672
-0.180664
-0.073242
0.166016
0.473633
0.878906
1.342773
1.875000
2.387695
2.934570
3.457031
3.940430
4.375000
4.726562
4.951172
5.122070
5.146484
5.048828
4.916992
4.667969
4.277344
3.857422
3.374023
2.871094
2.280273
1.777344
1.264648
0.795898
0.434570
0.102539
-0.078125
-0.209961
-0.268555
-0.117188
0.053711
0.361328
0.747070
1.186523
1.699219
2.226562
2.802734
3.325195
3.793945
4.233398
4.594727
4.873047
5.078125
5.107422
5.087891
4.980469
4.697266
4.335938
3.964844
3.496094
2.968750
2.397461
1.845703
1.391602
0.883789
0.478516
0.146484
-0.107422
-0.205078
-0.278320
-0.190430
-0.014648
0.292969
0.625000
1.044922
1.523438
2.104492
2.607422
3.173828
3.627930
4.096680
4.467773
4.780273
4.990234
5.058594
5.068359
4.965820
4.746094
4.428711
4.013672
3.564453
3.046875
2.524414
1.992188
1.499023
0.996094
0.585938
0.229492
-0.058594
-0.224609
-0.292969
-0.219727
-0.039062
0.195312
0.512695
0.932617
1.430664
1.918945
2.490234
3.032227
3.535156
3.974609
4.409180
4.711914
4.941406
5.107422
5.136719
5.024414
4.814453
4.536133
4.169922
3.701172
3.237305
2.695312
2.153320
1.611328
1.118164
0.703125
0.288086
0.043945
-0.190430
-0.283203
-0.253906
-0.136719
0.136719
0.444336
0.830078
1.323242
1.787109
2.348633
2.900391
