1.777344
1.235352
0.800781
0.385742
0.078125
-0.122070
-0.268555
-0.297852
-0.156250
0.014648
0.292969
0.683594
1.108398
1.621094
2.163086
2.709961
3.217773
3.706055
4.150391
4.541016
4.804688
5.014648
5.107422
5.073242
4.946289
4.692383
4.360352
3.969727
3.496094
2.988281
2.436523
1.914062
1.401367
0.932617
0.502930
0.170898
-0.097656
-0.239258
-0.263672
-0.200195
-0.053711
0.244141
0.639648
1.049805
1.499023
2.011719
2.563477
3.105469
3.632812
4.062500
4.438477
4.746094
4.965820
5.073242
5.102539
4.975586
4.726562
4.482422
4.077148
3.623047
3.134766
2.578125
2.070312
1.518555
1.030273
0.625000
0.253906
-0.024414
-0.205078
-0.278320
-0.205078
-0.053711
0.219727
0.507812
0.976562
1.401367
1.948242
2.431641
3.027344
3.486328
3.969727
4.360352
4.711914
4.951172
5.078125
5.073242
5.014648
4.814453
4.570312
4.194336
3.735352
3.242188
2.719727
2.211914
1.669922
1.142578
0.688477
0.341797
0.029297
-0.180664
-0.273438
-0.253906
-0.126953
0.073242
0.434570
0.805664
1.259766
1.791992
2.309570
2.861328
3.374023
3.847656
4.277344
4.653320
4.897461
5.073242
5.117188
5.078125
4.912109
4.628906
4.291992
3.896484
3.378906
2.856445
2.299805
1.767578
1.279297
0.800781
0.419922
0.068359
-0.136719
-0.292969
-0.253906
-0.122070
0.014648
0.292969
0.693359
1.103516
1.621094
2.148438
2.675781
3.227539
3.725586
4.169922
4.565430
4.829102
4.995117
5.102539
5.087891
4.951172
4.707031
4.375000
3.940430
3.500977
2.998047
2.451172
1.899414
1.396484
0.903320
0.468750
0.170898
-0.078125
-0.234375
-0.278320
-0.185547
0.000000
0.258789
0.576172
1.044922
1.503906
2.031250
2.539062
3.100586
3.642578
4.067383
4.472656
4.750977
5.000000
5.097656
5.097656
5.004883
4.824219
4.487305
4.135742
3.676758
3.154297
2.602539
2.084961
1.572266
1.049805
0.625000
0.244141
-0.004883
-0.126953
-0.214844
-0.175781
-0.087891
0.214844
0.566406
0.981445
1.445312
1.904297
2.446289
3.007812
3.500977
4.008789
4.394531
4.736328
4.980469
5.087891
5.175781
5.019531
4.868164
4.575195
4.218750
3.754883
3.276367
2.753906
2.167969
1.665039
1.142578
0.664062
0.346680
0.048828
-0.161133
-0.268555
-0.278320
-0.107422
0.122070
0.424805
0.805664
1.303711
1.782227
2.290039
2.871094
3.359375
3.886719
4.277344
4.628906
4.902344
5.063477
5.092773
5.073242
4.868164
4.653320
4.248047
3.857422
3.398438
2.851562
2.309570
1.767578
1.240234
0.839844
0.375977
0.092773
-0.166016
-0.278320
-0.249023
-0.166016
0.014648
0.302734
0.664062
1.137695
1.630859
2.148438
2.700195
3.232422
3.706055
4.140625
4.511719
4.794922
5.000000
5.092773
5.102539
4.951172
4.707031
4.399414
3.955078
3.500977
3.027344
2.456055
1.909180
1.396484
0.913086
0.502930
0.146484
-0.083008
-0.229492
-0.268555
-0.200195
-0.058594
0.209961
0.585938
1.049805
1.503906
2.036133
2.548828
3.110352
3.593750
4.057617
4.487305
4.765625
4.946289
5.107422
5.097656
5.000000
4.746094
4.453125
4.072266
3.613281
3.154297
2.607422
2.026367
1.518555
1.044922
0.600586
0.200195
-0.039062
-0.205078
-0.249023
-0.239258
-0.092773
0.205078
0.527344
0.927734
1.430664
1.894531
2.480469
3.002930
3.520508
3.959961
4.389648
4.697266
4.936523
5.063477
5.102539
5.004883
4.833984
4.575195
4.174805
3.745117
3.242188
2.729492
2.153320
1.655273
1.152344
0.688477
0.307617
0.014648
-0.195312
-0.244141
-0.268555
-0.126953
0.117188
0.400391
0.800781
1.259766
1.777344
2.314453
2.880859
3.354492
3.881836
4.277344
4.638672
4.921875
5.039062
5.126953
5.039062
4.921875
4.663086
4.252930
3.862305
3.408203
2.846680
2.363281
1.757812
1.289062
0.761719
0.400391
0.087891
-0.136719
-0.258789
-0.307617
-0.185547
0.000000
0.268555
0.683594
1.152344
1.650391
2.177734
2.690430
3.198242
3.701172
4.184570
4.560547
4.833984
4.975586
5.068359
5.063477
4.960938
4.731445
4.379883
3.955078
3.500977
2.968750
2.451172
1.918945
1.416016
0.932617
0.498047
0.161133
-0.073242
-0.219727
-0.263672
-0.190430
-0.014648
0.268555
0.600586
1.049805
1.528320
2.065430
2.592773
3.081055
3.588867
4.082031
4.477539
4.750977
5.004883
5.068359
5.083008
5.014648
4.785156
4.526367
4.121094
3.676758
3.115234
2.646484
2.075195
1.562500
1.054688
0.625000
0.249023
0.029297
-0.141602
-0.219727
-0.253906
-0.063477
0.161133
0.561523
0.961914
1.455078
1.928711
2.456055
3.037109
3.569336
4.018555
4.443359
4.711914
5.000000
5.102539
5.131836
5.034180
4.814453
4.545898
4.179688
3.735352
3.291016
2.753906
2.187500
1.655273
1.132812
0.664062
0.336914
0.024414
-0.146484
-0.234375
-0.253906
-0.083008
0.141602
0.429688
0.830078
1.264648
1.772461
2.333984
2.871094
3.374023
3.852539
4.272461
4.643555
4.882812
5.053711
5.117188
4.995117
4.863281
4.628906
4.262695
3.828125
3.408203
2.851562
2.304688
1.762695
1.245117
0.815430
0.390625
0.043945
-0.141602
-0.278320
-0.253906
-0.190430
0.000000
0.317383
0.688477
1.147461
1.621094
2.158203
2.695312
3.227539
3.725586
4.140625
4.506836
4.804688
5.004883
5.112305
5.102539
4.980469
4.687500
4.394531
3.979492
3.510742
2.998047
2.465820
1.909180
1.391602
0.913086
0.493164
0.195312
-0.117188
-0.234375
-0.258789
-0.200195
-0.014648
0.224609
0.605469
1.000977
1.499023
2.026367
2.548828
3.081055
3.603516
4.082031
4.448242
4.760742
4.980469
5.083008
5.117188
5.014648
4.765625
4.453125
4.091797
3.657227
3.125000
2.612305
2.036133
1.538086
1.030273
0.566406
0.263672
-0.048828
-0.200195
-0.273438
-0.234375
-0.131836
0.166016
0.463867
0.898438
1.391602
1.904297
2.460938
3.022461
3.486328
3.959961
4.375000
4.687500
4.946289
5.087891
5.083008
4.995117
4.824219
4.565430
4.189453
3.735352
3.261719
2.729492
2.158203
1.630859
1.142578
0.698242
0.341797
0.024414
-0.170898
-0.278320
-0.249023
-0.126953
0.068359
0.424805
0.830078
1.264648
1.782227
2.338867
2.846680
3.369141
3.833008
4.291992
4.638672
4.892578
5.068359
5.117188
5.034180
4.916992
4.707031
4.306641
3.891602
3.359375
2.846680
2.314453
1.738281
1.269531
0.781250
0.415039
0.092773
-0.185547
-0.273438
-0.307617
-0.180664
0.004883
0.297852
0.693359
1.093750
1.596680
2.133789
2.670898
3.227539
3.710938
4.174805
4.541016
4.829102
5.034180
5.087891
5.063477
4.931641
4.711914
4.370117
3.959961
3.491211
2.988281
2.456055
1.928711
1.406250
0.922852
0.517578
0.175781
-0.083008
-0.224609
-0.263672
-0.195312
-0.024414
0.244141
0.620117
1.035156
1.523438
2.011719
2.534180
3.110352
3.627930
4.057617
4.458008
4.785156
4.960938
5.112305
5.073242
5.024414
4.750977
4.501953
4.072266
3.613281
3.125000
2.583008
2.065430
1.533203
1.064453
0.615234
0.263672
0.000000
-0.136719
-0.249023
-0.200195
-0.034180
0.209961
0.537109
0.996094
1.401367
1.982422
2.490234
3.046875
3.540039
3.994141
4.384766
4.741211
4.965820
5.097656
5.126953
5.092773
4.868164
4.570312
4.228516
3.789062
3.266602
2.768555
2.216797
1.645508
1.123047
0.678711
0.322266
0.034180
-0.170898
-0.239258
-0.234375
-0.107422
0.107422
0.424805
0.830078
1.274414
1.787109
2.343750
2.880859
3.393555
3.857422
4.316406
4.609375
4.921875
5.073242
5.083008
5.058594
4.892578
4.643555
4.248047
3.833008
3.349609
2.856445
2.314453
1.796875
1.279297
0.771484
0.415039
0.048828
-0.161133
-0.268555
-0.317383
-0.185547
0.019531
0.351562
0.683594
1.147461
1.640625
2.202148
2.705078
3.222656
3.745117
4.150391
4.511719
4.799805
5.004883
5.078125
5.063477
4.956055
4.702148
4.375000
3.984375
3.535156
2.958984
2.426758
1.923828
1.406250
0.908203
0.468750
0.170898
-0.107422
-0.239258
-0.297852
-0.214844
-0.039062
0.273438
0.585938
1.015625
1.513672
2.036133
2.563477
3.081055
3.632812
4.096680
4.467773
4.775391
5.009766
5.092773
5.058594
4.990234
4.785156
4.497070
4.077148
3.647461
3.120117
2.539062
2.080078
1.533203
0.996094
0.585938
0.244141
-0.024414
-0.224609
-0.273438
-0.195312
-0.058594
0.166016
0.517578
0.903320
1.386719
1.909180
2.456055
2.998047
3.530273
3.969727
4.384766
4.697266
4.941406
5.063477
5.063477
5.029297
4.838867
4.570312
4.179688
3.725586
3.242188
2.739258
2.153320
1.630859
1.166992
0.708008
0.278320
0.053711
-0.166016
-0.278320
-0.268555
-0.146484
0.112305
0.439453
0.820312
1.289062
1.772461
2.363281
2.871094
3.403320
3.833008
4.282227
4.638672
4.921875
5.058594
5.117188
5.063477
4.907227
4.643555
4.340820
3.881836
3.388672
2.861328
2.304688
1.733398
1.254883
0.786133
0.375977
0.053711
-0.161133
-0.283203
-0.312500
-0.185547
-0.019531
0.312500
0.703125
1.088867
1.665039
2.138672
2.685547
3.217773
3.730469
4.174805
4.531250
4.824219
5.000000
5.078125
5.063477
4.960938
4.707031
4.370117
3.964844
3.515625
2.998047
2.460938
1.928711
1.406250
0.917969
0.493164
0.175781
-0.078125
-0.190430
-0.278320
-0.209961
-0.029297
0.239258
0.585938
1.010742
1.547852
2.055664
2.558594
3.085938
3.618164
4.062500
4.438477
4.726562
4.970703
5.107422
5.063477
4.985352
4.741211
4.482422
4.091797
3.637695
3.139648
2.626953
2.080078
1.533203
1.040039
0.610352
0.263672
-0.034180
-0.200195
-0.239258
-0.219727
-0.078125
0.239258
0.507812
0.986328
1.440430
1.938477
2.456055
3.012695
3.530273
3.994141
4.389648
4.741211
4.931641
5.092773
5.151367
5.048828
4.838867
4.594727
4.194336
3.745117
3.261719
2.749023
2.197266
1.694336
1.147461
0.693359
0.312500
0.043945
-0.141602
-0.273438
-0.249023
-0.126953
0.083008
0.444336
0.791016
1.293945
1.806641
2.319336
2.866211
3.398438
3.862305
4.267578
4.628906
4.931641
5.083008
5.083008
5.014648
4.892578
4.648438
4.262695
3.857422
3.393555
2.856445
2.290039
1.782227
1.303711
0.810547
0.395508
0.122070
-0.166016
-0.258789
-0.292969
-0.141602
0.024414
0.288086
0.673828
1.123047
1.630859
2.158203
2.695312
3.247070
3.710938
4.140625
4.511719
4.804688
4.995117
5.053711
5.063477
4.951172
4.707031
4.404297
3.964844
3.500977
3.017578
2.441406
1.938477
1.381836
0.908203
0.483398
0.156250
-0.087891
-0.195312
-0.292969
-0.205078
-0.043945
0.219727
0.615234
1.035156
1.494141
2.041016
2.597656
3.095703
3.613281
4.062500
4.472656
4.755859
4.956055
5.068359
5.083008
4.995117
4.741211
4.462891
4.086914
3.618164
3.115234
2.553711
2.041016
1.518555
1.069336
0.581055
0.244141
-0.068359
-0.229492
-0.253906
-0.219727
-0.112305
0.151367
0.478516
0.908203
1.391602
1.904297
2.470703
2.998047
3.510742
3.955078
4.350586
4.716797
4.941406
5.048828
5.117188
5.004883
4.833984
4.560547
4.189453
3.745117
3.271484
2.705078
2.148438
1.650391
1.127930
0.693359
0.332031
0.048828
-0.195312
-0.283203
-0.253906
-0.146484
0.092773
0.424805
0.791016
1.279297
1.782227
2.290039
2.856445
3.369141
3.867188
4.316406
4.643555
4.892578
5.063477
5.073242
5.039062
4.921875
4.682617
4.316406
3.872070
3.393555
2.856445
2.294922
1.752930
1.259766
0.761719
0.390625
0.063477
-0.136719
-0.302734
-0.268555
-0.205078
-0.004883
0.278320
0.659180
1.083984
1.611328
2.143555
2.690430
3.208008
3.710938
4.169922
4.555664
4.843750
5.014648
5.097656
5.087891
4.926758
4.692383
4.370117
3.925781
3.481445
2.988281
2.446289
1.928711
1.401367
0.937500
0.507812
0.170898
-0.146484
-0.229492
-0.234375
-0.195312
-0.058594
0.263672
0.566406
1.030273
1.538086
2.016602
2.558594
3.154297
3.632812
4.052734
4.453125
4.741211
4.965820
5.117188
5.126953
4.980469
4.780273
4.482422
4.111328
3.652344
3.159180
2.641602
2.070312
1.547852
1.049805
0.644531
0.278320
-0.019531
-0.209961
-0.253906
-0.195312
-0.063477
0.166016
0.517578
0.937500
1.406250
1.918945
2.480469
3.027344
3.525391
3.984375
4.355469
4.726562
4.960938
5.083008
5.146484
5.058594
4.887695
4.589844
4.194336
3.740234
3.271484
2.744141
2.216797
1.650391
1.098633
0.664062
0.312500
0.014648
-0.126953
-0.268555
-0.234375
-0.107422
0.107422
0.473633
0.810547
1.269531
1.826172
2.309570
2.866211
3.403320
3.862305
4.252930
4.667969
4.902344
5.083008
5.092773
5.058594
4.892578
4.643555
4.262695
3.876953
3.349609
2.880859
2.319336
1.757812
1.269531
0.781250
0.449219
0.078125
-0.122070
-0.278320
-0.263672
-0.170898
0.019531
0.292969
0.678711
1.132812
1.635742
2.182617
2.690430
3.222656
3.715820
4.155273
4.550781
4.804688
4.990234
5.068359
5.053711
4.931641
4.702148
4.375000
3.984375
3.535156
2.954102
2.431641
1.938477
1.386719
0.922852
0.527344
0.185547
-0.087891
-0.224609
-0.288086
-0.205078
-0.029297
0.263672
0.610352
1.044922
1.479492
2.041016
2.597656
3.139648
3.632812
4.096680
4.428711
4.760742
4.965820
5.083008
5.053711
4.985352
4.785156
4.477539
4.072266
3.652344
3.095703
2.563477
2.055664
1.518555
1.010742
0.610352
0.205078
-0.039062
-0.219727
-0.244141
-0.180664
-0.097656
0.156250
0.522461
0.952148
1.396484
1.933594
2.475586
2.983398
3.515625
3.955078
4.389648
4.702148
4.936523
5.043945
5.102539
4.980469
4.824219
4.570312
4.213867
3.725586
3.242188
2.724609
2.197266
1.669922
1.166992
0.693359
0.322266
0.014648
-0.180664
-0.263672
-0.234375
-0.141602
0.087891
0.415039
0.834961
1.279297
1.767578
2.333984
2.851562
3.408203
3.872070
4.282227
4.663086
4.877930
5.063477
5.073242
5.073242
4.892578
4.648438
4.272461
3.881836
3.364258
2.866211
2.304688
1.733398
1.235352
0.795898
0.327148
0.043945
-0.185547
-0.297852
-0.283203
-0.205078
0.024414
0.288086
0.693359
1.083984
1.645508
2.167969
2.709961
3.227539
3.696289
4.169922
4.560547
4.824219
5.019531
5.083008
5.078125
4.936523
4.731445
4.389648
3.940430
3.515625
3.007812
2.451172
1.909180
1.396484
0.937500
0.488281
0.156250
-0.092773
-0.244141
-0.253906
-0.219727
-0.034180
0.224609
0.581055
1.044922
1.474609
2.031250
2.583008
3.100586
3.603516
4.072266
4.433594
4.765625
5.019531
5.087891
5.117188
4.970703
4.785156
4.482422
4.082031
3.652344
3.164062
2.641602
2.109375
1.606445
1.093750
0.644531
0.307617
-0.039062
-0.180664
-0.244141
-0.190430
-0.048828
0.166016
0.522461
0.957031
1.459961
1.933594
2.456055
3.002930
3.544922
4.003906
4.414062
4.741211
4.946289
5.126953
5.156250
5.087891
4.853516
4.619141
4.233398
3.789062
3.276367
2.695312
2.187500
1.635742
1.142578
0.737305
0.297852
0.009766
-0.180664
-0.234375
-0.258789
-0.161133
0.102539
0.434570
0.810547
1.274414
1.791992
2.319336
2.890625
3.383789
3.857422
4.262695
4.648438
4.897461
5.048828
5.078125
5.063477
4.897461
4.658203
4.287109
3.862305
3.374023
2.890625
2.299805
1.801758
1.225586
0.766602
0.458984
0.083008
-0.146484
-0.283203
-0.219727
-0.151367
0.009766
0.283203
0.659180
1.113281
1.645508
2.148438
2.670898
3.227539
3.686523
4.135742
4.506836
4.829102
5.009766
5.083008
5.083008
4.902344
4.687500
4.389648
3.979492
3.515625
2.988281
2.456055
1.938477
1.386719
0.932617
0.473633
0.175781
-0.117188
-0.239258
-0.258789
-0.214844
-0.039062
0.239258
0.620117
1.035156
1.513672
2.021484
2.543945
3.095703
3.627930
4.072266
4.458008
4.770508
4.970703
5.073242
5.063477
4.990234
4.804688
4.462891
4.042969
3.642578
3.139648
2.558594
2.011719
1.523438
1.049805
0.610352
0.229492
-0.034180
-0.224609
-0.253906
-0.224609
-0.078125
0.175781
0.507812
0.922852
1.430664
1.914062
2.456055
2.988281
3.496094
3.959961
4.409180
4.707031
4.956055
5.063477
5.078125
5.058594
4.814453
4.550781
4.194336
3.730469
3.271484
2.749023
2.143555
1.635742
1.152344
0.717773
0.322266
0.014648
-0.156250
-0.258789
-0.258789
-0.126953
0.087891
0.405273
0.795898
1.284180
1.791992
2.329102
2.875977
3.378906
3.881836
4.296875
4.633789
4.887695
5.073242
5.092773
5.024414
4.936523
4.687500
4.311523
3.842773
3.364258
2.812500
2.343750
1.772461
1.264648
0.805664
0.395508
0.092773
-0.166016
-0.249023
-0.273438
-0.205078
0.024414
0.273438
0.659180
1.113281
1.630859
2.163086
2.685547
3.227539
3.745117
4.160156
4.531250
4.819336
5.014648
5.112305
5.058594
4.941406
4.697266
4.370117
3.945312
3.525391
2.978516
2.436523
1.909180
1.357422
0.903320
0.493164
0.156250
-0.092773
-0.239258
-0.273438
-0.224609
-0.034180
0.224609
0.615234
1.030273
1.552734
2.021484
2.583008
3.105469
3.642578
4.047852
4.501953
4.770508
4.956055
5.122070
5.112305
5.004883
4.819336
4.492188
4.077148
3.642578
3.144531
2.573242
2.099609
1.591797
1.054688
0.620117
0.234375
0.000000
-0.151367
-0.214844
-0.224609
-0.097656
0.200195
0.551758
0.991211
1.416016
1.958008
2.504883
3.032227
3.525391
3.959961
4.433594
4.702148
4.990234
5.117188
5.136719
5.034180
4.829102
4.575195
4.238281
3.803711
3.286133
2.729492
2.177734
1.645508
1.142578
0.722656
0.297852
0.039062
-0.166016
-0.224609
-0.214844
-0.117188
0.107422
0.449219
0.839844
1.279297
1.762695
2.338867
2.812500
3.388672
3.906250
4.282227
4.614258
4.873047
5.063477
5.107422
5.019531
4.877930
4.628906
4.262695
3.886719
3.369141
2.822266
2.314453
1.762695
1.313477
0.800781
0.395508
0.097656
-0.156250
-0.258789
-0.288086
-0.195312
-0.004883
0.322266
0.654297
1.118164
1.601562
2.182617
2.714844
3.227539
3.701172
4.155273
4.506836
4.799805
4.975586
5.083008
5.058594
4.951172
4.741211
4.389648
3.979492
3.520508
2.998047
2.460938
1.933594
1.381836
0.922852
0.458984
0.151367
-0.078125
-0.239258
-0.268555
-0.209961
-0.058594
0.205078
0.566406
1.044922
1.523438
2.006836
2.553711
3.134766
3.657227
4.057617
4.453125
4.746094
4.970703
5.029297
5.063477
5.000000
4.765625
4.443359
4.091797
3.603516
3.095703
2.612305
2.050781
1.523438
1.049805
0.600586
0.224609
-0.039062
-0.200195
-0.268555
-0.166016
0.004883
0.185547
0.512695
0.932617
1.401367
1.938477
2.460938
3.002930
3.481445
3.974609
4.360352
4.716797
4.921875
5.083008
5.083008
5.019531
4.824219
4.550781
4.145508
3.759766
3.232422
2.719727
2.211914
1.655273
1.137695
0.678711
0.322266
0.073242
-0.175781
-0.253906
-0.263672
-0.136719
0.136719
0.400391
0.820312
1.298828
1.796875
2.314453
2.866211
3.393555
3.857422
4.272461
4.628906
4.907227
5.053711
5.112305
5.083008
4.907227
4.697266
4.316406
3.857422
3.374023
2.846680
2.304688
1.757812
1.264648
0.820312
0.356445
0.063477
-0.185547
-0.292969
-0.239258
-0.175781
-0.004883
0.317383
0.678711
1.103516
1.625977
2.158203
2.685547
3.222656
3.720703
4.155273
4.536133
4.829102
4.995117
5.068359
5.053711
4.936523
4.707031
4.384766
3.959961
3.505859
2.978516
2.456055
1.918945
1.381836
0.947266
0.512695
0.141602
-0.083008
-0.253906
-0.239258
-0.209961
-0.019531
0.234375
0.581055
1.049805
1.523438
2.011719
2.553711
3.125000
3.618164
4.042969
4.462891
4.785156
4.985352
5.058594
5.102539
4.990234
4.780273
4.428711
4.121094
3.618164
3.105469
2.612305
2.094727
1.567383
1.054688
0.605469
0.244141
-0.004883
-0.200195
-0.224609
-0.175781
-0.024414
0.170898
0.502930
0.991211
1.474609
1.992188
2.480469
3.022461
3.554688
4.003906
4.394531
4.736328
4.951172
5.078125
5.146484
5.039062
4.848633
4.575195
4.213867
3.740234
3.266602
2.724609
2.197266
1.630859
1.137695
0.688477
0.307617
0.029297
-0.175781
-0.209961
-0.234375
-0.117188
0.126953
0.439453
0.815430
1.293945
1.816406
2.314453
2.880859
3.427734
3.852539
4.282227
4.663086
4.892578
5.092773
5.102539
5.058594
4.853516
4.638672
4.282227
3.886719
3.374023
2.817383
2.333984
1.752930
1.254883
0.751953
0.434570
0.092773
-0.156250
-0.268555
-0.263672
-0.166016
0.000000
0.307617
0.678711
1.113281
1.655273
2.177734
2.666016
3.217773
3.745117
4.165039
4.536133
4.804688
4.975586
5.083008
5.097656
4.936523
4.702148
4.375000
3.955078
3.505859
3.017578
2.460938
1.918945
1.401367
0.898438
0.507812
0.156250
-0.097656
-0.258789
-0.278320
-0.195312
-0.073242
0.239258
0.615234
1.025391
1.542969
2.036133
2.539062
3.139648
