1.928711
1.425781
0.942383
0.468750
0.170898
-0.112305
-0.195312
-0.302734
-0.253906
-0.083008
0.209961
0.561523
1.000977
1.425781
1.953125
2.519531
3.051758
3.618164
4.038086
4.409180
4.711914
4.941406
5.092773
5.083008
4.980469
4.790039
4.497070
4.116211
3.647461
3.159180
2.641602
2.084961
1.582031
1.074219
0.649414
0.253906
0.014648
-0.205078
-0.268555
-0.249023
-0.092773
0.126953
0.478516
0.913086
1.328125
1.875000
2.426758
2.944336
3.452148
3.906250
4.321289
4.692383
4.892578
5.058594
5.112305
5.063477
4.853516
4.633789
4.252930
3.813477
3.325195
2.773438
2.246094
1.694336
1.191406
0.766602
0.424805
0.131836
-0.166016
-0.283203
-0.244141
-0.083008
0.131836
0.419922
0.815430
1.235352
1.762695
2.324219
2.875977
3.398438
3.876953
4.277344
4.648438
4.916992
5.083008
5.126953
5.083008
4.936523
4.697266
4.340820
3.945312
3.432617
2.939453
2.392578
1.831055
1.347656
0.854492
0.468750
0.087891
-0.122070
-0.249023
-0.249023
-0.185547
0.034180
0.346680
0.693359
1.088867
1.621094
2.148438
2.700195
3.222656
3.715820
4.174805
4.521484
4.804688
4.985352
5.131836
5.073242
4.921875
4.741211
4.389648
3.969727
3.549805
2.998047
2.519531
1.962891
1.445312
0.957031
0.551758
0.117188
-0.092773
-0.234375
-0.341797
-0.258789
-0.087891
0.175781
0.546875
0.966797
1.445312
1.972656
2.509766
3.041992
3.574219
4.047852
4.399414
4.726562
4.951172
5.029297
5.063477
4.995117
4.814453
4.526367
4.086914
3.662109
3.159180
2.685547
2.099609
1.572266
1.088867
0.659180
0.273438
-0.039062
-0.185547
-0.268555
-0.239258
-0.102539
0.151367
0.478516
0.888672
1.357422
1.860352
2.377930
2.919922
3.442383
3.930664
4.375000
4.687500
4.907227
5.043945
5.102539
5.019531
4.902344
4.604492
4.174805
3.754883
3.291016
2.797852
2.265625
1.665039
1.166992
0.756836
0.336914
0.058594
-0.146484
-0.283203
-0.263672
-0.131836
0.087891
0.405273
0.776367
1.220703
1.772461
2.285156
2.861328
3.359375
3.833008
4.248047
4.599609
4.882812
5.014648
5.083008
5.063477
4.882812
4.702148
4.316406
3.881836
3.427734
2.900391
2.333984
1.835938
1.308594
0.874023
0.444336
0.112305
-0.117188
-0.258789
-0.234375
-0.166016
0.039062
0.312500
0.688477
1.113281
1.606445
2.109375
2.670898
3.232422
3.730469
4.145508
4.506836
4.790039
5.034180
5.122070
5.102539
4.975586
4.741211
4.409180
4.018555
3.564453
3.046875
2.475586
1.972656
1.464844
0.952148
0.507812
0.185547
-0.068359
-0.200195
-0.283203
-0.244141
-0.087891
0.200195
0.522461
0.966797
1.450195
1.967773
2.490234
3.076172
3.549805
4.033203
4.399414
4.726562
4.970703
5.073242
5.102539
5.009766
4.780273
4.477539
4.072266
3.696289
3.183594
2.651367
2.080078
1.547852
1.074219
0.634766
0.292969
0.004883
-0.190430
-0.268555
-0.234375
-0.107422
0.146484
0.463867
0.888672
1.357422
1.850586
2.382812
2.949219
3.442383
3.940430
4.350586
4.682617
4.902344
5.058594
5.097656
5.014648
4.868164
4.624023
4.233398
3.793945
3.261719
2.817383
2.216797
1.728516
1.191406
0.751953
0.385742
0.107422
-0.097656
-0.209961
-0.205078
-0.048828
0.126953
0.454102
0.805664
1.279297
1.782227
2.338867
2.866211
3.383789
3.896484
4.311523
4.614258
4.916992
5.039062
5.112305
5.112305
4.946289
4.721680
4.365234
3.974609
3.437500
2.924805
2.377930
1.875000
1.352539
0.878906
0.463867
0.112305
-0.092773
-0.234375
-0.249023
-0.170898
0.063477
0.312500
0.659180
1.127930
1.660156
2.148438
2.695312
3.222656
3.720703
4.174805
4.550781
4.814453
5.034180
5.117188
5.097656
4.941406
4.746094
4.414062
4.023438
3.544922
3.032227
2.480469
1.962891
1.450195
0.942383
0.498047
0.185547
-0.048828
-0.244141
-0.288086
-0.205078
-0.039062
0.205078
0.556641
0.976562
1.464844
1.967773
2.529297
3.081055
3.574219
4.023438
4.389648
4.721680
4.946289
5.043945
5.073242
4.980469
4.794922
4.506836
4.125977
3.691406
3.154297
2.661133
2.104492
1.572266
1.069336
0.615234
0.283203
-0.009766
-0.180664
-0.297852
-0.253906
-0.078125
0.136719
0.458984
0.869141
1.352539
1.840820
2.382812
2.915039
3.476562
3.901367
4.335938
4.716797
4.916992
5.092773
5.117188
5.029297
4.873047
4.584961
4.243164
3.754883
3.271484
2.792969
2.246094
1.708984
1.157227
0.771484
0.336914
0.058594
-0.185547
-0.268555
-0.249023
-0.151367
0.078125
0.395508
0.795898
1.259766
1.738281
2.338867
2.851562
3.374023
3.837891
4.228516
4.604492
4.877930
5.024414
5.087891
5.063477
4.892578
4.672852
4.326172
3.891602
3.413086
2.910156
2.353516
1.826172
1.303711
0.859375
0.454102
0.107422
-0.146484
-0.234375
-0.244141
-0.180664
0.000000
0.283203
0.683594
1.103516
1.601562
2.153320
2.675781
3.212891
3.715820
4.165039
4.501953
4.809570
5.019531
5.136719
5.073242
4.990234
4.746094
4.423828
4.052734
3.574219
3.056641
2.534180
1.948242
1.440430
0.971680
0.517578
0.190430
-0.117188
-0.249023
-0.307617
-0.234375
-0.068359
0.170898
0.556641
0.957031
1.464844
1.962891
2.504883
3.071289
3.540039
4.018555
4.428711
4.741211
4.941406
5.083008
5.092773
4.975586
4.794922
4.497070
4.125977
3.662109
3.164062
2.622070
2.104492
1.591797
1.064453
0.620117
0.292969
-0.004883
-0.185547
-0.273438
-0.258789
-0.097656
0.131836
0.483398
0.888672
1.357422
1.850586
2.387695
2.958984
3.452148
3.920898
4.340820
4.653320
4.892578
5.078125
5.117188
4.985352
4.863281
4.575195
4.243164
3.774414
3.305664
2.758789
2.255859
1.699219
1.215820
0.795898
0.356445
0.053711
-0.175781
-0.244141
-0.244141
-0.117188
0.126953
0.380859
0.800781
1.259766
1.791992
2.338867
2.832031
3.393555
3.867188
4.316406
4.638672
4.916992
5.043945
5.166016
5.117188
4.975586
4.707031
4.360352
3.945312
3.486328
2.949219
2.416992
1.855469
1.352539
0.878906
0.463867
0.117188
-0.117188
-0.253906
-0.263672
-0.141602
0.034180
0.312500
0.688477
1.132812
1.645508
2.148438
2.661133
3.217773
3.720703
4.169922
4.526367
4.819336
5.073242
5.117188
5.107422
4.956055
4.711914
4.409180
4.028320
3.544922
3.046875
2.504883
1.933594
1.445312
0.976562
0.512695
0.166016
-0.083008
-0.214844
-0.288086
-0.205078
-0.043945
0.219727
0.551758
0.976562
1.508789
2.041016
2.534180
3.037109
3.593750
4.047852
4.428711
4.726562
4.931641
5.043945
5.068359
4.990234
4.785156
4.497070
4.121094
3.662109
3.173828
2.646484
2.114258
1.582031
1.054688
0.634766
0.268555
-0.024414
-0.175781
-0.263672
-0.249023
-0.097656
0.136719
0.493164
0.864258
1.362305
1.870117
2.392578
2.954102
3.461914
3.940430
4.350586
4.667969
4.951172
5.078125
5.058594
5.039062
4.853516
4.570312
4.243164
3.798828
3.330078
2.734375
2.202148
1.694336
1.191406
0.776367
0.371094
0.019531
-0.170898
-0.268555
-0.268555
-0.083008
0.053711
0.405273
0.825195
1.254883
1.752930
2.285156
2.832031
3.369141
3.842773
4.277344
4.624023
4.892578
5.043945
5.112305
5.043945
4.892578
4.619141
4.301758
3.881836
3.422852
2.924805
2.377930
1.835938
1.328125
0.834961
0.444336
0.122070
-0.126953
-0.229492
-0.268555
-0.200195
0.034180
0.302734
0.644531
1.132812
1.611328
2.143555
2.680664
3.242188
3.710938
4.140625
4.550781
4.814453
5.009766
5.112305
5.083008
4.985352
4.731445
4.443359
4.038086
3.535156
3.081055
2.529297
1.938477
1.416016
0.957031
0.507812
0.146484
-0.083008
-0.219727
-0.327148
-0.278320
-0.087891
0.175781
0.512695
0.957031
1.440430
1.967773
2.490234
3.071289
3.544922
3.999023
4.389648
4.731445
4.926758
5.073242
5.102539
4.990234
4.775391
4.501953
4.096680
3.676758
3.178711
2.641602
2.075195
1.552734
1.069336
0.634766
0.283203
0.009766
-0.205078
-0.273438
-0.244141
-0.102539
0.126953
0.478516
0.874023
1.347656
1.855469
2.436523
2.929688
3.466797
3.911133
4.355469
4.658203
4.902344
5.068359
5.083008
5.048828
4.853516
4.555664
4.262695
3.789062
3.300781
2.797852
2.255859
1.689453
1.201172
0.771484
0.410156
0.117188
-0.097656
-0.219727
-0.234375
-0.073242
0.073242
0.419922
0.800781
1.279297
1.777344
2.319336
2.841797
3.364258
3.857422
4.248047
4.599609
4.902344
5.078125
5.141602
5.112305
4.897461
4.721680
4.311523
3.925781
3.481445
2.905273
2.373047
1.811523
1.347656
0.893555
0.483398
0.117188
-0.146484
-0.224609
-0.253906
-0.170898
0.024414
0.336914
0.683594
1.132812
1.616211
2.153320
2.675781
3.217773
3.735352
4.189453
4.526367
4.814453
4.995117
5.112305
5.087891
4.946289
4.760742
4.414062
3.999023
3.554688
3.032227
2.534180
1.962891
1.450195
0.927734
0.546875
0.185547
-0.034180
-0.229492
-0.283203
-0.200195
-0.029297
0.234375
0.551758
1.005859
1.440430
1.987305
2.534180
3.041992
3.603516
4.018555
4.384766
4.726562
4.946289
5.043945
5.043945
4.965820
4.760742
4.492188
4.121094
3.691406
3.164062
2.656250
2.104492
1.601562
1.074219
0.639648
0.288086
0.009766
-0.151367
-0.288086
-0.234375
-0.097656
0.166016
0.473633
0.878906
1.357422
1.904297
2.377930
2.929688
3.491211
3.955078
4.306641
4.692383
4.960938
5.063477
5.117188
5.058594
4.902344
4.584961
4.199219
3.725586
3.251953
2.797852
2.255859
1.694336
1.157227
0.712891
0.346680
0.068359
-0.126953
-0.258789
-0.268555
-0.136719
0.039062
0.424805
0.795898
1.259766
1.782227
2.265625
2.846680
3.359375
3.852539
4.267578
4.619141
4.887695
5.014648
5.107422
5.048828
4.921875
4.643555
4.355469
3.916016
3.452148
2.905273
2.358398
1.816406
1.303711
0.839844
0.415039
0.097656
-0.117188
-0.253906
-0.253906
-0.151367
0.058594
0.312500
0.634766
1.152344
1.596680
2.158203
2.685547
3.212891
3.725586
4.145508
4.555664
4.853516
5.034180
5.136719
5.092773
4.946289
4.716797
4.423828
4.033203
3.569336
3.017578
2.509766
1.992188
1.440430
0.957031
0.468750
0.141602
-0.107422
-0.234375
-0.302734
-0.249023
-0.107422
0.185547
0.532227
0.981445
1.499023
1.962891
2.524414
3.071289
3.554688
4.047852
4.428711
4.721680
4.960938
5.097656
5.078125
4.975586
4.790039
4.501953
4.111328
3.657227
3.159180
2.626953
2.084961
1.567383
1.064453
0.620117
0.273438
0.004883
-0.175781
-0.258789
-0.253906
-0.063477
0.131836
0.483398
0.893555
1.386719
1.831055
2.397461
2.954102
3.466797
3.964844
4.331055
4.663086
4.941406
5.048828
5.053711
5.034180
4.863281
4.604492
4.228516
3.754883
3.354492
2.749023
2.270508
1.699219
1.201172
0.756836
0.356445
0.078125
-0.156250
-0.205078
-0.214844
-0.112305
0.097656
0.429688
0.795898
1.298828
1.791992
2.294922
2.866211
3.383789
3.876953
4.291992
4.653320
4.931641
5.063477
5.175781
5.112305
4.980469
4.721680
4.340820
3.911133
3.471680
2.939453
2.392578
1.835938
1.323242
0.898438
0.439453
0.112305
-0.117188
-0.258789
-0.268555
-0.112305
-0.004883
0.351562
0.698242
1.147461
1.621094
2.148438
2.705078
3.212891
3.706055
4.145508
4.516602
4.833984
5.063477
5.092773
5.083008
4.965820
4.716797
4.389648
4.033203
3.564453
3.007812
2.514648
1.928711
1.494141
0.976562
0.537109
0.161133
-0.063477
-0.234375
-0.273438
-0.190430
-0.078125
0.234375
0.566406
1.010742
1.474609
1.997070
2.539062
3.056641
3.588867
4.033203
4.414062
4.750977
4.926758
5.063477
5.039062
4.960938
4.750977
4.497070
4.121094
3.681641
3.188477
2.646484
2.099609
1.577148
1.074219
0.625000
0.297852
-0.019531
-0.180664
-0.253906
-0.239258
-0.092773
0.170898
0.473633
0.864258
1.347656
1.835938
2.392578
2.934570
3.442383
3.911133
4.335938
4.663086
4.921875
5.078125
5.117188
5.004883
4.838867
4.550781
4.238281
3.789062
3.315430
2.734375
2.236328
1.679688
1.196289
0.756836
0.356445
0.024414
-0.175781
-0.249023
-0.244141
-0.136719
0.107422
0.424805
0.805664
1.313477
1.738281
2.285156
2.827148
3.354492
3.857422
4.272461
4.619141
4.882812
5.063477
5.087891
5.063477
4.907227
4.663086
4.291992
3.891602
3.427734
2.905273
2.373047
1.816406
1.352539
0.893555
0.468750
0.136719
-0.122070
-0.253906
-0.229492
-0.175781
0.019531
0.283203
0.649414
1.113281
1.640625
2.148438
2.675781
3.173828
3.710938
4.213867
4.550781
4.819336
5.000000
5.102539
5.092773
4.975586
4.760742
4.438477
4.042969
3.593750
3.076172
2.490234
1.977539
1.440430
0.922852
0.493164
0.175781
-0.063477
-0.205078
-0.292969
-0.244141
-0.102539
0.200195
0.561523
0.991211
1.469727
1.943359
2.519531
3.046875
3.569336
4.033203
4.423828
4.746094
4.956055
5.097656
5.117188
4.985352
4.785156
4.492188
4.121094
3.657227
3.164062
2.622070
2.075195
1.596680
1.069336
0.610352
0.239258
-0.009766
-0.195312
-0.258789
-0.253906
-0.083008
0.126953
0.478516
0.874023
1.342773
1.845703
2.397461
2.968750
3.471680
3.916016
4.326172
4.687500
4.912109
5.063477
5.126953
5.034180
4.863281
4.609375
4.218750
3.808594
3.325195
2.807617
2.246094
1.689453
1.186523
0.766602
0.410156
0.078125
-0.146484
-0.214844
-0.253906
-0.141602
0.102539
0.405273
0.800781
1.264648
1.806641
2.324219
2.885742
3.378906
3.857422
4.306641
4.653320
4.887695
5.087891
5.122070
5.136719
4.941406
4.677734
4.375000
3.920898
3.461914
2.963867
2.407227
1.850586
1.337891
0.874023
0.454102
0.131836
-0.122070
-0.249023
-0.249023
-0.141602
0.024414
0.312500
0.712891
1.142578
1.606445
2.153320
2.700195
3.212891
3.720703
4.150391
4.545898
4.838867
5.063477
5.102539
5.126953
4.926758
4.716797
4.433594
4.013672
3.554688
3.032227
2.519531
1.928711
1.503906
0.937500
0.512695
0.224609
-0.083008
-0.219727
-0.292969
-0.229492
-0.063477
0.234375
0.581055
0.971680
1.455078
1.992188
2.524414
3.061523
3.564453
4.018555
4.399414
4.731445
4.946289
5.112305
5.053711
4.975586
4.770508
4.467773
4.135742
3.676758
3.178711
2.670898
2.114258
1.562500
1.064453
0.654297
0.302734
-0.019531
-0.190430
-0.268555
-0.239258
-0.122070
0.156250
0.483398
0.883789
1.347656
1.875000
2.412109
2.954102
3.461914
3.916016
4.335938
4.697266
4.921875
5.039062
5.087891
5.029297
4.858398
4.570312
4.248047
3.779297
3.325195
2.797852
2.231445
1.660156
1.157227
0.688477
0.356445
0.078125
-0.161133
-0.263672
-0.273438
-0.112305
0.092773
0.419922
0.830078
1.269531
1.752930
2.324219
2.851562
3.354492
3.818359
4.248047
4.624023
4.882812
5.053711
5.122070
5.063477
4.877930
4.633789
4.345703
3.920898
3.427734
2.880859
2.377930
1.826172
1.313477
0.834961
0.463867
0.117188
-0.136719
-0.239258
-0.244141
-0.166016
0.014648
0.302734
0.683594
1.137695
1.630859
2.119141
2.656250
3.198242
3.720703
4.184570
4.526367
4.814453
5.043945
5.126953
5.087891
4.956055
4.750977
4.423828
4.057617
3.574219
3.027344
2.514648
2.011719
1.416016
0.961914
0.522461
0.185547
-0.092773
-0.214844
-0.273438
-0.224609
-0.039062
0.209961
0.571289
0.996094
1.469727
1.987305
2.548828
3.056641
3.569336
4.023438
4.428711
4.707031
4.975586
5.083008
5.073242
5.024414
4.775391
4.497070
4.125977
3.647461
3.173828
2.651367
2.099609
1.577148
1.049805
0.654297
0.288086
0.019531
-0.170898
-0.263672
-0.263672
-0.102539
0.185547
0.498047
0.893555
1.357422
1.840820
2.441406
2.983398
3.457031
3.950195
4.340820
4.697266
4.887695
5.083008
5.107422
5.078125
4.892578
4.575195
4.238281
3.818359
3.320312
2.797852
2.236328
1.713867
1.201172
0.747070
0.390625
0.068359
-0.131836
-0.219727
-0.214844
-0.048828
0.117188
0.405273
0.830078
1.264648
1.791992
2.333984
2.861328
3.393555
3.867188
4.296875
4.677734
4.931641
5.087891
5.166016
5.107422
4.921875
4.702148
4.370117
3.935547
3.486328
2.905273
2.358398
1.811523
1.367188
0.903320
0.468750
0.156250
-0.131836
-0.239258
-0.234375
-0.156250
0.024414
0.346680
0.683594
1.123047
1.645508
2.167969
2.680664
3.212891
3.759766
4.150391
4.560547
4.843750
5.039062
5.097656
5.078125
5.000000
4.785156
4.414062
4.013672
3.520508
3.071289
2.480469
1.982422
1.416016
0.932617
0.571289
0.195312
-0.097656
-0.214844
-0.283203
-0.195312
-0.048828
0.263672
0.581055
0.961914
1.469727
1.997070
2.539062
3.066406
3.564453
4.052734
4.414062
4.716797
4.951172
5.078125
5.112305
4.970703
4.780273
4.506836
4.096680
3.676758
3.198242
2.685547
2.114258
1.591797
1.113281
0.664062
0.263672
-0.009766
-0.200195
-0.239258
-0.224609
-0.083008
0.141602
0.498047
0.874023
1.328125
1.865234
2.436523
2.944336
3.442383
3.945312
4.335938
4.697266
4.946289
5.087891
5.078125
5.048828
4.863281
4.594727
4.199219
3.823242
3.325195
2.783203
2.207031
1.665039
1.186523
0.756836
0.400391
0.068359
-0.180664
-0.283203
-0.278320
-0.097656
0.087891
0.371094
0.830078
1.269531
1.801758
2.314453
2.841797
3.354492
3.842773
4.238281
4.575195
4.877930
5.058594
5.117188
5.087891
4.892578
4.677734
4.321289
3.930664
3.442383
2.934570
2.387695
1.840820
1.308594
0.864258
0.478516
0.087891
-0.112305
-0.239258
-0.239258
-0.209961
0.039062
0.322266
0.649414
1.103516
1.591797
2.128906
2.695312
3.222656
3.715820
4.174805
4.506836
4.824219
5.004883
5.097656
5.087891
4.960938
4.760742
4.433594
4.038086
3.574219
3.051758
2.524414
1.967773
1.430664
0.932617
0.546875
0.166016
-0.087891
-0.229492
-0.283203
-0.258789
-0.087891
0.205078
0.556641
0.976562
1.494141
1.962891
2.539062
3.056641
3.613281
4.018555
4.409180
4.707031
4.960938
5.102539
5.083008
4.995117
4.809570
4.492188
4.121094
3.642578
3.178711
2.622070
2.114258
1.596680
1.083984
0.644531
0.253906
-0.024414
-0.156250
-0.268555
-0.229492
-0.087891
0.161133
0.512695
0.888672
1.357422
1.884766
2.421875
2.963867
3.461914
3.955078
4.331055
4.697266
4.921875
5.068359
5.112305
5.034180
4.897461
4.609375
4.238281
3.803711
3.295898
2.802734
2.280273
1.728516
1.264648
0.761719
0.380859
0.083008
-0.126953
-0.249023
-0.200195
-0.087891
0.122070
0.439453
0.800781
1.259766
1.757812
2.304688
2.880859
3.408203
3.857422
4.257812
4.609375
4.912109
5.097656
5.136719
5.117188
4.951172
4.672852
4.316406
3.930664
3.452148
2.958984
2.392578
1.840820
1.357422
0.878906
0.444336
0.156250
-0.126953
-0.214844
-0.273438
-0.156250
0.053711
0.263672
0.703125
1.152344
1.660156
2.163086
2.685547
3.222656
3.735352
4.174805
4.570312
4.838867
5.039062
5.131836
5.068359
4.960938
4.746094
4.443359
4.057617
3.530273
3.027344
2.495117
1.982422
1.425781
0.942383
0.561523
0.166016
-0.034180
-0.205078
-0.312500
-0.234375
-0.019531
0.200195
0.576172
1.010742
1.503906
1.997070
2.534180
3.041992
3.574219
4.042969
4.399414
4.746094
4.980469
5.063477
5.073242
5.014648
4.790039
4.550781
4.101562
3.681641
3.198242
2.631836
2.099609
1.567383
1.064453
0.678711
0.288086
0.009766
-0.170898
-0.249023
-0.249023
-0.092773
0.131836
0.468750
0.869141
1.352539
1.889648
2.412109
2.910156
3.466797
3.935547
4.360352
4.658203
4.956055
5.078125
5.107422
5.004883
4.882812
4.575195
4.208984
3.808594
3.271484
2.758789
2.265625
1.684570
1.152344
0.703125
0.366211
0.073242
-0.146484
-0.268555
-0.268555
-0.097656
0.097656
0.429688
0.834961
1.259766
1.767578
2.285156
2.812500
3.388672
3.842773
4.252930
4.633789
4.882812
5.053711
5.097656
5.063477
4.936523
4.658203
4.335938
3.867188
3.476562
2.939453
2.343750
1.835938
1.289062
0.839844
0.454102
0.112305
-0.083008
-0.224609
-0.258789
-0.175781
0.000000
0.312500
0.688477
1.147461
1.572266
2.148438
2.670898
3.217773
3.730469
4.160156
4.497070
4.858398
5.014648
5.136719
5.131836
4.980469
4.711914
4.433594
4.042969
3.608398
3.066406
2.509766
1.938477
1.469727
0.971680
0.541992
0.175781
-0.053711
-0.161133
-0.278320
-0.253906
-0.107422
0.185547
0.551758
0.986328
1.455078
1.977539
2.539062
3.041992
3.613281
4.018555
4.414062
4.755859
4.931641
5.078125
5.063477
5.009766
4.824219
4.511719
4.150391
3.676758
3.139648
2.641602
2.094727
1.596680
1.059570
0.620117
0.292969
0.029297
-0.190430
-0.297852
-0.214844
-0.073242
0.141602
0.507812
0.888672
1.386719
1.875000
2.421875
2.978516
