2.182617
1.611328
1.176758
0.727539
0.351562
0.014648
-0.170898
-0.263672
-0.219727
-0.073242
0.151367
0.444336
0.839844
1.303711
1.826172
2.373047
2.880859
3.408203
3.857422
4.287109
4.663086
4.960938
5.117188
5.122070
5.063477
4.941406
4.692383
4.350586
3.847656
3.393555
2.861328
2.319336
1.821289
1.308594
0.815430
0.449219
0.083008
-0.107422
-0.214844
-0.249023
-0.136719
0.019531
0.312500
0.673828
1.171875
1.630859
2.182617
2.695312
3.242188
3.730469
4.228516
4.575195
4.853516
5.043945
5.126953
5.092773
4.936523
4.755859
4.375000
3.999023
3.520508
2.983398
2.456055
1.938477
1.401367
0.903320
0.507812
0.185547
-0.087891
-0.224609
-0.283203
-0.205078
-0.019531
0.224609
0.639648
1.000977
1.479492
2.011719
2.558594
3.105469
3.608398
4.062500
4.443359
4.760742
4.970703
5.058594
5.068359
4.946289
4.731445
4.462891
4.047852
3.603516
3.090820
2.543945
2.006836
1.479492
0.991211
0.590820
0.229492
-0.004883
-0.190430
-0.302734
-0.234375
-0.092773
0.170898
0.527344
0.913086
1.367188
1.884766
2.460938
2.983398
3.496094
3.969727
4.355469
4.672852
4.951172
5.102539
5.092773
5.000000
4.819336
4.589844
4.174805
3.735352
3.232422
2.734375
2.158203
1.630859
1.127930
0.664062
0.312500
0.053711
-0.146484
-0.273438
-0.292969
-0.175781
0.107422
0.415039
0.805664
1.235352
1.777344
2.353516
2.851562
3.344727
3.847656
4.306641
4.638672
4.951172
5.083008
5.126953
5.087891
4.912109
4.633789
4.296875
3.862305
3.378906
2.846680
2.304688
1.762695
1.250000
0.805664
0.390625
0.083008
-0.122070
-0.258789
-0.258789
-0.185547
0.009766
0.288086
0.698242
1.123047
1.679688
2.177734
2.705078
3.242188
3.759766
4.194336
4.541016
4.833984
5.029297
5.097656
5.087891
4.921875
4.721680
4.389648
4.008789
3.544922
2.998047
2.460938
1.889648
1.396484
0.952148
0.537109
0.185547
-0.043945
-0.224609
-0.312500
-0.195312
-0.004883
0.234375
0.585938
1.020508
1.489258
2.036133
2.573242
3.095703
3.574219
4.057617
4.414062
4.780273
4.951172
5.073242
5.043945
4.970703
4.780273
4.472656
4.072266
3.613281
3.095703
2.558594
2.065430
1.542969
1.035156
0.566406
0.234375
-0.004883
-0.185547
-0.268555
-0.239258
-0.107422
0.170898
0.507812
0.908203
1.435547
1.923828
2.421875
3.002930
3.510742
3.969727
4.350586
4.697266
4.941406
5.083008
5.058594
5.048828
4.843750
4.565430
4.135742
3.750000
3.291016
2.690430
2.153320
1.611328
1.166992
0.708008
0.336914
0.019531
-0.166016
-0.263672
-0.249023
-0.083008
0.136719
0.424805
0.815430
1.293945
1.796875
2.333984
2.861328
3.408203
3.911133
4.321289
4.658203
4.921875
5.048828
5.107422
5.107422
4.902344
4.682617
4.335938
3.872070
3.417969
2.851562
2.353516
1.767578
1.250000
0.849609
0.434570
0.092773
-0.112305
-0.283203
-0.249023
-0.146484
0.048828
0.341797
0.737305
1.137695
1.655273
2.158203
2.705078
3.256836
3.759766
4.204102
4.580078
4.829102
5.029297
5.092773
5.092773
4.941406
4.716797
4.365234
3.964844
3.535156
3.007812
2.426758
1.943359
1.367188
0.908203
0.512695
0.185547
-0.083008
-0.258789
-0.283203
-0.200195
-0.009766
0.239258
0.561523
1.020508
1.499023
2.050781
2.578125
3.105469
3.627930
4.072266
4.462891
4.746094
4.956055
5.058594
5.063477
4.960938
4.746094
4.467773
4.082031
3.637695
3.071289
2.534180
2.006836
1.508789
1.015625
0.595703
0.263672
-0.029297
-0.185547
-0.249023
-0.239258
-0.073242
0.170898
0.507812
0.913086
1.372070
1.928711
2.441406
3.007812
3.481445
3.955078
4.370117
4.726562
4.916992
5.063477
5.097656
5.043945
4.858398
4.531250
4.155273
3.735352
3.256836
2.753906
2.172852
1.621094
1.118164
0.688477
0.322266
0.039062
-0.209961
-0.297852
-0.297852
-0.097656
0.122070
0.390625
0.776367
1.284180
1.796875
2.290039
2.812500
3.378906
3.896484
4.291992
4.687500
4.956055
5.126953
5.136719
5.053711
4.882812
4.628906
4.282227
3.847656
3.383789
2.846680
2.304688
1.762695
1.284180
0.815430
0.400391
0.092773
-0.185547
-0.253906
-0.249023
-0.161133
0.039062
0.361328
0.659180
1.137695
1.640625
2.153320
2.724609
3.271484
3.715820
4.155273
4.565430
4.838867
5.039062
5.092773
5.083008
4.965820
4.716797
4.399414
3.999023
3.510742
3.002930
2.490234
1.933594
1.425781
0.922852
0.537109
0.175781
-0.063477
-0.214844
-0.263672
-0.195312
-0.019531
0.190430
0.566406
1.000977
1.489258
2.041016
2.578125
3.164062
3.579102
4.033203
4.428711
4.711914
4.980469
5.039062
5.063477
4.941406
4.721680
4.458008
4.072266
3.613281
3.105469
2.573242
2.036133
1.528320
1.049805
0.615234
0.229492
-0.048828
-0.170898
-0.263672
-0.195312
-0.068359
0.175781
0.502930
0.898438
1.367188
1.938477
2.421875
2.988281
3.481445
3.989258
4.375000
4.702148
4.980469
5.078125
5.117188
5.053711
4.824219
4.560547
4.179688
3.730469
3.247070
2.666016
2.202148
1.640625
1.157227
0.732422
0.327148
0.019531
-0.166016
-0.229492
-0.195312
-0.122070
0.097656
0.424805
0.805664
1.293945
1.831055
2.358398
2.856445
3.369141
3.862305
4.306641
4.677734
4.902344
5.068359
5.161133
5.126953
4.926758
4.697266
4.296875
3.896484
3.339844
2.880859
2.329102
1.816406
1.323242
0.849609
0.434570
0.146484
-0.112305
-0.234375
-0.205078
-0.122070
0.063477
0.336914
0.732422
1.157227
1.601562
2.158203
2.734375
3.266602
3.730469
4.218750
4.545898
4.858398
5.068359
5.136719
5.087891
4.946289
4.726562
4.394531
3.984375
3.535156
2.998047
2.412109
1.914062
1.376953
0.908203
0.498047
0.166016
-0.136719
-0.229492
-0.278320
-0.219727
0.009766
0.234375
0.625000
0.991211
1.484375
2.031250
2.558594
3.120117
3.598633
4.072266
4.453125
4.750977
4.985352
5.112305
5.112305
4.980469
4.746094
4.453125
4.057617
3.583984
3.066406
2.543945
2.001953
1.484375
1.010742
0.585938
0.249023
-0.034180
-0.209961
-0.278320
-0.244141
-0.068359
0.180664
0.502930
0.927734
1.406250
1.918945
2.456055
2.988281
3.481445
3.969727
4.360352
4.702148
4.936523
5.053711
5.122070
5.063477
4.863281
4.511719
4.189453
3.740234
3.266602
2.744141
2.167969
1.591797
1.127930
0.703125
0.332031
0.024414
-0.175781
-0.273438
-0.258789
-0.126953
0.107422
0.395508
0.781250
1.269531
1.791992
2.348633
2.880859
3.369141
3.847656
4.306641
4.638672
4.921875
5.063477
5.146484
5.063477
4.902344
4.667969
4.291992
3.857422
3.388672
2.851562
2.314453
1.752930
1.220703
0.825195
0.405273
0.102539
-0.122070
-0.283203
-0.253906
-0.166016
0.014648
0.302734
0.683594
1.157227
1.625977
2.167969
2.734375
3.256836
3.725586
4.218750
4.555664
4.863281
5.029297
5.117188
5.078125
4.946289
4.707031
4.394531
3.989258
3.505859
3.012695
2.451172
1.933594
1.411133
0.932617
0.522461
0.190430
-0.043945
-0.219727
-0.253906
-0.185547
-0.019531
0.214844
0.571289
1.030273
1.450195
2.016602
2.534180
3.100586
3.530273
4.038086
4.462891
4.750977
4.960938
5.034180
5.009766
4.941406
4.741211
4.467773
4.091797
3.608398
3.095703
2.558594
2.045898
1.523438
1.049805
0.590820
0.234375
-0.039062
-0.205078
-0.249023
-0.229492
-0.097656
0.161133
0.498047
0.903320
1.391602
1.894531
2.436523
2.983398
3.491211
3.955078
4.370117
4.707031
4.946289
5.058594
5.092773
5.009766
4.838867
4.575195
4.179688
3.740234
3.193359
2.729492
2.202148
1.665039
1.152344
0.664062
0.322266
0.024414
-0.122070
-0.258789
-0.258789
-0.131836
0.166016
0.473633
0.859375
1.308594
1.787109
2.333984
2.866211
3.417969
3.916016
4.335938
4.707031
4.921875
5.073242
5.092773
5.112305
4.941406
4.648438
4.282227
3.881836
3.408203
2.929688
2.363281
1.850586
1.347656
0.849609
0.449219
0.141602
-0.102539
-0.224609
-0.214844
-0.126953
0.053711
0.361328
0.747070
1.157227
1.665039
2.172852
2.690430
3.256836
3.769531
4.204102
4.560547
4.873047
5.039062
5.092773
5.097656
4.956055
4.687500
4.379883
3.999023
3.520508
2.988281
2.460938
1.909180
1.406250
0.917969
0.488281
0.156250
-0.117188
-0.229492
-0.229492
-0.229492
-0.039062
0.209961
0.605469
1.025391
1.503906
2.070312
2.558594
3.125000
3.583984
4.082031
4.433594
4.741211
4.960938
5.063477
5.048828
4.970703
4.746094
4.453125
4.062500
3.603516
3.120117
2.563477
1.982422
1.523438
1.000977
0.576172
0.253906
-0.039062
-0.214844
-0.258789
-0.229492
-0.043945
0.151367
0.483398
0.908203
1.401367
1.870117
2.470703
2.993164
3.515625
3.964844
4.389648
4.702148
4.946289
5.083008
5.073242
5.000000
4.848633
4.555664
4.150391
3.720703
3.222656
2.709961
2.187500
1.640625
1.147461
0.698242
0.317383
0.019531
-0.200195
-0.288086
-0.249023
-0.151367
0.068359
0.385742
0.820312
1.254883
1.782227
2.324219
2.807617
3.388672
3.842773
4.282227
4.643555
4.887695
5.058594
5.146484
5.063477
4.907227
4.648438
4.277344
3.867188
3.374023
2.866211
2.294922
1.791992
1.250000
0.815430
0.405273
0.112305
-0.161133
-0.229492
-0.253906
-0.170898
0.048828
0.307617
0.722656
1.118164
1.660156
2.182617
2.690430
3.237305
3.774414
4.155273
4.575195
4.824219
5.029297
5.141602
5.107422
4.921875
4.716797
4.375000
3.969727
3.530273
2.978516
2.451172
1.914062
1.406250
0.922852
0.507812
0.185547
-0.073242
-0.234375
-0.258789
-0.214844
-0.014648
0.214844
0.576172
1.000977
1.489258
2.055664
2.514648
3.105469
3.569336
4.033203
4.438477
4.750977
4.995117
5.087891
5.058594
4.941406
4.726562
4.423828
4.062500
3.613281
3.154297
2.558594
2.036133
1.499023
1.005859
0.610352
0.234375
-0.029297
-0.209961
-0.268555
-0.244141
-0.097656
0.161133
0.522461
0.942383
1.367188
1.879883
2.441406
2.978516
3.491211
3.955078
4.370117
4.707031
4.960938
5.083008
5.097656
5.048828
4.843750
4.536133
4.169922
3.715820
3.242188
2.724609
2.148438
1.606445
1.123047
0.703125
0.332031
0.053711
-0.166016
-0.273438
-0.234375
-0.112305
0.112305
0.395508
0.800781
1.313477
1.821289
2.358398
2.841797
3.378906
3.833008
4.316406
4.682617
4.960938
5.073242
5.170898
5.063477
4.956055
4.672852
4.335938
3.906250
3.427734
2.910156
2.314453
1.816406
1.259766
0.869141
0.419922
0.151367
-0.122070
-0.200195
-0.205078
-0.117188
0.043945
0.327148
0.722656
1.152344
1.630859
2.172852
2.695312
3.217773
3.745117
4.179688
4.575195
4.863281
5.024414
5.136719
5.063477
4.916992
4.760742
4.404297
3.974609
3.515625
2.973633
2.421875
1.914062
1.435547
0.922852
0.498047
0.151367
-0.078125
-0.253906
-0.283203
-0.185547
-0.004883
0.273438
0.585938
1.000977
1.533203
2.036133
2.587891
3.105469
3.618164
4.047852
4.448242
4.750977
4.965820
5.097656
5.092773
4.975586
4.770508
4.433594
4.042969
3.588867
3.115234
2.558594
2.031250
1.508789
1.005859
0.581055
0.234375
-0.053711
-0.209961
-0.263672
-0.258789
-0.063477
0.175781
0.502930
0.932617
1.406250
1.899414
2.456055
2.973633
3.510742
3.979492
4.335938
4.692383
4.931641
5.039062
5.063477
5.000000
4.809570
4.555664
4.179688
3.720703
3.237305
2.705078
2.158203
1.665039
1.171875
0.698242
0.312500
0.034180
-0.180664
-0.283203
-0.234375
-0.141602
0.073242
0.415039
0.795898
1.225586
1.743164
2.309570
2.866211
3.417969
3.852539
4.252930
4.653320
4.887695
5.053711
5.117188
5.073242
4.897461
4.628906
4.282227
3.862305
3.364258
2.871094
2.314453
1.777344
1.264648
0.781250
0.424805
0.083008
-0.141602
-0.268555
-0.283203
-0.141602
0.024414
0.317383
0.688477
1.166992
1.635742
2.133789
2.719727
3.261719
3.730469
4.189453
4.526367
4.819336
5.004883
5.107422
5.102539
4.956055
4.707031
4.384766
3.974609
3.486328
2.993164
2.480469
1.914062
1.416016
0.947266
0.507812
0.185547
-0.087891
-0.214844
-0.239258
-0.195312
-0.048828
0.214844
0.595703
1.059570
1.508789
2.045898
2.553711
3.110352
3.549805
4.047852
4.438477
4.697266
4.965820
5.034180
5.053711
4.965820
4.746094
4.453125
4.062500
3.608398
3.105469
2.592773
2.041016
1.523438
1.010742
0.585938
0.209961
-0.034180
-0.200195
-0.288086
-0.224609
-0.102539
0.151367
0.478516
0.927734
1.376953
1.904297
2.446289
2.978516
3.520508
3.994141
4.355469
4.697266
4.946289
5.092773
5.122070
5.019531
4.824219
4.560547
4.160156
3.715820
3.266602
2.763672
2.182617
1.679688
1.132812
0.698242
0.317383
0.014648
-0.156250
-0.239258
-0.234375
-0.151367
0.117188
0.458984
0.874023
1.328125
1.821289
2.373047
2.910156
3.388672
3.930664
4.296875
4.653320
4.907227
5.097656
5.161133
5.117188
4.956055
4.633789
4.291992
3.920898
3.417969
2.934570
2.304688
1.757812
1.259766
0.825195
0.473633
0.126953
-0.097656
-0.219727
-0.209961
-0.112305
0.039062
0.356445
0.693359
1.127930
1.650391
2.187500
2.734375
3.261719
3.730469
4.160156
4.575195
4.887695
5.039062
5.112305
5.107422
4.960938
4.750977
4.409180
3.979492
3.515625
2.998047
2.475586
1.943359
1.416016
0.898438
0.488281
0.122070
-0.063477
-0.224609
-0.239258
-0.214844
-0.014648
0.249023
0.590820
1.064453
1.484375
2.045898
2.543945
3.100586
3.642578
4.067383
4.477539
4.736328
4.956055
5.083008
5.087891
4.970703
4.790039
4.448242
4.072266
3.593750
3.100586
2.573242
2.011719
1.494141
0.981445
0.590820
0.219727
-0.024414
-0.170898
-0.273438
-0.224609
-0.073242
0.117188
0.532227
0.937500
1.381836
1.904297
2.441406
2.954102
3.510742
3.959961
4.384766
4.716797
4.960938
5.097656
5.078125
5.004883
4.829102
4.580078
4.189453
3.735352
3.242188
2.719727
2.187500
1.640625
1.142578
0.673828
0.327148
0.039062
-0.166016
-0.297852
-0.249023
-0.141602
0.048828
0.400391
0.830078
1.318359
1.811523
2.285156
2.807617
3.359375
3.847656
4.291992
4.638672
4.863281
5.058594
5.117188
5.053711
4.931641
4.633789
4.316406
3.852539
3.408203
2.846680
2.329102
1.772461
1.254883
0.810547
0.424805
0.087891
-0.136719
-0.249023
-0.288086
-0.170898
0.063477
0.312500
0.693359
1.137695
1.645508
2.153320
2.719727
3.251953
3.750000
4.165039
4.536133
4.819336
5.014648
5.117188
5.053711
4.970703
4.721680
4.365234
3.955078
3.515625
2.993164
2.485352
1.914062
1.372070
0.908203
0.502930
0.185547
-0.063477
-0.229492
-0.253906
-0.170898
-0.014648
0.209961
0.585938
1.005859
1.533203
2.036133
2.519531
3.056641
3.559570
4.038086
4.492188
4.731445
4.941406
5.092773
5.063477
4.956055
4.750977
4.443359
4.052734
3.579102
3.095703
2.578125
2.036133
1.499023
1.010742
0.581055
0.229492
-0.053711
-0.205078
-0.292969
-0.253906
-0.078125
0.146484
0.502930
0.922852
1.367188
1.904297
2.441406
2.998047
3.476562
3.984375
4.375000
4.702148
4.912109
5.083008
5.078125
5.019531
4.819336
4.536133
4.174805
3.710938
3.291016
2.690430
2.148438
1.665039
1.162109
0.693359
0.341797
0.034180
-0.161133
-0.244141
-0.244141
-0.131836
0.097656
0.434570
0.859375
1.289062
1.811523
2.338867
2.890625
3.437500
3.881836
4.365234
4.682617
4.902344
5.122070
5.097656
5.073242
4.912109
4.643555
4.340820
3.906250
3.417969
2.915039
2.314453
1.777344
1.259766
0.859375
0.429688
0.126953
-0.126953
-0.224609
-0.244141
-0.112305
0.053711
0.351562
0.708008
1.137695
1.640625
2.192383
2.714844
3.266602
3.779297
4.208984
4.545898
4.829102
5.024414
5.122070
5.126953
4.946289
4.731445
4.409180
3.984375
3.500977
3.007812
2.421875
1.938477
1.401367
0.917969
0.493164
0.146484
-0.126953
-0.249023
-0.239258
-0.200195
-0.029297
0.209961
0.634766
1.010742
1.503906
2.016602
2.558594
3.125000
3.613281
4.062500
4.423828
4.726562
4.941406
5.053711
5.063477
4.936523
4.741211
4.482422
4.077148
3.627930
3.081055
2.539062
1.992188
1.499023
1.025391
0.590820
0.253906
-0.009766
-0.205078
-0.263672
-0.249023
-0.092773
0.175781
0.488281
0.927734
1.396484
1.879883
2.446289
2.993164
3.471680
3.989258
4.375000
4.663086
4.916992
5.063477
5.112305
5.014648
4.843750
4.589844
4.184570
3.710938
3.291016
2.729492
2.153320
1.650391
1.166992
0.698242
0.322266
0.000000
-0.195312
-0.273438
-0.273438
-0.146484
0.083008
0.380859
0.834961
1.254883
1.772461
2.290039
2.802734
3.378906
3.842773
4.311523
4.667969
4.936523
5.107422
5.107422
5.048828
4.887695
4.653320
4.306641
3.881836
3.393555
2.856445
2.294922
1.777344
1.293945
0.810547
0.405273
0.112305
-0.131836
-0.263672
-0.263672
-0.136719
0.019531
0.341797
0.722656
1.142578
1.655273
2.187500
2.724609
3.256836
3.725586
4.150391
4.541016
4.833984
5.039062
5.107422
5.092773
4.956055
4.697266
4.375000
3.999023
3.535156
3.017578
2.456055
1.918945
1.391602
0.966797
0.546875
0.190430
-0.107422
-0.219727
-0.234375
-0.170898
-0.053711
0.200195
0.585938
1.005859
1.518555
2.045898
2.602539
3.115234
3.593750
4.038086
4.428711
4.721680
4.951172
5.083008
5.063477
4.970703
4.765625
4.438477
4.091797
3.618164
3.115234
2.548828
2.031250
1.494141
1.020508
0.576172
0.224609
-0.014648
-0.190430
-0.258789
-0.249023
-0.102539
0.166016
0.493164
0.913086
1.367188
1.899414
2.436523
2.983398
3.491211
3.994141
4.375000
4.682617
4.951172
5.068359
5.097656
5.014648
4.838867
4.570312
4.179688
3.750000
3.183594
2.709961
2.172852
1.655273
1.157227
0.712891
0.341797
0.048828
-0.151367
-0.219727
-0.214844
-0.092773
0.073242
0.444336
0.815430
1.318359
1.816406
2.363281
2.900391
3.447266
3.872070
4.326172
4.653320
4.946289
5.053711
5.122070
5.043945
4.921875
4.624023
4.360352
3.906250
3.413086
2.919922
2.314453
1.733398
1.279297
0.825195
0.454102
0.131836
-0.126953
-0.239258
-0.253906
-0.141602
0.063477
0.341797
0.727539
1.157227
1.650391
2.216797
2.729492
3.237305
3.769531
4.238281
4.575195
4.838867
5.024414
5.107422
5.063477
4.975586
4.726562
4.394531
3.964844
3.520508
3.022461
2.436523
1.875000
1.381836
0.932617
0.517578
0.117188
-0.063477
-0.273438
-0.273438
-0.244141
-0.039062
0.214844
0.615234
1.030273
1.508789
2.036133
2.558594
3.100586
3.613281
4.062500
4.453125
4.770508
4.965820
5.087891
5.068359
4.995117
4.746094
4.443359
4.077148
3.608398
3.066406
2.563477
1.977539
1.484375
1.010742
0.590820
0.229492
-0.019531
-0.195312
-0.258789
-0.239258
-0.087891
0.151367
0.507812
0.913086
1.391602
1.918945
2.441406
2.983398
3.486328
3.959961
4.345703
4.682617
4.960938
5.092773
5.122070
5.004883
4.819336
4.536133
4.184570
3.710938
3.222656
2.705078
2.143555
1.606445
1.157227
0.708008
0.317383
0.024414
-0.170898
-0.283203
-0.244141
-0.146484
0.126953
0.405273
0.776367
1.240234
1.757812
2.319336
2.900391
3.393555
3.847656
4.272461
4.638672
4.921875
5.117188
5.136719
5.029297
4.902344
4.643555
4.267578
3.881836
3.398438
2.861328
2.285156
1.757812
1.284180
0.795898
0.410156
0.087891
-0.126953
-0.253906
-0.292969
-0.185547
0.034180
0.327148
0.678711
1.152344
1.630859
2.167969
2.744141
3.251953
3.745117
4.169922
4.541016
4.833984
5.034180
5.122070
5.112305
4.956055
4.726562
4.365234
3.999023
3.515625
3.017578
2.460938
1.928711
1.406250
0.932617
0.537109
0.175781
-0.092773
-0.209961
-0.229492
-0.175781
-0.019531
0.249023
0.566406
0.991211
1.469727
2.011719
2.543945
3.071289
3.569336
4.013672
4.453125
4.775391
5.009766
5.063477
5.068359
4.960938
4.741211
4.482422
4.052734
3.618164
3.154297
2.578125
2.050781
1.518555
1.035156
0.610352
0.244141
-0.019531
-0.190430
-0.263672
-0.219727
-0.087891
0.166016
0.512695
0.903320
1.411133
1.909180
2.456055
2.983398
3.500977
3.955078
4.389648
4.707031
4.936523
5.053711
5.112305
5.034180
4.819336
4.560547
4.145508
3.735352
3.256836
2.724609
2.187500
1.635742
1.152344
0.678711
0.336914
0.063477
-0.126953
-0.258789
-0.214844
-0.107422
0.146484
0.439453
0.830078
1.308594
1.850586
2.363281
2.871094
3.403320
3.906250
4.321289
4.667969
4.912109
5.107422
5.156250
5.092773
4.951172
4.653320
4.326172
3.906250
3.413086
2.885742
2.314453
1.796875
1.284180
0.844727
0.473633
0.087891
-0.107422
-0.234375
-0.224609
-0.097656
0.034180
0.332031
0.712891
1.152344
1.640625
2.158203
2.744141
