1.899414
1.386719
0.878906
0.419922
0.117188
-0.097656
-0.234375
-0.253906
-0.175781
0.000000
0.278320
0.625000
1.098633
1.538086
2.075195
2.646484
3.198242
3.652344
4.086914
4.477539
4.824219
5.014648
5.063477
5.063477
4.951172
4.785156
4.492188
4.047852
3.588867
3.095703
2.524414
2.055664
1.484375
1.000977
0.615234
0.219727
-0.034180
-0.185547
-0.263672
-0.205078
-0.039062
0.200195
0.532227
0.971680
1.484375
1.987305
2.534180
3.056641
3.564453
4.033203
4.399414
4.736328
4.946289
5.053711
5.112305
5.029297
4.824219
4.511719
4.135742
3.701172
3.217773
2.675781
2.143555
1.601562
1.137695
0.678711
0.327148
0.019531
-0.156250
-0.229492
-0.229492
-0.097656
0.151367
0.463867
0.859375
1.357422
1.850586
2.377930
2.900391
3.417969
3.916016
4.326172
4.633789
4.892578
5.063477
5.078125
5.039062
4.838867
4.580078
4.243164
3.808594
3.300781
2.763672
2.241211
1.728516
1.201172
0.761719
0.385742
0.078125
-0.136719
-0.263672
-0.268555
-0.161133
0.043945
0.351562
0.761719
1.186523
1.694336
2.236328
2.783203
3.300781
3.774414
4.213867
4.565430
4.868164
5.029297
5.131836
5.097656
4.951172
4.648438
4.345703
3.935547
3.452148
2.939453
2.402344
1.865234
1.342773
0.854492
0.439453
0.136719
-0.063477
-0.244141
-0.307617
-0.185547
0.029297
0.336914
0.659180
1.088867
1.572266
2.104492
2.670898
3.193359
3.691406
4.130859
4.570312
4.882812
5.078125
5.117188
5.097656
4.975586
4.804688
4.492188
4.121094
3.623047
3.120117
2.612305
2.045898
1.489258
0.991211
0.571289
0.249023
-0.048828
-0.185547
-0.244141
-0.151367
0.000000
0.214844
0.571289
0.996094
1.450195
2.016602
2.534180
3.085938
3.544922
4.023438
4.443359
4.726562
4.951172
5.078125
5.102539
5.029297
4.838867
4.536133
4.174805
3.730469
3.232422
2.729492
2.167969
1.650391
1.088867
0.703125
0.312500
0.068359
-0.205078
-0.253906
-0.214844
-0.146484
0.126953
0.449219
0.825195
1.323242
1.860352
2.353516
2.924805
3.447266
3.881836
4.306641
4.672852
4.907227
5.058594
5.097656
5.039062
4.873047
4.604492
4.277344
3.803711
3.325195
2.817383
2.246094
1.738281
1.206055
0.751953
0.356445
0.034180
-0.209961
-0.307617
-0.292969
-0.175781
0.034180
0.327148
0.742188
1.171875
1.713867
2.255859
2.802734
3.330078
3.823242
4.228516
4.604492
4.853516
5.014648
5.097656
5.048828
4.936523
4.716797
4.355469
3.916016
3.457031
2.958984
2.436523
1.889648
1.328125
0.854492
0.458984
0.131836
-0.083008
-0.234375
-0.249023
-0.205078
-0.004883
0.292969
0.625000
1.103516
1.577148
2.075195
2.631836
3.168945
3.632812
4.116211
4.472656
4.814453
5.004883
5.058594
5.053711
5.014648
4.755859
4.477539
4.072266
3.608398
3.139648
2.583008
2.031250
1.440430
1.005859
0.561523
0.214844
-0.048828
-0.209961
-0.278320
-0.214844
-0.083008
0.205078
0.561523
0.957031
1.440430
1.992188
2.534180
3.037109
3.554688
4.028320
4.448242
4.721680
4.965820
5.087891
5.117188
5.039062
4.819336
4.531250
4.155273
3.725586
3.227539
2.709961
2.128906
1.596680
1.132812
0.703125
0.346680
-0.009766
-0.161133
-0.244141
-0.209961
-0.097656
0.126953
0.449219
0.898438
1.362305
1.879883
2.368164
2.919922
3.388672
3.896484
4.321289
4.648438
4.902344
5.034180
5.136719
5.039062
4.882812
4.604492
4.223633
3.847656
3.374023
2.802734
2.285156
1.684570
1.230469
0.747070
0.366211
0.053711
-0.141602
-0.253906
-0.263672
-0.151367
0.053711
0.371094
0.771484
1.196289
1.704102
2.207031
2.744141
3.300781
3.808594
4.238281
4.580078
4.848633
5.024414
5.117188
5.073242
4.907227
4.687500
4.355469
3.930664
3.437500
2.958984
2.431641
1.875000
1.357422
0.888672
0.424805
0.156250
-0.117188
-0.263672
-0.268555
-0.161133
-0.014648
0.302734
0.678711
1.132812
1.572266
2.124023
2.617188
3.212891
3.676758
4.150391
4.511719
4.843750
5.068359
5.131836
5.097656
4.975586
4.750977
4.487305
4.082031
3.642578
3.173828
2.592773
2.001953
1.513672
1.030273
0.620117
0.253906
-0.039062
-0.180664
-0.263672
-0.166016
-0.024414
0.249023
0.585938
0.986328
1.494141
2.041016
2.578125
3.105469
3.608398
4.057617
4.428711
4.736328
4.951172
5.087891
5.083008
5.048828
4.863281
4.526367
4.179688
3.706055
3.261719
2.670898
2.138672
1.611328
1.123047
0.708008
0.297852
0.004883
-0.146484
-0.253906
-0.209961
-0.092773
0.136719
0.434570
0.869141
1.337891
1.840820
2.348633
2.929688
3.432617
3.940430
4.326172
4.633789
4.931641
5.078125
5.092773
5.029297
4.868164
4.619141
4.218750
3.808594
3.330078
2.827148
2.270508
1.728516
1.210938
0.776367
0.375977
0.053711
-0.156250
-0.307617
-0.297852
-0.166016
0.039062
0.346680
0.766602
1.210938
1.728516
2.231445
2.792969
3.300781
3.798828
4.228516
4.580078
4.858398
5.039062
5.107422
5.092773
4.916992
4.721680
4.350586
3.906250
3.457031
2.944336
2.426758
1.875000
1.362305
0.913086
0.454102
0.112305
-0.083008
-0.214844
-0.263672
-0.214844
-0.019531
0.292969
0.654297
1.103516
1.523438
2.070312
2.661133
3.198242
3.657227
4.121094
4.492188
4.775391
4.995117
5.092773
5.112305
4.980469
4.775391
4.448242
4.086914
3.637695
3.125000
2.583008
1.997070
1.499023
1.020508
0.595703
0.239258
-0.034180
-0.219727
-0.258789
-0.195312
-0.083008
0.195312
0.581055
0.961914
1.435547
1.962891
2.495117
3.032227
3.559570
4.023438
4.433594
4.736328
4.960938
5.097656
5.068359
5.019531
4.824219
4.521484
4.150391
3.730469
3.227539
2.700195
2.148438
1.601562
1.132812
0.688477
0.302734
0.019531
-0.166016
-0.283203
-0.209961
-0.117188
0.131836
0.468750
0.878906
1.362305
1.831055
2.397461
2.895508
3.432617
3.886719
4.335938
4.619141
4.892578
5.039062
5.126953
5.068359
4.848633
4.575195
4.184570
3.789062
3.344727
2.792969
2.250977
1.689453
1.176758
0.771484
0.380859
0.058594
-0.166016
-0.263672
-0.288086
-0.161133
0.034180
0.351562
0.742188
1.191406
1.699219
2.231445
2.758789
3.271484
3.803711
4.233398
4.589844
4.848633
5.073242
5.097656
5.053711
4.941406
4.677734
4.340820
3.945312
3.461914
2.954102
2.377930
1.855469
1.376953
0.913086
0.507812
0.156250
-0.083008
-0.234375
-0.292969
-0.175781
-0.009766
0.322266
0.629883
1.103516
1.606445
2.109375
2.685547
3.212891
3.676758
4.130859
4.487305
4.838867
5.063477
5.156250
5.131836
5.039062
4.755859
4.482422
4.096680
3.627930
3.129883
2.592773
2.026367
1.499023
1.035156
0.620117
0.249023
0.004883
-0.195312
-0.278320
-0.156250
-0.004883
0.229492
0.585938
1.000977
1.479492
2.016602
2.563477
3.085938
3.588867
4.038086
4.418945
4.736328
4.956055
5.097656
5.102539
5.053711
4.848633
4.516602
4.125977
3.725586
3.232422
2.695312
2.153320
1.606445
1.123047
0.688477
0.346680
0.039062
-0.190430
-0.229492
-0.263672
-0.122070
0.107422
0.498047
0.874023
1.328125
1.791992
2.319336
2.910156
3.471680
3.901367
4.321289
4.643555
4.902344
5.058594
5.092773
5.053711
4.892578
4.599609
4.238281
3.779297
3.325195
2.812500
2.241211
1.743164
1.196289
0.761719
0.341797
0.053711
-0.141602
-0.278320
-0.288086
-0.185547
0.039062
0.341797
0.756836
1.220703
1.699219
2.226562
2.758789
3.339844
3.813477
4.233398
4.604492
4.868164
5.048828
5.102539
5.078125
4.931641
4.677734
4.331055
3.916016
3.452148
2.939453
2.377930
1.855469
1.347656
0.834961
0.449219
0.136719
-0.097656
-0.214844
-0.273438
-0.195312
-0.039062
0.288086
0.683594
1.069336
1.528320
2.041016
2.607422
3.168945
3.681641
4.096680
4.526367
4.794922
5.034180
5.117188
5.102539
4.995117
4.775391
4.467773
4.077148
3.627930
3.110352
2.573242
2.021484
1.484375
0.996094
0.581055
0.214844
-0.043945
-0.205078
-0.278320
-0.239258
-0.048828
0.205078
0.541992
0.966797
1.464844
1.958008
2.509766
3.037109
3.535156
4.028320
4.414062
4.726562
4.965820
5.112305
5.112305
5.019531
4.814453
4.550781
4.130859
3.730469
3.227539
2.675781
2.128906
1.606445
1.108398
0.708008
0.292969
0.000000
-0.200195
-0.249023
-0.214844
-0.068359
0.117188
0.454102
0.869141
1.372070
1.899414
2.407227
2.910156
3.437500
3.886719
4.306641
4.658203
4.902344
5.078125
5.122070
5.078125
4.843750
4.589844
4.248047
3.828125
3.369141
2.778320
2.265625
1.718750
1.210938
0.742188
0.346680
0.063477
-0.175781
-0.268555
-0.278320
-0.156250
0.019531
0.366211
0.737305
1.206055
1.704102
2.221680
2.792969
3.300781
3.759766
4.218750
4.594727
4.853516
5.058594
5.107422
5.078125
4.902344
4.682617
4.331055
3.955078
3.496094
2.973633
2.426758
1.865234
1.367188
0.859375
0.444336
0.141602
-0.087891
-0.209961
-0.273438
-0.180664
-0.043945
0.273438
0.668945
1.083984
1.591797
2.119141
2.675781
3.203125
3.706055
4.125977
4.526367
4.833984
5.019531
5.146484
5.102539
5.034180
4.819336
4.492188
4.077148
3.623047
3.115234
2.592773
2.055664
1.547852
1.010742
0.605469
0.273438
0.000000
-0.146484
-0.200195
-0.180664
-0.039062
0.258789
0.629883
1.020508
1.499023
2.016602
2.524414
3.076172
3.583984
4.057617
4.438477
4.736328
4.960938
5.058594
5.083008
5.029297
4.829102
4.560547
4.160156
3.715820
3.227539
2.724609
2.187500
1.591797
1.123047
0.678711
0.332031
-0.004883
-0.185547
-0.297852
-0.239258
-0.087891
0.107422
0.444336
0.888672
1.342773
1.870117
2.368164
2.919922
3.432617
3.876953
4.321289
4.682617
4.921875
5.058594
5.107422
5.029297
4.877930
4.570312
4.272461
3.784180
3.300781
2.792969
2.246094
1.738281
1.215820
0.781250
0.351562
0.063477
-0.166016
-0.297852
-0.268555
-0.185547
0.029297
0.361328
0.751953
1.196289
1.704102
2.236328
2.773438
3.291016
3.813477
4.243164
4.580078
4.882812
5.029297
5.092773
5.034180
4.921875
4.692383
4.326172
3.950195
3.417969
2.919922
2.392578
1.875000
1.357422
0.874023
0.463867
0.112305
-0.112305
-0.224609
-0.258789
-0.205078
0.000000
0.258789
0.625000
1.108398
1.572266
2.060547
2.685547
3.154297
3.637695
4.130859
4.521484
4.819336
5.000000
5.063477
5.053711
4.956055
4.750977
4.516602
4.086914
3.598633
3.105469
2.563477
2.041016
1.474609
0.981445
0.561523
0.195312
-0.043945
-0.219727
-0.278320
-0.229492
-0.053711
0.185547
0.546875
0.996094
1.430664
1.953125
2.490234
3.076172
3.554688
4.018555
4.404297
4.731445
4.960938
5.083008
5.112305
5.043945
4.809570
4.550781
4.140625
3.735352
3.222656
2.646484
2.158203
1.616211
1.137695
0.693359
0.288086
0.029297
-0.166016
-0.249023
-0.229492
-0.107422
0.126953
0.463867
0.883789
1.362305
1.875000
2.397461
2.924805
3.413086
3.906250
4.321289
4.653320
4.907227
5.014648
5.092773
5.024414
4.814453
4.628906
4.248047
3.813477
3.286133
2.758789
2.207031
1.699219
1.206055
0.747070
0.380859
0.053711
-0.190430
-0.253906
-0.268555
-0.170898
0.053711
0.322266
0.727539
1.186523
1.689453
2.226562
2.749023
3.315430
3.808594
4.208984
4.570312
4.843750
5.063477
5.097656
5.087891
4.916992
4.697266
4.370117
3.940430
3.515625
2.924805
2.412109
1.870117
1.352539
0.849609
0.454102
0.141602
-0.141602
-0.234375
-0.229492
-0.234375
0.029297
0.278320
0.605469
1.098633
1.562500
2.099609
2.656250
3.149414
3.681641
4.155273
4.526367
4.804688
5.053711
5.092773
5.097656
4.990234
4.790039
4.482422
4.057617
3.613281
3.090820
2.543945
2.050781
1.513672
1.040039
0.581055
0.244141
-0.024414
-0.141602
-0.214844
-0.170898
-0.009766
0.229492
0.605469
0.966797
1.459961
1.997070
2.563477
3.081055
3.544922
4.047852
4.399414
4.760742
4.960938
5.078125
5.092773
5.034180
4.829102
4.570312
4.150391
3.715820
3.237305
2.700195
2.148438
1.596680
1.142578
0.683594
0.322266
0.004883
-0.180664
-0.297852
-0.224609
-0.073242
0.141602
0.449219
0.869141
1.303711
1.840820
2.368164
2.924805
3.427734
3.920898
4.321289
4.663086
4.931641
5.097656
5.136719
5.014648
4.853516
4.575195
4.233398
3.837891
3.330078
2.797852
2.260742
1.694336
1.206055
0.791016
0.380859
0.073242
-0.156250
-0.297852
-0.268555
-0.200195
0.039062
0.375977
0.756836
1.210938
1.689453
2.226562
2.778320
3.330078
3.798828
4.218750
4.550781
4.843750
5.039062
5.107422
5.039062
4.936523
4.658203
4.350586
3.911133
3.471680
2.949219
2.387695
1.870117
1.318359
0.854492
0.468750
0.156250
-0.048828
-0.224609
-0.297852
-0.219727
0.014648
0.253906
0.644531
1.064453
1.567383
2.094727
2.651367
3.198242
3.662109
4.096680
4.443359
4.785156
5.004883
5.112305
5.097656
4.941406
4.746094
4.482422
4.047852
3.613281
3.095703
2.543945
1.992188
1.445312
0.991211
0.581055
0.234375
-0.034180
-0.229492
-0.278320
-0.209961
-0.078125
0.214844
0.522461
0.957031
1.455078
1.967773
2.485352
3.032227
3.574219
3.999023
4.418945
4.741211
4.956055
5.097656
5.107422
5.029297
4.819336
4.575195
4.160156
3.725586
3.227539
2.675781
2.128906
1.621094
1.132812
0.668945
0.288086
0.024414
-0.166016
-0.214844
-0.253906
-0.039062
0.151367
0.429688
0.834961
1.381836
1.865234
2.358398
2.919922
3.437500
3.876953
4.326172
4.653320
4.902344
5.014648
5.092773
5.000000
4.833984
4.570312
4.248047
3.793945
3.349609
2.807617
2.231445
1.674805
1.201172
0.756836
0.371094
0.048828
-0.161133
-0.263672
-0.297852
-0.151367
0.068359
0.371094
0.742188
1.196289
1.704102
2.231445
2.753906
3.315430
3.789062
4.223633
4.565430
4.858398
5.063477
5.122070
5.073242
4.931641
4.687500
4.350586
3.950195
3.461914
2.954102
2.392578
1.884766
1.347656
0.888672
0.439453
0.122070
-0.107422
-0.224609
-0.283203
-0.180664
-0.024414
0.307617
0.639648
1.132812
1.572266
2.128906
2.666016
3.178711
3.662109
4.116211
4.536133
4.873047
5.053711
5.136719
5.107422
4.985352
4.775391
4.467773
4.038086
3.666992
3.115234
2.558594
2.060547
1.499023
1.015625
0.585938
0.263672
-0.024414
-0.190430
-0.205078
-0.180664
-0.019531
0.234375
0.581055
0.971680
1.508789
2.001953
2.543945
3.100586
3.613281
4.047852
4.404297
4.741211
4.941406
5.073242
5.107422
5.043945
4.824219
4.541016
4.150391
3.735352
3.247070
2.709961
2.128906
1.625977
1.108398
0.688477
0.317383
0.029297
-0.209961
-0.253906
-0.244141
-0.083008
0.146484
0.434570
0.844727
1.313477
1.826172
2.358398
2.924805
3.403320
3.935547
4.321289
4.653320
4.912109
5.043945
5.126953
5.053711
4.853516
4.614258
4.228516
3.793945
3.320312
2.778320
2.236328
1.718750
1.210938
0.732422
0.371094
0.034180
-0.175781
-0.278320
-0.273438
-0.166016
0.034180
0.356445
0.751953
1.210938
1.708984
2.231445
2.768555
3.305664
3.818359
4.238281
4.575195
4.858398
5.043945
5.117188
5.053711
4.931641
4.667969
4.345703
3.911133
3.471680
2.954102
2.397461
1.831055
1.323242
0.908203
0.493164
0.156250
-0.068359
-0.258789
-0.292969
-0.219727
0.014648
0.273438
0.634766
1.118164
1.518555
2.094727
2.626953
3.173828
3.642578
4.072266
4.472656
4.794922
5.043945
5.068359
5.063477
4.975586
4.775391
4.472656
4.047852
3.593750
3.100586
2.563477
2.026367
1.499023
1.010742
0.566406
0.195312
-0.053711
-0.209961
-0.278320
-0.244141
-0.029297
0.200195
0.527344
0.966797
1.464844
1.987305
2.504883
3.051758
3.540039
3.979492
4.438477
4.750977
4.931641
5.112305
5.083008
5.029297
4.833984
4.541016
4.150391
3.686523
3.212891
2.661133
2.167969
1.645508
1.123047
0.673828
0.297852
0.039062
-0.180664
-0.249023
-0.219727
-0.117188
0.117188
0.415039
0.893555
1.396484
1.845703
2.377930
2.900391
3.383789
3.906250
4.311523
4.628906
4.863281
4.980469
5.063477
5.014648
4.863281
4.575195
4.204102
3.803711
3.315430
2.788086
2.246094
1.723633
1.206055
0.751953
0.361328
0.063477
-0.146484
-0.234375
-0.268555
-0.136719
0.029297
0.341797
0.737305
1.191406
1.718750
2.211914
2.768555
3.310547
3.813477
4.208984
4.584961
4.877930
5.053711
5.107422
5.043945
4.946289
4.677734
4.370117
3.945312
3.471680
2.944336
2.402344
1.884766
1.323242
0.839844
0.419922
0.126953
-0.097656
-0.258789
-0.258789
-0.166016
0.019531
0.258789
0.644531
1.118164
1.621094
2.128906
2.661133
3.208008
3.725586
4.150391
4.555664
4.829102
5.034180
5.151367
5.141602
5.048828
4.824219
4.472656
4.101562
3.564453
3.105469
2.534180
2.021484
1.484375
1.044922
0.561523
0.263672
-0.024414
-0.195312
-0.219727
-0.185547
-0.034180
0.200195
0.551758
1.000977
1.474609
2.006836
2.548828
3.027344
3.569336
4.047852
4.428711
4.746094
4.951172
5.078125
5.136719
5.029297
4.858398
4.580078
4.189453
3.701172
3.227539
2.675781
2.133789
1.596680
1.083984
0.639648
0.283203
0.009766
-0.185547
-0.273438
-0.214844
-0.102539
0.112305
0.434570
0.859375
1.342773
1.840820
2.387695
2.890625
3.437500
3.881836
4.345703
4.663086
4.882812
5.078125
5.107422
5.024414
4.873047
4.599609
4.218750
3.828125
3.286133
2.778320
2.231445
1.704102
1.201172
0.751953
0.361328
0.034180
-0.166016
-0.283203
-0.302734
-0.156250
0.024414
0.400391
0.742188
1.220703
1.684570
2.202148
2.773438
3.305664
3.808594
4.238281
4.570312
4.824219
5.068359
5.112305
5.043945
4.902344
4.653320
4.340820
3.925781
3.476562
2.944336
2.416992
1.855469
1.357422
0.883789
0.449219
0.112305
-0.102539
-0.219727
-0.292969
-0.200195
-0.024414
0.263672
0.610352
1.074219
1.591797
2.119141
2.626953
3.149414
3.657227
4.082031
4.482422
4.799805
4.980469
5.058594
5.073242
4.975586
4.824219
4.467773
4.096680
3.637695
3.125000
2.548828
1.987305
1.484375
0.976562
0.581055
0.214844
-0.063477
-0.200195
-0.278320
-0.209961
-0.019531
0.214844
0.532227
0.961914
1.445312
2.001953
2.495117
3.066406
3.544922
4.003906
4.428711
4.731445
4.956055
5.087891
5.112305
5.004883
4.819336
4.506836
4.130859
3.706055
3.227539
2.680664
2.133789
1.591797
1.113281
0.688477
0.292969
0.019531
-0.146484
-0.239258
-0.205078
-0.063477
0.146484
0.449219
0.888672
1.362305
1.860352
2.358398
2.915039
3.413086
3.886719
4.316406
4.619141
4.887695
5.019531
5.112305
5.024414
4.824219
4.560547
4.218750
3.793945
3.325195
2.783203
2.250977
1.684570
1.210938
0.766602
0.346680
0.058594
-0.166016
-0.273438
-0.268555
-0.161133
0.039062
0.346680
0.751953
1.215820
1.684570
2.250977
2.744141
3.300781
3.789062
4.194336
4.521484
4.838867
5.029297
5.083008
5.068359
4.926758
4.682617
4.355469
3.940430
3.476562
2.968750
2.416992
1.850586
1.342773
0.874023
0.468750
0.117188
-0.102539
-0.224609
-0.283203
-0.200195
0.004883
0.288086
0.678711
1.103516
1.582031
2.109375
2.666016
3.208008
3.701172
4.160156
4.516602
4.843750
5.053711
5.141602
5.107422
4.975586
4.731445
4.467773
4.082031
3.593750
3.125000
2.558594
2.016602
1.508789
1.005859
0.615234
0.249023
-0.024414
-0.175781
-0.234375
-0.175781
-0.048828
0.268555
0.571289
0.996094
1.489258
1.982422
2.524414
3.085938
3.569336
4.042969
4.428711
4.736328
4.960938
5.068359
5.126953
5.039062
4.833984
4.550781
4.150391
3.754883
3.261719
2.666016
2.109375
1.650391
1.123047
0.698242
0.278320
0.004883
-0.175781
-0.268555
-0.214844
-0.141602
0.141602
0.473633
0.825195
1.386719
1.816406
2.387695
2.875977
3.452148
3.911133
4.296875
4.643555
4.902344
5.087891
5.102539
5.034180
4.838867
4.575195
4.243164
3.818359
3.339844
2.783203
2.221680
1.728516
1.206055
0.766602
0.346680
0.063477
-0.170898
-0.273438
-0.258789
-0.195312
0.039062
0.341797
0.742188
1.210938
1.723633
2.241211
2.753906
3.315430
3.789062
4.204102
4.624023
4.838867
5.043945
5.112305
5.083008
4.936523
4.653320
4.375000
3.955078
3.457031
2.934570
2.392578
1.870117
1.337891
0.898438
0.449219
0.112305
-0.117188
-0.234375
-0.258789
-0.200195
-0.039062
0.268555
0.664062
1.059570
1.591797
2.089844
2.612305
3.203125
3.657227
4.121094
4.472656
4.780273
4.995117
5.107422
5.112305
4.960938
4.760742
4.477539
4.082031
3.593750
3.120117
2.578125
1.997070
1.469727
1.000977
0.590820
0.200195
-0.043945
-0.185547
-0.292969
-0.205078
-0.068359
0.200195
0.556641
0.971680
1.459961
1.972656
2.509766
3.061523
