1.743164
1.303711
0.830078
0.424805
0.131836
-0.117188
-0.219727
-0.180664
-0.073242
0.131836
0.385742
0.737305
1.240234
1.713867
2.250977
2.783203
3.339844
3.828125
4.267578
4.604492
4.877930
5.043945
5.117188
5.087891
4.907227
4.721680
4.355469
3.945312
3.417969
2.939453
2.397461
1.870117
1.386719
0.903320
0.493164
0.141602
-0.097656
-0.244141
-0.214844
-0.170898
-0.048828
0.244141
0.639648
1.113281
1.606445
2.119141
2.612305
3.183594
3.671875
4.160156
4.462891
4.760742
5.000000
5.092773
5.073242
4.956055
4.731445
4.428711
4.033203
3.564453
3.022461
2.485352
1.962891
1.464844
1.010742
0.581055
0.234375
-0.019531
-0.185547
-0.278320
-0.180664
-0.034180
0.209961
0.556641
0.976562
1.464844
1.967773
2.514648
3.066406
3.559570
4.033203
4.414062
4.760742
4.936523
5.083008
5.097656
5.014648
4.829102
4.526367
4.150391
3.730469
3.212891
2.656250
2.104492
1.611328
1.147461
0.693359
0.268555
-0.004883
-0.180664
-0.244141
-0.234375
-0.102539
0.097656
0.454102
0.864258
1.362305
1.840820
2.343750
2.895508
3.447266
3.940430
4.375000
4.707031
4.980469
5.126953
5.122070
5.068359
4.907227
4.619141
4.243164
3.823242
3.330078
2.817383
2.290039
1.713867
1.235352
0.795898
0.400391
0.053711
-0.146484
-0.239258
-0.253906
-0.092773
0.078125
0.356445
0.742188
1.220703
1.708984
2.236328
2.773438
3.339844
3.818359
4.218750
4.599609
4.902344
5.004883
5.141602
5.112305
4.951172
4.692383
4.355469
3.935547
3.491211
2.968750
2.397461
1.855469
1.372070
0.869141
0.483398
0.180664
-0.087891
-0.249023
-0.224609
-0.136719
-0.004883
0.278320
0.625000
1.069336
1.582031
2.089844
2.607422
3.173828
3.647461
4.101562
4.501953
4.819336
4.990234
5.102539
5.092773
4.965820
4.741211
4.458008
4.047852
3.588867
3.076172
2.509766
2.026367
1.484375
0.957031
0.576172
0.214844
-0.029297
-0.234375
-0.258789
-0.195312
-0.053711
0.209961
0.551758
0.966797
1.450195
1.992188
2.514648
3.061523
3.574219
4.003906
4.428711
4.770508
4.956055
5.107422
5.112305
5.024414
4.843750
4.545898
4.160156
3.671875
3.247070
2.680664
2.099609
1.621094
1.123047
0.683594
0.317383
0.004883
-0.180664
-0.239258
-0.205078
-0.078125
0.122070
0.458984
0.917969
1.372070
1.899414
2.436523
2.968750
3.452148
3.964844
4.335938
4.741211
4.951172
5.122070
5.151367
5.136719
4.921875
4.667969
4.306641
3.876953
3.393555
2.807617
2.324219
1.738281
1.254883
0.791016
0.434570
0.112305
-0.117188
-0.214844
-0.229492
-0.126953
0.087891
0.351562
0.786133
1.210938
1.718750
2.250977
2.792969
3.334961
3.803711
4.267578
4.589844
4.887695
5.073242
5.151367
5.087891
4.946289
4.667969
4.370117
3.974609
3.466797
2.939453
2.397461
1.889648
1.362305
0.898438
0.454102
0.117188
-0.170898
-0.224609
-0.249023
-0.185547
0.039062
0.292969
0.654297
1.093750
1.562500
2.104492
2.622070
3.164062
3.666992
4.121094
4.482422
4.775391
4.970703
5.092773
5.043945
4.951172
4.716797
4.399414
3.994141
3.544922
3.041992
2.519531
1.972656
1.435547
0.991211
0.556641
0.205078
-0.019531
-0.205078
-0.239258
-0.234375
-0.053711
0.209961
0.551758
0.966797
1.464844
1.972656
2.509766
3.051758
3.574219
4.018555
4.409180
4.721680
4.946289
5.102539
5.087891
5.014648
4.819336
4.536133
4.165039
3.720703
3.183594
2.641602
2.119141
1.606445
1.083984
0.678711
0.322266
-0.009766
-0.195312
-0.273438
-0.224609
-0.068359
0.136719
0.449219
0.854492
1.318359
1.884766
2.353516
2.910156
3.452148
3.925781
4.331055
4.702148
4.941406
5.048828
5.146484
5.073242
4.897461
4.604492
4.228516
3.784180
3.369141
2.778320
2.270508
1.738281
1.225586
0.795898
0.400391
0.063477
-0.117188
-0.258789
-0.234375
-0.131836
0.053711
0.351562
0.766602
1.210938
1.718750
2.260742
2.758789
3.271484
3.803711
4.223633
4.624023
4.873047
5.053711
5.092773
5.063477
4.956055
4.648438
4.389648
3.925781
3.476562
2.949219
2.407227
1.889648
1.362305
0.898438
0.488281
0.161133
-0.034180
-0.229492
-0.258789
-0.195312
0.000000
0.288086
0.634766
1.103516
1.552734
2.060547
2.592773
3.139648
3.652344
4.096680
4.472656
4.746094
4.995117
5.102539
5.053711
4.946289
4.711914
4.453125
4.033203
3.554688
3.046875
2.514648
2.011719
1.499023
1.000977
0.571289
0.209961
-0.063477
-0.200195
-0.249023
-0.209961
-0.048828
0.190430
0.537109
1.005859
1.450195
2.016602
2.500000
3.061523
3.569336
4.013672
4.433594
4.755859
4.965820
5.112305
5.107422
5.034180
4.799805
4.541016
4.174805
3.730469
3.168945
2.714844
2.148438
1.586914
1.083984
0.678711
0.322266
0.029297
-0.146484
-0.278320
-0.209961
-0.092773
0.151367
0.522461
0.908203
1.352539
1.845703
2.436523
2.983398
3.476562
3.945312
4.355469
4.716797
4.956055
5.126953
5.175781
5.112305
4.892578
4.638672
4.296875
3.818359
3.359375
2.832031
2.348633
1.791992
1.289062
0.810547
0.424805
0.092773
-0.126953
-0.185547
-0.205078
-0.136719
0.097656
0.385742
0.751953
1.230469
1.694336
2.250977
2.817383
3.334961
3.847656
4.262695
4.570312
4.902344
5.058594
5.141602
5.073242
4.946289
4.663086
4.350586
4.003906
3.486328
2.915039
2.382812
1.879883
1.376953
0.883789
0.458984
0.122070
-0.048828
-0.209961
-0.278320
-0.195312
-0.048828
0.292969
0.649414
1.103516
1.572266
2.089844
2.622070
3.149414
3.671875
4.130859
4.472656
4.794922
5.000000
5.078125
5.063477
4.960938
4.736328
4.462891
4.042969
3.530273
3.022461
2.529297
1.987305
1.445312
0.996094
0.566406
0.219727
-0.034180
-0.175781
-0.268555
-0.219727
-0.058594
0.205078
0.556641
0.981445
1.416016
1.967773
2.509766
3.017578
3.574219
4.023438
4.404297
4.760742
4.970703
5.097656
5.092773
4.990234
4.824219
4.531250
4.155273
3.666992
3.144531
2.695312
2.167969
1.621094
1.079102
0.649414
0.288086
0.004883
-0.131836
-0.239258
-0.239258
-0.141602
0.131836
0.454102
0.888672
1.308594
1.801758
2.387695
2.934570
3.369141
3.945312
4.379883
4.697266
4.941406
5.107422
5.141602
5.073242
4.916992
4.614258
4.262695
3.823242
3.330078
2.846680
2.265625
1.704102
1.210938
0.786133
0.361328
0.058594
-0.141602
-0.253906
-0.239258
-0.151367
0.073242
0.385742
0.781250
1.220703
1.738281
2.265625
2.788086
3.300781
3.808594
4.233398
4.570312
4.868164
5.043945
5.156250
5.097656
4.951172
4.672852
4.379883
3.959961
3.500977
2.968750
2.387695
1.845703
1.362305
0.927734
0.512695
0.195312
-0.097656
-0.200195
-0.234375
-0.190430
0.039062
0.273438
0.634766
1.093750
1.552734
2.055664
2.597656
3.120117
3.647461
4.101562
4.453125
4.770508
4.985352
5.092773
5.087891
4.951172
4.711914
4.433594
4.023438
3.564453
3.071289
2.514648
1.997070
1.494141
1.005859
0.532227
0.214844
-0.034180
-0.214844
-0.253906
-0.185547
-0.053711
0.219727
0.561523
0.971680
1.440430
2.011719
2.529297
3.081055
3.569336
4.008789
4.409180
4.765625
4.956055
5.117188
5.107422
5.000000
4.819336
4.541016
4.145508
3.686523
3.203125
2.670898
2.119141
1.616211
1.093750
0.693359
0.273438
0.019531
-0.170898
-0.239258
-0.234375
-0.097656
0.136719
0.522461
0.893555
1.347656
1.914062
2.416992
2.934570
3.496094
3.974609
4.360352
4.750977
4.960938
5.078125
5.175781
5.063477
4.916992
4.658203
4.287109
3.837891
3.393555
2.851562
2.329102
1.782227
1.264648
0.820312
0.415039
0.107422
-0.083008
-0.205078
-0.205078
-0.092773
0.102539
0.390625
0.747070
1.186523
1.704102
2.236328
2.783203
3.320312
3.833008
4.233398
4.624023
4.887695
5.073242
5.126953
5.083008
4.980469
4.687500
4.365234
3.950195
3.486328
2.954102
2.397461
1.870117
1.376953
0.893555
0.449219
0.117188
-0.126953
-0.214844
-0.307617
-0.175781
0.014648
0.288086
0.673828
1.103516
1.586914
2.114258
2.651367
3.178711
3.691406
4.082031
4.492188
4.804688
5.004883
5.092773
5.092773
4.926758
4.736328
4.414062
4.018555
3.544922
3.017578
2.519531
2.016602
1.469727
0.981445
0.561523
0.200195
-0.034180
-0.195312
-0.249023
-0.214844
-0.058594
0.214844
0.561523
0.961914
1.469727
1.972656
2.509766
3.071289
3.569336
4.028320
4.404297
4.711914
4.975586
5.107422
5.068359
5.004883
4.833984
4.536133
4.165039
3.710938
3.193359
2.651367
2.119141
1.640625
1.103516
0.683594
0.297852
0.029297
-0.185547
-0.317383
-0.249023
-0.068359
0.175781
0.449219
0.820312
1.279297
1.860352
2.363281
2.895508
3.422852
3.964844
4.355469
4.702148
4.960938
5.073242
5.126953
5.034180
4.887695
4.604492
4.262695
3.828125
3.339844
2.822266
2.270508
1.733398
1.225586
0.791016
0.380859
0.053711
-0.146484
-0.239258
-0.219727
-0.166016
0.073242
0.371094
0.751953
1.215820
1.713867
2.260742
2.788086
3.281250
3.818359
4.228516
4.619141
4.858398
5.024414
5.141602
5.102539
4.960938
4.682617
4.345703
3.959961
3.500977
2.968750
2.377930
1.879883
1.367188
0.908203
0.493164
0.156250
-0.097656
-0.180664
-0.253906
-0.205078
-0.019531
0.258789
0.659180
1.088867
1.547852
2.080078
2.592773
3.154297
3.652344
4.082031
4.511719
4.794922
5.004883
5.078125
5.087891
4.960938
4.746094
4.438477
4.042969
3.569336
3.041992
2.500000
1.997070
1.494141
1.015625
0.571289
0.229492
-0.009766
-0.200195
-0.263672
-0.214844
-0.068359
0.239258
0.561523
0.986328
1.440430
1.977539
2.480469
3.081055
3.564453
4.018555
4.433594
4.746094
4.965820
5.107422
5.107422
5.019531
4.819336
4.487305
4.135742
3.701172
3.188477
2.666016
2.133789
1.616211
1.093750
0.668945
0.317383
0.043945
-0.146484
-0.253906
-0.239258
-0.087891
0.151367
0.502930
0.903320
1.362305
1.865234
2.392578
2.963867
3.461914
3.935547
4.350586
4.721680
4.985352
5.092773
5.180664
5.092773
4.926758
4.609375
4.282227
3.847656
3.398438
2.856445
2.260742
1.748047
1.225586
0.834961
0.410156
0.117188
-0.146484
-0.229492
-0.214844
-0.083008
0.073242
0.415039
0.742188
1.225586
1.674805
2.226562
2.802734
3.325195
3.808594
4.267578
4.619141
4.892578
5.024414
5.156250
5.112305
4.907227
4.697266
4.350586
3.979492
3.481445
2.924805
2.392578
1.831055
1.381836
0.878906
0.444336
0.141602
-0.131836
-0.185547
-0.258789
-0.185547
0.000000
0.249023
0.688477
1.074219
1.567383
2.075195
2.636719
3.164062
3.706055
4.086914
4.487305
4.770508
5.000000
5.112305
5.087891
4.921875
4.716797
4.404297
4.023438
3.549805
3.022461
2.470703
1.958008
1.459961
0.971680
0.556641
0.205078
-0.063477
-0.229492
-0.219727
-0.244141
-0.043945
0.205078
0.595703
0.971680
1.430664
1.958008
2.524414
3.066406
3.554688
3.999023
4.418945
4.780273
4.936523
5.102539
5.146484
5.058594
4.829102
4.531250
4.169922
3.666992
3.154297
2.670898
2.148438
1.596680
1.127930
0.629883
0.263672
0.000000
-0.151367
-0.263672
-0.253906
-0.131836
0.102539
0.439453
0.854492
1.274414
1.816406
2.382812
2.949219
3.442383
3.906250
4.375000
4.750977
4.926758
5.068359
5.083008
5.048828
4.897461
4.638672
4.257812
3.833008
3.339844
2.827148
2.260742
1.704102
1.181641
0.781250
0.371094
0.039062
-0.156250
-0.258789
-0.234375
-0.126953
0.034180
0.371094
0.737305
1.225586
1.704102
2.241211
2.763672
3.310547
3.808594
4.243164
4.643555
4.843750
5.039062
5.131836
5.107422
4.941406
4.672852
4.384766
3.940430
3.510742
2.949219
2.416992
1.855469
1.381836
0.893555
0.473633
0.136719
-0.073242
-0.180664
-0.229492
-0.166016
-0.019531
0.263672
0.634766
1.083984
1.562500
2.104492
2.612305
3.173828
3.652344
4.101562
4.482422
4.780273
4.975586
5.073242
5.068359
4.946289
4.726562
4.433594
4.033203
3.559570
3.056641
2.514648
1.997070
1.469727
0.986328
0.556641
0.200195
-0.058594
-0.180664
-0.273438
-0.209961
-0.068359
0.200195
0.546875
0.957031
1.445312
1.967773
2.509766
3.061523
3.559570
4.028320
4.418945
4.760742
4.970703
5.063477
5.117188
5.019531
4.838867
4.545898
4.135742
3.666992
3.203125
2.685547
2.148438
1.572266
1.137695
0.664062
0.292969
-0.009766
-0.180664
-0.239258
-0.209961
-0.083008
0.126953
0.507812
0.922852
1.381836
1.884766
2.397461
2.929688
3.476562
3.935547
4.384766
4.736328
4.975586
5.097656
5.112305
5.117188
4.892578
4.633789
4.287109
3.857422
3.398438
2.846680
2.314453
1.787109
1.289062
0.805664
0.439453
0.126953
-0.107422
-0.185547
-0.214844
-0.102539
0.097656
0.424805
0.781250
1.220703
1.708984
2.221680
2.788086
3.364258
3.789062
4.267578
4.624023
4.907227
5.078125
5.151367
5.102539
4.951172
4.702148
4.365234
3.945312
3.452148
2.983398
2.377930
1.889648
1.333008
0.917969
0.463867
0.117188
-0.107422
-0.185547
-0.263672
-0.156250
0.009766
0.268555
0.664062
1.064453
1.582031
2.124023
2.680664
3.159180
3.657227
4.140625
4.482422
4.785156
4.980469
5.097656
5.078125
4.941406
4.711914
4.428711
4.028320
3.559570
3.046875
2.470703
1.982422
1.474609
0.971680
0.566406
0.200195
-0.043945
-0.166016
-0.273438
-0.219727
-0.058594
0.219727
0.585938
0.971680
1.450195
1.987305
2.534180
3.081055
3.579102
3.994141
4.414062
4.746094
4.980469
5.102539
5.063477
5.014648
4.814453
4.541016
4.165039
3.735352
3.193359
2.631836
2.163086
1.591797
1.074219
0.664062
0.312500
-0.019531
-0.219727
-0.302734
-0.244141
-0.117188
0.151367
0.468750
0.844727
1.308594
1.840820
2.397461
2.895508
3.461914
3.935547
4.345703
4.702148
4.887695
5.073242
5.175781
5.087891
4.916992
4.624023
4.267578
3.798828
3.334961
2.817383
2.250977
1.748047
1.245117
0.786133
0.361328
0.058594
-0.136719
-0.258789
-0.258789
-0.126953
0.053711
0.341797
0.761719
1.220703
1.728516
2.250977
2.792969
3.310547
3.818359
4.238281
4.560547
4.882812
5.039062
5.131836
5.126953
4.916992
4.702148
4.365234
3.945312
3.442383
2.949219
2.407227
1.875000
1.367188
0.849609
0.468750
0.161133
-0.097656
-0.209961
-0.244141
-0.200195
-0.019531
0.263672
0.629883
1.059570
1.552734
2.084961
2.612305
3.154297
3.657227
4.111328
4.487305
4.760742
4.980469
5.107422
5.073242
4.951172
4.721680
4.414062
4.013672
3.549805
3.085938
2.504883
1.987305
1.479492
1.010742
0.541992
0.185547
-0.043945
-0.205078
-0.263672
-0.219727
-0.043945
0.195312
0.541992
0.957031
1.406250
1.948242
2.490234
3.056641
3.554688
4.033203
4.399414
4.746094
4.975586
5.092773
5.097656
4.995117
4.819336
4.521484
4.165039
3.657227
3.188477
2.685547
2.148438
1.650391
1.118164
0.664062
0.307617
0.000000
-0.146484
-0.273438
-0.234375
-0.087891
0.161133
0.502930
0.878906
1.347656
1.860352
2.382812
2.973633
3.500977
3.974609
4.326172
4.702148
4.956055
5.097656
5.126953
5.107422
4.916992
4.663086
4.267578
3.837891
3.403320
2.827148
2.309570
1.777344
1.284180
0.805664
0.390625
0.073242
-0.122070
-0.195312
-0.185547
-0.097656
0.078125
0.424805
0.747070
1.201172
1.728516
2.250977
2.783203
3.325195
3.823242
4.248047
4.604492
4.887695
5.112305
5.161133
5.078125
4.956055
4.682617
4.360352
3.964844
3.505859
2.983398
2.397461
1.889648
1.357422
0.917969
0.454102
0.136719
-0.136719
-0.234375
-0.249023
-0.180664
-0.009766
0.307617
0.664062
1.147461
1.562500
2.119141
2.626953
3.193359
3.657227
4.135742
4.497070
4.794922
5.014648
5.141602
5.063477
4.985352
4.711914
4.443359
4.013672
3.598633
3.046875
2.500000
2.011719
1.445312
0.981445
0.561523
0.195312
-0.024414
-0.161133
-0.253906
-0.195312
-0.029297
0.185547
0.561523
1.000977
1.484375
1.967773
2.519531
3.056641
3.574219
4.013672
4.414062
4.707031
4.956055
5.122070
5.097656
4.995117
4.804688
4.506836
4.135742
3.735352
3.212891
2.670898
2.109375
1.557617
1.103516
0.654297
0.273438
0.014648
-0.161133
-0.253906
-0.239258
-0.068359
0.122070
0.424805
0.820312
1.313477
1.835938
2.387695
2.910156
3.408203
3.925781
4.345703
4.702148
4.990234
5.117188
5.117188
5.053711
4.887695
4.604492
4.257812
3.833008
3.344727
2.792969
2.285156
1.762695
1.191406
0.795898
0.366211
0.063477
-0.136719
-0.273438
-0.268555
-0.126953
0.058594
0.371094
0.781250
1.201172
1.708984
2.275391
2.788086
3.300781
3.813477
4.228516
4.614258
4.887695
5.043945
5.092773
5.102539
4.946289
4.697266
4.340820
3.945312
3.457031
2.934570
2.431641
1.879883
1.367188
0.893555
0.468750
0.166016
-0.058594
-0.205078
-0.234375
-0.200195
0.004883
0.273438
0.649414
1.108398
1.538086
2.094727
2.607422
3.168945
3.632812
4.086914
4.526367
4.780273
4.970703
5.058594
5.063477
4.960938
4.741211
4.438477
4.033203
3.588867
3.076172
2.543945
1.992188
1.474609
0.966797
0.541992
0.214844
-0.058594
-0.214844
-0.278320
-0.214844
-0.083008
0.205078
0.532227
0.966797
1.435547
1.967773
2.509766
3.056641
3.554688
4.038086
4.418945
4.755859
4.970703
5.083008
5.112305
5.009766
4.824219
4.531250
4.145508
3.735352
3.154297
2.661133
2.177734
1.601562
1.142578
0.654297
0.288086
0.029297
-0.146484
-0.239258
-0.234375
-0.097656
0.141602
0.468750
0.883789
1.367188
1.889648
2.402344
2.939453
3.452148
3.950195
4.360352
4.741211
4.980469
5.126953
5.166016
5.083008
4.887695
4.589844
4.223633
3.857422
3.388672
2.880859
2.275391
1.738281
1.284180
0.791016
0.400391
0.126953
-0.122070
-0.234375
-0.249023
-0.122070
0.092773
0.424805
0.771484
1.225586
1.708984
2.207031
2.783203
3.320312
3.833008
4.228516
4.604492
4.877930
5.058594
5.141602
5.102539
4.960938
4.682617
4.375000
3.969727
3.486328
2.983398
2.416992
1.865234
1.337891
0.927734
0.488281
0.175781
-0.083008
-0.234375
-0.249023
-0.170898
0.019531
0.263672
0.654297
1.113281
1.616211
2.080078
2.636719
3.183594
3.686523
4.140625
4.501953
4.804688
5.009766
5.073242
5.063477
4.975586
4.731445
4.443359
4.047852
3.579102
3.046875
2.470703
1.953125
1.455078
0.991211
0.585938
0.214844
-0.019531
-0.195312
-0.288086
-0.175781
-0.034180
0.200195
0.585938
0.966797
1.464844
1.977539
2.529297
3.071289
3.574219
4.023438
4.418945
4.750977
4.975586
5.107422
5.102539
5.014648
4.804688
4.501953
4.169922
3.750000
3.183594
2.705078
2.119141
1.591797
1.113281
0.649414
0.283203
0.000000
-0.175781
-0.273438
-0.258789
-0.112305
0.131836
0.463867
0.878906
1.333008
1.811523
2.412109
2.905273
3.393555
3.925781
4.384766
4.707031
4.970703
5.053711
5.102539
5.063477
4.892578
4.609375
4.248047
3.823242
3.354492
2.773438
2.265625
1.728516
1.215820
0.771484
0.395508
0.078125
-0.136719
-0.268555
-0.244141
-0.122070
0.053711
0.351562
0.747070
1.196289
1.728516
2.246094
2.788086
3.320312
3.808594
4.213867
4.624023
4.863281
5.029297
5.112305
5.058594
4.951172
4.677734
4.360352
3.935547
3.461914
2.954102
2.416992
1.865234
1.376953
0.888672
0.488281
0.141602
-0.063477
-0.209961
-0.224609
-0.180664
0.000000
0.273438
0.659180
1.088867
1.572266
2.094727
2.626953
3.154297
3.671875
4.121094
4.501953
4.785156
5.000000
5.058594
5.097656
4.960938
4.760742
4.418945
4.047852
3.574219
3.046875
2.548828
1.987305
1.469727
0.952148
0.532227
0.200195
-0.073242
-0.200195
-0.283203
-0.234375
-0.063477
0.195312
0.566406
0.976562
1.445312
1.987305
2.524414
3.066406
3.559570
4.008789
4.443359
4.760742
4.995117
5.112305
5.122070
5.024414
4.843750
4.526367
4.155273
3.701172
3.198242
2.690430
2.128906
1.596680
1.083984
0.668945
0.341797
0.039062
-0.175781
-0.229492
-0.253906
-0.083008
0.117188
0.498047
0.913086
1.367188
1.894531
2.397461
2.958984
3.452148
3.950195
4.384766
4.692383
4.980469
5.117188
5.131836
5.122070
4.916992
4.672852
4.277344
3.837891
3.354492
2.841797
2.304688
1.791992
1.274414
0.761719
0.395508
0.058594
-0.097656
-0.195312
-0.219727
-0.122070
0.102539
0.380859
0.791016
1.225586
1.708984
2.231445
2.778320
3.305664
3.837891
4.277344
4.624023
4.843750
5.068359
5.156250
5.087891
4.941406
4.672852
4.340820
3.950195
3.486328
2.968750
2.402344
1.845703
1.347656
0.859375
0.463867
0.117188
-0.117188
-0.244141
-0.249023
-0.146484
0.004883
0.302734
0.644531
1.103516
1.577148
2.089844
2.631836
3.188477
