1.728516
1.210938
0.747070
0.410156
0.087891
-0.107422
-0.239258
-0.253906
-0.166016
0.053711
0.400391
0.791016
1.250000
1.787109
2.294922
2.841797
3.369141
3.833008
4.282227
4.638672
4.877930
5.078125
5.122070
5.107422
4.912109
4.619141
4.277344
3.876953
3.413086
2.958984
2.363281
1.767578
1.303711
0.888672
0.415039
0.117188
-0.126953
-0.253906
-0.263672
-0.180664
0.019531
0.292969
0.664062
1.113281
1.635742
2.143555
2.700195
3.183594
3.706055
4.145508
4.531250
4.775391
4.980469
5.068359
5.078125
4.956055
4.697266
4.345703
3.945312
3.544922
3.002930
2.490234
1.977539
1.464844
0.976562
0.537109
0.209961
-0.048828
-0.239258
-0.283203
-0.214844
-0.019531
0.219727
0.576172
1.000977
1.489258
2.016602
2.524414
3.085938
3.579102
4.038086
4.462891
4.721680
4.970703
5.078125
5.078125
5.024414
4.814453
4.482422
4.096680
3.657227
3.183594
2.587891
2.080078
1.586914
1.079102
0.664062
0.258789
-0.019531
-0.175781
-0.239258
-0.249023
-0.102539
0.141602
0.488281
0.898438
1.342773
1.899414
2.426758
3.007812
3.540039
3.989258
4.375000
4.716797
4.975586
5.063477
5.136719
5.034180
4.877930
4.584961
4.218750
3.779297
3.315430
2.749023
2.250977
1.708984
1.152344
0.717773
0.336914
0.073242
-0.151367
-0.249023
-0.273438
-0.146484
0.097656
0.424805
0.756836
1.254883
1.772461
2.285156
2.841797
3.344727
3.828125
4.267578
4.643555
4.887695
5.078125
5.117188
5.102539
4.931641
4.648438
4.360352
3.925781
3.437500
2.949219
2.368164
1.850586
1.352539
0.854492
0.449219
0.112305
-0.117188
-0.278320
-0.292969
-0.195312
-0.024414
0.297852
0.634766
1.083984
1.591797
2.094727
2.626953
3.183594
3.686523
4.111328
4.506836
4.799805
4.990234
5.097656
5.073242
4.980469
4.697266
4.418945
4.008789
3.564453
3.027344
2.500000
1.948242
1.459961
0.952148
0.532227
0.185547
-0.078125
-0.209961
-0.278320
-0.185547
-0.063477
0.209961
0.581055
1.035156
1.474609
2.006836
2.539062
3.105469
3.588867
4.052734
4.423828
4.760742
4.970703
5.087891
5.102539
4.990234
4.785156
4.487305
4.116211
3.696289
3.159180
2.666016
2.124023
1.601562
1.108398
0.664062
0.283203
0.024414
-0.175781
-0.224609
-0.180664
-0.034180
0.214844
0.561523
0.937500
1.386719
1.894531
2.446289
3.007812
3.486328
3.989258
4.399414
4.716797
4.965820
5.112305
5.180664
5.083008
4.956055
4.643555
4.252930
3.779297
3.330078
2.822266
2.285156
1.728516
1.171875
0.761719
0.371094
0.087891
-0.156250
-0.244141
-0.253906
-0.117188
0.097656
0.405273
0.815430
1.274414
1.772461
2.324219
2.822266
3.383789
3.837891
4.291992
4.638672
4.902344
5.063477
5.092773
5.087891
4.931641
4.663086
4.326172
3.911133
3.432617
2.895508
2.338867
1.826172
1.303711
0.839844
0.473633
0.131836
-0.097656
-0.239258
-0.278320
-0.170898
0.039062
0.341797
0.649414
1.103516
1.591797
2.143555
2.695312
3.193359
3.701172
4.125977
4.501953
4.785156
4.980469
5.068359
5.058594
4.936523
4.726562
4.399414
4.003906
3.520508
3.032227
2.480469
1.923828
1.430664
0.952148
0.556641
0.185547
-0.083008
-0.229492
-0.258789
-0.180664
-0.058594
0.205078
0.566406
1.020508
1.479492
2.011719
2.519531
3.125000
3.608398
4.038086
4.482422
4.755859
4.960938
5.063477
5.122070
5.000000
4.775391
4.506836
4.116211
3.657227
3.164062
2.641602
2.124023
1.547852
1.064453
0.625000
0.302734
0.014648
-0.190430
-0.292969
-0.239258
-0.107422
0.131836
0.507812
0.888672
1.352539
1.870117
2.446289
2.973633
3.510742
3.959961
4.350586
4.711914
4.916992
5.107422
5.117188
5.043945
4.843750
4.575195
4.223633
3.784180
3.291016
2.783203
2.221680
1.689453
1.171875
0.717773
0.380859
0.068359
-0.166016
-0.239258
-0.249023
-0.131836
0.073242
0.419922
0.795898
1.250000
1.787109
2.319336
2.841797
3.339844
3.837891
4.277344
4.628906
4.892578
5.063477
5.117188
5.087891
4.921875
4.682617
4.345703
3.920898
3.427734
2.905273
2.373047
1.816406
1.337891
0.859375
0.473633
0.092773
-0.107422
-0.278320
-0.278320
-0.205078
-0.019531
0.288086
0.649414
1.088867
1.591797
2.128906
2.685547
3.178711
3.691406
4.150391
4.511719
4.799805
5.000000
5.112305
5.083008
4.975586
4.731445
4.448242
4.023438
3.535156
3.046875
2.495117
1.987305
1.445312
0.981445
0.502930
0.219727
-0.068359
-0.205078
-0.258789
-0.214844
-0.048828
0.239258
0.600586
0.991211
1.499023
2.001953
2.543945
3.095703
3.588867
4.052734
4.448242
4.785156
4.995117
5.092773
5.063477
4.995117
4.755859
4.492188
4.121094
3.676758
3.193359
2.670898
2.094727
1.586914
1.074219
0.659180
0.307617
0.014648
-0.180664
-0.273438
-0.219727
-0.068359
0.234375
0.498047
0.927734
1.430664
1.918945
2.480469
3.002930
3.515625
3.964844
4.365234
4.741211
4.946289
5.102539
5.151367
5.078125
4.907227
4.633789
4.223633
3.828125
3.295898
2.792969
2.285156
1.733398
1.215820
0.751953
0.366211
0.053711
-0.136719
-0.219727
-0.219727
-0.122070
0.068359
0.380859
0.781250
1.289062
1.772461
2.290039
2.836914
3.388672
3.862305
4.291992
4.638672
4.887695
5.053711
5.126953
5.078125
4.941406
4.663086
4.316406
3.872070
3.432617
2.939453
2.431641
1.826172
1.293945
0.859375
0.463867
0.156250
-0.083008
-0.273438
-0.249023
-0.180664
0.004883
0.292969
0.688477
1.079102
1.606445
2.124023
2.670898
3.164062
3.706055
4.135742
4.506836
4.804688
4.970703
5.092773
5.087891
4.946289
4.687500
4.370117
4.003906
3.520508
3.027344
2.470703
1.928711
1.450195
0.986328
0.576172
0.180664
-0.048828
-0.219727
-0.258789
-0.219727
-0.029297
0.229492
0.576172
0.996094
1.479492
2.001953
2.568359
3.071289
3.574219
4.047852
4.448242
4.750977
4.985352
5.078125
5.122070
5.014648
4.790039
4.497070
4.096680
3.662109
3.178711
2.602539
2.099609
1.591797
1.064453
0.664062
0.268555
0.014648
-0.200195
-0.229492
-0.214844
-0.078125
0.136719
0.483398
0.937500
1.342773
1.884766
2.421875
3.002930
3.476562
4.033203
4.389648
4.726562
4.936523
5.078125
5.112305
5.053711
4.863281
4.589844
4.213867
3.789062
3.310547
2.783203
2.231445
1.704102
1.166992
0.747070
0.356445
0.043945
-0.161133
-0.234375
-0.229492
-0.146484
0.083008
0.444336
0.795898
1.250000
1.767578
2.299805
2.817383
3.374023
3.842773
4.262695
4.599609
4.907227
5.078125
5.122070
5.092773
4.951172
4.682617
4.316406
3.911133
3.442383
2.939453
2.373047
1.796875
1.333008
0.869141
0.502930
0.112305
-0.126953
-0.273438
-0.244141
-0.195312
0.009766
0.273438
0.644531
1.074219
1.621094
2.109375
2.651367
3.188477
3.691406
4.199219
4.511719
4.814453
5.009766
5.092773
5.102539
4.975586
4.716797
4.404297
3.979492
3.525391
3.037109
2.470703
1.928711
1.445312
0.952148
0.522461
0.180664
-0.058594
-0.200195
-0.273438
-0.205078
-0.063477
0.239258
0.566406
0.986328
1.503906
2.006836
2.548828
3.090820
3.642578
4.062500
4.448242
4.780273
4.970703
5.102539
5.112305
5.029297
4.790039
4.462891
4.145508
3.676758
3.149414
2.646484
2.080078
1.596680
1.098633
0.664062
0.263672
-0.024414
-0.195312
-0.229492
-0.229492
-0.048828
0.170898
0.522461
0.898438
1.372070
1.943359
2.470703
3.012695
3.535156
4.013672
4.394531
4.687500
4.970703
5.122070
5.146484
5.083008
4.907227
4.614258
4.233398
3.823242
3.310547
2.797852
2.250977
1.738281
1.171875
0.795898
0.366211
0.097656
-0.117188
-0.273438
-0.263672
-0.112305
0.112305
0.375977
0.805664
1.250000
1.787109
2.304688
2.866211
3.344727
3.833008
4.287109
4.599609
4.907227
5.083008
5.112305
5.068359
4.931641
4.653320
4.326172
3.911133
3.452148
2.910156
2.353516
1.801758
1.293945
0.854492
0.444336
0.107422
-0.078125
-0.234375
-0.268555
-0.175781
0.000000
0.307617
0.654297
1.103516
1.630859
2.119141
2.675781
3.198242
3.715820
4.145508
4.555664
4.785156
4.995117
5.102539
5.092773
4.946289
4.707031
4.375000
3.999023
3.530273
3.037109
2.519531
1.967773
1.430664
0.996094
0.537109
0.175781
-0.063477
-0.214844
-0.268555
-0.185547
-0.029297
0.214844
0.610352
1.015625
1.503906
2.011719
2.543945
3.095703
3.603516
4.072266
4.428711
4.731445
4.995117
5.092773
5.097656
4.985352
4.785156
4.487305
4.091797
3.666992
3.168945
2.636719
2.124023
1.567383
1.040039
0.625000
0.244141
-0.009766
-0.170898
-0.278320
-0.229492
-0.083008
0.092773
0.463867
0.903320
1.386719
1.923828
2.456055
2.963867
3.510742
3.940430
4.370117
4.746094
4.956055
5.073242
5.122070
5.058594
4.858398
4.599609
4.208984
3.769531
3.271484
2.744141
2.231445
1.694336
1.181641
0.732422
0.346680
0.068359
-0.122070
-0.263672
-0.234375
-0.122070
0.097656
0.395508
0.771484
1.254883
1.772461
2.314453
2.832031
3.344727
3.842773
4.252930
4.643555
4.946289
5.078125
5.117188
5.068359
4.912109
4.658203
4.370117
3.920898
3.432617
2.910156
2.373047
1.845703
1.328125
0.839844
0.478516
0.097656
-0.107422
-0.258789
-0.278320
-0.185547
0.004883
0.283203
0.673828
1.127930
1.625977
2.128906
2.661133
3.242188
3.701172
4.179688
4.531250
4.848633
5.034180
5.102539
5.087891
4.951172
4.726562
4.384766
4.033203
3.574219
3.022461
2.495117
1.967773
1.450195
0.996094
0.527344
0.200195
-0.058594
-0.209961
-0.273438
-0.214844
-0.034180
0.219727
0.600586
0.991211
1.484375
2.011719
2.553711
3.076172
3.583984
4.062500
4.453125
4.750977
5.009766
5.102539
5.112305
4.960938
4.760742
4.521484
4.150391
3.681641
3.198242
2.612305
2.084961
1.586914
1.098633
0.668945
0.268555
0.019531
-0.161133
-0.249023
-0.209961
-0.053711
0.205078
0.517578
0.937500
1.401367
1.914062
2.460938
3.037109
3.486328
3.984375
4.365234
4.716797
4.960938
5.083008
5.117188
5.083008
4.892578
4.614258
4.228516
3.808594
3.330078
2.773438
2.236328
1.718750
1.210938
0.791016
0.356445
0.073242
-0.117188
-0.234375
-0.229492
-0.097656
0.058594
0.410156
0.791016
1.293945
1.733398
2.280273
2.832031
3.388672
3.857422
4.252930
4.648438
4.921875
5.058594
5.126953
5.092773
4.956055
4.663086
4.326172
3.896484
3.417969
2.890625
2.343750
1.826172
1.318359
0.815430
0.424805
0.092773
-0.112305
-0.239258
-0.253906
-0.175781
0.019531
0.307617
0.654297
1.103516
1.586914
2.119141
2.680664
3.183594
3.706055
4.130859
4.526367
4.819336
4.980469
5.097656
5.083008
4.956055
4.697266
4.379883
3.999023
3.525391
3.017578
2.504883
1.972656
1.474609
0.966797
0.541992
0.200195
-0.034180
-0.205078
-0.268555
-0.205078
-0.039062
0.214844
0.571289
1.025391
1.494141
2.016602
2.529297
3.090820
3.613281
4.052734
4.433594
4.765625
4.980469
5.087891
5.117188
4.970703
4.785156
4.516602
4.121094
3.676758
3.154297
2.592773
2.119141
1.572266
1.079102
0.629883
0.268555
0.019531
-0.229492
-0.268555
-0.214844
-0.102539
0.141602
0.468750
0.864258
1.411133
1.889648
2.426758
3.002930
3.481445
3.979492
4.394531
4.716797
4.951172
5.112305
5.146484
5.053711
4.848633
4.604492
4.199219
3.798828
3.315430
2.749023
2.211914
1.713867
1.181641
0.742188
0.375977
0.053711
-0.156250
-0.263672
-0.244141
-0.141602
0.112305
0.380859
0.810547
1.225586
1.748047
2.299805
2.846680
3.320312
3.828125
4.272461
4.638672
4.882812
5.063477
5.122070
5.063477
4.916992
4.677734
4.335938
3.925781
3.457031
2.929688
2.358398
1.870117
1.342773
0.854492
0.444336
0.102539
-0.122070
-0.234375
-0.283203
-0.185547
0.029297
0.273438
0.664062
1.083984
1.582031
2.099609
2.661133
3.198242
3.725586
4.160156
4.536133
4.785156
5.000000
5.107422
5.083008
4.965820
4.682617
4.423828
3.999023
3.554688
3.037109
2.490234
1.962891
1.420898
0.932617
0.522461
0.224609
-0.087891
-0.229492
-0.253906
-0.175781
-0.048828
0.249023
0.566406
1.020508
1.503906
2.041016
2.529297
3.095703
3.593750
4.067383
4.448242
4.765625
4.970703
5.087891
5.092773
4.965820
4.804688
4.506836
4.121094
3.647461
3.178711
2.641602
2.084961
1.557617
1.074219
0.654297
0.297852
0.009766
-0.175781
-0.229492
-0.200195
-0.058594
0.195312
0.561523
0.937500
1.416016
1.904297
2.480469
2.983398
3.520508
3.969727
4.399414
4.741211
4.995117
5.097656
5.126953
5.048828
4.931641
4.624023
4.267578
3.823242
3.281250
2.797852
2.221680
1.733398
1.186523
0.766602
0.371094
0.073242
-0.146484
-0.273438
-0.224609
-0.112305
0.073242
0.424805
0.830078
1.250000
1.767578
2.285156
2.812500
3.408203
3.837891
4.277344
4.624023
4.931641
5.063477
5.136719
5.092773
4.902344
4.648438
4.301758
3.911133
3.413086
2.929688
2.392578
1.791992
1.289062
0.830078
0.478516
0.083008
-0.117188
-0.273438
-0.244141
-0.190430
0.009766
0.292969
0.712891
1.123047
1.645508
2.128906
2.656250
3.193359
3.710938
4.155273
4.550781
4.814453
5.009766
5.092773
5.053711
4.941406
4.741211
4.375000
4.028320
3.549805
3.041992
2.514648
1.987305
1.435547
0.976562
0.556641
0.224609
-0.092773
-0.185547
-0.278320
-0.195312
-0.014648
0.214844
0.581055
1.000977
1.494141
2.011719
2.558594
3.110352
3.593750
4.047852
4.443359
4.716797
4.975586
5.087891
5.097656
5.024414
4.799805
4.482422
4.125977
3.691406
3.149414
2.626953
2.080078
1.567383
1.113281
0.654297
0.239258
-0.014648
-0.195312
-0.278320
-0.224609
-0.112305
0.156250
0.483398
0.864258
1.372070
1.875000
2.451172
2.988281
3.481445
3.959961
4.389648
4.726562
4.941406
5.107422
5.107422
5.034180
4.863281
4.614258
4.252930
3.808594
3.271484
2.778320
2.236328
1.699219
1.186523
0.742188
0.332031
0.034180
-0.117188
-0.258789
-0.258789
-0.092773
0.053711
0.424805
0.795898
1.220703
1.782227
2.285156
2.807617
3.344727
3.837891
4.248047
4.633789
4.897461
5.043945
5.092773
5.043945
4.931641
4.648438
4.316406
3.867188
3.452148
2.958984
2.397461
1.840820
1.313477
0.878906
0.468750
0.112305
-0.136719
-0.249023
-0.253906
-0.175781
0.019531
0.302734
0.615234
1.103516
1.572266
2.109375
2.631836
3.159180
3.681641
4.135742
4.531250
4.799805
5.014648
5.083008
5.068359
4.960938
4.746094
4.428711
3.994141
3.515625
3.041992
2.500000
1.948242
1.420898
0.947266
0.512695
0.180664
-0.053711
-0.180664
-0.253906
-0.214844
-0.043945
0.205078
0.576172
1.025391
1.464844
2.026367
2.543945
3.071289
3.608398
4.028320
4.453125
4.770508
4.990234
5.102539
5.112305
5.014648
4.731445
4.482422
4.121094
3.666992
3.198242
2.617188
2.114258
1.567383
1.103516
0.693359
0.302734
-0.004883
-0.141602
-0.224609
-0.205078
-0.034180
0.170898
0.527344
0.917969
1.386719
1.899414
2.456055
3.007812
3.535156
4.003906
4.389648
4.721680
4.975586
5.126953
5.146484
5.073242
4.921875
4.633789
4.218750
3.808594
3.295898
2.817383
2.250977
1.738281
1.206055
0.742188
0.395508
0.087891
-0.146484
-0.239258
-0.244141
-0.136719
0.117188
0.400391
0.805664
1.215820
1.801758
2.314453
2.817383
3.364258
3.857422
4.287109
4.638672
4.877930
5.083008
5.136719
5.068359
4.921875
4.677734
4.306641
3.901367
3.466797
2.924805
2.329102
1.806641
1.308594
0.859375
0.449219
0.126953
-0.117188
-0.234375
-0.234375
-0.180664
0.004883
0.312500
0.693359
1.152344
1.650391
2.143555
2.666016
3.183594
3.686523
4.140625
4.516602
4.814453
5.053711
5.122070
5.083008
4.956055
4.716797
4.370117
3.974609
3.491211
3.022461
2.495117
1.962891
1.425781
0.961914
0.522461
0.229492
-0.097656
-0.195312
-0.244141
-0.209961
-0.019531
0.209961
0.576172
1.000977
1.484375
2.031250
2.500000
3.085938
3.623047
4.062500
4.453125
4.760742
4.951172
5.092773
5.097656
5.014648
4.814453
4.477539
4.096680
3.681641
3.178711
2.641602
2.080078
1.538086
1.079102
0.620117
0.244141
-0.004883
-0.175781
-0.263672
-0.209961
-0.117188
0.141602
0.483398
0.878906
1.367188
1.884766
2.421875
2.978516
3.505859
3.979492
4.345703
4.702148
4.936523
5.117188
5.131836
5.058594
4.882812
4.584961
4.184570
3.764648
3.300781
2.783203
2.226562
1.679688
1.171875
0.732422
0.375977
0.053711
-0.126953
-0.258789
-0.239258
-0.146484
0.078125
0.415039
0.791016
1.250000
1.748047
2.314453
2.841797
3.339844
3.813477
4.287109
4.624023
4.907227
5.073242
5.117188
5.043945
4.960938
4.682617
4.321289
3.925781
3.447266
2.895508
2.377930
1.831055
1.318359
0.834961
0.483398
0.092773
-0.141602
-0.273438
-0.283203
-0.200195
-0.009766
0.273438
0.639648
1.098633
1.572266
2.119141
2.690430
3.173828
3.706055
4.125977
4.541016
4.785156
5.000000
5.073242
5.053711
4.965820
4.731445
4.414062
4.003906
3.554688
3.037109
2.504883
1.948242
1.425781
0.957031
0.541992
0.190430
-0.083008
-0.209961
-0.297852
-0.200195
-0.014648
0.268555
0.585938
1.010742
1.499023
1.997070
2.529297
3.076172
3.588867
4.057617
4.448242
4.746094
4.960938
5.117188
5.102539
5.034180
4.775391
4.477539
4.121094
3.666992
3.159180
2.631836
2.084961
1.582031
1.083984
0.639648
0.307617
0.000000
-0.156250
-0.214844
-0.156250
-0.073242
0.170898
0.522461
0.927734
1.425781
1.914062
2.441406
2.968750
3.530273
3.999023
4.404297
4.702148
4.921875
5.063477
5.097656
5.034180
4.863281
4.624023
4.282227
3.837891
3.300781
2.817383
2.207031
1.708984
1.220703
0.766602
0.380859
0.073242
-0.117188
-0.249023
-0.214844
-0.112305
0.083008
0.424805
0.771484
1.254883
1.767578
2.299805
2.841797
3.349609
3.842773
4.272461
4.624023
4.907227
5.039062
5.107422
5.078125
4.902344
4.619141
4.335938
3.881836
3.476562
2.900391
2.319336
1.787109
1.313477
0.864258
0.458984
0.107422
-0.097656
-0.263672
-0.258789
-0.146484
0.009766
0.292969
0.668945
1.123047
1.679688
2.163086
2.666016
3.203125
3.715820
4.135742
4.506836
4.804688
5.000000
5.063477
5.078125
4.941406
4.731445
4.370117
3.989258
3.530273
3.017578
2.480469
1.958008
1.464844
0.942383
0.541992
0.185547
-0.073242
-0.219727
-0.268555
-0.190430
-0.034180
0.214844
0.600586
1.049805
1.494141
2.006836
2.539062
3.100586
3.627930
4.042969
4.458008
4.746094
4.990234
5.083008
5.107422
5.039062
4.731445
4.482422
4.116211
3.701172
3.173828
2.622070
2.109375
1.572266
1.035156
0.634766
0.268555
-0.004883
-0.200195
-0.244141
-0.224609
-0.092773
0.141602
0.478516
0.888672
1.372070
1.889648
2.407227
2.983398
3.481445
3.950195
4.404297
4.702148
4.946289
5.078125
5.097656
5.058594
4.863281
4.565430
4.223633
3.828125
3.286133
2.763672
2.221680
1.694336
1.162109
0.732422
0.356445
0.034180
-0.161133
-0.234375
-0.244141
-0.126953
0.102539
0.410156
0.781250
1.284180
1.767578
2.294922
2.832031
3.334961
3.823242
4.262695
4.648438
4.902344
5.063477
5.112305
5.043945
4.965820
4.638672
4.350586
3.906250
3.417969
2.919922
2.382812
1.835938
1.342773
0.834961
0.444336
0.117188
-0.141602
-0.292969
-0.258789
-0.200195
-0.004883
0.244141
0.605469
1.079102
1.596680
2.109375
2.680664
3.208008
3.701172
4.135742
4.506836
4.770508
5.009766
5.083008
5.097656
4.960938
4.716797
4.384766
4.003906
3.544922
3.056641
2.470703
1.958008
1.425781
0.957031
0.551758
0.175781
-0.058594
-0.239258
-0.234375
-0.190430
-0.043945
0.219727
0.590820
1.010742
1.469727
1.992188
2.543945
3.095703
3.588867
4.062500
4.448242
4.755859
4.956055
5.083008
5.097656
5.034180
4.804688
4.521484
4.111328
3.686523
3.164062
2.670898
2.094727
1.601562
1.074219
0.634766
0.292969
0.009766
-0.146484
-0.209961
-0.195312
-0.024414
0.229492
0.502930
0.947266
1.435547
1.875000
2.446289
3.007812
3.520508
3.969727
4.360352
4.770508
5.004883
5.112305
5.180664
5.078125
4.863281
4.628906
4.272461
3.842773
3.349609
2.802734
2.280273
1.708984
1.215820
0.776367
0.390625
0.083008
-0.107422
-0.224609
-0.239258
-0.141602
0.053711
0.415039
0.791016
1.254883
1.772461
2.338867
2.846680
3.349609
3.833008
4.262695
4.624023
4.902344
5.063477
5.107422
5.039062
4.916992
4.648438
4.321289
3.916016
3.388672
2.919922
2.343750
1.860352
1.333008
0.805664
0.478516
0.073242
-0.126953
-0.244141
-0.219727
-0.170898
0.004883
0.302734
0.688477
1.123047
1.611328
2.138672
2.690430
3.188477
