2.050781
1.542969
1.054688
0.600586
0.244141
-0.043945
-0.219727
-0.278320
-0.219727
-0.102539
0.097656
0.449219
0.878906
1.367188
1.899414
2.397461
2.963867
3.461914
3.945312
4.360352
4.682617
4.941406
5.048828
5.078125
5.039062
4.833984
4.565430
4.204102
3.764648
3.291016
2.744141
2.231445
1.704102
1.186523
0.717773
0.356445
0.043945
-0.146484
-0.249023
-0.239258
-0.141602
0.048828
0.371094
0.756836
1.279297
1.738281
2.255859
2.822266
3.349609
3.828125
4.262695
4.614258
4.843750
5.029297
5.097656
5.048828
4.912109
4.648438
4.340820
3.872070
3.452148
2.924805
2.426758
1.865234
1.337891
0.844727
0.439453
0.112305
-0.112305
-0.258789
-0.263672
-0.170898
0.004883
0.351562
0.673828
1.137695
1.621094
2.124023
2.670898
3.222656
3.691406
4.179688
4.550781
4.829102
5.014648
5.117188
5.102539
4.995117
4.736328
4.394531
4.028320
3.569336
3.051758
2.500000
1.967773
1.459961
0.966797
0.566406
0.200195
-0.058594
-0.249023
-0.278320
-0.175781
-0.009766
0.253906
0.576172
1.035156
1.503906
2.041016
2.587891
3.090820
3.583984
4.067383
4.423828
4.721680
4.960938
5.058594
5.068359
4.960938
4.741211
4.467773
4.101562
3.652344
3.139648
2.607422
2.084961
1.547852
1.020508
0.664062
0.268555
-0.029297
-0.214844
-0.273438
-0.244141
-0.107422
0.107422
0.478516
0.878906
1.337891
1.875000
2.402344
2.958984
3.447266
3.945312
4.360352
4.692383
4.916992
5.053711
5.097656
5.024414
4.858398
4.604492
4.248047
3.769531
3.286133
2.758789
2.221680
1.694336
1.225586
0.712891
0.351562
0.014648
-0.146484
-0.244141
-0.297852
-0.126953
0.078125
0.366211
0.756836
1.206055
1.752930
2.329102
2.836914
3.378906
3.852539
4.277344
4.638672
4.907227
5.058594
5.131836
5.097656
4.965820
4.726562
4.350586
3.955078
3.471680
2.919922
2.392578
1.860352
1.362305
0.908203
0.493164
0.175781
-0.063477
-0.195312
-0.214844
-0.136719
0.048828
0.341797
0.703125
1.152344
1.665039
2.143555
2.719727
3.203125
3.754883
4.174805
4.599609
4.819336
5.029297
5.092773
5.063477
4.995117
4.741211
4.433594
4.008789
3.593750
3.066406
2.509766
1.967773
1.435547
0.981445
0.581055
0.214844
-0.034180
-0.214844
-0.273438
-0.205078
-0.004883
0.268555
0.566406
1.015625
1.479492
2.055664
2.587891
3.081055
3.583984
4.023438
4.472656
4.775391
5.014648
5.078125
5.122070
5.014648
4.765625
4.472656
4.082031
3.676758
3.144531
2.631836
2.075195
1.513672
1.059570
0.615234
0.249023
-0.029297
-0.195312
-0.249023
-0.263672
-0.156250
0.126953
0.449219
0.874023
1.362305
1.904297
2.407227
2.944336
3.476562
3.950195
4.345703
4.707031
4.912109
5.068359
5.107422
5.029297
4.848633
4.589844
4.199219
3.764648
3.271484
2.788086
2.231445
1.713867
1.171875
0.722656
0.346680
0.063477
-0.185547
-0.278320
-0.278320
-0.166016
0.092773
0.405273
0.766602
1.235352
1.733398
2.265625
2.832031
3.320312
3.784180
4.267578
4.633789
4.877930
5.009766
5.078125
5.043945
4.902344
4.711914
4.267578
3.920898
3.471680
2.963867
2.382812
1.835938
1.284180
0.839844
0.449219
0.141602
-0.083008
-0.224609
-0.253906
-0.180664
0.068359
0.302734
0.703125
1.088867
1.621094
2.167969
2.709961
3.242188
3.715820
4.140625
4.570312
4.833984
5.000000
5.078125
5.078125
4.970703
4.726562
4.409180
3.994141
3.564453
2.998047
2.490234
1.953125
1.435547
0.961914
0.541992
0.175781
-0.073242
-0.200195
-0.249023
-0.205078
-0.024414
0.239258
0.600586
0.991211
1.499023
2.006836
2.597656
3.149414
3.593750
4.062500
4.423828
4.741211
4.936523
5.058594
5.112305
4.980469
4.804688
4.492188
4.121094
3.652344
3.173828
2.597656
2.114258
1.513672
1.049805
0.600586
0.214844
-0.053711
-0.205078
-0.268555
-0.249023
-0.092773
0.151367
0.478516
0.893555
1.372070
1.855469
2.397461
2.949219
3.486328
3.950195
4.335938
4.677734
4.916992
5.073242
5.117188
5.039062
4.848633
4.584961
4.228516
3.789062
3.300781
2.739258
2.221680
1.689453
1.181641
0.727539
0.371094
0.034180
-0.180664
-0.258789
-0.278320
-0.151367
0.039062
0.429688
0.771484
1.250000
1.738281
2.319336
2.871094
3.383789
3.852539
4.267578
4.584961
4.873047
5.063477
5.136719
5.078125
4.912109
4.667969
4.360352
3.950195
3.432617
2.963867
2.402344
1.831055
1.347656
0.854492
0.439453
0.170898
-0.058594
-0.205078
-0.224609
-0.146484
0.053711
0.317383
0.712891
1.123047
1.679688
2.182617
2.709961
3.242188
3.701172
4.199219
4.570312
4.882812
5.009766
5.073242
5.073242
4.951172
4.716797
4.448242
4.042969
3.603516
3.085938
2.514648
1.972656
1.450195
0.971680
0.507812
0.180664
-0.053711
-0.219727
-0.234375
-0.224609
-0.024414
0.234375
0.595703
1.035156
1.508789
2.016602
2.543945
3.076172
3.613281
4.042969
4.428711
4.755859
4.956055
5.117188
5.058594
4.995117
4.775391
4.487305
4.121094
3.642578
3.134766
2.636719
2.041016
1.557617
1.074219
0.639648
0.253906
-0.043945
-0.214844
-0.268555
-0.239258
-0.102539
0.107422
0.449219
0.859375
1.357422
1.894531
2.441406
2.968750
3.471680
3.940430
4.360352
4.682617
4.946289
5.078125
5.063477
5.043945
4.829102
4.580078
4.223633
3.764648
3.300781
2.773438
2.231445
1.694336
1.191406
0.708008
0.332031
0.078125
-0.136719
-0.239258
-0.278320
-0.141602
0.087891
0.366211
0.786133
1.254883
1.772461
2.294922
2.773438
3.349609
3.857422
4.252930
4.599609
4.877930
5.034180
5.083008
5.083008
4.897461
4.658203
4.331055
3.891602
3.413086
2.919922
2.402344
1.850586
1.313477
0.869141
0.439453
0.136719
-0.102539
-0.253906
-0.258789
-0.195312
0.014648
0.278320
0.668945
1.147461
1.630859
2.128906
2.714844
3.203125
3.725586
4.145508
4.526367
4.833984
5.019531
5.122070
5.092773
4.960938
4.746094
4.394531
4.013672
3.554688
3.027344
2.490234
1.967773
1.440430
0.966797
0.532227
0.214844
-0.068359
-0.209961
-0.258789
-0.166016
-0.004883
0.234375
0.590820
1.030273
1.533203
2.036133
2.573242
3.125000
3.593750
4.072266
4.448242
4.731445
4.931641
5.043945
5.078125
4.985352
4.760742
4.472656
4.096680
3.666992
3.134766
2.626953
2.026367
1.572266
1.035156
0.634766
0.239258
-0.034180
-0.166016
-0.273438
-0.249023
-0.117188
0.126953
0.473633
0.908203
1.347656
1.855469
2.416992
2.958984
3.496094
3.959961
4.375000
4.697266
4.960938
5.092773
5.112305
5.014648
4.858398
4.589844
4.233398
3.808594
3.300781
2.739258
2.231445
1.694336
1.196289
0.756836
0.346680
0.048828
-0.175781
-0.292969
-0.273438
-0.131836
0.078125
0.410156
0.844727
1.250000
1.752930
2.304688
2.866211
3.383789
3.876953
4.326172
4.648438
4.970703
5.083008
5.097656
5.122070
4.965820
4.697266
4.370117
3.920898
3.461914
2.973633
2.402344
1.840820
1.323242
0.859375
0.483398
0.170898
-0.068359
-0.205078
-0.219727
-0.122070
0.073242
0.351562
0.708008
1.166992
1.660156
2.202148
2.705078
3.281250
3.745117
4.179688
4.555664
4.858398
5.029297
5.102539
5.092773
4.975586
4.775391
4.418945
4.033203
3.564453
3.046875
2.495117
1.972656
1.430664
0.942383
0.541992
0.209961
-0.048828
-0.200195
-0.253906
-0.175781
-0.034180
0.205078
0.556641
0.981445
1.518555
2.021484
2.578125
3.066406
3.574219
4.042969
4.497070
4.741211
4.985352
5.063477
5.107422
5.019531
4.809570
4.511719
4.096680
3.647461
3.168945
2.583008
2.070312
1.523438
1.064453
0.581055
0.229492
-0.058594
-0.234375
-0.288086
-0.249023
-0.122070
0.136719
0.468750
0.878906
1.386719
1.860352
2.377930
2.944336
3.476562
3.979492
4.360352
4.677734
4.936523
5.068359
5.136719
5.058594
4.848633
4.560547
4.213867
3.813477
3.271484
2.758789
2.197266
1.679688
1.171875
0.747070
0.371094
0.024414
-0.185547
-0.249023
-0.244141
-0.097656
0.063477
0.375977
0.786133
1.240234
1.767578
2.275391
2.802734
3.325195
3.862305
4.267578
4.584961
4.882812
4.985352
5.058594
5.083008
4.921875
4.663086
4.287109
3.901367
3.452148
2.954102
2.392578
1.840820
1.352539
0.883789
0.454102
0.156250
-0.092773
-0.244141
-0.249023
-0.161133
0.039062
0.317383
0.678711
1.127930
1.640625
2.138672
2.719727
3.237305
3.740234
4.150391
4.545898
4.799805
5.014648
5.126953
5.083008
4.980469
4.716797
4.428711
4.013672
3.569336
3.017578
2.514648
1.982422
1.440430
0.952148
0.537109
0.205078
-0.063477
-0.205078
-0.292969
-0.195312
-0.009766
0.224609
0.605469
1.020508
1.503906
2.021484
2.597656
3.100586
3.583984
4.042969
4.482422
4.731445
4.960938
5.058594
5.063477
4.975586
4.741211
4.492188
4.091797
3.642578
3.110352
2.607422
2.089844
1.572266
1.083984
0.620117
0.297852
-0.073242
-0.190430
-0.278320
-0.258789
-0.102539
0.126953
0.502930
0.903320
1.381836
1.835938
2.402344
2.968750
3.476562
3.950195
4.345703
4.663086
4.902344
5.058594
5.131836
5.053711
4.887695
4.575195
4.208984
3.789062
3.286133
2.753906
2.236328
1.679688
1.215820
0.712891
0.346680
0.043945
-0.156250
-0.258789
-0.219727
-0.141602
0.063477
0.400391
0.786133
1.240234
1.777344
2.285156
2.822266
3.374023
3.837891
4.257812
4.643555
4.912109
5.083008
5.190430
5.097656
4.936523
4.677734
4.316406
3.906250
3.466797
2.924805
2.397461
1.845703
1.372070
0.864258
0.512695
0.166016
-0.107422
-0.253906
-0.209961
-0.117188
0.087891
0.371094
0.727539
1.181641
1.684570
2.187500
2.753906
3.251953
3.769531
4.218750
4.570312
4.863281
5.019531
5.107422
5.107422
4.965820
4.746094
4.448242
4.042969
3.574219
3.066406
2.519531
1.972656
1.455078
0.952148
0.556641
0.195312
-0.034180
-0.234375
-0.244141
-0.166016
-0.034180
0.224609
0.595703
1.020508
1.474609
2.075195
2.568359
3.081055
3.579102
4.062500
4.467773
4.785156
4.985352
5.058594
5.117188
5.004883
4.804688
4.506836
4.111328
3.647461
3.154297
2.666016
2.094727
1.547852
1.093750
0.615234
0.253906
-0.039062
-0.200195
-0.268555
-0.249023
-0.083008
0.126953
0.463867
0.893555
1.342773
1.879883
2.416992
2.939453
3.461914
3.955078
4.360352
4.692383
4.912109
5.068359
5.102539
5.063477
4.833984
4.584961
4.233398
3.813477
3.291016
2.744141
2.246094
1.704102
1.152344
0.756836
0.351562
0.000000
-0.180664
-0.258789
-0.249023
-0.141602
0.029297
0.356445
0.800781
1.235352
1.738281
2.270508
2.827148
3.315430
3.789062
4.228516
4.624023
4.882812
5.058594
5.078125
5.058594
4.926758
4.643555
4.331055
3.906250
3.422852
2.910156
2.392578
1.826172
1.367188
0.791016
0.454102
0.087891
-0.117188
-0.253906
-0.263672
-0.200195
0.004883
0.327148
0.668945
1.108398
1.611328
2.133789
2.714844
3.193359
3.691406
4.160156
4.506836
4.804688
4.980469
5.112305
5.043945
4.965820
4.721680
4.438477
4.013672
3.530273
3.027344
2.529297
1.953125
1.425781
0.981445
0.537109
0.219727
-0.058594
-0.209961
-0.249023
-0.214844
-0.053711
0.205078
0.585938
1.040039
1.484375
2.026367
2.543945
3.125000
3.598633
4.042969
4.453125
4.746094
4.941406
5.092773
5.097656
4.965820
4.746094
4.467773
4.072266
3.652344
3.129883
2.626953
2.089844
1.572266
1.054688
0.605469
0.234375
-0.048828
-0.219727
-0.273438
-0.249023
-0.112305
0.126953
0.454102
0.874023
1.342773
1.860352
2.416992
2.954102
3.481445
3.964844
4.335938
4.687500
4.921875
5.058594
5.136719
5.004883
4.838867
4.575195
4.233398
3.793945
3.256836
2.773438
2.246094
1.704102
1.215820
0.737305
0.356445
0.048828
-0.126953
-0.258789
-0.253906
-0.156250
0.078125
0.439453
0.820312
1.264648
1.713867
2.275391
2.866211
3.413086
3.891602
4.267578
4.628906
4.926758
5.083008
5.141602
5.112305
4.926758
4.692383
4.326172
3.901367
3.466797
2.929688
2.377930
1.884766
1.328125
0.874023
0.502930
0.166016
-0.097656
-0.224609
-0.200195
-0.117188
0.102539
0.346680
0.712891
1.147461
1.665039
2.172852
2.729492
3.232422
3.750000
4.199219
4.594727
4.887695
5.034180
5.097656
5.092773
4.960938
4.726562
4.438477
4.038086
3.598633
3.051758
2.495117
1.948242
1.435547
0.981445
0.561523
0.205078
-0.058594
-0.205078
-0.253906
-0.185547
-0.024414
0.209961
0.595703
1.049805
1.499023
2.026367
2.539062
3.120117
3.593750
4.091797
4.433594
4.804688
4.960938
5.073242
5.122070
4.985352
4.785156
4.506836
4.082031
3.662109
3.139648
2.631836
2.075195
1.547852
1.059570
0.625000
0.283203
-0.043945
-0.214844
-0.278320
-0.263672
-0.107422
0.136719
0.463867
0.878906
1.372070
1.884766
2.436523
2.963867
3.486328
3.969727
4.360352
4.667969
4.941406
5.078125
5.126953
5.058594
4.819336
4.619141
4.223633
3.764648
3.310547
2.773438
2.207031
1.704102
1.171875
0.708008
0.332031
0.024414
-0.141602
-0.258789
-0.239258
-0.131836
0.053711
0.380859
0.791016
1.235352
1.723633
2.275391
2.807617
3.364258
3.837891
4.199219
4.599609
4.887695
5.068359
5.092773
5.029297
4.912109
4.702148
4.316406
3.896484
3.442383
2.924805
2.377930
1.855469
1.337891
0.869141
0.473633
0.126953
-0.112305
-0.219727
-0.258789
-0.180664
0.004883
0.307617
0.668945
1.108398
1.621094
2.163086
2.685547
3.198242
3.725586
4.116211
4.545898
4.819336
5.043945
5.102539
5.078125
4.995117
4.750977
4.394531
4.013672
3.569336
3.037109
2.490234
1.982422
1.430664
0.976562
0.541992
0.219727
-0.043945
-0.239258
-0.249023
-0.175781
-0.014648
0.229492
0.590820
1.035156
1.508789
2.021484
2.553711
3.139648
3.598633
4.052734
4.467773
4.794922
4.970703
5.078125
5.058594
4.985352
4.760742
4.472656
4.082031
3.647461
3.144531
2.612305
2.060547
1.562500
1.088867
0.615234
0.239258
-0.004883
-0.209961
-0.239258
-0.249023
-0.083008
0.141602
0.458984
0.903320
1.352539
1.875000
2.402344
2.949219
3.461914
3.959961
4.360352
4.682617
4.951172
5.083008
5.083008
5.078125
4.853516
4.584961
4.218750
3.828125
3.295898
2.758789
2.231445
1.694336
1.191406
0.766602
0.356445
0.092773
-0.131836
-0.249023
-0.278320
-0.136719
0.131836
0.395508
0.805664
1.240234
1.762695
2.270508
2.880859
3.378906
3.857422
4.272461
4.633789
4.907227
5.083008
5.151367
5.073242
4.956055
4.702148
4.335938
3.935547
3.457031
2.895508
2.402344
1.855469
1.323242
0.893555
0.439453
0.166016
-0.083008
-0.161133
-0.234375
-0.131836
0.058594
0.327148
0.717773
1.157227
1.655273
2.182617
2.739258
3.261719
3.759766
4.184570
4.550781
4.868164
5.024414
5.092773
5.092773
4.965820
4.741211
4.433594
4.033203
3.593750
3.076172
2.519531
1.967773
1.469727
0.986328
0.527344
0.214844
-0.048828
-0.175781
-0.253906
-0.219727
-0.029297
0.229492
0.585938
1.035156
1.523438
2.036133
2.524414
3.110352
3.647461
4.082031
4.448242
4.770508
4.980469
5.092773
5.141602
4.980469
4.804688
4.482422
4.111328
3.681641
3.193359
2.651367
2.094727
1.582031
1.093750
0.620117
0.273438
0.000000
-0.209961
-0.273438
-0.239258
-0.122070
0.107422
0.468750
0.898438
1.357422
1.884766
2.426758
2.973633
3.500977
3.955078
4.375000
4.692383
4.956055
5.112305
5.156250
5.024414
4.863281
4.619141
4.252930
3.793945
3.286133
2.778320
2.211914
1.694336
1.210938
0.747070
0.361328
0.014648
-0.161133
-0.258789
-0.258789
-0.126953
0.078125
0.385742
0.815430
1.240234
1.757812
2.285156
2.832031
3.378906
3.823242
4.248047
4.633789
4.921875
4.985352
5.083008
5.102539
4.941406
4.633789
4.316406
3.881836
3.442383
2.910156
2.363281
1.826172
1.318359
0.849609
0.434570
0.126953
-0.097656
-0.258789
-0.268555
-0.166016
-0.004883
0.302734
0.703125
1.093750
1.582031
2.133789
2.690430
3.203125
3.706055
4.160156
4.541016
4.804688
4.990234
5.078125
5.068359
4.975586
4.707031
4.418945
4.023438
3.535156
3.022461
2.495117
1.967773
1.420898
0.971680
0.527344
0.190430
-0.058594
-0.239258
-0.273438
-0.195312
-0.024414
0.214844
0.576172
1.025391
1.513672
2.011719
2.558594
3.125000
3.588867
4.018555
4.438477
4.707031
4.975586
5.039062
5.073242
4.960938
4.770508
4.458008
4.023438
3.613281
3.129883
2.592773
2.075195
1.533203
1.074219
0.595703
0.268555
-0.053711
-0.214844
-0.292969
-0.244141
-0.107422
0.156250
0.454102
0.869141
1.342773
1.831055
2.407227
2.949219
3.491211
3.930664
4.340820
4.672852
4.897461
5.087891
5.087891
5.039062
4.882812
4.570312
4.213867
3.769531
3.310547
2.744141
2.226562
1.704102
1.181641
0.703125
0.336914
0.043945
-0.141602
-0.249023
-0.258789
-0.156250
0.039062
0.434570
0.795898
1.215820
1.767578
2.294922
2.856445
3.369141
3.842773
4.252930
4.624023
4.892578
5.083008
5.131836
5.078125
4.941406
4.687500
4.350586
3.940430
3.466797
2.915039
2.416992
1.835938
1.313477
0.869141
0.424805
0.146484
-0.058594
-0.166016
-0.200195
-0.092773
0.034180
0.375977
0.693359
1.162109
1.616211
2.207031
2.729492
3.261719
3.745117
4.174805
4.589844
4.863281
5.048828
5.112305
5.073242
4.946289
4.707031
4.404297
4.008789
3.593750
3.046875
2.529297
1.962891
1.459961
0.996094
0.551758
0.214844
-0.053711
-0.219727
-0.273438
-0.195312
-0.014648
0.268555
0.590820
1.030273
1.528320
2.011719
2.529297
3.061523
3.613281
4.067383
4.462891
4.755859
4.946289
5.087891
5.141602
4.995117
4.780273
4.467773
4.072266
3.671875
3.154297
2.612305
2.065430
1.523438
1.108398
0.610352
0.263672
-0.019531
-0.205078
-0.297852
-0.273438
-0.136719
0.097656
0.434570
0.908203
1.342773
1.875000
2.431641
2.968750
3.452148
3.945312
4.355469
4.682617
4.921875
5.107422
5.107422
5.039062
4.853516
4.570312
4.238281
3.793945
3.276367
2.753906
2.202148
1.689453
1.196289
0.751953
0.380859
0.039062
-0.180664
-0.253906
-0.253906
-0.141602
0.039062
0.380859
0.810547
1.279297
1.767578
2.260742
2.802734
3.369141
3.857422
4.252930
4.619141
4.853516
5.034180
5.117188
5.097656
4.936523
4.653320
4.321289
3.920898
3.432617
2.934570
2.407227
1.821289
1.303711
0.849609
0.473633
0.156250
-0.073242
-0.258789
-0.258789
-0.190430
0.029297
0.341797
0.678711
1.147461
1.640625
2.158203
2.695312
3.217773
3.715820
4.160156
4.550781
4.843750
5.014648
5.136719
5.087891
4.960938
4.750977
4.428711
4.042969
3.554688
3.012695
2.514648
2.001953
1.430664
0.952148
0.532227
0.224609
-0.024414
-0.219727
-0.278320
-0.185547
-0.019531
0.268555
0.600586
0.991211
1.499023
2.080078
2.622070
3.105469
3.579102
4.062500
4.467773
4.746094
4.975586
5.073242
5.073242
5.009766
4.814453
4.458008
4.096680
3.618164
3.173828
2.690430
2.099609
1.567383
1.054688
0.590820
0.249023
-0.029297
-0.205078
-0.273438
-0.234375
-0.068359
0.180664
0.468750
0.922852
1.347656
1.894531
2.431641
2.958984
3.500977
3.979492
4.389648
4.702148
4.931641
5.053711
5.122070
5.058594
4.863281
4.604492
4.238281
3.837891
3.286133
2.773438
2.236328
1.713867
1.235352
0.742188
0.380859
0.029297
-0.117188
-0.249023
-0.297852
-0.097656
0.097656
0.410156
0.830078
1.240234
1.782227
2.304688
2.851562
3.374023
3.862305
4.257812
4.638672
4.902344
5.068359
5.151367
5.102539
4.975586
4.687500
4.291992
3.901367
3.452148
2.954102
2.421875
1.884766
1.347656
0.869141
0.468750
0.141602
-0.083008
-0.205078
-0.224609
-0.156250
0.078125
0.346680
0.722656
1.176758
1.640625
2.202148
2.724609
3.271484
3.750000
4.179688
4.560547
4.853516
5.043945
5.092773
5.092773
4.995117
4.741211
4.458008
4.052734
3.549805
3.046875
2.500000
1.997070
1.445312
0.947266
0.532227
0.234375
-0.068359
-0.200195
-0.268555
-0.195312
-0.019531
0.239258
0.566406
1.010742
1.494141
2.045898
2.578125
3.066406
3.588867
4.077148
4.492188
4.731445
4.970703
5.068359
5.083008
4.985352
4.794922
4.511719
4.072266
3.632812
3.159180
2.636719
2.075195
1.542969
1.025391
0.625000
0.268555
-0.043945
-0.190430
-0.297852
-0.278320
-0.122070
0.151367
0.468750
0.888672
1.381836
1.884766
2.402344
2.968750
3.486328
3.969727
4.350586
4.667969
4.941406
5.073242
5.117188
5.048828
4.858398
4.604492
4.194336
3.764648
3.305664
2.768555
2.231445
1.704102
1.196289
0.737305
0.356445
0.024414
-0.136719
-0.249023
-0.263672
-0.107422
0.092773
0.361328
0.771484
1.269531
1.757812
2.304688
2.807617
