1.752930
1.289062
0.781250
0.361328
0.063477
-0.151367
-0.283203
-0.239258
-0.185547
0.009766
0.317383
0.688477
1.181641
1.650391
2.153320
2.700195
3.198242
3.784180
4.199219
4.560547
4.843750
4.995117
5.107422
5.053711
4.936523
4.672852
4.379883
3.955078
3.505859
2.988281
2.426758
1.904297
1.391602
0.913086
0.478516
0.185547
-0.063477
-0.205078
-0.263672
-0.200195
0.019531
0.253906
0.615234
1.093750
1.533203
2.075195
2.583008
3.115234
3.662109
4.101562
4.462891
4.765625
5.014648
5.102539
5.097656
4.960938
4.794922
4.492188
4.086914
3.627930
3.125000
2.578125
2.036133
1.538086
1.044922
0.590820
0.249023
-0.024414
-0.161133
-0.249023
-0.209961
-0.058594
0.219727
0.561523
0.966797
1.406250
1.918945
2.500000
3.051758
3.559570
4.013672
4.433594
4.770508
4.970703
5.112305
5.131836
5.029297
4.843750
4.560547
4.218750
3.774414
3.300781
2.768555
2.192383
1.665039
1.171875
0.737305
0.346680
0.043945
-0.180664
-0.283203
-0.258789
-0.092773
0.122070
0.444336
0.810547
1.308594
1.831055
2.338867
2.866211
3.408203
3.925781
4.277344
4.687500
4.921875
5.068359
5.112305
5.087891
4.926758
4.628906
4.252930
3.862305
3.422852
2.836914
2.280273
1.787109
1.279297
0.839844
0.366211
0.073242
-0.166016
-0.249023
-0.263672
-0.175781
-0.004883
0.312500
0.727539
1.137695
1.621094
2.143555
2.705078
3.242188
3.745117
4.174805
4.541016
4.809570
4.970703
5.058594
5.043945
4.902344
4.687500
4.389648
3.969727
3.510742
2.983398
2.436523
1.870117
1.401367
0.913086
0.488281
0.146484
-0.083008
-0.229492
-0.278320
-0.195312
-0.039062
0.239258
0.615234
1.054688
1.542969
2.060547
2.573242
3.139648
3.632812
4.101562
4.477539
4.775391
4.956055
5.122070
5.083008
4.951172
4.765625
4.462891
4.077148
3.613281
3.085938
2.587891
2.021484
1.538086
1.054688
0.566406
0.214844
-0.034180
-0.214844
-0.234375
-0.224609
-0.102539
0.156250
0.541992
0.947266
1.416016
1.958008
2.460938
2.978516
3.530273
3.984375
4.394531
4.765625
4.951172
5.097656
5.097656
5.024414
4.824219
4.555664
4.160156
3.730469
3.247070
2.729492
2.202148
1.630859
1.127930
0.708008
0.322266
0.024414
-0.166016
-0.258789
-0.239258
-0.131836
0.117188
0.478516
0.830078
1.318359
1.772461
2.373047
2.905273
3.388672
3.896484
4.272461
4.653320
4.892578
5.073242
5.141602
5.068359
4.936523
4.628906
4.277344
3.872070
3.447266
2.856445
2.294922
1.738281
1.259766
0.830078
0.400391
0.058594
-0.205078
-0.258789
-0.268555
-0.175781
0.048828
0.317383
0.703125
1.201172
1.699219
2.207031
2.729492
3.242188
3.764648
4.179688
4.541016
4.819336
5.014648
5.097656
5.122070
4.931641
4.707031
4.360352
3.959961
3.496094
2.954102
2.436523
1.914062
1.381836
0.888672
0.468750
0.141602
-0.078125
-0.214844
-0.249023
-0.209961
-0.024414
0.249023
0.625000
1.040039
1.557617
2.031250
2.607422
3.134766
3.613281
4.086914
4.501953
4.785156
4.960938
5.126953
5.112305
4.965820
4.750977
4.482422
4.125977
3.603516
3.100586
2.568359
2.036133
1.479492
1.025391
0.600586
0.273438
0.009766
-0.175781
-0.239258
-0.219727
-0.073242
0.209961
0.576172
0.966797
1.494141
1.962891
2.509766
3.051758
3.544922
4.042969
4.394531
4.760742
4.970703
5.126953
5.136719
5.058594
4.863281
4.550781
4.194336
3.735352
3.291016
2.714844
2.187500
1.665039
1.157227
0.737305
0.317383
0.063477
-0.195312
-0.297852
-0.244141
-0.112305
0.117188
0.444336
0.834961
1.284180
1.796875
2.373047
2.875977
3.408203
3.901367
4.311523
4.628906
4.887695
5.073242
5.146484
5.058594
4.863281
4.648438
4.272461
3.886719
3.378906
2.807617
2.309570
1.728516
1.279297
0.795898
0.380859
0.073242
-0.117188
-0.268555
-0.249023
-0.185547
0.029297
0.332031
0.703125
1.171875
1.621094
2.163086
2.705078
3.251953
3.764648
4.213867
4.555664
4.833984
5.000000
5.068359
5.063477
4.897461
4.677734
4.360352
3.959961
3.496094
2.968750
2.500000
1.894531
1.396484
0.937500
0.527344
0.175781
-0.097656
-0.205078
-0.273438
-0.229492
-0.024414
0.214844
0.605469
1.074219
1.547852
2.060547
2.563477
3.115234
3.647461
4.101562
4.467773
4.765625
5.019531
5.112305
5.092773
4.951172
4.760742
4.462891
4.101562
3.657227
3.081055
2.543945
2.011719
1.538086
1.005859
0.571289
0.253906
-0.053711
-0.195312
-0.234375
-0.234375
-0.117188
0.185547
0.561523
0.942383
1.474609
1.914062
2.480469
3.002930
3.505859
4.013672
4.418945
4.711914
4.936523
5.068359
5.136719
5.048828
4.814453
4.565430
4.169922
3.740234
3.232422
2.714844
2.153320
1.650391
1.132812
0.683594
0.332031
0.043945
-0.166016
-0.249023
-0.219727
-0.122070
0.136719
0.449219
0.820312
1.274414
1.801758
2.329102
2.875977
3.378906
3.872070
4.291992
4.667969
4.907227
5.048828
5.112305
5.087891
4.921875
4.658203
4.272461
3.828125
3.369141
2.924805
2.319336
1.762695
1.210938
0.756836
0.371094
0.039062
-0.175781
-0.273438
-0.278320
-0.180664
-0.014648
0.307617
0.693359
1.132812
1.660156
2.153320
2.690430
3.222656
3.720703
4.174805
4.555664
4.843750
5.014648
5.087891
5.063477
4.921875
4.672852
4.355469
3.959961
3.491211
2.973633
2.426758
1.889648
1.391602
0.908203
0.478516
0.146484
-0.102539
-0.219727
-0.268555
-0.180664
-0.014648
0.244141
0.620117
1.030273
1.542969
2.041016
2.568359
3.149414
3.627930
4.086914
4.443359
4.785156
4.956055
5.092773
5.112305
5.019531
4.765625
4.458008
4.082031
3.627930
3.125000
2.583008
2.011719
1.508789
1.040039
0.610352
0.268555
-0.004883
-0.146484
-0.209961
-0.209961
-0.058594
0.214844
0.522461
0.986328
1.445312
1.958008
2.475586
3.022461
3.559570
4.023438
4.448242
4.760742
4.965820
5.126953
5.107422
5.073242
4.858398
4.599609
4.233398
3.793945
3.261719
2.763672
2.211914
1.674805
1.137695
0.703125
0.332031
0.009766
-0.195312
-0.258789
-0.249023
-0.087891
0.136719
0.444336
0.830078
1.298828
1.811523
2.382812
2.885742
3.398438
3.906250
4.316406
4.638672
4.882812
5.083008
5.097656
5.073242
4.892578
4.599609
4.287109
3.833008
3.369141
2.841797
2.290039
1.752930
1.289062
0.781250
0.371094
0.087891
-0.166016
-0.244141
-0.268555
-0.156250
0.029297
0.307617
0.693359
1.162109
1.645508
2.202148
2.734375
3.261719
3.725586
4.213867
4.545898
4.829102
5.034180
5.058594
5.053711
4.892578
4.692383
4.360352
3.964844
3.496094
2.993164
2.416992
1.914062
1.391602
0.917969
0.502930
0.156250
-0.083008
-0.239258
-0.278320
-0.180664
-0.024414
0.249023
0.629883
1.040039
1.538086
2.031250
2.578125
3.159180
3.637695
4.077148
4.467773
4.814453
5.029297
5.126953
5.087891
4.985352
4.746094
4.448242
4.077148
3.632812
3.105469
2.553711
1.987305
1.494141
1.054688
0.600586
0.234375
-0.078125
-0.239258
-0.283203
-0.200195
-0.043945
0.170898
0.571289
1.015625
1.435547
1.914062
2.519531
3.007812
3.530273
4.003906
4.389648
4.702148
4.941406
5.073242
5.107422
5.024414
4.853516
4.521484
4.169922
3.745117
3.247070
2.724609
2.182617
1.640625
1.147461
0.698242
0.322266
0.034180
-0.166016
-0.288086
-0.209961
-0.087891
0.097656
0.429688
0.825195
1.289062
1.831055
2.319336
2.871094
3.393555
3.891602
4.291992
4.648438
4.907227
5.078125
5.083008
5.078125
4.946289
4.638672
4.301758
3.842773
3.398438
2.895508
2.299805
1.762695
1.235352
0.776367
0.351562
0.058594
-0.122070
-0.268555
-0.327148
-0.175781
0.014648
0.351562
0.698242
1.132812
1.645508
2.153320
2.719727
3.222656
3.750000
4.189453
4.541016
4.838867
4.980469
5.078125
5.039062
4.907227
4.711914
4.379883
3.955078
3.505859
3.017578
2.426758
1.894531
1.391602
0.927734
0.517578
0.190430
-0.097656
-0.234375
-0.258789
-0.200195
-0.019531
0.263672
0.625000
1.025391
1.552734
2.070312
2.583008
3.144531
3.647461
4.077148
4.472656
4.785156
4.990234
5.092773
5.063477
4.995117
4.755859
4.487305
4.077148
3.613281
3.149414
2.592773
2.055664
1.562500
1.035156
0.615234
0.263672
0.014648
-0.190430
-0.253906
-0.239258
-0.063477
0.258789
0.571289
1.010742
1.474609
1.962891
2.534180
3.051758
3.583984
4.047852
4.360352
4.736328
4.970703
5.117188
5.151367
5.058594
4.882812
4.580078
4.169922
3.764648
3.251953
2.758789
2.172852
1.679688
1.171875
0.717773
0.332031
0.019531
-0.170898
-0.292969
-0.239258
-0.097656
0.131836
0.429688
0.854492
1.308594
1.791992
2.392578
2.846680
3.413086
3.886719
4.321289
4.648438
4.907227
5.043945
5.107422
5.039062
4.912109
4.594727
4.282227
3.872070
3.339844
2.827148
2.324219
1.767578
1.254883
0.781250
0.405273
0.092773
-0.151367
-0.219727
-0.273438
-0.146484
0.019531
0.336914
0.693359
1.162109
1.650391
2.163086
2.705078
3.242188
3.730469
4.140625
4.531250
4.824219
4.990234
5.083008
5.048828
4.902344
4.682617
4.360352
3.940430
3.491211
2.988281
2.421875
1.904297
1.411133
0.927734
0.463867
0.175781
-0.083008
-0.249023
-0.263672
-0.214844
0.009766
0.229492
0.615234
1.035156
1.503906
2.036133
2.612305
3.125000
3.618164
4.135742
4.467773
4.746094
4.990234
5.112305
5.058594
4.990234
4.765625
4.467773
4.062500
3.627930
3.095703
2.573242
2.031250
1.528320
0.996094
0.576172
0.253906
-0.004883
-0.205078
-0.253906
-0.253906
-0.097656
0.214844
0.517578
0.996094
1.416016
1.953125
2.485352
3.027344
3.510742
4.003906
4.418945
4.746094
4.965820
5.097656
5.073242
4.995117
4.877930
4.521484
4.199219
3.735352
3.237305
2.714844
2.148438
1.645508
1.132812
0.703125
0.336914
0.043945
-0.146484
-0.239258
-0.239258
-0.092773
0.112305
0.439453
0.834961
1.289062
1.811523
2.358398
2.851562
3.413086
3.881836
4.291992
4.677734
4.931641
5.083008
5.166016
5.097656
4.902344
4.653320
4.296875
3.886719
3.408203
2.861328
2.314453
1.772461
1.293945
0.781250
0.390625
0.048828
-0.195312
-0.297852
-0.288086
-0.185547
-0.004883
0.322266
0.678711
1.181641
1.660156
2.177734
2.709961
3.237305
3.750000
4.160156
4.580078
4.819336
5.029297
5.112305
5.097656
4.951172
4.716797
4.365234
3.989258
3.500977
2.988281
2.446289
1.884766
1.396484
0.922852
0.458984
0.200195
-0.097656
-0.219727
-0.268555
-0.195312
0.019531
0.249023
0.620117
1.069336
1.552734
2.070312
2.597656
3.154297
3.627930
4.086914
4.467773
4.755859
4.960938
5.053711
5.122070
4.975586
4.770508
4.467773
4.116211
3.642578
3.129883
2.612305
2.036133
1.533203
1.005859
0.615234
0.273438
0.014648
-0.175781
-0.205078
-0.214844
-0.048828
0.253906
0.556641
0.957031
1.464844
1.977539
2.548828
3.071289
3.544922
4.028320
4.394531
4.721680
4.960938
5.136719
5.136719
5.063477
4.838867
4.565430
4.238281
3.784180
3.300781
2.758789
2.202148
1.660156
1.176758
0.678711
0.327148
0.024414
-0.170898
-0.234375
-0.258789
-0.092773
0.156250
0.449219
0.864258
1.318359
1.821289
2.319336
2.880859
3.374023
3.896484
4.326172
4.658203
4.912109
5.039062
5.083008
5.092773
4.936523
4.633789
4.243164
3.818359
3.378906
2.807617
2.338867
1.748047
1.250000
0.786133
0.400391
0.126953
-0.146484
-0.268555
-0.239258
-0.146484
0.034180
0.336914
0.693359
1.210938
1.669922
2.192383
2.714844
3.266602
3.764648
4.184570
4.545898
4.775391
4.970703
5.058594
5.029297
4.907227
4.697266
4.379883
3.959961
3.496094
2.978516
2.446289
1.923828
1.386719
0.908203
0.507812
0.146484
-0.092773
-0.185547
-0.253906
-0.200195
-0.043945
0.244141
0.620117
1.083984
1.557617
2.075195
2.578125
3.120117
3.647461
4.111328
4.482422
4.785156
4.956055
5.097656
5.122070
4.980469
4.770508
4.462891
4.067383
3.579102
3.115234
2.592773
2.011719
1.469727
1.020508
0.585938
0.249023
-0.039062
-0.156250
-0.268555
-0.273438
-0.034180
0.175781
0.571289
0.981445
1.425781
1.933594
2.519531
3.041992
3.554688
4.018555
4.399414
4.750977
4.941406
5.048828
5.073242
5.014648
4.809570
4.555664
4.179688
3.735352
3.251953
2.734375
2.167969
1.621094
1.152344
0.693359
0.317383
0.009766
-0.170898
-0.273438
-0.253906
-0.126953
0.156250
0.424805
0.815430
1.274414
1.806641
2.377930
2.890625
3.383789
3.876953
4.335938
4.638672
4.897461
5.063477
5.126953
5.097656
4.921875
4.658203
4.287109
3.867188
3.398438
2.871094
2.309570
1.777344
1.230469
0.781250
0.385742
0.043945
-0.180664
-0.288086
-0.302734
-0.180664
0.024414
0.346680
0.683594
1.127930
1.650391
2.163086
2.739258
3.232422
3.759766
4.169922
4.560547
4.833984
5.019531
5.122070
5.078125
4.921875
4.707031
4.355469
3.984375
3.500977
2.963867
2.436523
1.918945
1.430664
0.913086
0.502930
0.151367
-0.058594
-0.224609
-0.268555
-0.190430
0.000000
0.273438
0.625000
1.035156
1.528320
2.084961
2.641602
3.125000
3.666992
4.111328
4.482422
4.770508
4.985352
5.117188
5.126953
4.985352
4.790039
4.472656
4.101562
3.623047
3.120117
2.612305
2.075195
1.542969
1.044922
0.644531
0.273438
0.014648
-0.170898
-0.224609
-0.170898
-0.004883
0.249023
0.532227
0.947266
1.420898
1.967773
2.475586
3.076172
3.574219
4.018555
4.462891
4.755859
4.960938
5.073242
5.156250
5.029297
4.887695
4.560547
4.223633
3.745117
3.276367
2.744141
2.202148
1.640625
1.157227
0.717773
0.307617
0.029297
-0.185547
-0.234375
-0.224609
-0.107422
0.107422
0.444336
0.815430
1.254883
1.806641
2.338867
2.885742
3.408203
3.920898
4.331055
4.653320
4.877930
5.078125
5.107422
5.048828
4.882812
4.604492
4.272461
3.867188
3.388672
2.861328
2.348633
1.748047
1.279297
0.800781
0.419922
0.078125
-0.141602
-0.263672
-0.268555
-0.170898
0.004883
0.322266
0.698242
1.152344
1.650391
2.202148
2.729492
3.232422
3.740234
4.213867
4.541016
4.804688
4.980469
5.087891
5.092773
4.916992
4.687500
4.365234
3.959961
3.486328
2.998047
2.470703
1.933594
1.372070
0.937500
0.537109
0.146484
-0.058594
-0.200195
-0.249023
-0.205078
-0.014648
0.224609
0.625000
1.069336
1.562500
2.060547
2.622070
3.154297
3.632812
4.106445
4.482422
4.799805
4.985352
5.078125
5.126953
4.990234
4.755859
4.423828
4.052734
3.627930
3.120117
2.607422
2.021484
1.464844
1.020508
0.625000
0.273438
0.000000
-0.185547
-0.278320
-0.219727
-0.073242
0.205078
0.527344
1.005859
1.445312
1.938477
2.519531
3.007812
3.515625
4.018555
4.404297
4.741211
4.956055
5.073242
5.122070
5.009766
4.829102
4.541016
4.169922
3.750000
3.251953
2.719727
2.177734
1.640625
1.137695
0.712891
0.336914
0.024414
-0.175781
-0.258789
-0.229492
-0.092773
0.131836
0.410156
0.864258
1.289062
1.796875
2.373047
2.880859
3.403320
3.876953
4.306641
4.653320
4.916992
5.078125
5.117188
5.053711
4.916992
4.667969
4.291992
3.881836
3.388672
2.861328
2.309570
1.782227
1.215820
0.781250
0.371094
0.107422
-0.141602
-0.258789
-0.239258
-0.180664
0.019531
0.307617
0.688477
1.142578
1.713867
2.202148
2.758789
3.271484
3.759766
4.160156
4.541016
4.843750
5.034180
5.097656
5.063477
4.902344
4.692383
4.370117
3.974609
3.510742
2.993164
2.421875
1.904297
1.401367
0.922852
0.517578
0.156250
-0.058594
-0.229492
-0.229492
-0.200195
0.019531
0.258789
0.625000
1.044922
1.557617
2.070312
2.587891
3.125000
3.666992
4.130859
4.472656
4.750977
4.956055
5.092773
5.131836
5.029297
4.780273
4.462891
4.062500
3.642578
3.149414
2.656250
2.075195
1.513672
1.030273
0.634766
0.214844
-0.024414
-0.156250
-0.273438
-0.175781
0.004883
0.219727
0.561523
1.015625
1.455078
1.997070
2.539062
3.066406
3.535156
4.057617
4.418945
4.760742
5.014648
5.141602
5.146484
5.048828
4.882812
4.580078
4.208984
3.730469
3.300781
2.744141
2.231445
1.665039
1.147461
0.712891
0.317383
0.014648
-0.141602
-0.263672
-0.249023
-0.092773
0.141602
0.429688
0.859375
1.274414
1.816406
2.353516
2.880859
3.393555
3.901367
4.311523
4.663086
4.936523
5.053711
5.107422
5.039062
4.907227
4.653320
4.277344
3.842773
3.374023
2.836914
2.290039
1.777344
1.245117
0.800781
0.429688
0.063477
-0.146484
-0.249023
-0.253906
-0.166016
0.039062
0.297852
0.688477
1.152344
1.650391
2.187500
2.744141
3.256836
3.720703
4.199219
4.545898
4.814453
4.980469
5.087891
5.048828
4.916992
4.707031
4.360352
3.994141
3.515625
2.988281
2.480469
1.914062
1.396484
0.922852
0.498047
0.185547
-0.058594
-0.214844
-0.258789
-0.195312
-0.009766
0.268555
0.629883
1.074219
1.533203
2.070312
2.612305
3.115234
3.647461
4.111328
4.497070
4.785156
4.990234
5.092773
5.107422
4.965820
4.755859
4.492188
4.077148
3.618164
3.090820
2.539062
2.060547
1.552734
1.000977
0.600586
0.209961
0.024414
-0.185547
-0.292969
-0.239258
-0.083008
0.214844
0.576172
0.981445
1.435547
1.987305
2.460938
3.041992
3.535156
3.989258
4.399414
4.711914
4.975586
5.097656
5.107422
5.039062
4.858398
4.560547
4.208984
3.735352
3.256836
2.739258
2.177734
1.645508
1.171875
0.693359
0.332031
0.043945
-0.180664
-0.263672
-0.234375
-0.107422
0.117188
0.449219
0.839844
1.284180
1.816406
2.338867
2.895508
3.442383
3.901367
4.277344
4.643555
4.892578
5.087891
5.131836
5.087891
4.926758
4.643555
4.272461
3.886719
3.417969
2.841797
2.348633
1.752930
1.254883
0.795898
0.371094
0.053711
-0.170898
-0.253906
-0.288086
-0.161133
-0.009766
0.327148
0.664062
1.171875
1.625977
2.202148
2.705078
3.237305
3.740234
4.179688
4.560547
4.829102
5.019531
5.073242
5.063477
4.956055
4.677734
4.355469
3.959961
3.505859
2.973633
2.431641
1.909180
1.362305
0.903320
0.483398
0.166016
-0.083008
-0.209961
-0.273438
-0.195312
-0.009766
0.214844
0.625000
1.064453
1.557617
2.041016
2.612305
3.144531
3.632812
4.072266
4.482422
4.741211
5.000000
5.078125
5.117188
5.004883
4.785156
4.477539
4.101562
3.666992
3.159180
2.592773
2.055664
1.552734
1.035156
0.634766
0.292969
0.039062
-0.126953
-0.214844
-0.175781
-0.063477
0.214844
0.566406
1.005859
1.484375
1.958008
2.485352
3.032227
3.574219
4.008789
4.418945
4.790039
4.936523
5.131836
5.117188
5.053711
4.868164
4.560547
4.204102
3.764648
3.291016
2.763672
2.182617
1.665039
1.162109
0.698242
0.327148
0.029297
-0.175781
-0.302734
-0.214844
-0.102539
0.107422
0.449219
0.864258
1.289062
1.831055
2.358398
2.900391
3.413086
3.867188
4.331055
4.663086
4.926758
5.073242
5.126953
5.092773
4.882812
4.604492
4.296875
3.833008
3.413086
2.846680
2.309570
1.767578
1.259766
0.830078
0.385742
0.073242
-0.136719
-0.258789
-0.249023
-0.136719
0.000000
0.332031
0.732422
1.181641
1.660156
2.187500
2.709961
3.261719
3.735352
4.165039
4.526367
4.804688
4.995117
5.078125
5.092773
4.897461
4.702148
4.360352
3.979492
3.515625
2.983398
2.436523
1.909180
1.391602
0.917969
0.507812
0.136719
-0.073242
-0.214844
-0.278320
-0.161133
-0.043945
0.224609
0.639648
1.030273
1.513672
2.070312
2.583008
3.134766
3.652344
4.116211
4.477539
4.785156
5.014648
5.102539
5.097656
4.975586
4.736328
4.453125
4.101562
3.662109
3.071289
2.534180
2.026367
1.513672
1.025391
0.581055
0.239258
-0.043945
-0.175781
-0.288086
-0.219727
-0.073242
0.185547
0.585938
0.961914
1.401367
1.943359
2.500000
3.027344
3.535156
4.008789
4.375000
4.711914
4.936523
5.083008
5.117188
5.029297
4.848633
4.541016
4.160156
3.720703
3.217773
2.709961
2.207031
1.596680
1.127930
0.712891
0.341797
0.009766
-0.141602
-0.268555
-0.249023
-0.112305
0.122070
0.463867
0.810547
1.303711
1.816406
2.353516
2.885742
3.388672
3.881836
4.296875
4.643555
4.946289
5.083008
5.141602
5.048828
4.926758
4.628906
4.316406
3.867188
3.398438
2.861328
2.285156
1.796875
1.225586
0.791016
0.390625
0.058594
-0.180664
-0.273438
-0.263672
-0.175781
0.039062
0.366211
0.664062
1.171875
1.650391
2.163086
2.734375
3.256836
3.750000
4.169922
4.531250
4.829102
5.029297
5.117188
5.078125
4.946289
4.707031
4.355469
3.984375
3.496094
2.978516
2.412109
1.899414
1.396484
0.908203
0.478516
0.156250
-0.107422
-0.214844
-0.258789
-0.166016
-0.039062
0.224609
0.659180
1.054688
1.533203
2.065430
2.568359
3.178711
