2.202148
1.665039
1.171875
0.742188
0.322266
0.000000
-0.166016
-0.253906
-0.244141
-0.122070
0.097656
0.395508
0.805664
1.284180
1.791992
2.329102
2.880859
3.339844
3.852539
4.248047
4.624023
4.863281
5.034180
5.073242
5.009766
4.853516
4.584961
4.277344
3.847656
3.374023
2.836914
2.299805
1.743164
1.245117
0.771484
0.385742
0.053711
-0.146484
-0.263672
-0.258789
-0.195312
0.019531
0.336914
0.698242
1.142578
1.694336
2.153320
2.709961
3.251953
3.750000
4.194336
4.541016
4.794922
5.039062
5.063477
5.048828
4.941406
4.682617
4.370117
3.940430
3.481445
2.998047
2.436523
1.943359
1.376953
0.883789
0.478516
0.156250
-0.083008
-0.209961
-0.273438
-0.214844
-0.024414
0.224609
0.585938
1.020508
1.508789
2.084961
2.592773
3.120117
3.588867
4.077148
4.448242
4.775391
4.946289
5.078125
5.122070
4.975586
4.804688
4.487305
4.091797
3.647461
3.168945
2.631836
2.050781
1.518555
1.035156
0.610352
0.263672
-0.014648
-0.214844
-0.273438
-0.253906
-0.112305
0.166016
0.483398
0.913086
1.391602
1.918945
2.431641
2.983398
3.544922
3.964844
4.365234
4.697266
4.965820
5.039062
5.136719
5.014648
4.833984
4.545898
4.179688
3.784180
3.251953
2.719727
2.182617
1.660156
1.186523
0.727539
0.307617
0.029297
-0.180664
-0.234375
-0.273438
-0.117188
0.078125
0.434570
0.854492
1.240234
1.782227
2.299805
2.812500
3.364258
3.833008
4.248047
4.584961
4.873047
5.034180
5.063477
5.009766
4.824219
4.580078
4.267578
3.857422
3.354492
2.866211
2.250977
1.757812
1.250000
0.776367
0.395508
0.058594
-0.175781
-0.253906
-0.273438
-0.131836
0.019531
0.332031
0.683594
1.123047
1.621094
2.153320
2.685547
3.212891
3.715820
4.165039
4.545898
4.819336
4.995117
5.107422
5.068359
4.960938
4.707031
4.389648
3.974609
3.491211
2.998047
2.451172
1.909180
1.381836
0.888672
0.502930
0.141602
-0.048828
-0.268555
-0.239258
-0.209961
-0.029297
0.224609
0.610352
1.010742
1.523438
2.089844
2.607422
3.139648
3.627930
4.106445
4.492188
4.814453
5.024414
5.136719
5.092773
4.985352
4.843750
4.443359
4.106445
3.652344
3.125000
2.631836
2.060547
1.523438
1.074219
0.585938
0.253906
0.034180
-0.175781
-0.209961
-0.205078
-0.092773
0.209961
0.527344
0.966797
1.440430
1.948242
2.470703
3.017578
3.540039
3.964844
4.345703
4.726562
4.921875
5.078125
5.117188
5.053711
4.882812
4.560547
4.194336
3.784180
3.286133
2.753906
2.207031
1.640625
1.152344
0.737305
0.351562
0.048828
-0.190430
-0.278320
-0.273438
-0.102539
0.083008
0.405273
0.795898
1.254883
1.796875
2.285156
2.812500
3.408203
3.823242
4.252930
4.619141
4.873047
5.009766
5.107422
5.009766
4.873047
4.599609
4.267578
3.808594
3.359375
2.812500
2.280273
1.738281
1.269531
0.791016
0.371094
0.063477
-0.151367
-0.268555
-0.288086
-0.205078
0.004883
0.312500
0.688477
1.191406
1.621094
2.182617
2.695312
3.256836
3.720703
4.179688
4.531250
4.833984
5.024414
5.063477
5.073242
4.931641
4.711914
4.375000
3.959961
3.496094
2.988281
2.465820
1.909180
1.362305
0.878906
0.498047
0.136719
-0.078125
-0.229492
-0.268555
-0.209961
-0.083008
0.200195
0.585938
1.040039
1.528320
2.055664
2.558594
3.144531
3.618164
4.057617
4.443359
4.755859
4.990234
5.058594
5.073242
4.990234
4.794922
4.531250
4.091797
3.657227
3.115234
2.612305
2.060547
1.547852
1.040039
0.615234
0.239258
-0.019531
-0.209961
-0.263672
-0.253906
-0.078125
0.175781
0.502930
0.913086
1.401367
1.904297
2.436523
2.968750
3.520508
3.989258
4.360352
4.716797
4.936523
5.092773
5.112305
5.004883
4.824219
4.545898
4.189453
3.779297
3.251953
2.714844
2.172852
1.635742
1.162109
0.683594
0.351562
0.048828
-0.166016
-0.258789
-0.288086
-0.112305
0.136719
0.454102
0.849609
1.318359
1.806641
2.290039
2.851562
3.383789
3.842773
4.243164
4.614258
4.863281
5.024414
5.029297
5.009766
4.863281
4.633789
4.252930
3.881836
3.354492
2.822266
2.280273
1.743164
1.254883
0.810547
0.405273
0.073242
-0.136719
-0.278320
-0.288086
-0.166016
0.009766
0.312500
0.688477
1.132812
1.640625
2.138672
2.734375
3.271484
3.720703
4.145508
4.550781
4.833984
5.019531
5.112305
5.063477
4.931641
4.697266
4.394531
3.969727
3.500977
2.988281
2.446289
1.918945
1.381836
0.898438
0.478516
0.146484
-0.083008
-0.268555
-0.268555
-0.205078
-0.063477
0.229492
0.605469
1.035156
1.508789
2.065430
2.597656
3.115234
3.627930
4.082031
4.487305
4.790039
5.014648
5.107422
5.073242
4.970703
4.804688
4.506836
4.130859
3.657227
3.129883
2.641602
2.045898
1.552734
1.054688
0.615234
0.283203
0.034180
-0.229492
-0.224609
-0.200195
-0.024414
0.205078
0.507812
0.961914
1.425781
1.977539
2.500000
2.988281
3.481445
3.959961
4.370117
4.721680
4.946289
5.063477
5.097656
5.058594
4.863281
4.580078
4.189453
3.769531
3.291016
2.705078
2.197266
1.621094
1.181641
0.742188
0.317383
0.034180
-0.180664
-0.268555
-0.273438
-0.151367
0.083008
0.434570
0.786133
1.274414
1.767578
2.294922
2.846680
3.369141
3.847656
4.282227
4.614258
4.858398
5.087891
5.102539
5.039062
4.873047
4.609375
4.272461
3.876953
3.344727
2.822266
2.275391
1.787109
1.313477
0.815430
0.375977
0.048828
-0.185547
-0.249023
-0.258789
-0.131836
0.029297
0.322266
0.698242
1.147461
1.660156
2.158203
2.719727
3.286133
3.710938
4.169922
4.541016
4.819336
5.043945
5.102539
5.068359
4.956055
4.697266
4.355469
3.979492
3.515625
2.954102
2.436523
1.923828
1.376953
0.893555
0.502930
0.170898
-0.068359
-0.244141
-0.292969
-0.205078
-0.019531
0.205078
0.566406
1.035156
1.533203
2.001953
2.553711
3.090820
3.637695
4.067383
4.453125
4.746094
4.970703
5.092773
5.083008
4.975586
4.799805
4.492188
4.121094
3.637695
3.120117
2.622070
2.041016
1.552734
1.035156
0.561523
0.234375
-0.029297
-0.209961
-0.302734
-0.229492
-0.078125
0.170898
0.502930
0.893555
1.347656
1.879883
2.441406
2.968750
3.510742
3.955078
4.375000
4.716797
4.916992
5.068359
5.112305
5.068359
4.843750
4.526367
4.174805
3.745117
3.261719
2.719727
2.192383
1.640625
1.166992
0.693359
0.361328
0.058594
-0.166016
-0.263672
-0.229492
-0.097656
0.102539
0.449219
0.834961
1.284180
1.767578
2.319336
2.827148
3.344727
3.808594
4.238281
4.584961
4.824219
4.980469
5.058594
5.014648
4.858398
4.604492
4.238281
3.862305
3.364258
2.841797
2.290039
1.748047
1.250000
0.795898
0.405273
0.053711
-0.180664
-0.249023
-0.292969
-0.170898
0.000000
0.317383
0.708008
1.137695
1.650391
2.143555
2.705078
3.217773
3.745117
4.179688
4.541016
4.824219
5.024414
5.112305
5.087891
4.951172
4.682617
4.389648
3.964844
3.530273
2.978516
2.475586
1.909180
1.376953
0.893555
0.488281
0.166016
-0.058594
-0.244141
-0.278320
-0.214844
-0.058594
0.229492
0.615234
1.049805
1.528320
2.041016
2.592773
3.144531
3.657227
4.096680
4.482422
4.809570
5.039062
5.122070
5.112305
5.029297
4.819336
4.536133
4.140625
3.642578
3.144531
2.597656
2.084961
1.562500
1.093750
0.683594
0.297852
-0.029297
-0.200195
-0.268555
-0.229492
-0.039062
0.205078
0.517578
0.952148
1.435547
1.933594
2.509766
2.993164
3.549805
3.979492
4.409180
4.711914
4.921875
5.078125
5.063477
5.029297
4.858398
4.565430
4.208984
3.745117
3.291016
2.773438
2.187500
1.655273
1.152344
0.712891
0.307617
0.043945
-0.190430
-0.249023
-0.234375
-0.126953
0.063477
0.419922
0.815430
1.284180
1.757812
2.294922
2.871094
3.354492
3.852539
4.252930
4.609375
4.877930
5.083008
5.078125
5.029297
4.863281
4.624023
4.306641
3.837891
3.339844
2.832031
2.285156
1.748047
1.245117
0.791016
0.410156
0.063477
-0.175781
-0.288086
-0.327148
-0.205078
0.004883
0.292969
0.703125
1.113281
1.635742
2.182617
2.714844
3.227539
3.750000
4.165039
4.555664
4.824219
5.034180
5.058594
5.053711
4.951172
4.707031
4.384766
3.964844
3.496094
2.983398
2.465820
1.894531
1.372070
0.922852
0.463867
0.146484
-0.068359
-0.234375
-0.258789
-0.258789
-0.029297
0.258789
0.634766
1.030273
1.484375
2.050781
2.607422
3.090820
3.642578
4.052734
4.433594
4.794922
4.980469
5.092773
5.087891
4.960938
4.770508
4.492188
4.150391
3.652344
3.110352
2.631836
2.060547
1.533203
1.054688
0.615234
0.258789
-0.019531
-0.229492
-0.288086
-0.244141
-0.058594
0.156250
0.473633
0.952148
1.406250
1.904297
2.426758
2.958984
3.496094
3.984375
4.370117
4.697266
4.926758
5.087891
5.112305
5.063477
4.843750
4.550781
4.174805
3.730469
3.286133
2.739258
2.167969
1.630859
1.152344
0.737305
0.341797
0.039062
-0.190430
-0.249023
-0.209961
-0.122070
0.102539
0.400391
0.864258
1.298828
1.791992
2.314453
2.836914
3.325195
3.872070
4.213867
4.609375
4.858398
4.975586
5.073242
4.990234
4.833984
4.614258
4.233398
3.847656
3.383789
2.807617
2.314453
1.767578
1.245117
0.820312
0.390625
0.078125
-0.161133
-0.268555
-0.307617
-0.161133
0.014648
0.302734
0.693359
1.123047
1.640625
2.172852
2.705078
3.232422
3.730469
4.189453
4.536133
4.838867
5.034180
5.097656
5.058594
4.941406
4.707031
4.375000
3.964844
3.520508
2.993164
2.451172
1.909180
1.391602
0.883789
0.512695
0.180664
-0.117188
-0.239258
-0.253906
-0.200195
-0.004883
0.224609
0.625000
1.044922
1.528320
2.036133
2.617188
3.134766
3.623047
4.082031
4.482422
4.833984
5.043945
5.136719
5.146484
4.970703
4.775391
4.526367
4.155273
3.642578
3.139648
2.651367
2.104492
1.557617
1.049805
0.625000
0.268555
0.004883
-0.185547
-0.214844
-0.239258
-0.078125
0.224609
0.546875
0.981445
1.440430
1.967773
2.490234
3.037109
3.535156
3.979492
4.365234
4.711914
4.931641
5.078125
5.097656
5.014648
4.819336
4.580078
4.218750
3.779297
3.217773
2.749023
2.226562
1.640625
1.171875
0.712891
0.336914
0.014648
-0.175781
-0.214844
-0.229492
-0.156250
0.112305
0.415039
0.791016
1.230469
1.791992
2.304688
2.866211
3.374023
3.891602
4.257812
4.599609
4.916992
5.058594
5.107422
5.034180
4.868164
4.624023
4.267578
3.828125
3.364258
2.846680
2.304688
1.767578
1.254883
0.771484
0.380859
0.058594
-0.185547
-0.283203
-0.283203
-0.205078
0.029297
0.336914
0.683594
1.123047
1.635742
2.172852
2.714844
3.286133
3.745117
4.165039
4.575195
4.829102
5.014648
5.117188
5.048828
4.946289
4.736328
4.355469
3.979492
3.500977
2.963867
2.416992
1.904297
1.396484
0.903320
0.463867
0.190430
-0.102539
-0.273438
-0.268555
-0.170898
-0.039062
0.195312
0.561523
1.049805
1.523438
2.011719
2.597656
3.149414
3.598633
4.057617
4.467773
4.780273
5.014648
5.058594
5.078125
5.014648
4.848633
4.501953
4.077148
3.613281
3.149414
2.612305
2.060547
1.538086
1.020508
0.590820
0.234375
-0.043945
-0.253906
-0.273438
-0.219727
-0.063477
0.156250
0.502930
0.908203
1.372070
1.938477
2.426758
2.968750
3.520508
3.964844
4.389648
4.711914
4.946289
5.102539
5.107422
5.024414
4.868164
4.545898
4.184570
3.759766
3.271484
2.753906
2.163086
1.674805
1.152344
0.732422
0.371094
0.063477
-0.161133
-0.249023
-0.214844
-0.117188
0.092773
0.410156
0.859375
1.308594
1.782227
2.275391
2.822266
3.344727
3.847656
4.257812
4.619141
4.853516
4.985352
5.078125
5.000000
4.843750
4.619141
4.267578
3.867188
3.369141
2.846680
2.290039
1.757812
1.269531
0.820312
0.400391
0.107422
-0.136719
-0.224609
-0.258789
-0.190430
0.014648
0.341797
0.698242
1.147461
1.630859
2.163086
2.705078
3.251953
3.720703
4.189453
4.531250
4.833984
5.009766
5.078125
5.078125
4.951172
4.707031
4.370117
3.999023
3.491211
3.032227
2.436523
1.899414
1.381836
0.869141
0.493164
0.126953
-0.112305
-0.214844
-0.283203
-0.214844
-0.004883
0.258789
0.600586
1.059570
1.523438
2.065430
2.578125
3.139648
3.657227
4.116211
4.492188
4.858398
5.009766
5.126953
5.107422
4.990234
4.790039
4.497070
4.140625
3.691406
3.168945
2.597656
2.084961
1.547852
1.054688
0.649414
0.302734
-0.004883
-0.175781
-0.249023
-0.234375
-0.048828
0.205078
0.532227
0.966797
1.445312
1.933594
2.490234
3.007812
3.549805
3.964844
4.365234
4.697266
4.941406
5.068359
5.112305
5.048828
4.892578
4.565430
4.179688
3.769531
3.276367
2.714844
2.182617
1.660156
1.171875
0.703125
0.327148
0.000000
-0.185547
-0.258789
-0.253906
-0.117188
0.117188
0.415039
0.844727
1.284180
1.791992
2.285156
2.836914
3.388672
3.833008
4.272461
4.614258
4.853516
5.024414
5.087891
5.048828
4.863281
4.628906
4.252930
3.833008
3.344727
2.822266
2.275391
1.738281
1.230469
0.776367
0.366211
0.073242
-0.161133
-0.273438
-0.283203
-0.161133
0.039062
0.317383
0.722656
1.147461
1.660156
2.158203
2.724609
3.251953
3.730469
4.174805
4.584961
4.824219
5.019531
5.073242
5.078125
4.956055
4.692383
4.384766
3.955078
3.496094
3.027344
2.451172
1.899414
1.386719
0.893555
0.507812
0.180664
-0.078125
-0.224609
-0.244141
-0.234375
-0.073242
0.234375
0.610352
1.000977
1.508789
2.016602
2.553711
3.168945
3.637695
4.023438
4.467773
4.741211
4.975586
5.063477
5.087891
5.034180
4.809570
4.492188
4.111328
3.652344
3.144531
2.597656
2.041016
1.503906
1.015625
0.600586
0.283203
-0.019531
-0.195312
-0.268555
-0.258789
-0.063477
0.151367
0.498047
0.913086
1.396484
1.899414
2.436523
2.993164
3.481445
3.964844
4.399414
4.711914
4.946289
5.063477
5.122070
5.053711
4.843750
4.550781
4.169922
3.750000
3.251953
2.739258
2.211914
1.635742
1.181641
0.737305
0.332031
0.043945
-0.141602
-0.239258
-0.244141
-0.112305
0.102539
0.400391
0.834961
1.298828
1.757812
2.285156
2.827148
3.354492
3.823242
4.257812
4.570312
4.858398
5.019531
5.087891
5.019531
4.833984
4.619141
4.296875
3.891602
3.393555
2.856445
2.319336
1.791992
1.259766
0.815430
0.400391
0.073242
-0.126953
-0.273438
-0.258789
-0.146484
0.009766
0.327148
0.712891
1.142578
1.640625
2.163086
2.705078
3.261719
3.754883
4.174805
4.545898
4.838867
5.034180
5.146484
5.048828
4.965820
4.716797
4.375000
3.974609
3.510742
3.012695
2.470703
1.909180
1.411133
0.874023
0.473633
0.170898
-0.092773
-0.229492
-0.219727
-0.200195
-0.039062
0.219727
0.610352
1.069336
1.542969
2.045898
2.617188
3.183594
3.701172
4.150391
4.497070
4.819336
4.980469
5.083008
5.107422
5.043945
4.809570
4.541016
4.116211
3.681641
3.164062
2.617188
2.104492
1.562500
1.069336
0.659180
0.273438
-0.029297
-0.161133
-0.239258
-0.146484
-0.009766
0.214844
0.493164
0.922852
1.440430
1.918945
2.485352
2.993164
3.564453
3.964844
4.379883
4.687500
4.951172
5.048828
5.117188
5.043945
4.824219
4.580078
4.233398
3.759766
3.247070
2.734375
2.207031
1.655273
1.176758
0.712891
0.346680
-0.004883
-0.170898
-0.268555
-0.239258
-0.141602
0.087891
0.405273
0.854492
1.250000
1.796875
2.314453
2.817383
3.369141
3.833008
4.282227
4.604492
4.912109
5.039062
5.078125
5.073242
4.843750
4.609375
4.238281
3.823242
3.374023
2.797852
2.299805
1.762695
1.235352
0.786133
0.366211
0.034180
-0.195312
-0.263672
-0.302734
-0.200195
0.024414
0.322266
0.708008
1.181641
1.679688
2.202148
2.695312
3.271484
3.745117
4.199219
4.555664
4.833984
5.034180
5.102539
5.068359
4.921875
4.687500
4.365234
3.999023
3.515625
2.968750
2.456055
1.894531
1.381836
0.932617
0.507812
0.136719
-0.083008
-0.229492
-0.234375
-0.195312
-0.053711
0.175781
0.581055
1.000977
1.503906
2.065430
2.612305
3.110352
3.569336
4.106445
4.482422
4.750977
4.956055
5.078125
5.092773
5.009766
4.853516
4.526367
4.135742
3.632812
3.115234
2.597656
2.065430
1.513672
1.010742
0.581055
0.229492
-0.048828
-0.219727
-0.273438
-0.224609
-0.097656
0.170898
0.483398
0.893555
1.386719
1.928711
2.480469
2.973633
3.481445
3.974609
4.394531
4.677734
4.936523
5.073242
5.122070
5.034180
4.873047
4.589844
4.179688
3.750000
3.276367
2.744141
2.143555
1.645508
1.142578
0.708008
0.346680
0.053711
-0.156250
-0.234375
-0.219727
-0.161133
0.073242
0.458984
0.820312
1.284180
1.762695
2.324219
2.836914
3.364258
3.828125
4.243164
4.584961
4.882812
5.024414
5.073242
5.024414
4.868164
4.594727
4.272461
3.847656
3.344727
2.832031
2.290039
1.772461
1.274414
0.805664
0.410156
0.068359
-0.166016
-0.268555
-0.258789
-0.200195
0.034180
0.288086
0.688477
1.123047
1.635742
2.197266
2.719727
3.251953
3.740234
4.189453
4.541016
4.833984
5.019531
5.126953
5.073242
4.921875
4.687500
4.409180
3.974609
3.525391
3.012695
2.480469
1.894531
1.416016
0.908203
0.483398
0.092773
-0.078125
-0.214844
-0.307617
-0.185547
0.019531
0.273438
0.620117
1.059570
1.552734
2.084961
2.626953
3.125000
3.623047
4.096680
4.472656
4.794922
5.053711
5.131836
5.083008
5.024414
4.804688
4.501953
4.140625
3.676758
3.125000
2.631836
2.089844
1.523438
1.079102
0.620117
0.258789
0.039062
-0.195312
-0.234375
-0.185547
-0.048828
0.209961
0.556641
0.952148
1.430664
1.928711
2.519531
3.007812
3.535156
3.950195
4.399414
4.721680
4.916992
5.068359
5.122070
5.068359
4.873047
4.584961
4.189453
3.735352
3.315430
2.763672
2.172852
1.660156
1.166992
0.717773
0.341797
0.029297
-0.175781
-0.278320
-0.253906
-0.122070
0.151367
0.419922
0.800781
1.274414
1.757812
2.294922
2.866211
3.344727
3.852539
4.301758
4.584961
4.863281
5.043945
5.083008
5.009766
4.853516
4.643555
4.252930
3.867188
3.354492
2.846680
2.299805
1.772461
1.264648
0.810547
0.395508
0.053711
-0.185547
-0.273438
-0.307617
-0.190430
0.014648
0.312500
0.693359
1.162109
1.660156
2.153320
2.685547
3.261719
3.784180
4.194336
4.541016
4.814453
5.039062
5.107422
5.083008
4.956055
4.697266
4.379883
3.979492
3.505859
3.007812
2.451172
1.914062
1.381836
0.903320
0.522461
0.141602
-0.063477
-0.195312
-0.278320
-0.214844
-0.063477
0.263672
0.615234
1.035156
1.542969
2.031250
2.641602
3.134766
3.603516
4.028320
4.443359
4.814453
5.019531
5.107422
5.068359
4.985352
4.785156
4.501953
4.121094
3.652344
3.144531
2.607422
2.084961
1.523438
1.083984
0.605469
0.244141
-0.019531
-0.195312
-0.278320
-0.229492
-0.097656
0.156250
0.488281
0.917969
1.381836
1.938477
2.460938
2.983398
3.500977
3.969727
4.418945
4.721680
4.941406
5.107422
5.102539
5.039062
4.824219
4.580078
4.213867
3.720703
3.271484
2.749023
2.192383
1.640625
1.181641
0.732422
0.341797
0.029297
-0.156250
-0.234375
-0.249023
-0.122070
0.112305
0.434570
0.869141
1.308594
1.772461
2.290039
2.832031
3.354492
3.823242
4.248047
4.633789
4.882812
5.043945
5.083008
5.024414
4.887695
4.599609
4.277344
3.857422
3.359375
2.871094
2.304688
1.791992
1.259766
0.800781
0.390625
0.092773
-0.151367
-0.273438
-0.278320
-0.185547
0.014648
0.292969
0.708008
1.152344
1.630859
2.163086
2.714844
3.232422
3.745117
4.189453
4.526367
4.848633
5.004883
5.102539
5.073242
4.956055
4.697266
4.394531
3.969727
3.505859
2.968750
2.446289
1.914062
1.406250
0.908203
0.493164
0.131836
-0.073242
-0.219727
-0.278320
-0.239258
0.004883
0.258789
0.629883
1.049805
1.518555
2.089844
2.636719
3.120117
3.642578
4.116211
4.492188
4.814453
5.039062
5.151367
5.102539
5.053711
4.799805
4.492188
4.140625
3.671875
3.173828
2.607422
2.055664
1.542969
1.083984
0.644531
0.219727
0.029297
-0.166016
-0.258789
-0.190430
-0.048828
0.224609
0.527344
0.927734
1.425781
1.948242
2.470703
3.017578
3.520508
3.989258
4.394531
4.731445
4.936523
5.073242
5.092773
5.063477
4.853516
4.594727
4.199219
3.764648
3.281250
2.729492
2.187500
1.655273
1.171875
0.722656
0.307617
0.053711
-0.166016
-0.292969
-0.268555
-0.141602
0.131836
0.415039
0.771484
1.230469
1.791992
2.299805
2.836914
3.403320
3.823242
4.287109
4.604492
4.853516
5.073242
5.112305
5.024414
4.868164
4.624023
4.267578
3.852539
3.354492
2.827148
2.304688
1.772461
1.245117
0.776367
0.385742
0.043945
-0.180664
-0.273438
-0.302734
-0.195312
0.024414
0.307617
0.693359
1.181641
1.669922
2.177734
2.714844
