1.743164
1.230469
0.771484
0.405273
0.092773
-0.141602
-0.249023
-0.263672
-0.141602
0.043945
0.356445
0.751953
1.191406
1.684570
2.207031
2.753906
3.295898
3.784180
4.199219
4.560547
4.843750
5.019531
5.068359
5.053711
4.931641
4.677734
4.345703
3.896484
3.452148
2.929688
2.368164
1.879883
1.337891
0.834961
0.449219
0.117188
-0.078125
-0.205078
-0.263672
-0.175781
-0.009766
0.312500
0.659180
1.074219
1.582031
2.084961
2.651367
3.139648
3.681641
4.106445
4.492188
4.790039
4.985352
5.131836
5.092773
4.995117
4.750977
4.433594
4.042969
3.588867
3.095703
2.548828
2.001953
1.474609
0.947266
0.590820
0.268555
-0.053711
-0.185547
-0.258789
-0.219727
-0.058594
0.156250
0.517578
0.932617
1.455078
1.953125
2.514648
3.066406
3.544922
4.023438
4.389648
4.750977
4.975586
5.087891
5.136719
5.063477
4.873047
4.560547
4.184570
3.730469
3.212891
2.700195
2.153320
1.601562
1.108398
0.683594
0.268555
0.053711
-0.200195
-0.263672
-0.190430
-0.092773
0.117188
0.458984
0.864258
1.362305
1.855469
2.343750
2.905273
3.437500
3.901367
4.316406
4.682617
4.921875
5.078125
5.097656
5.063477
4.863281
4.609375
4.272461
3.862305
3.320312
2.851562
2.280273
1.762695
1.259766
0.795898
0.410156
0.092773
-0.097656
-0.249023
-0.214844
-0.102539
0.073242
0.366211
0.747070
1.186523
1.684570
2.197266
2.758789
3.251953
3.759766
4.228516
4.560547
4.824219
4.995117
5.078125
5.034180
4.907227
4.667969
4.360352
3.916016
3.461914
2.944336
2.397461
1.865234
1.323242
0.874023
0.458984
0.166016
-0.097656
-0.229492
-0.229492
-0.205078
0.004883
0.258789
0.639648
1.098633
1.562500
2.099609
2.675781
3.168945
3.686523
4.101562
4.497070
4.794922
5.004883
5.107422
5.102539
4.960938
4.746094
4.438477
4.047852
3.613281
3.056641
2.519531
2.006836
1.503906
0.986328
0.590820
0.209961
-0.043945
-0.214844
-0.273438
-0.214844
-0.053711
0.209961
0.595703
1.015625
1.469727
1.982422
2.495117
3.051758
3.574219
4.086914
4.482422
4.770508
4.985352
5.107422
5.151367
5.048828
4.882812
4.575195
4.184570
3.750000
3.276367
2.739258
2.182617
1.674805
1.152344
0.683594
0.327148
0.039062
-0.175781
-0.249023
-0.195312
-0.083008
0.166016
0.478516
0.893555
1.342773
1.860352
2.363281
2.885742
3.422852
3.916016
4.296875
4.692383
4.892578
5.083008
5.161133
5.097656
4.892578
4.604492
4.277344
3.862305
3.359375
2.822266
2.285156
1.782227
1.264648
0.795898
0.390625
0.063477
-0.141602
-0.224609
-0.278320
-0.161133
0.034180
0.351562
0.742188
1.220703
1.689453
2.221680
2.758789
3.276367
3.764648
4.189453
4.560547
4.838867
5.000000
5.068359
5.039062
4.882812
4.672852
4.326172
3.881836
3.437500
2.939453
2.392578
1.826172
1.337891
0.844727
0.468750
0.136719
-0.107422
-0.224609
-0.253906
-0.175781
-0.034180
0.273438
0.610352
1.074219
1.547852
2.084961
2.646484
3.159180
3.662109
4.111328
4.516602
4.790039
5.000000
5.102539
5.117188
4.985352
4.760742
4.462891
4.038086
3.603516
3.046875
2.539062
2.016602
1.479492
1.010742
0.576172
0.205078
-0.048828
-0.170898
-0.229492
-0.219727
-0.039062
0.141602
0.502930
0.981445
1.440430
1.938477
2.412109
3.041992
3.535156
4.018555
4.418945
4.716797
4.965820
5.092773
5.146484
5.043945
4.824219
4.545898
4.174805
3.754883
3.212891
2.705078
2.153320
1.596680
1.108398
0.683594
0.322266
0.034180
-0.175781
-0.263672
-0.219727
-0.107422
0.107422
0.458984
0.864258
1.342773
1.840820
2.377930
2.919922
3.437500
3.911133
4.316406
4.677734
4.907227
5.092773
5.122070
5.048828
4.907227
4.624023
4.282227
3.833008
3.344727
2.836914
2.275391
1.743164
1.250000
0.786133
0.400391
0.117188
-0.126953
-0.253906
-0.224609
-0.112305
0.073242
0.356445
0.751953
1.210938
1.679688
2.211914
2.768555
3.281250
3.750000
4.160156
4.550781
4.814453
5.019531
5.083008
5.058594
4.907227
4.667969
4.335938
3.916016
3.452148
2.929688
2.407227
1.845703
1.352539
0.869141
0.473633
0.136719
-0.097656
-0.234375
-0.258789
-0.185547
-0.004883
0.297852
0.654297
1.064453
1.562500
2.094727
2.641602
3.164062
3.671875
4.140625
4.501953
4.819336
4.985352
5.131836
5.102539
4.975586
4.794922
4.453125
4.038086
3.583984
3.081055
2.539062
1.987305
1.474609
1.010742
0.566406
0.258789
-0.039062
-0.205078
-0.244141
-0.190430
-0.068359
0.214844
0.532227
0.971680
1.469727
2.026367
2.539062
3.095703
3.613281
4.082031
4.462891
4.785156
4.965820
5.141602
5.112305
5.053711
4.829102
4.589844
4.218750
3.774414
3.237305
2.700195
2.167969
1.640625
1.166992
0.717773
0.327148
0.039062
-0.151367
-0.190430
-0.185547
-0.063477
0.151367
0.498047
0.883789
1.367188
1.855469
2.397461
2.905273
3.452148
3.886719
4.345703
4.702148
4.907227
5.092773
5.126953
5.053711
4.931641
4.653320
4.257812
3.837891
3.339844
2.861328
2.285156
1.743164
1.235352
0.810547
0.419922
0.078125
-0.122070
-0.249023
-0.283203
-0.087891
0.053711
0.400391
0.751953
1.186523
1.669922
2.250977
2.778320
3.295898
3.764648
4.213867
4.565430
4.848633
5.058594
5.136719
5.058594
4.902344
4.667969
4.370117
3.925781
3.442383
2.958984
2.397461
1.850586
1.328125
0.859375
0.434570
0.146484
-0.117188
-0.244141
-0.263672
-0.180664
0.039062
0.278320
0.664062
1.088867
1.591797
2.099609
2.636719
3.159180
3.657227
4.125977
4.497070
4.790039
5.004883
5.102539
5.087891
5.024414
4.794922
4.433594
4.038086
3.603516
3.110352
2.568359
2.021484
1.440430
0.976562
0.581055
0.229492
-0.024414
-0.239258
-0.278320
-0.205078
-0.043945
0.190430
0.556641
0.952148
1.445312
1.943359
2.465820
3.046875
3.569336
4.038086
4.423828
4.721680
4.975586
5.112305
5.166016
5.034180
4.833984
4.580078
4.179688
3.715820
3.242188
2.705078
2.143555
1.625977
1.127930
0.664062
0.312500
0.034180
-0.166016
-0.244141
-0.268555
-0.078125
0.136719
0.458984
0.854492
1.293945
1.845703
2.319336
2.919922
3.398438
3.906250
4.311523
4.687500
4.936523
5.102539
5.131836
5.019531
4.892578
4.628906
4.267578
3.852539
3.359375
2.832031
2.309570
1.777344
1.259766
0.820312
0.385742
0.122070
-0.092773
-0.239258
-0.229492
-0.087891
0.073242
0.380859
0.737305
1.186523
1.669922
2.216797
2.749023
3.276367
3.740234
4.189453
4.521484
4.824219
5.019531
5.102539
5.058594
4.916992
4.682617
4.321289
3.925781
3.437500
2.939453
2.416992
1.879883
1.362305
0.898438
0.483398
0.151367
-0.087891
-0.244141
-0.249023
-0.185547
-0.019531
0.283203
0.654297
1.088867
1.562500
2.089844
2.646484
3.193359
3.657227
4.150391
4.506836
4.804688
5.029297
5.117188
5.058594
4.980469
4.755859
4.462891
4.038086
3.569336
3.076172
2.553711
1.992188
1.484375
1.010742
0.585938
0.239258
-0.019531
-0.224609
-0.249023
-0.190430
-0.048828
0.234375
0.576172
1.000977
1.489258
1.997070
2.539062
3.081055
3.608398
4.072266
4.453125
4.770508
4.965820
5.117188
5.161133
5.083008
4.873047
4.560547
4.179688
3.735352
3.271484
2.705078
2.128906
1.635742
1.118164
0.732422
0.361328
0.068359
-0.146484
-0.214844
-0.234375
-0.087891
0.180664
0.507812
0.864258
1.381836
1.860352
2.373047
2.890625
3.452148
3.935547
4.335938
4.672852
4.912109
5.131836
5.146484
5.058594
4.907227
4.648438
4.267578
3.828125
3.374023
2.812500
2.265625
1.757812
1.284180
0.751953
0.371094
0.097656
-0.161133
-0.214844
-0.258789
-0.146484
0.053711
0.351562
0.732422
1.215820
1.718750
2.187500
2.749023
3.315430
3.793945
4.223633
4.589844
4.858398
5.004883
5.078125
5.058594
4.931641
4.692383
4.321289
3.930664
3.471680
2.939453
2.382812
1.870117
1.337891
0.859375
0.449219
0.112305
-0.102539
-0.249023
-0.283203
-0.185547
0.004883
0.273438
0.659180
1.044922
1.596680
2.128906
2.656250
3.144531
3.657227
4.150391
4.477539
4.814453
4.995117
5.092773
5.083008
5.000000
4.760742
4.443359
4.072266
3.593750
3.076172
2.548828
2.036133
1.523438
1.020508
0.585938
0.214844
-0.048828
-0.209961
-0.278320
-0.209961
-0.073242
0.205078
0.566406
0.981445
1.459961
1.982422
2.495117
3.002930
3.520508
4.003906
4.438477
4.726562
4.975586
5.122070
5.209961
5.058594
4.877930
4.594727
4.155273
3.745117
3.227539
2.685547
2.148438
1.591797
1.137695
0.683594
0.327148
0.004883
-0.170898
-0.263672
-0.258789
-0.122070
0.126953
0.419922
0.864258
1.313477
1.835938
2.353516
2.939453
3.422852
3.920898
4.331055
4.672852
4.946289
5.053711
5.117188
5.083008
4.897461
4.619141
4.267578
3.872070
3.354492
2.841797
2.270508
1.782227
1.269531
0.776367
0.419922
0.122070
-0.117188
-0.258789
-0.214844
-0.141602
0.097656
0.346680
0.781250
1.176758
1.674805
2.231445
2.744141
3.271484
3.740234
4.179688
4.565430
4.824219
5.000000
5.078125
5.039062
4.912109
4.663086
4.321289
3.916016
3.457031
2.919922
2.426758
1.875000
1.342773
0.864258
0.444336
0.166016
-0.063477
-0.258789
-0.283203
-0.175781
0.029297
0.263672
0.668945
1.079102
1.572266
2.094727
2.646484
3.178711
3.666992
4.125977
4.501953
4.780273
4.995117
5.141602
5.083008
4.975586
4.760742
4.462891
4.077148
3.588867
3.085938
2.519531
1.992188
1.494141
0.971680
0.561523
0.263672
-0.039062
-0.214844
-0.239258
-0.180664
-0.043945
0.249023
0.571289
1.005859
1.499023
2.006836
2.578125
3.095703
3.623047
4.067383
4.482422
4.770508
5.014648
5.151367
5.175781
5.087891
4.863281
4.609375
4.238281
3.735352
3.276367
2.690430
2.138672
1.601562
1.162109
0.722656
0.356445
0.034180
-0.131836
-0.219727
-0.170898
-0.048828
0.166016
0.507812
0.898438
1.376953
1.870117
2.387695
2.924805
3.437500
3.896484
4.345703
4.702148
4.931641
5.053711
5.122070
5.068359
4.916992
4.609375
4.238281
3.847656
3.393555
2.851562
2.285156
1.762695
1.230469
0.786133
0.410156
0.112305
-0.122070
-0.273438
-0.258789
-0.146484
0.083008
0.361328
0.747070
1.206055
1.708984
2.241211
2.758789
3.281250
3.774414
4.213867
4.589844
4.887695
5.014648
5.126953
5.083008
4.902344
4.667969
4.350586
3.916016
3.481445
2.919922
2.392578
1.870117
1.313477
0.844727
0.424805
0.117188
-0.112305
-0.224609
-0.268555
-0.175781
-0.004883
0.253906
0.649414
1.079102
1.562500
2.099609
2.656250
3.168945
3.686523
4.125977
4.531250
4.760742
4.990234
5.102539
5.053711
4.975586
4.765625
4.428711
4.057617
3.598633
3.085938
2.568359
2.026367
1.455078
0.957031
0.566406
0.229492
-0.058594
-0.214844
-0.253906
-0.234375
-0.073242
0.190430
0.537109
0.971680
1.435547
1.928711
2.519531
3.061523
3.515625
4.003906
4.458008
4.746094
4.970703
5.126953
5.180664
5.029297
4.848633
4.565430
4.155273
3.730469
3.237305
2.705078
2.163086
1.611328
1.113281
0.693359
0.322266
-0.014648
-0.195312
-0.268555
-0.229492
-0.112305
0.126953
0.454102
0.854492
1.328125
1.806641
2.377930
2.910156
3.427734
3.896484
4.316406
4.682617
4.926758
5.073242
5.126953
5.078125
4.882812
4.628906
4.287109
3.837891
3.325195
2.827148
2.299805
1.772461
1.274414
0.800781
0.390625
0.102539
-0.126953
-0.249023
-0.214844
-0.131836
0.058594
0.366211
0.732422
1.142578
1.708984
2.192383
2.719727
3.261719
3.759766
4.208984
4.526367
4.848633
5.039062
5.039062
5.024414
4.873047
4.663086
4.355469
3.930664
3.427734
2.919922
2.382812
1.835938
1.347656
0.859375
0.463867
0.112305
-0.117188
-0.253906
-0.244141
-0.209961
-0.019531
0.234375
0.629883
1.079102
1.528320
2.080078
2.617188
3.139648
3.686523
4.106445
4.497070
4.780273
4.995117
5.122070
5.083008
4.990234
4.736328
4.433594
4.038086
3.588867
3.061523
2.543945
1.992188
1.445312
0.976562
0.566406
0.273438
-0.053711
-0.180664
-0.244141
-0.205078
-0.048828
0.185547
0.551758
0.932617
1.464844
2.001953
2.519531
3.046875
3.559570
4.082031
4.472656
4.785156
4.985352
5.122070
5.092773
5.073242
4.877930
4.580078
4.189453
3.706055
3.217773
2.695312
2.163086
1.655273
1.127930
0.712891
0.341797
0.034180
-0.141602
-0.209961
-0.224609
-0.083008
0.146484
0.468750
0.898438
1.381836
1.865234
2.377930
2.890625
3.403320
3.911133
4.331055
4.711914
4.941406
5.117188
5.151367
5.068359
4.931641
4.638672
4.262695
3.837891
3.369141
2.822266
2.275391
1.748047
1.254883
0.795898
0.390625
0.063477
-0.117188
-0.239258
-0.273438
-0.122070
0.097656
0.380859
0.742188
1.225586
1.684570
2.221680
2.778320
3.320312
3.779297
4.208984
4.584961
4.882812
5.063477
5.117188
5.053711
4.936523
4.672852
4.365234
3.930664
3.457031
2.939453
2.392578
1.909180
1.313477
0.854492
0.458984
0.146484
-0.087891
-0.205078
-0.253906
-0.146484
0.009766
0.322266
0.668945
1.103516
1.601562
2.138672
2.670898
3.168945
3.691406
4.125977
4.545898
4.814453
5.048828
5.102539
5.112305
5.024414
4.775391
4.458008
4.096680
3.613281
3.110352
2.563477
2.021484
1.513672
1.015625
0.610352
0.253906
0.014648
-0.170898
-0.239258
-0.205078
-0.058594
0.205078
0.605469
0.986328
1.450195
1.982422
2.504883
3.120117
3.579102
4.067383
4.443359
4.775391
5.014648
5.122070
5.170898
5.058594
4.882812
4.560547
4.228516
3.750000
3.266602
2.724609
2.158203
1.625977
1.142578
0.688477
0.346680
0.053711
-0.146484
-0.234375
-0.195312
-0.083008
0.146484
0.468750
0.854492
1.333008
1.860352
2.392578
2.944336
3.486328
3.950195
4.360352
4.726562
4.931641
5.097656
5.161133
5.068359
4.897461
4.663086
4.291992
3.901367
3.374023
2.871094
2.280273
1.777344
1.274414
0.825195
0.400391
0.097656
-0.141602
-0.175781
-0.205078
-0.097656
0.102539
0.380859
0.751953
1.215820
1.708984
2.236328
2.758789
3.300781
3.779297
4.228516
4.541016
4.843750
5.019531
5.092773
5.073242
4.916992
4.702148
4.345703
3.940430
3.447266
2.963867
2.436523
1.889648
1.362305
0.874023
0.488281
0.151367
-0.122070
-0.224609
-0.288086
-0.219727
0.014648
0.297852
0.654297
1.074219
1.591797
2.094727
2.675781
3.193359
3.632812
4.121094
4.526367
4.785156
4.970703
5.078125
5.097656
4.965820
4.731445
4.433594
3.999023
3.579102
3.071289
2.539062
2.001953
1.464844
0.981445
0.546875
0.214844
-0.058594
-0.214844
-0.288086
-0.219727
-0.068359
0.185547
0.546875
0.991211
1.455078
1.962891
2.470703
3.041992
3.588867
4.038086
4.418945
4.750977
4.941406
5.112305
5.156250
5.014648
4.790039
4.511719
4.096680
3.735352
3.212891
2.719727
2.148438
1.606445
1.083984
0.664062
0.312500
-0.009766
-0.141602
-0.234375
-0.219727
-0.131836
0.146484
0.458984
0.878906
1.318359
1.826172
2.319336
2.861328
3.374023
3.867188
4.306641
4.638672
4.873047
5.087891
5.053711
5.048828
4.868164
4.589844
4.223633
3.842773
3.334961
2.797852
2.265625
1.699219
1.230469
0.805664
0.390625
0.024414
-0.161133
-0.273438
-0.258789
-0.131836
0.024414
0.361328
0.722656
1.206055
1.684570
2.216797
2.724609
3.295898
3.750000
4.199219
4.565430
4.833984
5.004883
5.083008
5.029297
4.902344
4.667969
4.326172
3.911133
3.432617
2.915039
2.392578
1.831055
1.333008
0.844727
0.405273
0.131836
-0.112305
-0.244141
-0.253906
-0.214844
-0.004883
0.249023
0.639648
1.054688
1.582031
2.084961
2.661133
3.188477
3.681641
4.116211
4.487305
4.814453
5.000000
5.083008
5.097656
4.995117
4.755859
4.423828
4.052734
3.603516
3.090820
2.543945
2.026367
1.513672
1.010742
0.595703
0.190430
-0.063477
-0.195312
-0.283203
-0.234375
-0.029297
0.214844
0.546875
0.952148
1.420898
1.967773
2.504883
3.037109
3.564453
4.028320
4.428711
4.760742
4.990234
5.117188
5.166016
5.048828
4.843750
4.545898
4.179688
3.759766
3.227539
2.690430
2.138672
1.625977
1.137695
0.683594
0.312500
-0.009766
-0.190430
-0.249023
-0.239258
-0.092773
0.122070
0.454102
0.883789
1.357422
1.855469
2.377930
2.915039
3.457031
3.891602
4.350586
4.667969
4.921875
5.092773
5.126953
5.063477
4.877930
4.628906
4.282227
3.837891
3.393555
2.822266
2.270508
1.762695
1.225586
0.781250
0.410156
0.102539
-0.102539
-0.209961
-0.249023
-0.102539
0.039062
0.341797
0.732422
1.142578
1.650391
2.202148
2.729492
3.242188
3.725586
4.174805
4.526367
4.833984
4.990234
5.063477
5.073242
4.892578
4.663086
4.311523
3.901367
3.457031
2.939453
2.402344
1.845703
1.328125
0.859375
0.419922
0.131836
-0.112305
-0.263672
-0.283203
-0.185547
0.000000
0.258789
0.605469
1.074219
1.562500
2.084961
2.602539
3.168945
3.662109
4.096680
4.501953
4.799805
5.043945
5.107422
5.068359
4.985352
4.765625
4.428711
4.057617
3.574219
3.066406
2.539062
1.962891
1.455078
0.976562
0.571289
0.249023
-0.039062
-0.209961
-0.273438
-0.200195
-0.019531
0.205078
0.551758
0.996094
1.499023
2.016602
2.583008
3.120117
3.588867
4.047852
4.443359
4.790039
5.043945
5.205078
5.166016
5.058594
4.887695
4.545898
4.213867
3.789062
3.261719
2.744141
2.192383
1.660156
1.147461
0.683594
0.327148
0.058594
-0.107422
-0.175781
-0.175781
-0.048828
0.166016
0.483398
0.913086
1.376953
1.870117
2.377930
2.919922
3.417969
3.930664
4.350586
4.697266
4.975586
5.107422
5.146484
5.073242
4.902344
4.672852
4.296875
3.881836
3.398438
2.866211
2.309570
1.772461
1.245117
0.815430
0.434570
0.112305
-0.107422
-0.219727
-0.258789
-0.126953
0.073242
0.419922
0.761719
1.210938
1.694336
2.241211
2.807617
3.325195
3.784180
4.238281
4.575195
4.868164
5.068359
5.107422
5.063477
4.926758
4.682617
4.365234
3.994141
3.471680
2.944336
2.407227
1.855469
1.323242
0.820312
0.458984
0.156250
-0.083008
-0.239258
-0.244141
-0.161133
0.000000
0.292969
0.668945
1.098633
1.591797
2.119141
2.656250
3.164062
3.691406
4.106445
4.501953
4.804688
5.019531
5.097656
5.087891
4.960938
4.750977
4.443359
4.062500
3.579102
3.061523
2.519531
2.026367
1.479492
0.976562
0.561523
0.219727
-0.014648
-0.224609
-0.297852
-0.219727
-0.083008
0.214844
0.502930
0.966797
1.391602
1.953125
2.553711
3.007812
3.564453
4.003906
4.409180
4.707031
4.946289
5.068359
5.136719
5.073242
4.838867
4.526367
4.130859
3.706055
3.232422
2.680664
2.119141
1.621094
1.113281
0.634766
0.292969
0.004883
-0.219727
-0.273438
-0.239258
-0.102539
0.126953
0.434570
0.849609
1.308594
1.831055
2.324219
2.871094
3.398438
3.881836
4.316406
4.667969
4.892578
5.073242
5.112305
5.034180
4.892578
4.584961
4.204102
3.833008
3.364258
2.827148
2.250977
1.738281
1.220703
0.776367
0.375977
0.029297
-0.136719
-0.234375
-0.239258
-0.141602
0.048828
0.346680
0.732422
1.206055
1.684570
2.182617
2.734375
3.281250
3.750000
4.184570
4.565430
4.809570
5.014648
5.102539
5.014648
4.926758
4.658203
4.345703
3.891602
3.427734
2.900391
2.392578
1.845703
1.333008
0.864258
0.444336
0.126953
-0.092773
-0.244141
-0.278320
-0.224609
-0.029297
0.283203
0.644531
1.093750
1.547852
2.080078
2.656250
3.173828
3.662109
4.125977
4.472656
4.804688
4.965820
5.063477
5.102539
4.970703
4.741211
4.443359
4.062500
3.593750
3.076172
2.553711
1.982422
1.401367
1.035156
0.566406
0.234375
-0.048828
-0.195312
-0.234375
-0.180664
-0.029297
0.209961
0.512695
0.996094
1.484375
1.997070
2.553711
3.095703
3.564453
4.062500
4.458008
4.785156
5.014648
5.146484
5.170898
5.107422
4.824219
4.594727
4.199219
3.774414
3.281250
2.749023
2.153320
1.660156
1.162109
0.708008
0.346680
0.039062
-0.131836
-0.205078
-0.175781
-0.063477
0.166016
0.502930
0.903320
1.357422
1.894531
2.377930
2.905273
3.442383
3.940430
4.340820
4.658203
4.941406
5.097656
5.156250
5.063477
4.921875
4.628906
4.277344
3.852539
3.369141
2.846680
2.270508
1.748047
1.269531
0.810547
0.395508
0.073242
-0.151367
-0.234375
-0.258789
-0.156250
0.048828
0.351562
0.737305
1.162109
1.694336
2.260742
2.773438
3.291016
3.774414
4.233398
4.570312
4.868164
4.995117
5.102539
5.058594
4.936523
4.667969
4.335938
3.925781
3.447266
2.929688
2.392578
1.860352
1.337891
0.859375
0.439453
0.122070
-0.117188
-0.224609
-0.253906
-0.185547
0.014648
0.278320
0.683594
1.069336
1.572266
2.119141
2.641602
3.164062
