1.933594
1.396484
0.932617
0.478516
0.156250
-0.073242
-0.229492
-0.278320
-0.195312
-0.034180
0.234375
0.610352
1.025391
1.503906
2.055664
2.587891
3.076172
3.588867
4.082031
4.448242
4.775391
4.995117
5.083008
5.107422
4.990234
4.785156
4.462891
4.111328
3.632812
3.178711
2.636719
2.109375
1.586914
1.064453
0.634766
0.292969
-0.029297
-0.156250
-0.288086
-0.214844
-0.087891
0.180664
0.517578
0.922852
1.406250
1.894531
2.480469
3.017578
3.500977
3.959961
4.394531
4.736328
4.956055
5.043945
5.102539
5.043945
4.863281
4.584961
4.184570
3.730469
3.256836
2.744141
2.192383
1.660156
1.162109
0.751953
0.351562
0.053711
-0.156250
-0.239258
-0.224609
-0.117188
0.112305
0.429688
0.825195
1.303711
1.811523
2.304688
2.866211
3.437500
3.906250
4.272461
4.624023
4.902344
5.004883
5.092773
5.034180
4.916992
4.589844
4.272461
3.813477
3.364258
2.832031
2.285156
1.777344
1.264648
0.815430
0.405273
0.068359
-0.146484
-0.244141
-0.273438
-0.180664
0.039062
0.317383
0.722656
1.166992
1.645508
2.167969
2.666016
3.261719
3.740234
4.169922
4.536133
4.829102
5.029297
5.131836
5.073242
4.941406
4.711914
4.389648
3.989258
3.496094
3.027344
2.465820
1.933594
1.406250
0.961914
0.502930
0.195312
-0.083008
-0.239258
-0.292969
-0.219727
-0.058594
0.253906
0.644531
1.064453
1.523438
2.075195
2.631836
3.164062
3.662109
4.121094
4.462891
4.804688
5.000000
5.107422
5.156250
5.039062
4.824219
4.545898
4.155273
3.657227
3.178711
2.626953
2.119141
1.542969
1.108398
0.644531
0.297852
0.043945
-0.146484
-0.219727
-0.166016
-0.024414
0.229492
0.541992
0.961914
1.440430
2.001953
2.514648
3.071289
3.549805
4.028320
4.418945
4.750977
4.990234
5.122070
5.126953
5.048828
4.873047
4.570312
4.213867
3.779297
3.281250
2.739258
2.231445
1.669922
1.220703
0.732422
0.312500
0.024414
-0.131836
-0.229492
-0.258789
-0.097656
0.083008
0.449219
0.849609
1.308594
1.791992
2.275391
2.900391
3.354492
3.906250
4.262695
4.667969
4.912109
5.087891
5.112305
5.058594
4.882812
4.609375
4.277344
3.862305
3.374023
2.856445
2.309570
1.748047
1.245117
0.830078
0.375977
0.083008
-0.136719
-0.258789
-0.263672
-0.219727
0.024414
0.297852
0.703125
1.152344
1.630859
2.211914
2.734375
3.256836
3.774414
4.213867
4.580078
4.829102
5.029297
5.136719
5.078125
4.951172
4.721680
4.399414
3.974609
3.515625
2.983398
2.407227
1.909180
1.445312
0.903320
0.483398
0.112305
-0.083008
-0.219727
-0.253906
-0.195312
-0.043945
0.234375
0.600586
1.049805
1.513672
2.055664
2.602539
3.149414
3.623047
4.057617
4.477539
4.804688
4.975586
5.102539
5.107422
4.985352
4.814453
4.448242
4.111328
3.671875
3.198242
2.626953
2.104492
1.538086
1.064453
0.625000
0.278320
0.000000
-0.200195
-0.273438
-0.234375
-0.083008
0.185547
0.507812
0.957031
1.386719
1.928711
2.460938
3.002930
3.510742
3.979492
4.375000
4.736328
4.960938
5.078125
5.126953
5.048828
4.858398
4.570312
4.189453
3.745117
3.261719
2.758789
2.207031
1.669922
1.181641
0.722656
0.356445
0.073242
-0.146484
-0.224609
-0.195312
-0.107422
0.126953
0.458984
0.854492
1.337891
1.806641
2.324219
2.900391
3.378906
3.881836
4.252930
4.609375
4.868164
5.009766
5.068359
5.034180
4.853516
4.594727
4.252930
3.862305
3.364258
2.895508
2.290039
1.782227
1.289062
0.776367
0.410156
0.078125
-0.131836
-0.229492
-0.268555
-0.166016
0.014648
0.312500
0.693359
1.152344
1.640625
2.197266
2.714844
3.266602
3.745117
4.189453
4.560547
4.833984
5.014648
5.087891
5.097656
4.985352
4.697266
4.389648
3.994141
3.510742
2.983398
2.495117
1.928711
1.411133
0.932617
0.493164
0.170898
-0.043945
-0.200195
-0.283203
-0.234375
-0.039062
0.273438
0.590820
1.079102
1.523438
2.050781
2.563477
3.125000
3.647461
4.116211
4.501953
4.814453
5.034180
5.126953
5.107422
4.995117
4.809570
4.501953
4.111328
3.676758
3.198242
2.612305
2.099609
1.577148
1.098633
0.634766
0.297852
0.024414
-0.151367
-0.224609
-0.151367
-0.004883
0.214844
0.576172
0.976562
1.425781
1.992188
2.524414
3.032227
3.549805
3.964844
4.453125
4.716797
5.019531
5.063477
5.122070
5.019531
4.858398
4.555664
4.194336
3.759766
3.271484
2.744141
2.182617
1.679688
1.186523
0.708008
0.336914
0.053711
-0.166016
-0.239258
-0.224609
-0.102539
0.112305
0.410156
0.776367
1.279297
1.796875
2.333984
2.851562
3.393555
3.876953
4.316406
4.628906
4.882812
5.053711
5.112305
5.063477
4.853516
4.628906
4.306641
3.872070
3.364258
2.841797
2.314453
1.752930
1.284180
0.820312
0.390625
0.078125
-0.161133
-0.273438
-0.263672
-0.185547
-0.009766
0.307617
0.688477
1.142578
1.665039
2.177734
2.724609
3.281250
3.769531
4.169922
4.555664
4.853516
5.029297
5.107422
5.068359
4.956055
4.677734
4.404297
3.969727
3.510742
2.973633
2.465820
1.889648
1.391602
0.898438
0.512695
0.175781
-0.078125
-0.234375
-0.297852
-0.170898
-0.024414
0.263672
0.605469
1.035156
1.538086
2.065430
2.578125
3.120117
3.623047
4.082031
4.472656
4.794922
5.000000
5.117188
5.092773
4.975586
4.799805
4.467773
4.101562
3.647461
3.139648
2.617188
2.065430
1.542969
1.030273
0.610352
0.263672
-0.048828
-0.205078
-0.263672
-0.195312
-0.078125
0.151367
0.502930
0.917969
1.362305
1.914062
2.451172
2.983398
3.471680
4.003906
4.375000
4.716797
4.970703
5.078125
5.107422
5.058594
4.877930
4.575195
4.204102
3.774414
3.261719
2.734375
2.187500
1.684570
1.171875
0.751953
0.351562
0.043945
-0.122070
-0.244141
-0.205078
-0.102539
0.126953
0.449219
0.854492
1.293945
1.811523
2.333984
2.871094
3.398438
3.867188
4.306641
4.633789
4.863281
5.029297
5.078125
5.063477
4.858398
4.633789
4.262695
3.852539
3.393555
2.856445
2.319336
1.826172
1.250000
0.795898
0.405273
0.073242
-0.151367
-0.273438
-0.283203
-0.185547
0.058594
0.327148
0.727539
1.162109
1.660156
2.192383
2.739258
3.266602
3.735352
4.194336
4.560547
4.838867
5.068359
5.131836
5.087891
4.970703
4.697266
4.384766
3.999023
3.510742
3.027344
2.436523
1.938477
1.401367
0.913086
0.556641
0.141602
-0.102539
-0.229492
-0.249023
-0.200195
-0.039062
0.273438
0.595703
1.064453
1.562500
2.060547
2.597656
3.139648
3.666992
4.111328
4.497070
4.824219
5.000000
5.131836
5.131836
5.029297
4.819336
4.497070
4.121094
3.632812
3.168945
2.636719
2.128906
1.582031
1.074219
0.654297
0.297852
0.009766
-0.185547
-0.219727
-0.190430
-0.024414
0.214844
0.546875
1.010742
1.430664
1.948242
2.495117
3.027344
3.574219
3.989258
4.414062
4.726562
4.970703
5.126953
5.102539
5.048828
4.833984
4.584961
4.174805
3.793945
3.315430
2.768555
2.211914
1.650391
1.152344
0.737305
0.356445
0.034180
-0.180664
-0.234375
-0.200195
-0.063477
0.122070
0.419922
0.800781
1.333008
1.801758
2.363281
2.841797
3.403320
3.876953
4.301758
4.614258
4.897461
5.058594
5.083008
5.083008
4.858398
4.619141
4.252930
3.837891
3.354492
2.880859
2.299805
1.767578
1.274414
0.810547
0.424805
0.092773
-0.136719
-0.253906
-0.283203
-0.175781
0.004883
0.288086
0.688477
1.152344
1.660156
2.187500
2.749023
3.281250
3.720703
4.194336
4.575195
4.829102
5.029297
5.131836
5.068359
4.951172
4.736328
4.384766
3.969727
3.525391
2.978516
2.446289
1.918945
1.372070
0.932617
0.507812
0.126953
-0.097656
-0.209961
-0.234375
-0.219727
-0.039062
0.268555
0.629883
1.044922
1.503906
2.041016
2.573242
3.129883
3.627930
4.082031
4.448242
4.785156
5.009766
5.083008
5.083008
5.009766
4.794922
4.453125
4.062500
3.613281
3.154297
2.587891
2.094727
1.518555
1.064453
0.654297
0.273438
-0.048828
-0.195312
-0.278320
-0.190430
-0.073242
0.200195
0.502930
0.888672
1.416016
1.933594
2.456055
2.973633
3.530273
3.959961
4.404297
4.736328
4.956055
5.092773
5.117188
5.039062
4.873047
4.560547
4.208984
3.715820
3.266602
2.744141
2.216797
1.655273
1.157227
0.703125
0.332031
0.029297
-0.166016
-0.263672
-0.205078
-0.102539
0.126953
0.434570
0.839844
1.308594
1.782227
2.338867
2.924805
3.398438
3.847656
4.321289
4.638672
4.868164
5.024414
5.092773
5.107422
4.892578
4.638672
4.291992
3.813477
3.354492
2.807617
2.265625
1.738281
1.264648
0.776367
0.419922
0.107422
-0.112305
-0.214844
-0.278320
-0.175781
0.000000
0.307617
0.732422
1.147461
1.655273
2.187500
2.709961
3.271484
3.769531
4.208984
4.545898
4.848633
5.024414
5.126953
5.058594
4.951172
4.716797
4.384766
3.999023
3.500977
2.988281
2.456055
1.918945
1.416016
0.893555
0.502930
0.170898
-0.087891
-0.239258
-0.302734
-0.180664
-0.048828
0.268555
0.654297
1.079102
1.523438
2.094727
2.558594
3.144531
3.657227
4.101562
4.482422
4.785156
5.024414
5.161133
5.146484
5.073242
4.814453
4.506836
4.116211
3.686523
3.149414
2.695312
2.114258
1.538086
1.074219
0.634766
0.278320
-0.009766
-0.126953
-0.253906
-0.190430
0.000000
0.224609
0.541992
0.996094
1.440430
1.967773
2.509766
2.998047
3.554688
3.984375
4.428711
4.746094
4.946289
5.083008
5.126953
5.063477
4.848633
4.555664
4.218750
3.789062
3.295898
2.734375
2.216797
1.689453
1.176758
0.747070
0.341797
0.034180
-0.141602
-0.253906
-0.253906
-0.078125
0.122070
0.424805
0.805664
1.254883
1.801758
2.299805
2.846680
3.388672
3.876953
4.311523
4.624023
4.853516
5.034180
5.102539
5.043945
4.916992
4.648438
4.311523
3.852539
3.369141
2.846680
2.304688
1.791992
1.279297
0.795898
0.385742
0.083008
-0.136719
-0.273438
-0.288086
-0.190430
-0.029297
0.263672
0.668945
1.166992
1.669922
2.163086
2.685547
3.256836
3.769531
4.238281
4.521484
4.843750
5.039062
5.131836
5.073242
4.921875
4.707031
4.389648
3.950195
3.496094
2.988281
2.416992
1.918945
1.425781
0.942383
0.498047
0.175781
-0.083008
-0.253906
-0.258789
-0.200195
-0.043945
0.234375
0.629883
1.044922
1.523438
2.055664
2.568359
3.110352
3.642578
4.077148
4.453125
4.794922
4.990234
5.073242
5.063477
5.004883
4.780273
4.497070
4.082031
3.632812
3.208008
2.656250
2.075195
1.562500
1.030273
0.620117
0.283203
-0.014648
-0.200195
-0.263672
-0.244141
-0.053711
0.170898
0.527344
0.952148
1.396484
1.972656
2.480469
3.022461
3.540039
3.984375
4.423828
4.736328
4.956055
5.073242
5.073242
5.029297
4.877930
4.565430
4.179688
3.730469
3.266602
2.734375
2.202148
1.655273
1.152344
0.708008
0.322266
0.048828
-0.141602
-0.244141
-0.234375
-0.117188
0.102539
0.454102
0.839844
1.284180
1.806641
2.319336
2.919922
3.432617
3.867188
4.257812
4.624023
4.921875
5.019531
5.073242
5.063477
4.877930
4.609375
4.257812
3.847656
3.388672
2.812500
2.314453
1.767578
1.254883
0.810547
0.385742
0.092773
-0.151367
-0.229492
-0.258789
-0.156250
0.039062
0.341797
0.732422
1.191406
1.660156
2.163086
2.729492
3.237305
3.740234
4.189453
4.545898
4.833984
5.014648
5.102539
5.092773
4.965820
4.741211
4.414062
3.969727
3.520508
2.993164
2.460938
1.875000
1.416016
0.908203
0.493164
0.214844
-0.107422
-0.258789
-0.283203
-0.195312
-0.004883
0.268555
0.620117
1.000977
1.547852
2.075195
2.636719
3.159180
3.657227
4.086914
4.511719
4.809570
5.019531
5.151367
5.131836
5.024414
4.799805
4.482422
4.130859
3.701172
3.193359
2.636719
2.084961
1.542969
1.079102
0.649414
0.273438
0.019531
-0.190430
-0.234375
-0.209961
-0.063477
0.253906
0.527344
0.986328
1.459961
1.928711
2.490234
3.002930
3.549805
4.018555
4.404297
4.746094
5.009766
5.083008
5.126953
5.009766
4.853516
4.521484
4.218750
3.735352
3.266602
2.753906
2.202148
1.684570
1.206055
0.722656
0.341797
0.004883
-0.161133
-0.249023
-0.200195
-0.112305
0.097656
0.468750
0.820312
1.279297
1.840820
2.290039
2.836914
3.369141
3.886719
4.296875
4.633789
4.873047
5.078125
5.136719
5.073242
4.873047
4.619141
4.257812
3.842773
3.383789
2.851562
2.309570
1.796875
1.289062
0.825195
0.380859
0.087891
-0.126953
-0.268555
-0.288086
-0.205078
0.000000
0.327148
0.688477
1.152344
1.625977
2.167969
2.753906
3.251953
3.745117
4.179688
4.545898
4.863281
5.019531
5.107422
5.073242
4.970703
4.697266
4.360352
3.984375
3.549805
2.998047
2.402344
1.918945
1.435547
0.942383
0.507812
0.166016
-0.083008
-0.205078
-0.258789
-0.200195
-0.029297
0.239258
0.605469
1.079102
1.542969
2.031250
2.553711
3.154297
3.647461
4.111328
4.482422
4.760742
4.975586
5.092773
5.107422
4.956055
4.775391
4.462891
4.082031
3.652344
3.149414
2.602539
2.094727
1.547852
1.049805
0.625000
0.268555
0.000000
-0.141602
-0.249023
-0.214844
-0.063477
0.185547
0.532227
0.932617
1.386719
1.953125
2.465820
2.988281
3.510742
3.969727
4.360352
4.741211
4.965820
5.039062
5.112305
5.039062
4.858398
4.560547
4.184570
3.730469
3.242188
2.749023
2.202148
1.655273
1.137695
0.732422
0.375977
0.043945
-0.156250
-0.278320
-0.219727
-0.087891
0.131836
0.439453
0.839844
1.289062
1.801758
2.343750
2.924805
3.413086
3.857422
4.282227
4.633789
4.897461
5.019531
5.073242
5.014648
4.912109
4.609375
4.287109
3.847656
3.374023
2.861328
2.329102
1.748047
1.269531
0.791016
0.395508
0.083008
-0.122070
-0.249023
-0.268555
-0.107422
0.024414
0.332031
0.703125
1.147461
1.669922
2.177734
2.705078
3.261719
3.735352
4.213867
4.570312
4.838867
5.034180
5.092773
5.087891
4.975586
4.692383
4.428711
3.974609
3.500977
3.002930
2.436523
1.904297
1.425781
0.898438
0.532227
0.205078
-0.087891
-0.253906
-0.258789
-0.156250
-0.019531
0.253906
0.600586
1.049805
1.577148
2.080078
2.612305
3.134766
3.618164
4.121094
4.497070
4.809570
5.024414
5.166016
5.151367
5.034180
4.814453
4.511719
4.111328
3.647461
3.193359
2.670898
2.109375
1.567383
1.088867
0.649414
0.258789
0.014648
-0.146484
-0.268555
-0.185547
-0.048828
0.170898
0.571289
0.971680
1.440430
1.972656
2.475586
2.988281
3.564453
4.003906
4.443359
4.721680
5.004883
5.097656
5.078125
5.019531
4.833984
4.575195
4.199219
3.754883
3.295898
2.753906
2.202148
1.655273
1.171875
0.722656
0.375977
0.039062
-0.190430
-0.249023
-0.219727
-0.097656
0.117188
0.444336
0.771484
1.303711
1.772461
2.343750
2.851562
3.388672
3.867188
4.296875
4.697266
4.907227
5.043945
5.102539
5.063477
4.916992
4.643555
4.252930
3.852539
3.388672
2.846680
2.333984
1.791992
1.298828
0.820312
0.390625
0.087891
-0.146484
-0.263672
-0.244141
-0.136719
-0.029297
0.322266
0.683594
1.176758
1.640625
2.172852
2.724609
3.276367
3.759766
4.233398
4.599609
4.843750
5.048828
5.112305
5.073242
4.956055
4.716797
4.399414
3.999023
3.481445
3.022461
2.470703
1.894531
1.401367
0.908203
0.527344
0.185547
-0.092773
-0.244141
-0.273438
-0.209961
-0.004883
0.209961
0.600586
1.054688
1.547852
2.080078
2.607422
3.105469
3.627930
4.091797
4.492188
4.780273
4.946289
5.063477
5.092773
4.980469
4.785156
4.492188
4.111328
3.647461
3.134766
2.651367
2.080078
1.547852
1.035156
0.595703
0.253906
-0.014648
-0.151367
-0.273438
-0.195312
-0.063477
0.156250
0.537109
0.966797
1.401367
1.928711
2.485352
2.988281
3.500977
3.984375
4.404297
4.697266
4.960938
5.078125
5.122070
5.043945
4.833984
4.560547
4.199219
3.740234
3.251953
2.724609
2.197266
1.645508
1.132812
0.727539
0.327148
0.039062
-0.141602
-0.239258
-0.234375
-0.117188
0.102539
0.439453
0.834961
1.303711
1.796875
2.333984
2.895508
3.388672
3.886719
4.272461
4.628906
4.863281
5.048828
5.083008
5.024414
4.838867
4.633789
4.277344
3.847656
3.344727
2.841797
2.290039
1.762695
1.269531
0.810547
0.371094
0.083008
-0.161133
-0.249023
-0.234375
-0.166016
0.058594
0.346680
0.717773
1.196289
1.645508
2.182617
2.705078
3.266602
3.764648
4.174805
4.565430
4.833984
5.019531
5.107422
5.053711
4.951172
4.726562
4.384766
4.003906
3.496094
2.988281
2.485352
1.953125
1.386719
0.947266
0.493164
0.185547
-0.073242
-0.229492
-0.234375
-0.195312
-0.019531
0.283203
0.610352
1.103516
1.523438
2.055664
2.592773
3.125000
3.647461
4.121094
4.506836
4.819336
5.039062
5.131836
5.087891
4.995117
4.770508
4.501953
4.125977
3.647461
3.110352
2.592773
2.080078
1.557617
1.040039
0.664062
0.268555
0.014648
-0.205078
-0.239258
-0.195312
-0.039062
0.185547
0.527344
0.922852
1.435547
1.977539
2.514648
3.017578
3.544922
4.003906
4.458008
4.741211
5.000000
5.087891
5.117188
5.043945
4.848633
4.575195
4.199219
3.759766
3.266602
2.768555
2.202148
1.650391
1.142578
0.742188
0.341797
0.058594
-0.146484
-0.244141
-0.219727
-0.122070
0.131836
0.424805
0.844727
1.298828
1.782227
2.309570
2.895508
3.398438
3.872070
4.267578
4.604492
4.877930
5.053711
5.131836
5.029297
4.887695
4.633789
4.296875
3.852539
3.349609
2.851562
2.343750
1.743164
1.279297
0.805664
0.405273
0.078125
-0.141602
-0.268555
-0.292969
-0.185547
0.014648
0.268555
0.668945
1.123047
1.655273
2.226562
2.714844
3.266602
3.769531
4.194336
4.570312
4.833984
5.029297
5.107422
5.058594
4.965820
4.707031
4.365234
3.979492
3.520508
3.002930
2.480469
1.914062
1.386719
0.908203
0.502930
0.185547
-0.078125
-0.190430
-0.273438
-0.224609
-0.092773
0.263672
0.625000
1.059570
1.513672
2.036133
2.602539
3.134766
3.632812
4.101562
4.448242
4.799805
4.985352
5.083008
5.102539
4.985352
4.780273
4.492188
4.140625
3.671875
3.144531
2.617188
2.075195
1.577148
1.098633
0.610352
0.253906
-0.039062
-0.190430
-0.258789
-0.224609
-0.034180
0.175781
0.541992
0.913086
1.411133
1.948242
2.475586
2.973633
3.505859
3.974609
4.389648
4.667969
4.960938
5.078125
5.068359
5.024414
4.858398
4.575195
4.184570
3.730469
3.261719
2.763672
2.202148
1.650391
1.137695
0.751953
0.322266
0.009766
-0.156250
-0.234375
-0.200195
-0.092773
0.087891
0.405273
0.839844
1.284180
1.816406
2.368164
2.861328
3.374023
3.881836
4.345703
4.624023
4.882812
5.048828
5.073242
5.063477
4.868164
4.619141
4.272461
3.886719
3.408203
2.832031
2.304688
1.762695
1.264648
0.825195
0.405273
0.097656
-0.156250
-0.278320
-0.278320
-0.205078
0.053711
0.307617
0.683594
1.142578
1.660156
2.163086
2.705078
3.242188
3.754883
4.199219
4.560547
4.858398
5.014648
5.107422
5.063477
4.956055
4.707031
4.399414
3.984375
3.530273
3.007812
2.446289
1.918945
1.396484
0.913086
0.527344
0.180664
-0.087891
-0.209961
-0.273438
-0.185547
-0.004883
0.249023
0.590820
1.064453
1.552734
2.055664
2.597656
3.110352
3.642578
4.082031
4.477539
4.775391
4.995117
5.087891
5.092773
5.009766
4.848633
4.526367
4.145508
3.671875
3.120117
2.597656
2.094727
1.542969
1.074219
0.659180
0.249023
0.004883
-0.146484
-0.219727
-0.156250
-0.004883
0.205078
0.551758
0.932617
1.420898
1.948242
2.519531
3.046875
3.569336
4.033203
4.438477
4.760742
4.960938
5.107422
5.126953
5.039062
4.853516
4.545898
4.204102
3.769531
3.281250
2.753906
2.202148
1.669922
1.196289
0.693359
0.307617
0.083008
-0.151367
-0.249023
-0.263672
-0.112305
0.126953
0.434570
0.810547
1.313477
1.777344
2.333984
2.856445
3.413086
3.852539
4.306641
4.614258
4.892578
5.063477
5.151367
5.043945
4.873047
4.638672
4.267578
3.872070
3.417969
2.851562
2.304688
1.738281
1.240234
0.800781
0.380859
0.117188
-0.156250
-0.302734
-0.307617
-0.214844
0.019531
0.278320
0.683594
1.152344
1.660156
2.172852
2.714844
3.281250
3.789062
4.160156
4.570312
4.833984
5.039062
5.087891
5.097656
4.941406
4.711914
4.375000
3.959961
3.476562
2.988281
2.441406
1.933594
1.386719
0.903320
0.463867
0.190430
-0.063477
-0.224609
-0.268555
-0.219727
-0.034180
0.253906
0.600586
1.044922
1.528320
2.041016
2.592773
3.144531
3.618164
4.106445
4.462891
4.765625
5.009766
5.097656
5.131836
4.995117
4.775391
4.482422
4.116211
3.637695
3.139648
2.597656
2.050781
1.552734
1.049805
0.600586
0.268555
-0.019531
-0.190430
-0.258789
-0.224609
-0.083008
0.175781
0.498047
0.937500
1.430664
1.914062
2.475586
3.007812
