1.982422
1.435547
0.947266
0.571289
0.214844
-0.087891
-0.258789
-0.302734
-0.205078
-0.058594
0.234375
0.537109
1.005859
1.494141
1.967773
2.519531
3.081055
3.574219
4.057617
4.438477
4.760742
4.970703
5.126953
5.136719
5.019531
4.780273
4.511719
4.111328
3.686523
3.183594
2.602539
2.104492
1.547852
1.074219
0.639648
0.268555
-0.014648
-0.200195
-0.253906
-0.244141
-0.122070
0.131836
0.458984
0.854492
1.333008
1.865234
2.397461
2.919922
3.457031
3.940430
4.350586
4.697266
4.921875
5.063477
5.112305
5.048828
4.873047
4.584961
4.228516
3.813477
3.276367
2.768555
2.265625
1.752930
1.186523
0.781250
0.366211
0.073242
-0.166016
-0.292969
-0.273438
-0.156250
0.014648
0.356445
0.732422
1.171875
1.669922
2.221680
2.783203
3.295898
3.818359
4.228516
4.560547
4.824219
5.014648
5.078125
5.039062
4.931641
4.663086
4.326172
3.911133
3.417969
2.919922
2.377930
1.835938
1.328125
0.849609
0.439453
0.097656
-0.097656
-0.253906
-0.249023
-0.180664
0.004883
0.288086
0.644531
1.088867
1.616211
2.119141
2.675781
3.198242
3.696289
4.150391
4.555664
4.780273
5.014648
5.083008
5.073242
4.960938
4.692383
4.409180
4.028320
3.544922
3.085938
2.514648
1.943359
1.479492
0.996094
0.576172
0.224609
-0.043945
-0.234375
-0.278320
-0.205078
0.014648
0.249023
0.610352
1.059570
1.479492
1.987305
2.548828
3.120117
3.647461
4.091797
4.453125
4.780273
4.956055
5.151367
5.146484
5.039062
4.833984
4.511719
4.145508
3.701172
3.217773
2.695312
2.143555
1.616211
1.113281
0.659180
0.312500
0.000000
-0.195312
-0.219727
-0.224609
-0.068359
0.126953
0.488281
0.917969
1.362305
1.850586
2.402344
2.934570
3.486328
3.955078
4.331055
4.643555
4.936523
5.126953
5.126953
5.034180
4.882812
4.550781
4.238281
3.784180
3.295898
2.778320
2.250977
1.718750
1.201172
0.732422
0.351562
0.053711
-0.141602
-0.229492
-0.278320
-0.161133
0.043945
0.405273
0.766602
1.186523
1.748047
2.275391
2.778320
3.330078
3.823242
4.189453
4.575195
4.833984
5.019531
5.102539
5.048828
4.892578
4.628906
4.291992
3.837891
3.388672
2.885742
2.343750
1.811523
1.313477
0.839844
0.439453
0.107422
-0.092773
-0.273438
-0.244141
-0.161133
0.019531
0.268555
0.668945
1.098633
1.611328
2.133789
2.695312
3.178711
3.686523
4.160156
4.531250
4.770508
5.000000
5.102539
5.092773
4.970703
4.750977
4.409180
4.003906
3.525391
3.027344
2.504883
1.943359
1.445312
0.961914
0.488281
0.166016
-0.053711
-0.229492
-0.297852
-0.239258
-0.029297
0.205078
0.541992
1.020508
1.455078
1.982422
2.553711
3.081055
3.608398
4.052734
4.492188
4.731445
4.985352
5.117188
5.122070
4.980469
4.799805
4.477539
4.096680
3.657227
3.139648
2.636719
2.109375
1.582031
1.069336
0.625000
0.273438
-0.019531
-0.195312
-0.273438
-0.258789
-0.117188
0.126953
0.473633
0.883789
1.376953
1.865234
2.421875
2.973633
3.466797
3.920898
4.340820
4.672852
4.902344
5.092773
5.146484
5.043945
4.863281
4.570312
4.218750
3.813477
3.305664
2.812500
2.202148
1.684570
1.225586
0.771484
0.375977
0.034180
-0.161133
-0.292969
-0.292969
-0.170898
0.014648
0.366211
0.732422
1.206055
1.669922
2.207031
2.768555
3.300781
3.823242
4.213867
4.589844
4.843750
4.980469
5.083008
5.048828
4.892578
4.638672
4.316406
3.852539
3.403320
2.924805
2.363281
1.821289
1.328125
0.849609
0.444336
0.112305
-0.107422
-0.268555
-0.268555
-0.185547
0.019531
0.268555
0.634766
1.098633
1.611328
2.104492
2.641602
3.188477
3.701172
4.121094
4.501953
4.877930
4.985352
5.092773
5.092773
4.946289
4.746094
4.409180
4.013672
3.525391
3.076172
2.524414
1.943359
1.474609
0.996094
0.556641
0.258789
-0.034180
-0.175781
-0.234375
-0.175781
-0.024414
0.273438
0.625000
0.996094
1.503906
2.006836
2.539062
3.061523
3.657227
4.091797
4.497070
4.760742
4.960938
5.092773
5.161133
5.004883
4.863281
4.506836
4.130859
3.701172
3.173828
2.661133
2.143555
1.591797
1.127930
0.649414
0.263672
0.039062
-0.166016
-0.214844
-0.200195
-0.107422
0.122070
0.473633
0.854492
1.391602
1.875000
2.426758
2.919922
3.457031
3.964844
4.404297
4.663086
4.931641
5.097656
5.087891
5.004883
4.902344
4.575195
4.262695
3.789062
3.300781
2.768555
2.236328
1.718750
1.166992
0.786133
0.312500
0.058594
-0.131836
-0.273438
-0.239258
-0.166016
0.078125
0.356445
0.776367
1.225586
1.713867
2.231445
2.778320
3.300781
3.803711
4.252930
4.575195
4.863281
5.043945
5.058594
5.029297
4.882812
4.672852
4.345703
3.891602
3.393555
2.880859
2.348633
1.835938
1.323242
0.849609
0.458984
0.117188
-0.117188
-0.229492
-0.273438
-0.180664
0.053711
0.268555
0.664062
1.108398
1.616211
2.133789
2.651367
3.188477
3.681641
4.155273
4.516602
4.833984
5.009766
5.078125
5.097656
4.936523
4.731445
4.384766
4.008789
3.540039
3.022461
2.480469
1.953125
1.416016
0.981445
0.541992
0.195312
-0.087891
-0.209961
-0.283203
-0.253906
-0.058594
0.180664
0.566406
1.035156
1.464844
2.016602
2.553711
3.081055
3.613281
4.072266
4.453125
4.750977
4.965820
5.112305
5.087891
5.004883
4.824219
4.511719
4.101562
3.676758
3.134766
2.622070
2.109375
1.582031
1.074219
0.615234
0.273438
-0.029297
-0.190430
-0.278320
-0.234375
-0.102539
0.156250
0.468750
0.893555
1.362305
1.870117
2.382812
2.954102
3.491211
3.916016
4.355469
4.682617
4.936523
5.078125
5.117188
5.034180
4.848633
4.580078
4.252930
3.798828
3.305664
2.807617
2.250977
1.699219
1.191406
0.747070
0.375977
0.058594
-0.166016
-0.273438
-0.288086
-0.166016
0.034180
0.336914
0.712891
1.166992
1.708984
2.202148
2.744141
3.295898
3.803711
4.243164
4.609375
4.882812
4.985352
5.083008
5.063477
4.936523
4.667969
4.296875
3.896484
3.374023
2.895508
2.324219
1.845703
1.284180
0.830078
0.405273
0.102539
-0.151367
-0.258789
-0.268555
-0.200195
0.009766
0.263672
0.664062
1.103516
1.601562
2.119141
2.695312
3.168945
3.710938
4.135742
4.536133
4.809570
4.970703
5.131836
5.068359
4.980469
4.746094
4.404297
4.018555
3.544922
3.071289
2.460938
1.972656
1.479492
0.976562
0.541992
0.185547
-0.058594
-0.180664
-0.239258
-0.156250
-0.009766
0.239258
0.600586
1.015625
1.533203
2.011719
2.563477
3.085938
3.632812
4.072266
4.487305
4.770508
5.000000
5.131836
5.136719
5.068359
4.838867
4.545898
4.140625
3.691406
3.227539
2.666016
2.109375
1.591797
1.142578
0.668945
0.336914
0.043945
-0.146484
-0.288086
-0.244141
-0.102539
0.146484
0.468750
0.888672
1.352539
1.879883
2.392578
2.963867
3.471680
3.955078
4.355469
4.721680
4.936523
5.078125
5.107422
5.029297
4.892578
4.633789
4.238281
3.784180
3.310547
2.797852
2.182617
1.713867
1.191406
0.751953
0.410156
0.039062
-0.161133
-0.263672
-0.234375
-0.151367
0.053711
0.361328
0.795898
1.235352
1.728516
2.246094
2.817383
3.295898
3.798828
4.267578
4.624023
4.873047
4.990234
5.087891
5.043945
4.936523
4.633789
4.311523
3.886719
3.403320
2.910156
2.363281
1.826172
1.318359
0.830078
0.449219
0.112305
-0.112305
-0.234375
-0.263672
-0.180664
0.019531
0.297852
0.659180
1.064453
1.601562
2.138672
2.705078
3.222656
3.696289
4.135742
4.511719
4.838867
5.014648
5.092773
5.078125
4.916992
4.711914
4.384766
3.989258
3.559570
3.046875
2.490234
1.933594
1.420898
0.971680
0.571289
0.195312
-0.107422
-0.249023
-0.292969
-0.214844
-0.019531
0.209961
0.556641
1.005859
1.464844
1.982422
2.543945
3.085938
3.613281
4.096680
4.472656
4.780273
5.024414
5.136719
5.131836
5.004883
4.785156
4.497070
4.101562
3.662109
3.159180
2.646484
2.080078
1.572266
1.108398
0.659180
0.263672
-0.024414
-0.175781
-0.258789
-0.234375
-0.131836
0.107422
0.449219
0.922852
1.357422
1.845703
2.412109
2.949219
3.442383
3.950195
4.355469
4.653320
4.941406
5.063477
5.146484
5.034180
4.848633
4.633789
4.218750
3.803711
3.305664
2.778320
2.265625
1.708984
1.220703
0.766602
0.395508
0.073242
-0.136719
-0.278320
-0.288086
-0.166016
0.053711
0.351562
0.791016
1.191406
1.728516
2.255859
2.783203
3.300781
3.750000
4.213867
4.575195
4.804688
5.014648
5.087891
5.019531
4.882812
4.667969
4.301758
3.876953
3.398438
2.880859
2.338867
1.835938
1.328125
0.854492
0.449219
0.126953
-0.122070
-0.263672
-0.258789
-0.185547
-0.014648
0.307617
0.664062
1.103516
1.630859
2.148438
2.666016
3.242188
3.720703
4.140625
4.531250
4.819336
5.000000
5.087891
5.097656
4.951172
4.697266
4.404297
3.989258
3.540039
3.046875
2.543945
1.962891
1.459961
0.952148
0.585938
0.244141
-0.053711
-0.234375
-0.244141
-0.200195
-0.053711
0.258789
0.581055
1.015625
1.479492
1.997070
2.539062
3.144531
3.593750
4.072266
4.472656
4.790039
4.995117
5.102539
5.170898
5.039062
4.858398
4.541016
4.208984
3.740234
3.212891
2.666016
2.114258
1.567383
1.132812
0.712891
0.292969
0.014648
-0.161133
-0.234375
-0.200195
-0.092773
0.117188
0.468750
0.869141
1.347656
1.855469
2.451172
2.934570
3.417969
3.979492
4.345703
4.692383
4.951172
5.122070
5.092773
5.058594
4.892578
4.580078
4.228516
3.789062
3.256836
2.832031
2.231445
1.723633
1.230469
0.747070
0.351562
0.048828
-0.200195
-0.229492
-0.234375
-0.161133
0.063477
0.400391
0.766602
1.220703
1.728516
2.280273
2.768555
3.295898
3.784180
4.228516
4.594727
4.853516
5.048828
5.087891
5.034180
4.907227
4.638672
4.296875
3.881836
3.393555
2.895508
2.343750
1.826172
1.308594
0.854492
0.449219
0.126953
-0.102539
-0.258789
-0.268555
-0.185547
0.004883
0.268555
0.659180
1.108398
1.625977
2.124023
2.646484
3.198242
3.691406
4.140625
4.550781
4.794922
5.014648
5.078125
5.083008
4.985352
4.711914
4.409180
4.018555
3.554688
3.046875
2.490234
1.958008
1.450195
0.952148
0.556641
0.190430
-0.087891
-0.253906
-0.273438
-0.224609
-0.039062
0.205078
0.527344
0.961914
1.464844
2.021484
2.548828
3.110352
3.603516
4.042969
4.453125
4.731445
4.985352
5.087891
5.107422
5.024414
4.780273
4.511719
4.111328
3.657227
3.178711
2.617188
2.094727
1.582031
1.059570
0.654297
0.234375
0.024414
-0.205078
-0.253906
-0.234375
-0.097656
0.117188
0.498047
0.859375
1.367188
1.850586
2.416992
2.929688
3.461914
3.935547
4.345703
4.707031
4.907227
5.083008
5.117188
5.053711
4.853516
4.560547
4.252930
3.793945
3.310547
2.792969
2.241211
1.743164
1.215820
0.751953
0.375977
0.083008
-0.146484
-0.278320
-0.253906
-0.146484
0.048828
0.366211
0.781250
1.235352
1.674805
2.270508
2.749023
3.334961
3.813477
4.262695
4.570312
4.833984
5.029297
5.083008
5.043945
4.887695
4.667969
4.287109
3.872070
3.432617
2.905273
2.368164
1.806641
1.308594
0.830078
0.458984
0.126953
-0.092773
-0.273438
-0.244141
-0.166016
0.024414
0.288086
0.688477
1.137695
1.606445
2.143555
2.675781
3.237305
3.720703
4.165039
4.545898
4.794922
5.034180
5.083008
5.078125
4.912109
4.716797
4.379883
3.999023
3.559570
3.066406
2.534180
1.953125
1.455078
1.005859
0.581055
0.185547
-0.048828
-0.224609
-0.253906
-0.151367
0.000000
0.253906
0.585938
1.000977
1.523438
2.011719
2.583008
3.154297
3.623047
4.121094
4.477539
4.760742
4.995117
5.117188
5.156250
5.034180
4.794922
4.550781
4.155273
3.691406
3.222656
2.636719
2.158203
1.621094
1.108398
0.717773
0.283203
0.034180
-0.175781
-0.209961
-0.249023
-0.053711
0.141602
0.488281
0.883789
1.337891
1.875000
2.431641
2.968750
3.461914
3.935547
4.404297
4.707031
4.941406
5.097656
5.107422
5.034180
4.873047
4.604492
4.238281
3.769531
3.305664
2.802734
2.211914
1.679688
1.210938
0.737305
0.371094
0.019531
-0.156250
-0.229492
-0.278320
-0.161133
0.073242
0.395508
0.766602
1.259766
1.718750
2.250977
2.778320
3.320312
3.813477
4.252930
4.570312
4.877930
5.014648
5.097656
5.058594
4.897461
4.672852
4.287109
3.876953
3.398438
2.900391
2.368164
1.835938
1.323242
0.859375
0.439453
0.166016
-0.097656
-0.253906
-0.253906
-0.156250
-0.004883
0.336914
0.664062
1.108398
1.596680
2.148438
2.641602
3.168945
3.671875
4.160156
4.511719
4.819336
5.024414
5.078125
5.092773
5.000000
4.775391
4.389648
3.979492
3.530273
3.056641
2.490234
1.972656
1.484375
0.966797
0.502930
0.175781
-0.053711
-0.219727
-0.268555
-0.180664
-0.063477
0.170898
0.546875
0.996094
1.494141
2.026367
2.495117
3.110352
3.559570
4.028320
4.423828
4.760742
4.980469
5.097656
5.122070
4.995117
4.804688
4.506836
4.125977
3.691406
3.159180
2.631836
2.133789
1.572266
1.079102
0.620117
0.292969
-0.014648
-0.195312
-0.244141
-0.253906
-0.087891
0.131836
0.488281
0.878906
1.352539
1.826172
2.407227
2.973633
3.471680
3.935547
4.316406
4.682617
4.936523
5.092773
5.107422
5.034180
4.853516
4.589844
4.238281
3.828125
3.325195
2.807617
2.226562
1.689453
1.230469
0.756836
0.415039
0.043945
-0.161133
-0.268555
-0.253906
-0.175781
0.078125
0.375977
0.737305
1.176758
1.689453
2.187500
2.773438
3.286133
3.764648
4.218750
4.565430
4.858398
5.019531
5.092773
5.053711
4.912109
4.663086
4.316406
3.876953
3.417969
2.905273
2.343750
1.831055
1.328125
0.844727
0.429688
0.117188
-0.117188
-0.263672
-0.278320
-0.190430
0.039062
0.332031
0.678711
1.113281
1.611328
2.143555
2.661133
3.242188
3.710938
4.145508
4.521484
4.829102
5.000000
5.092773
5.073242
4.921875
4.726562
4.428711
4.018555
3.540039
3.076172
2.475586
1.987305
1.474609
0.986328
0.600586
0.234375
-0.043945
-0.209961
-0.239258
-0.161133
-0.009766
0.234375
0.576172
1.025391
1.508789
2.065430
2.612305
3.105469
3.603516
4.042969
4.438477
4.794922
5.058594
5.146484
5.166016
5.053711
4.814453
4.565430
4.121094
3.715820
3.198242
2.631836
2.133789
1.567383
1.083984
0.625000
0.288086
0.004883
-0.170898
-0.278320
-0.185547
-0.097656
0.185547
0.478516
0.893555
1.420898
1.884766
2.431641
2.934570
3.486328
3.959961
4.360352
4.672852
4.970703
5.087891
5.102539
5.039062
4.848633
4.594727
4.199219
3.784180
3.295898
2.783203
2.197266
1.713867
1.210938
0.737305
0.351562
0.043945
-0.156250
-0.253906
-0.288086
-0.166016
0.083008
0.405273
0.815430
1.240234
1.748047
2.236328
2.788086
3.320312
3.818359
4.233398
4.565430
4.848633
5.024414
5.087891
5.068359
4.912109
4.643555
4.296875
3.857422
3.388672
2.910156
2.368164
1.840820
1.313477
0.815430
0.439453
0.131836
-0.102539
-0.268555
-0.273438
-0.180664
0.000000
0.297852
0.649414
1.123047
1.586914
2.119141
2.675781
3.208008
3.691406
4.130859
4.506836
4.829102
5.004883
5.073242
5.078125
4.951172
4.746094
4.438477
3.959961
3.505859
3.017578
2.529297
1.987305
1.420898
0.903320
0.517578
0.214844
-0.073242
-0.214844
-0.249023
-0.234375
-0.097656
0.214844
0.546875
1.000977
1.464844
1.977539
2.543945
3.120117
3.632812
4.140625
4.497070
4.765625
4.975586
5.131836
5.107422
5.043945
4.785156
4.501953
4.130859
3.681641
3.149414
2.631836
2.104492
1.562500
1.069336
0.649414
0.312500
-0.043945
-0.175781
-0.283203
-0.219727
-0.092773
0.146484
0.488281
0.913086
1.362305
1.855469
2.412109
2.934570
3.457031
3.901367
4.345703
4.672852
4.916992
5.097656
5.126953
5.039062
4.843750
4.584961
4.248047
3.828125
3.349609
2.788086
2.265625
1.708984
1.210938
0.756836
0.395508
0.024414
-0.141602
-0.288086
-0.258789
-0.180664
0.048828
0.395508
0.791016
1.191406
1.704102
2.241211
2.778320
3.295898
3.803711
4.228516
4.589844
4.843750
5.014648
5.078125
5.102539
4.902344
4.653320
4.306641
3.872070
3.413086
2.919922
2.368164
1.826172
1.284180
0.854492
0.444336
0.151367
-0.122070
-0.268555
-0.283203
-0.175781
0.029297
0.317383
0.664062
1.083984
1.582031
2.143555
2.666016
3.198242
3.671875
4.140625
4.541016
4.843750
4.995117
5.083008
5.019531
4.946289
4.755859
4.448242
4.042969
3.564453
3.007812
2.558594
1.977539
1.440430
0.957031
0.585938
0.229492
-0.009766
-0.224609
-0.234375
-0.185547
-0.043945
0.263672
0.629883
1.054688
1.523438
2.021484
2.578125
3.095703
3.603516
4.042969
4.433594
4.746094
4.970703
5.126953
5.126953
5.034180
4.775391
4.521484
4.111328
3.696289
3.178711
2.666016
2.143555
1.616211
1.118164
0.654297
0.283203
-0.009766
-0.161133
-0.244141
-0.200195
-0.107422
0.131836
0.483398
0.898438
1.333008
1.875000
2.431641
2.958984
3.486328
3.945312
4.340820
4.697266
4.916992
5.083008
5.151367
5.004883
4.838867
4.589844
4.199219
3.774414
3.286133
2.783203
2.294922
1.699219
1.162109
0.737305
0.346680
0.043945
-0.185547
-0.209961
-0.263672
-0.161133
0.078125
0.380859
0.786133
1.230469
1.738281
2.241211
2.783203
3.320312
3.828125
4.233398
4.584961
4.863281
5.029297
5.083008
5.019531
4.887695
4.658203
4.277344
3.862305
3.388672
2.861328
2.363281
1.835938
1.318359
0.859375
0.449219
0.107422
-0.126953
-0.249023
-0.283203
-0.195312
0.004883
0.312500
0.649414
1.103516
1.601562
2.124023
2.709961
3.178711
3.730469
4.135742
4.521484
4.794922
5.004883
5.117188
5.112305
4.975586
4.750977
4.394531
3.974609
3.525391
3.007812
2.514648
1.943359
1.430664
0.966797
0.532227
0.170898
-0.068359
-0.185547
-0.268555
-0.253906
-0.068359
0.195312
0.561523
0.932617
1.445312
1.958008
2.524414
3.100586
3.603516
4.033203
4.458008
4.741211
4.980469
5.087891
5.122070
5.000000
4.814453
4.511719
4.121094
3.652344
3.139648
2.661133
2.089844
1.528320
1.079102
0.644531
0.288086
-0.014648
-0.200195
-0.249023
-0.249023
-0.107422
0.156250
0.483398
0.854492
1.347656
1.870117
2.412109
2.944336
3.447266
3.959961
4.340820
4.687500
4.960938
5.083008
5.117188
5.019531
4.887695
4.599609
4.228516
3.784180
3.315430
2.797852
2.231445
1.699219
1.210938
0.791016
0.356445
0.034180
-0.180664
-0.244141
-0.273438
-0.166016
0.068359
0.366211
0.781250
1.230469
1.708984
2.255859
2.783203
3.286133
3.798828
4.223633
4.580078
4.863281
5.063477
5.087891
5.053711
4.931641
4.677734
4.296875
3.901367
3.413086
2.880859
2.368164
1.835938
1.342773
0.825195
0.449219
0.112305
-0.107422
-0.224609
-0.263672
-0.190430
-0.004883
0.292969
0.654297
1.083984
1.591797
2.109375
2.705078
3.203125
3.710938
4.130859
4.497070
4.829102
5.029297
5.087891
5.068359
4.970703
4.775391
4.375000
4.033203
3.554688
3.056641
2.465820
1.967773
1.445312
0.996094
0.502930
0.244141
-0.078125
-0.185547
-0.244141
-0.205078
-0.034180
0.253906
0.585938
1.000977
1.484375
2.041016
2.592773
3.115234
3.613281
4.072266
4.472656
4.785156
4.985352
5.131836
5.126953
5.014648
4.814453
4.555664
4.160156
3.706055
3.232422
2.690430
2.109375
1.577148
1.069336
0.625000
0.263672
0.000000
-0.146484
-0.219727
-0.200195
-0.112305
0.156250
0.463867
0.878906
1.357422
1.870117
2.431641
2.954102
3.457031
3.959961
4.335938
4.682617
4.921875
5.083008
5.122070
5.073242
4.838867
4.609375
4.233398
3.813477
3.300781
2.783203
2.211914
1.699219
1.230469
0.761719
0.336914
0.058594
-0.166016
-0.234375
-0.273438
-0.146484
0.053711
0.415039
0.781250
1.225586
1.728516
2.250977
2.792969
3.354492
3.828125
4.252930
4.584961
4.833984
5.034180
5.078125
5.043945
4.863281
4.643555
4.301758
3.896484
3.432617
2.875977
2.373047
1.796875
1.303711
0.839844
0.434570
0.131836
-0.122070
-0.239258
-0.268555
-0.195312
0.019531
0.317383
0.649414
1.132812
1.591797
2.133789
2.646484
3.242188
3.706055
4.116211
4.526367
4.814453
5.014648
5.126953
5.063477
4.951172
4.731445
4.423828
4.028320
3.500977
3.007812
2.500000
1.967773
1.425781
0.952148
0.541992
0.180664
-0.024414
-0.229492
-0.278320
-0.229492
-0.034180
0.239258
0.585938
1.020508
1.484375
1.953125
2.573242
3.095703
3.588867
4.033203
4.365234
4.765625
4.985352
5.107422
5.117188
5.039062
4.799805
4.487305
4.101562
3.686523
3.159180
2.651367
2.089844
1.596680
1.074219
0.649414
0.263672
-0.043945
-0.175781
-0.263672
-0.219727
-0.126953
0.146484
0.449219
0.922852
1.357422
1.899414
2.402344
2.939453
