2.158203
1.630859
1.171875
0.683594
0.302734
0.024414
-0.175781
-0.283203
-0.292969
-0.112305
0.058594
0.395508
0.791016
1.235352
1.748047
2.241211
2.856445
3.330078
3.867188
4.306641
4.619141
4.926758
5.058594
5.073242
5.043945
4.887695
4.672852
4.311523
3.813477
3.388672
2.822266
2.324219
1.772461
1.274414
0.805664
0.395508
0.097656
-0.136719
-0.283203
-0.249023
-0.166016
0.048828
0.332031
0.708008
1.162109
1.640625
2.143555
2.739258
3.237305
3.725586
4.165039
4.545898
4.863281
5.043945
5.083008
5.058594
4.916992
4.672852
4.350586
3.974609
3.476562
2.949219
2.451172
1.953125
1.376953
0.952148
0.517578
0.161133
-0.083008
-0.244141
-0.234375
-0.185547
0.014648
0.239258
0.595703
1.049805
1.533203
2.089844
2.617188
3.125000
3.671875
4.082031
4.472656
4.814453
4.965820
5.063477
5.102539
4.970703
4.785156
4.487305
4.038086
3.637695
3.120117
2.568359
2.075195
1.518555
1.049805
0.590820
0.273438
-0.014648
-0.185547
-0.268555
-0.244141
-0.083008
0.146484
0.507812
0.932617
1.430664
1.918945
2.451172
3.007812
3.510742
3.989258
4.433594
4.731445
4.960938
5.053711
5.102539
5.004883
4.833984
4.521484
4.140625
3.764648
3.242188
2.675781
2.124023
1.635742
1.083984
0.688477
0.263672
-0.014648
-0.205078
-0.268555
-0.253906
-0.141602
0.063477
0.380859
0.815430
1.264648
1.757812
2.324219
2.827148
3.388672
3.876953
4.311523
4.638672
4.882812
5.073242
5.107422
5.048828
4.868164
4.638672
4.248047
3.852539
3.359375
2.856445
2.343750
1.777344
1.264648
0.791016
0.385742
0.097656
-0.126953
-0.224609
-0.273438
-0.170898
0.058594
0.351562
0.688477
1.166992
1.650391
2.167969
2.724609
3.251953
3.750000
4.194336
4.536133
4.873047
5.048828
5.092773
5.107422
4.951172
4.750977
4.418945
4.013672
3.515625
2.983398
2.446289
1.958008
1.425781
0.952148
0.522461
0.185547
-0.048828
-0.175781
-0.224609
-0.200195
0.029297
0.263672
0.600586
1.069336
1.538086
2.036133
2.622070
3.139648
3.613281
4.106445
4.467773
4.814453
5.009766
5.136719
5.102539
4.995117
4.765625
4.472656
4.062500
3.652344
3.125000
2.563477
2.060547
1.542969
1.054688
0.625000
0.288086
0.014648
-0.161133
-0.278320
-0.219727
-0.083008
0.175781
0.498047
0.957031
1.416016
1.933594
2.416992
3.002930
3.530273
3.984375
4.384766
4.682617
4.941406
5.083008
5.136719
5.024414
4.809570
4.541016
4.213867
3.750000
3.261719
2.714844
2.158203
1.689453
1.162109
0.693359
0.292969
0.019531
-0.156250
-0.283203
-0.273438
-0.151367
0.092773
0.395508
0.839844
1.240234
1.772461
2.270508
2.846680
3.344727
3.847656
4.272461
4.624023
4.907227
5.053711
5.097656
5.073242
4.887695
4.638672
4.257812
3.872070
3.369141
2.846680
2.309570
1.772461
1.284180
0.810547
0.390625
0.087891
-0.141602
-0.234375
-0.229492
-0.205078
-0.014648
0.336914
0.722656
1.186523
1.650391
2.163086
2.690430
3.251953
3.745117
4.189453
4.506836
4.809570
5.014648
5.117188
5.078125
4.912109
4.687500
4.418945
3.989258
3.505859
2.958984
2.431641
1.909180
1.401367
0.957031
0.517578
0.234375
-0.078125
-0.205078
-0.253906
-0.170898
-0.014648
0.268555
0.605469
1.059570
1.542969
2.036133
2.592773
3.105469
3.657227
4.062500
4.448242
4.755859
4.941406
5.092773
5.097656
4.985352
4.765625
4.472656
4.057617
3.613281
3.154297
2.602539
2.021484
1.508789
1.030273
0.615234
0.268555
-0.024414
-0.244141
-0.292969
-0.205078
-0.063477
0.185547
0.498047
0.932617
1.391602
1.948242
2.446289
2.988281
3.476562
3.974609
4.409180
4.736328
4.946289
5.078125
5.136719
4.995117
4.824219
4.511719
4.160156
3.740234
3.242188
2.675781
2.133789
1.601562
1.079102
0.693359
0.312500
0.014648
-0.185547
-0.292969
-0.283203
-0.141602
0.078125
0.380859
0.805664
1.225586
1.757812
2.290039
2.836914
3.408203
3.842773
4.282227
4.570312
4.868164
5.004883
5.097656
5.048828
4.863281
4.624023
4.262695
3.842773
3.359375
2.841797
2.304688
1.757812
1.254883
0.776367
0.449219
0.102539
-0.122070
-0.288086
-0.283203
-0.161133
0.014648
0.278320
0.737305
1.152344
1.640625
2.167969
2.719727
3.237305
3.745117
4.179688
4.560547
4.858398
5.053711
5.112305
5.087891
4.956055
4.692383
4.394531
4.018555
3.564453
3.046875
2.470703
1.958008
1.386719
0.961914
0.488281
0.175781
-0.102539
-0.268555
-0.263672
-0.170898
0.024414
0.283203
0.639648
1.040039
1.518555
2.050781
2.607422
3.168945
3.657227
4.111328
4.492188
4.794922
5.048828
5.126953
5.136719
5.000000
4.780273
4.492188
4.057617
3.613281
3.134766
2.607422
2.041016
1.518555
1.069336
0.620117
0.229492
-0.004883
-0.219727
-0.258789
-0.195312
-0.073242
0.180664
0.517578
0.966797
1.440430
1.918945
2.431641
2.944336
3.544922
4.013672
4.394531
4.716797
4.921875
5.058594
5.122070
5.053711
4.814453
4.541016
4.199219
3.784180
3.232422
2.744141
2.163086
1.655273
1.137695
0.688477
0.307617
0.029297
-0.151367
-0.244141
-0.249023
-0.107422
0.068359
0.444336
0.844727
1.313477
1.738281
2.319336
2.846680
3.393555
3.886719
4.316406
4.619141
4.916992
5.092773
5.122070
5.068359
4.912109
4.667969
4.316406
3.901367
3.388672
2.856445
2.358398
1.811523
1.293945
0.834961
0.454102
0.131836
-0.092773
-0.214844
-0.234375
-0.141602
0.053711
0.356445
0.742188
1.166992
1.699219
2.216797
2.744141
3.251953
3.764648
4.218750
4.541016
4.858398
5.024414
5.117188
5.087891
4.980469
4.726562
4.423828
4.003906
3.520508
2.983398
2.500000
1.997070
1.406250
0.932617
0.537109
0.205078
-0.014648
-0.180664
-0.239258
-0.175781
0.009766
0.263672
0.668945
1.069336
1.552734
2.065430
2.646484
3.144531
3.647461
4.111328
4.526367
4.794922
5.029297
5.097656
5.107422
4.995117
4.760742
4.487305
4.096680
3.657227
3.110352
2.636719
2.065430
1.528320
1.079102
0.649414
0.263672
0.014648
-0.185547
-0.229492
-0.200195
-0.029297
0.239258
0.551758
0.932617
1.416016
1.953125
2.524414
3.012695
3.535156
4.013672
4.389648
4.721680
4.951172
5.097656
5.126953
5.029297
4.809570
4.575195
4.140625
3.764648
3.227539
2.744141
2.207031
1.625977
1.127930
0.683594
0.322266
0.029297
-0.200195
-0.258789
-0.302734
-0.126953
0.058594
0.429688
0.834961
1.250000
1.762695
2.290039
2.851562
3.388672
3.837891
4.248047
4.575195
4.902344
5.048828
5.102539
5.019531
4.863281
4.614258
4.272461
3.828125
3.354492
2.822266
2.285156
1.738281
1.235352
0.810547
0.380859
0.078125
-0.156250
-0.253906
-0.292969
-0.190430
0.009766
0.302734
0.678711
1.093750
1.616211
2.163086
2.690430
3.251953
3.715820
4.135742
4.516602
4.804688
5.000000
5.073242
5.083008
4.951172
4.677734
4.355469
3.940430
3.457031
2.998047
2.465820
1.855469
1.342773
0.932617
0.517578
0.175781
-0.068359
-0.258789
-0.322266
-0.229492
-0.053711
0.219727
0.581055
1.054688
1.528320
2.080078
2.563477
3.100586
3.593750
4.091797
4.501953
4.785156
4.956055
5.043945
5.083008
4.960938
4.750977
4.418945
4.057617
3.598633
3.081055
2.553711
1.997070
1.499023
1.025391
0.556641
0.156250
-0.039062
-0.195312
-0.297852
-0.239258
-0.107422
0.166016
0.498047
0.942383
1.362305
1.845703
2.412109
2.988281
3.496094
3.994141
4.321289
4.721680
4.980469
5.083008
5.078125
5.029297
4.794922
4.526367
4.150391
3.725586
3.237305
2.680664
2.216797
1.621094
1.118164
0.664062
0.312500
0.009766
-0.185547
-0.278320
-0.288086
-0.107422
0.112305
0.405273
0.800781
1.259766
1.791992
2.275391
2.866211
3.359375
3.876953
4.267578
4.638672
4.877930
5.097656
5.122070
5.048828
4.902344
4.653320
4.277344
3.886719
3.442383
2.861328
2.324219
1.767578
1.284180
0.791016
0.424805
0.117188
-0.112305
-0.219727
-0.253906
-0.166016
0.004883
0.366211
0.747070
1.171875
1.655273
2.202148
2.749023
3.261719
3.754883
4.189453
4.570312
4.838867
5.004883
5.131836
5.097656
4.985352
4.741211
4.384766
3.979492
3.486328
3.022461
2.475586
1.909180
1.381836
0.932617
0.517578
0.170898
-0.083008
-0.166016
-0.234375
-0.166016
-0.014648
0.283203
0.590820
1.020508
1.547852
2.080078
2.592773
3.100586
3.632812
4.101562
4.428711
4.780273
4.980469
5.083008
5.087891
5.004883
4.804688
4.448242
4.116211
3.623047
3.115234
2.587891
2.031250
1.513672
1.015625
0.610352
0.263672
-0.039062
-0.239258
-0.253906
-0.219727
-0.068359
0.166016
0.522461
0.908203
1.381836
1.914062
2.456055
3.002930
3.476562
3.999023
4.355469
4.677734
4.975586
5.083008
5.102539
4.985352
4.838867
4.511719
4.174805
3.715820
3.222656
2.670898
2.128906
1.630859
1.123047
0.659180
0.253906
-0.004883
-0.205078
-0.317383
-0.258789
-0.175781
0.034180
0.385742
0.761719
1.289062
1.762695
2.299805
2.827148
3.364258
3.842773
4.282227
4.614258
4.892578
5.039062
5.068359
5.034180
4.868164
4.604492
4.267578
3.837891
3.393555
2.846680
2.319336
1.767578
1.279297
0.805664
0.434570
0.087891
-0.117188
-0.234375
-0.253906
-0.214844
0.078125
0.307617
0.722656
1.191406
1.650391
2.187500
2.709961
3.256836
3.745117
4.223633
4.541016
4.887695
5.039062
5.112305
5.043945
4.956055
4.716797
4.384766
3.950195
3.535156
3.002930
2.480469
1.962891
1.416016
0.922852
0.512695
0.200195
-0.014648
-0.185547
-0.258789
-0.166016
0.014648
0.278320
0.668945
1.088867
1.572266
2.094727
2.656250
3.208008
3.701172
4.121094
4.516602
4.838867
5.068359
5.166016
5.131836
5.034180
4.824219
4.462891
4.125977
3.647461
3.134766
2.612305
2.055664
1.552734
1.044922
0.634766
0.312500
0.014648
-0.180664
-0.239258
-0.190430
-0.039062
0.185547
0.551758
0.957031
1.450195
1.948242
2.465820
3.002930
3.544922
3.999023
4.438477
4.721680
4.941406
5.073242
5.146484
5.073242
4.863281
4.584961
4.145508
3.725586
3.266602
2.714844
2.187500
1.650391
1.191406
0.698242
0.322266
0.000000
-0.156250
-0.224609
-0.263672
-0.146484
0.087891
0.424805
0.815430
1.264648
1.733398
2.270508
2.836914
3.374023
3.852539
4.291992
4.663086
4.902344
5.097656
5.126953
5.029297
4.877930
4.638672
4.306641
3.886719
3.354492
2.866211
2.309570
1.801758
1.289062
0.820312
0.390625
0.073242
-0.122070
-0.278320
-0.253906
-0.161133
0.014648
0.317383
0.722656
1.181641
1.630859
2.158203
2.705078
3.242188
3.774414
4.184570
4.536133
4.838867
5.009766
5.083008
5.048828
4.921875
4.672852
4.360352
3.984375
3.457031
3.007812
2.451172
1.884766
1.416016
0.898438
0.498047
0.190430
-0.043945
-0.234375
-0.278320
-0.205078
-0.024414
0.234375
0.610352
1.044922
1.518555
2.036133
2.558594
3.125000
3.588867
4.077148
4.477539
4.770508
4.985352
5.073242
5.097656
4.980469
4.775391
4.477539
4.072266
3.588867
3.120117
2.539062
2.031250
1.494141
1.044922
0.590820
0.253906
-0.058594
-0.234375
-0.278320
-0.253906
-0.083008
0.161133
0.449219
0.878906
1.391602
1.899414
2.470703
2.983398
3.476562
3.979492
4.370117
4.760742
4.956055
5.019531
5.097656
4.995117
4.819336
4.511719
4.130859
3.720703
3.212891
2.695312
2.167969
1.625977
1.157227
0.644531
0.278320
-0.019531
-0.205078
-0.297852
-0.249023
-0.146484
0.117188
0.361328
0.800781
1.250000
1.767578
2.314453
2.817383
3.374023
3.837891
4.267578
4.648438
4.882812
5.043945
5.092773
5.063477
4.873047
4.638672
4.277344
3.852539
3.383789
2.832031
2.329102
1.791992
1.254883
0.805664
0.424805
0.097656
-0.122070
-0.239258
-0.273438
-0.156250
0.039062
0.327148
0.673828
1.152344
1.611328
2.182617
2.729492
3.227539
3.745117
4.174805
4.575195
4.838867
5.000000
5.078125
5.097656
4.946289
4.726562
4.404297
3.969727
3.500977
2.968750
2.446289
1.943359
1.425781
0.966797
0.527344
0.209961
-0.083008
-0.258789
-0.258789
-0.166016
-0.014648
0.312500
0.649414
1.044922
1.547852
2.080078
2.607422
3.164062
3.647461
4.140625
4.482422
4.833984
4.990234
5.117188
5.107422
5.004883
4.765625
4.458008
4.067383
3.613281
3.129883
2.592773
2.031250
1.542969
1.010742
0.585938
0.239258
-0.034180
-0.185547
-0.258789
-0.209961
-0.048828
0.205078
0.512695
0.922852
1.430664
1.928711
2.465820
2.998047
3.457031
3.984375
4.375000
4.746094
4.970703
5.068359
5.117188
5.029297
4.794922
4.555664
4.174805
3.745117
3.251953
2.729492
2.172852
1.621094
1.171875
0.668945
0.312500
-0.024414
-0.170898
-0.253906
-0.249023
-0.161133
0.078125
0.390625
0.820312
1.245117
1.733398
2.246094
2.827148
3.359375
3.847656
4.291992
4.628906
4.897461
5.073242
5.107422
5.029297
4.892578
4.648438
4.267578
3.872070
3.354492
2.802734
2.304688
1.762695
1.274414
0.815430
0.375977
0.058594
-0.156250
-0.268555
-0.253906
-0.175781
0.024414
0.307617
0.698242
1.171875
1.669922
2.187500
2.705078
3.232422
3.730469
4.179688
4.516602
4.814453
5.024414
5.078125
5.068359
4.926758
4.672852
4.370117
3.969727
3.520508
2.983398
2.397461
1.909180
1.381836
0.878906
0.493164
0.151367
-0.048828
-0.234375
-0.258789
-0.209961
-0.029297
0.258789
0.600586
1.049805
1.518555
2.060547
2.563477
3.110352
3.613281
4.052734
4.472656
4.794922
4.970703
5.083008
5.058594
4.990234
4.790039
4.433594
4.062500
3.618164
3.125000
2.563477
2.026367
1.528320
0.996094
0.600586
0.205078
-0.029297
-0.200195
-0.263672
-0.239258
-0.063477
0.175781
0.527344
0.913086
1.406250
1.928711
2.490234
2.993164
3.491211
3.989258
4.399414
4.755859
4.931641
5.073242
5.117188
5.000000
4.814453
4.526367
4.135742
3.706055
3.222656
2.695312
2.167969
1.625977
1.127930
0.688477
0.283203
0.019531
-0.195312
-0.263672
-0.278320
-0.156250
0.083008
0.400391
0.830078
1.279297
1.767578
2.319336
2.822266
3.383789
3.862305
4.282227
4.604492
4.873047
5.068359
5.102539
5.043945
4.877930
4.624023
4.296875
3.876953
3.364258
2.866211
2.299805
1.782227
1.289062
0.820312
0.400391
0.068359
-0.131836
-0.253906
-0.288086
-0.161133
0.043945
0.307617
0.708008
1.157227
1.655273
2.172852
2.670898
3.271484
3.735352
4.174805
4.545898
4.804688
5.048828
5.131836
5.117188
4.985352
4.726562
4.389648
3.979492
3.535156
3.037109
2.529297
1.953125
1.445312
0.917969
0.537109
0.205078
-0.039062
-0.209961
-0.234375
-0.205078
-0.029297
0.273438
0.654297
1.054688
1.552734
2.065430
2.573242
3.120117
3.623047
4.125977
4.497070
4.809570
5.004883
5.107422
5.073242
5.014648
4.780273
4.467773
4.077148
3.593750
3.095703
2.602539
2.055664
1.528320
1.020508
0.605469
0.268555
-0.029297
-0.175781
-0.268555
-0.268555
-0.083008
0.156250
0.512695
0.913086
1.401367
1.962891
2.446289
3.012695
3.476562
3.974609
4.370117
4.716797
4.946289
5.092773
5.087891
5.034180
4.829102
4.521484
4.165039
3.715820
3.242188
2.709961
2.167969
1.611328
1.142578
0.703125
0.283203
0.039062
-0.195312
-0.273438
-0.278320
-0.156250
0.083008
0.400391
0.795898
1.245117
1.757812
2.260742
2.832031
3.359375
3.833008
4.272461
4.609375
4.897461
5.058594
5.083008
5.043945
4.882812
4.624023
4.296875
3.842773
3.344727
2.851562
2.294922
1.796875
1.289062
0.820312
0.395508
0.092773
-0.126953
-0.234375
-0.263672
-0.185547
0.019531
0.336914
0.678711
1.137695
1.635742
2.211914
2.714844
3.212891
3.745117
4.179688
4.550781
4.794922
5.000000
5.083008
5.053711
4.931641
4.736328
4.355469
3.974609
3.486328
2.958984
2.446289
1.948242
1.420898
0.927734
0.517578
0.185547
-0.073242
-0.219727
-0.297852
-0.200195
-0.024414
0.263672
0.615234
1.049805
1.518555
2.036133
2.578125
3.081055
3.642578
4.101562
4.492188
4.765625
4.980469
5.073242
5.083008
4.985352
4.775391
4.453125
4.047852
3.627930
3.159180
2.587891
2.050781
1.450195
1.049805
0.649414
0.214844
-0.058594
-0.234375
-0.258789
-0.249023
-0.073242
0.185547
0.502930
0.922852
1.362305
1.933594
2.475586
2.998047
3.510742
4.003906
4.409180
4.731445
4.931641
5.083008
5.112305
5.014648
4.819336
4.511719
4.145508
3.735352
3.217773
2.729492
2.114258
1.611328
1.166992
0.703125
0.292969
0.029297
-0.170898
-0.288086
-0.263672
-0.161133
0.039062
0.380859
0.776367
1.284180
1.752930
2.304688
2.817383
3.354492
3.828125
4.267578
4.619141
4.892578
5.053711
5.102539
5.068359
4.848633
4.633789
4.272461
3.862305
3.334961
2.841797
2.294922
1.733398
1.284180
0.791016
0.410156
0.087891
-0.136719
-0.273438
-0.258789
-0.190430
-0.009766
0.341797
0.668945
1.162109
1.694336
2.187500
2.739258
3.256836
3.725586
4.194336
4.555664
4.838867
5.043945
5.107422
5.083008
4.946289
4.721680
4.404297
4.023438
3.505859
3.012695
2.485352
1.938477
1.420898
0.903320
0.527344
0.175781
-0.068359
-0.161133
-0.278320
-0.156250
0.000000
0.292969
0.649414
1.064453
1.582031
2.089844
2.612305
3.120117
3.657227
4.077148
4.497070
4.794922
4.990234
5.122070
5.117188
4.985352
4.794922
4.443359
4.077148
3.588867
3.115234
2.617188
2.026367
1.518555
1.059570
0.595703
0.219727
-0.019531
-0.195312
-0.273438
-0.219727
-0.048828
0.175781
0.502930
0.922852
1.406250
1.923828
2.485352
2.939453
3.515625
3.955078
4.404297
4.663086
4.936523
5.078125
5.083008
5.024414
4.833984
4.521484
4.179688
3.750000
3.232422
2.705078
2.167969
1.611328
1.142578
0.654297
0.292969
0.014648
-0.214844
-0.292969
-0.283203
-0.156250
0.043945
0.424805
0.791016
1.230469
1.748047
2.280273
2.802734
3.374023
3.837891
4.267578
4.575195
4.902344
5.039062
5.078125
5.053711
4.892578
4.633789
4.262695
3.842773
3.374023
2.822266
2.285156
1.748047
1.289062
0.795898
0.395508
0.083008
-0.126953
-0.283203
-0.278320
-0.175781
0.048828
0.356445
0.722656
1.127930
1.596680
2.153320
2.700195
3.208008
3.769531
4.218750
4.526367
4.799805
5.053711
5.087891
5.063477
4.902344
4.707031
4.365234
3.969727
3.471680
2.954102
2.426758
1.923828
1.425781
0.888672
0.522461
0.219727
-0.048828
-0.205078
-0.297852
-0.219727
-0.014648
0.283203
0.634766
1.030273
1.538086
2.084961
2.568359
3.125000
3.642578
4.062500
4.443359
4.775391
4.980469
5.078125
5.092773
4.980469
4.790039
4.467773
4.072266
3.618164
3.085938
2.573242
2.031250
1.508789
1.049805
0.595703
0.219727
-0.053711
-0.214844
-0.268555
-0.200195
-0.087891
0.161133
0.483398
0.937500
1.435547
1.918945
2.451172
2.949219
3.525391
4.008789
4.404297
4.711914
4.912109
5.087891
5.102539
5.000000
4.794922
4.516602
4.135742
3.710938
3.237305
2.709961
2.138672
1.596680
1.157227
0.644531
0.307617
0.024414
-0.200195
-0.283203
-0.258789
-0.180664
0.107422
0.371094
0.805664
1.235352
1.743164
2.290039
2.846680
3.393555
3.867188
4.248047
4.638672
4.848633
5.029297
5.073242
5.039062
4.853516
4.594727
4.267578
3.837891
3.334961
2.832031
2.250977
1.772461
1.284180
0.810547
0.375977
0.087891
-0.131836
-0.278320
-0.292969
-0.200195
0.039062
0.322266
0.698242
1.103516
1.655273
2.163086
2.739258
3.276367
3.720703
4.179688
4.541016
4.843750
5.004883
5.117188
5.097656
4.946289
4.736328
4.409180
3.969727
3.530273
3.017578
2.456055
1.962891
1.425781
0.932617
0.546875
0.185547
-0.112305
-0.209961
-0.263672
-0.175781
0.014648
0.253906
0.634766
1.074219
1.586914
2.094727
2.607422
3.139648
3.627930
4.072266
4.511719
4.814453
5.014648
5.087891
5.107422
5.024414
4.775391
4.492188
4.091797
3.613281
3.090820
2.607422
2.065430
1.523438
1.025391
0.610352
0.234375
-0.039062
-0.175781
-0.278320
-0.200195
-0.068359
0.161133
0.512695
0.922852
1.420898
1.928711
2.441406
2.993164
3.500977
3.999023
4.355469
4.707031
4.926758
5.024414
5.112305
5.034180
4.819336
4.526367
4.179688
3.701172
3.242188
2.685547
2.148438
1.640625
1.123047
0.683594
0.288086
-0.029297
-0.209961
-0.283203
-0.273438
-0.170898
0.058594
0.385742
0.781250
1.240234
1.748047
2.299805
2.788086
3.364258
3.842773
4.248047
4.643555
4.887695
5.068359
5.092773
5.048828
4.892578
4.619141
4.277344
3.828125
3.339844
2.832031
2.285156
1.782227
1.284180
0.795898
0.419922
0.083008
-0.131836
-0.249023
-0.288086
-0.170898
0.000000
0.283203
0.698242
1.152344
1.650391
2.153320
2.709961
