1.713867
1.166992
0.732422
0.346680
0.078125
-0.136719
-0.292969
-0.288086
-0.126953
0.092773
0.371094
0.717773
1.181641
1.733398
2.226562
2.807617
3.330078
3.823242
4.282227
4.584961
4.824219
5.024414
5.117188
5.102539
4.907227
4.677734
4.291992
3.925781
3.486328
2.924805
2.382812
1.826172
1.318359
0.874023
0.468750
0.131836
-0.112305
-0.239258
-0.249023
-0.156250
0.019531
0.283203
0.678711
1.113281
1.606445
2.124023
2.666016
3.198242
3.686523
4.155273
4.521484
4.780273
4.995117
5.126953
5.112305
4.970703
4.721680
4.409180
4.062500
3.559570
3.071289
2.500000
1.967773
1.464844
0.971680
0.571289
0.205078
-0.078125
-0.190430
-0.263672
-0.190430
-0.039062
0.219727
0.576172
0.981445
1.469727
2.011719
2.543945
3.051758
3.608398
4.028320
4.414062
4.711914
4.956055
5.078125
5.068359
5.000000
4.790039
4.487305
4.116211
3.632812
3.164062
2.607422
2.104492
1.562500
1.098633
0.620117
0.268555
0.004883
-0.209961
-0.288086
-0.263672
-0.131836
0.117188
0.454102
0.854492
1.337891
1.840820
2.377930
2.939453
3.432617
3.886719
4.316406
4.667969
4.921875
5.063477
5.102539
5.039062
4.877930
4.570312
4.248047
3.798828
3.320312
2.797852
2.260742
1.733398
1.181641
0.766602
0.361328
0.078125
-0.146484
-0.263672
-0.283203
-0.156250
0.058594
0.400391
0.732422
1.235352
1.723633
2.270508
2.773438
3.315430
3.803711
4.291992
4.653320
4.931641
5.073242
5.112305
5.068359
4.951172
4.716797
4.370117
3.950195
3.457031
2.954102
2.446289
1.884766
1.381836
0.927734
0.522461
0.209961
-0.063477
-0.195312
-0.205078
-0.131836
0.009766
0.307617
0.703125
1.137695
1.660156
2.138672
2.670898
3.203125
3.735352
4.150391
4.550781
4.819336
5.029297
5.107422
5.102539
4.951172
4.770508
4.404297
4.047852
3.583984
3.046875
2.519531
2.006836
1.489258
0.957031
0.566406
0.209961
-0.048828
-0.200195
-0.258789
-0.244141
-0.004883
0.224609
0.527344
0.957031
1.474609
1.982422
2.514648
3.120117
3.583984
4.018555
4.433594
4.731445
4.980469
5.117188
5.136719
4.985352
4.814453
4.501953
4.135742
3.696289
3.164062
2.690430
2.114258
1.586914
1.069336
0.644531
0.239258
0.019531
-0.205078
-0.278320
-0.283203
-0.126953
0.117188
0.424805
0.854492
1.328125
1.840820
2.397461
2.915039
3.427734
3.930664
4.311523
4.648438
4.931641
5.053711
5.097656
5.058594
4.902344
4.589844
4.218750
3.803711
3.295898
2.797852
2.246094
1.708984
1.215820
0.751953
0.356445
0.043945
-0.166016
-0.244141
-0.239258
-0.126953
0.024414
0.375977
0.776367
1.206055
1.738281
2.260742
2.783203
3.310547
3.798828
4.228516
4.604492
4.853516
5.000000
5.107422
5.107422
4.926758
4.614258
4.296875
3.945312
3.437500
2.958984
2.441406
1.845703
1.357422
0.883789
0.478516
0.166016
-0.073242
-0.234375
-0.258789
-0.190430
0.004883
0.292969
0.659180
1.113281
1.586914
2.128906
2.670898
3.208008
3.710938
4.135742
4.487305
4.814453
4.980469
5.083008
5.107422
4.960938
4.750977
4.409180
4.028320
3.574219
3.056641
2.553711
2.006836
1.450195
0.981445
0.546875
0.205078
-0.063477
-0.229492
-0.234375
-0.175781
-0.039062
0.195312
0.576172
0.996094
1.489258
2.006836
2.534180
3.095703
3.549805
4.038086
4.448242
4.707031
4.956055
5.063477
5.092773
4.975586
4.755859
4.462891
4.086914
3.686523
3.125000
2.646484
2.075195
1.542969
1.064453
0.620117
0.273438
-0.048828
-0.200195
-0.297852
-0.249023
-0.102539
0.146484
0.468750
0.878906
1.357422
1.875000
2.397461
2.919922
3.442383
3.920898
4.311523
4.667969
4.907227
5.058594
5.131836
5.048828
4.873047
4.594727
4.238281
3.813477
3.305664
2.792969
2.246094
1.713867
1.201172
0.761719
0.371094
0.078125
-0.161133
-0.278320
-0.253906
-0.166016
0.053711
0.356445
0.766602
1.250000
1.772461
2.319336
2.812500
3.364258
3.793945
4.306641
4.619141
4.916992
5.112305
5.166016
5.097656
4.936523
4.707031
4.389648
3.950195
3.515625
2.924805
2.431641
1.889648
1.357422
0.908203
0.473633
0.156250
-0.063477
-0.219727
-0.195312
-0.170898
0.078125
0.312500
0.693359
1.147461
1.582031
2.163086
2.690430
3.242188
3.735352
4.140625
4.550781
4.809570
5.034180
5.141602
5.092773
4.956055
4.746094
4.428711
4.082031
3.588867
3.061523
2.539062
2.006836
1.484375
0.976562
0.590820
0.205078
-0.092773
-0.234375
-0.200195
-0.209961
-0.063477
0.229492
0.576172
0.971680
1.474609
1.943359
2.514648
3.056641
3.574219
4.028320
4.375000
4.760742
4.960938
5.097656
5.122070
4.956055
4.790039
4.497070
4.140625
3.686523
3.154297
2.666016
2.128906
1.577148
1.079102
0.605469
0.249023
-0.019531
-0.205078
-0.302734
-0.273438
-0.131836
0.092773
0.439453
0.854492
1.333008
1.831055
2.387695
2.919922
3.437500
3.925781
4.365234
4.672852
4.882812
5.058594
5.097656
5.048828
4.892578
4.609375
4.223633
3.779297
3.305664
2.792969
2.246094
1.708984
1.201172
0.722656
0.366211
0.048828
-0.161133
-0.253906
-0.278320
-0.166016
0.068359
0.366211
0.742188
1.181641
1.704102
2.290039
2.807617
3.310547
3.789062
4.223633
4.599609
4.829102
5.019531
5.107422
5.078125
4.960938
4.672852
4.335938
3.906250
3.461914
2.998047
2.431641
1.850586
1.337891
0.854492
0.498047
0.151367
-0.078125
-0.249023
-0.268555
-0.146484
-0.004883
0.273438
0.659180
1.093750
1.577148
2.099609
2.651367
3.203125
3.696289
4.125977
4.521484
4.794922
4.985352
5.117188
5.058594
4.980469
4.741211
4.404297
4.008789
3.554688
3.041992
2.548828
1.992188
1.459961
0.996094
0.566406
0.200195
-0.087891
-0.200195
-0.249023
-0.214844
-0.043945
0.224609
0.605469
1.015625
1.459961
1.992188
2.558594
3.100586
3.588867
4.013672
4.399414
4.741211
4.951172
5.102539
5.087891
5.000000
4.804688
4.501953
4.077148
3.657227
3.193359
2.626953
2.099609
1.547852
1.074219
0.610352
0.302734
-0.019531
-0.185547
-0.273438
-0.258789
-0.102539
0.146484
0.454102
0.859375
1.333008
1.816406
2.387695
2.880859
3.432617
3.930664
4.335938
4.677734
4.907227
5.063477
5.097656
5.019531
4.863281
4.604492
4.243164
3.793945
3.334961
2.778320
2.250977
1.713867
1.206055
0.781250
0.356445
0.073242
-0.151367
-0.253906
-0.258789
-0.185547
0.073242
0.390625
0.776367
1.235352
1.752930
2.246094
2.807617
3.349609
3.842773
4.272461
4.619141
4.873047
5.083008
5.161133
5.078125
4.951172
4.687500
4.340820
3.911133
3.447266
2.890625
2.431641
1.909180
1.376953
0.888672
0.532227
0.175781
-0.073242
-0.200195
-0.214844
-0.156250
0.014648
0.322266
0.673828
1.142578
1.669922
2.153320
2.700195
3.222656
3.740234
4.204102
4.560547
4.829102
5.024414
5.126953
5.092773
4.965820
4.755859
4.433594
4.067383
3.603516
3.081055
2.529297
1.972656
1.499023
0.991211
0.551758
0.219727
-0.063477
-0.175781
-0.249023
-0.219727
-0.019531
0.190430
0.556641
0.981445
1.489258
1.948242
2.529297
3.056641
3.579102
4.023438
4.438477
4.731445
4.960938
5.068359
5.107422
4.980469
4.790039
4.501953
4.155273
3.657227
3.198242
2.631836
2.075195
1.552734
1.069336
0.615234
0.288086
0.019531
-0.224609
-0.288086
-0.292969
-0.151367
0.087891
0.410156
0.869141
1.342773
1.855469
2.397461
2.910156
3.447266
3.940430
4.326172
4.658203
4.931641
5.078125
5.083008
5.043945
4.887695
4.609375
4.223633
3.774414
3.330078
2.773438
2.241211
1.728516
1.245117
0.751953
0.332031
0.019531
-0.146484
-0.292969
-0.258789
-0.117188
0.068359
0.341797
0.766602
1.225586
1.743164
2.255859
2.768555
3.325195
3.813477
4.228516
4.599609
4.863281
5.014648
5.083008
5.048828
4.965820
4.672852
4.316406
3.930664
3.510742
2.949219
2.397461
1.826172
1.337891
0.864258
0.463867
0.141602
-0.097656
-0.249023
-0.249023
-0.195312
0.009766
0.292969
0.683594
1.103516
1.552734
2.124023
2.651367
3.188477
3.691406
4.135742
4.492188
4.838867
4.990234
5.097656
5.102539
4.951172
4.741211
4.443359
4.052734
3.574219
3.095703
2.485352
2.001953
1.484375
0.991211
0.537109
0.214844
-0.058594
-0.170898
-0.258789
-0.224609
-0.004883
0.239258
0.581055
1.030273
1.503906
2.021484
2.529297
3.081055
3.598633
4.003906
4.448242
4.716797
4.960938
5.058594
5.112305
5.019531
4.794922
4.482422
4.086914
3.647461
3.183594
2.607422
2.109375
1.567383
1.079102
0.625000
0.253906
-0.009766
-0.195312
-0.283203
-0.224609
-0.092773
0.126953
0.444336
0.854492
1.318359
1.840820
2.373047
2.915039
3.476562
3.916016
4.316406
4.702148
4.921875
5.078125
5.122070
5.009766
4.853516
4.604492
4.252930
3.798828
3.305664
2.792969
2.250977
1.708984
1.220703
0.732422
0.341797
0.073242
-0.166016
-0.297852
-0.273438
-0.136719
0.107422
0.375977
0.703125
1.210938
1.743164
2.290039
2.768555
3.320312
3.793945
4.243164
4.614258
4.863281
5.078125
5.126953
5.107422
4.931641
4.692383
4.316406
3.920898
3.437500
3.002930
2.441406
1.850586
1.376953
0.859375
0.444336
0.126953
-0.063477
-0.200195
-0.219727
-0.180664
0.068359
0.336914
0.698242
1.171875
1.625977
2.133789
2.680664
3.193359
3.745117
4.150391
4.565430
4.829102
5.039062
5.102539
5.068359
4.956055
4.726562
4.428711
4.047852
3.583984
3.066406
2.534180
1.992188
1.494141
0.986328
0.541992
0.214844
-0.039062
-0.180664
-0.283203
-0.239258
-0.024414
0.209961
0.556641
1.000977
1.450195
1.948242
2.500000
3.061523
3.564453
4.067383
4.394531
4.731445
4.931641
5.068359
5.087891
5.034180
4.765625
4.521484
4.130859
3.686523
3.134766
2.617188
2.094727
1.547852
1.054688
0.639648
0.258789
-0.014648
-0.219727
-0.292969
-0.283203
-0.146484
0.092773
0.449219
0.844727
1.352539
1.831055
2.412109
2.934570
3.466797
3.925781
4.321289
4.692383
4.916992
5.053711
5.102539
5.043945
4.868164
4.589844
4.223633
3.803711
3.330078
2.768555
2.270508
1.728516
1.171875
0.722656
0.405273
0.087891
-0.151367
-0.273438
-0.268555
-0.175781
0.048828
0.361328
0.776367
1.245117
1.738281
2.255859
2.719727
3.320312
3.798828
4.194336
4.609375
4.858398
5.073242
5.117188
5.058594
4.912109
4.711914
4.335938
3.916016
3.461914
2.993164
2.416992
1.835938
1.337891
0.874023
0.449219
0.126953
-0.117188
-0.263672
-0.253906
-0.214844
-0.029297
0.268555
0.625000
1.098633
1.572266
2.060547
2.666016
3.183594
3.691406
4.111328
4.511719
4.794922
5.019531
5.092773
5.117188
4.956055
4.755859
4.418945
4.077148
3.598633
3.081055
2.514648
1.967773
1.459961
1.000977
0.576172
0.219727
-0.039062
-0.209961
-0.278320
-0.239258
-0.039062
0.224609
0.551758
0.976562
1.479492
1.982422
2.558594
3.046875
3.618164
4.023438
4.399414
4.711914
4.931641
5.058594
5.097656
5.004883
4.785156
4.482422
4.106445
3.632812
3.173828
2.656250
2.109375
1.557617
1.088867
0.649414
0.263672
0.004883
-0.209961
-0.297852
-0.288086
-0.107422
0.166016
0.454102
0.893555
1.337891
1.835938
2.377930
2.939453
3.432617
3.916016
4.316406
4.653320
4.931641
5.107422
5.117188
5.053711
4.838867
4.565430
4.228516
3.798828
3.339844
2.788086
2.290039
1.699219
1.191406
0.747070
0.400391
0.078125
-0.175781
-0.283203
-0.283203
-0.107422
0.083008
0.366211
0.756836
1.225586
1.713867
2.260742
2.827148
3.369141
3.828125
4.233398
4.609375
4.858398
5.073242
5.151367
5.092773
4.956055
4.682617
4.331055
3.969727
3.476562
2.915039
2.407227
1.855469
1.362305
0.932617
0.537109
0.195312
-0.107422
-0.224609
-0.229492
-0.126953
0.063477
0.346680
0.693359
1.098633
1.645508
2.119141
2.675781
3.212891
3.701172
4.155273
4.526367
4.819336
4.990234
5.097656
5.087891
4.956055
4.716797
4.467773
4.038086
3.593750
3.051758
2.500000
1.977539
1.479492
0.976562
0.537109
0.224609
-0.043945
-0.209961
-0.229492
-0.195312
-0.048828
0.180664
0.581055
0.971680
1.499023
2.021484
2.490234
3.076172
3.549805
4.042969
4.462891
4.731445
4.921875
5.058594
5.073242
5.053711
4.785156
4.511719
4.130859
3.647461
3.183594
2.656250
2.094727
1.567383
1.069336
0.615234
0.258789
-0.024414
-0.244141
-0.302734
-0.292969
-0.141602
0.097656
0.463867
0.854492
1.342773
1.860352
2.397461
2.924805
3.457031
3.906250
4.326172
4.672852
4.941406
5.053711
5.156250
5.034180
4.873047
4.570312
4.243164
3.793945
3.310547
2.773438
2.265625
1.665039
1.191406
0.781250
0.371094
0.039062
-0.180664
-0.249023
-0.263672
-0.151367
0.048828
0.356445
0.795898
1.250000
1.743164
2.270508
2.802734
3.315430
3.789062
4.272461
4.619141
4.853516
5.024414
5.068359
5.073242
4.931641
4.682617
4.365234
3.916016
3.491211
2.963867
2.412109
1.850586
1.298828
0.839844
0.473633
0.136719
-0.097656
-0.258789
-0.268555
-0.195312
-0.048828
0.273438
0.688477
1.088867
1.591797
2.104492
2.626953
3.188477
3.662109
4.130859
4.501953
4.799805
4.960938
5.102539
5.063477
4.975586
4.726562
4.462891
4.013672
3.554688
3.056641
2.548828
1.992188
1.464844
0.966797
0.551758
0.190430
-0.063477
-0.205078
-0.253906
-0.219727
-0.053711
0.219727
0.581055
0.961914
1.464844
1.987305
2.539062
3.105469
3.549805
4.033203
4.394531
4.731445
4.951172
5.083008
5.048828
4.995117
4.785156
4.526367
4.106445
3.642578
3.198242
2.661133
2.094727
1.552734
1.069336
0.620117
0.263672
-0.014648
-0.180664
-0.292969
-0.263672
-0.126953
0.112305
0.454102
0.869141
1.323242
1.855469
2.387695
2.934570
3.417969
3.901367
4.311523
4.643555
4.902344
5.083008
5.083008
5.029297
4.863281
4.604492
4.228516
3.789062
3.310547
2.797852
2.265625
1.723633
1.201172
0.742188
0.371094
0.039062
-0.185547
-0.263672
-0.244141
-0.126953
0.068359
0.356445
0.756836
1.171875
1.748047
2.250977
2.788086
3.359375
3.862305
4.262695
4.672852
4.912109
5.083008
5.136719
5.131836
4.980469
4.677734
4.340820
3.969727
3.491211
2.983398
2.412109
1.870117
1.362305
0.874023
0.488281
0.190430
-0.097656
-0.209961
-0.234375
-0.166016
0.029297
0.288086
0.678711
1.132812
1.660156
2.148438
2.695312
3.222656
3.701172
4.155273
4.550781
4.804688
5.024414
5.078125
5.083008
4.965820
4.741211
4.409180
4.028320
3.593750
3.105469
2.529297
1.982422
1.479492
1.000977
0.561523
0.219727
-0.078125
-0.190430
-0.288086
-0.239258
-0.058594
0.219727
0.571289
1.005859
1.455078
1.997070
2.514648
3.061523
3.549805
4.042969
4.443359
4.736328
4.960938
5.078125
5.063477
4.975586
4.765625
4.511719
4.111328
3.666992
3.159180
2.626953
2.084961
1.538086
1.064453
0.625000
0.273438
-0.043945
-0.214844
-0.283203
-0.219727
-0.126953
0.126953
0.434570
0.844727
1.298828
1.860352
2.397461
2.944336
3.432617
3.920898
4.321289
4.667969
4.892578
5.039062
5.087891
5.043945
4.868164
4.594727
4.199219
3.779297
3.320312
2.763672
2.250977
1.718750
1.191406
0.722656
0.346680
0.063477
-0.141602
-0.278320
-0.273438
-0.161133
0.043945
0.336914
0.771484
1.220703
1.728516
2.241211
2.773438
3.330078
3.779297
4.223633
4.589844
4.863281
5.009766
5.117188
5.043945
4.941406
4.702148
4.296875
3.940430
3.491211
2.919922
2.387695
1.870117
1.347656
0.883789
0.454102
0.117188
-0.126953
-0.258789
-0.258789
-0.166016
0.004883
0.268555
0.659180
1.098633
1.611328
2.124023
2.631836
3.217773
3.701172
4.145508
4.516602
4.804688
5.029297
5.126953
5.112305
4.951172
4.736328
4.394531
4.062500
3.574219
3.071289
2.504883
1.972656
1.489258
0.971680
0.546875
0.214844
-0.043945
-0.200195
-0.244141
-0.170898
-0.029297
0.205078
0.566406
0.991211
1.503906
1.967773
2.509766
3.061523
3.603516
4.023438
4.423828
4.707031
4.912109
5.043945
5.073242
4.965820
4.750977
4.487305
4.111328
3.691406
3.144531
2.636719
2.119141
1.577148
1.069336
0.615234
0.273438
0.014648
-0.170898
-0.283203
-0.268555
-0.117188
0.126953
0.463867
0.878906
1.333008
1.821289
2.363281
2.934570
3.447266
3.935547
4.311523
4.667969
4.921875
5.083008
5.122070
5.039062
4.873047
4.599609
4.223633
3.789062
3.310547
2.788086
2.265625
1.699219
1.191406
0.742188
0.356445
0.048828
-0.151367
-0.249023
-0.273438
-0.126953
0.083008
0.346680
0.742188
1.196289
1.723633
2.265625
2.802734
3.310547
3.813477
4.252930
4.594727
4.912109
5.058594
5.097656
5.102539
4.995117
4.682617
4.360352
3.920898
3.505859
2.958984
2.431641
1.835938
1.333008
0.883789
0.463867
0.151367
-0.058594
-0.234375
-0.258789
-0.190430
0.063477
0.317383
0.668945
1.123047
1.611328
2.109375
2.670898
3.193359
3.701172
4.165039
4.555664
4.809570
5.004883
5.092773
5.053711
4.965820
4.760742
4.423828
4.052734
3.588867
3.056641
2.548828
1.953125
1.479492
0.981445
0.537109
0.224609
-0.029297
-0.214844
-0.273438
-0.234375
-0.039062
0.214844
0.595703
1.005859
1.450195
1.948242
2.490234
3.105469
3.544922
4.013672
4.409180
4.746094
4.956055
5.048828
5.068359
4.951172
4.799805
4.506836
4.106445
3.642578
3.149414
2.622070
2.089844
1.572266
1.044922
0.605469
0.244141
-0.014648
-0.224609
-0.297852
-0.239258
-0.122070
0.112305
0.468750
0.839844
1.342773
1.860352
2.412109
2.929688
3.442383
3.925781
4.326172
4.667969
4.907227
5.048828
5.107422
5.029297
4.863281
4.624023
4.228516
3.803711
3.320312
2.783203
2.250977
1.728516
1.210938
0.737305
0.385742
0.053711
-0.117188
-0.234375
-0.278320
-0.170898
0.053711
0.400391
0.751953
1.186523
1.674805
2.260742
2.832031
3.344727
3.808594
4.208984
4.653320
4.877930
4.975586
5.078125
5.068359
4.912109
4.667969
4.321289
3.920898
3.442383
2.949219
2.382812
1.840820
1.347656
0.893555
0.449219
0.141602
-0.097656
-0.268555
-0.278320
-0.166016
0.004883
0.288086
0.649414
1.113281
1.606445
2.104492
2.661133
3.203125
3.696289
4.125977
4.477539
4.833984
5.014648
5.102539
5.092773
4.965820
4.726562
4.414062
4.033203
3.588867
3.037109
2.495117
1.987305
1.459961
0.996094
0.581055
0.200195
-0.063477
-0.214844
-0.263672
-0.180664
-0.048828
0.219727
0.581055
1.015625
1.489258
1.987305
2.539062
3.085938
3.569336
4.047852
4.375000
4.682617
4.951172
5.073242
5.092773
5.014648
4.765625
4.458008
4.091797
3.657227
3.149414
2.641602
2.109375
1.572266
1.049805
0.605469
0.297852
-0.014648
-0.214844
-0.302734
-0.253906
-0.092773
0.083008
0.468750
0.854492
1.313477
1.835938
2.392578
2.929688
3.471680
3.906250
4.331055
4.677734
4.912109
5.053711
5.078125
5.004883
4.863281
4.570312
4.252930
3.813477
3.300781
2.792969
2.250977
1.699219
1.201172
0.727539
0.356445
0.058594
-0.200195
-0.253906
-0.234375
-0.146484
0.058594
0.400391
0.737305
1.196289
1.728516
2.250977
2.832031
3.330078
3.823242
4.248047
4.624023
4.897461
5.053711
5.136719
5.131836
4.946289
4.702148
4.360352
3.950195
3.491211
2.954102
2.412109
1.875000
1.362305
0.888672
0.517578
0.151367
-0.078125
-0.219727
-0.185547
-0.131836
0.019531
0.278320
0.610352
1.147461
1.606445
2.172852
2.680664
3.198242
3.715820
4.179688
4.560547
4.829102
5.000000
5.083008
5.063477
4.975586
4.716797
4.448242
4.052734
3.564453
3.105469
2.514648
1.933594
1.484375
1.025391
0.585938
0.185547
-0.039062
-0.195312
-0.268555
-0.205078
-0.043945
0.200195
0.561523
0.991211
1.445312
1.967773
2.534180
3.012695
3.623047
4.013672
4.404297
4.702148
4.956055
5.063477
5.078125
4.946289
4.775391
4.497070
4.111328
3.662109
3.159180
2.597656
2.060547
1.542969
1.093750
0.615234
0.244141
-0.014648
-0.214844
-0.297852
-0.253906
-0.156250
0.087891
0.454102
0.854492
1.333008
1.816406
2.421875
2.915039
3.422852
3.896484
4.355469
4.682617
4.951172
5.058594
5.083008
5.058594
4.877930
4.560547
4.228516
3.808594
3.315430
2.768555
2.221680
1.689453
1.181641
0.747070
0.327148
0.048828
-0.166016
-0.263672
-0.234375
-0.156250
0.029297
0.366211
0.776367
1.201172
1.728516
2.250977
2.768555
3.334961
3.813477
4.223633
4.580078
4.877930
5.043945
5.078125
5.039062
4.960938
4.638672
4.311523
3.911133
3.466797
2.939453
2.358398
1.879883
1.318359
0.874023
0.488281
0.112305
-0.112305
-0.253906
-0.258789
-0.170898
-0.009766
0.273438
0.668945
1.103516
1.582031
2.114258
2.651367
3.208008
