2.099609
1.606445
1.098633
0.625000
0.288086
0.014648
-0.180664
-0.249023
-0.205078
-0.122070
0.170898
0.419922
0.898438
1.367188
1.884766
2.392578
2.939453
3.471680
3.896484
4.331055
4.667969
4.936523
5.058594
5.092773
5.034180
4.863281
4.614258
4.252930
3.842773
3.300781
2.797852
2.221680
1.723633
1.230469
0.732422
0.385742
0.083008
-0.175781
-0.268555
-0.268555
-0.136719
0.058594
0.410156
0.795898
1.240234
1.708984
2.241211
2.832031
3.310547
3.789062
4.262695
4.604492
4.882812
5.024414
5.107422
5.043945
4.902344
4.638672
4.321289
3.930664
3.422852
2.934570
2.343750
1.850586
1.347656
0.839844
0.449219
0.126953
-0.107422
-0.219727
-0.258789
-0.195312
0.024414
0.346680
0.712891
1.201172
1.640625
2.153320
2.695312
3.198242
3.681641
4.155273
4.550781
4.833984
5.009766
5.092773
5.068359
4.951172
4.750977
4.384766
4.023438
3.564453
3.056641
2.514648
1.977539
1.469727
0.971680
0.556641
0.209961
-0.058594
-0.224609
-0.297852
-0.170898
-0.068359
0.214844
0.585938
0.986328
1.459961
2.041016
2.524414
3.110352
3.608398
4.028320
4.458008
4.746094
4.995117
5.102539
5.107422
5.004883
4.853516
4.536133
4.116211
3.701172
3.208008
2.661133
2.094727
1.577148
1.054688
0.644531
0.263672
-0.014648
-0.200195
-0.253906
-0.253906
-0.126953
0.078125
0.463867
0.908203
1.381836
1.831055
2.397461
2.910156
3.476562
3.911133
4.340820
4.648438
4.897461
5.053711
5.102539
5.029297
4.858398
4.599609
4.223633
3.793945
3.291016
2.763672
2.216797
1.704102
1.206055
0.742188
0.366211
0.063477
-0.136719
-0.219727
-0.263672
-0.136719
0.078125
0.405273
0.791016
1.220703
1.743164
2.236328
2.822266
3.330078
3.823242
4.257812
4.580078
4.824219
5.073242
5.107422
5.004883
4.902344
4.697266
4.301758
3.925781
3.432617
2.939453
2.382812
1.855469
1.347656
0.874023
0.498047
0.170898
-0.068359
-0.190430
-0.258789
-0.170898
0.039062
0.332031
0.727539
1.127930
1.601562
2.202148
2.739258
3.247070
3.754883
4.179688
4.575195
4.843750
5.053711
5.151367
5.122070
5.043945
4.765625
4.438477
4.047852
3.569336
3.056641
2.583008
1.967773
1.494141
0.996094
0.527344
0.239258
-0.078125
-0.244141
-0.278320
-0.205078
-0.024414
0.239258
0.595703
1.015625
1.474609
1.982422
2.529297
3.071289
3.583984
4.086914
4.482422
4.750977
4.980469
5.063477
5.122070
5.004883
4.824219
4.545898
4.140625
3.642578
3.183594
2.646484
2.124023
1.562500
1.054688
0.600586
0.258789
-0.014648
-0.170898
-0.288086
-0.253906
-0.117188
0.107422
0.483398
0.878906
1.318359
1.845703
2.343750
2.924805
3.432617
3.920898
4.340820
4.643555
4.897461
5.058594
5.092773
5.039062
4.814453
4.609375
4.223633
3.793945
3.295898
2.773438
2.250977
1.718750
1.210938
0.747070
0.346680
0.014648
-0.166016
-0.244141
-0.268555
-0.136719
0.048828
0.380859
0.761719
1.225586
1.752930
2.241211
2.778320
3.315430
3.798828
4.228516
4.589844
4.853516
5.039062
5.126953
5.078125
4.960938
4.672852
4.321289
3.896484
3.413086
2.900391
2.387695
1.816406
1.347656
0.854492
0.405273
0.112305
-0.078125
-0.224609
-0.317383
-0.229492
0.043945
0.312500
0.708008
1.152344
1.616211
2.158203
2.670898
3.242188
3.706055
4.184570
4.531250
4.790039
4.990234
5.107422
5.053711
4.951172
4.750977
4.394531
4.023438
3.554688
3.061523
2.514648
1.943359
1.416016
0.957031
0.527344
0.195312
-0.073242
-0.205078
-0.268555
-0.205078
-0.078125
0.214844
0.556641
0.996094
1.464844
1.997070
2.519531
3.085938
3.583984
4.062500
4.428711
4.716797
4.960938
5.087891
5.112305
5.004883
4.780273
4.506836
4.125977
3.715820
3.203125
2.690430
2.109375
1.557617
1.049805
0.590820
0.205078
-0.053711
-0.249023
-0.302734
-0.278320
-0.122070
0.117188
0.405273
0.849609
1.318359
1.816406
2.353516
2.890625
3.422852
3.886719
4.311523
4.628906
4.882812
5.043945
5.063477
5.039062
4.833984
4.575195
4.233398
3.784180
3.295898
2.763672
2.226562
1.704102
1.210938
0.737305
0.375977
0.068359
-0.151367
-0.239258
-0.258789
-0.141602
0.058594
0.375977
0.795898
1.225586
1.743164
2.250977
2.832031
3.315430
3.803711
4.267578
4.575195
4.868164
5.019531
5.092773
5.102539
4.951172
4.658203
4.316406
3.920898
3.461914
2.949219
2.402344
1.855469
1.342773
0.874023
0.498047
0.136719
-0.078125
-0.224609
-0.244141
-0.126953
0.053711
0.361328
0.664062
1.123047
1.606445
2.202148
2.753906
3.237305
3.745117
4.169922
4.584961
4.848633
5.034180
5.146484
5.087891
4.990234
4.746094
4.462891
4.062500
3.588867
3.076172
2.573242
1.992188
1.469727
0.996094
0.527344
0.205078
-0.083008
-0.205078
-0.273438
-0.234375
0.004883
0.273438
0.585938
0.966797
1.513672
2.045898
2.548828
3.095703
3.588867
4.047852
4.428711
4.755859
4.985352
5.078125
5.122070
5.029297
4.785156
4.482422
4.116211
3.662109
3.178711
2.666016
2.084961
1.557617
1.049805
0.634766
0.258789
0.019531
-0.214844
-0.273438
-0.268555
-0.151367
0.117188
0.449219
0.874023
1.337891
1.870117
2.377930
2.895508
3.422852
3.891602
4.311523
4.648438
4.902344
5.029297
5.053711
5.000000
4.824219
4.584961
4.252930
3.808594
3.281250
2.768555
2.246094
1.723633
1.176758
0.732422
0.332031
0.097656
-0.141602
-0.288086
-0.263672
-0.136719
0.078125
0.366211
0.771484
1.230469
1.733398
2.246094
2.797852
3.339844
3.808594
4.233398
4.619141
4.858398
5.039062
5.102539
5.053711
4.931641
4.682617
4.282227
3.916016
3.457031
2.900391
2.358398
1.870117
1.298828
0.795898
0.405273
0.107422
-0.102539
-0.253906
-0.302734
-0.190430
0.034180
0.332031
0.693359
1.152344
1.625977
2.177734
2.690430
3.222656
3.715820
4.150391
4.531250
4.833984
4.985352
5.083008
5.092773
4.980469
4.765625
4.438477
3.994141
3.583984
3.046875
2.470703
1.958008
1.464844
0.996094
0.551758
0.190430
-0.043945
-0.249023
-0.268555
-0.205078
-0.043945
0.209961
0.581055
0.996094
1.489258
2.001953
2.548828
3.085938
3.608398
4.033203
4.409180
4.770508
4.975586
5.092773
5.126953
5.024414
4.809570
4.541016
4.145508
3.681641
3.168945
2.646484
2.094727
1.547852
1.049805
0.590820
0.258789
-0.019531
-0.209961
-0.249023
-0.258789
-0.087891
0.097656
0.454102
0.883789
1.333008
1.811523
2.382812
2.915039
3.427734
3.896484
4.321289
4.643555
4.936523
5.097656
5.112305
4.995117
4.853516
4.589844
4.262695
3.813477
3.310547
2.758789
2.197266
1.684570
1.210938
0.751953
0.390625
0.039062
-0.161133
-0.249023
-0.239258
-0.141602
0.073242
0.375977
0.761719
1.215820
1.694336
2.255859
2.832031
3.339844
3.784180
4.272461
4.594727
4.892578
5.019531
5.087891
5.068359
4.926758
4.667969
4.345703
3.920898
3.432617
2.939453
2.436523
1.889648
1.323242
0.937500
0.458984
0.166016
-0.092773
-0.209961
-0.229492
-0.180664
-0.009766
0.302734
0.693359
1.147461
1.689453
2.143555
2.705078
3.247070
3.730469
4.204102
4.560547
4.858398
5.009766
5.141602
5.102539
5.004883
4.765625
4.467773
4.052734
3.593750
3.061523
2.553711
1.972656
1.503906
0.957031
0.561523
0.209961
-0.083008
-0.166016
-0.283203
-0.156250
-0.058594
0.273438
0.595703
1.020508
1.474609
1.987305
2.548828
3.051758
3.564453
4.072266
4.453125
4.760742
5.014648
5.117188
5.068359
5.004883
4.814453
4.541016
4.101562
3.657227
3.154297
2.661133
2.133789
1.542969
1.079102
0.625000
0.249023
-0.019531
-0.195312
-0.273438
-0.209961
-0.117188
0.136719
0.463867
0.878906
1.342773
1.826172
2.348633
2.910156
3.427734
3.920898
4.321289
4.633789
4.892578
5.014648
5.083008
5.034180
4.848633
4.565430
4.194336
3.803711
3.271484
2.807617
2.241211
1.718750
1.225586
0.737305
0.380859
0.034180
-0.161133
-0.268555
-0.268555
-0.136719
0.063477
0.366211
0.771484
1.245117
1.728516
2.290039
2.792969
3.320312
3.793945
4.243164
4.609375
4.863281
5.024414
5.097656
5.083008
4.902344
4.663086
4.326172
3.945312
3.417969
2.875977
2.377930
1.831055
1.318359
0.800781
0.385742
0.122070
-0.117188
-0.219727
-0.253906
-0.209961
-0.019531
0.273438
0.717773
1.171875
1.596680
2.158203
2.680664
3.222656
3.710938
4.174805
4.516602
4.799805
5.009766
5.097656
5.073242
4.951172
4.760742
4.409180
4.008789
3.554688
3.027344
2.514648
1.962891
1.420898
0.937500
0.561523
0.185547
-0.043945
-0.249023
-0.292969
-0.205078
-0.043945
0.234375
0.541992
1.000977
1.523438
2.001953
2.534180
3.076172
3.579102
4.057617
4.467773
4.780273
4.946289
5.107422
5.107422
5.019531
4.809570
4.511719
4.140625
3.676758
3.232422
2.661133
2.089844
1.557617
1.079102
0.625000
0.253906
-0.024414
-0.234375
-0.302734
-0.244141
-0.131836
0.107422
0.463867
0.878906
1.357422
1.826172
2.377930
2.910156
3.432617
3.916016
4.311523
4.667969
4.882812
5.034180
5.107422
5.058594
4.814453
4.565430
4.223633
3.784180
3.305664
2.783203
2.216797
1.689453
1.191406
0.747070
0.356445
0.043945
-0.185547
-0.249023
-0.239258
-0.146484
0.048828
0.356445
0.791016
1.225586
1.728516
2.226562
2.841797
3.305664
3.813477
4.223633
4.609375
4.868164
5.034180
5.087891
5.043945
4.912109
4.648438
4.331055
3.901367
3.437500
2.919922
2.397461
1.884766
1.367188
0.874023
0.468750
0.166016
-0.058594
-0.229492
-0.258789
-0.170898
0.034180
0.346680
0.668945
1.132812
1.591797
2.158203
2.749023
3.276367
3.735352
4.165039
4.580078
4.853516
5.029297
5.087891
5.087891
4.956055
4.765625
4.438477
4.038086
3.569336
3.066406
2.534180
2.006836
1.494141
0.991211
0.541992
0.185547
-0.083008
-0.234375
-0.263672
-0.200195
0.019531
0.224609
0.590820
1.000977
1.503906
2.011719
2.558594
3.100586
3.564453
4.057617
4.462891
4.750977
4.990234
5.073242
5.078125
5.009766
4.765625
4.497070
4.140625
3.637695
3.178711
2.622070
2.099609
1.591797
1.069336
0.605469
0.273438
0.009766
-0.219727
-0.273438
-0.234375
-0.117188
0.161133
0.449219
0.839844
1.352539
1.850586
2.387695
2.919922
3.447266
3.916016
4.350586
4.653320
4.892578
5.034180
5.053711
5.004883
4.824219
4.589844
4.223633
3.818359
3.310547
2.792969
2.260742
1.708984
1.181641
0.737305
0.385742
0.039062
-0.170898
-0.249023
-0.268555
-0.141602
0.053711
0.375977
0.776367
1.240234
1.708984
2.250977
2.788086
3.295898
3.808594
4.262695
4.580078
4.838867
5.043945
5.083008
5.068359
4.882812
4.682617
4.296875
3.867188
3.417969
2.910156
2.407227
1.796875
1.323242
0.830078
0.429688
0.151367
-0.146484
-0.249023
-0.263672
-0.166016
-0.009766
0.312500
0.683594
1.162109
1.616211
2.167969
2.670898
3.222656
3.696289
4.135742
4.550781
4.794922
4.985352
5.092773
5.083008
4.975586
4.711914
4.418945
4.028320
3.540039
3.027344
2.490234
1.928711
1.420898
0.976562
0.532227
0.205078
-0.063477
-0.234375
-0.258789
-0.195312
-0.078125
0.166016
0.551758
0.976562
1.479492
2.016602
2.543945
3.076172
3.603516
4.057617
4.443359
4.775391
4.985352
5.102539
5.068359
5.039062
4.790039
4.545898
4.160156
3.691406
3.178711
2.675781
2.094727
1.528320
1.079102
0.595703
0.224609
-0.004883
-0.253906
-0.288086
-0.278320
-0.131836
0.107422
0.444336
0.917969
1.328125
1.831055
2.358398
2.885742
3.432617
3.916016
4.316406
4.663086
4.907227
5.068359
5.107422
5.058594
4.848633
4.589844
4.213867
3.803711
3.291016
2.763672
2.231445
1.704102
1.201172
0.756836
0.346680
0.043945
-0.185547
-0.234375
-0.249023
-0.141602
0.078125
0.390625
0.756836
1.250000
1.743164
2.260742
2.802734
3.310547
3.803711
4.228516
4.604492
4.863281
5.087891
5.063477
5.083008
4.931641
4.624023
4.355469
3.906250
3.461914
2.958984
2.382812
1.860352
1.367188
0.874023
0.502930
0.151367
-0.048828
-0.214844
-0.273438
-0.214844
0.039062
0.327148
0.722656
1.157227
1.591797
2.182617
2.666016
3.276367
3.720703
4.194336
4.541016
4.853516
5.004883
5.141602
5.117188
4.960938
4.750977
4.394531
4.013672
3.603516
3.066406
2.548828
1.982422
1.445312
0.996094
0.576172
0.185547
-0.092773
-0.239258
-0.258789
-0.200195
-0.014648
0.229492
0.561523
0.996094
1.523438
2.006836
2.509766
3.110352
3.569336
4.038086
4.472656
4.746094
5.029297
5.068359
5.112305
5.039062
4.780273
4.497070
4.150391
3.662109
3.217773
2.631836
2.094727
1.552734
1.040039
0.620117
0.244141
-0.053711
-0.166016
-0.258789
-0.263672
-0.102539
0.117188
0.463867
0.888672
1.372070
1.840820
2.382812
2.900391
3.447266
3.911133
4.316406
4.672852
4.892578
5.004883
5.053711
5.000000
4.838867
4.570312
4.233398
3.823242
3.320312
2.788086
2.216797
1.723633
1.201172
0.756836
0.361328
0.029297
-0.141602
-0.239258
-0.253906
-0.126953
0.063477
0.371094
0.776367
1.215820
1.748047
2.246094
2.802734
3.330078
3.833008
4.233398
4.555664
4.838867
5.063477
5.078125
5.034180
4.912109
4.677734
4.375000
3.886719
3.413086
2.871094
2.368164
1.821289
1.342773
0.844727
0.419922
0.117188
-0.112305
-0.244141
-0.258789
-0.141602
0.029297
0.302734
0.678711
1.132812
1.630859
2.143555
2.636719
3.198242
3.696289
4.121094
4.536133
4.814453
5.009766
5.107422
5.068359
4.980469
4.726562
4.384766
4.023438
3.535156
3.071289
2.504883
1.967773
1.445312
0.966797
0.561523
0.166016
-0.073242
-0.244141
-0.263672
-0.200195
-0.034180
0.195312
0.527344
1.010742
1.513672
2.021484
2.548828
3.046875
3.593750
4.042969
4.453125
4.736328
4.975586
5.073242
5.107422
5.043945
4.785156
4.531250
4.106445
3.715820
3.164062
2.670898
2.070312
1.562500
1.059570
0.625000
0.253906
-0.034180
-0.170898
-0.292969
-0.200195
-0.141602
0.112305
0.415039
0.878906
1.362305
1.845703
2.363281
2.895508
3.447266
3.945312
4.340820
4.628906
4.873047
5.029297
5.092773
5.034180
4.848633
4.570312
4.208984
3.798828
3.310547
2.753906
2.221680
1.708984
1.220703
0.751953
0.351562
0.073242
-0.185547
-0.253906
-0.249023
-0.122070
0.078125
0.405273
0.756836
1.220703
1.748047
2.275391
2.802734
3.334961
3.789062
4.257812
4.604492
4.863281
5.000000
5.107422
5.063477
4.941406
4.648438
4.345703
3.916016
3.491211
2.949219
2.382812
1.850586
1.328125
0.834961
0.439453
0.141602
-0.063477
-0.229492
-0.283203
-0.185547
0.029297
0.322266
0.708008
1.127930
1.596680
2.172852
2.749023
3.261719
3.706055
4.155273
4.545898
4.853516
5.048828
5.156250
5.146484
5.019531
4.775391
4.467773
4.062500
3.583984
3.120117
2.568359
1.997070
1.499023
0.976562
0.561523
0.195312
-0.078125
-0.200195
-0.283203
-0.175781
-0.039062
0.234375
0.566406
0.991211
1.474609
2.021484
2.563477
3.110352
3.593750
4.057617
4.438477
4.780273
4.956055
5.083008
5.136719
5.019531
4.790039
4.477539
4.165039
3.676758
3.203125
2.607422
2.080078
1.625977
1.079102
0.649414
0.253906
-0.014648
-0.161133
-0.278320
-0.244141
-0.112305
0.131836
0.468750
0.883789
1.333008
1.806641
2.382812
2.924805
3.447266
3.940430
4.340820
4.653320
4.907227
5.019531
5.078125
4.995117
4.804688
4.575195
4.243164
3.813477
3.276367
2.792969
2.221680
1.713867
1.206055
0.751953
0.375977
0.053711
-0.170898
-0.239258
-0.283203
-0.141602
0.043945
0.356445
0.756836
1.245117
1.708984
2.226562
2.802734
3.334961
3.828125
4.238281
4.589844
4.863281
5.034180
5.126953
5.068359
4.887695
4.663086
4.326172
3.911133
3.408203
2.871094
2.368164
1.855469
1.328125
0.810547
0.410156
0.126953
-0.063477
-0.249023
-0.244141
-0.234375
0.009766
0.346680
0.712891
1.123047
1.586914
2.128906
2.719727
3.222656
3.715820
4.121094
4.516602
4.838867
5.014648
5.102539
5.063477
4.960938
4.716797
4.409180
4.028320
3.544922
3.032227
2.490234
1.977539
1.464844
0.981445
0.537109
0.190430
-0.053711
-0.214844
-0.234375
-0.185547
-0.048828
0.214844
0.581055
0.981445
1.474609
2.016602
2.558594
3.066406
3.583984
4.067383
4.462891
4.775391
4.970703
5.073242
5.117188
5.039062
4.785156
4.497070
4.140625
3.730469
3.183594
2.666016
2.084961
1.601562
1.093750
0.625000
0.268555
0.000000
-0.219727
-0.312500
-0.268555
-0.141602
0.117188
0.463867
0.893555
1.308594
1.835938
2.387695
2.924805
3.476562
3.911133
4.335938
4.672852
4.921875
5.063477
5.131836
5.048828
4.858398
4.609375
4.223633
3.789062
3.305664
2.797852
2.226562
1.674805
1.210938
0.747070
0.332031
0.058594
-0.175781
-0.253906
-0.268555
-0.146484
0.073242
0.400391
0.771484
1.225586
1.762695
2.250977
2.836914
3.334961
3.793945
4.238281
4.560547
4.848633
4.990234
5.087891
5.122070
4.877930
4.658203
4.335938
3.935547
3.413086
2.910156
2.343750
1.831055
1.303711
0.864258
0.478516
0.180664
-0.087891
-0.219727
-0.263672
-0.136719
0.039062
0.341797
0.727539
1.166992
1.660156
2.197266
2.753906
3.232422
3.759766
4.199219
4.560547
4.838867
5.048828
5.151367
5.078125
5.014648
4.785156
4.462891
4.057617
3.603516
3.041992
2.548828
1.977539
1.484375
0.981445
0.576172
0.219727
-0.073242
-0.219727
-0.263672
-0.175781
-0.009766
0.224609
0.571289
1.025391
1.508789
2.001953
2.553711
3.076172
3.569336
4.067383
4.443359
4.775391
4.985352
5.083008
5.112305
5.014648
4.794922
4.521484
4.116211
3.652344
3.164062
2.636719
2.104492
1.577148
1.059570
0.610352
0.263672
0.009766
-0.219727
-0.253906
-0.239258
-0.112305
0.131836
0.429688
0.903320
1.367188
1.865234
2.387695
2.919922
3.437500
3.930664
4.335938
4.667969
4.892578
5.009766
5.078125
5.024414
4.863281
4.599609
4.238281
3.803711
3.295898
2.792969
2.231445
1.718750
1.186523
0.732422
0.351562
0.053711
-0.141602
-0.244141
-0.263672
-0.141602
0.053711
0.390625
0.756836
1.220703
1.728516
2.236328
2.792969
3.330078
3.798828
4.233398
4.628906
4.853516
5.019531
5.078125
5.048828
4.902344
4.658203
4.326172
3.896484
3.398438
2.919922
2.382812
1.845703
1.342773
0.859375
0.434570
0.141602
-0.078125
-0.273438
-0.253906
-0.156250
0.000000
0.332031
0.712891
1.137695
1.616211
2.143555
2.709961
3.217773
3.691406
4.174805
4.482422
4.804688
5.019531
5.122070
5.083008
4.970703
4.741211
4.423828
4.028320
3.549805
3.056641
2.519531
1.953125
1.425781
0.971680
0.546875
0.195312
-0.048828
-0.214844
-0.312500
-0.214844
-0.043945
0.214844
0.566406
1.020508
1.445312
2.001953
2.534180
3.081055
3.603516
4.072266
4.462891
4.731445
4.965820
5.087891
5.136719
5.043945
4.799805
4.531250
4.101562
3.706055
3.193359
2.675781
2.099609
1.533203
1.054688
0.634766
0.278320
0.019531
-0.205078
-0.288086
-0.283203
-0.107422
0.073242
0.444336
0.825195
1.308594
1.811523
2.407227
2.939453
3.437500
3.920898
4.291992
4.658203
4.882812
5.078125
5.102539
5.004883
4.843750
4.560547
4.233398
3.828125
3.330078
2.763672
2.226562
1.684570
1.210938
0.776367
0.361328
0.039062
-0.146484
-0.234375
-0.234375
-0.146484
0.053711
0.390625
0.766602
1.254883
1.757812
2.221680
2.802734
3.334961
3.862305
4.213867
4.589844
4.863281
5.048828
5.097656
5.063477
4.887695
4.653320
4.335938
3.935547
3.442383
2.919922
2.412109
1.826172
1.337891
0.859375
0.502930
0.185547
-0.053711
-0.209961
-0.214844
-0.166016
0.053711
0.375977
0.698242
1.171875
1.606445
2.167969
2.724609
3.261719
3.740234
4.174805
4.580078
4.819336
5.043945
5.146484
5.126953
4.980469
4.785156
4.414062
4.072266
3.569336
3.081055
2.529297
1.938477
1.474609
0.952148
0.585938
0.209961
-0.043945
-0.205078
-0.332031
-0.229492
-0.034180
0.244141
0.610352
0.986328
1.479492
2.050781
2.573242
3.120117
3.579102
4.057617
4.423828
4.726562
5.000000
5.078125
5.151367
5.019531
4.794922
4.521484
4.096680
3.666992
3.178711
2.666016
2.109375
1.533203
1.083984
0.639648
0.253906
-0.024414
-0.175781
-0.278320
-0.249023
-0.087891
0.151367
0.478516
0.874023
1.347656
1.879883
2.377930
2.910156
3.427734
3.940430
4.326172
4.643555
4.907227
5.034180
5.043945
4.990234
4.838867
4.609375
4.213867
3.798828
3.310547
2.807617
2.216797
1.728516
1.215820
0.742188
0.346680
0.039062
-0.141602
-0.268555
-0.283203
-0.146484
0.087891
0.405273
0.761719
1.220703
1.728516
2.221680
2.802734
