2.192383
1.601562
1.152344
0.639648
0.307617
-0.014648
-0.180664
-0.273438
-0.244141
-0.126953
0.122070
0.424805
0.830078
1.333008
1.845703
2.363281
2.949219
3.437500
3.906250
4.282227
4.658203
4.951172
5.048828
5.117188
5.024414
4.873047
4.638672
4.248047
3.818359
3.330078
2.783203
2.260742
1.748047
1.225586
0.795898
0.371094
0.048828
-0.136719
-0.268555
-0.253906
-0.185547
0.058594
0.380859
0.761719
1.196289
1.704102
2.250977
2.807617
3.330078
3.828125
4.228516
4.599609
4.868164
5.014648
5.073242
5.043945
4.921875
4.658203
4.311523
3.867188
3.457031
2.900391
2.397461
1.835938
1.337891
0.830078
0.444336
0.107422
-0.117188
-0.253906
-0.288086
-0.190430
-0.029297
0.258789
0.620117
1.079102
1.586914
2.104492
2.641602
3.178711
3.681641
4.140625
4.516602
4.799805
4.985352
5.112305
5.073242
4.951172
4.746094
4.443359
4.062500
3.583984
3.071289
2.534180
1.972656
1.503906
0.991211
0.551758
0.200195
-0.063477
-0.273438
-0.302734
-0.185547
-0.078125
0.205078
0.566406
0.942383
1.474609
1.977539
2.519531
3.056641
3.603516
4.072266
4.467773
4.716797
4.990234
5.141602
5.146484
5.058594
4.824219
4.565430
4.155273
3.750000
3.232422
2.714844
2.167969
1.665039
1.118164
0.693359
0.268555
0.063477
-0.200195
-0.205078
-0.219727
-0.048828
0.151367
0.498047
0.888672
1.347656
1.831055
2.407227
2.963867
3.476562
3.876953
4.335938
4.653320
4.946289
5.083008
5.083008
5.039062
4.858398
4.609375
4.248047
3.837891
3.330078
2.812500
2.270508
1.738281
1.230469
0.786133
0.395508
0.112305
-0.156250
-0.283203
-0.244141
-0.166016
0.058594
0.361328
0.776367
1.191406
1.713867
2.216797
2.783203
3.286133
3.823242
4.238281
4.570312
4.863281
5.004883
5.087891
5.058594
4.902344
4.692383
4.331055
3.881836
3.442383
2.934570
2.363281
1.835938
1.293945
0.859375
0.429688
0.117188
-0.156250
-0.278320
-0.312500
-0.209961
-0.029297
0.263672
0.615234
1.069336
1.542969
2.104492
2.617188
3.198242
3.666992
4.130859
4.516602
4.799805
5.000000
5.097656
5.083008
4.980469
4.741211
4.428711
4.028320
3.588867
3.071289
2.553711
2.001953
1.435547
0.971680
0.620117
0.263672
-0.087891
-0.249023
-0.288086
-0.205078
-0.039062
0.185547
0.532227
0.986328
1.445312
1.933594
2.490234
3.046875
3.525391
3.989258
4.433594
4.750977
4.912109
5.058594
5.053711
5.009766
4.819336
4.487305
4.125977
3.686523
3.242188
2.690430
2.138672
1.650391
1.108398
0.683594
0.273438
0.039062
-0.200195
-0.253906
-0.219727
-0.107422
0.126953
0.439453
0.869141
1.303711
1.845703
2.397461
2.924805
3.398438
3.896484
4.321289
4.672852
4.902344
5.083008
5.107422
5.029297
4.863281
4.609375
4.233398
3.818359
3.310547
2.797852
2.270508
1.743164
1.235352
0.761719
0.361328
0.073242
-0.141602
-0.258789
-0.253906
-0.161133
0.058594
0.385742
0.791016
1.201172
1.689453
2.236328
2.827148
3.344727
3.784180
4.218750
4.580078
4.833984
5.043945
5.083008
5.034180
4.887695
4.643555
4.326172
3.911133
3.403320
2.924805
2.392578
1.870117
1.313477
0.839844
0.429688
0.097656
-0.107422
-0.258789
-0.268555
-0.166016
-0.029297
0.258789
0.634766
1.103516
1.557617
2.080078
2.636719
3.164062
3.652344
4.125977
4.511719
4.785156
5.000000
5.107422
5.073242
4.975586
4.746094
4.438477
4.038086
3.583984
3.081055
2.543945
1.972656
1.474609
0.976562
0.561523
0.195312
-0.048828
-0.229492
-0.253906
-0.224609
-0.102539
0.219727
0.517578
0.961914
1.455078
1.997070
2.500000
3.056641
3.549805
4.042969
4.433594
4.760742
5.004883
5.141602
5.151367
5.048828
4.819336
4.516602
4.179688
3.730469
3.242188
2.695312
2.167969
1.640625
1.171875
0.683594
0.292969
0.024414
-0.180664
-0.239258
-0.239258
-0.087891
0.170898
0.488281
0.893555
1.337891
1.860352
2.416992
2.958984
3.442383
3.950195
4.365234
4.721680
4.926758
5.117188
5.092773
5.048828
4.838867
4.604492
4.243164
3.823242
3.320312
2.841797
2.270508
1.704102
1.220703
0.786133
0.380859
0.048828
-0.112305
-0.249023
-0.253906
-0.141602
0.092773
0.385742
0.766602
1.225586
1.694336
2.236328
2.807617
3.330078
3.740234
4.228516
4.599609
4.853516
5.024414
5.097656
5.053711
4.907227
4.707031
4.326172
3.916016
3.417969
2.924805
2.377930
1.875000
1.328125
0.830078
0.434570
0.156250
-0.122070
-0.234375
-0.288086
-0.234375
-0.063477
0.219727
0.605469
1.074219
1.542969
2.114258
2.631836
3.178711
3.662109
4.140625
4.521484
4.785156
5.000000
5.102539
5.126953
4.956055
4.731445
4.418945
4.018555
3.579102
3.100586
2.534180
1.972656
1.435547
0.976562
0.566406
0.200195
-0.053711
-0.244141
-0.258789
-0.219727
-0.068359
0.234375
0.561523
0.937500
1.435547
1.938477
2.485352
3.051758
3.515625
4.018555
4.404297
4.731445
4.985352
5.102539
5.097656
5.000000
4.775391
4.550781
4.155273
3.701172
3.183594
2.685547
2.182617
1.625977
1.123047
0.678711
0.288086
0.039062
-0.161133
-0.234375
-0.249023
-0.117188
0.151367
0.473633
0.834961
1.298828
1.835938
2.348633
2.968750
3.422852
3.896484
4.316406
4.663086
4.931641
5.034180
5.097656
5.043945
4.892578
4.584961
4.204102
3.798828
3.320312
2.807617
2.270508
1.708984
1.215820
0.781250
0.390625
0.043945
-0.122070
-0.249023
-0.258789
-0.151367
0.043945
0.375977
0.742188
1.230469
1.704102
2.255859
2.812500
3.349609
3.837891
4.243164
4.570312
4.863281
5.019531
5.078125
5.019531
4.912109
4.667969
4.316406
3.930664
3.398438
2.900391
2.348633
1.826172
1.308594
0.839844
0.439453
0.083008
-0.151367
-0.278320
-0.283203
-0.175781
-0.029297
0.263672
0.625000
1.074219
1.567383
2.084961
2.622070
3.173828
3.647461
4.150391
4.492188
4.785156
4.985352
5.092773
5.073242
4.951172
4.746094
4.414062
4.008789
3.579102
3.051758
2.500000
1.982422
1.479492
0.957031
0.541992
0.229492
-0.063477
-0.205078
-0.283203
-0.224609
-0.092773
0.180664
0.566406
0.971680
1.450195
1.967773
2.490234
3.037109
3.574219
4.023438
4.443359
4.760742
4.951172
5.107422
5.117188
5.053711
4.868164
4.541016
4.155273
3.676758
3.203125
2.690430
2.148438
1.606445
1.113281
0.673828
0.327148
0.058594
-0.141602
-0.244141
-0.244141
-0.053711
0.146484
0.483398
0.917969
1.352539
1.865234
2.387695
2.890625
3.457031
3.964844
4.355469
4.697266
4.960938
5.097656
5.107422
5.019531
4.887695
4.589844
4.233398
3.842773
3.325195
2.812500
2.280273
1.733398
1.245117
0.805664
0.366211
0.092773
-0.151367
-0.205078
-0.205078
-0.146484
0.058594
0.356445
0.791016
1.206055
1.728516
2.250977
2.758789
3.291016
3.774414
4.194336
4.584961
4.863281
5.043945
5.078125
5.024414
4.916992
4.663086
4.355469
3.901367
3.417969
2.919922
2.402344
1.840820
1.333008
0.825195
0.434570
0.107422
-0.126953
-0.268555
-0.322266
-0.234375
-0.053711
0.268555
0.605469
1.054688
1.562500
2.094727
2.622070
3.159180
3.686523
4.106445
4.516602
4.770508
5.009766
5.107422
5.092773
4.965820
4.760742
4.438477
4.018555
3.583984
3.076172
2.543945
1.948242
1.445312
1.005859
0.585938
0.195312
-0.087891
-0.239258
-0.283203
-0.234375
-0.068359
0.200195
0.512695
0.981445
1.459961
1.962891
2.480469
3.032227
3.583984
4.013672
4.355469
4.707031
4.956055
5.078125
5.058594
4.970703
4.785156
4.545898
4.150391
3.715820
3.193359
2.651367
2.153320
1.616211
1.108398
0.688477
0.302734
0.019531
-0.180664
-0.253906
-0.268555
-0.122070
0.141602
0.483398
0.864258
1.308594
1.821289
2.368164
2.915039
3.427734
3.862305
4.331055
4.624023
4.907227
5.058594
5.117188
5.029297
4.892578
4.594727
4.243164
3.793945
3.315430
2.788086
2.304688
1.713867
1.235352
0.771484
0.415039
0.048828
-0.126953
-0.244141
-0.244141
-0.156250
0.112305
0.385742
0.771484
1.240234
1.723633
2.236328
2.812500
3.344727
3.813477
4.204102
4.584961
4.843750
5.000000
5.102539
5.024414
4.897461
4.624023
4.311523
3.925781
3.452148
2.924805
2.382812
1.835938
1.323242
0.878906
0.439453
0.126953
-0.131836
-0.268555
-0.292969
-0.195312
-0.009766
0.263672
0.644531
1.044922
1.572266
2.070312
2.626953
3.168945
3.691406
4.121094
4.506836
4.794922
4.995117
5.078125
5.078125
4.985352
4.746094
4.433594
4.052734
3.579102
3.066406
2.514648
2.006836
1.469727
1.015625
0.566406
0.229492
-0.048828
-0.219727
-0.302734
-0.234375
-0.024414
0.229492
0.512695
0.966797
1.459961
1.938477
2.514648
3.071289
3.569336
4.028320
4.414062
4.741211
4.985352
5.146484
5.151367
5.029297
4.824219
4.541016
4.189453
3.740234
3.203125
2.636719
2.138672
1.601562
1.142578
0.673828
0.332031
0.029297
-0.185547
-0.249023
-0.214844
-0.092773
0.175781
0.507812
0.917969
1.386719
1.870117
2.387695
2.983398
3.447266
3.959961
4.316406
4.721680
4.907227
5.097656
5.102539
5.034180
4.873047
4.570312
4.262695
3.798828
3.354492
2.832031
2.255859
1.748047
1.220703
0.781250
0.351562
0.083008
-0.122070
-0.263672
-0.278320
-0.161133
0.068359
0.366211
0.781250
1.196289
1.708984
2.207031
2.788086
3.330078
3.808594
4.267578
4.584961
4.858398
5.034180
5.112305
5.029297
4.897461
4.667969
4.316406
3.940430
3.422852
2.949219
2.373047
1.831055
1.337891
0.859375
0.429688
0.107422
-0.141602
-0.258789
-0.283203
-0.209961
-0.029297
0.224609
0.620117
1.074219
1.586914
2.089844
2.641602
3.222656
3.701172
4.111328
4.526367
4.804688
5.009766
5.087891
5.097656
4.960938
4.746094
4.428711
4.033203
3.583984
3.071289
2.504883
1.992188
1.494141
0.966797
0.546875
0.200195
-0.073242
-0.195312
-0.268555
-0.229492
-0.078125
0.185547
0.541992
0.996094
1.445312
1.948242
2.480469
3.076172
3.579102
3.974609
4.399414
4.741211
4.902344
5.073242
5.122070
5.004883
4.799805
4.472656
4.130859
3.715820
3.232422
2.695312
2.143555
1.635742
1.142578
0.673828
0.371094
-0.004883
-0.161133
-0.263672
-0.249023
-0.126953
0.112305
0.449219
0.839844
1.313477
1.850586
2.402344
2.890625
3.422852
3.886719
4.282227
4.687500
4.912109
5.019531
5.107422
5.029297
4.858398
4.589844
4.238281
3.813477
3.300781
2.768555
2.290039
1.704102
1.225586
0.751953
0.366211
0.063477
-0.126953
-0.258789
-0.273438
-0.122070
0.058594
0.375977
0.761719
1.171875
1.708984
2.265625
2.788086
3.330078
3.784180
4.228516
4.604492
4.848633
5.024414
5.073242
5.048828
4.882812
4.663086
4.326172
3.896484
3.442383
2.900391
2.353516
1.826172
1.333008
0.849609
0.463867
0.107422
-0.097656
-0.263672
-0.312500
-0.166016
-0.043945
0.268555
0.644531
1.079102
1.562500
2.099609
2.670898
3.144531
3.657227
4.121094
4.501953
4.790039
5.009766
5.078125
5.092773
4.956055
4.731445
4.414062
4.008789
3.588867
3.046875
2.524414
1.992188
1.459961
1.005859
0.581055
0.195312
-0.053711
-0.180664
-0.229492
-0.219727
-0.112305
0.170898
0.566406
0.952148
1.464844
1.997070
2.480469
3.071289
3.574219
4.038086
4.448242
4.711914
4.960938
5.097656
5.117188
5.043945
4.838867
4.560547
4.169922
3.710938
3.217773
2.709961
2.158203
1.616211
1.147461
0.693359
0.332031
0.087891
-0.166016
-0.219727
-0.180664
-0.083008
0.170898
0.512695
0.893555
1.372070
1.875000
2.421875
2.973633
3.491211
3.935547
4.379883
4.711914
4.941406
5.107422
5.097656
5.058594
4.858398
4.589844
4.252930
3.828125
3.339844
2.778320
2.294922
1.748047
1.230469
0.791016
0.366211
0.034180
-0.141602
-0.214844
-0.219727
-0.131836
0.019531
0.346680
0.771484
1.250000
1.699219
2.285156
2.778320
3.305664
3.769531
4.169922
4.604492
4.858398
5.034180
5.078125
5.068359
4.951172
4.692383
4.340820
3.896484
3.427734
2.944336
2.407227
1.811523
1.342773
0.864258
0.454102
0.136719
-0.136719
-0.268555
-0.312500
-0.195312
-0.043945
0.253906
0.625000
1.049805
1.538086
2.099609
2.631836
3.178711
3.686523
4.121094
4.536133
4.790039
5.009766
5.107422
5.083008
5.004883
4.741211
4.433594
4.042969
3.583984
3.095703
2.504883
1.967773
1.459961
1.000977
0.561523
0.200195
-0.053711
-0.185547
-0.258789
-0.219727
-0.043945
0.170898
0.546875
0.957031
1.455078
1.992188
2.504883
3.027344
3.540039
4.013672
4.404297
4.711914
4.941406
5.112305
5.131836
4.995117
4.780273
4.506836
4.145508
3.715820
3.232422
2.685547
2.143555
1.640625
1.142578
0.693359
0.292969
0.000000
-0.161133
-0.253906
-0.219727
-0.107422
0.131836
0.458984
0.859375
1.313477
1.821289
2.382812
2.924805
3.378906
3.920898
4.321289
4.653320
4.936523
5.068359
5.107422
5.039062
4.877930
4.604492
4.257812
3.823242
3.320312
2.807617
2.255859
1.728516
1.191406
0.791016
0.371094
0.068359
-0.161133
-0.253906
-0.249023
-0.170898
0.087891
0.395508
0.761719
1.206055
1.713867
2.280273
2.783203
3.325195
3.813477
4.238281
4.609375
4.863281
5.034180
5.078125
5.024414
4.887695
4.638672
4.326172
3.886719
3.417969
2.900391
2.353516
1.806641
1.308594
0.849609
0.444336
0.136719
-0.146484
-0.268555
-0.297852
-0.234375
-0.014648
0.229492
0.634766
1.069336
1.557617
2.089844
2.646484
3.164062
3.652344
4.116211
4.501953
4.799805
4.960938
5.053711
5.078125
4.965820
4.775391
4.418945
4.042969
3.569336
3.100586
2.553711
2.001953
1.464844
0.986328
0.546875
0.229492
-0.068359
-0.234375
-0.268555
-0.234375
-0.092773
0.190430
0.498047
0.976562
1.479492
1.948242
2.509766
3.037109
3.554688
4.008789
4.414062
4.741211
4.956055
5.083008
5.083008
5.019531
4.824219
4.541016
4.199219
3.745117
3.256836
2.705078
2.153320
1.621094
1.171875
0.698242
0.273438
0.053711
-0.166016
-0.209961
-0.195312
-0.063477
0.175781
0.483398
0.878906
1.328125
1.884766
2.431641
2.944336
3.535156
3.974609
4.375000
4.697266
4.956055
5.092773
5.097656
5.043945
4.843750
4.643555
4.243164
3.833008
3.359375
2.846680
2.241211
1.713867
1.254883
0.776367
0.366211
0.092773
-0.131836
-0.244141
-0.224609
-0.141602
0.073242
0.375977
0.776367
1.206055
1.694336
2.255859
2.797852
3.310547
3.789062
4.257812
4.580078
4.848633
5.004883
5.102539
5.063477
4.902344
4.687500
4.301758
3.930664
3.452148
2.968750
2.373047
1.821289
1.333008
0.854492
0.444336
0.092773
-0.126953
-0.292969
-0.307617
-0.185547
0.000000
0.273438
0.664062
1.083984
1.533203
2.089844
2.612305
3.193359
3.691406
4.140625
4.526367
4.770508
4.980469
5.126953
5.097656
4.956055
4.741211
4.438477
3.999023
3.588867
3.027344
2.509766
1.972656
1.450195
0.971680
0.571289
0.209961
-0.058594
-0.180664
-0.283203
-0.229492
-0.063477
0.190430
0.512695
0.981445
1.489258
1.962891
2.465820
3.027344
3.583984
4.052734
4.423828
4.697266
4.931641
5.083008
5.136719
5.034180
4.785156
4.526367
4.140625
3.671875
3.232422
2.666016
2.128906
1.621094
1.142578
0.683594
0.268555
0.014648
-0.190430
-0.253906
-0.234375
-0.117188
0.122070
0.444336
0.864258
1.298828
1.845703
2.392578
2.890625
3.437500
3.901367
4.306641
4.682617
4.882812
5.048828
5.126953
5.048828
4.873047
4.584961
4.262695
3.813477
3.300781
2.836914
2.280273
1.699219
1.186523
0.761719
0.361328
0.078125
-0.122070
-0.258789
-0.263672
-0.146484
0.073242
0.366211
0.781250
1.186523
1.728516
2.260742
2.812500
3.320312
3.842773
4.228516
4.614258
4.868164
5.019531
5.073242
5.024414
4.916992
4.658203
4.335938
3.886719
3.417969
2.880859
2.368164
1.816406
1.342773
0.888672
0.434570
0.126953
-0.156250
-0.258789
-0.278320
-0.205078
0.000000
0.249023
0.620117
1.088867
1.557617
2.138672
2.631836
3.164062
3.657227
4.150391
4.497070
4.794922
4.995117
5.092773
5.092773
4.965820
4.750977
4.428711
4.038086
3.583984
3.085938
2.524414
2.001953
1.455078
0.991211
0.566406
0.224609
-0.087891
-0.229492
-0.307617
-0.234375
-0.034180
0.180664
0.532227
0.961914
1.459961
1.972656
2.534180
3.061523
3.520508
4.013672
4.414062
4.770508
4.965820
5.097656
5.092773
5.019531
4.829102
4.570312
4.199219
3.735352
3.183594
2.685547
2.202148
1.650391
1.147461
0.673828
0.307617
0.034180
-0.141602
-0.200195
-0.195312
-0.043945
0.151367
0.502930
0.883789
1.362305
1.884766
2.402344
2.954102
3.486328
3.916016
4.335938
4.672852
4.936523
5.102539
5.146484
5.048828
4.853516
4.599609
4.287109
3.793945
3.330078
2.827148
2.275391
1.723633
1.235352
0.756836
0.419922
0.073242
-0.156250
-0.249023
-0.283203
-0.146484
0.083008
0.395508
0.756836
1.210938
1.699219
2.236328
2.817383
3.334961
3.759766
4.213867
4.594727
4.853516
5.078125
5.083008
5.039062
4.941406
4.663086
4.335938
3.950195
3.447266
2.900391
2.397461
1.850586
1.333008
0.839844
0.439453
0.136719
-0.102539
-0.258789
-0.283203
-0.200195
-0.004883
0.278320
0.610352
1.059570
1.577148
2.065430
2.641602
3.193359
3.691406
4.125977
4.521484
4.780273
5.019531
5.107422
5.083008
4.985352
4.741211
4.438477
4.042969
3.564453
3.071289
2.534180
2.006836
1.416016
0.986328
0.561523
0.219727
-0.068359
-0.234375
-0.288086
-0.200195
-0.043945
0.239258
0.537109
0.942383
1.425781
1.982422
2.500000
3.007812
3.549805
3.974609
4.399414
4.736328
4.970703
5.073242
5.083008
5.000000
4.765625
4.482422
4.155273
3.715820
3.212891
2.705078
2.172852
1.640625
1.108398
0.693359
0.273438
0.048828
-0.175781
-0.288086
-0.239258
-0.107422
0.107422
0.483398
0.893555
1.337891
1.826172
2.353516
2.949219
3.442383
3.916016
4.301758
4.643555
4.951172
5.063477
5.107422
5.004883
4.882812
4.619141
4.267578
3.823242
3.320312
2.773438
2.265625
1.752930
1.225586
0.751953
0.375977
0.083008
-0.151367
-0.244141
-0.229492
-0.146484
0.083008
0.371094
0.756836
1.201172
1.748047
2.260742
2.792969
3.339844
3.833008
4.208984
4.589844
4.843750
5.029297
5.083008
5.078125
4.946289
4.667969
4.326172
3.920898
3.383789
2.934570
2.373047
1.889648
1.293945
0.859375
0.424805
0.117188
-0.141602
-0.258789
-0.278320
-0.200195
-0.034180
0.263672
0.625000
1.083984
1.567383
2.109375
2.661133
3.168945
3.686523
4.150391
4.531250
4.799805
5.000000
5.097656
5.122070
4.965820
4.780273
4.462891
4.023438
3.598633
3.071289
2.548828
1.977539
1.464844
0.991211
0.566406
0.219727
-0.063477
-0.195312
-0.327148
-0.214844
-0.097656
0.190430
0.532227
1.000977
1.455078
1.977539
2.534180
3.066406
3.569336
4.028320
4.379883
4.750977
4.985352
5.126953
5.166016
5.014648
4.848633
4.580078
4.174805
3.725586
3.242188
2.724609
2.187500
1.611328
1.123047
0.654297
0.351562
0.034180
-0.151367
-0.253906
-0.253906
-0.136719
0.117188
0.483398
0.893555
1.362305
1.879883
2.387695
2.944336
3.466797
3.925781
4.360352
4.663086
4.931641
5.092773
5.097656
5.034180
4.829102
4.584961
4.267578
3.828125
3.310547
2.807617
2.241211
1.748047
1.181641
0.737305
0.356445
0.063477
-0.141602
-0.253906
-0.268555
-0.112305
0.034180
0.400391
0.756836
1.201172
1.669922
2.246094
2.773438
3.305664
3.813477
4.228516
4.545898
4.833984
5.068359
5.083008
5.034180
4.887695
4.672852
4.311523
3.911133
3.422852
2.929688
2.343750
1.875000
1.298828
0.825195
0.444336
0.097656
-0.126953
-0.249023
-0.283203
-0.219727
-0.048828
0.239258
0.625000
1.064453
1.582031
2.099609
2.670898
3.144531
3.666992
4.111328
4.516602
4.785156
5.004883
5.063477
5.092773
4.985352
4.736328
4.389648
4.033203
3.593750
3.066406
2.534180
1.972656
1.420898
0.971680
0.576172
0.219727
-0.024414
-0.175781
-0.273438
-0.234375
-0.083008
0.180664
0.556641
1.020508
1.430664
1.928711
2.539062
3.090820
3.574219
3.979492
4.409180
4.726562
4.931641
5.097656
5.117188
5.000000
4.799805
4.506836
4.121094
3.701172
3.217773
2.739258
2.124023
1.606445
1.127930
0.703125
0.312500
0.019531
-0.161133
-0.239258
-0.209961
-0.107422
0.126953
0.473633
0.859375
1.357422
1.840820
2.377930
2.939453
3.447266
3.906250
4.306641
4.711914
4.931641
5.078125
5.102539
5.043945
4.877930
4.604492
4.262695
3.813477
3.349609
2.822266
2.265625
1.708984
1.245117
0.781250
0.410156
0.073242
-0.126953
-0.234375
-0.214844
-0.107422
0.083008
0.375977
0.776367
1.264648
1.733398
2.265625
2.802734
