1.870117
1.318359
0.883789
0.449219
0.126953
-0.102539
-0.229492
-0.292969
-0.205078
-0.039062
0.268555
0.625000
1.074219
1.577148
2.084961
2.641602
3.149414
3.666992
4.116211
4.497070
4.814453
4.985352
5.078125
5.122070
4.965820
4.741211
4.448242
4.047852
3.579102
3.071289
2.514648
1.982422
1.479492
1.040039
0.556641
0.214844
-0.058594
-0.200195
-0.258789
-0.253906
-0.019531
0.239258
0.537109
0.957031
1.440430
2.011719
2.534180
3.041992
3.579102
3.999023
4.433594
4.760742
5.009766
5.141602
5.092773
5.034180
4.804688
4.555664
4.160156
3.745117
3.247070
2.700195
2.143555
1.655273
1.127930
0.732422
0.327148
0.024414
-0.175781
-0.234375
-0.185547
-0.097656
0.180664
0.419922
0.874023
1.318359
1.806641
2.392578
2.905273
3.427734
3.935547
4.360352
4.677734
4.902344
5.083008
5.097656
5.043945
4.868164
4.604492
4.252930
3.837891
3.291016
2.827148
2.265625
1.694336
1.245117
0.747070
0.361328
0.058594
-0.107422
-0.273438
-0.288086
-0.190430
0.019531
0.375977
0.756836
1.171875
1.689453
2.226562
2.753906
3.286133
3.740234
4.179688
4.589844
4.843750
5.000000
5.073242
5.063477
4.897461
4.658203
4.296875
3.867188
3.437500
2.900391
2.368164
1.796875
1.298828
0.874023
0.468750
0.161133
-0.136719
-0.249023
-0.273438
-0.175781
-0.019531
0.268555
0.605469
1.069336
1.577148
2.084961
2.636719
3.149414
3.652344
4.125977
4.477539
4.794922
4.990234
5.083008
5.063477
4.970703
4.780273
4.443359
4.023438
3.535156
3.071289
2.597656
2.011719
1.455078
0.947266
0.561523
0.224609
-0.014648
-0.205078
-0.312500
-0.244141
-0.073242
0.229492
0.571289
0.947266
1.420898
1.958008
2.485352
2.998047
3.520508
4.047852
4.423828
4.770508
5.019531
5.097656
5.083008
5.004883
4.794922
4.560547
4.160156
3.710938
3.217773
2.656250
2.143555
1.611328
1.123047
0.668945
0.263672
0.043945
-0.195312
-0.273438
-0.244141
-0.126953
0.122070
0.468750
0.854492
1.313477
1.821289
2.358398
2.905273
3.417969
3.901367
4.316406
4.638672
4.921875
5.083008
5.107422
5.058594
4.848633
4.609375
4.277344
3.842773
3.339844
2.802734
2.260742
1.708984
1.250000
0.791016
0.371094
0.068359
-0.092773
-0.224609
-0.292969
-0.156250
0.039062
0.356445
0.751953
1.152344
1.679688
2.226562
2.768555
3.291016
3.779297
4.169922
4.570312
4.838867
5.004883
5.063477
5.053711
4.892578
4.658203
4.340820
3.906250
3.457031
2.949219
2.373047
1.865234
1.308594
0.893555
0.454102
0.141602
-0.097656
-0.253906
-0.283203
-0.219727
-0.009766
0.273438
0.654297
1.083984
1.572266
2.089844
2.602539
3.188477
3.671875
4.106445
4.511719
4.780273
4.975586
5.112305
5.073242
4.975586
4.741211
4.453125
4.033203
3.598633
3.061523
2.490234
2.041016
1.450195
1.044922
0.532227
0.239258
-0.029297
-0.161133
-0.249023
-0.205078
-0.048828
0.234375
0.561523
0.971680
1.435547
1.967773
2.529297
3.110352
3.569336
4.028320
4.443359
4.755859
5.000000
5.131836
5.151367
5.014648
4.799805
4.550781
4.204102
3.706055
3.208008
2.646484
2.143555
1.596680
1.147461
0.664062
0.336914
-0.014648
-0.175781
-0.263672
-0.234375
-0.097656
0.166016
0.498047
0.815430
1.303711
1.826172
2.373047
2.895508
3.442383
3.930664
4.331055
4.682617
4.936523
5.068359
5.141602
5.043945
4.838867
4.589844
4.287109
3.876953
3.320312
2.827148
2.285156
1.748047
1.245117
0.751953
0.390625
0.043945
-0.170898
-0.239258
-0.268555
-0.146484
0.024414
0.366211
0.703125
1.171875
1.679688
2.221680
2.753906
3.300781
3.813477
4.199219
4.541016
4.838867
5.024414
5.068359
5.019531
4.907227
4.648438
4.306641
3.901367
3.437500
2.915039
2.358398
1.850586
1.328125
0.883789
0.478516
0.131836
-0.126953
-0.239258
-0.273438
-0.200195
-0.014648
0.263672
0.629883
1.074219
1.562500
2.128906
2.592773
3.149414
3.671875
4.125977
4.467773
4.814453
4.995117
5.083008
5.058594
4.965820
4.760742
4.428711
4.018555
3.564453
3.046875
2.534180
2.031250
1.503906
0.996094
0.541992
0.244141
-0.024414
-0.234375
-0.292969
-0.253906
-0.087891
0.166016
0.507812
0.957031
1.420898
1.982422
2.504883
3.051758
3.544922
4.008789
4.389648
4.716797
4.990234
5.068359
5.117188
5.029297
4.799805
4.531250
4.155273
3.715820
3.222656
2.675781
2.119141
1.621094
1.103516
0.664062
0.273438
-0.014648
-0.146484
-0.278320
-0.229492
-0.122070
0.126953
0.478516
0.825195
1.303711
1.835938
2.363281
2.924805
3.427734
3.920898
4.301758
4.653320
4.916992
5.053711
5.092773
5.058594
4.853516
4.628906
4.228516
3.803711
3.388672
2.832031
2.294922
1.752930
1.245117
0.761719
0.366211
0.097656
-0.136719
-0.244141
-0.239258
-0.170898
0.063477
0.351562
0.747070
1.186523
1.655273
2.241211
2.719727
3.261719
3.764648
4.189453
4.575195
4.843750
5.039062
5.053711
5.048828
4.902344
4.667969
4.384766
3.920898
3.471680
2.919922
2.402344
1.840820
1.337891
0.844727
0.458984
0.126953
-0.117188
-0.224609
-0.278320
-0.180664
-0.034180
0.278320
0.659180
1.088867
1.582031
2.104492
2.646484
3.173828
3.686523
4.121094
4.497070
4.790039
5.000000
5.102539
5.112305
4.980469
4.736328
4.453125
4.028320
3.574219
3.081055
2.548828
1.948242
1.508789
0.976562
0.585938
0.234375
-0.039062
-0.209961
-0.288086
-0.219727
-0.053711
0.205078
0.541992
0.942383
1.474609
1.987305
2.543945
3.076172
3.613281
4.047852
4.423828
4.726562
4.965820
5.131836
5.136719
5.078125
4.829102
4.584961
4.204102
3.745117
3.242188
2.670898
2.143555
1.621094
1.162109
0.717773
0.322266
0.029297
-0.136719
-0.273438
-0.219727
-0.102539
0.151367
0.478516
0.839844
1.313477
1.826172
2.363281
2.934570
3.408203
3.916016
4.350586
4.687500
4.931641
5.053711
5.053711
5.063477
4.912109
4.614258
4.291992
3.823242
3.320312
2.783203
2.319336
1.782227
1.210938
0.717773
0.371094
0.048828
-0.117188
-0.268555
-0.283203
-0.156250
0.063477
0.322266
0.747070
1.166992
1.674805
2.231445
2.812500
3.310547
3.774414
4.208984
4.580078
4.877930
5.014648
5.083008
5.068359
4.936523
4.663086
4.331055
3.911133
3.466797
2.915039
2.348633
1.831055
1.323242
0.864258
0.473633
0.141602
-0.078125
-0.273438
-0.273438
-0.156250
-0.004883
0.273438
0.610352
1.074219
1.586914
2.050781
2.607422
3.173828
3.652344
4.111328
4.477539
4.799805
5.019531
5.097656
5.102539
4.985352
4.721680
4.433594
4.033203
3.554688
3.076172
2.578125
2.021484
1.455078
0.966797
0.532227
0.195312
-0.043945
-0.209961
-0.268555
-0.214844
-0.087891
0.166016
0.541992
0.991211
1.430664
1.987305
2.456055
3.002930
3.510742
4.023438
4.448242
4.794922
5.019531
5.131836
5.136719
5.024414
4.819336
4.541016
4.169922
3.706055
3.222656
2.651367
2.128906
1.596680
1.113281
0.659180
0.273438
0.034180
-0.209961
-0.278320
-0.244141
-0.126953
0.126953
0.444336
0.854492
1.342773
1.816406
2.343750
2.915039
3.413086
3.896484
4.277344
4.624023
4.946289
5.058594
5.117188
5.024414
4.868164
4.619141
4.248047
3.837891
3.325195
2.807617
2.255859
1.772461
1.254883
0.776367
0.410156
0.092773
-0.126953
-0.224609
-0.244141
-0.175781
0.039062
0.361328
0.722656
1.152344
1.660156
2.216797
2.763672
3.271484
3.764648
4.194336
4.584961
4.833984
5.014648
5.063477
5.024414
4.921875
4.658203
4.331055
3.935547
3.457031
2.954102
2.373047
1.855469
1.318359
0.878906
0.483398
0.141602
-0.107422
-0.258789
-0.258789
-0.195312
0.004883
0.258789
0.634766
1.049805
1.591797
2.080078
2.656250
3.159180
3.666992
4.106445
4.501953
4.765625
4.985352
5.092773
5.102539
4.975586
4.750977
4.409180
4.013672
3.588867
3.105469
2.553711
2.006836
1.484375
0.957031
0.532227
0.219727
-0.043945
-0.224609
-0.278320
-0.170898
-0.048828
0.166016
0.576172
1.000977
1.464844
1.997070
2.509766
3.066406
3.613281
4.057617
4.438477
4.775391
4.965820
5.107422
5.141602
5.019531
4.877930
4.550781
4.199219
3.701172
3.203125
2.656250
2.153320
1.621094
1.152344
0.688477
0.327148
0.039062
-0.146484
-0.234375
-0.200195
-0.083008
0.166016
0.483398
0.874023
1.303711
1.831055
2.382812
2.919922
3.432617
3.891602
4.360352
4.643555
4.956055
5.097656
5.107422
5.043945
4.853516
4.643555
4.262695
3.803711
3.359375
2.812500
2.285156
1.723633
1.206055
0.732422
0.385742
0.029297
-0.151367
-0.273438
-0.288086
-0.126953
0.009766
0.297852
0.722656
1.191406
1.704102
2.197266
2.714844
3.300781
3.774414
4.223633
4.584961
4.814453
5.024414
5.107422
5.092773
4.892578
4.648438
4.331055
3.896484
3.466797
2.919922
2.402344
1.865234
1.333008
0.859375
0.458984
0.151367
-0.117188
-0.229492
-0.268555
-0.166016
-0.043945
0.263672
0.649414
1.083984
1.591797
2.080078
2.666016
3.139648
3.652344
4.121094
4.511719
4.770508
4.970703
5.083008
5.097656
4.985352
4.731445
4.423828
4.047852
3.564453
3.085938
2.534180
1.987305
1.459961
1.015625
0.600586
0.195312
-0.087891
-0.249023
-0.283203
-0.214844
-0.083008
0.170898
0.488281
0.942383
1.435547
1.967773
2.480469
3.032227
3.540039
4.038086
4.443359
4.770508
4.941406
5.126953
5.126953
5.029297
4.838867
4.521484
4.169922
3.691406
3.188477
2.705078
2.124023
1.616211
1.069336
0.664062
0.288086
0.009766
-0.175781
-0.273438
-0.219727
-0.097656
0.102539
0.478516
0.844727
1.303711
1.791992
2.397461
2.910156
3.393555
3.881836
4.306641
4.667969
4.912109
5.087891
5.092773
5.043945
4.868164
4.643555
4.233398
3.842773
3.315430
2.832031
2.314453
1.718750
1.245117
0.795898
0.385742
0.097656
-0.117188
-0.278320
-0.253906
-0.151367
0.034180
0.356445
0.712891
1.181641
1.704102
2.226562
2.758789
3.281250
3.750000
4.208984
4.570312
4.858398
4.980469
5.102539
5.058594
4.916992
4.707031
4.331055
3.940430
3.408203
2.895508
2.382812
1.875000
1.367188
0.898438
0.468750
0.136719
-0.112305
-0.239258
-0.234375
-0.200195
0.000000
0.234375
0.620117
1.074219
1.582031
2.089844
2.641602
3.173828
3.686523
4.086914
4.560547
4.794922
5.004883
5.053711
5.083008
4.965820
4.741211
4.443359
4.052734
3.583984
3.061523
2.514648
2.011719
1.420898
0.996094
0.576172
0.209961
-0.058594
-0.214844
-0.219727
-0.224609
-0.043945
0.214844
0.556641
1.010742
1.494141
1.967773
2.509766
3.066406
3.608398
4.042969
4.433594
4.726562
4.921875
5.097656
5.151367
5.039062
4.833984
4.526367
4.174805
3.691406
3.237305
2.709961
2.148438
1.616211
1.132812
0.688477
0.317383
0.043945
-0.141602
-0.224609
-0.175781
-0.092773
0.195312
0.478516
0.859375
1.347656
1.796875
2.338867
2.929688
3.437500
3.901367
4.340820
4.643555
4.936523
5.048828
5.117188
5.073242
4.873047
4.628906
4.218750
3.789062
3.349609
2.846680
2.241211
1.738281
1.210938
0.761719
0.395508
0.048828
-0.136719
-0.253906
-0.219727
-0.136719
0.029297
0.351562
0.742188
1.201172
1.713867
2.226562
2.763672
3.271484
3.789062
4.223633
4.589844
4.833984
4.990234
5.092773
5.058594
4.916992
4.653320
4.311523
3.876953
3.427734
2.924805
2.373047
1.821289
1.308594
0.854492
0.463867
0.112305
-0.083008
-0.253906
-0.249023
-0.214844
0.000000
0.253906
0.659180
1.074219
1.557617
2.084961
2.651367
3.164062
3.657227
4.121094
4.453125
4.770508
4.985352
5.107422
5.092773
4.965820
4.716797
4.443359
3.999023
3.579102
3.076172
2.509766
2.011719
1.464844
0.981445
0.537109
0.146484
-0.058594
-0.170898
-0.302734
-0.249023
-0.063477
0.180664
0.546875
0.971680
1.416016
1.953125
2.485352
3.012695
3.569336
4.028320
4.428711
4.726562
4.970703
5.112305
5.126953
4.990234
4.843750
4.541016
4.145508
3.715820
3.208008
2.700195
2.138672
1.586914
1.113281
0.649414
0.278320
-0.014648
-0.200195
-0.278320
-0.224609
-0.122070
0.102539
0.429688
0.825195
1.298828
1.826172
2.368164
2.895508
3.417969
3.925781
4.311523
4.663086
4.902344
5.058594
5.122070
5.043945
4.887695
4.604492
4.272461
3.813477
3.364258
2.822266
2.290039
1.733398
1.250000
0.756836
0.380859
0.087891
-0.131836
-0.239258
-0.239258
-0.175781
0.029297
0.332031
0.742188
1.186523
1.650391
2.197266
2.719727
3.232422
3.769531
4.179688
4.541016
4.843750
4.980469
5.063477
5.058594
4.907227
4.663086
4.345703
3.916016
3.457031
2.939453
2.426758
1.865234
1.328125
0.888672
0.468750
0.136719
-0.107422
-0.273438
-0.273438
-0.170898
-0.019531
0.278320
0.629883
1.074219
1.582031
2.109375
2.607422
3.149414
3.686523
4.121094
4.467773
4.809570
4.975586
5.122070
5.063477
4.985352
4.741211
4.418945
4.047852
3.574219
3.046875
2.543945
2.006836
1.464844
0.981445
0.585938
0.273438
-0.039062
-0.219727
-0.327148
-0.229492
-0.078125
0.214844
0.561523
0.957031
1.459961
1.992188
2.504883
3.041992
3.593750
4.023438
4.438477
4.702148
4.985352
5.083008
5.122070
5.019531
4.809570
4.482422
4.179688
3.730469
3.232422
2.700195
2.172852
1.625977
1.113281
0.678711
0.341797
0.039062
-0.141602
-0.219727
-0.234375
-0.107422
0.151367
0.473633
0.869141
1.293945
1.831055
2.363281
2.919922
3.403320
3.930664
4.360352
4.653320
4.902344
5.034180
5.126953
5.097656
4.882812
4.624023
4.228516
3.793945
3.359375
2.832031
2.294922
1.743164
1.206055
0.751953
0.351562
0.092773
-0.131836
-0.268555
-0.278320
-0.131836
0.058594
0.341797
0.732422
1.196289
1.733398
2.207031
2.773438
3.295898
3.759766
4.189453
4.545898
4.814453
5.009766
5.068359
5.048828
4.882812
4.648438
4.331055
3.906250
3.457031
2.924805
2.377930
1.865234
1.308594
0.864258
0.449219
0.136719
-0.112305
-0.234375
-0.268555
-0.166016
-0.029297
0.263672
0.649414
1.074219
1.562500
2.099609
2.631836
3.144531
3.696289
4.125977
4.516602
4.770508
4.990234
5.078125
5.092773
4.995117
4.770508
4.448242
4.008789
3.549805
3.095703
2.587891
2.006836
1.420898
0.937500
0.556641
0.209961
-0.078125
-0.219727
-0.253906
-0.209961
-0.078125
0.161133
0.566406
0.976562
1.440430
1.987305
2.436523
3.041992
3.564453
4.033203
4.423828
4.741211
5.000000
5.073242
5.102539
4.985352
4.785156
4.531250
4.140625
3.676758
3.183594
2.680664
2.119141
1.596680
1.103516
0.639648
0.268555
0.000000
-0.175781
-0.273438
-0.273438
-0.141602
0.126953
0.483398
0.820312
1.308594
1.835938
2.348633
2.924805
3.398438
3.916016
4.326172
4.663086
4.921875
5.063477
5.131836
5.034180
4.873047
4.604492
4.272461
3.867188
3.310547
2.783203
2.275391
1.738281
1.210938
0.795898
0.405273
0.097656
-0.151367
-0.273438
-0.263672
-0.156250
0.024414
0.322266
0.683594
1.171875
1.655273
2.231445
2.753906
3.276367
3.740234
4.184570
4.526367
4.824219
5.024414
5.097656
5.029297
4.916992
4.658203
4.340820
3.930664
3.457031
2.963867
2.412109
1.875000
1.333008
0.844727
0.444336
0.146484
-0.087891
-0.244141
-0.273438
-0.180664
0.009766
0.253906
0.595703
1.074219
1.596680
2.094727
2.602539
3.164062
3.676758
4.116211
4.492188
4.804688
4.960938
5.087891
5.117188
4.980469
4.736328
4.433594
4.047852
3.603516
3.071289
2.553711
1.982422
1.503906
0.991211
0.546875
0.205078
-0.048828
-0.166016
-0.209961
-0.156250
-0.024414
0.190430
0.561523
1.010742
1.464844
1.987305
2.500000
3.032227
3.520508
4.003906
4.404297
4.736328
5.000000
5.126953
5.131836
5.019531
4.785156
4.545898
4.194336
3.730469
3.232422
2.685547
2.148438
1.635742
1.127930
0.693359
0.312500
-0.014648
-0.141602
-0.283203
-0.224609
-0.102539
0.151367
0.463867
0.864258
1.323242
1.826172
2.358398
2.919922
3.398438
3.876953
4.306641
4.667969
4.960938
5.063477
5.112305
5.058594
4.873047
4.580078
4.287109
3.847656
3.315430
2.773438
2.250977
1.718750
1.220703
0.742188
0.405273
0.043945
-0.146484
-0.283203
-0.297852
-0.161133
0.058594
0.380859
0.732422
1.162109
1.679688
2.197266
2.758789
3.295898
3.779297
4.223633
4.545898
4.819336
5.009766
5.068359
5.039062
4.897461
4.638672
4.316406
3.911133
3.466797
2.880859
2.377930
1.816406
1.313477
0.869141
0.463867
0.156250
-0.122070
-0.273438
-0.288086
-0.180664
-0.019531
0.268555
0.639648
1.079102
1.572266
2.094727
2.592773
3.159180
3.642578
4.130859
4.477539
4.790039
4.995117
5.078125
5.092773
4.946289
4.731445
4.453125
4.047852
3.569336
3.076172
2.514648
1.948242
1.469727
0.996094
0.561523
0.195312
-0.068359
-0.234375
-0.288086
-0.263672
-0.043945
0.224609
0.527344
0.932617
1.455078
1.958008
2.495117
3.027344
3.535156
4.013672
4.409180
4.741211
4.965820
5.078125
5.151367
5.004883
4.814453
4.516602
4.150391
3.706055
3.178711
2.680664
2.138672
1.586914
1.093750
0.673828
0.268555
0.009766
-0.195312
-0.244141
-0.253906
-0.087891
0.102539
0.444336
0.859375
1.318359
1.835938
2.348633
2.900391
3.427734
3.916016
4.326172
4.682617
4.902344
5.063477
5.102539
5.058594
4.873047
4.624023
4.257812
3.818359
3.349609
2.797852
2.304688
1.718750
1.215820
0.766602
0.375977
0.097656
-0.136719
-0.273438
-0.263672
-0.161133
0.029297
0.332031
0.703125
1.142578
1.660156
2.158203
2.729492
3.261719
3.730469
4.179688
4.575195
4.858398
5.029297
5.117188
5.029297
4.887695
4.687500
4.316406
3.906250
3.437500
2.929688
2.392578
1.870117
1.357422
0.859375
0.478516
0.122070
-0.107422
-0.268555
-0.273438
-0.195312
-0.043945
0.239258
0.615234
1.064453
1.562500
2.080078
2.636719
3.173828
3.686523
4.096680
4.492188
4.785156
4.970703
5.097656
5.087891
4.960938
4.731445
4.423828
4.033203
3.598633
3.051758
2.519531
2.006836
1.425781
0.981445
0.600586
0.190430
-0.068359
-0.229492
-0.239258
-0.205078
-0.043945
0.205078
0.541992
0.996094
1.474609
2.001953
2.543945
3.046875
3.559570
3.994141
4.428711
4.775391
4.995117
5.107422
5.073242
5.024414
4.833984
4.541016
4.218750
3.696289
3.232422
2.690430
2.172852
1.606445
1.142578
0.664062
0.332031
0.000000
-0.175781
-0.278320
-0.224609
-0.092773
0.146484
0.454102
0.839844
1.298828
1.811523
2.368164
2.910156
3.408203
3.896484
4.301758
4.658203
4.916992
5.068359
5.117188
5.029297
4.877930
4.604492
4.267578
3.793945
3.330078
2.797852
2.275391
1.738281
1.191406
0.800781
0.385742
0.078125
-0.195312
-0.297852
-0.268555
-0.170898
0.058594
0.351562
0.747070
1.152344
1.674805
2.226562
2.758789
3.271484
3.769531
4.199219
4.589844
4.848633
5.000000
5.083008
5.014648
4.877930
4.628906
4.287109
3.886719
3.413086
2.900391
2.314453
1.816406
1.289062
0.869141
0.473633
0.131836
-0.087891
-0.253906
-0.258789
-0.180664
0.004883
0.273438
0.610352
1.064453
1.567383
2.084961
2.641602
3.149414
3.652344
4.121094
4.516602
4.799805
4.975586
5.029297
5.083008
4.970703
4.770508
4.414062
3.999023
3.598633
3.056641
2.548828
1.977539
1.440430
0.996094
0.566406
0.200195
-0.039062
-0.205078
-0.317383
-0.273438
-0.063477
0.175781
0.556641
0.961914
1.425781
1.918945
2.490234
3.022461
3.505859
4.033203
4.404297
4.790039
5.004883
5.126953
5.122070
5.029297
4.804688
4.506836
4.140625
3.730469
3.212891
2.670898
2.099609
1.601562
1.113281
0.659180
0.307617
0.014648
-0.175781
-0.278320
-0.214844
-0.126953
0.136719
0.449219
0.854492
1.293945
1.850586
2.348633
2.944336
3.408203
3.906250
4.257812
4.653320
4.916992
5.078125
5.107422
5.024414
4.897461
4.604492
4.287109
3.847656
3.334961
2.792969
2.250977
1.733398
1.259766
0.791016
0.366211
0.063477
-0.161133
-0.180664
-0.263672
-0.205078
0.053711
0.327148
0.693359
1.142578
1.699219
2.255859
2.753906
3.291016
3.735352
4.189453
4.594727
4.838867
5.029297
5.073242
5.014648
4.931641
4.658203
4.355469
3.935547
3.422852
2.954102
2.373047
1.855469
1.313477
0.849609
0.473633
0.122070
-0.102539
-0.244141
-0.268555
-0.214844
0.004883
0.239258
0.668945
1.044922
1.586914
2.070312
2.617188
3.144531
3.647461
4.101562
4.511719
4.809570
4.975586
5.083008
5.078125
4.970703
4.750977
4.404297
4.003906
3.544922
3.076172
2.519531
1.958008
1.464844
0.966797
0.566406
0.209961
-0.048828
-0.185547
-0.258789
-0.219727
-0.043945
0.161133
0.600586
1.015625
1.474609
1.982422
2.539062
3.041992
