1.855469
1.303711
0.869141
0.444336
0.151367
-0.087891
-0.224609
-0.268555
-0.195312
0.009766
0.278320
0.664062
1.079102
1.601562
2.143555
2.661133
3.183594
3.715820
4.169922
4.565430
4.814453
4.995117
5.107422
5.122070
5.004883
4.824219
4.462891
4.096680
3.632812
3.090820
2.587891
2.041016
1.523438
1.040039
0.615234
0.249023
-0.004883
-0.205078
-0.219727
-0.195312
0.000000
0.249023
0.566406
1.000977
1.459961
1.977539
2.534180
3.056641
3.564453
4.003906
4.433594
4.775391
4.995117
5.097656
5.078125
5.014648
4.809570
4.536133
4.130859
3.710938
3.212891
2.685547
2.138672
1.596680
1.123047
0.654297
0.288086
0.009766
-0.200195
-0.288086
-0.234375
-0.068359
0.117188
0.483398
0.839844
1.362305
1.845703
2.412109
2.934570
3.398438
3.906250
4.326172
4.687500
4.897461
5.063477
5.102539
5.063477
4.877930
4.599609
4.233398
3.803711
3.310547
2.792969
2.236328
1.674805
1.215820
0.756836
0.341797
0.043945
-0.161133
-0.239258
-0.273438
-0.161133
0.048828
0.351562
0.742188
1.230469
1.694336
2.255859
2.802734
3.325195
3.784180
4.233398
4.589844
4.858398
5.053711
5.063477
5.063477
4.926758
4.711914
4.360352
3.925781
3.422852
2.934570
2.387695
1.870117
1.308594
0.888672
0.458984
0.117188
-0.117188
-0.200195
-0.273438
-0.214844
0.009766
0.288086
0.625000
1.064453
1.562500
2.148438
2.666016
3.159180
3.627930
4.111328
4.492188
4.843750
5.039062
5.117188
5.097656
4.941406
4.760742
4.418945
4.086914
3.579102
3.085938
2.529297
1.977539
1.464844
0.981445
0.537109
0.185547
-0.083008
-0.244141
-0.263672
-0.224609
-0.092773
0.195312
0.566406
0.947266
1.479492
1.928711
2.514648
3.041992
3.559570
4.038086
4.399414
4.755859
4.951172
5.112305
5.097656
5.019531
4.785156
4.526367
4.165039
3.715820
3.193359
2.680664
2.128906
1.606445
1.127930
0.664062
0.297852
0.019531
-0.161133
-0.244141
-0.234375
-0.126953
0.136719
0.463867
0.820312
1.318359
1.801758
2.343750
2.875977
3.388672
3.833008
4.272461
4.628906
4.907227
5.014648
5.097656
5.009766
4.809570
4.570312
4.252930
3.793945
3.330078
2.749023
2.236328
1.728516
1.196289
0.756836
0.332031
0.058594
-0.156250
-0.263672
-0.263672
-0.161133
0.078125
0.366211
0.747070
1.147461
1.684570
2.246094
2.783203
3.305664
3.793945
4.204102
4.580078
4.843750
5.053711
5.112305
5.063477
4.931641
4.667969
4.311523
3.920898
3.432617
2.919922
2.392578
1.855469
1.303711
0.883789
0.468750
0.126953
-0.063477
-0.263672
-0.283203
-0.200195
0.053711
0.327148
0.664062
1.098633
1.616211
2.148438
2.685547
3.188477
3.715820
4.155273
4.531250
4.809570
5.004883
5.107422
5.146484
5.014648
4.799805
4.521484
4.038086
3.598633
3.085938
2.534180
2.026367
1.508789
1.035156
0.595703
0.205078
-0.009766
-0.195312
-0.234375
-0.170898
-0.029297
0.234375
0.571289
1.030273
1.484375
1.972656
2.500000
3.046875
3.549805
4.028320
4.404297
4.746094
4.956055
5.083008
5.131836
5.014648
4.814453
4.501953
4.155273
3.696289
3.173828
2.636719
2.119141
1.611328
1.093750
0.634766
0.258789
0.034180
-0.200195
-0.273438
-0.258789
-0.122070
0.141602
0.454102
0.854492
1.333008
1.840820
2.363281
2.924805
3.427734
3.920898
4.311523
4.643555
4.926758
5.029297
5.068359
4.985352
4.833984
4.565430
4.189453
3.764648
3.281250
2.773438
2.211914
1.708984
1.157227
0.698242
0.371094
0.034180
-0.175781
-0.273438
-0.273438
-0.146484
0.053711
0.380859
0.722656
1.181641
1.704102
2.231445
2.783203
3.300781
3.798828
4.223633
4.599609
4.848633
5.004883
5.097656
5.039062
4.912109
4.653320
4.340820
3.920898
3.422852
2.895508
2.363281
1.811523
1.337891
0.864258
0.449219
0.151367
-0.112305
-0.253906
-0.268555
-0.214844
-0.034180
0.268555
0.620117
1.088867
1.586914
2.128906
2.646484
3.154297
3.681641
4.101562
4.526367
4.799805
5.024414
5.161133
5.161133
4.975586
4.750977
4.462891
4.028320
3.613281
3.061523
2.519531
1.962891
1.450195
0.981445
0.527344
0.190430
-0.063477
-0.200195
-0.239258
-0.219727
-0.053711
0.156250
0.571289
0.981445
1.464844
1.967773
2.529297
3.085938
3.574219
4.028320
4.423828
4.741211
4.960938
5.097656
5.107422
5.019531
4.794922
4.506836
4.160156
3.715820
3.212891
2.675781
2.119141
1.611328
1.123047
0.659180
0.292969
0.000000
-0.180664
-0.249023
-0.234375
-0.087891
0.156250
0.458984
0.859375
1.289062
1.806641
2.397461
2.875977
3.408203
3.862305
4.287109
4.628906
4.916992
5.058594
5.102539
5.000000
4.858398
4.584961
4.218750
3.779297
3.320312
2.763672
2.265625
1.669922
1.186523
0.751953
0.351562
0.073242
-0.141602
-0.258789
-0.258789
-0.117188
0.048828
0.390625
0.727539
1.206055
1.674805
2.231445
2.788086
3.315430
3.789062
4.204102
4.570312
4.882812
5.048828
5.083008
5.063477
4.897461
4.648438
4.331055
3.896484
3.437500
2.939453
2.358398
1.796875
1.323242
0.869141
0.439453
0.151367
-0.112305
-0.268555
-0.258789
-0.166016
0.004883
0.283203
0.620117
1.098633
1.611328
2.163086
2.651367
3.193359
3.666992
4.174805
4.580078
4.877930
5.034180
5.131836
5.126953
4.975586
4.804688
4.492188
4.072266
3.642578
3.100586
2.558594
2.026367
1.484375
1.005859
0.590820
0.190430
-0.019531
-0.170898
-0.214844
-0.170898
-0.053711
0.200195
0.556641
1.015625
1.479492
1.982422
2.524414
3.032227
3.535156
3.999023
4.438477
4.765625
4.960938
5.087891
5.131836
5.034180
4.819336
4.521484
4.140625
3.730469
3.203125
2.636719
2.104492
1.616211
1.098633
0.673828
0.292969
0.029297
-0.180664
-0.273438
-0.263672
-0.102539
0.131836
0.478516
0.834961
1.323242
1.835938
2.363281
2.905273
3.393555
3.896484
4.311523
4.687500
4.902344
5.004883
5.107422
4.985352
4.824219
4.584961
4.233398
3.803711
3.286133
2.768555
2.207031
1.689453
1.191406
0.703125
0.332031
0.043945
-0.151367
-0.273438
-0.239258
-0.161133
0.112305
0.346680
0.771484
1.196289
1.699219
2.250977
2.778320
3.305664
3.823242
4.208984
4.589844
4.843750
5.029297
5.122070
5.068359
4.931641
4.643555
4.326172
3.891602
3.447266
2.944336
2.373047
1.855469
1.323242
0.844727
0.483398
0.156250
-0.112305
-0.278320
-0.244141
-0.175781
-0.029297
0.253906
0.644531
1.123047
1.582031
2.099609
2.626953
3.144531
3.691406
4.140625
4.477539
4.858398
4.980469
5.073242
5.122070
5.009766
4.794922
4.453125
4.038086
3.583984
3.061523
2.509766
1.967773
1.464844
0.996094
0.551758
0.205078
-0.073242
-0.249023
-0.249023
-0.219727
-0.029297
0.195312
0.551758
0.961914
1.484375
1.992188
2.480469
3.071289
3.520508
4.033203
4.443359
4.726562
4.960938
5.092773
5.131836
5.019531
4.829102
4.526367
4.169922
3.720703
3.178711
2.656250
2.148438
1.625977
1.108398
0.649414
0.297852
0.019531
-0.180664
-0.219727
-0.209961
-0.083008
0.112305
0.458984
0.820312
1.298828
1.816406
2.363281
2.905273
3.422852
3.886719
4.277344
4.633789
4.868164
5.034180
5.087891
5.073242
4.863281
4.570312
4.228516
3.769531
3.300781
2.783203
2.236328
1.748047
1.206055
0.751953
0.351562
0.078125
-0.141602
-0.273438
-0.258789
-0.156250
0.063477
0.371094
0.747070
1.201172
1.718750
2.226562
2.788086
3.300781
3.793945
4.238281
4.594727
4.838867
5.053711
5.083008
5.087891
4.926758
4.687500
4.326172
3.886719
3.437500
2.934570
2.377930
1.865234
1.362305
0.859375
0.434570
0.126953
-0.112305
-0.229492
-0.258789
-0.175781
0.000000
0.312500
0.698242
1.127930
1.586914
2.153320
2.695312
3.227539
3.745117
4.150391
4.516602
4.824219
5.053711
5.151367
5.141602
4.990234
4.721680
4.409180
4.023438
3.608398
3.120117
2.587891
2.021484
1.469727
1.000977
0.605469
0.219727
-0.068359
-0.185547
-0.253906
-0.214844
-0.004883
0.219727
0.600586
0.976562
1.479492
1.967773
2.509766
3.032227
3.564453
4.028320
4.448242
4.775391
4.985352
5.112305
5.102539
5.014648
4.799805
4.541016
4.194336
3.730469
3.193359
2.617188
2.153320
1.601562
1.108398
0.673828
0.249023
-0.009766
-0.156250
-0.239258
-0.253906
-0.126953
0.102539
0.449219
0.893555
1.328125
1.811523
2.358398
2.919922
3.437500
3.886719
4.340820
4.643555
4.882812
5.068359
5.073242
5.053711
4.848633
4.575195
4.248047
3.813477
3.344727
2.783203
2.221680
1.674805
1.186523
0.737305
0.410156
0.058594
-0.146484
-0.263672
-0.258789
-0.146484
0.058594
0.336914
0.771484
1.240234
1.752930
2.285156
2.783203
3.315430
3.779297
4.218750
4.609375
4.873047
5.034180
5.112305
5.039062
4.873047
4.687500
4.360352
3.911133
3.427734
2.905273
2.377930
1.860352
1.362305
0.878906
0.483398
0.097656
-0.126953
-0.224609
-0.249023
-0.214844
-0.034180
0.263672
0.634766
1.083984
1.567383
2.104492
2.646484
3.193359
3.666992
4.135742
4.467773
4.819336
5.034180
5.117188
5.078125
4.941406
4.760742
4.428711
4.057617
3.598633
3.061523
2.504883
1.967773
1.464844
1.000977
0.556641
0.175781
-0.073242
-0.219727
-0.268555
-0.195312
-0.063477
0.195312
0.576172
0.991211
1.430664
1.962891
2.495117
3.037109
3.549805
4.047852
4.443359
4.750977
4.951172
5.097656
5.087891
5.000000
4.799805
4.482422
4.165039
3.691406
3.208008
2.685547
2.109375
1.616211
1.132812
0.698242
0.302734
0.024414
-0.190430
-0.229492
-0.214844
-0.087891
0.136719
0.429688
0.869141
1.308594
1.831055
2.363281
2.934570
3.388672
3.867188
4.301758
4.609375
4.931641
5.034180
5.136719
4.990234
4.838867
4.580078
4.233398
3.798828
3.310547
2.763672
2.250977
1.718750
1.191406
0.742188
0.351562
0.048828
-0.166016
-0.278320
-0.273438
-0.146484
0.073242
0.361328
0.751953
1.206055
1.699219
2.260742
2.753906
3.291016
3.808594
4.199219
4.584961
4.848633
5.029297
5.083008
5.058594
4.907227
4.667969
4.340820
3.906250
3.452148
2.905273
2.392578
1.855469
1.352539
0.844727
0.493164
0.097656
-0.078125
-0.214844
-0.278320
-0.156250
0.019531
0.332031
0.639648
1.103516
1.621094
2.143555
2.685547
3.198242
3.725586
4.189453
4.550781
4.824219
5.000000
5.092773
5.126953
4.980469
4.755859
4.453125
4.077148
3.549805
3.061523
2.534180
2.016602
1.494141
1.049805
0.581055
0.239258
-0.024414
-0.229492
-0.239258
-0.219727
-0.043945
0.229492
0.600586
0.981445
1.464844
1.987305
2.504883
3.061523
3.579102
4.023438
4.443359
4.731445
4.975586
5.092773
5.087891
5.034180
4.814453
4.555664
4.189453
3.710938
3.217773
2.675781
2.109375
1.635742
1.088867
0.634766
0.253906
0.024414
-0.170898
-0.273438
-0.268555
-0.112305
0.156250
0.483398
0.869141
1.293945
1.821289
2.358398
2.905273
3.417969
3.901367
4.287109
4.663086
4.887695
5.043945
5.107422
5.004883
4.863281
4.599609
4.208984
3.779297
3.276367
2.763672
2.216797
1.694336
1.162109
0.717773
0.312500
0.058594
-0.151367
-0.249023
-0.258789
-0.180664
0.048828
0.356445
0.722656
1.201172
1.684570
2.246094
2.744141
3.291016
3.803711
4.213867
4.599609
4.892578
5.000000
5.083008
5.073242
4.941406
4.638672
4.326172
3.906250
3.471680
2.900391
2.412109
1.860352
1.333008
0.883789
0.478516
0.161133
-0.083008
-0.317383
-0.327148
-0.161133
0.034180
0.288086
0.634766
1.059570
1.562500
2.104492
2.666016
3.173828
3.681641
4.106445
4.511719
4.819336
5.014648
5.097656
5.107422
4.975586
4.760742
4.414062
4.028320
3.608398
3.081055
2.534180
1.987305
1.455078
0.986328
0.561523
0.200195
-0.073242
-0.219727
-0.273438
-0.239258
-0.063477
0.214844
0.537109
0.952148
1.435547
1.972656
2.514648
3.046875
3.569336
4.008789
4.433594
4.746094
4.965820
5.097656
5.087891
5.000000
4.785156
4.511719
4.140625
3.671875
3.232422
2.646484
2.138672
1.606445
1.108398
0.649414
0.258789
0.004883
-0.146484
-0.234375
-0.219727
-0.097656
0.126953
0.468750
0.854492
1.308594
1.826172
2.319336
2.846680
3.378906
3.862305
4.287109
4.604492
4.858398
5.019531
5.063477
5.000000
4.863281
4.584961
4.204102
3.774414
3.300781
2.773438
2.250977
1.718750
1.196289
0.703125
0.341797
0.058594
-0.156250
-0.273438
-0.253906
-0.175781
0.068359
0.351562
0.727539
1.201172
1.699219
2.221680
2.768555
3.286133
3.789062
4.208984
4.589844
4.863281
5.024414
5.117188
5.058594
4.916992
4.667969
4.311523
3.896484
3.422852
2.944336
2.402344
1.845703
1.289062
0.869141
0.434570
0.166016
-0.073242
-0.278320
-0.253906
-0.166016
-0.004883
0.292969
0.639648
1.118164
1.577148
2.138672
2.631836
3.222656
3.720703
4.155273
4.531250
4.819336
5.024414
5.112305
5.122070
5.014648
4.785156
4.472656
4.086914
3.627930
3.134766
2.583008
2.031250
1.474609
0.996094
0.585938
0.214844
-0.009766
-0.180664
-0.244141
-0.161133
-0.048828
0.244141
0.576172
1.005859
1.508789
1.987305
2.548828
3.032227
3.588867
4.003906
4.409180
4.755859
5.004883
5.107422
5.102539
5.014648
4.794922
4.550781
4.130859
3.706055
3.188477
2.636719
2.158203
1.606445
1.123047
0.678711
0.258789
-0.014648
-0.195312
-0.244141
-0.229492
-0.107422
0.078125
0.434570
0.878906
1.347656
1.875000
2.333984
2.890625
3.427734
3.896484
4.345703
4.648438
4.892578
5.043945
5.073242
5.029297
4.858398
4.570312
4.179688
3.764648
3.295898
2.753906
2.221680
1.669922
1.147461
0.688477
0.346680
0.039062
-0.156250
-0.288086
-0.273438
-0.151367
0.068359
0.346680
0.756836
1.186523
1.694336
2.246094
2.792969
3.320312
3.779297
4.213867
4.575195
4.873047
5.024414
5.087891
5.014648
4.902344
4.672852
4.326172
3.916016
3.452148
2.915039
2.373047
1.865234
1.337891
0.893555
0.458984
0.112305
-0.136719
-0.249023
-0.273438
-0.170898
0.000000
0.249023
0.610352
1.088867
1.611328
2.094727
2.617188
3.164062
3.696289
4.121094
4.501953
4.790039
5.009766
5.136719
5.102539
4.980469
4.765625
4.414062
4.042969
3.579102
3.090820
2.534180
1.977539
1.479492
0.971680
0.541992
0.224609
-0.048828
-0.258789
-0.288086
-0.200195
-0.073242
0.195312
0.537109
0.971680
1.455078
1.953125
2.480469
3.066406
3.544922
4.028320
4.438477
4.731445
4.951172
5.097656
5.097656
5.024414
4.843750
4.516602
4.135742
3.706055
3.183594
2.714844
2.158203
1.630859
1.123047
0.659180
0.283203
0.043945
-0.185547
-0.273438
-0.229492
-0.058594
0.126953
0.449219
0.859375
1.298828
1.806641
2.329102
2.890625
3.383789
3.867188
4.262695
4.619141
4.907227
5.073242
5.097656
4.995117
4.848633
4.580078
4.218750
3.808594
3.305664
2.763672
2.265625
1.728516
1.186523
0.712891
0.351562
0.078125
-0.185547
-0.278320
-0.268555
-0.122070
0.063477
0.336914
0.737305
1.176758
1.699219
2.246094
2.773438
3.305664
3.779297
4.213867
4.633789
4.863281
5.034180
5.073242
5.053711
4.941406
4.687500
4.340820
3.901367
3.413086
2.895508
2.387695
1.845703
1.323242
0.869141
0.483398
0.136719
-0.102539
-0.190430
-0.239258
-0.175781
0.009766
0.278320
0.639648
1.098633
1.635742
2.158203
2.666016
3.154297
3.662109
4.111328
4.541016
4.853516
5.063477
5.170898
5.141602
5.014648
4.814453
4.492188
4.057617
3.603516
3.056641
2.573242
2.006836
1.528320
1.030273
0.620117
0.219727
-0.039062
-0.205078
-0.244141
-0.205078
-0.073242
0.205078
0.576172
1.010742
1.503906
1.982422
2.514648
3.037109
3.554688
4.018555
4.433594
4.746094
4.960938
5.073242
5.126953
5.043945
4.824219
4.526367
4.145508
3.671875
3.208008
2.651367
2.138672
1.572266
1.127930
0.668945
0.273438
0.014648
-0.224609
-0.253906
-0.219727
-0.087891
0.117188
0.449219
0.830078
1.323242
1.806641
2.353516
2.919922
3.442383
3.920898
4.306641
4.687500
4.916992
5.063477
5.102539
5.009766
4.877930
4.570312
4.223633
3.764648
3.300781
2.763672
2.236328
1.718750
1.210938
0.737305
0.341797
0.053711
-0.175781
-0.268555
-0.273438
-0.146484
0.087891
0.351562
0.761719
1.201172
1.699219
2.211914
2.802734
3.310547
3.813477
4.208984
4.604492
4.877930
5.053711
5.092773
5.063477
4.931641
4.687500
4.331055
3.940430
3.427734
2.919922
2.382812
1.806641
1.337891
0.878906
0.488281
0.126953
-0.146484
-0.258789
-0.253906
-0.175781
-0.053711
0.302734
0.644531
1.079102
1.533203
2.104492
2.670898
3.173828
3.657227
4.111328
4.531250
4.814453
5.014648
5.102539
5.131836
4.995117
4.760742
4.453125
4.062500
3.583984
3.056641
2.539062
1.987305
1.445312
0.947266
0.517578
0.190430
-0.043945
-0.244141
-0.283203
-0.239258
-0.039062
0.219727
0.532227
0.971680
1.459961
1.962891
2.504883
3.027344
3.583984
4.042969
4.404297
4.746094
4.941406
5.083008
5.107422
4.995117
4.814453
4.526367
4.160156
3.691406
3.217773
2.685547
2.163086
1.577148
1.123047
0.644531
0.268555
0.014648
-0.185547
-0.253906
-0.190430
-0.063477
0.156250
0.468750
0.844727
1.308594
1.791992
2.392578
2.900391
3.417969
3.862305
4.306641
4.619141
4.868164
5.024414
5.068359
5.019531
4.877930
4.599609
4.228516
3.759766
3.295898
2.792969
2.255859
1.718750
1.210938
0.771484
0.366211
0.058594
-0.170898
-0.253906
-0.244141
-0.166016
0.083008
0.366211
0.756836
1.191406
1.699219
2.250977
2.792969
3.300781
3.779297
4.228516
4.599609
4.863281
5.019531
5.092773
5.053711
4.916992
4.687500
4.321289
3.916016
3.427734
2.939453
2.397461
1.826172
1.318359
0.869141
0.502930
0.156250
-0.117188
-0.263672
-0.244141
-0.156250
0.000000
0.322266
0.634766
1.127930
1.596680
2.104492
2.685547
3.222656
3.750000
4.179688
4.531250
4.824219
5.019531
5.126953
5.136719
5.009766
4.809570
4.458008
4.077148
3.579102
3.100586
2.602539
2.006836
1.499023
1.005859
0.561523
0.253906
-0.039062
-0.195312
-0.273438
-0.180664
-0.029297
0.234375
0.566406
1.035156
1.484375
1.987305
2.519531
3.051758
3.544922
4.018555
4.448242
4.726562
4.975586
5.107422
5.107422
5.004883
4.770508
4.516602
4.179688
3.691406
3.168945
2.656250
2.119141
1.567383
1.103516
0.639648
0.312500
0.000000
-0.175781
-0.219727
-0.278320
-0.058594
0.131836
0.498047
0.849609
1.337891
1.826172
2.416992
2.949219
3.457031
3.891602
4.311523
4.643555
4.941406
5.068359
5.097656
5.009766
4.843750
4.599609
4.218750
3.764648
3.271484
2.758789
2.221680
1.660156
1.186523
0.688477
0.351562
0.029297
-0.126953
-0.239258
-0.273438
-0.136719
0.078125
0.361328
0.732422
1.225586
1.723633
2.285156
2.763672
3.291016
3.823242
4.223633
4.584961
4.873047
5.029297
5.112305
5.053711
4.956055
4.648438
4.345703
3.935547
3.422852
2.954102
2.397461
1.875000
1.323242
0.830078
0.468750
0.102539
-0.087891
-0.244141
-0.258789
-0.214844
-0.024414
0.258789
0.654297
1.108398
1.557617
2.148438
2.670898
3.168945
3.662109
4.106445
4.541016
4.814453
5.053711
5.112305
5.092773
4.990234
4.780273
4.428711
4.062500
3.583984
3.061523
2.514648
1.997070
1.450195
0.981445
0.561523
0.180664
-0.053711
-0.195312
-0.249023
-0.239258
-0.068359
0.214844
0.537109
0.961914
1.464844
1.953125
2.500000
3.056641
3.554688
4.057617
4.423828
4.721680
4.975586
5.073242
5.117188
5.014648
4.829102
4.541016
4.140625
3.720703
3.193359
2.670898
2.124023
1.616211
1.103516
0.668945
0.273438
-0.014648
-0.136719
-0.229492
-0.224609
-0.092773
0.087891
0.458984
0.810547
1.279297
1.806641
2.358398
2.905273
3.437500
3.847656
4.296875
4.604492
4.907227
5.058594
5.063477
5.014648
4.843750
4.580078
4.228516
3.818359
3.300781
2.788086
2.260742
1.699219
1.210938
0.737305
0.346680
0.063477
-0.141602
-0.258789
-0.258789
-0.175781
0.068359
0.385742
0.727539
1.191406
1.723633
2.250977
2.763672
3.310547
3.789062
4.228516
4.565430
4.848633
5.039062
5.112305
5.087891
4.926758
4.726562
4.331055
3.906250
3.447266
2.910156
2.412109
1.845703
1.347656
0.893555
0.478516
0.190430
-0.107422
-0.229492
-0.239258
-0.161133
0.048828
0.341797
0.673828
1.103516
1.630859
2.172852
2.685547
3.198242
3.710938
4.174805
4.575195
4.877930
5.078125
5.107422
5.146484
4.990234
4.770508
4.467773
4.057617
3.613281
3.056641
2.519531
2.016602
1.479492
0.996094
0.605469
0.224609
-0.048828
-0.205078
-0.224609
-0.190430
-0.009766
0.234375
0.566406
0.996094
1.479492
1.967773
2.543945
3.037109
