2.001953
1.450195
0.976562
0.556641
0.195312
-0.024414
-0.239258
-0.273438
-0.214844
-0.043945
0.214844
0.541992
0.986328
1.445312
1.958008
2.500000
3.081055
3.583984
3.994141
4.360352
4.726562
4.975586
5.063477
5.083008
4.970703
4.775391
4.541016
4.140625
3.657227
3.217773
2.670898
2.080078
1.625977
1.108398
0.664062
0.234375
-0.019531
-0.195312
-0.278320
-0.239258
-0.083008
0.175781
0.483398
0.874023
1.381836
1.884766
2.377930
2.939453
3.437500
3.945312
4.365234
4.692383
4.902344
5.058594
5.102539
5.048828
4.873047
4.570312
4.238281
3.842773
3.300781
2.788086
2.260742
1.748047
1.210938
0.766602
0.375977
0.063477
-0.166016
-0.278320
-0.249023
-0.146484
0.073242
0.371094
0.771484
1.210938
1.748047
2.236328
2.778320
3.300781
3.833008
4.248047
4.604492
4.848633
5.058594
5.131836
5.083008
4.941406
4.687500
4.360352
3.955078
3.471680
2.963867
2.387695
1.845703
1.347656
0.859375
0.458984
0.092773
-0.102539
-0.239258
-0.297852
-0.234375
-0.024414
0.253906
0.615234
1.108398
1.572266
2.089844
2.670898
3.198242
3.657227
4.145508
4.511719
4.814453
5.014648
5.073242
5.092773
4.965820
4.750977
4.418945
4.008789
3.598633
3.061523
2.548828
1.972656
1.474609
0.991211
0.556641
0.200195
-0.058594
-0.200195
-0.297852
-0.219727
-0.034180
0.200195
0.546875
0.966797
1.450195
1.953125
2.534180
3.027344
3.569336
4.013672
4.399414
4.721680
4.985352
5.078125
5.092773
5.024414
4.819336
4.545898
4.155273
3.701172
3.227539
2.670898
2.163086
1.606445
1.098633
0.703125
0.327148
0.048828
-0.136719
-0.234375
-0.205078
-0.068359
0.156250
0.527344
0.917969
1.401367
1.845703
2.412109
2.968750
3.481445
3.959961
4.350586
4.746094
4.970703
5.136719
5.166016
5.073242
4.921875
4.643555
4.267578
3.867188
3.325195
2.856445
2.285156
1.752930
1.240234
0.781250
0.375977
0.068359
-0.161133
-0.263672
-0.239258
-0.131836
0.068359
0.385742
0.761719
1.235352
1.733398
2.250977
2.792969
3.354492
3.823242
4.248047
4.624023
4.868164
5.053711
5.097656
5.053711
4.916992
4.682617
4.365234
3.935547
3.403320
2.915039
2.392578
1.914062
1.333008
0.864258
0.454102
0.117188
-0.102539
-0.229492
-0.258789
-0.195312
-0.004883
0.263672
0.668945
1.123047
1.582031
2.089844
2.636719
3.164062
3.671875
4.106445
4.482422
4.799805
4.980469
5.073242
5.102539
4.960938
4.741211
4.438477
4.042969
3.588867
3.046875
2.539062
2.011719
1.459961
0.986328
0.546875
0.219727
-0.053711
-0.195312
-0.273438
-0.180664
-0.063477
0.229492
0.546875
0.996094
1.459961
1.962891
2.500000
3.037109
3.544922
4.013672
4.418945
4.804688
4.975586
5.043945
5.073242
5.034180
4.824219
4.511719
4.106445
3.657227
3.173828
2.680664
2.124023
1.577148
1.079102
0.654297
0.273438
-0.014648
-0.195312
-0.214844
-0.258789
-0.097656
0.195312
0.473633
0.913086
1.352539
1.918945
2.382812
2.944336
3.437500
3.930664
4.355469
4.707031
4.946289
5.043945
5.117188
5.058594
4.858398
4.628906
4.223633
3.803711
3.330078
2.802734
2.285156
1.708984
1.210938
0.766602
0.371094
0.058594
-0.136719
-0.249023
-0.263672
-0.131836
0.058594
0.356445
0.766602
1.245117
1.723633
2.260742
2.773438
3.344727
3.823242
4.243164
4.584961
4.882812
5.078125
5.117188
5.078125
4.921875
4.687500
4.360352
3.955078
3.466797
2.905273
2.363281
1.865234
1.318359
0.854492
0.424805
0.092773
-0.122070
-0.278320
-0.317383
-0.205078
0.004883
0.253906
0.649414
1.098633
1.547852
2.094727
2.612305
3.168945
3.681641
4.121094
4.487305
4.785156
4.990234
5.087891
5.068359
4.970703
4.760742
4.418945
4.038086
3.569336
3.056641
2.563477
1.992188
1.464844
0.976562
0.541992
0.205078
-0.029297
-0.219727
-0.283203
-0.219727
-0.034180
0.205078
0.571289
1.015625
1.459961
2.021484
2.504883
3.085938
3.525391
4.003906
4.394531
4.750977
4.985352
5.083008
5.117188
4.995117
4.853516
4.536133
4.165039
3.706055
3.212891
2.670898
2.148438
1.645508
1.142578
0.678711
0.292969
0.039062
-0.166016
-0.209961
-0.214844
-0.068359
0.185547
0.507812
0.903320
1.376953
1.845703
2.412109
2.939453
3.515625
4.013672
4.394531
4.687500
4.960938
5.107422
5.166016
5.112305
4.902344
4.633789
4.267578
3.847656
3.374023
2.832031
2.285156
1.772461
1.259766
0.781250
0.371094
0.034180
-0.117188
-0.253906
-0.200195
-0.156250
0.078125
0.390625
0.747070
1.230469
1.713867
2.246094
2.788086
3.334961
3.862305
4.243164
4.589844
4.882812
5.058594
5.102539
5.058594
4.902344
4.653320
4.389648
3.969727
3.476562
2.910156
2.397461
1.855469
1.367188
0.849609
0.468750
0.126953
-0.097656
-0.219727
-0.263672
-0.205078
0.004883
0.283203
0.673828
1.103516
1.616211
2.080078
2.661133
3.188477
3.652344
4.091797
4.511719
4.794922
5.000000
5.068359
5.073242
4.956055
4.750977
4.448242
4.042969
3.583984
3.066406
2.529297
2.011719
1.479492
1.000977
0.532227
0.219727
-0.024414
-0.224609
-0.234375
-0.249023
-0.024414
0.195312
0.537109
0.971680
1.455078
1.972656
2.504883
3.061523
3.554688
4.018555
4.399414
4.741211
4.975586
5.107422
5.068359
4.995117
4.814453
4.531250
4.169922
3.686523
3.168945
2.641602
2.114258
1.611328
1.152344
0.634766
0.278320
0.034180
-0.161133
-0.258789
-0.239258
-0.117188
0.161133
0.493164
0.917969
1.372070
1.909180
2.387695
2.944336
3.476562
3.935547
4.350586
4.663086
4.907227
5.058594
5.112305
5.087891
4.838867
4.575195
4.252930
3.789062
3.315430
2.797852
2.226562
1.718750
1.215820
0.776367
0.371094
0.078125
-0.146484
-0.258789
-0.224609
-0.112305
0.083008
0.346680
0.761719
1.235352
1.733398
2.226562
2.797852
3.295898
3.798828
4.257812
4.604492
4.804688
5.068359
5.131836
5.063477
4.921875
4.672852
4.345703
3.925781
3.471680
2.944336
2.397461
1.835938
1.303711
0.854492
0.444336
0.097656
-0.141602
-0.278320
-0.292969
-0.209961
-0.004883
0.244141
0.634766
1.049805
1.518555
2.104492
2.622070
3.183594
3.637695
4.101562
4.487305
4.794922
4.975586
5.068359
5.092773
4.960938
4.736328
4.418945
4.028320
3.554688
3.056641
2.519531
1.972656
1.440430
0.966797
0.556641
0.200195
-0.024414
-0.234375
-0.283203
-0.205078
-0.063477
0.200195
0.566406
0.991211
1.464844
1.977539
2.519531
3.032227
3.564453
4.023438
4.418945
4.746094
4.941406
5.063477
5.117188
5.014648
4.799805
4.526367
4.174805
3.725586
3.232422
2.705078
2.124023
1.611328
1.127930
0.673828
0.322266
0.019531
-0.161133
-0.209961
-0.205078
-0.048828
0.175781
0.502930
0.898438
1.381836
1.875000
2.441406
2.968750
3.496094
3.979492
4.360352
4.707031
4.960938
5.087891
5.175781
5.073242
4.912109
4.628906
4.272461
3.847656
3.364258
2.802734
2.275391
1.743164
1.210938
0.791016
0.341797
0.068359
-0.175781
-0.249023
-0.229492
-0.141602
0.087891
0.395508
0.776367
1.250000
1.728516
2.304688
2.832031
3.310547
3.833008
4.262695
4.584961
4.873047
5.043945
5.146484
5.068359
4.970703
4.687500
4.306641
3.959961
3.447266
2.973633
2.387695
1.816406
1.337891
0.864258
0.507812
0.136719
-0.146484
-0.263672
-0.258789
-0.190430
0.004883
0.249023
0.678711
1.088867
1.557617
2.104492
2.646484
3.178711
3.671875
4.125977
4.501953
4.780273
4.980469
5.073242
5.078125
4.936523
4.755859
4.438477
4.052734
3.564453
3.085938
2.543945
1.987305
1.459961
0.976562
0.571289
0.195312
-0.043945
-0.234375
-0.249023
-0.195312
-0.039062
0.195312
0.556641
0.971680
1.455078
1.948242
2.548828
3.085938
3.574219
3.984375
4.399414
4.716797
4.965820
5.092773
5.092773
5.039062
4.824219
4.497070
4.155273
3.730469
3.222656
2.670898
2.075195
1.582031
1.074219
0.664062
0.332031
0.009766
-0.175781
-0.234375
-0.263672
-0.087891
0.161133
0.473633
0.878906
1.347656
1.850586
2.402344
2.934570
3.452148
3.925781
4.345703
4.667969
4.921875
5.063477
5.092773
5.014648
4.887695
4.599609
4.262695
3.793945
3.325195
2.817383
2.270508
1.757812
1.230469
0.776367
0.371094
0.083008
-0.146484
-0.268555
-0.244141
-0.117188
0.107422
0.366211
0.781250
1.230469
1.748047
2.250977
2.822266
3.344727
3.818359
4.248047
4.609375
4.873047
5.048828
5.102539
5.068359
4.931641
4.697266
4.375000
3.955078
3.496094
2.924805
2.382812
1.840820
1.323242
0.859375
0.439453
0.097656
-0.102539
-0.249023
-0.288086
-0.175781
-0.024414
0.297852
0.678711
1.074219
1.562500
2.065430
2.626953
3.159180
3.662109
4.169922
4.497070
4.799805
5.000000
5.083008
5.073242
4.980469
4.755859
4.443359
4.018555
3.549805
3.090820
2.568359
1.982422
1.469727
0.961914
0.551758
0.209961
-0.043945
-0.209961
-0.253906
-0.209961
-0.048828
0.214844
0.595703
0.966797
1.469727
1.977539
2.553711
3.032227
3.554688
3.984375
4.404297
4.746094
4.946289
5.063477
5.117188
5.024414
4.833984
4.536133
4.106445
3.706055
3.193359
2.695312
2.167969
1.616211
1.083984
0.673828
0.322266
0.024414
-0.185547
-0.244141
-0.234375
-0.048828
0.156250
0.488281
0.888672
1.323242
1.884766
2.397461
2.988281
3.466797
3.955078
4.379883
4.702148
4.936523
5.126953
5.156250
5.053711
4.887695
4.604492
4.272461
3.857422
3.374023
2.822266
2.241211
1.767578
1.230469
0.766602
0.380859
0.097656
-0.175781
-0.278320
-0.253906
-0.102539
0.097656
0.375977
0.805664
1.210938
1.743164
2.250977
2.807617
3.330078
3.818359
4.238281
4.609375
4.907227
5.053711
5.102539
5.078125
4.902344
4.721680
4.360352
3.911133
3.447266
2.944336
2.426758
1.870117
1.328125
0.883789
0.439453
0.117188
-0.131836
-0.205078
-0.297852
-0.190430
-0.004883
0.278320
0.664062
1.079102
1.616211
2.094727
2.617188
3.178711
3.666992
4.130859
4.482422
4.814453
5.000000
5.083008
5.083008
4.960938
4.746094
4.433594
4.038086
3.579102
3.076172
2.534180
1.962891
1.469727
0.991211
0.576172
0.190430
-0.043945
-0.209961
-0.244141
-0.249023
-0.097656
0.190430
0.561523
1.010742
1.425781
1.953125
2.509766
3.071289
3.530273
3.989258
4.384766
4.726562
4.956055
5.058594
5.073242
5.014648
4.833984
4.516602
4.101562
3.681641
3.173828
2.680664
2.124023
1.611328
1.118164
0.654297
0.258789
-0.004883
-0.205078
-0.302734
-0.219727
-0.102539
0.141602
0.429688
0.834961
1.313477
1.826172
2.373047
2.915039
3.447266
3.935547
4.311523
4.663086
4.916992
5.048828
5.083008
5.039062
4.877930
4.604492
4.199219
3.818359
3.339844
2.817383
2.246094
1.674805
1.225586
0.756836
0.400391
0.078125
-0.205078
-0.273438
-0.258789
-0.122070
0.068359
0.371094
0.737305
1.210938
1.728516
2.241211
2.768555
3.315430
3.803711
4.204102
4.619141
4.868164
5.014648
5.122070
5.078125
4.951172
4.707031
4.340820
3.925781
3.500977
2.939453
2.377930
1.835938
1.313477
0.854492
0.434570
0.112305
-0.102539
-0.244141
-0.292969
-0.180664
-0.019531
0.283203
0.664062
1.064453
1.538086
2.089844
2.602539
3.183594
3.657227
4.140625
4.482422
4.838867
5.029297
5.126953
5.068359
4.960938
4.726562
4.428711
4.101562
3.574219
3.056641
2.519531
1.982422
1.474609
1.010742
0.541992
0.214844
-0.039062
-0.200195
-0.268555
-0.180664
-0.019531
0.244141
0.556641
1.010742
1.445312
1.982422
2.539062
3.061523
3.554688
4.042969
4.399414
4.736328
4.970703
5.078125
5.102539
5.039062
4.824219
4.545898
4.150391
3.725586
3.261719
2.729492
2.187500
1.635742
1.147461
0.688477
0.336914
0.048828
-0.195312
-0.253906
-0.209961
-0.043945
0.195312
0.488281
0.898438
1.381836
1.914062
2.460938
2.963867
3.466797
3.925781
4.375000
4.741211
4.960938
5.126953
5.146484
5.073242
4.926758
4.648438
4.277344
3.842773
3.374023
2.846680
2.275391
1.743164
1.289062
0.791016
0.400391
0.087891
-0.146484
-0.214844
-0.200195
-0.083008
0.092773
0.444336
0.815430
1.264648
1.743164
2.285156
2.861328
3.388672
3.847656
4.272461
4.619141
4.926758
5.024414
5.170898
5.068359
4.975586
4.716797
4.375000
3.940430
3.466797
2.983398
2.431641
1.884766
1.372070
0.869141
0.488281
0.131836
-0.092773
-0.209961
-0.244141
-0.175781
0.024414
0.312500
0.683594
1.093750
1.591797
2.109375
2.670898
3.217773
3.696289
4.145508
4.516602
4.824219
4.985352
5.117188
5.087891
4.960938
4.765625
4.472656
4.082031
3.623047
3.105469
2.519531
2.016602
1.494141
1.049805
0.571289
0.229492
-0.034180
-0.209961
-0.224609
-0.205078
0.000000
0.229492
0.581055
1.010742
1.499023
1.987305
2.529297
3.061523
3.583984
4.023438
4.418945
4.804688
4.980469
5.102539
5.126953
5.034180
4.873047
4.560547
4.121094
3.691406
3.212891
2.714844
2.148438
1.582031
1.074219
0.654297
0.297852
0.014648
-0.166016
-0.268555
-0.278320
-0.063477
0.156250
0.473633
0.878906
1.362305
1.909180
2.416992
2.944336
3.447266
3.906250
4.335938
4.697266
4.931641
5.024414
5.092773
5.058594
4.882812
4.584961
4.248047
3.784180
3.310547
2.802734
2.260742
1.718750
1.230469
0.791016
0.346680
0.063477
-0.151367
-0.278320
-0.292969
-0.131836
0.019531
0.312500
0.751953
1.191406
1.708984
2.207031
2.792969
3.310547
3.798828
4.223633
4.555664
4.809570
5.034180
5.097656
5.053711
4.877930
4.672852
4.350586
3.969727
3.442383
2.915039
2.353516
1.875000
1.303711
0.815430
0.390625
0.107422
-0.156250
-0.229492
-0.317383
-0.209961
-0.034180
0.239258
0.634766
1.030273
1.542969
2.041016
2.622070
3.149414
3.627930
4.091797
4.487305
4.760742
4.975586
5.092773
5.092773
4.965820
4.711914
4.414062
3.999023
3.569336
3.037109
2.509766
1.977539
1.440430
0.961914
0.541992
0.200195
-0.034180
-0.205078
-0.278320
-0.229492
-0.039062
0.229492
0.522461
0.991211
1.435547
1.953125
2.509766
3.022461
3.559570
3.984375
4.384766
4.741211
4.921875
5.063477
5.083008
5.004883
4.848633
4.521484
4.130859
3.710938
3.232422
2.685547
2.138672
1.606445
1.118164
0.683594
0.341797
0.000000
-0.185547
-0.219727
-0.166016
-0.058594
0.156250
0.468750
0.859375
1.391602
1.918945
2.436523
2.949219
3.530273
3.935547
4.355469
4.726562
4.975586
5.068359
5.141602
5.112305
4.892578
4.619141
4.248047
3.837891
3.334961
2.832031
2.265625
1.757812
1.230469
0.781250
0.366211
0.078125
-0.156250
-0.263672
-0.214844
-0.112305
0.063477
0.395508
0.791016
1.250000
1.752930
2.250977
2.822266
3.354492
3.828125
4.238281
4.648438
4.892578
5.009766
5.126953
5.092773
4.916992
4.692383
4.355469
3.886719
3.427734
2.944336
2.416992
1.831055
1.328125
0.874023
0.498047
0.117188
-0.117188
-0.258789
-0.278320
-0.205078
0.000000
0.258789
0.659180
1.064453
1.562500
2.089844
2.651367
3.178711
3.647461
4.096680
4.511719
4.770508
4.965820
5.083008
5.063477
4.960938
4.741211
4.428711
4.057617
3.574219
3.071289
2.539062
2.001953
1.459961
0.981445
0.537109
0.195312
-0.034180
-0.219727
-0.278320
-0.219727
-0.073242
0.239258
0.561523
0.976562
1.455078
1.958008
2.543945
3.061523
3.569336
3.984375
4.399414
4.741211
4.936523
5.083008
5.078125
4.975586
4.819336
4.472656
4.121094
3.671875
3.203125
2.690430
2.133789
1.542969
1.020508
0.634766
0.302734
0.019531
-0.185547
-0.322266
-0.273438
-0.063477
0.161133
0.454102
0.878906
1.313477
1.850586
2.416992
2.968750
3.452148
3.950195
4.350586
4.682617
4.921875
5.058594
5.107422
5.034180
4.873047
4.584961
4.228516
3.798828
3.310547
2.807617
2.260742
1.708984
1.181641
0.756836
0.361328
0.053711
-0.156250
-0.258789
-0.224609
-0.166016
0.083008
0.346680
0.751953
1.201172
1.738281
2.250977
2.783203
3.339844
3.833008
4.262695
4.619141
4.887695
5.058594
5.146484
5.112305
4.926758
4.692383
4.384766
3.984375
3.476562
2.939453
2.402344
1.860352
1.328125
0.869141
0.468750
0.107422
-0.097656
-0.268555
-0.288086
-0.214844
-0.024414
0.288086
0.654297
1.088867
1.582031
2.094727
2.631836
3.222656
3.691406
4.140625
4.482422
4.765625
5.019531
5.107422
5.097656
4.975586
4.770508
4.448242
4.052734
3.574219
3.066406
2.568359
2.001953
1.469727
1.000977
0.585938
0.205078
-0.024414
-0.200195
-0.224609
-0.185547
-0.004883
0.224609
0.566406
1.015625
1.469727
2.021484
2.519531
3.081055
3.554688
4.042969
4.453125
4.760742
5.009766
5.112305
5.078125
5.053711
4.819336
4.570312
4.160156
3.730469
3.271484
2.734375
2.167969
1.655273
1.132812
0.737305
0.366211
0.078125
-0.161133
-0.253906
-0.195312
-0.048828
0.209961
0.507812
0.903320
1.401367
1.909180
2.460938
2.983398
3.491211
3.999023
4.365234
4.746094
4.951172
5.126953
5.136719
5.097656
4.921875
4.672852
4.287109
3.828125
3.374023
2.812500
2.285156
1.723633
1.269531
0.776367
0.410156
0.063477
-0.136719
-0.195312
-0.224609
-0.117188
0.087891
0.385742
0.786133
1.245117
1.718750
2.265625
2.797852
3.364258
3.818359
4.287109
4.604492
4.882812
5.039062
5.092773
5.107422
4.936523
4.667969
4.311523
3.916016
3.417969
2.949219
2.426758
1.875000
1.323242
0.825195
0.458984
0.161133
-0.107422
-0.234375
-0.263672
-0.175781
-0.009766
0.273438
0.634766
1.088867
1.572266
2.084961
2.622070
3.164062
3.666992
4.116211
4.467773
4.760742
4.951172
5.068359
5.029297
4.941406
4.746094
4.423828
4.018555
3.540039
3.076172
2.500000
1.992188
1.469727
0.976562
0.551758
0.205078
-0.063477
-0.214844
-0.273438
-0.224609
-0.087891
0.234375
0.585938
0.991211
1.464844
1.982422
2.495117
3.041992
3.520508
4.008789
4.404297
4.731445
4.965820
5.078125
5.083008
5.039062
4.824219
4.531250
4.125977
3.627930
3.159180
2.690430
2.089844
1.572266
1.103516
0.644531
0.302734
0.000000
-0.180664
-0.278320
-0.258789
-0.102539
0.141602
0.468750
0.913086
1.347656
1.879883
2.373047
2.919922
3.427734
3.945312
4.360352
4.677734
4.975586
5.058594
5.117188
5.039062
4.858398
4.575195
4.233398
3.803711
3.295898
2.802734
2.250977
1.679688
1.235352
0.781250
0.385742
0.078125
-0.141602
-0.249023
-0.249023
-0.146484
0.063477
0.380859
0.781250
1.220703
1.704102
2.260742
2.783203
3.339844
3.847656
4.252930
4.584961
4.863281
5.063477
5.166016
5.102539
4.956055
4.682617
4.370117
3.984375
3.481445
2.954102
2.382812
1.860352
1.328125
0.854492
0.424805
0.107422
-0.126953
-0.258789
-0.312500
-0.209961
-0.024414
0.273438
0.649414
1.108398
1.572266
2.148438
2.631836
3.164062
3.657227
4.116211
4.458008
4.799805
4.970703
5.078125
5.073242
4.951172
4.760742
4.443359
4.013672
3.574219
3.061523
2.534180
1.992188
1.459961
0.986328
0.537109
0.185547
-0.043945
-0.209961
-0.283203
-0.205078
-0.068359
0.214844
0.556641
0.986328
1.479492
1.972656
2.543945
3.046875
3.574219
4.013672
4.414062
4.736328
4.995117
5.087891
5.112305
4.995117
4.833984
4.506836
4.165039
3.671875
3.183594
2.666016
2.153320
1.606445
1.093750
0.688477
0.302734
0.024414
-0.166016
-0.239258
-0.229492
-0.073242
0.156250
0.468750
0.874023
1.372070
1.870117
2.436523
2.934570
3.486328
3.920898
4.375000
4.716797
4.960938
5.107422
5.117188
5.097656
4.926758
4.614258
4.277344
3.813477
3.408203
2.832031
2.275391
1.718750
1.206055
0.776367
0.366211
0.068359
-0.166016
-0.249023
-0.249023
-0.107422
0.078125
0.390625
0.747070
1.269531
1.723633
2.246094
2.797852
3.325195
3.803711
4.257812
4.594727
4.873047
5.034180
5.102539
5.068359
4.912109
4.692383
4.291992
3.945312
3.457031
2.910156
2.402344
1.860352
1.308594
0.864258
0.478516
0.156250
-0.112305
-0.268555
-0.268555
-0.224609
0.019531
0.258789
0.649414
1.059570
1.572266
2.119141
2.631836
3.183594
3.676758
4.135742
4.492188
4.760742
4.960938
5.083008
5.053711
4.936523
4.731445
4.433594
4.018555
3.598633
3.085938
2.543945
1.992188
1.469727
0.976562
0.571289
0.234375
-0.048828
-0.209961
-0.273438
-0.205078
-0.053711
0.244141
0.541992
0.961914
1.440430
1.992188
2.534180
3.061523
3.569336
4.003906
4.394531
4.750977
4.956055
5.063477
5.078125
4.995117
4.814453
4.492188
4.130859
3.691406
3.212891
2.666016
2.109375
1.591797
1.083984
0.678711
0.317383
0.009766
-0.185547
-0.302734
-0.234375
-0.097656
0.185547
0.493164
0.903320
1.303711
1.855469
2.382812
2.939453
