1.923828
1.420898
0.917969
0.449219
0.180664
-0.048828
-0.214844
-0.224609
-0.175781
-0.004883
0.332031
0.649414
1.108398
1.586914
2.119141
2.656250
3.183594
3.691406
4.160156
4.516602
4.809570
4.965820
5.136719
5.058594
4.975586
4.785156
4.472656
4.018555
3.583984
3.120117
2.558594
2.055664
1.508789
1.015625
0.590820
0.263672
-0.024414
-0.219727
-0.268555
-0.229492
-0.034180
0.229492
0.581055
0.942383
1.445312
1.923828
2.509766
2.983398
3.515625
3.964844
4.360352
4.721680
4.921875
5.078125
5.073242
5.000000
4.819336
4.511719
4.135742
3.710938
3.203125
2.680664
2.143555
1.582031
1.127930
0.668945
0.268555
-0.024414
-0.190430
-0.273438
-0.283203
-0.151367
0.068359
0.410156
0.825195
1.298828
1.806641
2.353516
2.900391
3.417969
3.891602
4.306641
4.643555
4.907227
5.058594
5.107422
5.039062
4.863281
4.633789
4.282227
3.828125
3.315430
2.802734
2.314453
1.723633
1.235352
0.747070
0.390625
0.078125
-0.161133
-0.263672
-0.268555
-0.180664
0.043945
0.371094
0.717773
1.147461
1.699219
2.241211
2.749023
3.315430
3.715820
4.194336
4.604492
4.814453
4.985352
5.039062
5.063477
4.926758
4.707031
4.370117
3.920898
3.500977
2.988281
2.460938
1.870117
1.381836
0.917969
0.493164
0.161133
-0.102539
-0.209961
-0.239258
-0.214844
-0.014648
0.244141
0.639648
1.079102
1.586914
2.041016
2.612305
3.178711
3.642578
4.116211
4.511719
4.760742
4.990234
5.097656
5.097656
4.985352
4.765625
4.448242
4.067383
3.608398
3.095703
2.539062
2.026367
1.499023
1.020508
0.581055
0.214844
-0.039062
-0.185547
-0.239258
-0.234375
-0.087891
0.170898
0.556641
0.976562
1.435547
1.967773
2.470703
3.051758
3.554688
3.989258
4.389648
4.692383
4.916992
5.078125
5.068359
5.004883
4.780273
4.497070
4.101562
3.676758
3.208008
2.695312
2.148438
1.625977
1.093750
0.668945
0.273438
0.029297
-0.195312
-0.253906
-0.273438
-0.117188
0.107422
0.424805
0.810547
1.279297
1.801758
2.333984
2.885742
3.383789
3.911133
4.306641
4.638672
4.916992
5.058594
5.073242
5.053711
4.873047
4.599609
4.272461
3.823242
3.334961
2.851562
2.324219
1.748047
1.259766
0.810547
0.371094
0.048828
-0.146484
-0.258789
-0.244141
-0.141602
0.019531
0.356445
0.732422
1.186523
1.674805
2.197266
2.778320
3.310547
3.808594
4.179688
4.580078
4.877930
5.083008
5.190430
5.131836
4.975586
4.702148
4.365234
3.984375
3.535156
3.002930
2.416992
1.894531
1.367188
0.898438
0.488281
0.175781
-0.073242
-0.190430
-0.253906
-0.180664
-0.014648
0.273438
0.664062
1.093750
1.616211
2.148438
2.656250
3.212891
3.691406
4.140625
4.541016
4.790039
5.043945
5.073242
5.097656
4.985352
4.765625
4.448242
4.091797
3.623047
3.095703
2.578125
2.021484
1.513672
1.049805
0.566406
0.253906
-0.029297
-0.190430
-0.268555
-0.244141
-0.063477
0.166016
0.546875
0.957031
1.416016
1.948242
2.446289
3.027344
3.554688
3.999023
4.414062
4.716797
4.956055
5.063477
5.078125
4.990234
4.819336
4.550781
4.140625
3.754883
3.178711
2.680664
2.119141
1.640625
1.118164
0.639648
0.283203
0.000000
-0.224609
-0.273438
-0.268555
-0.161133
0.097656
0.390625
0.839844
1.293945
1.787109
2.333984
2.890625
3.437500
3.901367
4.326172
4.658203
4.926758
5.073242
5.126953
5.034180
4.892578
4.599609
4.238281
3.813477
3.344727
2.807617
2.275391
1.757812
1.254883
0.781250
0.400391
0.063477
-0.112305
-0.249023
-0.258789
-0.180664
0.058594
0.371094
0.708008
1.196289
1.684570
2.197266
2.749023
3.291016
3.754883
4.140625
4.555664
4.858398
5.014648
5.117188
5.019531
4.956055
4.687500
4.360352
3.930664
3.505859
2.973633
2.436523
1.894531
1.381836
0.898438
0.463867
0.190430
-0.107422
-0.214844
-0.273438
-0.185547
-0.019531
0.249023
0.600586
1.040039
1.542969
2.084961
2.612305
3.168945
3.657227
4.072266
4.506836
4.780273
4.980469
5.102539
5.073242
4.965820
4.775391
4.458008
4.052734
3.623047
3.105469
2.529297
1.997070
1.464844
1.000977
0.576172
0.224609
-0.039062
-0.214844
-0.258789
-0.180664
-0.043945
0.209961
0.541992
0.971680
1.459961
1.943359
2.475586
3.027344
3.583984
4.003906
4.453125
4.707031
4.946289
5.073242
5.097656
4.980469
4.790039
4.501953
4.174805
3.691406
3.227539
2.646484
2.133789
1.616211
1.108398
0.625000
0.253906
-0.019531
-0.195312
-0.278320
-0.244141
-0.136719
0.122070
0.419922
0.834961
1.303711
1.821289
2.338867
2.885742
3.408203
3.872070
4.291992
4.663086
4.902344
5.034180
5.092773
5.058594
4.897461
4.624023
4.257812
3.823242
3.359375
2.812500
2.290039
1.713867
1.215820
0.766602
0.395508
0.097656
-0.146484
-0.239258
-0.288086
-0.141602
0.039062
0.346680
0.703125
1.191406
1.713867
2.197266
2.788086
3.330078
3.774414
4.218750
4.580078
4.868164
5.024414
5.136719
5.048828
4.985352
4.750977
4.360352
3.955078
3.496094
2.978516
2.402344
1.914062
1.391602
0.898438
0.493164
0.185547
-0.063477
-0.209961
-0.214844
-0.200195
-0.029297
0.312500
0.644531
1.127930
1.606445
2.119141
2.646484
3.178711
3.720703
4.150391
4.541016
4.843750
5.034180
5.117188
5.092773
4.970703
4.736328
4.453125
4.062500
3.662109
3.115234
2.553711
2.050781
1.523438
1.040039
0.610352
0.239258
-0.068359
-0.229492
-0.229492
-0.214844
-0.117188
0.229492
0.546875
0.966797
1.430664
1.938477
2.509766
2.988281
3.554688
3.984375
4.389648
4.726562
4.960938
5.063477
5.112305
5.019531
4.804688
4.536133
4.189453
3.730469
3.203125
2.646484
2.167969
1.611328
1.147461
0.654297
0.302734
-0.004883
-0.185547
-0.239258
-0.263672
-0.131836
0.097656
0.424805
0.815430
1.274414
1.791992
2.329102
2.905273
3.413086
3.886719
4.291992
4.658203
4.907227
5.034180
5.083008
5.058594
4.853516
4.628906
4.277344
3.847656
3.330078
2.836914
2.255859
1.772461
1.250000
0.771484
0.385742
0.073242
-0.161133
-0.273438
-0.268555
-0.136719
0.039062
0.327148
0.703125
1.152344
1.665039
2.221680
2.753906
3.232422
3.754883
4.228516
4.560547
4.882812
5.009766
5.092773
5.043945
4.916992
4.697266
4.365234
3.945312
3.461914
3.012695
2.465820
1.889648
1.411133
0.927734
0.468750
0.190430
-0.097656
-0.239258
-0.263672
-0.200195
-0.004883
0.258789
0.625000
1.054688
1.557617
2.070312
2.626953
3.159180
3.632812
4.096680
4.487305
4.824219
4.985352
5.063477
5.092773
4.956055
4.780273
4.458008
4.042969
3.603516
3.081055
2.573242
2.011719
1.479492
1.049805
0.571289
0.219727
-0.039062
-0.249023
-0.249023
-0.214844
-0.078125
0.219727
0.537109
0.957031
1.459961
1.958008
2.460938
3.076172
3.554688
4.008789
4.394531
4.697266
4.916992
5.058594
5.063477
4.980469
4.750977
4.511719
4.111328
3.701172
3.168945
2.636719
2.138672
1.577148
1.108398
0.639648
0.278320
0.019531
-0.151367
-0.273438
-0.239258
-0.156250
0.078125
0.419922
0.859375
1.308594
1.782227
2.333984
2.871094
3.393555
3.881836
4.311523
4.638672
4.902344
5.063477
5.102539
5.034180
4.858398
4.594727
4.287109
3.823242
3.315430
2.812500
2.270508
1.752930
1.240234
0.795898
0.371094
0.097656
-0.166016
-0.288086
-0.278320
-0.136719
0.039062
0.361328
0.732422
1.166992
1.679688
2.241211
2.768555
3.281250
3.784180
4.204102
4.584961
4.892578
5.063477
5.092773
5.083008
4.931641
4.716797
4.384766
3.935547
3.486328
2.998047
2.446289
1.928711
1.376953
0.898438
0.512695
0.190430
-0.029297
-0.234375
-0.258789
-0.175781
-0.019531
0.332031
0.678711
1.108398
1.562500
2.080078
2.607422
3.164062
3.681641
4.135742
4.536133
4.785156
4.990234
5.078125
5.097656
4.975586
4.755859
4.448242
4.082031
3.588867
3.085938
2.568359
1.987305
1.479492
0.986328
0.581055
0.249023
-0.039062
-0.214844
-0.283203
-0.214844
-0.073242
0.180664
0.561523
0.957031
1.381836
1.928711
2.495117
3.027344
3.535156
4.038086
4.384766
4.726562
4.975586
5.063477
5.097656
5.034180
4.760742
4.565430
4.145508
3.710938
3.222656
2.685547
2.138672
1.601562
1.093750
0.629883
0.273438
0.019531
-0.156250
-0.268555
-0.263672
-0.146484
0.029297
0.424805
0.839844
1.293945
1.806641
2.329102
2.895508
3.378906
3.906250
4.291992
4.633789
4.926758
5.048828
5.102539
5.053711
4.863281
4.624023
4.272461
3.847656
3.334961
2.788086
2.250977
1.767578
1.220703
0.791016
0.385742
0.063477
-0.156250
-0.268555
-0.297852
-0.180664
0.053711
0.332031
0.703125
1.166992
1.679688
2.158203
2.753906
3.261719
3.769531
4.199219
4.550781
4.853516
5.029297
5.073242
5.043945
4.936523
4.711914
4.340820
3.901367
3.471680
2.978516
2.426758
1.899414
1.376953
0.893555
0.478516
0.185547
-0.117188
-0.200195
-0.273438
-0.200195
-0.004883
0.288086
0.571289
1.079102
1.562500
2.060547
2.587891
3.139648
3.652344
4.082031
4.516602
4.785156
4.975586
5.083008
5.083008
4.970703
4.765625
4.423828
4.062500
3.652344
3.081055
2.534180
2.011719
1.479492
0.991211
0.595703
0.205078
-0.048828
-0.195312
-0.268555
-0.209961
-0.058594
0.200195
0.551758
0.976562
1.411133
1.992188
2.485352
3.007812
3.515625
3.999023
4.414062
4.741211
4.960938
5.029297
5.112305
4.956055
4.799805
4.492188
4.155273
3.666992
3.222656
2.666016
2.119141
1.616211
1.088867
0.639648
0.283203
-0.009766
-0.195312
-0.234375
-0.244141
-0.131836
0.083008
0.395508
0.815430
1.308594
1.816406
2.324219
2.885742
3.393555
3.867188
4.306641
4.614258
4.897461
5.039062
5.112305
5.058594
4.868164
4.628906
4.277344
3.828125
3.349609
2.836914
2.299805
1.748047
1.250000
0.766602
0.380859
0.083008
-0.102539
-0.258789
-0.258789
-0.156250
0.039062
0.297852
0.751953
1.220703
1.679688
2.246094
2.753906
3.320312
3.813477
4.218750
4.580078
4.858398
5.019531
5.131836
5.087891
4.975586
4.726562
4.389648
3.930664
3.457031
2.988281
2.485352
1.909180
1.367188
0.874023
0.483398
0.156250
-0.078125
-0.200195
-0.244141
-0.200195
-0.004883
0.292969
0.629883
1.098633
1.557617
2.099609
2.631836
3.198242
3.715820
4.174805
4.541016
4.804688
5.039062
5.092773
5.092773
4.980469
4.760742
4.428711
4.047852
3.588867
3.125000
2.607422
2.055664
1.499023
0.996094
0.585938
0.244141
-0.058594
-0.224609
-0.244141
-0.209961
-0.083008
0.190430
0.561523
0.922852
1.464844
1.967773
2.514648
2.983398
3.549805
4.023438
4.414062
4.702148
4.931641
5.063477
5.097656
5.019531
4.814453
4.570312
4.165039
3.740234
3.261719
2.705078
2.128906
1.577148
1.123047
0.668945
0.297852
0.019531
-0.200195
-0.273438
-0.273438
-0.141602
0.102539
0.429688
0.825195
1.274414
1.811523
2.343750
2.890625
3.413086
3.901367
4.306641
4.648438
4.907227
5.063477
5.112305
5.053711
4.858398
4.643555
4.233398
3.862305
3.359375
2.827148
2.319336
1.733398
1.284180
0.771484
0.371094
0.058594
-0.117188
-0.244141
-0.224609
-0.156250
0.019531
0.346680
0.722656
1.196289
1.674805
2.177734
2.749023
3.271484
3.769531
4.199219
4.541016
4.892578
5.034180
5.092773
5.078125
4.951172
4.648438
4.355469
3.950195
3.515625
2.963867
2.421875
1.938477
1.435547
0.932617
0.498047
0.180664
-0.126953
-0.205078
-0.292969
-0.209961
-0.053711
0.278320
0.625000
1.059570
1.523438
2.055664
2.612305
3.149414
3.652344
4.091797
4.506836
4.785156
4.995117
5.078125
5.063477
5.009766
4.780273
4.453125
4.033203
3.608398
3.056641
2.543945
2.026367
1.523438
1.000977
0.595703
0.239258
-0.039062
-0.180664
-0.258789
-0.219727
-0.039062
0.180664
0.507812
0.961914
1.430664
1.962891
2.460938
3.032227
3.549805
4.038086
4.433594
4.707031
4.921875
5.102539
5.131836
4.990234
4.814453
4.516602
4.150391
3.715820
3.212891
2.695312
2.143555
1.601562
1.123047
0.688477
0.336914
-0.014648
-0.180664
-0.297852
-0.268555
-0.112305
0.053711
0.415039
0.830078
1.323242
1.806641
2.353516
2.885742
3.457031
3.911133
4.326172
4.648438
4.897461
5.043945
5.097656
5.043945
4.897461
4.594727
4.233398
3.833008
3.330078
2.822266
2.314453
1.777344
1.264648
0.771484
0.405273
0.097656
-0.136719
-0.268555
-0.268555
-0.126953
0.039062
0.332031
0.751953
1.201172
1.679688
2.182617
2.753906
3.295898
3.808594
4.165039
4.565430
4.868164
5.039062
5.161133
5.141602
4.980469
4.741211
4.399414
3.979492
3.486328
3.002930
2.470703
1.884766
1.386719
0.922852
0.546875
0.224609
-0.058594
-0.205078
-0.278320
-0.175781
0.024414
0.292969
0.649414
1.064453
1.552734
2.075195
2.651367
3.198242
3.710938
4.125977
4.501953
4.755859
5.024414
5.102539
5.102539
4.995117
4.721680
4.462891
4.062500
3.603516
3.066406
2.568359
1.997070
1.494141
1.064453
0.595703
0.200195
-0.053711
-0.205078
-0.239258
-0.205078
-0.053711
0.200195
0.512695
0.971680
1.445312
1.953125
2.490234
3.007812
3.535156
4.042969
4.379883
4.716797
4.960938
5.102539
5.092773
4.990234
4.833984
4.545898
4.150391
3.740234
3.193359
2.685547
2.128906
1.645508
1.103516
0.698242
0.283203
0.009766
-0.156250
-0.239258
-0.273438
-0.131836
0.122070
0.434570
0.864258
1.289062
1.791992
2.324219
2.905273
3.437500
3.901367
4.321289
4.648438
4.897461
5.063477
5.112305
5.053711
4.892578
4.638672
4.272461
3.862305
3.344727
2.792969
2.304688
1.772461
1.230469
0.776367
0.380859
0.131836
-0.131836
-0.219727
-0.249023
-0.126953
0.029297
0.327148
0.742188
1.181641
1.669922
2.177734
2.792969
3.242188
3.754883
4.189453
4.580078
4.873047
5.058594
5.083008
5.068359
4.941406
4.702148
4.360352
3.945312
3.491211
2.944336
2.431641
1.879883
1.372070
0.893555
0.493164
0.170898
-0.107422
-0.214844
-0.273438
-0.170898
0.009766
0.273438
0.615234
1.064453
1.567383
2.060547
2.617188
3.120117
3.652344
4.091797
4.501953
4.780273
4.990234
5.107422
5.063477
5.000000
4.760742
4.433594
4.018555
3.608398
3.095703
2.558594
2.031250
1.474609
1.010742
0.581055
0.229492
-0.043945
-0.209961
-0.278320
-0.214844
-0.043945
0.185547
0.537109
0.957031
1.445312
1.928711
2.519531
3.046875
3.554688
4.003906
4.335938
4.707031
4.931641
5.048828
5.083008
4.995117
4.799805
4.531250
4.150391
3.715820
3.193359
2.656250
2.133789
1.591797
1.142578
0.639648
0.322266
0.009766
-0.146484
-0.249023
-0.258789
-0.185547
0.107422
0.429688
0.859375
1.303711
1.791992
2.329102
2.880859
3.388672
3.911133
4.301758
4.667969
4.887695
5.039062
5.107422
5.058594
4.897461
4.594727
4.262695
3.847656
3.339844
2.827148
2.285156
1.738281
1.240234
0.800781
0.371094
0.083008
-0.156250
-0.239258
-0.224609
-0.146484
0.009766
0.312500
0.751953
1.147461
1.738281
2.216797
2.753906
3.291016
3.759766
4.208984
4.555664
4.873047
5.029297
5.107422
5.073242
4.946289
4.716797
4.375000
3.955078
3.471680
2.973633
2.456055
1.909180
1.367188
0.874023
0.498047
0.185547
-0.073242
-0.219727
-0.273438
-0.180664
0.043945
0.317383
0.629883
1.083984
1.567383
2.133789
2.670898
3.178711
3.686523
4.140625
4.526367
4.804688
5.034180
5.117188
5.117188
4.960938
4.770508
4.433594
4.072266
3.574219
3.100586
2.607422
2.050781
1.479492
1.005859
0.634766
0.234375
-0.063477
-0.200195
-0.258789
-0.214844
-0.034180
0.185547
0.532227
0.957031
1.464844
1.923828
2.490234
3.051758
3.510742
4.003906
4.409180
4.755859
4.936523
5.063477
5.092773
4.980469
4.794922
4.589844
4.169922
3.696289
3.212891
2.690430
2.128906
1.655273
1.113281
0.639648
0.307617
0.048828
-0.161133
-0.249023
-0.278320
-0.175781
0.058594
0.405273
0.844727
1.293945
1.811523
2.314453
2.900391
3.427734
3.906250
4.296875
4.658203
4.912109
5.048828
5.117188
5.058594
4.853516
4.619141
4.321289
3.833008
3.334961
2.822266
2.280273
1.757812
1.230469
0.791016
0.380859
0.068359
-0.107422
-0.273438
-0.258789
-0.170898
0.063477
0.375977
0.717773
1.162109
1.650391
2.246094
2.773438
3.339844
3.764648
4.179688
4.638672
4.853516
4.995117
5.063477
5.073242
4.931641
4.716797
4.394531
3.935547
3.452148
2.963867
2.421875
1.870117
1.362305
0.878906
0.483398
0.146484
-0.063477
-0.234375
-0.258789
-0.166016
-0.014648
0.263672
0.664062
1.035156
1.562500
2.075195
2.592773
3.164062
3.691406
4.140625
4.497070
4.775391
4.960938
5.112305
5.097656
4.956055
4.765625
4.438477
4.057617
3.618164
3.076172
2.563477
1.982422
1.489258
1.010742
0.556641
0.214844
-0.048828
-0.195312
-0.273438
-0.185547
-0.083008
0.190430
0.541992
0.986328
1.396484
1.928711
2.470703
3.085938
3.530273
4.047852
4.394531
4.726562
4.960938
5.078125
5.107422
5.000000
4.819336
4.526367
4.150391
3.681641
3.208008
2.690430
2.138672
1.577148
1.098633
0.683594
0.258789
0.004883
-0.185547
-0.268555
-0.253906
-0.112305
0.107422
0.449219
0.859375
1.308594
1.821289
2.324219
2.924805
3.432617
3.872070
4.301758
4.653320
4.907227
5.092773
5.112305
5.063477
4.873047
4.614258
4.272461
3.808594
3.330078
2.773438
2.290039
1.752930
1.215820
0.810547
0.410156
0.073242
-0.141602
-0.234375
-0.268555
-0.185547
0.019531
0.336914
0.722656
1.152344
1.704102
2.172852
2.763672
3.305664
3.774414
4.199219
4.565430
4.853516
5.034180
5.083008
5.122070
4.926758
4.687500
4.365234
3.935547
3.491211
3.002930
2.465820
1.899414
1.367188
0.903320
0.532227
0.170898
-0.063477
-0.205078
-0.205078
-0.175781
0.000000
0.322266
0.625000
1.083984
1.567383
2.089844
2.666016
3.193359
3.681641
4.155273
4.501953
4.799805
5.029297
5.117188
5.107422
4.960938
4.775391
4.423828
4.057617
3.608398
3.110352
2.592773
2.016602
1.513672
1.015625
0.600586
0.224609
-0.048828
-0.175781
-0.263672
-0.190430
-0.073242
0.195312
0.537109
0.981445
1.479492
1.909180
2.495117
3.046875
3.544922
4.003906
4.414062
4.736328
4.941406
5.058594
5.126953
4.985352
4.804688
4.570312
4.135742
3.715820
3.212891
2.700195
2.158203
1.596680
1.113281
0.649414
0.292969
0.004883
-0.170898
-0.253906
-0.268555
-0.146484
0.073242
0.400391
0.854492
1.298828
1.816406
2.343750
2.885742
3.398438
3.896484
4.267578
4.653320
4.882812
5.058594
5.117188
5.039062
4.863281
4.624023
4.238281
3.813477
3.334961
2.832031
2.285156
1.752930
1.269531
0.800781
0.361328
0.048828
-0.122070
-0.234375
-0.263672
-0.156250
0.073242
0.351562
0.717773
1.137695
1.694336
2.221680
2.753906
3.271484
3.769531
4.165039
4.599609
4.882812
5.009766
5.073242
5.058594
4.931641
4.721680
4.335938
3.881836
3.486328
3.002930
2.446289
1.928711
1.337891
0.869141
0.507812
0.175781
-0.092773
-0.205078
-0.253906
-0.185547
-0.024414
0.292969
0.634766
1.054688
1.547852
2.084961
2.656250
3.139648
3.637695
4.091797
4.482422
4.790039
4.995117
5.092773
5.078125
4.990234
4.741211
4.433594
4.038086
3.588867
3.085938
2.563477
2.021484
1.425781
1.035156
0.585938
0.214844
-0.058594
-0.190430
-0.263672
-0.234375
-0.058594
0.195312
0.551758
0.986328
1.445312
1.938477
2.480469
3.037109
3.535156
4.033203
4.355469
4.750977
4.941406
5.073242
5.063477
4.975586
4.838867
4.555664
4.155273
3.696289
3.193359
2.705078
2.138672
1.606445
1.088867
0.659180
0.297852
0.024414
-0.180664
-0.268555
-0.258789
-0.112305
0.126953
0.439453
0.830078
1.274414
1.791992
2.358398
2.900391
3.417969
3.867188
4.311523
4.619141
4.897461
5.058594
5.131836
5.058594
4.882812
4.584961
4.306641
3.823242
3.354492
2.846680
2.255859
1.752930
1.225586
0.776367
0.390625
0.063477
-0.122070
-0.278320
-0.253906
-0.224609
0.063477
0.346680
0.771484
1.171875
1.694336
2.211914
2.773438
3.339844
3.784180
4.223633
4.565430
4.877930
5.014648
5.117188
5.083008
4.960938
4.702148
4.345703
3.964844
3.500977
3.022461
2.436523
1.894531
1.357422
0.957031
0.493164
0.214844
-0.112305
-0.253906
-0.263672
-0.209961
0.014648
0.278320
0.625000
1.079102
1.567383
2.114258
2.651367
3.178711
3.706055
4.072266
4.511719
4.819336
5.004883
5.122070
5.083008
4.985352
4.770508
4.443359
4.047852
3.623047
3.149414
2.548828
2.001953
1.503906
1.000977
0.546875
0.273438
-0.058594
-0.175781
-0.249023
-0.200195
-0.102539
0.180664
0.527344
0.942383
1.445312
1.953125
2.500000
2.983398
