2.167969
1.616211
1.123047
0.732422
0.322266
0.024414
-0.156250
-0.234375
-0.175781
-0.053711
0.161133
0.434570
0.893555
1.342773
1.884766
2.382812
2.963867
3.452148
3.994141
4.379883
4.707031
4.946289
5.097656
5.117188
5.029297
4.843750
4.594727
4.252930
3.808594
3.271484
2.773438
2.285156
1.708984
1.196289
0.737305
0.371094
0.048828
-0.131836
-0.249023
-0.229492
-0.117188
0.058594
0.405273
0.766602
1.210938
1.708984
2.241211
2.788086
3.310547
3.784180
4.248047
4.584961
4.877930
5.034180
5.083008
5.043945
4.887695
4.653320
4.321289
3.881836
3.417969
2.895508
2.377930
1.835938
1.313477
0.834961
0.434570
0.136719
-0.112305
-0.239258
-0.278320
-0.180664
0.024414
0.302734
0.664062
1.113281
1.596680
2.158203
2.646484
3.183594
3.701172
4.130859
4.531250
4.819336
5.009766
5.117188
5.058594
4.970703
4.750977
4.379883
4.028320
3.549805
3.076172
2.543945
1.948242
1.479492
0.937500
0.532227
0.185547
-0.083008
-0.205078
-0.283203
-0.180664
-0.039062
0.190430
0.517578
0.966797
1.464844
1.997070
2.534180
3.066406
3.579102
4.062500
4.462891
4.780273
5.009766
5.131836
5.136719
5.053711
4.814453
4.550781
4.140625
3.696289
3.203125
2.641602
2.109375
1.572266
1.103516
0.644531
0.292969
0.014648
-0.195312
-0.253906
-0.268555
-0.068359
0.131836
0.488281
0.913086
1.367188
1.860352
2.387695
2.949219
3.466797
3.906250
4.370117
4.687500
4.936523
5.087891
5.131836
5.078125
4.882812
4.609375
4.248047
3.823242
3.320312
2.827148
2.265625
1.757812
1.225586
0.761719
0.385742
0.092773
-0.131836
-0.253906
-0.253906
-0.175781
0.039062
0.361328
0.737305
1.186523
1.694336
2.207031
2.768555
3.276367
3.813477
4.204102
4.604492
4.863281
5.039062
5.151367
5.053711
4.936523
4.667969
4.326172
3.906250
3.437500
2.900391
2.392578
1.835938
1.347656
0.859375
0.434570
0.136719
-0.073242
-0.234375
-0.283203
-0.205078
0.029297
0.312500
0.668945
1.103516
1.577148
2.143555
2.661133
3.203125
3.730469
4.150391
4.526367
4.785156
5.000000
5.102539
5.092773
4.946289
4.750977
4.428711
4.018555
3.559570
3.061523
2.558594
1.958008
1.474609
0.986328
0.585938
0.224609
-0.029297
-0.175781
-0.244141
-0.200195
0.014648
0.278320
0.571289
0.981445
1.489258
2.045898
2.612305
3.105469
3.588867
4.062500
4.438477
4.794922
4.990234
5.083008
5.175781
5.078125
4.863281
4.589844
4.155273
3.735352
3.247070
2.695312
2.128906
1.611328
1.123047
0.644531
0.332031
0.043945
-0.146484
-0.214844
-0.214844
-0.087891
0.166016
0.512695
0.913086
1.337891
1.850586
2.402344
2.944336
3.476562
3.945312
4.384766
4.726562
4.946289
5.083008
5.136719
5.058594
4.877930
4.648438
4.243164
3.769531
3.320312
2.832031
2.275391
1.748047
1.210938
0.766602
0.380859
0.068359
-0.122070
-0.239258
-0.283203
-0.136719
0.102539
0.390625
0.781250
1.186523
1.699219
2.226562
2.788086
3.300781
3.798828
4.233398
4.580078
4.858398
5.034180
5.087891
5.053711
4.907227
4.638672
4.316406
3.881836
3.432617
2.900391
2.358398
1.796875
1.303711
0.893555
0.458984
0.151367
-0.092773
-0.229492
-0.258789
-0.175781
0.019531
0.336914
0.673828
1.079102
1.567383
2.109375
2.705078
3.203125
3.730469
4.145508
4.501953
4.819336
5.004883
5.097656
5.092773
4.965820
4.736328
4.409180
4.038086
3.593750
3.061523
2.509766
2.011719
1.445312
0.981445
0.512695
0.180664
-0.043945
-0.200195
-0.263672
-0.249023
-0.043945
0.214844
0.522461
0.986328
1.499023
1.962891
2.480469
3.032227
3.618164
4.067383
4.482422
4.790039
5.000000
5.131836
5.112305
5.000000
4.790039
4.511719
4.130859
3.715820
3.168945
2.622070
2.075195
1.582031
1.103516
0.649414
0.263672
-0.019531
-0.214844
-0.268555
-0.224609
-0.083008
0.151367
0.424805
0.854492
1.347656
1.879883
2.373047
2.924805
3.476562
3.964844
4.331055
4.667969
4.936523
5.053711
5.126953
5.048828
4.873047
4.633789
4.238281
3.842773
3.344727
2.792969
2.231445
1.704102
1.235352
0.786133
0.380859
0.097656
-0.117188
-0.268555
-0.268555
-0.122070
0.043945
0.351562
0.722656
1.191406
1.689453
2.226562
2.778320
3.291016
3.774414
4.262695
4.545898
4.858398
5.039062
5.097656
5.073242
4.921875
4.667969
4.326172
3.896484
3.417969
2.924805
2.387695
1.875000
1.337891
0.874023
0.454102
0.117188
-0.107422
-0.239258
-0.263672
-0.185547
0.009766
0.273438
0.664062
1.103516
1.577148
2.128906
2.661133
3.178711
3.706055
4.155273
4.545898
4.829102
5.029297
5.097656
5.112305
4.941406
4.790039
4.428711
4.033203
3.530273
3.056641
2.534180
1.972656
1.469727
1.054688
0.541992
0.200195
-0.048828
-0.209961
-0.268555
-0.146484
-0.009766
0.209961
0.571289
1.010742
1.479492
1.972656
2.583008
3.115234
3.637695
4.047852
4.472656
4.746094
5.009766
5.112305
5.175781
5.063477
4.838867
4.545898
4.145508
3.706055
3.212891
2.709961
2.163086
1.601562
1.113281
0.620117
0.307617
-0.004883
-0.151367
-0.249023
-0.156250
-0.024414
0.151367
0.449219
0.854492
1.352539
1.831055
2.441406
2.968750
3.466797
3.935547
4.340820
4.687500
4.970703
5.087891
5.112305
5.029297
4.887695
4.624023
4.218750
3.867188
3.378906
2.807617
2.241211
1.694336
1.201172
0.791016
0.410156
0.058594
-0.161133
-0.239258
-0.244141
-0.136719
0.068359
0.390625
0.761719
1.230469
1.704102
2.270508
2.792969
3.315430
3.793945
4.208984
4.599609
4.873047
5.024414
5.083008
5.039062
4.902344
4.653320
4.331055
3.886719
3.413086
2.890625
2.382812
1.860352
1.357422
0.864258
0.458984
0.146484
-0.083008
-0.219727
-0.253906
-0.180664
0.029297
0.307617
0.673828
1.152344
1.621094
2.119141
2.656250
3.212891
3.706055
4.116211
4.526367
4.804688
5.019531
5.073242
5.083008
5.000000
4.736328
4.414062
4.008789
3.579102
3.076172
2.495117
1.972656
1.474609
0.952148
0.541992
0.224609
-0.043945
-0.200195
-0.263672
-0.205078
-0.034180
0.219727
0.576172
0.991211
1.450195
2.001953
2.548828
3.081055
3.559570
4.101562
4.472656
4.819336
4.970703
5.092773
5.126953
5.053711
4.794922
4.575195
4.111328
3.706055
3.173828
2.656250
2.114258
1.557617
1.088867
0.688477
0.278320
0.004883
-0.209961
-0.263672
-0.253906
-0.073242
0.112305
0.449219
0.917969
1.323242
1.879883
2.416992
2.939453
3.457031
3.920898
4.321289
4.697266
4.965820
5.078125
5.117188
5.029297
4.877930
4.609375
4.262695
3.833008
3.315430
2.807617
2.231445
1.748047
1.235352
0.791016
0.375977
0.087891
-0.122070
-0.234375
-0.258789
-0.156250
0.053711
0.375977
0.800781
1.206055
1.713867
2.226562
2.788086
3.334961
3.808594
4.228516
4.594727
4.838867
5.039062
5.107422
5.063477
4.902344
4.663086
4.316406
3.916016
3.427734
2.924805
2.382812
1.855469
1.298828
0.878906
0.458984
0.117188
-0.107422
-0.219727
-0.273438
-0.141602
0.029297
0.273438
0.664062
1.123047
1.596680
2.124023
2.695312
3.203125
3.706055
4.155273
4.531250
4.824219
5.019531
5.107422
5.117188
4.975586
4.741211
4.414062
3.994141
3.588867
3.095703
2.519531
1.992188
1.499023
0.952148
0.541992
0.229492
-0.053711
-0.156250
-0.244141
-0.205078
-0.019531
0.229492
0.625000
1.044922
1.499023
2.036133
2.592773
3.110352
3.579102
4.042969
4.506836
4.804688
5.019531
5.126953
5.151367
5.063477
4.853516
4.575195
4.150391
3.715820
3.212891
2.685547
2.143555
1.591797
1.137695
0.698242
0.288086
0.043945
-0.170898
-0.190430
-0.209961
-0.073242
0.161133
0.483398
0.893555
1.362305
1.865234
2.421875
2.958984
3.496094
3.940430
4.331055
4.711914
4.926758
5.107422
5.185547
5.073242
4.877930
4.638672
4.287109
3.833008
3.291016
2.778320
2.260742
1.738281
1.201172
0.791016
0.351562
0.073242
-0.146484
-0.214844
-0.268555
-0.146484
0.053711
0.400391
0.756836
1.186523
1.704102
2.250977
2.797852
3.310547
3.774414
4.208984
4.604492
4.858398
5.014648
5.083008
5.034180
4.873047
4.672852
4.345703
3.930664
3.398438
2.885742
2.377930
1.826172
1.337891
0.844727
0.454102
0.146484
-0.117188
-0.234375
-0.249023
-0.166016
0.014648
0.336914
0.649414
1.118164
1.606445
2.114258
2.695312
3.242188
3.671875
4.140625
4.501953
4.814453
5.029297
5.107422
5.073242
4.975586
4.760742
4.448242
4.023438
3.564453
3.076172
2.558594
1.997070
1.464844
0.976562
0.541992
0.209961
-0.063477
-0.190430
-0.297852
-0.219727
-0.039062
0.234375
0.566406
0.981445
1.464844
2.006836
2.534180
3.100586
3.579102
4.038086
4.482422
4.790039
5.034180
5.107422
5.141602
5.024414
4.833984
4.541016
4.145508
3.691406
3.178711
2.695312
2.119141
1.572266
1.083984
0.673828
0.292969
0.024414
-0.180664
-0.258789
-0.205078
-0.078125
0.156250
0.473633
0.864258
1.352539
1.860352
2.402344
2.929688
3.471680
3.891602
4.389648
4.667969
4.931641
5.063477
5.146484
5.078125
4.868164
4.594727
4.262695
3.818359
3.349609
2.807617
2.260742
1.718750
1.250000
0.781250
0.400391
0.083008
-0.131836
-0.195312
-0.253906
-0.170898
0.063477
0.385742
0.737305
1.201172
1.704102
2.231445
2.778320
3.339844
3.818359
4.223633
4.609375
4.887695
5.024414
5.112305
5.019531
4.912109
4.682617
4.350586
3.925781
3.422852
2.905273
2.363281
1.840820
1.318359
0.854492
0.444336
0.136719
-0.107422
-0.209961
-0.263672
-0.205078
0.014648
0.327148
0.678711
1.093750
1.591797
2.158203
2.685547
3.203125
3.686523
4.150391
4.526367
4.843750
5.043945
5.131836
5.112305
4.965820
4.750977
4.482422
4.013672
3.544922
3.022461
2.519531
2.006836
1.474609
0.937500
0.571289
0.229492
-0.024414
-0.190430
-0.219727
-0.180664
-0.004883
0.278320
0.576172
0.991211
1.538086
2.050781
2.553711
3.076172
3.579102
4.086914
4.477539
4.770508
4.965820
5.092773
5.170898
5.058594
4.833984
4.565430
4.140625
3.725586
3.212891
2.724609
2.114258
1.616211
1.098633
0.712891
0.317383
0.063477
-0.166016
-0.239258
-0.205078
-0.068359
0.170898
0.478516
0.883789
1.333008
1.894531
2.397461
2.968750
3.461914
3.964844
4.370117
4.692383
4.951172
5.083008
5.166016
5.063477
4.873047
4.609375
4.277344
3.813477
3.325195
2.832031
2.265625
1.708984
1.220703
0.761719
0.380859
0.078125
-0.146484
-0.268555
-0.273438
-0.112305
0.112305
0.390625
0.791016
1.225586
1.704102
2.285156
2.783203
3.300781
3.803711
4.228516
4.599609
4.838867
5.043945
5.092773
5.048828
4.916992
4.663086
4.326172
3.906250
3.408203
2.880859
2.387695
1.811523
1.313477
0.869141
0.463867
0.146484
-0.097656
-0.234375
-0.268555
-0.161133
0.004883
0.273438
0.668945
1.108398
1.586914
2.114258
2.666016
3.188477
3.710938
4.150391
4.501953
4.780273
4.975586
5.092773
5.112305
4.995117
4.785156
4.414062
4.038086
3.574219
3.061523
2.534180
1.962891
1.445312
0.986328
0.571289
0.195312
-0.039062
-0.234375
-0.239258
-0.234375
-0.039062
0.209961
0.512695
1.015625
1.484375
1.992188
2.509766
3.071289
3.593750
4.072266
4.462891
4.760742
4.990234
5.117188
5.141602
5.039062
4.833984
4.545898
4.135742
3.671875
3.193359
2.690430
2.099609
1.596680
1.113281
0.649414
0.268555
0.024414
-0.190430
-0.263672
-0.229492
-0.107422
0.136719
0.473633
0.878906
1.386719
1.845703
2.397461
2.978516
3.461914
3.906250
4.340820
4.648438
4.921875
5.068359
5.151367
5.039062
4.916992
4.609375
4.262695
3.803711
3.325195
2.856445
2.246094
1.772461
1.240234
0.771484
0.385742
0.083008
-0.112305
-0.229492
-0.239258
-0.170898
0.058594
0.385742
0.781250
1.210938
1.738281
2.250977
2.792969
3.286133
3.779297
4.199219
4.594727
4.863281
5.004883
5.087891
5.058594
4.916992
4.638672
4.331055
3.911133
3.432617
2.919922
2.387695
1.850586
1.347656
0.859375
0.449219
0.146484
-0.087891
-0.239258
-0.229492
-0.180664
0.034180
0.292969
0.644531
1.123047
1.577148
2.163086
2.695312
3.217773
3.666992
4.160156
4.506836
4.833984
4.995117
5.126953
5.087891
4.990234
4.775391
4.423828
4.023438
3.549805
3.066406
2.578125
1.997070
1.440430
0.947266
0.532227
0.244141
-0.019531
-0.209961
-0.258789
-0.170898
-0.004883
0.224609
0.566406
0.981445
1.508789
2.050781
2.543945
3.100586
3.593750
4.052734
4.467773
4.780273
5.000000
5.136719
5.166016
5.073242
4.843750
4.565430
4.140625
3.701172
3.242188
2.651367
2.128906
1.601562
1.132812
0.722656
0.312500
0.004883
-0.161133
-0.219727
-0.195312
-0.068359
0.166016
0.463867
0.844727
1.381836
1.845703
2.382812
2.929688
3.491211
3.945312
4.340820
4.697266
4.912109
5.107422
5.141602
5.034180
4.858398
4.633789
4.252930
3.828125
3.295898
2.768555
2.250977
1.708984
1.230469
0.737305
0.356445
0.097656
-0.146484
-0.249023
-0.249023
-0.141602
0.092773
0.371094
0.776367
1.240234
1.748047
2.255859
2.812500
3.334961
3.813477
4.282227
4.643555
4.858398
5.039062
5.112305
5.058594
4.951172
4.697266
4.316406
3.916016
3.461914
2.910156
2.387695
1.860352
1.318359
0.874023
0.449219
0.146484
-0.083008
-0.234375
-0.249023
-0.166016
0.024414
0.283203
0.664062
1.113281
1.596680
2.119141
2.661133
3.198242
3.681641
4.145508
4.511719
4.838867
5.009766
5.107422
5.068359
4.975586
4.770508
4.418945
3.999023
3.510742
3.056641
2.553711
1.967773
1.489258
0.947266
0.551758
0.205078
-0.078125
-0.214844
-0.288086
-0.185547
-0.039062
0.185547
0.532227
0.986328
1.464844
1.997070
2.519531
3.046875
3.559570
4.072266
4.462891
4.765625
5.034180
5.131836
5.107422
5.092773
4.838867
4.516602
4.135742
3.676758
3.183594
2.656250
2.094727
1.538086
1.132812
0.654297
0.297852
0.009766
-0.161133
-0.288086
-0.200195
-0.107422
0.131836
0.458984
0.878906
1.381836
1.884766
2.358398
2.915039
3.481445
3.945312
4.360352
4.687500
4.921875
5.107422
5.136719
5.068359
4.882812
4.604492
4.277344
3.837891
3.349609
2.807617
2.275391
1.723633
1.240234
0.761719
0.400391
0.087891
-0.131836
-0.239258
-0.258789
-0.136719
0.078125
0.356445
0.756836
1.225586
1.699219
2.246094
2.788086
3.325195
3.793945
4.223633
4.565430
4.877930
5.029297
5.112305
5.043945
4.892578
4.648438
4.316406
3.896484
3.432617
2.900391
2.382812
1.850586
1.333008
0.864258
0.454102
0.136719
-0.102539
-0.249023
-0.263672
-0.175781
0.034180
0.307617
0.668945
1.132812
1.591797
2.114258
2.705078
3.212891
3.701172
4.155273
4.511719
4.814453
5.034180
5.073242
5.097656
4.995117
4.775391
4.423828
4.023438
3.579102
3.046875
2.543945
1.972656
1.459961
0.966797
0.566406
0.234375
-0.024414
-0.161133
-0.283203
-0.166016
-0.024414
0.229492
0.605469
1.025391
1.523438
2.050781
2.563477
3.076172
3.598633
4.057617
4.487305
4.833984
5.029297
5.078125
5.146484
5.063477
4.809570
4.580078
4.145508
3.750000
3.222656
2.690430
2.172852
1.635742
1.142578
0.688477
0.322266
0.063477
-0.166016
-0.249023
-0.190430
-0.053711
0.131836
0.458984
0.908203
1.352539
1.850586
2.431641
2.949219
3.491211
3.940430
4.345703
4.667969
4.936523
5.097656
5.146484
5.039062
4.916992
4.599609
4.233398
3.813477
3.291016
2.836914
2.231445
1.728516
1.250000
0.727539
0.410156
0.048828
-0.126953
-0.273438
-0.249023
-0.151367
0.078125
0.390625
0.761719
1.250000
1.708984
2.280273
2.822266
3.330078
3.803711
4.233398
4.589844
4.887695
5.043945
5.083008
5.092773
4.912109
4.667969
4.306641
3.891602
3.442383
2.890625
2.348633
1.850586
1.313477
0.849609
0.449219
0.166016
-0.102539
-0.209961
-0.224609
-0.214844
0.034180
0.332031
0.649414
1.118164
1.557617
2.153320
2.675781
3.203125
3.686523
4.160156
4.536133
4.804688
5.014648
5.083008
5.078125
4.965820
4.741211
4.418945
4.038086
3.603516
3.085938
2.514648
1.982422
1.464844
0.942383
0.537109
0.229492
-0.063477
-0.249023
-0.273438
-0.205078
-0.048828
0.229492
0.556641
0.947266
1.479492
1.962891
2.524414
3.061523
3.593750
4.072266
4.477539
4.785156
5.000000
5.107422
5.156250
5.048828
4.819336
4.541016
4.160156
3.710938
3.203125
2.666016
2.104492
1.582031
1.093750
0.654297
0.288086
0.004883
-0.166016
-0.253906
-0.219727
-0.087891
0.117188
0.488281
0.908203
1.372070
1.870117
2.382812
2.954102
3.447266
3.925781
4.355469
4.702148
4.912109
5.078125
5.126953
5.078125
4.897461
4.609375
4.272461
3.842773
3.330078
2.802734
2.265625
1.743164
1.225586
0.737305
0.419922
0.083008
-0.097656
-0.258789
-0.278320
-0.185547
0.029297
0.341797
0.766602
1.186523
1.694336
2.221680
2.817383
3.295898
3.828125
4.189453
4.565430
4.858398
5.048828
5.117188
5.053711
4.907227
4.658203
4.350586
3.945312
3.476562
2.929688
2.387695
1.835938
1.303711
0.849609
0.463867
0.146484
-0.097656
-0.214844
-0.253906
-0.170898
0.024414
0.317383
0.668945
1.108398
1.582031
2.109375
2.666016
3.198242
3.735352
4.130859
4.526367
4.843750
5.029297
5.126953
5.083008
4.995117
4.736328
4.443359
4.028320
3.530273
3.046875
2.514648
2.011719
1.445312
1.005859
0.576172
0.249023
-0.009766
-0.161133
-0.244141
-0.166016
0.000000
0.249023
0.595703
1.020508
1.538086
2.041016
2.553711
3.090820
3.598633
4.062500
4.526367
4.794922
5.009766
5.117188
5.097656
5.019531
4.809570
4.550781
4.208984
3.730469
3.237305
2.666016
2.138672
1.591797
1.147461
0.688477
0.268555
0.034180
-0.141602
-0.200195
-0.195312
-0.073242
0.190430
0.463867
0.898438
1.337891
1.865234
2.407227
2.963867
3.457031
3.955078
4.360352
4.711914
4.956055
5.097656
5.131836
5.048828
4.892578
4.624023
4.252930
3.808594
3.330078
2.807617
2.280273
1.733398
1.210938
0.761719
0.380859
0.083008
-0.156250
-0.229492
-0.263672
-0.136719
0.078125
0.400391
0.761719
1.210938
1.748047
2.250977
2.817383
3.344727
3.803711
4.238281
4.560547
4.868164
5.029297
5.097656
5.034180
4.902344
4.648438
4.316406
3.916016
3.393555
2.861328
2.324219
1.840820
1.347656
0.864258
0.444336
0.126953
-0.107422
-0.224609
-0.253906
-0.180664
0.009766
0.297852
0.659180
1.137695
1.621094
2.119141
2.690430
3.183594
3.671875
4.165039
4.526367
4.824219
4.985352
5.102539
5.087891
4.956055
4.765625
4.389648
4.018555
3.540039
3.046875
2.529297
1.982422
1.440430
0.986328
0.537109
0.229492
-0.083008
-0.219727
-0.224609
-0.180664
-0.063477
0.205078
0.546875
0.986328
1.464844
2.006836
2.504883
3.056641
3.593750
4.082031
4.458008
4.750977
4.985352
5.112305
5.117188
5.024414
4.833984
4.521484
4.145508
3.696289
3.183594
2.656250
2.133789
1.557617
1.093750
0.644531
0.278320
-0.004883
-0.185547
-0.224609
-0.195312
-0.107422
0.170898
0.478516
0.893555
1.328125
1.875000
2.377930
2.949219
3.437500
3.940430
4.355469
4.672852
4.892578
5.107422
5.126953
5.058594
4.887695
4.589844
4.238281
3.833008
3.330078
2.797852
2.280273
1.748047
1.235352
0.751953
0.390625
0.068359
-0.102539
-0.249023
-0.263672
-0.122070
0.068359
0.366211
0.756836
1.201172
1.718750
2.221680
2.778320
3.295898
3.803711
4.199219
4.614258
4.848633
5.078125
5.073242
5.063477
4.892578
4.692383
4.335938
3.906250
3.437500
2.910156
2.377930
1.816406
1.323242
0.849609
0.458984
0.136719
-0.097656
-0.214844
-0.268555
-0.166016
0.034180
0.302734
0.668945
1.113281
1.572266
2.143555
2.646484
3.232422
3.706055
4.125977
4.506836
4.809570
5.024414
5.107422
5.058594
4.990234
4.750977
4.428711
4.042969
3.564453
3.037109
2.578125
1.992188
1.440430
0.971680
0.585938
0.263672
-0.034180
-0.209961
-0.258789
-0.166016
0.014648
0.229492
0.585938
1.049805
1.518555
2.006836
2.597656
3.105469
3.657227
4.082031
4.492188
4.804688
5.034180
5.107422
5.126953
5.039062
4.819336
4.526367
4.125977
3.754883
3.266602
2.685547
2.133789
1.625977
1.142578
0.712891
0.327148
0.048828
-0.156250
-0.239258
-0.200195
-0.058594
0.146484
0.478516
0.874023
1.391602
1.821289
2.431641
2.929688
3.461914
3.950195
4.355469
4.702148
4.946289
5.078125
5.136719
5.034180
4.877930
4.614258
4.282227
3.818359
3.310547
2.822266
2.260742
1.718750
1.210938
0.756836
0.361328
0.097656
-0.175781
-0.239258
-0.258789
-0.170898
0.048828
0.361328
0.771484
1.245117
1.738281
2.255859
2.788086
