1.909180
1.376953
0.913086
0.498047
0.170898
-0.083008
-0.229492
-0.249023
-0.185547
-0.029297
0.244141
0.610352
1.054688
1.567383
2.055664
2.573242
3.134766
3.671875
4.106445
4.526367
4.804688
5.024414
5.126953
5.146484
4.990234
4.780273
4.526367
4.145508
3.706055
3.144531
2.607422
2.050781
1.542969
1.079102
0.649414
0.283203
-0.024414
-0.131836
-0.234375
-0.161133
-0.034180
0.170898
0.585938
0.971680
1.435547
1.953125
2.509766
3.027344
3.520508
4.018555
4.394531
4.721680
4.965820
5.087891
5.136719
5.019531
4.868164
4.584961
4.223633
3.793945
3.291016
2.734375
2.182617
1.669922
1.157227
0.717773
0.307617
0.014648
-0.175781
-0.200195
-0.229492
-0.136719
0.092773
0.419922
0.815430
1.289062
1.811523
2.324219
2.871094
3.339844
3.891602
4.301758
4.619141
4.892578
5.058594
5.117188
5.048828
4.907227
4.609375
4.257812
3.847656
3.398438
2.861328
2.299805
1.762695
1.235352
0.800781
0.400391
0.063477
-0.156250
-0.322266
-0.302734
-0.156250
0.034180
0.312500
0.698242
1.142578
1.665039
2.207031
2.719727
3.251953
3.745117
4.199219
4.536133
4.824219
5.009766
5.073242
5.092773
4.951172
4.721680
4.365234
3.979492
3.520508
2.978516
2.436523
1.914062
1.416016
0.947266
0.463867
0.146484
-0.078125
-0.214844
-0.249023
-0.205078
-0.048828
0.214844
0.615234
1.074219
1.503906
1.987305
2.548828
3.076172
3.627930
4.116211
4.448242
4.711914
4.960938
5.068359
5.122070
4.985352
4.790039
4.492188
4.130859
3.666992
3.154297
2.583008
2.036133
1.552734
1.059570
0.600586
0.234375
-0.019531
-0.209961
-0.229492
-0.229492
-0.078125
0.190430
0.527344
0.937500
1.386719
1.914062
2.426758
2.973633
3.515625
3.979492
4.340820
4.672852
4.946289
5.039062
5.097656
5.004883
4.833984
4.545898
4.179688
3.745117
3.266602
2.724609
2.172852
1.650391
1.157227
0.708008
0.336914
0.039062
-0.156250
-0.258789
-0.239258
-0.102539
0.117188
0.454102
0.795898
1.279297
1.845703
2.353516
2.885742
3.354492
3.876953
4.267578
4.594727
4.873047
5.034180
5.078125
5.000000
4.853516
4.653320
4.267578
3.847656
3.344727
2.836914
2.290039
1.757812
1.259766
0.805664
0.390625
0.126953
-0.136719
-0.263672
-0.273438
-0.180664
0.019531
0.332031
0.693359
1.127930
1.640625
2.172852
2.709961
3.237305
3.740234
4.174805
4.531250
4.824219
5.029297
5.097656
5.102539
4.921875
4.702148
4.389648
3.969727
3.535156
3.022461
2.480469
1.914062
1.396484
0.917969
0.439453
0.136719
-0.087891
-0.214844
-0.278320
-0.185547
-0.034180
0.205078
0.629883
1.064453
1.542969
2.080078
2.568359
3.154297
3.647461
4.125977
4.497070
4.799805
4.995117
5.112305
5.097656
5.043945
4.829102
4.526367
4.135742
3.642578
3.183594
2.597656
2.055664
1.547852
1.083984
0.659180
0.268555
0.004883
-0.161133
-0.219727
-0.190430
-0.019531
0.224609
0.546875
0.952148
1.464844
1.928711
2.500000
3.046875
3.515625
4.013672
4.370117
4.741211
4.946289
5.078125
5.087891
5.058594
4.863281
4.555664
4.218750
3.745117
3.237305
2.753906
2.182617
1.669922
1.166992
0.708008
0.336914
0.004883
-0.180664
-0.224609
-0.253906
-0.131836
0.092773
0.390625
0.859375
1.240234
1.757812
2.353516
2.846680
3.369141
3.828125
4.291992
4.619141
4.907227
5.058594
5.053711
5.053711
4.931641
4.614258
4.267578
3.837891
3.354492
2.861328
2.290039
1.791992
1.254883
0.747070
0.371094
0.078125
-0.151367
-0.278320
-0.292969
-0.190430
0.024414
0.327148
0.708008
1.162109
1.645508
2.192383
2.729492
3.276367
3.764648
4.194336
4.570312
4.848633
5.014648
5.146484
5.083008
4.975586
4.702148
4.375000
3.959961
3.496094
3.012695
2.421875
1.904297
1.372070
0.893555
0.502930
0.156250
-0.078125
-0.219727
-0.288086
-0.219727
-0.014648
0.244141
0.585938
1.010742
1.503906
2.050781
2.587891
3.110352
3.593750
4.096680
4.511719
4.765625
4.985352
5.078125
5.092773
4.990234
4.765625
4.506836
4.135742
3.647461
3.154297
2.602539
2.060547
1.547852
1.064453
0.625000
0.234375
-0.014648
-0.200195
-0.253906
-0.258789
-0.083008
0.166016
0.502930
0.932617
1.406250
1.904297
2.412109
3.017578
3.476562
3.984375
4.394531
4.682617
4.931641
5.063477
5.092773
5.048828
4.809570
4.580078
4.228516
3.735352
3.242188
2.695312
2.192383
1.674805
1.166992
0.717773
0.336914
0.024414
-0.146484
-0.234375
-0.249023
-0.107422
0.097656
0.463867
0.869141
1.303711
1.796875
2.324219
2.856445
3.364258
3.813477
4.238281
4.614258
4.873047
5.014648
5.078125
5.034180
4.873047
4.580078
4.277344
3.808594
3.374023
2.822266
2.309570
1.733398
1.250000
0.786133
0.429688
0.078125
-0.141602
-0.234375
-0.273438
-0.161133
0.048828
0.341797
0.693359
1.152344
1.645508
2.172852
2.714844
3.247070
3.735352
4.189453
4.580078
4.824219
5.024414
5.097656
5.097656
4.941406
4.726562
4.375000
3.945312
3.549805
2.998047
2.426758
1.943359
1.362305
0.961914
0.488281
0.161133
-0.097656
-0.249023
-0.283203
-0.190430
-0.024414
0.273438
0.600586
1.088867
1.538086
2.080078
2.597656
3.125000
3.662109
4.116211
4.501953
4.785156
5.029297
5.112305
5.107422
5.000000
4.794922
4.492188
4.169922
3.676758
3.159180
2.597656
2.075195
1.547852
1.025391
0.620117
0.288086
0.039062
-0.166016
-0.175781
-0.166016
-0.014648
0.234375
0.556641
0.961914
1.416016
1.943359
2.470703
3.027344
3.530273
3.999023
4.389648
4.760742
4.916992
5.063477
5.126953
5.039062
4.838867
4.594727
4.228516
3.769531
3.256836
2.729492
2.216797
1.669922
1.152344
0.732422
0.332031
0.053711
-0.185547
-0.273438
-0.258789
-0.097656
0.166016
0.405273
0.834961
1.298828
1.787109
2.324219
2.890625
3.354492
3.872070
4.267578
4.638672
4.887695
5.019531
5.122070
5.083008
4.877930
4.628906
4.257812
3.823242
3.354492
2.866211
2.299805
1.748047
1.245117
0.795898
0.395508
0.078125
-0.161133
-0.307617
-0.268555
-0.195312
0.000000
0.297852
0.698242
1.166992
1.655273
2.236328
2.739258
3.237305
3.764648
4.194336
4.521484
4.824219
4.995117
5.107422
5.107422
4.956055
4.707031
4.379883
3.969727
3.510742
3.027344
2.475586
1.860352
1.376953
0.913086
0.502930
0.161133
-0.107422
-0.249023
-0.268555
-0.205078
-0.009766
0.209961
0.576172
1.035156
1.499023
2.050781
2.592773
3.110352
3.647461
4.111328
4.453125
4.780273
4.956055
5.092773
5.122070
5.014648
4.799805
4.487305
4.130859
3.681641
3.159180
2.607422
2.065430
1.542969
1.030273
0.595703
0.244141
-0.048828
-0.224609
-0.278320
-0.258789
-0.078125
0.156250
0.493164
0.947266
1.386719
1.904297
2.436523
3.007812
3.476562
3.945312
4.394531
4.726562
4.936523
5.097656
5.092773
5.019531
4.829102
4.570312
4.213867
3.764648
3.266602
2.714844
2.226562
1.674805
1.157227
0.727539
0.371094
0.039062
-0.151367
-0.249023
-0.239258
-0.117188
0.107422
0.419922
0.849609
1.318359
1.811523
2.353516
2.866211
3.364258
3.813477
4.257812
4.638672
4.838867
5.004883
5.073242
5.009766
4.838867
4.594727
4.248047
3.837891
3.334961
2.846680
2.299805
1.787109
1.269531
0.820312
0.390625
0.068359
-0.156250
-0.253906
-0.268555
-0.156250
0.034180
0.322266
0.673828
1.162109
1.655273
2.202148
2.714844
3.251953
3.701172
4.204102
4.575195
4.838867
5.000000
5.126953
5.083008
4.941406
4.721680
4.404297
3.994141
3.500977
3.007812
2.465820
1.909180
1.362305
0.952148
0.473633
0.161133
-0.083008
-0.249023
-0.234375
-0.175781
-0.083008
0.258789
0.615234
1.049805
1.547852
2.114258
2.631836
3.129883
3.632812
4.082031
4.482422
4.799805
5.039062
5.166016
5.161133
5.039062
4.804688
4.492188
4.140625
3.647461
3.139648
2.646484
2.060547
1.547852
1.074219
0.629883
0.283203
0.039062
-0.185547
-0.234375
-0.219727
-0.034180
0.185547
0.566406
0.976562
1.425781
1.972656
2.480469
3.007812
3.525391
3.979492
4.375000
4.707031
4.907227
5.078125
5.107422
5.029297
4.863281
4.555664
4.238281
3.754883
3.251953
2.734375
2.202148
1.660156
1.152344
0.742188
0.346680
0.043945
-0.126953
-0.268555
-0.263672
-0.102539
0.146484
0.463867
0.810547
1.264648
1.811523
2.299805
2.856445
3.349609
3.896484
4.345703
4.604492
4.902344
5.068359
5.112305
5.019531
4.882812
4.658203
4.291992
3.852539
3.339844
2.832031
2.285156
1.752930
1.235352
0.771484
0.400391
0.087891
-0.175781
-0.307617
-0.312500
-0.185547
0.053711
0.322266
0.693359
1.147461
1.665039
2.211914
2.714844
3.237305
3.745117
4.223633
4.575195
4.838867
5.019531
5.083008
5.097656
4.960938
4.707031
4.379883
3.964844
3.510742
3.002930
2.446289
1.860352
1.357422
0.932617
0.507812
0.166016
-0.107422
-0.253906
-0.288086
-0.214844
-0.034180
0.209961
0.581055
1.049805
1.542969
2.065430
2.563477
3.125000
3.647461
4.072266
4.462891
4.760742
4.980469
5.112305
5.073242
4.960938
4.790039
4.511719
4.140625
3.686523
3.139648
2.543945
2.026367
1.533203
1.064453
0.615234
0.224609
-0.053711
-0.190430
-0.273438
-0.229492
-0.097656
0.185547
0.507812
0.903320
1.381836
1.923828
2.412109
3.002930
3.530273
3.984375
4.370117
4.702148
4.956055
5.078125
5.078125
5.039062
4.843750
4.580078
4.179688
3.769531
3.261719
2.734375
2.202148
1.660156
1.123047
0.727539
0.361328
0.073242
-0.136719
-0.258789
-0.224609
-0.112305
0.112305
0.434570
0.820312
1.289062
1.806641
2.329102
2.817383
3.383789
3.847656
4.267578
4.619141
4.863281
5.014648
5.083008
5.063477
4.892578
4.619141
4.287109
3.803711
3.359375
2.827148
2.319336
1.772461
1.220703
0.791016
0.405273
0.078125
-0.107422
-0.263672
-0.292969
-0.161133
0.019531
0.307617
0.712891
1.132812
1.630859
2.167969
2.700195
3.237305
3.754883
4.165039
4.560547
4.853516
5.029297
5.092773
5.087891
4.946289
4.711914
4.384766
3.955078
3.500977
3.002930
2.451172
1.918945
1.372070
0.937500
0.517578
0.112305
-0.068359
-0.219727
-0.288086
-0.170898
-0.058594
0.244141
0.620117
1.069336
1.523438
2.065430
2.607422
3.154297
3.637695
4.106445
4.492188
4.760742
4.975586
5.126953
5.166016
5.053711
4.780273
4.511719
4.130859
3.691406
3.178711
2.622070
2.041016
1.518555
1.079102
0.644531
0.292969
0.000000
-0.175781
-0.224609
-0.219727
0.009766
0.253906
0.527344
0.976562
1.420898
1.938477
2.504883
3.017578
3.559570
3.994141
4.340820
4.667969
4.946289
5.092773
5.087891
5.009766
4.824219
4.584961
4.208984
3.759766
3.237305
2.729492
2.167969
1.674805
1.176758
0.732422
0.307617
0.073242
-0.175781
-0.229492
-0.229492
-0.175781
0.092773
0.444336
0.820312
1.289062
1.801758
2.309570
2.866211
3.339844
3.867188
4.321289
4.643555
4.858398
5.043945
5.073242
5.053711
4.916992
4.648438
4.267578
3.852539
3.369141
2.871094
2.265625
1.762695
1.259766
0.776367
0.380859
0.073242
-0.136719
-0.307617
-0.307617
-0.170898
0.019531
0.336914
0.708008
1.147461
1.650391
2.211914
2.724609
3.227539
3.774414
4.179688
4.545898
4.853516
5.014648
5.102539
5.097656
4.921875
4.687500
4.394531
3.984375
3.525391
2.998047
2.407227
1.918945
1.416016
0.937500
0.468750
0.117188
-0.097656
-0.229492
-0.258789
-0.175781
-0.004883
0.219727
0.610352
1.074219
1.562500
2.041016
2.568359
3.085938
3.632812
4.082031
4.492188
4.775391
4.975586
5.073242
5.092773
4.975586
4.809570
4.511719
4.106445
3.642578
3.134766
2.587891
2.050781
1.542969
1.040039
0.629883
0.244141
-0.043945
-0.219727
-0.278320
-0.249023
-0.092773
0.185547
0.502930
0.942383
1.381836
1.933594
2.446289
2.988281
3.540039
3.969727
4.414062
4.716797
4.951172
5.083008
5.126953
5.043945
4.863281
4.545898
4.184570
3.754883
3.271484
2.744141
2.172852
1.655273
1.142578
0.737305
0.356445
0.039062
-0.156250
-0.278320
-0.263672
-0.156250
0.112305
0.449219
0.820312
1.333008
1.826172
2.324219
2.885742
3.374023
3.847656
4.257812
4.648438
4.902344
5.004883
5.073242
5.000000
4.858398
4.628906
4.291992
3.847656
3.359375
2.846680
2.314453
1.782227
1.298828
0.786133
0.390625
0.058594
-0.146484
-0.249023
-0.268555
-0.175781
0.014648
0.322266
0.688477
1.147461
1.674805
2.187500
2.724609
3.242188
3.740234
4.204102
4.570312
4.853516
5.029297
5.078125
5.087891
4.970703
4.716797
4.394531
3.959961
3.535156
2.983398
2.460938
1.918945
1.401367
0.917969
0.483398
0.141602
-0.068359
-0.229492
-0.273438
-0.175781
-0.014648
0.219727
0.600586
1.049805
1.547852
2.089844
2.612305
3.144531
3.681641
4.135742
4.531250
4.819336
5.004883
5.170898
5.166016
5.034180
4.829102
4.541016
4.125977
3.647461
3.149414
2.646484
2.089844
1.557617
1.108398
0.600586
0.302734
0.039062
-0.136719
-0.219727
-0.190430
-0.024414
0.190430
0.566406
0.986328
1.435547
1.914062
2.480469
3.032227
3.549805
4.052734
4.355469
4.677734
4.951172
5.073242
5.112305
5.048828
4.887695
4.619141
4.238281
3.769531
3.310547
2.729492
2.187500
1.660156
1.176758
0.737305
0.346680
0.034180
-0.161133
-0.278320
-0.268555
-0.122070
0.156250
0.439453
0.820312
1.279297
1.767578
2.373047
2.846680
3.417969
3.842773
4.267578
4.653320
4.873047
5.048828
5.078125
5.063477
4.912109
4.594727
4.277344
3.803711
3.330078
2.802734
2.309570
1.772461
1.279297
0.795898
0.429688
0.107422
-0.156250
-0.253906
-0.332031
-0.170898
0.034180
0.332031
0.737305
1.171875
1.660156
2.207031
2.729492
3.281250
3.745117
4.160156
4.570312
4.848633
5.024414
5.126953
5.063477
4.951172
4.707031
4.370117
3.945312
3.500977
3.017578
2.436523
1.923828
1.401367
0.922852
0.507812
0.175781
-0.073242
-0.219727
-0.317383
-0.214844
-0.019531
0.273438
0.595703
1.040039
1.533203
2.065430
2.612305
3.081055
3.608398
4.072266
4.472656
4.770508
4.960938
5.097656
5.078125
4.975586
4.785156
4.521484
4.160156
3.691406
3.095703
2.617188
2.026367
1.523438
1.054688
0.615234
0.249023
-0.034180
-0.205078
-0.239258
-0.195312
-0.063477
0.166016
0.493164
0.932617
1.420898
1.918945
2.470703
2.983398
3.491211
3.989258
4.375000
4.721680
4.951172
5.083008
5.117188
5.019531
4.814453
4.555664
4.228516
3.735352
3.266602
2.705078
2.187500
1.660156
1.201172
0.683594
0.322266
0.024414
-0.136719
-0.239258
-0.239258
-0.112305
0.102539
0.478516
0.830078
1.328125
1.787109
2.353516
2.851562
3.378906
3.842773
4.243164
4.599609
4.858398
5.000000
5.097656
5.063477
4.843750
4.643555
4.228516
3.803711
3.330078
2.832031
2.304688
1.748047
1.245117
0.815430
0.366211
0.097656
-0.161133
-0.253906
-0.268555
-0.175781
0.000000
0.312500
0.717773
1.123047
1.645508
2.192383
2.734375
3.237305
3.745117
4.155273
4.560547
4.824219
5.029297
5.107422
5.087891
4.951172
4.692383
4.394531
4.008789
3.500977
3.017578
2.456055
1.938477
1.367188
0.917969
0.498047
0.112305
-0.087891
-0.244141
-0.258789
-0.185547
-0.029297
0.214844
0.610352
1.054688
1.523438
2.084961
2.592773
3.168945
3.642578
4.096680
4.526367
4.814453
5.048828
5.166016
5.170898
5.034180
4.809570
4.526367
4.150391
3.652344
3.159180
2.651367
2.084961
1.523438
1.064453
0.615234
0.283203
0.009766
-0.185547
-0.258789
-0.205078
-0.058594
0.209961
0.566406
0.932617
1.420898
1.967773
2.475586
3.046875
3.530273
3.974609
4.404297
4.692383
4.975586
5.092773
5.136719
5.034180
4.838867
4.580078
4.233398
3.774414
3.310547
2.724609
2.207031
1.669922
1.162109
0.742188
0.317383
0.034180
-0.131836
-0.258789
-0.263672
-0.087891
0.102539
0.444336
0.849609
1.254883
1.777344
2.343750
2.890625
3.374023
3.896484
4.262695
4.633789
4.897461
5.053711
5.117188
5.024414
4.897461
4.624023
4.282227
3.837891
3.354492
2.846680
2.314453
1.772461
1.250000
0.771484
0.410156
0.087891
-0.166016
-0.302734
-0.302734
-0.200195
0.019531
0.341797
0.722656
1.123047
1.660156
2.182617
2.753906
3.256836
3.735352
4.199219
4.531250
4.863281
5.034180
5.112305
5.073242
4.946289
4.687500
4.384766
3.969727
3.486328
3.002930
2.456055
1.884766
1.362305
0.913086
0.532227
0.156250
-0.102539
-0.239258
-0.317383
-0.214844
-0.024414
0.253906
0.581055
1.030273
1.528320
2.055664
2.617188
3.115234
3.588867
4.072266
4.482422
4.794922
5.019531
5.078125
5.073242
4.956055
4.794922
4.482422
4.135742
3.662109
3.178711
2.587891
2.070312
1.567383
1.059570
0.634766
0.273438
-0.058594
-0.190430
-0.268555
-0.214844
-0.078125
0.166016
0.507812
0.908203
1.411133
1.928711
2.446289
2.993164
3.505859
3.964844
4.389648
4.731445
4.956055
5.092773
5.097656
5.034180
4.863281
4.565430
4.184570
3.730469
3.242188
2.724609
2.177734
1.679688
1.157227
0.712891
0.332031
0.048828
-0.151367
-0.234375
-0.219727
-0.122070
0.126953
0.458984
0.854492
1.313477
1.796875
2.309570
2.895508
3.413086
3.872070
4.282227
4.609375
4.877930
5.019531
5.097656
5.004883
4.853516
4.633789
4.233398
3.823242
3.330078
2.861328
2.324219
1.777344
1.279297
0.795898
0.400391
0.063477
-0.122070
-0.229492
-0.268555
-0.180664
0.034180
0.341797
0.712891
1.166992
1.650391
2.158203
2.724609
3.237305
3.740234
4.213867
4.555664
4.848633
5.009766
5.102539
5.063477
4.960938
4.697266
4.389648
3.920898
3.520508
3.027344
2.460938
1.904297
1.396484
0.927734
0.507812
0.151367
-0.107422
-0.234375
-0.273438
-0.219727
-0.043945
0.229492
0.629883
1.044922
1.523438
2.065430
2.607422
3.159180
3.666992
4.140625
4.482422
4.785156
5.009766
5.166016
5.166016
5.039062
4.829102
4.526367
4.077148
3.627930
3.168945
2.651367
2.070312
1.577148
1.088867
0.654297
0.283203
-0.004883
-0.161133
-0.224609
-0.205078
-0.014648
0.229492
0.546875
0.932617
1.425781
1.948242
2.490234
3.041992
3.583984
3.979492
4.414062
4.667969
4.951172
5.112305
5.117188
5.034180
4.853516
4.604492
4.228516
3.793945
3.256836
2.744141
2.192383
1.650391
1.186523
0.722656
0.307617
0.034180
-0.185547
-0.224609
-0.219727
-0.156250
0.126953
0.410156
0.839844
1.269531
1.767578
2.343750
2.841797
3.369141
3.857422
4.291992
4.648438
4.931641
5.019531
5.078125
5.014648
4.897461
4.628906
4.277344
3.837891
3.374023
2.851562
2.280273
1.757812
1.250000
0.805664
0.419922
0.058594
-0.146484
-0.249023
-0.263672
-0.180664
0.053711
0.307617
0.708008
1.127930
1.650391
2.192383
2.749023
3.242188
3.759766
4.189453
4.570312
4.843750
5.039062
5.078125
5.112305
4.956055
4.697266
4.394531
3.959961
3.520508
2.988281
2.441406
1.889648
1.376953
0.908203
0.527344
0.175781
-0.078125
-0.244141
-0.288086
-0.205078
-0.024414
0.278320
0.605469
1.015625
1.547852
2.060547
2.612305
3.125000
3.593750
4.077148
4.477539
4.814453
4.995117
5.068359
5.048828
5.004883
4.804688
4.487305
4.101562
3.657227
3.125000
2.607422
2.065430
1.552734
1.064453
0.615234
0.268555
-0.048828
-0.205078
-0.249023
-0.205078
-0.083008
0.151367
0.517578
0.942383
1.396484
1.918945
2.456055
2.993164
3.481445
3.945312
4.355469
4.707031
4.951172
5.087891
5.107422
5.029297
4.848633
4.565430
4.184570
3.759766
3.261719
2.758789
2.153320
1.694336
1.142578
0.737305
0.327148
0.058594
-0.146484
-0.234375
-0.224609
-0.097656
0.102539
0.502930
0.834961
1.303711
1.811523
2.319336
2.875977
3.349609
3.847656
4.228516
4.589844
4.873047
5.014648
5.063477
5.034180
4.877930
4.609375
4.321289
3.857422
3.369141
2.851562
2.304688
1.767578
1.235352
0.830078
0.380859
0.102539
-0.112305
-0.263672
-0.249023
-0.146484
0.024414
0.322266
0.698242
1.152344
1.669922
2.167969
2.709961
3.266602
3.769531
4.218750
4.565430
4.829102
5.024414
5.097656
5.083008
4.965820
4.697266
4.370117
3.969727
3.515625
3.002930
2.446289
1.928711
1.396484
0.922852
0.507812
0.151367
-0.078125
-0.268555
-0.253906
-0.185547
-0.048828
0.283203
0.605469
1.083984
1.562500
2.094727
2.617188
3.168945
3.671875
4.111328
4.526367
4.838867
5.034180
5.102539
5.131836
5.000000
4.804688
4.521484
4.135742
3.637695
3.144531
2.656250
2.089844
1.582031
1.044922
0.634766
0.292969
0.009766
-0.175781
-0.258789
-0.200195
-0.048828
0.224609
0.566406
0.947266
1.425781
1.904297
2.495117
3.037109
