1.733398
1.254883
0.747070
0.380859
0.112305
-0.141602
-0.244141
-0.283203
-0.156250
0.063477
0.346680
0.717773
1.230469
1.679688
2.202148
2.739258
3.291016
3.789062
4.204102
4.584961
4.863281
5.058594
5.097656
5.058594
4.916992
4.716797
4.355469
3.935547
3.457031
2.968750
2.412109
1.928711
1.381836
0.932617
0.483398
0.170898
-0.083008
-0.229492
-0.288086
-0.200195
0.019531
0.302734
0.698242
1.069336
1.577148
2.119141
2.714844
3.227539
3.725586
4.145508
4.516602
4.819336
5.019531
5.083008
5.146484
5.019531
4.790039
4.482422
4.091797
3.647461
3.105469
2.622070
2.001953
1.547852
1.035156
0.634766
0.273438
0.000000
-0.175781
-0.244141
-0.200195
-0.019531
0.195312
0.537109
0.942383
1.430664
1.923828
2.495117
3.017578
3.569336
4.038086
4.409180
4.726562
4.975586
5.122070
5.136719
5.043945
4.819336
4.580078
4.194336
3.725586
3.212891
2.680664
2.148438
1.655273
1.137695
0.664062
0.332031
0.014648
-0.146484
-0.244141
-0.263672
-0.112305
0.092773
0.444336
0.825195
1.337891
1.806641
2.314453
2.866211
3.364258
3.920898
4.331055
4.624023
4.887695
5.024414
5.068359
5.034180
4.853516
4.580078
4.252930
3.808594
3.339844
2.797852
2.275391
1.762695
1.250000
0.800781
0.439453
0.083008
-0.136719
-0.253906
-0.239258
-0.151367
0.039062
0.375977
0.717773
1.176758
1.704102
2.216797
2.749023
3.295898
3.784180
4.194336
4.589844
4.853516
5.043945
5.122070
5.034180
4.907227
4.687500
4.399414
3.955078
3.476562
2.944336
2.421875
1.894531
1.376953
0.874023
0.444336
0.146484
-0.083008
-0.209961
-0.229492
-0.185547
0.000000
0.273438
0.615234
1.049805
1.562500
2.065430
2.578125
3.149414
3.676758
4.145508
4.521484
4.829102
5.048828
5.097656
5.097656
4.990234
4.736328
4.438477
4.091797
3.623047
3.105469
2.539062
2.016602
1.489258
0.986328
0.600586
0.258789
-0.043945
-0.205078
-0.258789
-0.214844
-0.087891
0.200195
0.493164
0.961914
1.425781
1.948242
2.480469
2.988281
3.549805
4.042969
4.399414
4.746094
4.941406
5.083008
5.107422
5.029297
4.814453
4.521484
4.184570
3.754883
3.247070
2.685547
2.172852
1.630859
1.142578
0.747070
0.371094
0.029297
-0.185547
-0.253906
-0.234375
-0.112305
0.097656
0.385742
0.805664
1.279297
1.791992
2.319336
2.851562
3.398438
3.862305
4.306641
4.643555
4.916992
5.078125
5.151367
5.039062
4.882812
4.619141
4.252930
3.857422
3.349609
2.822266
2.280273
1.738281
1.230469
0.810547
0.390625
0.102539
-0.141602
-0.258789
-0.258789
-0.141602
0.068359
0.332031
0.727539
1.206055
1.694336
2.226562
2.788086
3.281250
3.740234
4.204102
4.580078
4.853516
5.063477
5.112305
5.043945
4.931641
4.741211
4.340820
3.925781
3.471680
3.012695
2.407227
1.884766
1.376953
0.878906
0.478516
0.161133
-0.078125
-0.200195
-0.253906
-0.170898
0.009766
0.336914
0.664062
1.103516
1.611328
2.109375
2.675781
3.198242
3.676758
4.106445
4.555664
4.829102
5.058594
5.141602
5.117188
4.995117
4.804688
4.501953
4.106445
3.627930
3.139648
2.607422
2.060547
1.547852
1.035156
0.590820
0.239258
-0.058594
-0.180664
-0.239258
-0.156250
-0.078125
0.205078
0.517578
0.986328
1.420898
1.958008
2.500000
3.056641
3.588867
3.994141
4.433594
4.726562
4.985352
5.107422
5.131836
5.043945
4.838867
4.555664
4.199219
3.730469
3.227539
2.690430
2.167969
1.655273
1.113281
0.678711
0.273438
0.024414
-0.136719
-0.244141
-0.263672
-0.107422
0.068359
0.429688
0.849609
1.293945
1.816406
2.348633
2.885742
3.452148
3.876953
4.306641
4.624023
4.877930
5.043945
5.097656
5.039062
4.863281
4.584961
4.252930
3.808594
3.300781
2.797852
2.285156
1.748047
1.250000
0.800781
0.385742
0.097656
-0.141602
-0.249023
-0.239258
-0.161133
0.019531
0.380859
0.722656
1.206055
1.694336
2.216797
2.753906
3.291016
3.740234
4.189453
4.565430
4.892578
5.034180
5.107422
5.039062
4.897461
4.682617
4.365234
3.984375
3.471680
2.963867
2.460938
1.884766
1.362305
0.908203
0.478516
0.156250
-0.117188
-0.249023
-0.288086
-0.190430
-0.014648
0.258789
0.644531
1.074219
1.538086
2.070312
2.617188
3.154297
3.662109
4.111328
4.521484
4.780273
5.004883
5.136719
5.117188
4.985352
4.775391
4.443359
4.052734
3.598633
3.100586
2.587891
2.026367
1.459961
1.000977
0.590820
0.224609
-0.029297
-0.209961
-0.283203
-0.219727
-0.053711
0.190430
0.522461
0.937500
1.455078
1.933594
2.480469
3.032227
3.510742
4.028320
4.414062
4.721680
4.951172
5.126953
5.097656
5.004883
4.833984
4.560547
4.179688
3.710938
3.242188
2.734375
2.182617
1.640625
1.123047
0.727539
0.341797
0.043945
-0.170898
-0.263672
-0.283203
-0.146484
0.107422
0.439453
0.869141
1.254883
1.816406
2.304688
2.880859
3.359375
3.862305
4.282227
4.628906
4.912109
5.063477
5.112305
5.039062
4.902344
4.604492
4.287109
3.833008
3.349609
2.846680
2.275391
1.772461
1.254883
0.781250
0.424805
0.078125
-0.136719
-0.214844
-0.263672
-0.146484
0.063477
0.371094
0.742188
1.206055
1.704102
2.211914
2.788086
3.291016
3.784180
4.213867
4.565430
4.853516
5.073242
5.102539
5.043945
4.936523
4.702148
4.365234
3.979492
3.471680
2.973633
2.475586
1.909180
1.386719
0.932617
0.546875
0.195312
-0.073242
-0.200195
-0.249023
-0.185547
0.024414
0.346680
0.644531
1.127930
1.611328
2.148438
2.685547
3.198242
3.740234
4.145508
4.531250
4.833984
5.043945
5.161133
5.097656
5.034180
4.760742
4.501953
4.101562
3.627930
3.139648
2.636719
2.060547
1.533203
1.030273
0.620117
0.253906
-0.043945
-0.195312
-0.234375
-0.195312
-0.034180
0.209961
0.527344
0.908203
1.445312
1.992188
2.495117
3.061523
3.559570
4.018555
4.414062
4.750977
4.975586
5.083008
5.141602
5.058594
4.819336
4.550781
4.155273
3.740234
3.232422
2.709961
2.167969
1.645508
1.127930
0.703125
0.278320
0.039062
-0.209961
-0.263672
-0.288086
-0.131836
0.131836
0.424805
0.874023
1.303711
1.757812
2.319336
2.900391
3.432617
3.862305
4.316406
4.648438
4.936523
5.063477
5.102539
5.043945
4.912109
4.604492
4.248047
3.818359
3.330078
2.788086
2.280273
1.738281
1.250000
0.781250
0.395508
0.063477
-0.107422
-0.253906
-0.268555
-0.170898
0.043945
0.351562
0.742188
1.215820
1.679688
2.246094
2.758789
3.266602
3.764648
4.213867
4.589844
4.858398
5.024414
5.117188
5.063477
4.936523
4.731445
4.350586
3.940430
3.437500
2.949219
2.446289
1.918945
1.376953
0.893555
0.483398
0.161133
-0.087891
-0.224609
-0.302734
-0.209961
-0.004883
0.268555
0.625000
1.064453
1.542969
2.070312
2.607422
3.173828
3.701172
4.140625
4.497070
4.780273
5.024414
5.136719
5.166016
5.043945
4.804688
4.453125
4.052734
3.608398
3.115234
2.587891
2.036133
1.489258
1.000977
0.576172
0.219727
-0.058594
-0.195312
-0.249023
-0.214844
-0.048828
0.185547
0.561523
0.942383
1.440430
1.972656
2.490234
3.027344
3.549805
4.003906
4.448242
4.711914
4.980469
5.097656
5.151367
5.019531
4.838867
4.545898
4.169922
3.754883
3.247070
2.724609
2.163086
1.650391
1.176758
0.722656
0.351562
0.024414
-0.156250
-0.219727
-0.268555
-0.107422
0.097656
0.468750
0.869141
1.298828
1.791992
2.290039
2.915039
3.422852
3.881836
4.252930
4.594727
4.863281
5.087891
5.078125
5.063477
4.897461
4.628906
4.277344
3.828125
3.349609
2.832031
2.285156
1.767578
1.264648
0.791016
0.400391
0.073242
-0.126953
-0.239258
-0.253906
-0.136719
0.053711
0.356445
0.742188
1.181641
1.674805
2.226562
2.753906
3.295898
3.769531
4.223633
4.589844
4.863281
5.043945
5.126953
5.058594
4.926758
4.692383
4.345703
3.950195
3.466797
2.963867
2.412109
1.904297
1.372070
0.903320
0.478516
0.200195
-0.112305
-0.209961
-0.258789
-0.200195
0.014648
0.249023
0.639648
1.079102
1.577148
2.114258
2.656250
3.193359
3.691406
4.130859
4.516602
4.814453
5.034180
5.175781
5.161133
5.039062
4.829102
4.501953
4.116211
3.647461
3.125000
2.612305
2.070312
1.542969
1.108398
0.634766
0.263672
0.009766
-0.200195
-0.214844
-0.200195
-0.004883
0.209961
0.556641
0.971680
1.474609
1.948242
2.504883
3.071289
3.554688
4.038086
4.404297
4.731445
4.980469
5.131836
5.136719
5.039062
4.833984
4.565430
4.179688
3.745117
3.256836
2.705078
2.167969
1.669922
1.142578
0.683594
0.307617
0.004883
-0.151367
-0.209961
-0.278320
-0.112305
0.107422
0.444336
0.839844
1.328125
1.816406
2.333984
2.875977
3.442383
3.896484
4.296875
4.633789
4.912109
5.073242
5.141602
5.053711
4.892578
4.609375
4.257812
3.847656
3.330078
2.788086
2.265625
1.718750
1.245117
0.800781
0.390625
0.122070
-0.117188
-0.292969
-0.258789
-0.166016
0.068359
0.346680
0.742188
1.191406
1.694336
2.216797
2.758789
3.300781
3.774414
4.218750
4.570312
4.863281
5.029297
5.112305
5.078125
4.897461
4.677734
4.404297
3.959961
3.471680
2.954102
2.397461
1.894531
1.406250
0.903320
0.483398
0.136719
-0.107422
-0.229492
-0.249023
-0.185547
-0.019531
0.268555
0.654297
1.079102
1.523438
2.094727
2.636719
3.149414
3.662109
4.140625
4.580078
4.853516
5.043945
5.112305
5.087891
4.980469
4.765625
4.482422
4.062500
3.627930
3.095703
2.553711
2.026367
1.479492
0.991211
0.561523
0.239258
-0.048828
-0.224609
-0.268555
-0.205078
-0.087891
0.195312
0.522461
0.966797
1.459961
1.933594
2.504883
3.012695
3.540039
4.003906
4.414062
4.721680
4.951172
5.083008
5.136719
5.068359
4.853516
4.550781
4.189453
3.769531
3.242188
2.729492
2.167969
1.655273
1.201172
0.742188
0.375977
0.039062
-0.136719
-0.239258
-0.234375
-0.131836
0.087891
0.410156
0.825195
1.333008
1.835938
2.358398
2.890625
3.398438
3.847656
4.316406
4.682617
4.887695
5.068359
5.126953
5.034180
4.887695
4.604492
4.267578
3.837891
3.349609
2.827148
2.270508
1.733398
1.220703
0.771484
0.385742
0.083008
-0.141602
-0.263672
-0.234375
-0.166016
0.048828
0.336914
0.751953
1.152344
1.689453
2.197266
2.768555
3.266602
3.784180
4.174805
4.575195
4.833984
5.024414
5.107422
5.068359
4.941406
4.697266
4.384766
3.945312
3.510742
2.998047
2.431641
1.953125
1.367188
0.927734
0.493164
0.185547
-0.048828
-0.180664
-0.224609
-0.151367
0.029297
0.297852
0.639648
1.103516
1.567383
2.099609
2.636719
3.183594
3.686523
4.145508
4.575195
4.863281
4.995117
5.126953
5.112305
4.975586
4.750977
4.511719
4.135742
3.647461
3.164062
2.597656
2.065430
1.484375
1.064453
0.610352
0.273438
-0.034180
-0.156250
-0.249023
-0.170898
-0.029297
0.224609
0.556641
0.942383
1.440430
1.948242
2.514648
3.041992
3.515625
4.077148
4.414062
4.746094
4.965820
5.097656
5.156250
5.029297
4.833984
4.580078
4.189453
3.745117
3.208008
2.709961
2.167969
1.655273
1.152344
0.668945
0.297852
0.058594
-0.200195
-0.219727
-0.268555
-0.097656
0.141602
0.419922
0.864258
1.303711
1.816406
2.338867
2.919922
3.403320
3.911133
4.277344
4.653320
4.887695
5.092773
5.126953
5.058594
4.853516
4.604492
4.257812
3.842773
3.349609
2.792969
2.255859
1.748047
1.230469
0.791016
0.395508
0.112305
-0.141602
-0.234375
-0.263672
-0.136719
0.034180
0.351562
0.751953
1.171875
1.699219
2.187500
2.749023
3.271484
3.789062
4.223633
4.565430
4.824219
5.004883
5.092773
5.097656
4.931641
4.697266
4.370117
3.955078
3.457031
2.954102
2.436523
1.894531
1.376953
0.864258
0.478516
0.136719
-0.068359
-0.219727
-0.292969
-0.185547
-0.043945
0.292969
0.634766
1.093750
1.542969
2.036133
2.656250
3.173828
3.686523
4.140625
4.545898
4.799805
5.092773
5.141602
5.126953
4.975586
4.775391
4.472656
4.057617
3.603516
3.110352
2.568359
2.006836
1.499023
0.991211
0.561523
0.209961
-0.039062
-0.214844
-0.263672
-0.219727
-0.058594
0.200195
0.541992
0.952148
1.435547
1.962891
2.500000
3.022461
3.554688
4.013672
4.428711
4.755859
4.975586
5.097656
5.131836
5.053711
4.843750
4.545898
4.199219
3.750000
3.261719
2.705078
2.187500
1.630859
1.152344
0.703125
0.356445
0.053711
-0.161133
-0.234375
-0.249023
-0.126953
0.092773
0.395508
0.815430
1.279297
1.757812
2.358398
2.866211
3.378906
3.881836
4.287109
4.614258
4.897461
5.073242
5.126953
5.039062
4.843750
4.594727
4.262695
3.852539
3.349609
2.832031
2.294922
1.743164
1.250000
0.795898
0.400391
0.058594
-0.141602
-0.234375
-0.224609
-0.161133
0.048828
0.341797
0.756836
1.191406
1.733398
2.197266
2.763672
3.276367
3.769531
4.233398
4.589844
4.858398
5.034180
5.136719
5.073242
4.936523
4.692383
4.384766
3.955078
3.510742
2.919922
2.421875
1.914062
1.396484
0.913086
0.502930
0.156250
-0.058594
-0.185547
-0.224609
-0.141602
0.043945
0.307617
0.639648
1.103516
1.562500
2.128906
2.685547
3.212891
3.652344
4.155273
4.550781
4.829102
5.029297
5.146484
5.117188
5.029297
4.814453
4.501953
4.091797
3.618164
3.134766
2.622070
2.045898
1.528320
1.098633
0.585938
0.312500
-0.009766
-0.175781
-0.253906
-0.185547
-0.019531
0.214844
0.527344
0.947266
1.435547
1.938477
2.509766
3.046875
3.549805
4.033203
4.423828
4.716797
4.975586
5.107422
5.126953
5.024414
4.794922
4.565430
4.160156
3.730469
3.237305
2.690430
2.143555
1.611328
1.132812
0.673828
0.332031
0.029297
-0.180664
-0.244141
-0.244141
-0.087891
0.102539
0.468750
0.834961
1.308594
1.826172
2.353516
2.905273
3.403320
3.872070
4.321289
4.658203
4.931641
5.039062
5.087891
5.043945
4.848633
4.609375
4.262695
3.803711
3.334961
2.846680
2.265625
1.777344
1.225586
0.786133
0.410156
0.078125
-0.097656
-0.249023
-0.239258
-0.156250
0.053711
0.351562
0.712891
1.186523
1.699219
2.231445
2.773438
3.291016
3.769531
4.243164
4.570312
4.853516
5.039062
5.078125
5.048828
4.916992
4.707031
4.370117
3.930664
3.481445
2.968750
2.407227
1.884766
1.376953
0.898438
0.498047
0.180664
-0.063477
-0.244141
-0.258789
-0.219727
0.009766
0.263672
0.629883
1.059570
1.577148
2.104492
2.617188
3.159180
3.662109
4.179688
4.536133
4.848633
5.019531
5.126953
5.063477
5.000000
4.780273
4.462891
4.042969
3.603516
3.095703
2.553711
2.021484
1.474609
1.020508
0.590820
0.195312
-0.034180
-0.219727
-0.268555
-0.219727
-0.048828
0.205078
0.537109
0.957031
1.450195
1.967773
2.456055
3.046875
3.549805
3.999023
4.414062
4.731445
4.965820
5.107422
5.117188
5.014648
4.853516
4.541016
4.194336
3.730469
3.222656
2.719727
2.158203
1.650391
1.152344
0.698242
0.332031
0.019531
-0.136719
-0.219727
-0.249023
-0.141602
0.097656
0.419922
0.839844
1.298828
1.772461
2.290039
2.851562
3.354492
3.847656
4.311523
4.653320
4.902344
5.039062
5.073242
5.029297
4.877930
4.628906
4.252930
3.833008
3.359375
2.817383
2.285156
1.738281
1.254883
0.776367
0.410156
0.107422
-0.141602
-0.268555
-0.268555
-0.161133
0.063477
0.371094
0.747070
1.181641
1.689453
2.197266
2.773438
3.295898
3.754883
4.218750
4.584961
4.863281
5.053711
5.117188
5.063477
4.941406
4.687500
4.340820
3.935547
3.471680
2.963867
2.456055
1.933594
1.381836
0.859375
0.502930
0.146484
-0.063477
-0.185547
-0.263672
-0.175781
0.000000
0.317383
0.688477
1.083984
1.616211
2.084961
2.617188
3.188477
3.686523
4.125977
4.550781
4.853516
5.058594
5.170898
5.146484
4.995117
4.785156
4.443359
4.106445
3.652344
3.139648
2.626953
2.041016
1.499023
1.079102
0.664062
0.239258
0.024414
-0.170898
-0.229492
-0.185547
-0.039062
0.229492
0.537109
0.932617
1.440430
1.972656
2.490234
3.056641
3.544922
4.003906
4.414062
4.711914
5.009766
5.117188
5.092773
5.034180
4.829102
4.560547
4.228516
3.735352
3.237305
2.685547
2.167969
1.665039
1.152344
0.698242
0.292969
0.034180
-0.175781
-0.249023
-0.195312
-0.112305
0.117188
0.419922
0.839844
1.298828
1.791992
2.368164
2.866211
3.398438
3.916016
4.311523
4.609375
4.887695
5.058594
5.083008
5.014648
4.829102
4.584961
4.248047
3.833008
3.320312
2.807617
2.265625
1.738281
1.235352
0.742188
0.361328
0.092773
-0.136719
-0.239258
-0.273438
-0.141602
0.068359
0.332031
0.747070
1.171875
1.674805
2.221680
2.744141
3.281250
3.774414
4.194336
4.589844
4.873047
5.024414
5.136719
5.043945
4.897461
4.716797
4.355469
3.969727
3.471680
2.954102
2.421875
1.909180
1.352539
0.878906
0.458984
0.170898
-0.073242
-0.239258
-0.263672
-0.244141
-0.004883
0.258789
0.639648
1.108398
1.542969
2.031250
2.622070
3.188477
3.686523
4.140625
4.467773
4.829102
5.048828
5.122070
5.117188
4.956055
4.765625
4.462891
4.077148
3.618164
3.105469
2.524414
1.997070
1.489258
0.991211
0.600586
0.234375
-0.019531
-0.229492
-0.268555
-0.190430
-0.058594
0.180664
0.561523
0.976562
1.459961
1.962891
2.480469
3.027344
3.559570
4.028320
4.404297
4.731445
4.926758
5.107422
5.112305
5.058594
4.838867
4.541016
4.165039
3.720703
3.271484
2.670898
2.153320
1.621094
1.166992
0.727539
0.327148
0.034180
-0.166016
-0.249023
-0.249023
-0.131836
0.112305
0.400391
0.830078
1.254883
1.787109
2.324219
2.900391
3.422852
3.867188
4.326172
4.648438
4.882812
5.048828
5.107422
5.058594
4.853516
4.624023
4.257812
3.823242
3.369141
2.797852
2.314453
1.752930
1.235352
0.791016
0.380859
0.087891
-0.131836
-0.229492
-0.258789
-0.131836
0.053711
0.371094
0.742188
1.210938
1.669922
2.207031
2.763672
3.325195
3.764648
4.218750
4.555664
4.877930
5.039062
5.073242
5.073242
4.912109
4.702148
4.375000
3.940430
3.457031
2.968750
2.402344
1.884766
1.386719
0.898438
0.498047
0.151367
-0.083008
-0.229492
-0.253906
-0.166016
0.053711
0.297852
0.678711
1.113281
1.596680
2.109375
2.617188
3.217773
3.686523
4.130859
4.541016
4.785156
5.019531
5.151367
5.122070
5.029297
4.824219
4.472656
4.101562
3.647461
3.129883
2.617188
2.050781
1.503906
1.054688
0.634766
0.273438
0.019531
-0.180664
-0.219727
-0.205078
-0.004883
0.190430
0.517578
0.922852
1.455078
1.933594
2.490234
3.017578
3.554688
4.023438
4.443359
4.726562
4.960938
5.078125
5.092773
5.039062
4.829102
4.526367
4.155273
3.735352
3.237305
2.709961
2.202148
1.684570
1.118164
0.664062
0.302734
-0.009766
-0.185547
-0.229492
-0.258789
-0.117188
0.092773
0.434570
0.825195
1.328125
1.787109
2.319336
2.895508
3.374023
3.886719
4.316406
4.658203
4.916992
5.063477
5.112305
5.053711
4.843750
4.599609
4.243164
3.823242
3.344727
2.812500
2.236328
1.757812
1.235352
0.795898
0.419922
0.063477
-0.126953
-0.268555
-0.258789
-0.161133
0.058594
0.322266
0.742188
1.196289
1.684570
2.202148
2.734375
3.300781
3.759766
4.213867
4.560547
4.873047
4.985352
5.092773
5.063477
4.960938
4.697266
4.389648
3.930664
3.442383
2.968750
2.421875
1.865234
1.362305
0.864258
0.449219
0.170898
-0.048828
-0.219727
-0.253906
-0.200195
-0.029297
0.258789
0.615234
1.054688
1.547852
2.084961
2.626953
3.154297
3.666992
4.140625
4.506836
4.770508
5.009766
5.126953
5.131836
5.014648
4.780273
4.482422
4.038086
3.588867
3.085938
2.553711
2.055664
1.494141
1.015625
0.600586
0.244141
-0.048828
-0.224609
-0.253906
-0.185547
-0.073242
0.200195
0.527344
0.932617
1.455078
1.953125
2.480469
3.022461
3.549805
4.003906
4.433594
4.711914
4.985352
5.131836
5.097656
5.014648
4.814453
4.555664
4.155273
3.764648
3.237305
2.714844
2.163086
1.635742
1.113281
0.722656
0.341797
0.048828
-0.180664
-0.253906
-0.234375
-0.136719
0.068359
0.439453
0.815430
1.279297
1.787109
2.304688
2.875977
3.413086
3.842773
4.306641
4.619141
4.853516
5.068359
5.078125
5.034180
4.873047
4.619141
4.262695
3.837891
3.330078
2.817383
2.280273
1.752930
1.220703
0.766602
0.390625
0.063477
-0.117188
-0.229492
-0.273438
-0.170898
0.063477
0.332031
0.747070
1.191406
1.674805
2.197266
2.758789
3.300781
3.793945
4.223633
4.570312
4.838867
5.053711
5.107422
5.068359
4.936523
4.711914
4.379883
3.964844
3.452148
2.963867
2.441406
1.914062
1.376953
0.908203
0.468750
0.200195
-0.063477
-0.219727
-0.229492
-0.190430
0.034180
0.297852
0.639648
1.103516
1.586914
2.114258
2.631836
3.198242
