2.128906
1.621094
1.137695
0.659180
0.322266
-0.004883
-0.151367
-0.234375
-0.195312
-0.073242
0.166016
0.483398
0.913086
1.401367
1.914062
2.441406
2.988281
3.491211
3.994141
4.409180
4.721680
4.960938
5.102539
5.136719
5.073242
4.858398
4.614258
4.243164
3.862305
3.315430
2.871094
2.280273
1.757812
1.245117
0.791016
0.424805
0.063477
-0.161133
-0.244141
-0.249023
-0.141602
0.073242
0.405273
0.795898
1.269531
1.743164
2.255859
2.817383
3.364258
3.833008
4.233398
4.594727
4.892578
5.087891
5.141602
5.068359
4.921875
4.682617
4.331055
3.940430
3.476562
2.900391
2.377930
1.831055
1.333008
0.883789
0.483398
0.117188
-0.141602
-0.224609
-0.244141
-0.156250
-0.004883
0.283203
0.634766
1.123047
1.586914
2.133789
2.626953
3.168945
3.676758
4.111328
4.506836
4.794922
5.000000
5.083008
5.058594
4.941406
4.707031
4.409180
4.028320
3.569336
3.061523
2.514648
1.987305
1.494141
0.981445
0.556641
0.209961
-0.029297
-0.205078
-0.283203
-0.200195
-0.078125
0.224609
0.566406
0.971680
1.445312
2.001953
2.514648
3.066406
3.579102
4.028320
4.462891
4.780273
4.956055
5.083008
5.112305
4.980469
4.799805
4.531250
4.101562
3.681641
3.217773
2.646484
2.089844
1.547852
1.103516
0.649414
0.292969
-0.014648
-0.214844
-0.263672
-0.253906
-0.087891
0.131836
0.463867
0.878906
1.347656
1.855469
2.431641
2.929688
3.466797
3.959961
4.360352
4.702148
4.931641
5.058594
5.117188
5.024414
4.892578
4.584961
4.204102
3.803711
3.354492
2.773438
2.250977
1.708984
1.181641
0.791016
0.385742
0.073242
-0.175781
-0.253906
-0.253906
-0.102539
0.078125
0.395508
0.800781
1.206055
1.718750
2.275391
2.822266
3.325195
3.828125
4.267578
4.619141
4.853516
5.073242
5.136719
5.063477
4.970703
4.697266
4.360352
3.896484
3.457031
2.954102
2.431641
1.860352
1.352539
0.844727
0.468750
0.112305
-0.126953
-0.224609
-0.278320
-0.175781
-0.019531
0.312500
0.644531
1.127930
1.557617
2.109375
2.656250
3.222656
3.642578
4.135742
4.492188
4.785156
5.000000
5.097656
5.092773
4.956055
4.726562
4.409180
4.028320
3.588867
3.032227
2.529297
1.972656
1.450195
0.981445
0.532227
0.205078
-0.073242
-0.229492
-0.249023
-0.205078
-0.019531
0.219727
0.576172
1.000977
1.459961
1.997070
2.529297
3.056641
3.549805
4.042969
4.414062
4.721680
4.995117
5.092773
5.092773
4.980469
4.809570
4.521484
4.160156
3.706055
3.212891
2.705078
2.143555
1.582031
1.118164
0.644531
0.283203
0.029297
-0.170898
-0.258789
-0.200195
-0.102539
0.185547
0.483398
0.913086
1.376953
1.958008
2.465820
2.993164
3.457031
3.999023
4.360352
4.697266
4.951172
5.107422
5.126953
5.073242
4.936523
4.663086
4.252930
3.847656
3.359375
2.841797
2.255859
1.733398
1.235352
0.766602
0.371094
0.053711
-0.146484
-0.249023
-0.239258
-0.131836
0.078125
0.371094
0.791016
1.230469
1.752930
2.285156
2.792969
3.330078
3.833008
4.248047
4.604492
4.863281
5.024414
5.122070
5.063477
4.916992
4.663086
4.345703
3.925781
3.452148
2.885742
2.392578
1.860352
1.323242
0.869141
0.449219
0.107422
-0.122070
-0.219727
-0.249023
-0.209961
0.000000
0.288086
0.639648
1.118164
1.591797
2.119141
2.690430
3.212891
3.657227
4.116211
4.482422
4.785156
5.000000
5.092773
5.073242
4.926758
4.726562
4.399414
4.052734
3.593750
3.051758
2.539062
1.977539
1.455078
0.981445
0.556641
0.214844
-0.058594
-0.214844
-0.268555
-0.224609
-0.058594
0.249023
0.546875
0.991211
1.445312
1.987305
2.548828
3.066406
3.608398
4.038086
4.399414
4.707031
4.956055
5.102539
5.107422
5.024414
4.833984
4.526367
4.121094
3.671875
3.154297
2.631836
2.119141
1.582031
1.069336
0.634766
0.317383
0.009766
-0.175781
-0.312500
-0.273438
-0.102539
0.185547
0.434570
0.878906
1.352539
1.855469
2.446289
2.983398
3.471680
3.959961
4.340820
4.687500
4.912109
5.073242
5.092773
5.034180
4.873047
4.604492
4.218750
3.852539
3.295898
2.788086
2.250977
1.694336
1.201172
0.761719
0.380859
0.058594
-0.146484
-0.224609
-0.273438
-0.151367
0.073242
0.351562
0.786133
1.235352
1.733398
2.285156
2.788086
3.344727
3.784180
4.257812
4.594727
4.873047
5.024414
5.122070
5.122070
4.921875
4.692383
4.326172
3.940430
3.452148
2.924805
2.377930
1.884766
1.342773
0.839844
0.434570
0.146484
-0.131836
-0.205078
-0.302734
-0.209961
-0.024414
0.268555
0.649414
1.083984
1.562500
2.099609
2.631836
3.198242
3.691406
4.125977
4.482422
4.780273
4.990234
5.083008
5.073242
4.951172
4.711914
4.443359
4.023438
3.564453
3.032227
2.495117
1.972656
1.445312
0.981445
0.556641
0.195312
-0.073242
-0.205078
-0.292969
-0.205078
-0.039062
0.224609
0.576172
0.971680
1.474609
2.021484
2.529297
3.056641
3.603516
4.072266
4.428711
4.750977
4.960938
5.063477
5.048828
4.995117
4.824219
4.506836
4.121094
3.657227
3.217773
2.685547
2.143555
1.586914
1.083984
0.634766
0.297852
-0.009766
-0.131836
-0.229492
-0.224609
-0.053711
0.205078
0.507812
0.947266
1.367188
1.899414
2.446289
2.993164
3.476562
3.945312
4.326172
4.716797
4.980469
5.117188
5.170898
5.083008
4.877930
4.594727
4.262695
3.828125
3.359375
2.802734
2.275391
1.757812
1.240234
0.751953
0.390625
0.053711
-0.156250
-0.219727
-0.249023
-0.170898
0.073242
0.395508
0.776367
1.206055
1.752930
2.255859
2.817383
3.359375
3.828125
4.223633
4.604492
4.892578
5.063477
5.083008
5.053711
4.902344
4.707031
4.355469
3.925781
3.413086
2.939453
2.368164
1.845703
1.357422
0.854492
0.434570
0.112305
-0.107422
-0.214844
-0.278320
-0.190430
-0.029297
0.322266
0.634766
1.074219
1.577148
2.119141
2.670898
3.183594
3.671875
4.160156
4.501953
4.804688
4.970703
5.078125
5.083008
4.951172
4.707031
4.414062
4.018555
3.554688
3.051758
2.504883
1.967773
1.494141
0.952148
0.532227
0.195312
-0.058594
-0.205078
-0.263672
-0.214844
-0.039062
0.224609
0.561523
0.996094
1.464844
1.943359
2.553711
3.090820
3.588867
4.003906
4.448242
4.770508
4.956055
5.097656
5.078125
4.985352
4.770508
4.521484
4.125977
3.623047
3.168945
2.636719
2.133789
1.582031
1.079102
0.678711
0.292969
0.009766
-0.180664
-0.283203
-0.214844
-0.063477
0.117188
0.449219
0.859375
1.333008
1.875000
2.426758
2.983398
3.457031
3.964844
4.384766
4.672852
4.921875
5.048828
5.131836
5.063477
4.863281
4.584961
4.204102
3.793945
3.305664
2.827148
2.246094
1.694336
1.220703
0.747070
0.371094
0.043945
-0.151367
-0.239258
-0.268555
-0.136719
0.058594
0.332031
0.781250
1.245117
1.728516
2.265625
2.788086
3.330078
3.808594
4.257812
4.589844
4.877930
5.063477
5.131836
5.039062
4.956055
4.663086
4.335938
3.955078
3.471680
2.915039
2.402344
1.884766
1.328125
0.820312
0.468750
0.112305
-0.141602
-0.273438
-0.292969
-0.229492
-0.034180
0.278320
0.659180
1.054688
1.538086
2.104492
2.646484
3.173828
3.671875
4.111328
4.453125
4.804688
5.000000
5.102539
5.058594
4.951172
4.687500
4.433594
4.013672
3.564453
3.056641
2.543945
2.016602
1.484375
0.966797
0.527344
0.195312
-0.048828
-0.200195
-0.258789
-0.214844
-0.058594
0.205078
0.600586
1.000977
1.494141
1.977539
2.524414
3.066406
3.579102
4.042969
4.428711
4.755859
4.931641
5.034180
5.068359
4.990234
4.824219
4.536133
4.140625
3.681641
3.212891
2.690430
2.124023
1.567383
1.093750
0.683594
0.327148
0.034180
-0.141602
-0.234375
-0.234375
-0.043945
0.205078
0.532227
0.932617
1.396484
1.909180
2.441406
3.012695
3.457031
3.940430
4.375000
4.682617
4.980469
5.102539
5.136719
5.053711
4.912109
4.599609
4.243164
3.852539
3.374023
2.841797
2.255859
1.738281
1.196289
0.791016
0.375977
0.107422
-0.141602
-0.273438
-0.253906
-0.112305
0.058594
0.371094
0.756836
1.254883
1.738281
2.294922
2.807617
3.315430
3.789062
4.262695
4.609375
4.868164
5.009766
5.107422
5.068359
4.877930
4.697266
4.340820
3.886719
3.427734
2.885742
2.382812
1.875000
1.313477
0.844727
0.424805
0.126953
-0.087891
-0.258789
-0.249023
-0.195312
0.034180
0.297852
0.644531
1.093750
1.562500
2.109375
2.631836
3.203125
3.681641
4.125977
4.477539
4.760742
4.990234
5.063477
5.053711
4.902344
4.711914
4.399414
4.028320
3.535156
3.046875
2.519531
1.967773
1.440430
0.971680
0.551758
0.214844
-0.039062
-0.224609
-0.278320
-0.229492
-0.063477
0.234375
0.522461
0.986328
1.455078
1.997070
2.543945
3.032227
3.564453
4.033203
4.428711
4.780273
4.960938
5.097656
5.087891
5.000000
4.833984
4.541016
4.106445
3.662109
3.222656
2.695312
2.075195
1.538086
1.059570
0.673828
0.292969
0.004883
-0.214844
-0.307617
-0.253906
-0.058594
0.170898
0.454102
0.859375
1.333008
1.835938
2.441406
2.983398
3.491211
3.950195
4.360352
4.702148
4.936523
5.073242
5.097656
5.058594
4.848633
4.609375
4.228516
3.808594
3.344727
2.812500
2.246094
1.708984
1.191406
0.727539
0.366211
0.063477
-0.175781
-0.229492
-0.283203
-0.166016
0.068359
0.380859
0.776367
1.230469
1.728516
2.260742
2.797852
3.344727
3.837891
4.223633
4.589844
4.863281
5.092773
5.156250
5.092773
4.946289
4.663086
4.355469
3.945312
3.452148
2.919922
2.426758
1.855469
1.323242
0.878906
0.424805
0.126953
-0.136719
-0.253906
-0.292969
-0.214844
-0.024414
0.273438
0.654297
1.083984
1.528320
2.114258
2.617188
3.208008
3.696289
4.150391
4.492188
4.770508
4.980469
5.063477
5.087891
4.951172
4.707031
4.399414
4.008789
3.540039
3.037109
2.524414
1.977539
1.479492
0.971680
0.561523
0.195312
-0.024414
-0.224609
-0.249023
-0.224609
-0.053711
0.244141
0.600586
1.000977
1.455078
1.972656
2.529297
3.100586
3.588867
4.057617
4.418945
4.746094
4.980469
5.097656
5.092773
5.024414
4.819336
4.521484
4.125977
3.618164
3.188477
2.661133
2.138672
1.562500
1.103516
0.708008
0.322266
0.029297
-0.180664
-0.239258
-0.244141
-0.058594
0.190430
0.493164
0.878906
1.323242
1.831055
2.416992
2.963867
3.515625
3.964844
4.360352
4.736328
4.926758
5.112305
5.151367
5.092773
4.902344
4.604492
4.272461
3.798828
3.349609
2.783203
2.255859
1.733398
1.240234
0.810547
0.351562
0.043945
-0.156250
-0.263672
-0.239258
-0.146484
0.078125
0.371094
0.766602
1.230469
1.738281
2.270508
2.836914
3.359375
3.837891
4.272461
4.614258
4.853516
5.068359
5.102539
5.073242
4.882812
4.702148
4.311523
3.920898
3.486328
2.919922
2.382812
1.835938
1.323242
0.849609
0.488281
0.122070
-0.053711
-0.219727
-0.283203
-0.209961
0.014648
0.283203
0.654297
1.103516
1.572266
2.099609
2.631836
3.188477
3.681641
4.145508
4.467773
4.785156
4.985352
5.078125
5.068359
4.902344
4.702148
4.384766
3.984375
3.569336
3.051758
2.539062
1.972656
1.459961
0.961914
0.527344
0.205078
-0.058594
-0.190430
-0.263672
-0.258789
-0.058594
0.214844
0.576172
0.976562
1.455078
1.958008
2.529297
3.081055
3.569336
4.018555
4.409180
4.746094
4.970703
5.048828
5.107422
5.039062
4.824219
4.531250
4.096680
3.637695
3.168945
2.656250
2.119141
1.572266
1.044922
0.639648
0.312500
0.004883
-0.229492
-0.312500
-0.273438
-0.078125
0.126953
0.449219
0.869141
1.367188
1.899414
2.490234
2.968750
3.427734
3.920898
4.355469
4.687500
4.916992
5.058594
5.122070
5.014648
4.858398
4.609375
4.223633
3.774414
3.320312
2.792969
2.250977
1.718750
1.210938
0.776367
0.361328
0.068359
-0.141602
-0.258789
-0.219727
-0.126953
0.068359
0.356445
0.771484
1.245117
1.704102
2.250977
2.802734
3.349609
3.823242
4.248047
4.604492
4.877930
5.097656
5.117188
5.058594
4.926758
4.658203
4.345703
3.940430
3.432617
2.915039
2.382812
1.904297
1.347656
0.849609
0.434570
0.053711
-0.122070
-0.258789
-0.317383
-0.224609
0.024414
0.288086
0.610352
1.113281
1.591797
2.089844
2.636719
3.178711
3.671875
4.140625
4.472656
4.799805
4.985352
5.087891
5.063477
4.960938
4.726562
4.448242
4.038086
3.525391
3.022461
2.514648
1.967773
1.430664
0.996094
0.556641
0.200195
-0.048828
-0.219727
-0.268555
-0.214844
-0.053711
0.200195
0.532227
1.010742
1.464844
1.977539
2.558594
3.105469
3.564453
4.042969
4.433594
4.760742
4.931641
5.068359
5.117188
5.004883
4.804688
4.541016
4.106445
3.676758
3.208008
2.666016
2.138672
1.577148
1.093750
0.664062
0.307617
0.034180
-0.156250
-0.258789
-0.180664
-0.053711
0.195312
0.498047
0.893555
1.391602
1.909180
2.426758
2.978516
3.471680
3.955078
4.423828
4.692383
4.990234
5.107422
5.170898
5.107422
4.882812
4.614258
4.272461
3.842773
3.359375
2.802734
2.270508
1.738281
1.259766
0.805664
0.410156
0.083008
-0.195312
-0.283203
-0.239258
-0.151367
0.092773
0.405273
0.795898
1.210938
1.796875
2.309570
2.797852
3.339844
3.842773
4.252930
4.633789
4.877930
5.024414
5.078125
5.039062
4.975586
4.716797
4.335938
3.881836
3.398438
2.949219
2.373047
1.850586
1.337891
0.883789
0.434570
0.161133
-0.131836
-0.219727
-0.278320
-0.185547
-0.019531
0.292969
0.664062
1.098633
1.562500
2.128906
2.670898
3.212891
3.686523
4.106445
4.487305
4.785156
4.985352
5.063477
5.068359
4.946289
4.707031
4.414062
3.999023
3.564453
3.046875
2.529297
1.997070
1.474609
0.957031
0.566406
0.209961
-0.019531
-0.229492
-0.263672
-0.239258
-0.039062
0.219727
0.571289
0.932617
1.455078
1.992188
2.553711
3.095703
3.588867
4.018555
4.443359
4.741211
4.985352
5.068359
5.053711
5.034180
4.804688
4.521484
4.106445
3.637695
3.168945
2.675781
2.119141
1.586914
1.069336
0.625000
0.263672
0.034180
-0.156250
-0.312500
-0.307617
-0.058594
0.151367
0.488281
0.913086
1.376953
1.923828
2.451172
2.963867
3.491211
3.940430
4.340820
4.697266
4.931641
5.122070
5.136719
5.053711
4.902344
4.580078
4.223633
3.823242
3.339844
2.768555
2.216797
1.723633
1.225586
0.776367
0.371094
0.048828
-0.146484
-0.244141
-0.249023
-0.146484
0.058594
0.371094
0.800781
1.235352
1.723633
2.255859
2.783203
3.354492
3.803711
4.233398
4.599609
4.868164
5.043945
5.131836
5.073242
4.926758
4.648438
4.326172
3.911133
3.481445
2.934570
2.377930
1.850586
1.367188
0.839844
0.429688
0.083008
-0.161133
-0.224609
-0.292969
-0.205078
-0.034180
0.214844
0.654297
1.074219
1.567383
2.104492
2.636719
3.188477
3.662109
4.116211
4.516602
4.794922
5.014648
5.083008
5.102539
4.960938
4.736328
4.414062
4.003906
3.564453
3.027344
2.514648
1.987305
1.450195
0.986328
0.527344
0.219727
-0.043945
-0.229492
-0.288086
-0.200195
-0.048828
0.209961
0.600586
0.996094
1.489258
1.977539
2.529297
3.061523
3.608398
4.038086
4.433594
4.746094
4.980469
5.073242
5.122070
5.000000
4.819336
4.501953
4.121094
3.706055
3.188477
2.651367
2.148438
1.582031
1.113281
0.703125
0.292969
0.058594
-0.185547
-0.258789
-0.214844
-0.053711
0.175781
0.512695
0.947266
1.367188
1.909180
2.436523
2.963867
3.520508
3.945312
4.365234
4.692383
4.985352
5.117188
5.180664
5.107422
4.912109
4.628906
4.218750
3.867188
3.354492
2.822266
2.285156
1.748047
1.245117
0.776367
0.380859
0.087891
-0.175781
-0.244141
-0.258789
-0.180664
0.083008
0.380859
0.786133
1.254883
1.748047
2.285156
2.817383
3.300781
3.828125
4.267578
4.653320
4.843750
5.078125
5.166016
5.063477
4.926758
4.702148
4.321289
3.925781
3.476562
2.905273
2.397461
1.826172
1.323242
0.878906
0.454102
0.136719
-0.102539
-0.239258
-0.268555
-0.195312
-0.019531
0.278320
0.649414
1.103516
1.586914
2.094727
2.617188
3.159180
3.671875
4.091797
4.482422
4.794922
5.004883
5.092773
5.039062
4.892578
4.711914
4.394531
4.023438
3.574219
3.027344
2.509766
1.982422
1.469727
0.952148
0.546875
0.190430
-0.053711
-0.214844
-0.283203
-0.219727
-0.043945
0.195312
0.556641
0.986328
1.464844
1.992188
2.534180
3.066406
3.569336
4.008789
4.409180
4.716797
4.921875
5.092773
5.117188
4.990234
4.790039
4.492188
4.125977
3.686523
3.164062
2.631836
2.109375
1.557617
1.088867
0.629883
0.292969
-0.014648
-0.185547
-0.249023
-0.234375
-0.136719
0.151367
0.449219
0.922852
1.367188
1.914062
2.426758
2.973633
3.452148
3.930664
4.355469
4.711914
4.936523
5.068359
5.126953
5.048828
4.877930
4.604492
4.199219
3.789062
3.330078
2.822266
2.231445
1.723633
1.191406
0.761719
0.336914
0.053711
-0.146484
-0.273438
-0.229492
-0.131836
0.063477
0.380859
0.795898
1.186523
1.738281
2.275391
2.783203
3.310547
3.823242
4.248047
4.628906
4.853516
5.043945
5.122070
5.097656
4.946289
4.672852
4.326172
3.940430
3.461914
2.939453
2.416992
1.840820
1.367188
0.859375
0.429688
0.117188
-0.126953
-0.244141
-0.292969
-0.205078
0.004883
0.263672
0.629883
1.064453
1.533203
2.094727
2.636719
3.188477
3.701172
4.145508
4.501953
4.770508
5.014648
5.068359
5.087891
4.970703
4.726562
4.404297
4.023438
3.564453
3.041992
2.514648
1.977539
1.445312
0.957031
0.517578
0.195312
-0.078125
-0.229492
-0.273438
-0.209961
-0.029297
0.224609
0.566406
1.010742
1.464844
2.006836
2.543945
3.090820
3.554688
4.042969
4.423828
4.721680
4.941406
5.097656
5.107422
4.990234
4.785156
4.506836
4.072266
3.715820
3.198242
2.670898
2.128906
1.601562
1.113281
0.678711
0.332031
-0.009766
-0.200195
-0.263672
-0.249023
-0.097656
0.200195
0.527344
0.908203
1.396484
1.894531
2.407227
2.988281
3.496094
3.979492
4.418945
4.721680
4.956055
5.131836
5.136719
5.034180
4.907227
4.619141
4.233398
3.842773
3.344727
2.792969
2.280273
1.748047
1.269531
0.795898
0.424805
0.087891
-0.141602
-0.268555
-0.258789
-0.146484
0.073242
0.385742
0.756836
1.235352
1.767578
2.280273
2.841797
3.315430
3.842773
4.252930
4.599609
4.873047
5.068359
5.136719
5.034180
4.912109
4.711914
4.365234
3.916016
3.447266
2.934570
2.387695
1.831055
1.328125
0.854492
0.434570
0.122070
-0.083008
-0.239258
-0.268555
-0.195312
-0.014648
0.278320
0.683594
1.083984
1.611328
2.124023
2.656250
3.198242
3.681641
4.121094
4.477539
4.755859
4.980469
5.117188
5.043945
4.931641
4.672852
4.409180
4.008789
3.574219
3.056641
2.509766
1.997070
1.450195
0.996094
0.541992
0.195312
-0.058594
-0.190430
-0.263672
-0.219727
-0.053711
0.214844
0.605469
0.976562
1.450195
1.953125
2.514648
3.022461
3.574219
4.033203
4.399414
4.755859
4.980469
5.078125
5.083008
4.990234
4.804688
4.511719
4.140625
3.676758
3.144531
2.651367
2.104492
1.562500
1.083984
0.634766
0.244141
-0.019531
-0.195312
-0.278320
-0.253906
-0.097656
0.122070
0.478516
0.903320
1.313477
1.870117
2.426758
2.915039
3.476562
3.911133
4.350586
4.667969
4.951172
5.043945
5.083008
5.078125
4.863281
4.575195
4.228516
3.798828
3.334961
2.783203
2.197266
1.704102
1.166992
0.791016
0.371094
0.058594
-0.156250
-0.224609
-0.263672
-0.151367
0.073242
0.361328
0.761719
1.250000
1.748047
2.265625
2.797852
3.320312
3.833008
4.213867
4.594727
4.873047
5.048828
5.107422
5.073242
4.916992
4.672852
4.355469
3.925781
3.452148
2.939453
2.392578
1.904297
1.342773
0.878906
0.463867
0.097656
-0.092773
-0.278320
-0.307617
-0.219727
-0.034180
0.209961
0.615234
1.049805
1.547852
2.050781
2.597656
3.178711
3.657227
4.116211
4.487305
4.765625
4.980469
5.107422
5.068359
4.931641
4.721680
4.423828
3.994141
3.544922
3.041992
2.509766
1.997070
1.459961
0.971680
0.527344
0.185547
-0.048828
-0.214844
-0.283203
-0.219727
-0.048828
0.224609
0.571289
0.957031
1.459961
2.001953
2.573242
3.037109
3.569336
4.042969
4.433594
4.726562
4.956055
5.058594
5.097656
5.024414
4.799805
4.497070
4.140625
3.671875
3.198242
2.670898
2.094727
1.635742
1.118164
0.664062
0.288086
0.019531
-0.122070
-0.205078
-0.180664
-0.053711
0.170898
0.498047
0.937500
1.396484
1.933594
2.431641
2.949219
3.447266
3.984375
4.399414
4.731445
4.956055
5.117188
5.156250
5.102539
4.912109
4.609375
4.306641
3.833008
3.364258
2.846680
2.250977
1.738281
1.215820
0.776367
0.429688
0.073242
-0.107422
-0.249023
-0.244141
-0.161133
0.087891
0.405273
0.781250
1.264648
1.738281
2.285156
2.822266
