1.762695
1.264648
0.815430
0.405273
0.097656
-0.131836
-0.200195
-0.244141
-0.131836
0.063477
0.336914
0.742188
1.206055
1.694336
2.216797
2.763672
3.276367
3.798828
4.189453
4.550781
4.838867
5.014648
5.083008
5.068359
4.902344
4.667969
4.321289
3.945312
3.481445
2.949219
2.412109
1.860352
1.362305
0.893555
0.488281
0.146484
-0.092773
-0.258789
-0.268555
-0.195312
-0.004883
0.283203
0.634766
1.059570
1.547852
2.094727
2.602539
3.154297
3.647461
4.091797
4.487305
4.804688
4.985352
5.083008
5.073242
5.000000
4.750977
4.462891
4.067383
3.583984
3.110352
2.568359
2.031250
1.484375
0.976562
0.590820
0.214844
-0.043945
-0.219727
-0.258789
-0.224609
-0.048828
0.175781
0.556641
0.947266
1.459961
1.958008
2.451172
3.041992
3.554688
4.033203
4.433594
4.746094
5.014648
5.131836
5.146484
5.058594
4.863281
4.560547
4.204102
3.745117
3.237305
2.709961
2.167969
1.679688
1.191406
0.717773
0.332031
-0.024414
-0.146484
-0.209961
-0.190430
-0.092773
0.146484
0.434570
0.864258
1.362305
1.850586
2.392578
2.885742
3.461914
3.886719
4.335938
4.628906
4.897461
5.092773
5.136719
5.048828
4.902344
4.633789
4.301758
3.867188
3.369141
2.832031
2.290039
1.767578
1.279297
0.781250
0.410156
0.063477
-0.151367
-0.219727
-0.278320
-0.156250
0.039062
0.341797
0.722656
1.210938
1.689453
2.172852
2.714844
3.320312
3.774414
4.204102
4.541016
4.824219
5.019531
5.058594
5.063477
4.892578
4.648438
4.326172
3.920898
3.486328
2.915039
2.431641
1.879883
1.357422
0.878906
0.429688
0.122070
-0.131836
-0.283203
-0.292969
-0.224609
-0.029297
0.258789
0.629883
1.074219
1.538086
2.094727
2.607422
3.144531
3.676758
4.091797
4.472656
4.804688
4.980469
5.092773
5.078125
4.975586
4.770508
4.453125
4.072266
3.588867
3.090820
2.553711
2.026367
1.503906
1.010742
0.571289
0.234375
-0.063477
-0.249023
-0.278320
-0.205078
-0.083008
0.141602
0.512695
0.971680
1.425781
1.928711
2.431641
3.037109
3.510742
3.994141
4.399414
4.716797
4.956055
5.063477
5.117188
5.019531
4.833984
4.526367
4.213867
3.759766
3.251953
2.705078
2.177734
1.640625
1.142578
0.703125
0.327148
0.043945
-0.195312
-0.234375
-0.253906
-0.122070
0.117188
0.415039
0.849609
1.308594
1.811523
2.324219
2.885742
3.398438
3.891602
4.316406
4.648438
4.897461
5.083008
5.073242
5.029297
4.892578
4.609375
4.267578
3.876953
3.349609
2.812500
2.314453
1.782227
1.245117
0.805664
0.415039
0.107422
-0.131836
-0.258789
-0.234375
-0.126953
0.058594
0.346680
0.732422
1.240234
1.694336
2.187500
2.734375
3.281250
3.735352
4.179688
4.526367
4.858398
5.019531
5.097656
5.034180
4.902344
4.658203
4.306641
3.940430
3.466797
2.958984
2.421875
1.875000
1.357422
0.898438
0.449219
0.151367
-0.097656
-0.253906
-0.263672
-0.229492
-0.034180
0.239258
0.610352
1.049805
1.518555
2.065430
2.612305
3.144531
3.632812
4.096680
4.487305
4.785156
4.985352
5.078125
5.092773
4.985352
4.770508
4.453125
4.057617
3.598633
3.076172
2.563477
2.016602
1.499023
1.010742
0.600586
0.244141
-0.024414
-0.219727
-0.273438
-0.229492
-0.083008
0.185547
0.541992
0.942383
1.440430
1.943359
2.490234
3.051758
3.535156
3.989258
4.423828
4.746094
4.980469
5.107422
5.107422
4.990234
4.843750
4.570312
4.228516
3.764648
3.242188
2.724609
2.158203
1.606445
1.181641
0.717773
0.351562
0.068359
-0.166016
-0.224609
-0.229492
-0.053711
0.146484
0.512695
0.849609
1.342773
1.845703
2.368164
2.929688
3.457031
3.916016
4.321289
4.667969
4.892578
5.048828
5.102539
5.053711
4.902344
4.628906
4.291992
3.872070
3.374023
2.875977
2.309570
1.772461
1.298828
0.810547
0.415039
0.068359
-0.141602
-0.258789
-0.283203
-0.136719
0.078125
0.356445
0.751953
1.166992
1.708984
2.172852
2.734375
3.325195
3.784180
4.189453
4.541016
4.824219
5.058594
5.156250
5.083008
4.951172
4.677734
4.355469
3.969727
3.452148
2.949219
2.416992
1.904297
1.342773
0.854492
0.458984
0.102539
-0.117188
-0.244141
-0.292969
-0.214844
-0.029297
0.258789
0.639648
1.064453
1.586914
2.070312
2.641602
3.164062
3.647461
4.101562
4.492188
4.780273
4.970703
5.078125
5.092773
4.960938
4.765625
4.453125
4.057617
3.618164
3.076172
2.558594
2.021484
1.455078
0.976562
0.571289
0.239258
-0.048828
-0.249023
-0.278320
-0.214844
-0.087891
0.195312
0.566406
0.927734
1.416016
1.884766
2.475586
3.037109
3.540039
4.008789
4.389648
4.687500
4.941406
5.117188
5.117188
5.039062
4.838867
4.545898
4.194336
3.720703
3.208008
2.714844
2.158203
1.650391
1.137695
0.708008
0.322266
0.019531
-0.170898
-0.253906
-0.253906
-0.131836
0.136719
0.429688
0.800781
1.293945
1.816406
2.353516
2.915039
3.388672
3.881836
4.296875
4.663086
4.941406
5.058594
5.141602
5.053711
4.877930
4.633789
4.306641
3.881836
3.349609
2.841797
2.275391
1.762695
1.259766
0.805664
0.410156
0.097656
-0.136719
-0.229492
-0.234375
-0.141602
0.053711
0.351562
0.742188
1.176758
1.689453
2.221680
2.739258
3.276367
3.764648
4.174805
4.541016
4.819336
5.000000
5.063477
5.034180
4.912109
4.663086
4.345703
3.925781
3.476562
2.924805
2.421875
1.865234
1.352539
0.888672
0.410156
0.136719
-0.087891
-0.253906
-0.283203
-0.180664
-0.014648
0.263672
0.610352
1.064453
1.538086
2.089844
2.607422
3.129883
3.632812
4.091797
4.472656
4.790039
5.019531
5.097656
5.097656
4.965820
4.824219
4.438477
4.086914
3.598633
3.105469
2.558594
2.021484
1.484375
1.030273
0.600586
0.200195
-0.043945
-0.190430
-0.263672
-0.209961
-0.087891
0.219727
0.561523
0.981445
1.445312
1.953125
2.485352
3.056641
3.574219
4.008789
4.448242
4.726562
4.960938
5.092773
5.141602
5.053711
4.843750
4.594727
4.155273
3.745117
3.261719
2.709961
2.207031
1.650391
1.166992
0.742188
0.361328
0.029297
-0.161133
-0.229492
-0.209961
-0.043945
0.141602
0.458984
0.859375
1.323242
1.850586
2.387695
2.885742
3.393555
3.911133
4.296875
4.648438
4.882812
5.073242
5.122070
5.068359
4.902344
4.633789
4.282227
3.857422
3.349609
2.866211
2.304688
1.772461
1.250000
0.800781
0.385742
0.087891
-0.151367
-0.234375
-0.253906
-0.117188
0.043945
0.361328
0.722656
1.201172
1.665039
2.207031
2.734375
3.295898
3.774414
4.223633
4.555664
4.873047
5.009766
5.078125
5.053711
4.907227
4.692383
4.345703
3.940430
3.457031
2.944336
2.397461
1.879883
1.342773
0.888672
0.454102
0.131836
-0.112305
-0.268555
-0.268555
-0.224609
0.004883
0.253906
0.620117
1.049805
1.538086
2.065430
2.607422
3.159180
3.657227
4.096680
4.492188
4.809570
4.980469
5.102539
5.058594
4.975586
4.765625
4.467773
4.042969
3.608398
3.095703
2.548828
2.001953
1.479492
1.000977
0.590820
0.229492
-0.039062
-0.219727
-0.253906
-0.239258
-0.063477
0.175781
0.517578
0.922852
1.411133
1.982422
2.500000
3.007812
3.530273
3.964844
4.379883
4.746094
4.980469
5.083008
5.097656
5.004883
4.873047
4.497070
4.179688
3.784180
3.242188
2.705078
2.177734
1.635742
1.152344
0.698242
0.312500
0.004883
-0.205078
-0.273438
-0.249023
-0.102539
0.131836
0.419922
0.839844
1.313477
1.806641
2.353516
2.875977
3.388672
3.901367
4.306641
4.667969
4.902344
5.097656
5.073242
5.092773
4.887695
4.628906
4.252930
3.842773
3.369141
2.827148
2.329102
1.777344
1.254883
0.781250
0.375977
0.083008
-0.131836
-0.209961
-0.244141
-0.151367
0.053711
0.341797
0.776367
1.210938
1.699219
2.216797
2.753906
3.295898
3.764648
4.160156
4.521484
4.794922
5.034180
5.058594
5.014648
4.892578
4.658203
4.345703
3.940430
3.442383
2.919922
2.412109
1.865234
1.333008
0.844727
0.463867
0.146484
-0.083008
-0.234375
-0.302734
-0.224609
-0.019531
0.263672
0.605469
1.054688
1.547852
2.050781
2.622070
3.149414
3.671875
4.106445
4.501953
4.804688
4.995117
5.073242
5.083008
4.980469
4.799805
4.443359
4.057617
3.598633
3.105469
2.587891
2.011719
1.518555
0.966797
0.576172
0.229492
-0.053711
-0.180664
-0.273438
-0.249023
-0.048828
0.200195
0.537109
0.908203
1.386719
1.938477
2.465820
3.022461
3.569336
3.999023
4.409180
4.760742
4.985352
5.102539
5.117188
5.043945
4.843750
4.536133
4.184570
3.735352
3.276367
2.744141
2.167969
1.645508
1.118164
0.712891
0.356445
0.073242
-0.146484
-0.278320
-0.200195
-0.092773
0.102539
0.488281
0.839844
1.313477
1.826172
2.324219
2.905273
3.432617
3.920898
4.301758
4.633789
4.897461
5.063477
5.097656
5.078125
4.936523
4.633789
4.277344
3.867188
3.359375
2.871094
2.280273
1.752930
1.303711
0.815430
0.380859
0.063477
-0.151367
-0.224609
-0.234375
-0.161133
-0.004883
0.356445
0.737305
1.196289
1.655273
2.192383
2.773438
3.281250
3.750000
4.194336
4.560547
4.843750
5.034180
5.073242
5.053711
4.931641
4.653320
4.331055
3.920898
3.442383
2.978516
2.387695
1.865234
1.328125
0.854492
0.439453
0.102539
-0.131836
-0.263672
-0.312500
-0.205078
-0.004883
0.273438
0.649414
1.040039
1.562500
2.065430
2.587891
3.154297
3.666992
4.111328
4.492188
4.785156
5.019531
5.068359
5.092773
4.946289
4.770508
4.453125
4.072266
3.574219
3.056641
2.543945
2.011719
1.513672
1.030273
0.561523
0.209961
-0.068359
-0.253906
-0.283203
-0.214844
-0.043945
0.205078
0.522461
0.908203
1.445312
1.948242
2.480469
2.978516
3.500977
4.008789
4.414062
4.736328
4.926758
5.058594
5.097656
5.043945
4.843750
4.560547
4.140625
3.740234
3.232422
2.734375
2.163086
1.591797
1.098633
0.673828
0.317383
0.000000
-0.209961
-0.288086
-0.234375
-0.161133
0.131836
0.439453
0.815430
1.289062
1.811523
2.343750
2.866211
3.422852
3.896484
4.296875
4.663086
4.868164
5.053711
5.107422
5.053711
4.873047
4.609375
4.272461
3.857422
3.354492
2.832031
2.285156
1.733398
1.250000
0.771484
0.395508
0.073242
-0.122070
-0.205078
-0.234375
-0.180664
0.073242
0.385742
0.732422
1.171875
1.660156
2.246094
2.768555
3.256836
3.745117
4.174805
4.565430
4.799805
5.039062
5.083008
5.058594
4.882812
4.658203
4.335938
3.920898
3.437500
2.939453
2.397461
1.835938
1.362305
0.844727
0.478516
0.112305
-0.083008
-0.283203
-0.278320
-0.224609
-0.039062
0.253906
0.634766
1.083984
1.542969
2.075195
2.617188
3.144531
3.642578
4.169922
4.482422
4.804688
4.985352
5.097656
5.117188
4.990234
4.770508
4.433594
4.077148
3.603516
3.090820
2.568359
2.031250
1.469727
0.991211
0.576172
0.229492
-0.029297
-0.205078
-0.268555
-0.195312
-0.087891
0.209961
0.541992
0.937500
1.459961
1.977539
2.524414
3.061523
3.559570
4.013672
4.389648
4.711914
5.004883
5.083008
5.102539
5.087891
4.858398
4.526367
4.248047
3.779297
3.281250
2.734375
2.221680
1.606445
1.123047
0.717773
0.371094
0.048828
-0.156250
-0.258789
-0.239258
-0.141602
0.151367
0.458984
0.830078
1.308594
1.816406
2.358398
2.924805
3.442383
3.896484
4.301758
4.638672
4.873047
5.039062
5.126953
5.024414
4.887695
4.624023
4.272461
3.867188
3.359375
2.841797
2.304688
1.791992
1.245117
0.761719
0.400391
0.087891
-0.151367
-0.273438
-0.249023
-0.200195
0.034180
0.322266
0.751953
1.166992
1.679688
2.177734
2.768555
3.291016
3.720703
4.184570
4.570312
4.833984
5.034180
5.073242
5.048828
4.912109
4.707031
4.335938
3.925781
3.461914
2.919922
2.441406
1.855469
1.342773
0.849609
0.449219
0.141602
-0.092773
-0.249023
-0.288086
-0.229492
-0.039062
0.263672
0.629883
1.083984
1.552734
2.041016
2.612305
3.144531
3.671875
4.077148
4.482422
4.794922
5.004883
5.112305
5.073242
4.951172
4.775391
4.482422
4.047852
3.608398
3.115234
2.568359
2.041016
1.499023
0.986328
0.595703
0.253906
-0.058594
-0.190430
-0.307617
-0.249023
-0.068359
0.219727
0.512695
0.888672
1.416016
1.967773
2.495117
2.993164
3.525391
3.994141
4.355469
4.746094
4.941406
5.073242
5.092773
5.039062
4.838867
4.545898
4.204102
3.735352
3.261719
2.719727
2.167969
1.645508
1.132812
0.678711
0.302734
0.034180
-0.175781
-0.302734
-0.249023
-0.083008
0.078125
0.454102
0.844727
1.298828
1.826172
2.319336
2.851562
3.403320
3.896484
4.296875
4.624023
4.902344
5.058594
5.112305
5.048828
4.882812
4.638672
4.296875
3.823242
3.349609
2.807617
2.280273
1.757812
1.274414
0.805664
0.400391
0.039062
-0.126953
-0.205078
-0.239258
-0.141602
0.039062
0.322266
0.722656
1.186523
1.689453
2.211914
2.763672
3.256836
3.740234
4.169922
4.536133
4.785156
4.975586
5.112305
5.043945
4.902344
4.667969
4.326172
3.925781
3.461914
2.924805
2.397461
1.855469
1.357422
0.898438
0.463867
0.141602
-0.117188
-0.234375
-0.273438
-0.219727
-0.019531
0.249023
0.629883
1.040039
1.538086
2.080078
2.622070
3.173828
3.623047
4.082031
4.497070
4.799805
4.995117
5.117188
5.092773
4.965820
4.760742
4.458008
4.062500
3.593750
3.085938
2.543945
1.997070
1.518555
0.996094
0.576172
0.209961
-0.043945
-0.214844
-0.239258
-0.234375
-0.073242
0.214844
0.527344
0.937500
1.406250
1.953125
2.490234
3.046875
3.544922
4.003906
4.418945
4.794922
5.024414
5.131836
5.136719
5.034180
4.853516
4.570312
4.208984
3.740234
3.247070
2.734375
2.187500
1.679688
1.157227
0.712891
0.322266
0.000000
-0.126953
-0.219727
-0.214844
-0.117188
0.107422
0.449219
0.849609
1.367188
1.860352
2.387695
2.919922
3.437500
3.950195
4.301758
4.687500
4.902344
5.029297
5.131836
5.039062
4.873047
4.658203
4.296875
3.872070
3.403320
2.817383
2.270508
1.752930
1.279297
0.820312
0.400391
0.107422
-0.126953
-0.234375
-0.244141
-0.166016
0.053711
0.361328
0.737305
1.186523
1.660156
2.231445
2.729492
3.325195
3.769531
4.169922
4.541016
4.833984
5.043945
5.092773
5.058594
4.897461
4.667969
4.365234
3.935547
3.466797
2.934570
2.392578
1.855469
1.318359
0.898438
0.429688
0.122070
-0.122070
-0.278320
-0.292969
-0.229492
-0.024414
0.288086
0.620117
1.069336
1.572266
2.084961
2.626953
3.149414
3.671875
4.125977
4.477539
4.804688
5.034180
5.063477
5.092773
4.970703
4.775391
4.438477
4.067383
3.598633
3.100586
2.558594
2.006836
1.503906
1.035156
0.590820
0.229492
-0.058594
-0.239258
-0.288086
-0.219727
-0.087891
0.185547
0.532227
0.932617
1.381836
1.909180
2.480469
3.037109
3.535156
3.994141
4.370117
4.707031
4.980469
5.073242
5.083008
4.990234
4.848633
4.575195
4.165039
3.764648
3.222656
2.700195
2.148438
1.645508
1.147461
0.708008
0.312500
0.019531
-0.166016
-0.249023
-0.263672
-0.107422
0.136719
0.405273
0.815430
1.303711
1.811523
2.358398
2.846680
3.403320
3.881836
4.291992
4.628906
4.897461
5.063477
5.097656
5.053711
4.858398
4.643555
4.257812
3.852539
3.374023
2.827148
2.275391
1.748047
1.264648
0.815430
0.410156
0.034180
-0.107422
-0.224609
-0.249023
-0.141602
0.073242
0.341797
0.751953
1.235352
1.694336
2.207031
2.768555
3.271484
3.789062
4.184570
4.560547
4.833984
4.995117
5.083008
5.039062
4.912109
4.653320
4.326172
3.964844
3.466797
2.939453
2.392578
1.884766
1.352539
0.864258
0.458984
0.112305
-0.078125
-0.195312
-0.263672
-0.185547
-0.034180
0.278320
0.644531
1.040039
1.577148
2.099609
2.631836
3.154297
3.632812
4.121094
4.458008
4.770508
4.941406
5.087891
5.087891
4.980469
4.760742
4.453125
4.057617
3.603516
3.110352
2.548828
2.011719
1.503906
0.986328
0.551758
0.239258
-0.029297
-0.205078
-0.268555
-0.209961
-0.083008
0.170898
0.541992
0.937500
1.445312
1.953125
2.543945
3.037109
3.559570
4.008789
4.394531
4.731445
5.000000
5.117188
5.131836
5.053711
4.838867
4.526367
4.179688
3.735352
3.291016
2.724609
2.202148
1.606445
1.127930
0.664062
0.302734
0.048828
-0.146484
-0.258789
-0.200195
-0.092773
0.136719
0.493164
0.888672
1.347656
1.821289
2.377930
2.924805
3.447266
3.901367
4.326172
4.628906
4.887695
5.048828
5.102539
5.063477
4.873047
4.599609
4.287109
3.876953
3.378906
2.856445
2.309570
1.748047
1.235352
0.786133
0.444336
0.092773
-0.141602
-0.249023
-0.307617
-0.151367
0.068359
0.327148
0.771484
1.147461
1.708984
2.172852
2.753906
3.300781
3.745117
4.233398
4.526367
4.838867
5.053711
5.087891
5.078125
4.907227
4.721680
4.355469
3.925781
3.442383
2.934570
2.387695
1.870117
1.357422
0.874023
0.454102
0.136719
-0.126953
-0.273438
-0.307617
-0.224609
-0.014648
0.278320
0.625000
1.059570
1.518555
2.070312
2.607422
3.144531
3.671875
4.091797
4.501953
4.780273
4.970703
5.097656
5.087891
4.956055
4.765625
4.448242
4.062500
3.588867
3.085938
2.592773
2.050781
1.459961
0.981445
0.585938
0.229492
-0.034180
-0.200195
-0.307617
-0.249023
-0.073242
0.151367
0.507812
0.937500
1.435547
1.914062
2.436523
3.041992
3.554688
3.964844
4.438477
4.707031
4.902344
5.083008
5.068359
5.039062
4.848633
4.565430
4.194336
3.750000
3.247070
2.695312
2.158203
1.616211
1.186523
0.688477
0.302734
0.004883
-0.161133
-0.283203
-0.258789
-0.126953
0.117188
0.400391
0.820312
1.333008
1.806641
2.348633
2.866211
3.408203
3.896484
4.311523
4.624023
4.882812
5.034180
5.117188
5.053711
4.853516
4.619141
4.277344
3.862305
3.349609
2.871094
2.270508
1.762695
1.284180
0.815430
0.400391
0.092773
-0.117188
-0.239258
-0.234375
-0.126953
0.063477
0.336914
0.747070
1.206055
1.708984
2.231445
2.763672
3.271484
3.759766
4.204102
4.589844
4.814453
4.980469
5.034180
5.024414
4.887695
4.711914
4.331055
3.940430
3.427734
2.924805
2.407227
1.889648
1.376953
0.883789
0.468750
0.122070
-0.097656
-0.219727
-0.273438
-0.195312
-0.029297
0.244141
0.615234
1.088867
1.542969
2.031250
2.636719
3.134766
3.647461
4.106445
4.477539
4.770508
4.970703
5.122070
5.097656
4.956055
4.750977
4.458008
4.062500
3.608398
3.066406
2.543945
2.016602
1.474609
0.996094
0.556641
0.209961
-0.004883
-0.190430
-0.288086
-0.239258
-0.058594
0.190430
0.522461
0.991211
1.459961
1.982422
2.480469
3.027344
3.549805
4.047852
4.467773
4.755859
4.965820
5.102539
5.151367
5.048828
4.858398
4.545898
4.165039
3.764648
3.266602
2.729492
2.221680
1.616211
1.181641
0.708008
0.371094
0.043945
-0.136719
-0.253906
-0.161133
-0.107422
0.195312
0.478516
0.864258
1.337891
1.860352
2.392578
2.919922
3.417969
3.920898
4.306641
4.687500
4.882812
5.058594
5.097656
5.087891
4.877930
4.653320
4.296875
3.876953
3.364258
2.861328
2.294922
1.752930
1.284180
0.771484
0.419922
0.112305
-0.112305
-0.253906
-0.249023
-0.146484
0.063477
0.375977
0.771484
1.147461
1.655273
2.260742
2.758789
3.281250
3.789062
4.194336
4.619141
4.858398
5.014648
5.107422
5.083008
4.921875
4.682617
4.331055
3.945312
3.447266
2.944336
2.402344
1.870117
1.342773
0.888672
0.463867
0.131836
-0.112305
-0.278320
-0.317383
-0.219727
-0.034180
0.273438
0.634766
1.083984
1.577148
2.075195
2.573242
3.154297
3.666992
4.106445
4.458008
4.809570
4.995117
5.107422
5.102539
5.000000
4.755859
4.443359
4.057617
3.598633
3.085938
2.558594
2.026367
1.464844
0.991211
0.556641
0.224609
0.009766
-0.214844
-0.283203
-0.268555
-0.058594
0.141602
0.507812
0.947266
1.445312
1.967773
2.490234
2.993164
3.486328
3.994141
4.404297
4.765625
4.941406
5.058594
5.092773
5.019531
4.819336
4.550781
4.208984
3.784180
3.291016
2.690430
2.163086
1.601562
1.132812
0.717773
0.322266
0.024414
-0.185547
-0.283203
-0.253906
-0.107422
0.112305
0.429688
0.839844
1.289062
1.782227
2.353516
2.871094
3.393555
3.881836
4.301758
4.638672
4.907227
5.053711
5.117188
5.043945
4.882812
4.624023
4.238281
3.862305
3.354492
2.851562
2.294922
1.762695
1.254883
0.810547
0.410156
0.078125
-0.126953
-0.249023
-0.234375
-0.122070
0.078125
0.371094
0.703125
1.196289
1.674805
2.187500
2.768555
3.256836
3.725586
4.174805
4.531250
4.858398
5.004883
5.117188
5.068359
4.902344
4.658203
4.370117
3.916016
3.496094
2.958984
2.387695
1.870117
1.342773
0.849609
0.463867
0.151367
-0.122070
-0.229492
-0.273438
-0.209961
-0.039062
0.263672
0.610352
1.044922
1.528320
2.070312
2.597656
3.173828
