2.143555
1.616211
1.127930
0.698242
0.361328
-0.009766
-0.126953
-0.239258
-0.229492
-0.087891
0.131836
0.458984
0.898438
1.342773
1.889648
2.402344
2.910156
3.437500
3.930664
4.340820
4.682617
4.931641
5.092773
5.126953
5.048828
4.892578
4.638672
4.228516
3.808594
3.315430
2.812500
2.241211
1.704102
1.230469
0.795898
0.395508
0.053711
-0.151367
-0.278320
-0.263672
-0.131836
0.048828
0.395508
0.727539
1.191406
1.713867
2.260742
2.788086
3.291016
3.769531
4.199219
4.560547
4.853516
5.043945
5.107422
5.034180
4.892578
4.643555
4.311523
3.901367
3.447266
2.944336
2.416992
1.875000
1.362305
0.859375
0.449219
0.136719
-0.097656
-0.200195
-0.258789
-0.195312
0.014648
0.297852
0.659180
1.064453
1.547852
2.109375
2.670898
3.178711
3.662109
4.125977
4.526367
4.794922
4.990234
5.112305
5.097656
4.965820
4.731445
4.414062
4.052734
3.608398
3.061523
2.519531
2.021484
1.450195
0.971680
0.551758
0.195312
-0.058594
-0.205078
-0.273438
-0.214844
-0.058594
0.224609
0.556641
0.957031
1.450195
2.036133
2.563477
3.139648
3.559570
4.023438
4.472656
4.755859
4.990234
5.097656
5.122070
5.029297
4.809570
4.536133
4.140625
3.725586
3.227539
2.680664
2.119141
1.601562
1.108398
0.678711
0.292969
-0.014648
-0.161133
-0.283203
-0.234375
-0.087891
0.131836
0.449219
0.888672
1.342773
1.855469
2.392578
2.915039
3.466797
3.920898
4.331055
4.672852
4.931641
5.078125
5.126953
5.058594
4.873047
4.604492
4.291992
3.833008
3.378906
2.851562
2.290039
1.757812
1.245117
0.747070
0.361328
0.092773
-0.166016
-0.253906
-0.302734
-0.141602
0.073242
0.332031
0.708008
1.162109
1.674805
2.226562
2.758789
3.276367
3.754883
4.189453
4.584961
4.858398
5.014648
5.102539
5.043945
4.907227
4.687500
4.350586
3.925781
3.408203
2.954102
2.382812
1.870117
1.362305
0.878906
0.449219
0.136719
-0.117188
-0.209961
-0.268555
-0.166016
0.024414
0.292969
0.625000
1.035156
1.596680
2.114258
2.617188
3.159180
3.681641
4.140625
4.545898
4.760742
4.985352
5.107422
5.058594
4.985352
4.755859
4.462891
4.047852
3.559570
3.115234
2.573242
1.997070
1.474609
1.049805
0.595703
0.224609
-0.048828
-0.205078
-0.234375
-0.180664
-0.073242
0.214844
0.590820
0.966797
1.494141
2.011719
2.519531
3.076172
3.647461
4.111328
4.482422
4.794922
5.009766
5.136719
5.146484
5.063477
4.833984
4.560547
4.199219
3.706055
3.232422
2.724609
2.163086
1.621094
1.157227
0.678711
0.317383
0.039062
-0.146484
-0.244141
-0.229492
-0.122070
0.166016
0.454102
0.874023
1.357422
1.860352
2.412109
2.919922
3.457031
3.935547
4.321289
4.648438
4.936523
5.078125
5.097656
5.058594
4.853516
4.589844
4.272461
3.823242
3.354492
2.807617
2.246094
1.708984
1.210938
0.786133
0.361328
0.092773
-0.151367
-0.249023
-0.268555
-0.146484
0.053711
0.366211
0.756836
1.215820
1.699219
2.221680
2.763672
3.295898
3.784180
4.233398
4.580078
4.838867
4.995117
5.063477
5.039062
4.902344
4.643555
4.321289
3.906250
3.457031
2.939453
2.392578
1.870117
1.347656
0.883789
0.488281
0.170898
-0.097656
-0.253906
-0.268555
-0.180664
-0.004883
0.317383
0.600586
1.059570
1.572266
2.114258
2.607422
3.193359
3.696289
4.130859
4.511719
4.785156
5.009766
5.126953
5.107422
5.004883
4.741211
4.389648
4.033203
3.652344
3.076172
2.539062
1.962891
1.459961
1.000977
0.561523
0.205078
-0.048828
-0.244141
-0.249023
-0.209961
-0.073242
0.200195
0.541992
0.981445
1.494141
1.992188
2.519531
3.046875
3.583984
4.042969
4.443359
4.775391
5.009766
5.087891
5.083008
5.019531
4.853516
4.531250
4.169922
3.691406
3.168945
2.631836
2.104492
1.606445
1.108398
0.644531
0.292969
0.019531
-0.190430
-0.244141
-0.249023
-0.078125
0.146484
0.454102
0.869141
1.337891
1.855469
2.392578
2.924805
3.457031
3.930664
4.326172
4.687500
4.946289
5.083008
5.112305
5.039062
4.863281
4.658203
4.301758
3.852539
3.310547
2.836914
2.280273
1.782227
1.250000
0.761719
0.346680
0.058594
-0.166016
-0.292969
-0.312500
-0.190430
0.024414
0.327148
0.737305
1.157227
1.630859
2.207031
2.749023
3.286133
3.754883
4.213867
4.580078
4.843750
5.048828
5.107422
5.053711
4.936523
4.687500
4.335938
3.916016
3.461914
2.924805
2.387695
1.845703
1.347656
0.874023
0.463867
0.146484
-0.097656
-0.229492
-0.258789
-0.166016
0.029297
0.273438
0.649414
1.083984
1.567383
2.080078
2.636719
3.198242
3.666992
4.135742
4.511719
4.770508
4.980469
5.083008
5.053711
5.019531
4.746094
4.458008
4.033203
3.593750
3.095703
2.553711
2.006836
1.479492
1.005859
0.600586
0.273438
0.014648
-0.141602
-0.249023
-0.190430
-0.039062
0.209961
0.576172
1.020508
1.508789
2.026367
2.553711
3.046875
3.588867
4.033203
4.453125
4.794922
4.985352
5.122070
5.122070
5.019531
4.843750
4.545898
4.194336
3.774414
3.247070
2.700195
2.167969
1.621094
1.152344
0.688477
0.312500
0.019531
-0.166016
-0.244141
-0.234375
-0.136719
0.170898
0.444336
0.888672
1.347656
1.860352
2.402344
2.954102
3.422852
3.935547
4.311523
4.653320
4.921875
5.043945
5.117188
5.102539
4.887695
4.604492
4.248047
3.784180
3.339844
2.797852
2.270508
1.757812
1.206055
0.756836
0.395508
0.039062
-0.136719
-0.268555
-0.288086
-0.166016
0.068359
0.371094
0.737305
1.181641
1.660156
2.202148
2.753906
3.291016
3.745117
4.184570
4.560547
4.873047
5.019531
5.073242
5.058594
4.882812
4.658203
4.316406
3.906250
3.437500
2.929688
2.397461
1.860352
1.337891
0.874023
0.488281
0.122070
-0.083008
-0.219727
-0.273438
-0.195312
0.004883
0.297852
0.668945
1.059570
1.586914
2.060547
2.641602
3.168945
3.671875
4.111328
4.531250
4.809570
4.975586
5.063477
5.102539
4.965820
4.741211
4.448242
3.984375
3.554688
3.110352
2.553711
2.021484
1.464844
0.961914
0.527344
0.205078
-0.039062
-0.185547
-0.258789
-0.195312
-0.087891
0.205078
0.576172
0.971680
1.459961
2.006836
2.539062
3.056641
3.613281
4.057617
4.453125
4.770508
4.990234
5.083008
5.092773
5.039062
4.804688
4.541016
4.140625
3.715820
3.164062
2.661133
2.138672
1.582031
1.123047
0.664062
0.292969
0.039062
-0.185547
-0.278320
-0.234375
-0.122070
0.146484
0.444336
0.893555
1.298828
1.826172
2.377930
2.910156
3.457031
3.916016
4.335938
4.643555
4.931641
5.087891
5.126953
5.048828
4.873047
4.589844
4.257812
3.862305
3.339844
2.807617
2.265625
1.743164
1.225586
0.791016
0.341797
0.053711
-0.166016
-0.297852
-0.297852
-0.175781
-0.014648
0.327148
0.722656
1.166992
1.699219
2.207031
2.783203
3.295898
3.750000
4.194336
4.575195
4.858398
5.029297
5.117188
5.068359
4.902344
4.648438
4.355469
3.906250
3.461914
2.944336
2.407227
1.850586
1.337891
0.849609
0.439453
0.131836
-0.126953
-0.224609
-0.244141
-0.180664
-0.014648
0.278320
0.678711
1.083984
1.591797
2.099609
2.651367
3.154297
3.701172
4.130859
4.541016
4.799805
4.995117
5.073242
5.063477
4.985352
4.760742
4.482422
4.047852
3.544922
3.149414
2.543945
2.016602
1.489258
0.957031
0.551758
0.234375
-0.034180
-0.180664
-0.234375
-0.180664
-0.058594
0.258789
0.571289
1.005859
1.464844
1.972656
2.495117
3.061523
3.608398
4.028320
4.458008
4.780273
5.029297
5.131836
5.151367
5.029297
4.858398
4.575195
4.204102
3.725586
3.261719
2.680664
2.163086
1.611328
1.142578
0.693359
0.312500
0.048828
-0.180664
-0.258789
-0.263672
-0.122070
0.126953
0.463867
0.878906
1.333008
1.870117
2.407227
2.944336
3.427734
3.935547
4.335938
4.648438
4.907227
5.083008
5.151367
5.034180
4.858398
4.565430
4.291992
3.852539
3.315430
2.822266
2.255859
1.743164
1.240234
0.761719
0.361328
0.043945
-0.161133
-0.253906
-0.258789
-0.161133
0.043945
0.380859
0.717773
1.181641
1.679688
2.221680
2.778320
3.271484
3.769531
4.174805
4.580078
4.858398
5.039062
5.073242
5.039062
4.921875
4.667969
4.326172
3.896484
3.437500
2.915039
2.392578
1.850586
1.347656
0.869141
0.483398
0.126953
-0.097656
-0.258789
-0.273438
-0.185547
0.009766
0.268555
0.625000
1.069336
1.586914
2.153320
2.631836
3.188477
3.657227
4.116211
4.492188
4.780273
4.990234
5.083008
5.122070
4.970703
4.716797
4.414062
4.052734
3.569336
3.061523
2.529297
2.001953
1.425781
0.961914
0.581055
0.244141
-0.034180
-0.219727
-0.312500
-0.219727
-0.034180
0.185547
0.512695
0.952148
1.455078
2.031250
2.539062
3.051758
3.549805
4.067383
4.443359
4.755859
4.970703
5.097656
5.097656
5.004883
4.809570
4.531250
4.155273
3.706055
3.198242
2.695312
2.124023
1.606445
1.108398
0.664062
0.297852
-0.014648
-0.175781
-0.234375
-0.205078
-0.112305
0.141602
0.449219
0.844727
1.318359
1.855469
2.363281
2.915039
3.408203
3.906250
4.350586
4.702148
4.897461
5.092773
5.112305
5.058594
4.863281
4.628906
4.262695
3.808594
3.339844
2.822266
2.246094
1.767578
1.250000
0.742188
0.351562
0.078125
-0.136719
-0.288086
-0.283203
-0.151367
0.034180
0.351562
0.771484
1.171875
1.694336
2.182617
2.773438
3.276367
3.759766
4.213867
4.550781
4.848633
5.014648
5.073242
5.048828
4.907227
4.667969
4.350586
3.896484
3.422852
2.934570
2.387695
1.840820
1.328125
0.854492
0.463867
0.156250
-0.097656
-0.263672
-0.292969
-0.175781
-0.014648
0.273438
0.634766
1.074219
1.557617
2.114258
2.631836
3.188477
3.662109
4.130859
4.487305
4.814453
4.965820
5.063477
5.097656
4.960938
4.716797
4.423828
4.023438
3.574219
3.071289
2.539062
2.001953
1.469727
0.996094
0.585938
0.258789
-0.039062
-0.200195
-0.258789
-0.185547
0.000000
0.224609
0.600586
1.030273
1.513672
1.992188
2.558594
3.100586
3.593750
4.062500
4.472656
4.755859
4.985352
5.117188
5.141602
5.043945
4.829102
4.536133
4.150391
3.725586
3.271484
2.700195
2.177734
1.611328
1.123047
0.688477
0.327148
0.014648
-0.156250
-0.234375
-0.273438
-0.117188
0.107422
0.454102
0.878906
1.352539
1.826172
2.382812
2.949219
3.437500
3.940430
4.306641
4.653320
4.907227
5.117188
5.141602
5.058594
4.848633
4.604492
4.257812
3.837891
3.330078
2.797852
2.246094
1.757812
1.196289
0.766602
0.346680
0.068359
-0.151367
-0.278320
-0.249023
-0.166016
0.043945
0.366211
0.747070
1.210938
1.694336
2.241211
2.758789
3.276367
3.759766
4.204102
4.575195
4.838867
5.014648
5.087891
5.048828
4.897461
4.663086
4.311523
3.906250
3.417969
2.929688
2.397461
1.860352
1.333008
0.878906
0.439453
0.136719
-0.117188
-0.239258
-0.258789
-0.185547
0.014648
0.278320
0.644531
1.079102
1.567383
2.104492
2.583008
3.178711
3.666992
4.096680
4.526367
4.785156
5.000000
5.087891
5.097656
4.970703
4.741211
4.414062
4.018555
3.588867
3.071289
2.539062
1.967773
1.464844
0.971680
0.571289
0.244141
-0.063477
-0.263672
-0.292969
-0.258789
-0.068359
0.190430
0.488281
0.952148
1.479492
2.001953
2.504883
3.071289
3.574219
4.033203
4.433594
4.736328
4.946289
5.087891
5.112305
5.039062
4.814453
4.501953
4.145508
3.696289
3.198242
2.646484
2.124023
1.586914
1.123047
0.673828
0.307617
-0.024414
-0.190430
-0.239258
-0.273438
-0.107422
0.151367
0.454102
0.854492
1.328125
1.835938
2.363281
2.910156
3.476562
3.891602
4.316406
4.653320
4.912109
5.078125
5.126953
5.048828
4.887695
4.609375
4.262695
3.837891
3.334961
2.827148
2.275391
1.752930
1.250000
0.756836
0.395508
0.068359
-0.175781
-0.253906
-0.278320
-0.170898
0.063477
0.327148
0.712891
1.191406
1.650391
2.202148
2.783203
3.300781
3.798828
4.179688
4.575195
4.819336
5.009766
5.092773
5.034180
4.907227
4.697266
4.331055
3.916016
3.413086
2.915039
2.416992
1.870117
1.347656
0.878906
0.478516
0.131836
-0.087891
-0.253906
-0.283203
-0.205078
-0.019531
0.273438
0.639648
1.103516
1.577148
2.094727
2.656250
3.164062
3.686523
4.116211
4.492188
4.794922
5.000000
5.078125
5.063477
4.980469
4.741211
4.433594
4.003906
3.583984
3.081055
2.524414
1.967773
1.508789
1.030273
0.595703
0.234375
-0.039062
-0.180664
-0.195312
-0.156250
0.004883
0.195312
0.600586
1.030273
1.513672
2.001953
2.548828
3.095703
3.623047
4.042969
4.462891
4.790039
5.009766
5.122070
5.170898
5.043945
4.863281
4.589844
4.179688
3.701172
3.212891
2.700195
2.114258
1.650391
1.137695
0.659180
0.332031
0.014648
-0.161133
-0.268555
-0.239258
-0.141602
0.117188
0.449219
0.874023
1.362305
1.831055
2.431641
2.944336
3.466797
3.930664
4.326172
4.658203
4.960938
5.092773
5.117188
5.034180
4.916992
4.599609
4.267578
3.803711
3.354492
2.792969
2.255859
1.723633
1.235352
0.751953
0.366211
0.048828
-0.146484
-0.268555
-0.239258
-0.122070
0.048828
0.341797
0.722656
1.230469
1.679688
2.231445
2.758789
3.300781
3.798828
4.243164
4.584961
4.833984
5.000000
5.068359
5.048828
4.868164
4.643555
4.316406
3.886719
3.457031
2.939453
2.421875
1.845703
1.362305
0.849609
0.478516
0.131836
-0.063477
-0.229492
-0.297852
-0.161133
-0.034180
0.244141
0.639648
1.079102
1.577148
2.084961
2.646484
3.183594
3.671875
4.101562
4.501953
4.799805
4.990234
5.097656
5.083008
4.975586
4.726562
4.418945
4.047852
3.603516
3.090820
2.529297
1.948242
1.440430
0.981445
0.581055
0.180664
-0.068359
-0.234375
-0.249023
-0.239258
-0.083008
0.205078
0.561523
0.947266
1.455078
1.967773
2.519531
3.046875
3.593750
4.057617
4.433594
4.760742
4.970703
5.083008
5.117188
5.039062
4.794922
4.531250
4.125977
3.696289
3.217773
2.666016
2.124023
1.606445
1.059570
0.683594
0.297852
-0.024414
-0.200195
-0.258789
-0.234375
-0.126953
0.131836
0.444336
0.869141
1.333008
1.816406
2.387695
2.905273
3.417969
3.867188
4.282227
4.667969
4.936523
5.107422
5.112305
5.043945
4.863281
4.624023
4.267578
3.828125
3.334961
2.817383
2.285156
1.762695
1.250000
0.776367
0.390625
0.063477
-0.136719
-0.278320
-0.273438
-0.205078
0.019531
0.327148
0.708008
1.162109
1.679688
2.231445
2.768555
3.315430
3.784180
4.184570
4.584961
4.853516
5.092773
5.117188
5.078125
4.907227
4.653320
4.321289
3.925781
3.461914
2.924805
2.363281
1.840820
1.347656
0.878906
0.449219
0.161133
-0.092773
-0.244141
-0.263672
-0.185547
0.000000
0.273438
0.659180
1.083984
1.577148
2.119141
2.626953
3.168945
3.657227
4.101562
4.531250
4.794922
4.975586
5.058594
5.073242
4.951172
4.731445
4.428711
4.096680
3.598633
3.105469
2.553711
2.016602
1.484375
1.015625
0.561523
0.244141
-0.024414
-0.175781
-0.258789
-0.195312
-0.039062
0.253906
0.590820
1.005859
1.518555
2.021484
2.504883
3.056641
3.544922
4.028320
4.467773
4.770508
5.014648
5.131836
5.117188
5.000000
4.824219
4.545898
4.189453
3.725586
3.183594
2.724609
2.148438
1.640625
1.108398
0.673828
0.302734
0.048828
-0.190430
-0.219727
-0.253906
-0.117188
0.126953
0.444336
0.883789
1.357422
1.850586
2.392578
2.944336
3.461914
3.930664
4.331055
4.697266
4.946289
5.068359
5.112305
5.092773
4.897461
4.614258
4.238281
3.833008
3.354492
2.807617
2.265625
1.748047
1.245117
0.781250
0.351562
0.073242
-0.146484
-0.249023
-0.297852
-0.195312
0.043945
0.371094
0.722656
1.186523
1.674805
2.226562
2.792969
3.334961
3.779297
4.213867
4.565430
4.853516
5.034180
5.092773
5.039062
4.921875
4.643555
4.340820
3.911133
3.437500
2.915039
2.387695
1.870117
1.357422
0.874023
0.493164
0.136719
-0.097656
-0.239258
-0.268555
-0.205078
-0.029297
0.297852
0.673828
1.064453
1.567383
2.109375
2.631836
3.183594
3.691406
4.130859
4.545898
4.809570
5.004883
5.063477
5.097656
4.995117
4.746094
4.399414
4.042969
3.564453
3.046875
2.514648
1.982422
1.499023
0.986328
0.541992
0.239258
-0.053711
-0.229492
-0.278320
-0.229492
-0.058594
0.209961
0.576172
0.976562
1.450195
2.011719
2.578125
3.081055
3.618164
4.018555
4.462891
4.736328
4.980469
5.078125
5.112305
5.004883
4.829102
4.501953
4.155273
3.696289
3.222656
2.695312
2.128906
1.601562
1.088867
0.688477
0.253906
-0.004883
-0.190430
-0.263672
-0.214844
-0.083008
0.107422
0.468750
0.869141
1.313477
1.826172
2.358398
2.949219
3.442383
3.930664
4.355469
4.663086
4.916992
5.092773
5.136719
5.078125
4.897461
4.604492
4.291992
3.857422
3.339844
2.832031
2.285156
1.796875
1.230469
0.761719
0.371094
0.048828
-0.170898
-0.258789
-0.283203
-0.166016
0.014648
0.346680
0.698242
1.176758
1.650391
2.177734
2.729492
3.256836
3.750000
4.204102
4.599609
4.863281
5.078125
5.092773
5.092773
4.902344
4.663086
4.311523
3.925781
3.442383
2.929688
2.392578
1.870117
1.352539
0.864258
0.483398
0.131836
-0.107422
-0.244141
-0.268555
-0.185547
0.000000
0.283203
0.620117
1.079102
1.591797
2.109375
2.685547
3.193359
3.671875
4.130859
4.511719
4.780273
4.951172
5.063477
5.146484
5.019531
4.741211
4.428711
4.018555
3.593750
3.085938
2.558594
1.972656
1.479492
0.991211
0.590820
0.239258
-0.004883
-0.175781
-0.239258
-0.205078
-0.024414
0.253906
0.620117
1.049805
1.518555
2.011719
2.563477
3.085938
3.603516
4.038086
4.414062
4.785156
5.009766
5.166016
5.131836
5.014648
4.824219
4.550781
4.189453
3.720703
3.222656
2.729492
2.158203
1.625977
1.123047
0.698242
0.351562
0.092773
-0.107422
-0.229492
-0.219727
-0.117188
0.117188
0.488281
0.913086
1.347656
1.850586
2.397461
2.929688
3.466797
3.940430
4.355469
4.663086
4.941406
5.087891
5.107422
5.019531
4.882812
4.628906
4.252930
3.789062
3.315430
2.792969
2.231445
1.748047
1.240234
0.781250
0.375977
0.039062
-0.156250
-0.249023
-0.278320
-0.156250
0.034180
0.366211
0.771484
1.186523
1.689453
2.231445
2.792969
3.281250
3.784180
4.228516
4.560547
4.877930
5.009766
5.068359
5.058594
4.877930
4.638672
4.296875
3.881836
3.413086
2.954102
2.412109
1.840820
1.352539
0.878906
0.454102
0.146484
-0.097656
-0.234375
-0.263672
-0.180664
-0.004883
0.273438
0.639648
1.083984
1.582031
2.124023
2.626953
3.120117
3.652344
4.135742
4.516602
4.833984
4.995117
5.053711
5.053711
4.960938
4.750977
4.433594
4.038086
3.579102
3.046875
2.543945
1.997070
1.499023
0.971680
0.556641
0.224609
-0.063477
-0.234375
-0.273438
-0.180664
-0.029297
0.156250
0.522461
0.991211
1.469727
1.992188
2.524414
3.076172
3.574219
4.038086
4.453125
4.746094
4.980469
5.107422
5.136719
5.014648
4.824219
4.501953
4.116211
3.720703
3.212891
2.641602
2.109375
1.611328
1.083984
0.659180
0.292969
0.004883
-0.180664
-0.239258
-0.253906
-0.083008
0.107422
0.468750
0.883789
1.357422
1.845703
2.377930
2.954102
3.442383
3.906250
4.326172
4.687500
4.921875
5.083008
5.136719
5.083008
4.887695
4.609375
4.277344
3.828125
3.334961
2.846680
2.285156
1.782227
1.240234
0.776367
0.395508
0.043945
-0.161133
-0.273438
-0.283203
-0.185547
0.053711
0.351562
0.717773
1.215820
1.655273
2.226562
2.788086
3.300781
3.789062
4.204102
4.565430
4.848633
5.009766
5.083008
5.039062
4.931641
4.672852
4.335938
3.940430
3.447266
2.949219
2.392578
1.860352
1.342773
0.830078
0.444336
0.131836
-0.102539
-0.244141
-0.253906
-0.175781
0.014648
0.283203
0.639648
1.083984
1.582031
2.119141
2.626953
3.154297
3.676758
4.150391
4.521484
4.833984
5.004883
5.083008
5.122070
4.956055
4.765625
4.438477
4.018555
3.583984
3.110352
2.539062
2.021484
1.499023
1.030273
0.625000
0.273438
-0.019531
-0.229492
-0.258789
-0.175781
0.024414
0.258789
0.585938
1.035156
1.459961
2.016602
2.539062
3.056641
3.627930
4.042969
4.438477
4.741211
4.960938
5.117188
5.122070
5.053711
4.868164
4.536133
4.165039
3.750000
3.251953
2.714844
2.158203
1.655273
1.171875
0.698242
0.341797
0.009766
-0.151367
-0.253906
-0.229492
-0.107422
0.112305
0.478516
0.903320
1.342773
1.840820
2.402344
2.939453
3.496094
3.920898
4.321289
4.667969
4.941406
5.097656
5.107422
5.097656
4.868164
4.624023
4.238281
3.808594
3.339844
2.797852
2.314453
1.738281
1.186523
0.756836
0.371094
0.078125
-0.117188
-0.249023
-0.297852
-0.131836
0.102539
0.351562
0.761719
1.210938
1.718750
2.255859
2.778320
