1.806641
1.323242
0.795898
0.390625
0.092773
-0.141602
-0.292969
-0.273438
-0.185547
-0.004883
0.273438
0.673828
1.108398
1.577148
2.143555
2.666016
3.203125
3.715820
4.140625
4.531250
4.799805
5.019531
5.083008
5.068359
4.970703
4.750977
4.443359
3.994141
3.520508
3.041992
2.485352
1.953125
1.396484
0.913086
0.502930
0.200195
-0.063477
-0.253906
-0.341797
-0.200195
-0.024414
0.195312
0.561523
0.981445
1.479492
1.992188
2.602539
3.125000
3.564453
4.008789
4.438477
4.770508
5.019531
5.083008
5.019531
4.995117
4.794922
4.531250
4.106445
3.637695
3.129883
2.631836
2.109375
1.586914
1.093750
0.634766
0.258789
-0.014648
-0.200195
-0.253906
-0.234375
-0.078125
0.146484
0.478516
0.869141
1.342773
1.879883
2.412109
2.958984
3.471680
3.940430
4.340820
4.692383
4.931641
5.078125
5.097656
5.024414
4.848633
4.570312
4.213867
3.784180
3.295898
2.792969
2.216797
1.704102
1.186523
0.742188
0.312500
0.004883
-0.161133
-0.244141
-0.244141
-0.131836
0.063477
0.405273
0.791016
1.259766
1.762695
2.290039
2.812500
3.330078
3.842773
4.282227
4.624023
4.882812
5.068359
5.073242
5.039062
4.863281
4.594727
4.291992
3.862305
3.378906
2.866211
2.309570
1.777344
1.313477
0.825195
0.458984
0.112305
-0.122070
-0.239258
-0.292969
-0.239258
0.014648
0.312500
0.708008
1.147461
1.586914
2.124023
2.685547
3.208008
3.715820
4.150391
4.531250
4.833984
5.009766
5.107422
5.068359
4.946289
4.750977
4.394531
3.999023
3.540039
3.032227
2.475586
1.962891
1.455078
0.966797
0.512695
0.214844
-0.063477
-0.205078
-0.278320
-0.205078
-0.048828
0.209961
0.581055
1.035156
1.513672
2.065430
2.578125
3.105469
3.603516
4.042969
4.453125
4.780273
5.009766
5.097656
5.156250
5.063477
4.804688
4.487305
4.116211
3.676758
3.203125
2.670898
2.075195
1.547852
1.079102
0.673828
0.292969
0.024414
-0.166016
-0.253906
-0.175781
-0.053711
0.166016
0.522461
0.932617
1.420898
1.928711
2.451172
2.978516
3.491211
3.964844
4.399414
4.711914
4.907227
5.063477
5.122070
5.063477
4.863281
4.565430
4.194336
3.754883
3.300781
2.788086
2.221680
1.684570
1.206055
0.756836
0.366211
0.029297
-0.146484
-0.258789
-0.253906
-0.131836
0.102539
0.429688
0.815430
1.269531
1.743164
2.250977
2.856445
3.344727
3.867188
4.233398
4.638672
4.863281
5.073242
5.107422
5.019531
4.907227
4.633789
4.277344
3.876953
3.393555
2.875977
2.363281
1.811523
1.269531
0.834961
0.400391
0.107422
-0.141602
-0.258789
-0.312500
-0.219727
-0.043945
0.249023
0.644531
1.074219
1.625977
2.119141
2.700195
3.188477
3.706055
4.174805
4.570312
4.790039
5.019531
5.102539
5.068359
4.970703
4.736328
4.399414
3.979492
3.520508
3.056641
2.485352
1.928711
1.411133
0.937500
0.507812
0.180664
-0.053711
-0.234375
-0.292969
-0.249023
-0.053711
0.244141
0.571289
0.991211
1.455078
1.992188
2.558594
3.120117
3.569336
4.042969
4.472656
4.726562
4.960938
5.048828
5.107422
5.019531
4.814453
4.477539
4.082031
3.637695
3.149414
2.646484
2.119141
1.557617
1.059570
0.639648
0.302734
0.004883
-0.185547
-0.253906
-0.234375
-0.112305
0.117188
0.468750
0.888672
1.337891
1.875000
2.392578
2.944336
3.486328
3.916016
4.360352
4.653320
4.926758
5.063477
5.102539
5.029297
4.833984
4.589844
4.194336
3.779297
3.266602
2.729492
2.167969
1.674805
1.166992
0.727539
0.346680
0.024414
-0.166016
-0.253906
-0.253906
-0.136719
0.078125
0.351562
0.800781
1.215820
1.782227
2.275391
2.812500
3.349609
3.808594
4.233398
4.628906
4.843750
5.014648
5.073242
5.009766
4.863281
4.624023
4.306641
3.872070
3.354492
2.866211
2.299805
1.801758
1.254883
0.810547
0.405273
0.053711
-0.131836
-0.292969
-0.288086
-0.170898
-0.009766
0.302734
0.649414
1.103516
1.596680
2.089844
2.661133
3.159180
3.686523
4.121094
4.501953
4.829102
5.004883
5.136719
5.048828
4.931641
4.741211
4.389648
3.999023
3.530273
3.041992
2.480469
1.977539
1.391602
0.932617
0.522461
0.170898
-0.043945
-0.244141
-0.292969
-0.219727
-0.048828
0.195312
0.546875
1.040039
1.459961
2.036133
2.563477
3.066406
3.603516
4.091797
4.482422
4.775391
4.980469
5.117188
5.122070
5.019531
4.799805
4.511719
4.140625
3.676758
3.222656
2.666016
2.084961
1.591797
1.108398
0.688477
0.307617
-0.004883
-0.146484
-0.234375
-0.166016
-0.078125
0.229492
0.473633
0.947266
1.420898
1.938477
2.465820
2.988281
3.491211
3.964844
4.394531
4.721680
4.921875
5.117188
5.117188
5.048828
4.868164
4.589844
4.204102
3.779297
3.310547
2.768555
2.231445
1.718750
1.225586
0.722656
0.346680
0.043945
-0.141602
-0.239258
-0.253906
-0.141602
0.083008
0.400391
0.766602
1.225586
1.762695
2.290039
2.836914
3.354492
3.798828
4.262695
4.624023
4.853516
5.034180
5.092773
5.073242
4.892578
4.624023
4.296875
3.867188
3.388672
2.890625
2.319336
1.772461
1.284180
0.825195
0.424805
0.097656
-0.146484
-0.244141
-0.273438
-0.200195
-0.019531
0.263672
0.625000
1.079102
1.586914
2.119141
2.695312
3.222656
3.759766
4.150391
4.506836
4.809570
5.034180
5.117188
5.092773
4.946289
4.721680
4.370117
4.013672
3.496094
3.037109
2.509766
1.933594
1.425781
0.913086
0.498047
0.122070
-0.087891
-0.239258
-0.273438
-0.209961
-0.058594
0.239258
0.546875
0.981445
1.494141
2.011719
2.573242
3.056641
3.564453
4.033203
4.487305
4.741211
4.931641
5.078125
5.122070
5.029297
4.794922
4.467773
4.052734
3.657227
3.164062
2.651367
2.080078
1.572266
1.049805
0.664062
0.249023
-0.024414
-0.200195
-0.288086
-0.239258
-0.078125
0.166016
0.473633
0.864258
1.372070
1.860352
2.426758
2.968750
3.461914
3.950195
4.370117
4.687500
4.926758
5.097656
5.087891
5.058594
4.829102
4.580078
4.257812
3.750000
3.325195
2.749023
2.221680
1.699219
1.196289
0.717773
0.346680
0.034180
-0.131836
-0.219727
-0.263672
-0.175781
0.097656
0.424805
0.815430
1.284180
1.767578
2.348633
2.866211
3.383789
3.833008
4.228516
4.638672
4.887695
5.039062
5.053711
5.034180
4.907227
4.648438
4.326172
3.896484
3.413086
2.875977
2.324219
1.787109
1.293945
0.854492
0.405273
0.107422
-0.151367
-0.249023
-0.273438
-0.166016
-0.004883
0.302734
0.668945
1.108398
1.625977
2.128906
2.656250
3.212891
3.720703
4.189453
4.526367
4.819336
5.014648
5.122070
5.092773
4.960938
4.775391
4.423828
4.018555
3.515625
3.041992
2.504883
1.958008
1.440430
0.942383
0.566406
0.214844
-0.063477
-0.205078
-0.258789
-0.205078
-0.019531
0.229492
0.556641
0.961914
1.503906
2.021484
2.534180
3.095703
3.588867
4.062500
4.472656
4.770508
5.000000
5.141602
5.122070
5.004883
4.785156
4.526367
4.155273
3.666992
3.188477
2.675781
2.104492
1.611328
1.162109
0.664062
0.263672
0.039062
-0.151367
-0.219727
-0.175781
-0.078125
0.146484
0.541992
0.937500
1.440430
1.918945
2.441406
2.968750
3.500977
3.959961
4.379883
4.731445
4.960938
5.112305
5.141602
5.053711
4.877930
4.565430
4.208984
3.774414
3.276367
2.778320
2.255859
1.704102
1.196289
0.688477
0.346680
0.053711
-0.126953
-0.244141
-0.273438
-0.112305
0.107422
0.405273
0.810547
1.215820
1.772461
2.255859
2.812500
3.369141
3.862305
4.243164
4.580078
4.824219
5.058594
5.117188
5.034180
4.877930
4.624023
4.306641
3.916016
3.388672
2.875977
2.324219
1.811523
1.293945
0.844727
0.410156
0.097656
-0.126953
-0.258789
-0.302734
-0.200195
-0.004883
0.283203
0.644531
1.079102
1.577148
2.119141
2.656250
3.198242
3.706055
4.150391
4.570312
4.804688
4.970703
5.122070
5.063477
4.965820
4.707031
4.379883
3.994141
3.500977
3.002930
2.480469
1.962891
1.430664
0.903320
0.478516
0.175781
-0.039062
-0.244141
-0.278320
-0.209961
-0.048828
0.205078
0.590820
1.035156
1.518555
2.001953
2.553711
3.139648
3.583984
4.028320
4.394531
4.736328
4.965820
5.078125
5.083008
4.975586
4.780273
4.482422
4.091797
3.662109
3.164062
2.617188
2.070312
1.557617
1.044922
0.629883
0.268555
0.000000
-0.214844
-0.263672
-0.214844
-0.083008
0.126953
0.444336
0.898438
1.347656
1.875000
2.407227
2.949219
3.491211
3.930664
4.355469
4.658203
4.921875
5.053711
5.117188
5.034180
4.863281
4.565430
4.169922
3.764648
3.300781
2.739258
2.187500
1.684570
1.176758
0.703125
0.336914
0.053711
-0.180664
-0.288086
-0.224609
-0.112305
0.063477
0.366211
0.795898
1.254883
1.762695
2.294922
2.832031
3.320312
3.886719
4.272461
4.619141
4.853516
5.009766
5.078125
5.063477
4.892578
4.633789
4.257812
3.867188
3.359375
2.832031
2.319336
1.757812
1.235352
0.815430
0.380859
0.107422
-0.170898
-0.297852
-0.307617
-0.190430
-0.004883
0.268555
0.644531
1.074219
1.591797
2.114258
2.680664
3.222656
3.691406
4.165039
4.501953
4.824219
5.009766
5.112305
5.102539
4.951172
4.721680
4.389648
3.984375
3.500977
3.002930
2.480469
1.948242
1.391602
0.903320
0.507812
0.195312
-0.078125
-0.239258
-0.292969
-0.229492
-0.092773
0.205078
0.561523
1.015625
1.489258
2.041016
2.553711
3.120117
3.632812
4.101562
4.477539
4.785156
5.009766
5.107422
5.097656
5.019531
4.790039
4.521484
4.140625
3.701172
3.178711
2.646484
2.080078
1.547852
1.118164
0.649414
0.327148
-0.014648
-0.161133
-0.249023
-0.200195
-0.043945
0.175781
0.473633
0.922852
1.381836
1.914062
2.416992
3.007812
3.496094
3.989258
4.379883
4.687500
4.931641
5.053711
5.122070
5.039062
4.833984
4.584961
4.194336
3.798828
3.281250
2.778320
2.231445
1.694336
1.225586
0.722656
0.336914
0.073242
-0.141602
-0.239258
-0.253906
-0.156250
0.102539
0.410156
0.825195
1.220703
1.738281
2.260742
2.797852
3.378906
3.837891
4.272461
4.565430
4.853516
5.053711
5.141602
5.063477
4.892578
4.594727
4.326172
3.881836
3.408203
2.880859
2.304688
1.816406
1.274414
0.834961
0.405273
0.083008
-0.141602
-0.263672
-0.302734
-0.214844
-0.043945
0.263672
0.625000
1.088867
1.577148
2.143555
2.705078
3.212891
3.715820
4.169922
4.506836
4.824219
5.014648
5.087891
5.083008
4.921875
4.711914
4.418945
3.969727
3.554688
3.032227
2.485352
1.938477
1.445312
0.952148
0.512695
0.175781
-0.058594
-0.190430
-0.283203
-0.205078
-0.048828
0.214844
0.600586
1.025391
1.474609
1.987305
2.563477
3.115234
3.579102
4.082031
4.389648
4.711914
4.960938
5.073242
5.102539
4.995117
4.750977
4.482422
4.082031
3.642578
3.164062
2.631836
2.114258
1.596680
1.103516
0.610352
0.283203
0.014648
-0.200195
-0.244141
-0.200195
-0.078125
0.166016
0.512695
0.888672
1.362305
1.899414
2.431641
2.954102
3.457031
3.930664
4.355469
4.697266
4.936523
5.043945
5.083008
5.039062
4.838867
4.550781
4.179688
3.759766
3.291016
2.783203
2.236328
1.699219
1.201172
0.737305
0.356445
0.043945
-0.146484
-0.283203
-0.258789
-0.122070
0.126953
0.415039
0.800781
1.259766
1.777344
2.275391
2.827148
3.359375
3.837891
4.277344
4.638672
4.882812
5.058594
5.048828
5.019531
4.897461
4.628906
4.291992
3.862305
3.344727
2.890625
2.309570
1.796875
1.293945
0.810547
0.410156
0.087891
-0.122070
-0.258789
-0.273438
-0.175781
0.009766
0.302734
0.673828
1.132812
1.606445
2.143555
2.670898
3.242188
3.725586
4.150391
4.541016
4.804688
4.995117
5.097656
5.092773
4.965820
4.711914
4.404297
4.003906
3.530273
3.007812
2.509766
1.967773
1.425781
0.927734
0.546875
0.170898
-0.087891
-0.244141
-0.244141
-0.224609
-0.029297
0.219727
0.546875
0.986328
1.513672
2.021484
2.568359
3.095703
3.579102
4.072266
4.458008
4.765625
4.956055
5.112305
5.151367
5.048828
4.775391
4.536133
4.150391
3.730469
3.178711
2.646484
2.133789
1.625977
1.132812
0.683594
0.288086
0.019531
-0.205078
-0.253906
-0.214844
-0.034180
0.170898
0.527344
0.942383
1.386719
1.899414
2.465820
3.027344
3.500977
3.994141
4.375000
4.736328
4.975586
5.112305
5.126953
5.019531
4.853516
4.589844
4.194336
3.818359
3.261719
2.792969
2.216797
1.713867
1.210938
0.737305
0.336914
0.097656
-0.126953
-0.244141
-0.249023
-0.141602
0.083008
0.405273
0.781250
1.230469
1.757812
2.319336
2.817383
3.330078
3.852539
4.301758
4.624023
4.882812
5.039062
5.126953
5.087891
4.887695
4.653320
4.291992
3.930664
3.417969
2.880859
2.353516
1.826172
1.318359
0.830078
0.449219
0.078125
-0.117188
-0.268555
-0.292969
-0.214844
-0.024414
0.283203
0.673828
1.108398
1.572266
2.128906
2.695312
3.198242
3.730469
4.174805
4.550781
4.804688
5.029297
5.117188
5.083008
4.965820
4.731445
4.379883
4.028320
3.525391
3.027344
2.490234
1.958008
1.420898
0.927734
0.483398
0.185547
-0.043945
-0.229492
-0.249023
-0.229492
-0.019531
0.249023
0.585938
0.996094
1.445312
2.031250
2.539062
3.061523
3.559570
4.023438
4.443359
4.765625
4.990234
5.097656
5.063477
5.019531
4.775391
4.506836
4.116211
3.652344
3.159180
2.626953
2.089844
1.552734
1.098633
0.639648
0.297852
0.000000
-0.166016
-0.258789
-0.214844
-0.097656
0.170898
0.488281
0.898438
1.367188
1.870117
2.431641
2.958984
3.491211
3.935547
4.350586
4.682617
4.926758
5.058594
5.126953
5.039062
4.829102
4.550781
4.218750
3.769531
3.334961
2.763672
2.197266
1.674805
1.210938
0.732422
0.346680
0.048828
-0.170898
-0.234375
-0.219727
-0.170898
0.131836
0.429688
0.786133
1.269531
1.772461
2.290039
2.851562
3.330078
3.857422
4.296875
4.638672
4.892578
5.034180
5.097656
5.053711
4.892578
4.609375
4.291992
3.876953
3.393555
2.851562
2.329102
1.757812
1.337891
0.820312
0.424805
0.126953
-0.146484
-0.239258
-0.297852
-0.161133
-0.014648
0.288086
0.673828
1.123047
1.601562
2.163086
2.641602
3.222656
3.710938
4.140625
4.506836
4.824219
5.034180
5.112305
5.083008
4.956055
4.697266
4.389648
3.999023
3.510742
3.022461
2.465820
1.933594
1.406250
0.942383
0.532227
0.166016
-0.068359
-0.229492
-0.278320
-0.229492
-0.053711
0.190430
0.561523
1.000977
1.508789
2.021484
2.529297
3.061523
3.623047
4.077148
4.438477
4.780273
4.956055
5.102539
5.107422
5.024414
4.833984
4.526367
4.125977
3.671875
3.144531
2.592773
2.060547
1.518555
1.093750
0.673828
0.297852
0.024414
-0.161133
-0.273438
-0.244141
-0.039062
0.190430
0.517578
0.913086
1.420898
1.938477
2.470703
3.012695
3.491211
3.955078
4.335938
4.746094
4.970703
5.126953
5.112305
5.024414
4.804688
4.536133
4.208984
3.779297
3.291016
2.773438
2.241211
1.679688
1.191406
0.756836
0.336914
-0.014648
-0.190430
-0.263672
-0.234375
-0.087891
0.092773
0.371094
0.815430
1.284180
1.757812
2.299805
2.792969
3.354492
3.837891
4.257812
4.614258
4.843750
5.058594
5.131836
5.048828
4.921875
4.643555
4.262695
3.896484
3.403320
2.851562
2.304688
1.801758
1.284180
0.805664
0.415039
0.107422
-0.122070
-0.258789
-0.278320
-0.190430
0.039062
0.322266
0.639648
1.127930
1.606445
2.153320
2.695312
3.208008
3.720703
4.169922
4.545898
4.838867
5.004883
5.063477
5.078125
4.970703
4.741211
4.448242
3.984375
3.530273
3.076172
2.495117
1.909180
1.430664
0.961914
0.527344
0.185547
-0.073242
-0.195312
-0.258789
-0.214844
-0.043945
0.214844
0.585938
1.000977
1.479492
2.026367
2.558594
3.095703
3.598633
4.047852
4.482422
4.716797
4.956055
5.029297
5.092773
4.965820
4.794922
4.482422
4.052734
3.637695
3.183594
2.626953
2.109375
1.582031
1.142578
0.644531
0.292969
-0.009766
-0.219727
-0.244141
-0.263672
-0.058594
0.156250
0.498047
0.913086
1.362305
1.855469
2.407227
2.924805
3.476562
3.950195
4.321289
4.677734
4.931641
5.058594
5.083008
5.024414
4.873047
4.580078
4.174805
3.769531
3.310547
2.758789
2.236328
1.674805
1.201172
0.712891
0.371094
0.058594
-0.141602
-0.253906
-0.263672
-0.112305
0.068359
0.395508
0.761719
1.245117
1.782227
2.265625
2.832031
3.369141
3.842773
4.267578
4.648438
4.887695
5.034180
5.068359
5.029297
4.897461
4.638672
4.291992
3.857422
3.374023
2.861328
2.373047
1.811523
1.279297
0.791016
0.395508
0.112305
-0.131836
-0.253906
-0.302734
-0.175781
-0.009766
0.302734
0.703125
1.132812
1.601562
2.124023
2.690430
3.198242
3.725586
4.160156
4.531250
4.843750
4.995117
5.073242
5.063477
4.965820
4.716797
4.404297
3.955078
3.525391
3.027344
2.509766
1.933594
1.420898
0.942383
0.502930
0.185547
-0.053711
-0.190430
-0.302734
-0.224609
-0.078125
0.249023
0.571289
1.059570
1.450195
2.011719
2.563477
3.081055
3.588867
4.038086
4.472656
4.770508
5.014648
5.102539
5.126953
5.004883
4.746094
4.492188
4.067383
3.701172
3.193359
2.646484
2.070312
1.552734
1.079102
0.708008
0.351562
0.004883
-0.180664
-0.219727
-0.141602
-0.078125
0.205078
0.473633
0.898438
1.367188
1.894531
2.456055
3.002930
3.496094
3.964844
4.350586
4.682617
4.965820
5.102539
5.112305
5.034180
4.843750
4.565430
4.204102
3.784180
3.305664
2.729492
2.246094
1.699219
1.215820
0.737305
0.332031
0.058594
-0.190430
-0.258789
-0.278320
-0.083008
0.102539
0.405273
0.771484
1.279297
1.752930
2.260742
2.851562
3.413086
3.823242
4.262695
4.624023
4.868164
5.039062
5.083008
5.034180
4.912109
4.648438
4.287109
3.876953
3.403320
2.885742
2.358398
1.787109
1.279297
0.815430
0.415039
0.126953
-0.078125
-0.239258
-0.302734
-0.219727
-0.043945
0.263672
0.654297
1.098633
1.596680
2.124023
2.709961
3.242188
3.725586
4.184570
4.541016
4.824219
5.068359
5.078125
5.083008
4.975586
4.707031
4.370117
3.999023
3.549805
2.983398
2.504883
1.923828
1.411133
0.913086
0.517578
0.185547
-0.097656
-0.244141
-0.253906
-0.219727
-0.058594
0.200195
0.585938
1.000977
1.479492
2.021484
2.543945
3.110352
3.583984
4.028320
4.477539
4.760742
4.965820
5.058594
5.078125
5.009766
4.741211
4.482422
4.096680
3.662109
3.164062
2.626953
2.075195
1.533203
1.079102
0.659180
0.263672
-0.019531
-0.234375
-0.292969
-0.205078
-0.083008
0.185547
0.488281
0.893555
1.367188
1.850586
2.416992
2.944336
3.466797
3.935547
4.384766
4.687500
4.936523
5.053711
5.102539
5.029297
4.838867
4.589844
4.194336
3.774414
3.276367
2.734375
2.216797
1.665039
1.157227
0.727539
0.346680
0.058594
-0.156250
-0.249023
-0.219727
-0.112305
0.073242
0.390625
0.771484
1.289062
1.728516
2.280273
2.827148
3.393555
3.881836
4.277344
4.599609
4.912109
5.034180
5.117188
5.029297
4.921875
4.633789
4.291992
3.867188
3.374023
2.856445
2.329102
1.821289
1.293945
0.795898
0.429688
0.078125
-0.141602
-0.249023
-0.307617
-0.205078
-0.029297
0.297852
0.683594
1.103516
1.611328
2.119141
2.700195
3.198242
3.696289
4.150391
4.511719
4.829102
5.004883
5.112305
5.092773
4.941406
4.692383
4.423828
4.013672
3.500977
2.993164
2.480469
1.953125
1.435547
0.942383
0.498047
0.195312
-0.078125
-0.234375
-0.263672
-0.229492
-0.029297
0.249023
0.600586
1.005859
1.464844
2.006836
2.568359
3.105469
3.603516
4.072266
4.448242
4.755859
4.965820
5.112305
5.126953
4.995117
4.775391
4.467773
4.101562
3.686523
3.208008
2.636719
2.075195
1.552734
1.074219
0.649414
0.263672
-0.004883
-0.175781
-0.214844
-0.161133
-0.078125
0.156250
0.498047
0.922852
1.386719
1.899414
2.451172
2.968750
3.471680
3.969727
4.379883
4.702148
4.965820
5.092773
5.151367
5.014648
4.843750
4.531250
4.169922
3.784180
3.300781
2.749023
2.226562
1.684570
1.210938
0.756836
0.375977
0.053711
-0.195312
-0.224609
-0.244141
-0.097656
0.083008
0.346680
0.805664
1.269531
1.801758
2.280273
2.822266
3.339844
3.833008
4.277344
4.604492
4.848633
4.975586
5.078125
5.058594
4.873047
4.638672
4.248047
3.896484
3.408203
2.880859
2.353516
1.777344
1.313477
0.820312
0.400391
0.073242
-0.146484
-0.268555
-0.288086
-0.205078
0.034180
0.278320
0.664062
1.074219
1.606445
2.138672
2.685547
3.227539
3.715820
4.155273
4.521484
4.824219
5.019531
5.092773
5.097656
4.941406
4.667969
4.418945
4.003906
3.520508
3.017578
2.480469
1.914062
1.450195
0.883789
0.517578
0.180664
-0.097656
-0.195312
-0.278320
-0.234375
-0.063477
0.214844
0.566406
1.030273
1.518555
2.021484
2.553711
3.041992
