1.958008
1.435547
0.908203
0.532227
0.195312
-0.048828
-0.244141
-0.253906
-0.214844
-0.058594
0.249023
0.566406
1.015625
1.538086
2.036133
2.573242
3.076172
3.583984
4.057617
4.458008
4.750977
4.970703
5.053711
5.048828
4.946289
4.804688
4.453125
4.057617
3.593750
3.095703
2.563477
2.050781
1.508789
1.020508
0.600586
0.253906
-0.034180
-0.200195
-0.283203
-0.234375
-0.068359
0.175781
0.488281
0.942383
1.401367
1.938477
2.436523
3.007812
3.510742
3.974609
4.399414
4.716797
4.936523
5.058594
5.151367
5.053711
4.824219
4.560547
4.194336
3.715820
3.242188
2.719727
2.202148
1.689453
1.162109
0.688477
0.327148
0.068359
-0.136719
-0.205078
-0.263672
-0.107422
0.146484
0.429688
0.854492
1.328125
1.835938
2.333984
2.856445
3.452148
3.896484
4.335938
4.697266
4.902344
5.107422
5.117188
5.097656
4.921875
4.658203
4.345703
3.881836
3.442383
2.915039
2.333984
1.796875
1.293945
0.810547
0.458984
0.131836
-0.063477
-0.214844
-0.249023
-0.151367
0.043945
0.351562
0.727539
1.123047
1.665039
2.187500
2.734375
3.251953
3.779297
4.208984
4.545898
4.858398
5.053711
5.126953
5.073242
4.960938
4.736328
4.414062
4.013672
3.500977
3.022461
2.441406
1.889648
1.391602
0.966797
0.493164
0.209961
-0.102539
-0.239258
-0.249023
-0.166016
-0.029297
0.205078
0.620117
1.030273
1.547852
2.055664
2.568359
3.134766
3.593750
4.096680
4.462891
4.775391
4.995117
5.053711
5.078125
4.975586
4.726562
4.448242
4.028320
3.642578
3.115234
2.543945
2.001953
1.489258
1.025391
0.581055
0.229492
0.004883
-0.185547
-0.302734
-0.205078
-0.078125
0.185547
0.527344
0.898438
1.401367
1.928711
2.456055
3.012695
3.491211
3.920898
4.375000
4.702148
4.956055
5.058594
5.092773
5.014648
4.829102
4.550781
4.194336
3.706055
3.217773
2.700195
2.197266
1.650391
1.157227
0.717773
0.297852
-0.009766
-0.166016
-0.219727
-0.273438
-0.170898
0.083008
0.410156
0.839844
1.279297
1.767578
2.294922
2.880859
3.393555
3.876953
4.277344
4.638672
4.912109
5.068359
5.136719
5.078125
4.902344
4.658203
4.311523
3.833008
3.383789
2.875977
2.294922
1.757812
1.245117
0.815430
0.400391
0.043945
-0.107422
-0.244141
-0.273438
-0.156250
0.000000
0.327148
0.722656
1.152344
1.665039
2.192383
2.763672
3.261719
3.740234
4.208984
4.570312
4.873047
5.058594
5.126953
5.083008
4.960938
4.741211
4.394531
3.994141
3.491211
3.017578
2.465820
1.938477
1.367188
0.927734
0.541992
0.190430
-0.102539
-0.249023
-0.229492
-0.209961
-0.029297
0.219727
0.551758
1.030273
1.518555
2.026367
2.563477
3.095703
3.623047
4.082031
4.487305
4.746094
4.970703
5.083008
5.092773
4.960938
4.760742
4.487305
4.057617
3.613281
3.081055
2.597656
2.060547
1.523438
1.010742
0.605469
0.239258
-0.048828
-0.224609
-0.258789
-0.175781
-0.083008
0.175781
0.512695
0.947266
1.376953
1.933594
2.441406
3.017578
3.525391
3.994141
4.365234
4.726562
4.931641
5.097656
5.112305
5.009766
4.819336
4.570312
4.243164
3.754883
3.222656
2.695312
2.202148
1.669922
1.152344
0.717773
0.356445
0.053711
-0.156250
-0.224609
-0.234375
-0.136719
0.131836
0.463867
0.869141
1.323242
1.826172
2.329102
2.856445
3.422852
3.920898
4.340820
4.687500
4.892578
5.107422
5.136719
5.107422
4.941406
4.653320
4.340820
3.876953
3.427734
2.866211
2.363281
1.811523
1.293945
0.815430
0.473633
0.112305
-0.112305
-0.214844
-0.249023
-0.117188
0.058594
0.336914
0.722656
1.147461
1.650391
2.177734
2.744141
3.232422
3.784180
4.199219
4.526367
4.863281
5.034180
5.092773
5.087891
4.936523
4.721680
4.384766
3.959961
3.549805
2.983398
2.436523
1.899414
1.411133
0.957031
0.483398
0.146484
-0.117188
-0.244141
-0.268555
-0.195312
-0.029297
0.229492
0.585938
1.035156
1.518555
2.055664
2.548828
3.081055
3.613281
4.086914
4.453125
4.716797
4.951172
5.063477
5.087891
4.965820
4.760742
4.423828
4.047852
3.598633
3.085938
2.543945
2.011719
1.499023
1.010742
0.615234
0.258789
-0.039062
-0.205078
-0.278320
-0.224609
-0.083008
0.180664
0.488281
0.932617
1.401367
1.884766
2.456055
2.983398
3.510742
3.950195
4.365234
4.711914
4.936523
5.117188
5.156250
4.975586
4.804688
4.550781
4.184570
3.750000
3.286133
2.705078
2.187500
1.655273
1.127930
0.737305
0.322266
-0.024414
-0.185547
-0.244141
-0.249023
-0.141602
0.136719
0.385742
0.820312
1.279297
1.777344
2.294922
2.856445
3.393555
3.881836
4.306641
4.687500
4.897461
5.131836
5.136719
5.073242
4.897461
4.614258
4.306641
3.828125
3.378906
2.836914
2.314453
1.791992
1.284180
0.839844
0.415039
0.097656
-0.112305
-0.229492
-0.292969
-0.156250
0.063477
0.351562
0.712891
1.142578
1.669922
2.211914
2.763672
3.271484
3.745117
4.189453
4.570312
4.853516
5.019531
5.092773
5.107422
4.970703
4.731445
4.423828
3.940430
3.496094
3.027344
2.475586
1.894531
1.386719
0.913086
0.546875
0.200195
-0.058594
-0.239258
-0.249023
-0.185547
-0.058594
0.200195
0.561523
0.996094
1.503906
2.021484
2.563477
3.095703
3.642578
4.057617
4.472656
4.716797
4.985352
5.122070
5.063477
4.970703
4.760742
4.462891
4.062500
3.623047
3.129883
2.592773
2.026367
1.499023
1.054688
0.605469
0.229492
-0.019531
-0.195312
-0.258789
-0.224609
-0.053711
0.195312
0.512695
0.908203
1.396484
1.943359
2.436523
2.988281
3.515625
3.994141
4.389648
4.692383
4.936523
5.107422
5.083008
5.043945
4.809570
4.584961
4.145508
3.720703
3.217773
2.734375
2.158203
1.669922
1.142578
0.747070
0.322266
0.034180
-0.151367
-0.244141
-0.219727
-0.068359
0.161133
0.444336
0.810547
1.323242
1.791992
2.382812
2.885742
3.457031
3.950195
4.311523
4.697266
4.907227
5.131836
5.131836
5.068359
4.921875
4.653320
4.350586
3.906250
3.393555
2.841797
2.382812
1.811523
1.328125
0.854492
0.434570
0.131836
-0.087891
-0.205078
-0.224609
-0.151367
0.097656
0.336914
0.708008
1.137695
1.674805
2.167969
2.734375
3.271484
3.808594
4.228516
4.575195
4.863281
5.019531
5.117188
5.083008
4.956055
4.731445
4.418945
3.994141
3.535156
2.978516
2.456055
1.933594
1.362305
0.898438
0.498047
0.209961
-0.083008
-0.239258
-0.253906
-0.195312
-0.004883
0.249023
0.566406
0.991211
1.494141
2.041016
2.563477
3.090820
3.613281
4.072266
4.477539
4.760742
4.951172
5.063477
5.073242
4.956055
4.741211
4.453125
4.057617
3.603516
3.061523
2.548828
2.031250
1.489258
1.030273
0.610352
0.263672
-0.024414
-0.185547
-0.283203
-0.190430
-0.073242
0.205078
0.502930
0.913086
1.406250
1.943359
2.436523
2.988281
3.510742
3.994141
4.389648
4.672852
4.975586
5.092773
5.131836
5.014648
4.814453
4.541016
4.155273
3.774414
3.291016
2.719727
2.172852
1.621094
1.142578
0.708008
0.336914
0.083008
-0.161133
-0.292969
-0.263672
-0.097656
0.083008
0.400391
0.810547
1.289062
1.806641
2.299805
2.866211
3.383789
3.828125
4.291992
4.667969
4.902344
5.053711
5.136719
5.073242
4.951172
4.643555
4.277344
3.881836
3.364258
2.875977
2.319336
1.777344
1.279297
0.825195
0.390625
0.097656
-0.087891
-0.224609
-0.234375
-0.146484
0.043945
0.351562
0.722656
1.142578
1.655273
2.202148
2.749023
3.256836
3.730469
4.204102
4.565430
4.897461
5.034180
5.126953
5.058594
4.926758
4.697266
4.399414
3.994141
3.515625
3.012695
2.456055
1.933594
1.430664
0.961914
0.512695
0.185547
-0.092773
-0.185547
-0.244141
-0.209961
-0.034180
0.219727
0.556641
1.020508
1.542969
2.026367
2.524414
3.076172
3.588867
4.047852
4.453125
4.726562
4.960938
5.083008
5.073242
5.019531
4.760742
4.472656
4.086914
3.613281
3.134766
2.548828
2.050781
1.528320
1.030273
0.625000
0.244141
-0.034180
-0.214844
-0.268555
-0.200195
-0.092773
0.185547
0.483398
0.913086
1.406250
1.933594
2.446289
2.988281
3.520508
4.018555
4.355469
4.697266
4.931641
5.078125
5.136719
5.019531
4.838867
4.570312
4.184570
3.725586
3.271484
2.700195
2.182617
1.689453
1.171875
0.673828
0.327148
0.053711
-0.122070
-0.209961
-0.200195
-0.097656
0.131836
0.444336
0.864258
1.303711
1.811523
2.333984
2.890625
3.452148
3.940430
4.282227
4.638672
4.907227
5.087891
5.151367
5.102539
4.916992
4.658203
4.267578
3.862305
3.369141
2.919922
2.309570
1.835938
1.274414
0.791016
0.429688
0.126953
-0.126953
-0.224609
-0.253906
-0.122070
0.053711
0.390625
0.703125
1.132812
1.640625
2.172852
2.753906
3.276367
3.769531
4.213867
4.584961
4.843750
5.058594
5.097656
5.117188
4.956055
4.726562
4.360352
4.023438
3.510742
2.963867
2.436523
1.909180
1.386719
0.947266
0.512695
0.136719
-0.097656
-0.219727
-0.263672
-0.224609
-0.034180
0.244141
0.590820
1.025391
1.528320
2.026367
2.548828
3.120117
3.618164
4.096680
4.433594
4.760742
4.946289
5.112305
5.073242
5.000000
4.741211
4.477539
4.033203
3.623047
3.095703
2.534180
2.031250
1.494141
1.010742
0.590820
0.253906
-0.014648
-0.180664
-0.273438
-0.209961
-0.058594
0.166016
0.517578
0.927734
1.416016
1.909180
2.456055
2.998047
3.505859
4.008789
4.370117
4.702148
4.921875
5.107422
5.092773
4.965820
4.819336
4.565430
4.179688
3.779297
3.261719
2.729492
2.197266
1.645508
1.152344
0.678711
0.307617
0.063477
-0.151367
-0.263672
-0.263672
-0.151367
0.073242
0.410156
0.844727
1.293945
1.782227
2.299805
2.832031
3.417969
3.872070
4.331055
4.638672
4.912109
5.112305
5.131836
5.107422
4.902344
4.663086
4.296875
3.842773
3.378906
2.885742
2.299805
1.772461
1.279297
0.805664
0.419922
0.107422
-0.102539
-0.249023
-0.268555
-0.161133
0.034180
0.317383
0.732422
1.132812
1.669922
2.177734
2.763672
3.286133
3.725586
4.204102
4.555664
4.863281
5.004883
5.117188
5.083008
4.936523
4.750977
4.384766
3.974609
3.554688
2.998047
2.475586
1.943359
1.406250
0.932617
0.512695
0.190430
-0.048828
-0.219727
-0.258789
-0.200195
-0.063477
0.205078
0.585938
1.015625
1.479492
2.050781
2.558594
3.085938
3.623047
4.082031
4.472656
4.746094
4.926758
5.083008
5.083008
5.009766
4.746094
4.467773
4.067383
3.632812
3.110352
2.587891
2.045898
1.528320
1.035156
0.576172
0.224609
-0.034180
-0.195312
-0.263672
-0.214844
-0.039062
0.156250
0.532227
0.937500
1.416016
1.914062
2.475586
2.988281
3.505859
3.994141
4.394531
4.716797
4.941406
5.102539
5.107422
5.024414
4.843750
4.555664
4.160156
3.740234
3.247070
2.749023
2.163086
1.655273
1.132812
0.737305
0.336914
0.039062
-0.151367
-0.244141
-0.209961
-0.136719
0.122070
0.454102
0.854492
1.318359
1.826172
2.392578
2.939453
3.437500
3.920898
4.287109
4.628906
4.916992
5.083008
5.161133
5.122070
4.931641
4.648438
4.316406
3.833008
3.383789
2.919922
2.353516
1.835938
1.328125
0.815430
0.444336
0.092773
-0.078125
-0.180664
-0.205078
-0.131836
0.029297
0.356445
0.717773
1.166992
1.645508
2.187500
2.739258
3.261719
3.764648
4.218750
4.545898
4.858398
5.043945
5.131836
5.112305
4.926758
4.697266
4.418945
3.999023
3.515625
2.988281
2.500000
1.904297
1.420898
0.927734
0.478516
0.166016
-0.092773
-0.190430
-0.273438
-0.200195
-0.034180
0.239258
0.600586
1.059570
1.533203
2.060547
2.592773
3.134766
3.613281
4.086914
4.472656
4.809570
4.975586
5.078125
5.087891
4.975586
4.750977
4.448242
4.047852
3.627930
3.110352
2.568359
2.041016
1.533203
1.015625
0.639648
0.244141
-0.029297
-0.175781
-0.258789
-0.239258
-0.068359
0.170898
0.512695
0.922852
1.411133
1.904297
2.465820
3.007812
3.520508
3.984375
4.370117
4.697266
4.970703
5.126953
5.097656
5.029297
4.833984
4.580078
4.243164
3.725586
3.237305
2.724609
2.207031
1.669922
1.166992
0.703125
0.332031
0.039062
-0.166016
-0.219727
-0.253906
-0.141602
0.053711
0.424805
0.791016
1.264648
1.782227
2.299805
2.851562
3.403320
3.901367
4.272461
4.663086
4.951172
5.083008
5.170898
5.058594
4.931641
4.643555
4.301758
3.876953
3.388672
2.856445
2.309570
1.767578
1.284180
0.820312
0.390625
0.126953
-0.141602
-0.239258
-0.249023
-0.151367
0.043945
0.327148
0.693359
1.137695
1.674805
2.197266
2.719727
3.237305
3.745117
4.174805
4.604492
4.829102
5.053711
5.156250
5.097656
4.951172
4.716797
4.355469
3.994141
3.515625
3.017578
2.446289
1.948242
1.425781
0.908203
0.507812
0.195312
-0.043945
-0.229492
-0.253906
-0.195312
-0.043945
0.244141
0.625000
1.020508
1.494141
2.001953
2.563477
3.159180
3.603516
4.091797
4.467773
4.721680
4.951172
5.092773
5.058594
4.995117
4.790039
4.472656
4.082031
3.627930
3.110352
2.587891
2.065430
1.542969
1.020508
0.634766
0.229492
-0.019531
-0.200195
-0.288086
-0.190430
-0.078125
0.185547
0.522461
0.927734
1.406250
1.918945
2.485352
3.022461
3.525391
3.969727
4.379883
4.711914
4.951172
5.078125
5.063477
5.019531
4.848633
4.565430
4.228516
3.764648
3.247070
2.729492
2.202148
1.660156
1.152344
0.727539
0.351562
0.087891
-0.131836
-0.219727
-0.239258
-0.102539
0.151367
0.439453
0.859375
1.308594
1.840820
2.373047
2.856445
3.403320
3.881836
4.306641
4.677734
4.946289
5.141602
5.175781
5.117188
4.902344
4.658203
4.321289
3.857422
3.432617
2.875977
2.363281
1.816406
1.357422
0.839844
0.444336
0.170898
-0.097656
-0.249023
-0.214844
-0.131836
0.078125
0.371094
0.747070
1.162109
1.669922
2.182617
2.763672
3.286133
3.745117
4.238281
4.570312
4.843750
5.068359
5.156250
5.107422
4.931641
4.692383
4.438477
3.974609
3.530273
2.998047
2.426758
1.918945
1.411133
0.898438
0.522461
0.200195
-0.063477
-0.253906
-0.312500
-0.205078
-0.004883
0.239258
0.625000
1.020508
1.518555
2.031250
2.607422
3.129883
3.627930
4.057617
4.467773
4.765625
4.951172
5.063477
5.122070
5.019531
4.770508
4.443359
4.042969
3.608398
3.110352
2.573242
2.011719
1.513672
1.015625
0.605469
0.244141
0.004883
-0.175781
-0.278320
-0.229492
-0.043945
0.170898
0.546875
0.903320
1.416016
1.918945
2.451172
3.002930
3.496094
3.999023
4.375000
4.677734
4.975586
5.097656
5.112305
5.034180
4.799805
4.541016
4.204102
3.715820
3.227539
2.744141
2.221680
1.660156
1.166992
0.668945
0.317383
0.039062
-0.180664
-0.263672
-0.263672
-0.122070
0.078125
0.463867
0.815430
1.279297
1.791992
2.353516
2.856445
3.422852
3.891602
4.306641
4.643555
4.902344
5.117188
5.161133
5.078125
4.907227
4.653320
4.291992
3.886719
3.413086
2.846680
2.338867
1.791992
1.293945
0.839844
0.415039
0.097656
-0.131836
-0.249023
-0.263672
-0.180664
0.043945
0.336914
0.727539
1.171875
1.699219
2.197266
2.724609
3.291016
3.764648
4.213867
4.565430
4.863281
5.063477
5.141602
5.102539
4.960938
4.746094
4.384766
3.999023
3.559570
3.002930
2.451172
1.953125
1.435547
0.937500
0.502930
0.200195
-0.048828
-0.239258
-0.268555
-0.185547
-0.029297
0.229492
0.581055
1.015625
1.503906
2.036133
2.558594
3.129883
3.598633
4.057617
4.438477
4.775391
4.980469
5.083008
5.117188
4.980469
4.750977
4.418945
4.077148
3.603516
3.129883
2.597656
2.045898
1.518555
1.044922
0.595703
0.244141
0.000000
-0.205078
-0.263672
-0.224609
-0.083008
0.195312
0.488281
0.932617
1.420898
1.928711
2.441406
3.017578
3.510742
4.003906
4.375000
4.721680
4.956055
5.083008
5.107422
5.039062
4.858398
4.565430
4.160156
3.730469
3.256836
2.763672
2.202148
1.655273
1.142578
0.722656
0.351562
0.014648
-0.146484
-0.234375
-0.219727
-0.083008
0.136719
0.444336
0.869141
1.337891
1.806641
2.387695
2.924805
3.452148
3.911133
4.272461
4.687500
4.946289
5.078125
5.185547
5.053711
4.980469
4.672852
4.291992
3.901367
3.432617
2.885742
2.402344
1.831055
1.328125
0.859375
0.478516
0.141602
-0.092773
-0.200195
-0.249023
-0.107422
0.058594
0.410156
0.722656
1.152344
1.645508
2.172852
2.753906
3.291016
3.750000
4.223633
4.580078
4.863281
5.078125
5.117188
5.058594
4.951172
4.741211
4.423828
3.999023
3.525391
2.998047
2.451172
1.933594
1.401367
0.927734
0.517578
0.166016
-0.039062
-0.244141
-0.219727
-0.224609
0.004883
0.268555
0.634766
1.020508
1.557617
2.075195
2.612305
3.134766
3.647461
4.042969
4.443359
4.760742
4.956055
5.073242
5.073242
4.980469
4.750977
4.453125
4.077148
3.608398
3.115234
2.534180
1.987305
1.503906
1.010742
0.595703
0.263672
-0.024414
-0.161133
-0.268555
-0.190430
-0.068359
0.190430
0.517578
0.913086
1.396484
1.904297
2.441406
2.983398
3.554688
3.974609
4.384766
4.692383
4.970703
5.107422
5.141602
5.039062
4.838867
4.541016
4.204102
3.774414
3.237305
2.734375
2.167969
1.669922
1.191406
0.683594
0.336914
0.039062
-0.170898
-0.263672
-0.283203
-0.136719
0.092773
0.434570
0.869141
1.289062
1.787109
2.294922
2.856445
3.442383
3.842773
4.321289
4.658203
4.975586
5.078125
5.112305
5.058594
4.902344
4.633789
4.301758
3.876953
3.393555
2.827148
2.319336
1.782227
1.279297
0.815430
0.410156
0.078125
-0.136719
-0.244141
-0.288086
-0.136719
0.043945
0.336914
0.727539
1.152344
1.689453
2.221680
2.753906
3.266602
3.750000
4.199219
4.594727
4.838867
5.043945
5.112305
5.141602
4.970703
4.755859
4.409180
3.994141
3.535156
3.007812
2.451172
1.914062
1.420898
0.966797
0.546875
0.170898
-0.058594
-0.209961
-0.244141
-0.200195
-0.034180
0.219727
0.561523
1.035156
1.494141
2.026367
2.592773
3.085938
3.632812
4.057617
4.477539
4.750977
4.956055
5.063477
5.063477
4.980469
4.785156
4.467773
4.086914
3.662109
3.134766
2.578125
2.060547
1.528320
1.040039
0.590820
0.253906
-0.058594
-0.190430
-0.253906
-0.190430
-0.083008
0.156250
0.522461
0.947266
1.435547
1.914062
2.465820
2.968750
3.500977
3.989258
4.409180
4.750977
4.951172
5.063477
5.122070
5.024414
4.877930
4.580078
4.174805
3.730469
3.281250
2.729492
2.158203
1.699219
1.176758
0.717773
0.327148
0.019531
-0.146484
-0.234375
-0.263672
-0.112305
0.136719
0.444336
0.834961
1.298828
1.811523
2.348633
2.905273
3.452148
3.935547
4.355469
4.707031
4.936523
5.078125
5.166016
5.112305
4.941406
4.672852
4.321289
3.881836
3.417969
2.890625
2.363281
1.845703
1.298828
0.844727
0.454102
0.097656
-0.068359
-0.219727
-0.253906
-0.141602
0.058594
0.385742
0.751953
1.196289
1.655273
2.177734
2.744141
3.310547
3.750000
4.213867
4.560547
4.887695
5.014648
5.097656
5.092773
5.000000
4.731445
4.399414
4.028320
3.515625
2.973633
2.480469
1.918945
1.425781
0.903320
0.498047
0.195312
-0.078125
-0.200195
-0.283203
-0.190430
-0.024414
0.268555
0.610352
1.074219
1.562500
2.050781
2.583008
3.120117
3.623047
4.072266
4.448242
4.785156
4.985352
5.078125
5.087891
4.980469
4.809570
4.462891
4.057617
3.627930
3.081055
2.573242
2.065430
1.513672
1.040039
0.625000
0.244141
0.000000
-0.166016
-0.268555
-0.209961
-0.068359
0.180664
0.498047
0.952148
1.430664
1.928711
2.441406
3.012695
3.505859
3.940430
4.360352
4.711914
4.951172
5.092773
5.092773
5.004883
4.868164
4.550781
4.204102
3.769531
3.251953
2.729492
2.158203
1.665039
1.196289
0.708008
0.327148
0.019531
-0.185547
-0.249023
-0.224609
-0.122070
0.102539
0.419922
0.834961
1.298828
1.762695
2.343750
2.905273
3.398438
3.862305
4.306641
4.667969
4.960938
5.112305
5.200195
5.053711
4.877930
4.653320
4.277344
3.881836
3.383789
2.900391
2.304688
1.767578
1.274414
0.805664
0.419922
0.087891
-0.107422
-0.214844
-0.268555
-0.151367
0.019531
0.336914
0.732422
1.166992
1.665039
2.197266
2.734375
3.300781
3.759766
4.218750
4.580078
4.838867
5.058594
5.146484
5.083008
4.980469
4.721680
4.399414
4.038086
3.520508
2.998047
2.470703
1.948242
1.450195
0.971680
0.551758
0.195312
-0.097656
-0.190430
-0.244141
-0.195312
-0.034180
0.283203
0.581055
1.015625
1.508789
2.084961
2.587891
3.120117
3.603516
4.067383
4.472656
4.780273
4.965820
5.112305
5.092773
5.000000
4.760742
4.487305
4.077148
3.632812
3.125000
2.587891
2.031250
1.494141
1.030273
0.634766
0.253906
-0.029297
-0.195312
-0.258789
-0.195312
-0.048828
0.156250
0.517578
0.922852
1.425781
1.918945
2.495117
3.017578
