2.163086
1.669922
1.181641
0.717773
0.327148
0.073242
-0.161133
-0.224609
-0.195312
-0.097656
0.136719
0.493164
0.898438
1.362305
1.850586
2.402344
2.929688
3.466797
3.959961
4.355469
4.648438
4.951172
5.107422
5.146484
5.063477
4.916992
4.663086
4.267578
3.876953
3.393555
2.871094
2.285156
1.738281
1.245117
0.805664
0.380859
0.122070
-0.102539
-0.224609
-0.244141
-0.156250
0.073242
0.356445
0.776367
1.201172
1.699219
2.202148
2.807617
3.320312
3.740234
4.199219
4.594727
4.838867
5.043945
5.092773
5.043945
4.931641
4.682617
4.375000
3.925781
3.500977
2.929688
2.412109
1.806641
1.333008
0.903320
0.502930
0.141602
-0.126953
-0.224609
-0.253906
-0.214844
-0.034180
0.224609
0.605469
1.044922
1.523438
2.021484
2.568359
3.105469
3.623047
4.067383
4.472656
4.790039
4.970703
5.097656
5.073242
4.985352
4.785156
4.467773
4.062500
3.623047
3.120117
2.568359
2.016602
1.474609
1.015625
0.556641
0.209961
-0.043945
-0.209961
-0.283203
-0.229492
-0.063477
0.214844
0.488281
0.903320
1.416016
1.938477
2.470703
3.022461
3.500977
3.964844
4.384766
4.721680
4.960938
5.078125
5.107422
4.980469
4.824219
4.565430
4.160156
3.735352
3.188477
2.651367
2.143555
1.640625
1.157227
0.644531
0.341797
0.039062
-0.190430
-0.253906
-0.234375
-0.048828
0.175781
0.454102
0.913086
1.313477
1.845703
2.343750
2.915039
3.408203
3.837891
4.306641
4.624023
4.926758
5.039062
5.122070
5.039062
4.863281
4.628906
4.272461
3.828125
3.310547
2.812500
2.299805
1.733398
1.240234
0.781250
0.385742
0.083008
-0.141602
-0.258789
-0.239258
-0.175781
0.039062
0.366211
0.747070
1.191406
1.674805
2.221680
2.773438
3.295898
3.808594
4.223633
4.555664
4.877930
5.039062
5.083008
5.092773
4.970703
4.672852
4.350586
3.945312
3.476562
2.958984
2.402344
1.845703
1.337891
0.864258
0.463867
0.097656
-0.146484
-0.229492
-0.312500
-0.214844
-0.048828
0.229492
0.610352
1.064453
1.542969
2.036133
2.587891
3.115234
3.623047
4.096680
4.482422
4.765625
4.956055
5.078125
5.102539
4.975586
4.750977
4.448242
4.047852
3.613281
3.085938
2.524414
2.011719
1.484375
1.040039
0.600586
0.190430
-0.014648
-0.200195
-0.244141
-0.234375
-0.048828
0.146484
0.517578
0.966797
1.464844
1.909180
2.509766
3.027344
3.530273
3.964844
4.404297
4.726562
4.941406
5.063477
5.126953
5.000000
4.853516
4.575195
4.179688
3.730469
3.208008
2.700195
2.197266
1.684570
1.166992
0.659180
0.351562
0.043945
-0.141602
-0.253906
-0.253906
-0.141602
0.161133
0.522461
0.893555
1.362305
1.835938
2.397461
2.919922
3.432617
3.920898
4.340820
4.677734
4.931641
5.107422
5.117188
5.087891
4.916992
4.682617
4.248047
3.881836
3.388672
2.856445
2.329102
1.752930
1.245117
0.800781
0.366211
0.097656
-0.122070
-0.224609
-0.258789
-0.146484
0.043945
0.390625
0.747070
1.176758
1.689453
2.187500
2.797852
3.300781
3.789062
4.189453
4.570312
4.873047
5.048828
5.112305
5.039062
4.907227
4.687500
4.360352
3.925781
3.452148
2.939453
2.421875
1.865234
1.337891
0.893555
0.429688
0.151367
-0.117188
-0.234375
-0.312500
-0.224609
-0.058594
0.229492
0.595703
1.020508
1.528320
2.065430
2.578125
3.105469
3.637695
4.062500
4.443359
4.746094
4.965820
5.063477
5.102539
4.990234
4.790039
4.453125
4.067383
3.613281
3.085938
2.558594
1.997070
1.469727
1.000977
0.556641
0.200195
-0.019531
-0.200195
-0.278320
-0.200195
-0.107422
0.126953
0.498047
0.971680
1.420898
1.909180
2.475586
3.017578
3.544922
3.984375
4.370117
4.707031
4.985352
5.112305
5.092773
4.970703
4.799805
4.545898
4.160156
3.706055
3.178711
2.641602
2.177734
1.660156
1.118164
0.683594
0.258789
0.014648
-0.175781
-0.273438
-0.224609
-0.068359
0.156250
0.463867
0.849609
1.293945
1.796875
2.353516
2.919922
3.374023
3.852539
4.296875
4.643555
4.863281
5.063477
5.097656
5.014648
4.897461
4.594727
4.233398
3.823242
3.388672
2.836914
2.304688
1.713867
1.250000
0.800781
0.405273
0.078125
-0.141602
-0.253906
-0.249023
-0.141602
0.024414
0.371094
0.742188
1.201172
1.674805
2.207031
2.778320
3.286133
3.774414
4.248047
4.570312
4.873047
5.014648
5.092773
5.063477
4.951172
4.726562
4.370117
3.969727
3.457031
2.929688
2.416992
1.855469
1.347656
0.864258
0.454102
0.107422
-0.131836
-0.249023
-0.292969
-0.214844
-0.053711
0.229492
0.576172
1.030273
1.513672
2.041016
2.587891
3.139648
3.652344
4.091797
4.467773
4.780273
4.956055
5.092773
5.102539
4.965820
4.746094
4.418945
4.023438
3.583984
3.095703
2.558594
2.006836
1.503906
0.996094
0.576172
0.209961
-0.039062
-0.209961
-0.258789
-0.214844
-0.073242
0.180664
0.541992
0.966797
1.396484
1.953125
2.465820
3.002930
3.510742
4.018555
4.414062
4.697266
4.941406
5.063477
5.097656
5.029297
4.819336
4.555664
4.174805
3.745117
3.212891
2.695312
2.128906
1.645508
1.152344
0.742188
0.346680
0.029297
-0.170898
-0.214844
-0.224609
-0.097656
0.190430
0.498047
0.908203
1.328125
1.845703
2.431641
2.939453
3.471680
3.920898
4.306641
4.682617
4.941406
5.083008
5.151367
5.107422
4.877930
4.682617
4.296875
3.847656
3.378906
2.822266
2.309570
1.738281
1.240234
0.781250
0.405273
0.087891
-0.122070
-0.244141
-0.244141
-0.122070
0.063477
0.341797
0.742188
1.166992
1.713867
2.246094
2.773438
3.261719
3.769531
4.248047
4.584961
4.829102
5.029297
5.107422
5.078125
4.921875
4.672852
4.365234
3.930664
3.476562
2.968750
2.416992
1.845703
1.333008
0.903320
0.478516
0.131836
-0.107422
-0.234375
-0.273438
-0.239258
-0.019531
0.253906
0.615234
1.040039
1.513672
2.055664
2.592773
3.120117
3.623047
4.077148
4.458008
4.770508
4.975586
5.078125
5.092773
4.975586
4.746094
4.472656
4.023438
3.569336
3.085938
2.558594
2.026367
1.489258
0.971680
0.556641
0.209961
-0.039062
-0.205078
-0.292969
-0.258789
-0.107422
0.156250
0.517578
0.942383
1.420898
1.923828
2.441406
3.022461
3.559570
3.994141
4.365234
4.711914
4.931641
5.097656
5.117188
5.029297
4.824219
4.497070
4.140625
3.730469
3.208008
2.666016
2.133789
1.621094
1.127930
0.629883
0.292969
0.019531
-0.175781
-0.273438
-0.244141
-0.117188
0.136719
0.449219
0.825195
1.313477
1.806641
2.353516
2.875977
3.388672
3.886719
4.282227
4.624023
4.892578
5.043945
5.083008
5.073242
4.858398
4.599609
4.252930
3.813477
3.349609
2.807617
2.280273
1.733398
1.240234
0.776367
0.361328
0.078125
-0.136719
-0.273438
-0.288086
-0.141602
0.058594
0.375977
0.703125
1.186523
1.713867
2.226562
2.783203
3.286133
3.784180
4.199219
4.604492
4.902344
5.053711
5.112305
5.078125
4.975586
4.711914
4.365234
3.935547
3.437500
2.958984
2.436523
1.870117
1.298828
0.859375
0.434570
0.097656
-0.122070
-0.258789
-0.302734
-0.205078
-0.019531
0.278320
0.576172
1.064453
1.518555
2.060547
2.573242
3.125000
3.618164
4.091797
4.448242
4.760742
5.000000
5.073242
5.131836
5.000000
4.731445
4.433594
4.042969
3.613281
3.120117
2.519531
2.006836
1.499023
1.010742
0.600586
0.219727
-0.063477
-0.205078
-0.273438
-0.229492
-0.068359
0.209961
0.507812
0.947266
1.411133
1.933594
2.451172
3.051758
3.500977
4.003906
4.370117
4.687500
4.951172
5.063477
5.112305
5.029297
4.853516
4.575195
4.184570
3.735352
3.237305
2.729492
2.207031
1.694336
1.181641
0.712891
0.292969
0.068359
-0.156250
-0.200195
-0.234375
-0.092773
0.141602
0.449219
0.898438
1.333008
1.821289
2.373047
2.910156
3.413086
3.925781
4.340820
4.667969
4.946289
5.083008
5.107422
5.058594
4.877930
4.638672
4.296875
3.823242
3.364258
2.822266
2.290039
1.777344
1.240234
0.781250
0.375977
0.073242
-0.126953
-0.205078
-0.244141
-0.161133
0.039062
0.375977
0.751953
1.206055
1.708984
2.221680
2.763672
3.261719
3.750000
4.189453
4.609375
4.848633
5.029297
5.112305
5.034180
4.921875
4.672852
4.350586
3.935547
3.427734
2.944336
2.397461
1.850586
1.347656
0.859375
0.444336
0.107422
-0.126953
-0.258789
-0.258789
-0.224609
-0.043945
0.229492
0.595703
1.030273
1.523438
2.026367
2.553711
3.085938
3.627930
4.057617
4.438477
4.760742
4.965820
5.078125
5.078125
4.970703
4.755859
4.443359
4.047852
3.583984
3.085938
2.558594
2.036133
1.484375
1.000977
0.571289
0.200195
-0.058594
-0.229492
-0.234375
-0.219727
-0.083008
0.136719
0.512695
0.952148
1.391602
1.943359
2.460938
3.037109
3.510742
3.989258
4.399414
4.697266
4.946289
5.068359
5.102539
4.995117
4.775391
4.511719
4.169922
3.725586
3.198242
2.670898
2.099609
1.635742
1.152344
0.668945
0.268555
0.014648
-0.205078
-0.249023
-0.205078
-0.126953
0.146484
0.415039
0.839844
1.303711
1.821289
2.338867
2.895508
3.413086
3.886719
4.277344
4.628906
4.877930
5.043945
5.097656
5.053711
4.877930
4.609375
4.262695
3.828125
3.310547
2.827148
2.265625
1.728516
1.220703
0.776367
0.385742
0.092773
-0.161133
-0.273438
-0.258789
-0.156250
0.034180
0.317383
0.727539
1.191406
1.684570
2.202148
2.778320
3.291016
3.769531
4.218750
4.575195
4.838867
5.043945
5.087891
5.043945
4.980469
4.731445
4.335938
3.916016
3.496094
2.929688
2.373047
1.870117
1.357422
0.864258
0.449219
0.117188
-0.136719
-0.297852
-0.292969
-0.214844
-0.078125
0.205078
0.571289
1.035156
1.523438
2.045898
2.563477
3.144531
3.632812
4.086914
4.472656
4.760742
5.004883
5.087891
5.102539
4.970703
4.770508
4.414062
4.023438
3.618164
3.076172
2.524414
1.992188
1.469727
1.025391
0.581055
0.219727
-0.092773
-0.205078
-0.292969
-0.200195
-0.102539
0.200195
0.493164
0.952148
1.406250
1.914062
2.431641
3.027344
3.535156
3.940430
4.409180
4.707031
4.921875
5.092773
5.107422
5.019531
4.814453
4.521484
4.189453
3.730469
3.261719
2.729492
2.163086
1.650391
1.162109
0.688477
0.341797
0.024414
-0.122070
-0.175781
-0.190430
-0.068359
0.131836
0.517578
0.878906
1.347656
1.879883
2.358398
2.958984
3.461914
3.876953
4.301758
4.648438
4.946289
5.068359
5.166016
5.048828
4.887695
4.663086
4.311523
3.852539
3.359375
2.836914
2.275391
1.762695
1.235352
0.761719
0.385742
0.117188
-0.146484
-0.268555
-0.234375
-0.136719
0.053711
0.366211
0.751953
1.181641
1.704102
2.221680
2.739258
3.305664
3.769531
4.233398
4.599609
4.853516
5.024414
5.068359
5.102539
4.921875
4.663086
4.355469
3.950195
3.471680
3.002930
2.387695
1.875000
1.362305
0.903320
0.473633
0.126953
-0.131836
-0.263672
-0.263672
-0.185547
-0.039062
0.253906
0.615234
1.044922
1.503906
2.036133
2.568359
3.149414
3.632812
4.072266
4.423828
4.775391
4.980469
5.083008
5.087891
4.975586
4.765625
4.438477
4.033203
3.593750
3.085938
2.553711
2.006836
1.484375
1.015625
0.566406
0.214844
-0.043945
-0.180664
-0.307617
-0.229492
-0.058594
0.166016
0.527344
0.976562
1.440430
1.967773
2.509766
3.017578
3.530273
4.028320
4.389648
4.697266
4.931641
5.068359
5.107422
5.029297
4.809570
4.521484
4.174805
3.735352
3.222656
2.661133
2.124023
1.582031
1.108398
0.712891
0.317383
-0.039062
-0.146484
-0.229492
-0.229492
-0.068359
0.156250
0.463867
0.883789
1.293945
1.826172
2.348633
2.919922
3.422852
3.891602
4.316406
4.672852
4.868164
5.034180
5.112305
5.034180
4.829102
4.614258
4.282227
3.857422
3.339844
2.827148
2.280273
1.767578
1.245117
0.771484
0.385742
0.073242
-0.136719
-0.258789
-0.278320
-0.170898
0.034180
0.395508
0.761719
1.157227
1.699219
2.236328
2.753906
3.295898
3.769531
4.213867
4.599609
4.858398
5.039062
5.092773
5.068359
4.951172
4.726562
4.370117
3.920898
3.476562
2.924805
2.363281
1.840820
1.328125
0.839844
0.415039
0.083008
-0.141602
-0.292969
-0.307617
-0.185547
-0.058594
0.219727
0.615234
1.020508
1.508789
2.021484
2.568359
3.129883
3.632812
4.072266
4.438477
4.755859
4.970703
5.078125
5.097656
4.975586
4.736328
4.438477
4.067383
3.588867
3.085938
2.543945
2.011719
1.469727
1.015625
0.556641
0.224609
-0.048828
-0.200195
-0.273438
-0.234375
-0.083008
0.166016
0.507812
0.966797
1.396484
1.904297
2.470703
2.998047
3.491211
3.999023
4.423828
4.721680
4.916992
5.068359
5.097656
5.024414
4.814453
4.536133
4.189453
3.720703
3.247070
2.695312
2.148438
1.621094
1.147461
0.722656
0.390625
-0.004883
-0.209961
-0.268555
-0.249023
-0.078125
0.161133
0.483398
0.800781
1.279297
1.835938
2.416992
2.934570
3.378906
3.925781
4.316406
4.653320
4.946289
5.112305
5.122070
5.063477
4.882812
4.648438
4.306641
3.881836
3.339844
2.846680
2.299805
1.743164
1.225586
0.761719
0.380859
0.068359
-0.166016
-0.224609
-0.229492
-0.156250
0.043945
0.380859
0.737305
1.176758
1.704102
2.226562
2.773438
3.295898
3.769531
4.257812
4.565430
4.819336
5.073242
5.078125
5.063477
4.921875
4.711914
4.326172
3.945312
3.437500
2.963867
2.416992
1.845703
1.342773
0.839844
0.478516
0.122070
-0.083008
-0.244141
-0.283203
-0.219727
-0.034180
0.244141
0.595703
1.044922
1.528320
2.055664
2.607422
3.125000
3.647461
4.091797
4.453125
4.760742
4.975586
5.092773
5.097656
4.946289
4.760742
4.462891
4.047852
3.603516
3.110352
2.553711
2.031250
1.499023
1.000977
0.581055
0.195312
-0.024414
-0.224609
-0.273438
-0.229492
-0.073242
0.156250
0.512695
0.971680
1.440430
1.914062
2.460938
2.988281
3.500977
3.999023
4.370117
4.721680
4.936523
5.034180
5.097656
5.000000
4.838867
4.550781
4.125977
3.696289
3.203125
2.670898
2.128906
1.616211
1.074219
0.688477
0.302734
0.009766
-0.166016
-0.263672
-0.283203
-0.097656
0.146484
0.463867
0.791016
1.289062
1.791992
2.377930
2.910156
3.398438
3.886719
4.257812
4.633789
4.873047
5.043945
5.078125
5.053711
4.873047
4.580078
4.223633
3.828125
3.325195
2.792969
2.280273
1.733398
1.230469
0.791016
0.346680
0.092773
-0.107422
-0.253906
-0.273438
-0.156250
0.058594
0.371094
0.717773
1.206055
1.679688
2.221680
2.792969
3.300781
3.793945
4.199219
4.550781
4.873047
5.048828
5.102539
5.087891
4.941406
4.687500
4.399414
3.955078
3.476562
2.954102
2.446289
1.831055
1.337891
0.859375
0.478516
0.151367
-0.097656
-0.239258
-0.297852
-0.234375
-0.029297
0.273438
0.644531
1.074219
1.513672
2.075195
2.597656
3.139648
3.627930
4.096680
4.448242
4.790039
4.985352
5.087891
5.126953
4.980469
4.780273
4.438477
4.013672
3.574219
3.105469
2.568359
2.006836
1.499023
0.991211
0.576172
0.214844
-0.024414
-0.214844
-0.258789
-0.224609
-0.078125
0.185547
0.507812
0.942383
1.479492
1.923828
2.509766
3.012695
3.535156
3.984375
4.384766
4.721680
4.960938
5.083008
5.092773
5.039062
4.833984
4.541016
4.179688
3.720703
3.242188
2.709961
2.148438
1.601562
1.108398
0.717773
0.390625
0.043945
-0.146484
-0.205078
-0.249023
-0.126953
0.126953
0.463867
0.864258
1.318359
1.860352
2.392578
2.944336
3.432617
3.886719
4.306641
4.663086
4.960938
5.083008
5.126953
5.039062
4.887695
4.604492
4.291992
3.857422
3.403320
2.836914
2.265625
1.757812
1.215820
0.776367
0.385742
0.073242
-0.161133
-0.219727
-0.239258
-0.141602
0.063477
0.356445
0.766602
1.181641
1.660156
2.226562
2.763672
3.305664
3.793945
4.204102
4.609375
4.863281
5.043945
5.063477
5.068359
4.970703
4.697266
4.340820
3.891602
3.461914
3.017578
2.407227
1.855469
1.362305
0.859375
0.473633
0.136719
-0.141602
-0.258789
-0.312500
-0.200195
-0.029297
0.268555
0.605469
1.054688
1.523438
2.050781
2.636719
3.125000
3.627930
4.101562
4.414062
4.746094
4.960938
5.087891
5.078125
5.004883
4.741211
4.477539
4.042969
3.627930
3.120117
2.514648
2.016602
1.503906
1.035156
0.581055
0.234375
-0.039062
-0.205078
-0.253906
-0.234375
-0.087891
0.190430
0.551758
0.952148
1.406250
1.958008
2.480469
3.007812
3.540039
4.018555
4.414062
4.672852
4.936523
5.034180
5.048828
5.058594
4.838867
4.516602
4.165039
3.745117
3.208008
2.680664
2.128906
1.586914
1.118164
0.712891
0.297852
0.043945
-0.180664
-0.253906
-0.175781
-0.078125
0.146484
0.527344
0.825195
1.323242
1.821289
2.363281
2.910156
3.437500
3.906250
4.287109
4.658203
4.902344
5.083008
5.083008
5.053711
4.897461
4.628906
4.257812
3.833008
3.359375
2.846680
2.299805
1.738281
1.240234
0.810547
0.390625
0.083008
-0.136719
-0.268555
-0.273438
-0.156250
0.078125
0.380859
0.766602
1.191406
1.704102
2.221680
2.802734
3.305664
3.789062
4.199219
4.584961
4.882812
5.083008
5.122070
5.087891
4.965820
4.726562
4.370117
3.940430
3.486328
2.963867
2.402344
1.835938
1.372070
0.888672
0.449219
0.107422
-0.131836
-0.288086
-0.292969
-0.200195
-0.004883
0.278320
0.590820
1.064453
1.552734
2.070312
2.597656
3.129883
3.642578
4.121094
4.472656
4.794922
4.975586
5.122070
5.078125
4.956055
4.770508
4.453125
4.062500
3.613281
3.090820
2.563477
2.006836
1.494141
1.025391
0.556641
0.229492
-0.073242
-0.234375
-0.258789
-0.229492
-0.107422
0.185547
0.527344
0.981445
1.411133
1.923828
2.504883
3.002930
3.554688
3.994141
4.414062
4.702148
4.946289
5.097656
5.117188
5.014648
4.843750
4.570312
4.184570
3.745117
3.251953
2.729492
2.167969
1.611328
1.108398
0.722656
0.322266
0.004883
-0.141602
-0.195312
-0.185547
-0.048828
0.161133
0.454102
0.888672
1.362305
1.840820
2.392578
2.944336
3.442383
3.955078
4.326172
4.687500
4.970703
5.097656
5.146484
5.068359
4.907227
4.658203
4.257812
3.833008
3.374023
2.841797
2.294922
1.757812
1.206055
0.781250
0.410156
0.068359
-0.146484
-0.234375
-0.258789
-0.166016
0.053711
0.351562
0.712891
1.206055
1.733398
2.236328
2.827148
3.281250
3.759766
4.189453
4.589844
4.863281
5.034180
5.092773
5.087891
4.912109
4.707031
4.335938
3.916016
3.447266
2.939453
2.402344
1.850586
1.337891
0.888672
0.473633
0.107422
-0.136719
-0.258789
-0.312500
-0.239258
-0.024414
0.229492
0.590820
1.040039
1.533203
2.041016
2.597656
3.110352
3.632812
4.052734
4.467773
4.785156
4.936523
5.087891
5.087891
4.990234
4.765625
4.438477
4.033203
3.618164
3.110352
2.524414
2.006836
1.489258
0.996094
0.566406
0.234375
-0.058594
-0.219727
-0.297852
-0.234375
-0.083008
0.175781
0.488281
0.961914
1.445312
1.933594
2.460938
3.032227
3.515625
3.964844
4.399414
4.716797
4.931641
5.073242
5.112305
5.024414
4.804688
4.531250
4.155273
3.725586
3.193359
2.675781
2.138672
1.625977
1.127930
0.688477
0.307617
0.014648
-0.156250
-0.253906
-0.249023
-0.126953
0.131836
0.468750
0.874023
1.328125
1.777344
2.368164
2.846680
3.413086
3.886719
4.287109
4.643555
4.902344
5.000000
5.117188
5.068359
4.873047
4.619141
4.257812
3.823242
3.374023
2.802734
2.280273
1.762695
1.259766
0.771484
0.400391
0.073242
-0.117188
-0.283203
-0.263672
-0.161133
0.058594
0.380859
0.732422
1.176758
1.669922
2.226562
2.797852
3.295898
3.740234
4.199219
4.560547
4.858398
5.043945
5.063477
5.078125
4.960938
4.716797
4.326172
3.940430
3.471680
2.949219
2.382812
1.835938
1.337891
0.893555
0.454102
0.156250
-0.141602
-0.268555
-0.283203
-0.229492
-0.024414
0.249023
0.625000
1.103516
1.562500
2.065430
2.612305
3.105469
3.603516
4.086914
4.492188
4.785156
4.980469
5.092773
5.083008
4.956055
4.750977
4.458008
4.072266
3.549805
3.046875
2.534180
1.967773
1.494141
1.020508
0.585938
0.209961
-0.039062
-0.219727
-0.278320
-0.219727
-0.043945
0.166016
0.527344
0.957031
1.425781
1.958008
2.485352
3.002930
3.564453
3.974609
4.399414
4.702148
4.936523
5.102539
5.126953
5.029297
4.838867
4.570312
4.189453
3.764648
3.212891
2.651367
2.177734
1.650391
1.152344
0.708008
0.366211
0.039062
-0.156250
-0.229492
-0.219727
-0.078125
0.190430
0.493164
0.878906
1.367188
1.850586
2.338867
2.939453
3.457031
3.959961
4.355469
4.653320
4.902344
5.097656
5.151367
5.097656
4.912109
4.667969
4.306641
3.847656
3.359375
2.841797
2.290039
1.762695
1.254883
0.766602
0.400391
0.083008
-0.166016
-0.214844
-0.268555
-0.141602
0.102539
0.366211
0.717773
1.181641
1.728516
2.207031
2.788086
