1.752930
1.289062
0.795898
0.375977
0.097656
-0.136719
-0.268555
-0.268555
-0.131836
0.063477
0.336914
0.727539
1.176758
1.728516
2.207031
2.768555
3.251953
3.730469
4.194336
4.575195
4.877930
5.053711
5.068359
5.107422
4.931641
4.672852
4.370117
3.955078
3.466797
2.983398
2.412109
1.914062
1.342773
0.898438
0.468750
0.185547
-0.112305
-0.249023
-0.258789
-0.209961
-0.039062
0.249023
0.600586
1.049805
1.547852
2.041016
2.548828
3.090820
3.593750
4.042969
4.414062
4.780273
4.936523
5.053711
5.063477
4.960938
4.775391
4.453125
4.047852
3.618164
3.081055
2.583008
2.045898
1.503906
1.010742
0.605469
0.214844
-0.014648
-0.234375
-0.278320
-0.244141
-0.083008
0.180664
0.507812
0.883789
1.401367
1.923828
2.470703
2.988281
3.515625
4.003906
4.340820
4.702148
4.956055
5.053711
5.087891
5.063477
4.814453
4.541016
4.160156
3.725586
3.242188
2.734375
2.197266
1.596680
1.142578
0.703125
0.351562
-0.004883
-0.195312
-0.253906
-0.253906
-0.117188
0.107422
0.400391
0.864258
1.328125
1.796875
2.329102
2.871094
3.378906
3.872070
4.291992
4.624023
4.902344
5.058594
5.092773
5.043945
4.887695
4.589844
4.277344
3.876953
3.378906
2.817383
2.299805
1.762695
1.284180
0.810547
0.375977
0.073242
-0.102539
-0.244141
-0.244141
-0.166016
0.034180
0.351562
0.717773
1.162109
1.708984
2.207031
2.763672
3.295898
3.754883
4.213867
4.599609
4.868164
5.024414
5.107422
5.073242
4.941406
4.707031
4.394531
3.974609
3.471680
2.978516
2.407227
1.899414
1.342773
0.878906
0.473633
0.175781
-0.078125
-0.249023
-0.273438
-0.253906
-0.078125
0.214844
0.576172
1.010742
1.499023
2.031250
2.573242
3.149414
3.623047
4.082031
4.482422
4.770508
4.965820
5.107422
5.087891
4.995117
4.785156
4.448242
4.062500
3.598633
3.105469
2.563477
2.050781
1.503906
1.035156
0.600586
0.239258
-0.034180
-0.205078
-0.327148
-0.229492
-0.073242
0.175781
0.507812
0.913086
1.435547
1.914062
2.451172
2.988281
3.471680
4.003906
4.355469
4.721680
4.916992
5.053711
5.136719
5.024414
4.809570
4.570312
4.179688
3.774414
3.242188
2.724609
2.167969
1.635742
1.152344
0.698242
0.332031
0.058594
-0.175781
-0.219727
-0.244141
-0.107422
0.156250
0.468750
0.898438
1.313477
1.845703
2.358398
2.885742
3.452148
3.886719
4.316406
4.672852
4.951172
5.097656
5.126953
5.078125
4.882812
4.677734
4.282227
3.901367
3.374023
2.841797
2.299805
1.782227
1.298828
0.834961
0.400391
0.078125
-0.126953
-0.253906
-0.253906
-0.141602
0.068359
0.351562
0.712891
1.171875
1.669922
2.246094
2.763672
3.291016
3.789062
4.169922
4.550781
4.809570
5.063477
5.107422
5.078125
4.907227
4.721680
4.350586
3.964844
3.505859
2.939453
2.460938
1.875000
1.376953
0.893555
0.458984
0.166016
-0.107422
-0.214844
-0.297852
-0.195312
-0.039062
0.239258
0.595703
1.015625
1.508789
2.055664
2.578125
3.134766
3.618164
4.072266
4.438477
4.770508
4.975586
5.078125
5.078125
4.941406
4.750977
4.433594
4.072266
3.608398
3.105469
2.563477
2.026367
1.513672
1.010742
0.605469
0.234375
-0.043945
-0.200195
-0.268555
-0.229492
-0.053711
0.151367
0.517578
0.922852
1.381836
1.918945
2.480469
3.002930
3.505859
3.974609
4.384766
4.731445
4.916992
5.078125
5.097656
5.034180
4.843750
4.555664
4.150391
3.715820
3.212891
2.695312
2.138672
1.621094
1.108398
0.659180
0.332031
0.019531
-0.239258
-0.273438
-0.234375
-0.092773
0.122070
0.449219
0.795898
1.289062
1.855469
2.329102
2.915039
3.383789
3.862305
4.291992
4.614258
4.912109
5.078125
5.117188
5.053711
4.892578
4.643555
4.277344
3.818359
3.374023
2.841797
2.265625
1.772461
1.254883
0.810547
0.415039
0.083008
-0.161133
-0.224609
-0.239258
-0.166016
0.009766
0.307617
0.756836
1.147461
1.660156
2.236328
2.714844
3.271484
3.769531
4.208984
4.570312
4.858398
5.004883
5.117188
5.097656
4.946289
4.711914
4.409180
3.979492
3.481445
3.002930
2.416992
1.875000
1.352539
0.874023
0.454102
0.141602
-0.122070
-0.244141
-0.249023
-0.185547
-0.029297
0.205078
0.585938
1.059570
1.518555
2.060547
2.568359
3.134766
3.623047
4.077148
4.462891
4.755859
4.980469
5.107422
5.097656
4.965820
4.736328
4.443359
4.067383
3.598633
3.110352
2.578125
1.997070
1.508789
1.030273
0.590820
0.239258
-0.029297
-0.224609
-0.273438
-0.234375
-0.068359
0.166016
0.502930
0.942383
1.386719
1.914062
2.490234
2.973633
3.486328
4.003906
4.335938
4.687500
4.946289
5.068359
5.112305
5.014648
4.814453
4.536133
4.179688
3.725586
3.261719
2.705078
2.187500
1.684570
1.157227
0.712891
0.341797
0.063477
-0.117188
-0.214844
-0.219727
-0.117188
0.146484
0.410156
0.913086
1.352539
1.811523
2.348633
2.890625
3.427734
3.852539
4.316406
4.663086
4.902344
5.102539
5.136719
5.083008
4.926758
4.619141
4.311523
3.852539
3.427734
2.861328
2.309570
1.806641
1.264648
0.805664
0.395508
0.087891
-0.166016
-0.229492
-0.249023
-0.126953
0.048828
0.371094
0.717773
1.162109
1.704102
2.167969
2.749023
3.261719
3.754883
4.218750
4.560547
4.833984
5.048828
5.102539
5.063477
4.907227
4.707031
4.350586
3.964844
3.476562
2.968750
2.421875
1.870117
1.406250
0.903320
0.434570
0.146484
-0.097656
-0.224609
-0.288086
-0.209961
-0.019531
0.249023
0.610352
1.015625
1.464844
2.026367
2.548828
3.081055
3.598633
4.047852
4.438477
4.736328
4.990234
5.024414
5.083008
4.965820
4.785156
4.477539
4.101562
3.618164
3.139648
2.558594
2.011719
1.528320
1.015625
0.571289
0.239258
-0.039062
-0.209961
-0.268555
-0.244141
-0.097656
0.131836
0.517578
0.952148
1.406250
1.923828
2.412109
3.007812
3.530273
3.999023
4.409180
4.692383
4.931641
5.043945
5.102539
5.014648
4.848633
4.550781
4.145508
3.715820
3.261719
2.690430
2.138672
1.596680
1.118164
0.703125
0.327148
0.019531
-0.195312
-0.268555
-0.273438
-0.083008
0.131836
0.434570
0.844727
1.313477
1.816406
2.348633
2.885742
3.393555
3.867188
4.301758
4.648438
4.902344
5.039062
5.083008
5.048828
4.912109
4.628906
4.243164
3.833008
3.354492
2.846680
2.314453
1.743164
1.269531
0.800781
0.415039
0.068359
-0.126953
-0.273438
-0.288086
-0.170898
0.048828
0.317383
0.742188
1.171875
1.660156
2.216797
2.729492
3.276367
3.754883
4.179688
4.580078
4.848633
5.043945
5.136719
5.039062
4.995117
4.721680
4.404297
3.964844
3.491211
2.973633
2.421875
1.879883
1.352539
0.854492
0.449219
0.102539
-0.131836
-0.253906
-0.327148
-0.249023
-0.083008
0.224609
0.600586
1.035156
1.528320
2.001953
2.558594
3.095703
3.627930
4.101562
4.462891
4.770508
4.970703
5.083008
5.068359
4.990234
4.755859
4.453125
4.057617
3.598633
3.134766
2.553711
2.041016
1.513672
1.000977
0.595703
0.263672
-0.048828
-0.175781
-0.273438
-0.249023
-0.068359
0.185547
0.522461
0.932617
1.401367
1.938477
2.485352
3.017578
3.491211
3.959961
4.375000
4.702148
4.941406
5.073242
5.126953
5.014648
4.848633
4.575195
4.199219
3.769531
3.237305
2.739258
2.187500
1.699219
1.186523
0.732422
0.375977
0.068359
-0.146484
-0.278320
-0.239258
-0.107422
0.126953
0.493164
0.874023
1.293945
1.806641
2.373047
2.895508
3.452148
3.916016
4.311523
4.638672
4.907227
5.087891
5.141602
5.122070
4.921875
4.643555
4.291992
3.852539
3.422852
2.856445
2.338867
1.782227
1.313477
0.786133
0.395508
0.112305
-0.136719
-0.234375
-0.253906
-0.195312
0.063477
0.346680
0.727539
1.215820
1.669922
2.216797
2.705078
3.251953
3.774414
4.189453
4.531250
4.833984
5.019531
5.092773
5.053711
4.912109
4.697266
4.340820
3.950195
3.466797
2.963867
2.407227
1.909180
1.357422
0.888672
0.458984
0.136719
-0.053711
-0.214844
-0.273438
-0.234375
-0.043945
0.239258
0.585938
1.020508
1.464844
2.026367
2.563477
3.095703
3.588867
4.052734
4.448242
4.731445
4.931641
5.097656
5.058594
4.995117
4.765625
4.433594
4.091797
3.608398
3.095703
2.592773
2.016602
1.484375
1.020508
0.600586
0.253906
-0.034180
-0.214844
-0.278320
-0.249023
-0.073242
0.180664
0.483398
0.903320
1.425781
1.943359
2.436523
2.983398
3.496094
3.974609
4.399414
4.711914
4.916992
5.063477
5.107422
5.009766
4.794922
4.545898
4.160156
3.706055
3.232422
2.719727
2.187500
1.660156
1.123047
0.649414
0.327148
0.043945
-0.151367
-0.249023
-0.263672
-0.112305
0.112305
0.458984
0.893555
1.333008
1.826172
2.343750
2.890625
3.413086
3.886719
4.277344
4.628906
4.882812
5.043945
5.083008
5.039062
4.887695
4.628906
4.262695
3.842773
3.364258
2.856445
2.299805
1.762695
1.240234
0.786133
0.371094
0.063477
-0.126953
-0.278320
-0.263672
-0.156250
0.048828
0.332031
0.698242
1.152344
1.669922
2.202148
2.753906
3.291016
3.764648
4.208984
4.531250
4.863281
5.058594
5.126953
5.058594
4.956055
4.677734
4.399414
3.989258
3.540039
2.968750
2.412109
1.909180
1.362305
0.893555
0.454102
0.156250
-0.073242
-0.268555
-0.307617
-0.258789
-0.073242
0.239258
0.590820
1.030273
1.503906
2.021484
2.548828
3.085938
3.603516
4.057617
4.462891
4.770508
4.990234
5.078125
5.063477
4.980469
4.750977
4.453125
4.042969
3.598633
3.090820
2.587891
2.016602
1.494141
1.035156
0.610352
0.234375
-0.014648
-0.205078
-0.278320
-0.244141
-0.063477
0.175781
0.527344
0.932617
1.420898
1.928711
2.456055
3.017578
3.530273
3.964844
4.428711
4.726562
4.936523
5.043945
5.102539
5.009766
4.887695
4.575195
4.199219
3.750000
3.247070
2.724609
2.211914
1.635742
1.132812
0.712891
0.366211
0.078125
-0.126953
-0.244141
-0.263672
-0.102539
0.136719
0.429688
0.869141
1.313477
1.826172
2.392578
2.866211
3.432617
3.891602
4.301758
4.643555
4.941406
5.083008
5.185547
5.126953
4.926758
4.697266
4.306641
3.896484
3.408203
2.866211
2.319336
1.772461
1.284180
0.800781
0.395508
0.068359
-0.151367
-0.292969
-0.253906
-0.131836
0.053711
0.341797
0.751953
1.142578
1.689453
2.187500
2.763672
3.276367
3.735352
4.150391
4.599609
4.858398
5.039062
5.097656
5.078125
4.921875
4.746094
4.355469
3.979492
3.461914
2.963867
2.436523
1.904297
1.386719
0.859375
0.449219
0.185547
-0.126953
-0.234375
-0.297852
-0.151367
-0.039062
0.229492
0.600586
1.054688
1.489258
2.031250
2.563477
3.105469
3.603516
4.047852
4.433594
4.721680
4.916992
5.048828
5.078125
4.946289
4.750977
4.433594
4.057617
3.593750
3.100586
2.573242
2.021484
1.523438
1.010742
0.585938
0.244141
-0.083008
-0.234375
-0.273438
-0.195312
-0.087891
0.141602
0.498047
0.913086
1.386719
1.938477
2.465820
2.963867
3.466797
3.974609
4.365234
4.716797
4.926758
5.043945
5.083008
5.039062
4.804688
4.565430
4.199219
3.725586
3.247070
2.695312
2.153320
1.635742
1.118164
0.732422
0.336914
-0.009766
-0.200195
-0.253906
-0.268555
-0.083008
0.136719
0.478516
0.854492
1.342773
1.806641
2.338867
2.871094
3.378906
3.881836
4.321289
4.658203
4.882812
5.034180
5.107422
5.048828
4.877930
4.628906
4.257812
3.833008
3.374023
2.817383
2.290039
1.777344
1.245117
0.781250
0.375977
0.078125
-0.126953
-0.283203
-0.249023
-0.170898
0.039062
0.341797
0.766602
1.166992
1.645508
2.226562
2.783203
3.276367
3.784180
4.189453
4.541016
4.819336
5.043945
5.126953
5.078125
4.960938
4.697266
4.384766
3.950195
3.486328
2.993164
2.416992
1.855469
1.337891
0.878906
0.454102
0.170898
-0.102539
-0.253906
-0.336914
-0.278320
-0.063477
0.234375
0.605469
1.000977
1.528320
2.026367
2.587891
3.134766
3.623047
4.062500
4.458008
4.755859
4.980469
5.053711
5.073242
4.956055
4.746094
4.472656
4.082031
3.608398
3.115234
2.587891
2.031250
1.494141
1.010742
0.610352
0.205078
-0.039062
-0.200195
-0.273438
-0.219727
-0.092773
0.195312
0.527344
0.922852
1.425781
1.953125
2.446289
2.978516
3.496094
3.974609
4.394531
4.702148
4.907227
5.053711
5.107422
5.024414
4.848633
4.526367
4.179688
3.725586
3.251953
2.744141
2.158203
1.630859
1.132812
0.742188
0.366211
0.063477
-0.131836
-0.205078
-0.170898
-0.068359
0.170898
0.463867
0.844727
1.347656
1.816406
2.412109
2.905273
3.457031
3.955078
4.340820
4.702148
4.931641
5.083008
5.166016
5.092773
4.907227
4.663086
4.311523
3.881836
3.408203
2.910156
2.329102
1.777344
1.274414
0.805664
0.400391
0.073242
-0.117188
-0.244141
-0.209961
-0.146484
0.039062
0.341797
0.742188
1.176758
1.655273
2.216797
2.739258
3.291016
3.789062
4.243164
4.550781
4.838867
5.048828
5.126953
5.097656
4.921875
4.707031
4.365234
3.999023
3.471680
2.973633
2.465820
1.918945
1.362305
0.922852
0.502930
0.161133
-0.097656
-0.244141
-0.268555
-0.229492
-0.029297
0.263672
0.610352
1.000977
1.499023
2.055664
2.607422
3.081055
3.632812
4.082031
4.482422
4.741211
4.951172
5.063477
5.063477
4.970703
4.785156
4.477539
4.052734
3.632812
3.110352
2.597656
2.036133
1.508789
1.000977
0.590820
0.234375
-0.039062
-0.219727
-0.288086
-0.249023
-0.073242
0.185547
0.502930
0.913086
1.406250
1.914062
2.441406
3.012695
3.540039
4.003906
4.399414
4.702148
4.956055
5.063477
5.078125
5.053711
4.848633
4.550781
4.150391
3.710938
3.237305
2.739258
2.197266
1.645508
1.113281
0.688477
0.297852
0.048828
-0.141602
-0.273438
-0.253906
-0.092773
0.185547
0.454102
0.839844
1.303711
1.801758
2.363281
2.871094
3.432617
3.852539
4.321289
4.624023
4.882812
5.073242
5.092773
5.063477
4.882812
4.614258
4.291992
3.876953
3.364258
2.797852
2.314453
1.772461
1.259766
0.781250
0.400391
0.092773
-0.136719
-0.234375
-0.263672
-0.161133
0.034180
0.336914
0.722656
1.186523
1.665039
2.211914
2.744141
3.310547
3.754883
4.204102
4.580078
4.838867
5.063477
5.107422
5.063477
4.941406
4.707031
4.399414
3.979492
3.491211
2.978516
2.441406
1.918945
1.367188
0.888672
0.439453
0.131836
-0.087891
-0.229492
-0.297852
-0.229492
-0.043945
0.234375
0.581055
1.035156
1.503906
2.016602
2.563477
3.120117
3.613281
4.077148
4.453125
4.755859
4.975586
5.078125
5.117188
4.956055
4.780273
4.448242
4.052734
3.579102
3.100586
2.568359
2.021484
1.503906
1.000977
0.581055
0.249023
-0.014648
-0.200195
-0.258789
-0.229492
-0.039062
0.161133
0.532227
0.932617
1.396484
1.943359
2.480469
3.012695
3.510742
4.003906
4.384766
4.702148
4.941406
5.073242
5.097656
5.053711
4.838867
4.594727
4.174805
3.750000
3.271484
2.739258
2.202148
1.625977
1.137695
0.712891
0.366211
0.034180
-0.146484
-0.205078
-0.195312
-0.063477
0.151367
0.415039
0.839844
1.308594
1.845703
2.412109
2.900391
3.413086
3.901367
4.340820
4.702148
4.931641
5.112305
5.146484
5.063477
4.931641
4.624023
4.277344
3.857422
3.408203
2.851562
2.338867
1.762695
1.274414
0.786133
0.385742
0.053711
-0.146484
-0.234375
-0.283203
-0.180664
0.078125
0.395508
0.737305
1.176758
1.689453
2.221680
2.763672
3.276367
3.789062
4.208984
4.536133
4.863281
5.053711
5.102539
5.058594
4.931641
4.746094
4.379883
3.950195
3.471680
2.993164
2.446289
1.879883
1.381836
0.913086
0.483398
0.166016
-0.107422
-0.209961
-0.302734
-0.219727
-0.034180
0.253906
0.576172
1.054688
1.508789
2.041016
2.568359
3.134766
3.603516
4.062500
4.453125
4.746094
4.936523
5.073242
5.068359
4.956055
4.785156
4.467773
4.062500
3.637695
3.100586
2.578125
2.026367
1.508789
1.049805
0.551758
0.214844
-0.019531
-0.156250
-0.258789
-0.253906
-0.073242
0.156250
0.498047
0.952148
1.435547
1.928711
2.465820
2.983398
3.491211
3.955078
4.379883
4.736328
4.941406
5.073242
5.126953
5.019531
4.833984
4.541016
4.150391
3.740234
3.232422
2.719727
2.163086
1.621094
1.123047
0.668945
0.332031
0.000000
-0.205078
-0.263672
-0.283203
-0.102539
0.107422
0.454102
0.878906
1.293945
1.850586
2.324219
2.905273
3.408203
3.881836
4.301758
4.638672
4.892578
5.053711
5.122070
5.083008
4.916992
4.614258
4.252930
3.862305
3.364258
2.851562
2.285156
1.772461
1.289062
0.791016
0.390625
0.078125
-0.146484
-0.219727
-0.244141
-0.175781
0.034180
0.366211
0.703125
1.186523
1.679688
2.172852
2.744141
3.310547
3.764648
4.199219
4.545898
4.882812
5.019531
5.092773
5.058594
4.926758
4.711914
4.389648
4.008789
3.515625
2.983398
2.441406
1.889648
1.372070
0.878906
0.463867
0.131836
-0.083008
-0.219727
-0.288086
-0.239258
-0.063477
0.249023
0.610352
1.025391
1.518555
2.041016
2.573242
3.105469
3.627930
4.067383
4.472656
4.750977
4.960938
5.083008
5.068359
4.946289
4.770508
4.448242
4.077148
3.613281
3.134766
2.573242
2.045898
1.528320
1.015625
0.581055
0.244141
-0.019531
-0.205078
-0.268555
-0.209961
-0.048828
0.161133
0.537109
0.942383
1.425781
1.933594
2.470703
2.993164
3.500977
3.959961
4.375000
4.687500
4.941406
5.092773
5.087891
4.995117
4.824219
4.565430
4.179688
3.759766
3.251953
2.744141
2.172852
1.665039
1.166992
0.766602
0.385742
0.102539
-0.117188
-0.249023
-0.224609
-0.102539
0.092773
0.429688
0.883789
1.337891
1.831055
2.358398
2.890625
3.442383
3.955078
4.326172
4.687500
4.960938
5.068359
5.102539
5.126953
4.936523
4.697266
4.306641
3.881836
3.378906
2.885742
2.314453
1.796875
1.289062
0.805664
0.380859
0.097656
-0.146484
-0.229492
-0.263672
-0.151367
0.087891
0.346680
0.722656
1.191406
1.689453
2.172852
2.763672
3.305664
3.779297
4.223633
4.560547
4.824219
5.053711
5.107422
5.126953
4.936523
4.702148
4.360352
3.955078
3.515625
2.958984
2.436523
1.914062
1.396484
0.922852
0.468750
0.117188
-0.122070
-0.244141
-0.268555
-0.214844
-0.039062
0.224609
0.610352
1.044922
1.499023
2.060547
2.597656
3.120117
3.608398
4.062500
4.458008
4.760742
4.946289
5.068359
5.068359
4.980469
4.785156
4.472656
4.067383
3.632812
3.105469
2.592773
2.045898
1.518555
1.030273
0.581055
0.229492
-0.019531
-0.180664
-0.283203
-0.219727
-0.097656
0.195312
0.527344
0.952148
1.445312
1.904297
2.441406
3.007812
3.500977
3.999023
4.384766
4.697266
4.921875
5.039062
5.126953
5.034180
4.858398
4.555664
4.179688
3.754883
3.242188
2.685547
2.163086
1.660156
1.142578
0.683594
0.332031
0.019531
-0.156250
-0.283203
-0.268555
-0.092773
0.097656
0.424805
0.878906
1.337891
1.796875
2.324219
2.885742
3.417969
3.872070
4.296875
4.682617
4.897461
5.083008
5.136719
5.063477
4.877930
4.643555
4.296875
3.847656
3.359375
2.846680
2.299805
1.772461
1.254883
0.786133
0.375977
0.092773
-0.146484
-0.244141
-0.273438
-0.161133
0.053711
0.346680
0.717773
1.171875
1.650391
2.207031
2.758789
3.276367
3.769531
4.199219
4.584961
4.833984
5.068359
5.112305
5.087891
4.956055
4.697266
4.394531
4.018555
3.520508
3.002930
2.426758
1.909180
1.367188
0.874023
0.424805
0.141602
-0.083008
-0.253906
-0.302734
-0.239258
-0.048828
0.209961
0.605469
1.040039
1.489258
2.041016
2.534180
3.090820
3.598633
4.082031
4.477539
4.750977
4.956055
5.068359
5.078125
4.980469
4.780273
4.467773
4.062500
3.623047
3.110352
2.578125
2.021484
1.503906
1.010742
0.581055
0.258789
-0.019531
-0.205078
-0.253906
-0.234375
-0.048828
0.180664
0.517578
0.922852
1.376953
1.972656
2.456055
2.998047
3.525391
3.979492
4.365234
4.682617
4.931641
5.073242
5.107422
5.073242
4.804688
4.560547
4.208984
3.745117
3.251953
2.714844
2.192383
1.650391
1.157227
0.708008
0.312500
0.039062
-0.175781
-0.258789
-0.209961
-0.107422
0.170898
0.493164
0.859375
1.352539
1.845703
2.358398
2.924805
3.422852
3.930664
4.296875
4.667969
4.936523
5.097656
5.141602
5.087891
4.941406
4.643555
4.296875
3.896484
3.408203
2.880859
2.343750
1.767578
1.289062
0.830078
0.395508
0.078125
-0.141602
-0.229492
-0.273438
-0.141602
0.073242
0.380859
0.761719
1.215820
1.674805
2.226562
2.778320
3.286133
3.754883
4.213867
4.541016
4.873047
5.014648
5.122070
5.087891
4.970703
4.667969
4.389648
3.959961
3.515625
2.973633
2.446289
1.879883
1.337891
0.903320
0.458984
0.136719
-0.078125
-0.244141
-0.253906
-0.195312
-0.019531
0.253906
0.581055
1.069336
1.533203
2.065430
2.607422
3.129883
