2.026367
1.503906
1.074219
0.610352
0.288086
-0.014648
-0.185547
-0.258789
-0.229492
-0.068359
0.185547
0.527344
0.947266
1.411133
1.953125
2.421875
3.041992
3.525391
3.994141
4.370117
4.707031
4.941406
5.083008
5.097656
5.034180
4.819336
4.541016
4.169922
3.701172
3.217773
2.709961
2.172852
1.621094
1.118164
0.673828
0.336914
0.029297
-0.136719
-0.253906
-0.253906
-0.097656
0.122070
0.454102
0.839844
1.289062
1.791992
2.353516
2.890625
3.417969
3.886719
4.301758
4.687500
4.931641
5.053711
5.078125
5.053711
4.858398
4.599609
4.252930
3.828125
3.349609
2.827148
2.285156
1.728516
1.215820
0.732422
0.395508
0.073242
-0.141602
-0.283203
-0.302734
-0.161133
0.004883
0.356445
0.654297
1.132812
1.650391
2.158203
2.739258
3.266602
3.754883
4.208984
4.565430
4.843750
5.024414
5.136719
5.097656
4.921875
4.702148
4.384766
3.940430
3.510742
2.983398
2.436523
1.909180
1.367188
0.913086
0.498047
0.166016
-0.102539
-0.239258
-0.263672
-0.185547
-0.053711
0.229492
0.600586
1.044922
1.557617
2.065430
2.543945
3.149414
3.627930
4.062500
4.477539
4.770508
5.000000
5.131836
5.146484
5.058594
4.804688
4.482422
4.086914
3.632812
3.129883
2.573242
2.001953
1.508789
1.025391
0.634766
0.249023
0.019531
-0.205078
-0.200195
-0.224609
-0.024414
0.219727
0.527344
0.971680
1.479492
1.962891
2.504883
3.027344
3.574219
3.984375
4.448242
4.721680
5.019531
5.112305
5.122070
5.034180
4.838867
4.531250
4.184570
3.745117
3.237305
2.739258
2.177734
1.645508
1.142578
0.712891
0.346680
0.029297
-0.175781
-0.268555
-0.234375
-0.102539
0.141602
0.419922
0.825195
1.274414
1.772461
2.333984
2.856445
3.374023
3.867188
4.316406
4.648438
4.907227
5.039062
5.078125
5.043945
4.882812
4.643555
4.277344
3.862305
3.393555
2.851562
2.329102
1.728516
1.269531
0.781250
0.405273
0.063477
-0.170898
-0.273438
-0.302734
-0.190430
0.014648
0.332031
0.693359
1.132812
1.650391
2.182617
2.700195
3.281250
3.754883
4.213867
4.545898
4.873047
5.039062
5.083008
5.083008
4.970703
4.726562
4.394531
3.989258
3.491211
2.998047
2.456055
1.879883
1.362305
0.917969
0.517578
0.151367
-0.083008
-0.263672
-0.268555
-0.156250
-0.029297
0.239258
0.571289
1.044922
1.572266
2.065430
2.553711
3.071289
3.642578
4.101562
4.506836
4.760742
4.970703
5.078125
5.053711
5.039062
4.750977
4.433594
4.047852
3.623047
3.178711
2.583008
2.031250
1.489258
1.020508
0.620117
0.278320
-0.019531
-0.195312
-0.297852
-0.214844
-0.024414
0.195312
0.541992
0.917969
1.406250
1.943359
2.500000
2.978516
3.530273
3.984375
4.379883
4.726562
4.951172
5.092773
5.087891
4.995117
4.804688
4.541016
4.184570
3.735352
3.256836
2.656250
2.148438
1.674805
1.113281
0.678711
0.312500
0.039062
-0.185547
-0.239258
-0.224609
-0.126953
0.136719
0.468750
0.834961
1.298828
1.796875
2.373047
2.885742
3.408203
3.886719
4.296875
4.667969
4.951172
5.034180
5.063477
5.048828
4.931641
4.628906
4.248047
3.842773
3.349609
2.851562
2.270508
1.718750
1.235352
0.756836
0.390625
0.068359
-0.156250
-0.273438
-0.278320
-0.161133
0.053711
0.332031
0.712891
1.108398
1.640625
2.167969
2.734375
3.276367
3.769531
4.174805
4.555664
4.843750
4.995117
5.122070
5.073242
4.960938
4.687500
4.375000
3.959961
3.481445
2.993164
2.456055
1.884766
1.406250
0.893555
0.488281
0.136719
-0.063477
-0.249023
-0.234375
-0.190430
-0.024414
0.234375
0.600586
1.025391
1.518555
2.050781
2.592773
3.085938
3.657227
4.121094
4.492188
4.785156
5.014648
5.048828
5.122070
4.990234
4.790039
4.477539
4.101562
3.696289
3.164062
2.612305
2.036133
1.528320
1.040039
0.590820
0.263672
-0.019531
-0.161133
-0.297852
-0.180664
-0.029297
0.205078
0.561523
0.971680
1.435547
1.992188
2.465820
3.041992
3.520508
4.028320
4.433594
4.716797
4.980469
5.107422
5.141602
5.048828
4.868164
4.545898
4.169922
3.710938
3.222656
2.724609
2.133789
1.640625
1.132812
0.708008
0.356445
0.058594
-0.170898
-0.239258
-0.234375
-0.112305
0.117188
0.415039
0.825195
1.342773
1.811523
2.329102
2.910156
3.393555
3.867188
4.252930
4.663086
4.946289
5.048828
5.092773
5.039062
4.907227
4.609375
4.277344
3.823242
3.344727
2.832031
2.309570
1.743164
1.220703
0.747070
0.371094
0.063477
-0.117188
-0.253906
-0.297852
-0.180664
0.024414
0.302734
0.693359
1.142578
1.621094
2.158203
2.685547
3.251953
3.735352
4.199219
4.584961
4.843750
5.024414
5.136719
5.048828
4.936523
4.697266
4.389648
3.935547
3.491211
2.983398
2.436523
1.894531
1.406250
0.883789
0.478516
0.151367
-0.058594
-0.200195
-0.249023
-0.200195
-0.043945
0.209961
0.620117
1.069336
1.518555
2.016602
2.602539
3.139648
3.603516
4.062500
4.501953
4.765625
5.009766
5.083008
5.097656
4.990234
4.785156
4.414062
4.077148
3.637695
3.081055
2.568359
2.055664
1.503906
1.030273
0.639648
0.214844
-0.039062
-0.229492
-0.283203
-0.234375
-0.043945
0.170898
0.512695
0.947266
1.386719
1.928711
2.441406
2.973633
3.540039
3.979492
4.409180
4.707031
4.931641
5.063477
5.107422
5.014648
4.824219
4.541016
4.204102
3.754883
3.247070
2.724609
2.187500
1.621094
1.137695
0.668945
0.336914
0.063477
-0.209961
-0.263672
-0.219727
-0.092773
0.097656
0.454102
0.864258
1.289062
1.767578
2.363281
2.875977
3.369141
3.857422
4.282227
4.653320
4.916992
5.083008
5.083008
5.019531
4.882812
4.580078
4.238281
3.852539
3.369141
2.856445
2.270508
1.777344
1.230469
0.795898
0.415039
0.039062
-0.136719
-0.258789
-0.283203
-0.185547
0.039062
0.317383
0.737305
1.176758
1.665039
2.192383
2.739258
3.256836
3.745117
4.189453
4.545898
4.829102
5.014648
5.102539
5.058594
4.931641
4.702148
4.365234
3.964844
3.525391
2.963867
2.451172
1.899414
1.381836
0.898438
0.498047
0.166016
-0.087891
-0.214844
-0.273438
-0.195312
-0.019531
0.224609
0.620117
1.069336
1.528320
2.026367
2.583008
3.129883
3.642578
4.091797
4.477539
4.794922
4.990234
5.102539
5.161133
5.024414
4.804688
4.458008
4.096680
3.671875
3.149414
2.607422
2.070312
1.542969
1.079102
0.639648
0.278320
-0.039062
-0.180664
-0.195312
-0.205078
-0.034180
0.185547
0.561523
0.937500
1.440430
1.987305
2.465820
3.056641
3.559570
3.979492
4.404297
4.711914
4.985352
5.097656
5.117188
4.985352
4.833984
4.565430
4.179688
3.710938
3.227539
2.680664
2.177734
1.665039
1.186523
0.683594
0.327148
0.014648
-0.166016
-0.249023
-0.205078
-0.122070
0.131836
0.458984
0.849609
1.274414
1.782227
2.387695
2.885742
3.383789
3.872070
4.291992
4.702148
4.951172
5.043945
5.102539
5.102539
4.887695
4.643555
4.257812
3.847656
3.339844
2.851562
2.294922
1.748047
1.254883
0.810547
0.400391
0.107422
-0.170898
-0.283203
-0.297852
-0.190430
0.019531
0.336914
0.678711
1.142578
1.611328
2.158203
2.685547
3.266602
3.774414
4.204102
4.550781
4.873047
5.029297
5.122070
5.112305
4.951172
4.702148
4.375000
3.974609
3.476562
2.978516
2.436523
1.889648
1.367188
0.893555
0.483398
0.126953
-0.112305
-0.239258
-0.292969
-0.219727
-0.043945
0.244141
0.615234
1.074219
1.542969
2.036133
2.587891
3.110352
3.637695
4.091797
4.516602
4.799805
4.951172
5.083008
5.097656
4.965820
4.750977
4.453125
4.101562
3.627930
3.076172
2.592773
2.050781
1.518555
1.035156
0.620117
0.283203
-0.029297
-0.190430
-0.278320
-0.219727
-0.048828
0.195312
0.532227
0.913086
1.411133
1.938477
2.470703
3.017578
3.500977
3.979492
4.384766
4.687500
4.965820
5.117188
5.107422
5.004883
4.833984
4.516602
4.179688
3.735352
3.203125
2.729492
2.148438
1.621094
1.186523
0.698242
0.327148
-0.004883
-0.180664
-0.263672
-0.224609
-0.092773
0.102539
0.444336
0.834961
1.308594
1.787109
2.373047
2.900391
3.388672
3.876953
4.331055
4.672852
4.902344
5.063477
5.087891
5.043945
4.873047
4.599609
4.243164
3.833008
3.393555
2.851562
2.280273
1.728516
1.245117
0.791016
0.439453
0.063477
-0.141602
-0.268555
-0.278320
-0.170898
0.048828
0.312500
0.712891
1.127930
1.650391
2.202148
2.749023
3.266602
3.754883
4.189453
4.589844
4.819336
5.000000
5.122070
5.107422
4.907227
4.677734
4.340820
3.925781
3.491211
2.983398
2.441406
1.850586
1.381836
0.898438
0.541992
0.141602
-0.068359
-0.214844
-0.278320
-0.190430
-0.019531
0.244141
0.620117
1.000977
1.528320
2.031250
2.568359
3.115234
3.652344
4.082031
4.487305
4.804688
4.980469
5.107422
5.087891
4.985352
4.804688
4.511719
4.091797
3.642578
3.115234
2.612305
2.075195
1.508789
1.049805
0.605469
0.278320
0.004883
-0.146484
-0.200195
-0.156250
-0.043945
0.219727
0.556641
0.971680
1.464844
2.001953
2.495117
3.071289
3.549805
4.008789
4.384766
4.760742
4.990234
5.126953
5.156250
5.024414
4.868164
4.565430
4.179688
3.706055
3.256836
2.666016
2.192383
1.625977
1.142578
0.737305
0.356445
0.087891
-0.151367
-0.234375
-0.219727
-0.126953
0.156250
0.458984
0.834961
1.303711
1.796875
2.338867
2.895508
3.359375
3.896484
4.311523
4.633789
4.868164
5.039062
5.136719
5.048828
4.863281
4.599609
4.248047
3.842773
3.369141
2.856445
2.290039
1.772461
1.250000
0.786133
0.366211
0.078125
-0.161133
-0.253906
-0.292969
-0.180664
0.024414
0.312500
0.722656
1.127930
1.669922
2.172852
2.695312
3.232422
3.720703
4.184570
4.584961
4.838867
5.058594
5.092773
5.063477
4.921875
4.682617
4.389648
3.935547
3.505859
2.958984
2.407227
1.889648
1.401367
0.927734
0.478516
0.146484
-0.083008
-0.200195
-0.249023
-0.219727
-0.039062
0.219727
0.576172
1.049805
1.547852
2.006836
2.583008
3.120117
3.652344
4.077148
4.472656
4.716797
4.960938
5.097656
5.097656
4.970703
4.760742
4.467773
4.091797
3.623047
3.066406
2.563477
2.021484
1.533203
1.015625
0.605469
0.249023
0.000000
-0.175781
-0.263672
-0.195312
-0.092773
0.190430
0.532227
0.908203
1.381836
1.958008
2.446289
2.998047
3.515625
3.969727
4.375000
4.746094
4.946289
5.102539
5.097656
5.019531
4.843750
4.560547
4.165039
3.750000
3.242188
2.709961
2.153320
1.621094
1.152344
0.693359
0.302734
0.029297
-0.175781
-0.258789
-0.214844
-0.141602
0.131836
0.429688
0.830078
1.303711
1.821289
2.338867
2.890625
3.403320
3.901367
4.311523
4.677734
4.916992
5.068359
5.131836
5.053711
4.877930
4.624023
4.233398
3.823242
3.349609
2.871094
2.343750
1.757812
1.245117
0.742188
0.361328
0.087891
-0.166016
-0.278320
-0.283203
-0.180664
0.034180
0.332031
0.693359
1.162109
1.655273
2.172852
2.690430
3.251953
3.735352
4.184570
4.550781
4.824219
5.019531
5.122070
5.058594
4.921875
4.731445
4.360352
3.974609
3.491211
3.007812
2.441406
1.904297
1.396484
0.903320
0.483398
0.156250
-0.053711
-0.234375
-0.273438
-0.195312
0.000000
0.234375
0.620117
1.015625
1.518555
2.050781
2.592773
3.090820
3.652344
4.096680
4.497070
4.765625
4.985352
5.126953
5.112305
5.004883
4.775391
4.472656
4.062500
3.691406
3.154297
2.602539
2.031250
1.577148
1.054688
0.664062
0.278320
-0.029297
-0.146484
-0.278320
-0.224609
0.004883
0.239258
0.590820
0.991211
1.416016
1.958008
2.465820
3.085938
3.549805
4.042969
4.438477
4.755859
5.000000
5.146484
5.136719
5.058594
4.877930
4.599609
4.179688
3.730469
3.232422
2.695312
2.163086
1.665039
1.137695
0.712891
0.327148
0.053711
-0.161133
-0.263672
-0.234375
-0.087891
0.102539
0.458984
0.815430
1.293945
1.811523
2.338867
2.866211
3.393555
3.891602
4.287109
4.658203
4.916992
5.009766
5.122070
5.078125
4.887695
4.594727
4.277344
3.828125
3.359375
2.832031
2.275391
1.772461
1.240234
0.756836
0.405273
0.087891
-0.146484
-0.244141
-0.302734
-0.195312
0.019531
0.351562
0.712891
1.152344
1.665039
2.148438
2.685547
3.227539
3.725586
4.179688
4.560547
4.863281
5.029297
5.102539
5.053711
4.960938
4.702148
4.350586
3.964844
3.515625
2.949219
2.465820
1.875000
1.367188
0.903320
0.488281
0.156250
-0.092773
-0.224609
-0.288086
-0.180664
-0.024414
0.234375
0.629883
1.040039
1.542969
2.089844
2.563477
3.115234
3.642578
4.096680
4.492188
4.790039
4.985352
5.053711
5.058594
4.956055
4.746094
4.453125
4.042969
3.613281
3.085938
2.583008
1.987305
1.528320
1.010742
0.634766
0.278320
-0.009766
-0.214844
-0.258789
-0.205078
-0.087891
0.200195
0.517578
0.937500
1.430664
1.914062
2.470703
2.998047
3.525391
3.969727
4.399414
4.682617
4.960938
5.053711
5.097656
5.014648
4.785156
4.545898
4.179688
3.745117
3.261719
2.714844
2.177734
1.650391
1.147461
0.683594
0.307617
0.019531
-0.175781
-0.273438
-0.253906
-0.122070
0.117188
0.439453
0.839844
1.293945
1.806641
2.338867
2.866211
3.422852
3.896484
4.291992
4.658203
4.921875
5.073242
5.102539
5.043945
4.868164
4.624023
4.267578
3.828125
3.334961
2.797852
2.290039
1.743164
1.210938
0.747070
0.366211
0.048828
-0.180664
-0.268555
-0.307617
-0.175781
0.014648
0.312500
0.698242
1.142578
1.645508
2.187500
2.719727
3.247070
3.735352
4.174805
4.589844
4.848633
5.009766
5.102539
5.087891
4.956055
4.707031
4.379883
3.940430
3.496094
2.968750
2.470703
1.909180
1.440430
0.917969
0.541992
0.170898
-0.092773
-0.258789
-0.263672
-0.190430
-0.034180
0.249023
0.644531
1.030273
1.572266
2.026367
2.587891
3.154297
3.657227
4.062500
4.506836
4.755859
5.009766
5.083008
5.131836
5.043945
4.799805
4.521484
4.091797
3.618164
3.115234
2.641602
2.070312
1.557617
1.079102
0.576172
0.263672
-0.034180
-0.166016
-0.234375
-0.205078
-0.053711
0.224609
0.576172
0.996094
1.445312
1.977539
2.470703
3.046875
3.554688
4.038086
4.404297
4.770508
4.960938
5.083008
5.107422
5.029297
4.877930
4.580078
4.199219
3.740234
3.203125
2.719727
2.192383
1.665039
1.142578
0.727539
0.312500
0.024414
-0.180664
-0.239258
-0.214844
-0.083008
0.126953
0.434570
0.869141
1.298828
1.796875
2.299805
2.871094
3.393555
3.857422
4.262695
4.658203
4.931641
5.048828
5.102539
5.039062
4.902344
4.599609
4.262695
3.847656
3.344727
2.822266
2.290039
1.782227
1.245117
0.791016
0.390625
0.073242
-0.170898
-0.268555
-0.263672
-0.180664
0.029297
0.297852
0.698242
1.127930
1.650391
2.158203
2.705078
3.212891
3.730469
4.189453
4.584961
4.819336
5.063477
5.087891
5.058594
4.946289
4.716797
4.365234
3.964844
3.496094
2.973633
2.431641
1.914062
1.391602
0.893555
0.493164
0.131836
-0.107422
-0.209961
-0.297852
-0.180664
-0.019531
0.234375
0.610352
1.049805
1.528320
2.045898
2.607422
3.144531
3.613281
4.062500
4.472656
4.755859
4.970703
5.126953
5.097656
4.965820
4.794922
4.482422
4.042969
3.583984
3.100586
2.534180
2.050781
1.518555
1.044922
0.595703
0.263672
-0.043945
-0.200195
-0.268555
-0.170898
-0.058594
0.209961
0.537109
0.937500
1.416016
1.909180
2.451172
2.993164
3.486328
4.013672
4.384766
4.692383
4.951172
5.063477
5.112305
5.000000
4.838867
4.541016
4.184570
3.745117
3.251953
2.700195
2.187500
1.630859
1.152344
0.678711
0.307617
0.034180
-0.185547
-0.249023
-0.229492
-0.092773
0.107422
0.449219
0.864258
1.303711
1.782227
2.377930
2.866211
3.427734
3.916016
4.316406
4.677734
4.965820
5.068359
5.097656
5.029297
4.868164
4.638672
4.238281
3.813477
3.325195
2.797852
2.319336
1.728516
1.269531
0.776367
0.356445
0.068359
-0.170898
-0.263672
-0.302734
-0.151367
-0.004883
0.312500
0.688477
1.157227
1.650391
2.187500
2.724609
3.261719
3.769531
4.174805
4.570312
4.853516
5.029297
5.102539
5.058594
4.941406
4.682617
4.399414
3.955078
3.486328
2.973633
2.465820
1.904297
1.376953
0.913086
0.488281
0.151367
-0.107422
-0.229492
-0.253906
-0.175781
-0.019531
0.273438
0.605469
1.054688
1.508789
2.084961
2.607422
3.139648
3.623047
4.125977
4.526367
4.819336
5.004883
5.107422
5.151367
5.004883
4.809570
4.506836
4.111328
3.657227
3.173828
2.636719
2.080078
1.582031
1.054688
0.610352
0.229492
0.019531
-0.141602
-0.200195
-0.161133
-0.029297
0.253906
0.585938
1.010742
1.479492
1.987305
2.514648
3.076172
3.579102
4.023438
4.438477
4.741211
4.960938
5.136719
5.131836
5.024414
4.853516
4.584961
4.199219
3.750000
3.237305
2.685547
2.197266
1.694336
1.152344
0.712891
0.327148
0.053711
-0.141602
-0.258789
-0.239258
-0.122070
0.146484
0.444336
0.825195
1.289062
1.831055
2.353516
2.890625
3.393555
3.867188
4.301758
4.633789
4.916992
5.043945
5.117188
5.029297
4.887695
4.658203
4.311523
3.828125
3.354492
2.827148
2.299805
1.772461
1.259766
0.776367
0.361328
0.058594
-0.151367
-0.292969
-0.292969
-0.195312
0.019531
0.375977
0.698242
1.157227
1.640625
2.187500
2.714844
3.251953
3.754883
4.199219
4.565430
4.892578
5.019531
5.083008
5.068359
4.912109
4.711914
4.350586
3.969727
3.476562
2.973633
2.456055
1.894531
1.381836
0.913086
0.502930
0.170898
-0.112305
-0.239258
-0.288086
-0.224609
-0.019531
0.244141
0.620117
1.049805
1.523438
2.026367
2.568359
3.105469
3.637695
4.096680
4.467773
4.765625
4.990234
5.068359
5.102539
4.936523
4.770508
4.462891
4.062500
3.632812
3.105469
2.558594
2.026367
1.499023
1.064453
0.634766
0.297852
0.029297
-0.195312
-0.263672
-0.190430
-0.073242
0.224609
0.561523
0.927734
1.406250
1.948242
2.451172
3.022461
3.540039
3.964844
4.370117
4.687500
4.970703
5.058594
5.097656
5.019531
4.843750
4.541016
4.174805
3.735352
3.232422
2.705078
2.182617
1.635742
1.166992
0.693359
0.332031
0.068359
-0.126953
-0.253906
-0.219727
-0.092773
0.117188
0.454102
0.849609
1.289062
1.806641
2.368164
2.900391
3.393555
3.916016
4.350586
4.658203
4.936523
5.102539
5.131836
5.024414
4.877930
4.614258
4.267578
3.828125
3.339844
2.832031
2.275391
1.738281
1.250000
0.761719
0.361328
0.092773
-0.180664
-0.278320
-0.273438
-0.185547
0.073242
0.361328
0.698242
1.127930
1.645508
2.207031
2.719727
3.256836
3.735352
4.213867
4.555664
4.838867
5.048828
5.097656
5.063477
4.936523
4.726562
4.365234
3.935547
3.500977
2.978516
2.470703
1.904297
1.376953
0.917969
0.517578
0.166016
-0.102539
-0.253906
-0.244141
-0.175781
-0.019531
0.253906
0.610352
1.035156
1.494141
2.070312
2.607422
3.159180
3.647461
4.086914
4.497070
4.794922
5.009766
5.131836
5.151367
5.043945
4.814453
4.545898
4.130859
3.681641
3.159180
2.607422
2.104492
1.572266
1.074219
0.625000
0.268555
0.009766
-0.156250
-0.239258
-0.214844
-0.039062
0.239258
0.576172
0.981445
1.469727
1.967773
2.514648
3.061523
3.574219
4.013672
4.472656
4.755859
5.000000
5.112305
5.146484
5.004883
4.848633
4.560547
4.184570
3.754883
3.222656
2.709961
2.163086
1.625977
1.191406
0.722656
0.336914
0.053711
-0.161133
-0.278320
-0.249023
-0.087891
0.136719
0.449219
0.844727
1.279297
1.787109
2.387695
2.885742
3.393555
3.901367
4.262695
4.667969
4.941406
5.097656
5.112305
5.048828
4.858398
4.648438
4.262695
3.872070
3.349609
2.822266
2.275391
1.738281
1.259766
0.771484
0.385742
0.043945
-0.156250
-0.302734
-0.288086
-0.200195
0.034180
0.297852
0.683594
1.166992
1.616211
2.158203
2.695312
3.227539
3.740234
4.189453
4.570312
4.853516
5.029297
5.107422
5.092773
4.936523
4.707031
4.379883
3.955078
3.500977
2.998047
2.460938
1.914062
1.376953
0.893555
0.507812
0.209961
-0.122070
-0.263672
-0.297852
-0.190430
-0.019531
0.205078
0.595703
1.035156
1.523438
2.036133
2.622070
3.168945
3.657227
4.052734
4.477539
4.741211
5.000000
5.126953
5.102539
4.941406
4.711914
4.477539
4.125977
3.657227
3.081055
2.534180
2.031250
1.503906
1.035156
0.576172
0.200195
-0.043945
-0.131836
-0.205078
-0.170898
-0.063477
0.195312
0.512695
0.947266
1.420898
1.923828
2.475586
2.988281
3.520508
3.964844
4.384766
4.697266
4.951172
5.112305
5.102539
5.000000
4.858398
4.555664
4.184570
3.720703
3.232422
2.690430
2.182617
1.630859
1.142578
0.717773
0.327148
0.024414
-0.146484
-0.224609
-0.205078
-0.141602
0.087891
0.458984
0.849609
1.293945
1.826172
2.343750
2.890625
