2.153320
1.635742
1.142578
0.698242
0.302734
0.000000
-0.175781
-0.268555
-0.234375
-0.122070
0.092773
0.424805
0.839844
1.289062
1.821289
2.348633
2.861328
3.413086
3.876953
4.326172
4.658203
4.882812
5.073242
5.117188
5.087891
4.907227
4.604492
4.306641
3.876953
3.359375
2.866211
2.294922
1.752930
1.279297
0.791016
0.390625
0.092773
-0.161133
-0.268555
-0.317383
-0.200195
0.043945
0.317383
0.732422
1.137695
1.650391
2.177734
2.700195
3.242188
3.735352
4.169922
4.536133
4.829102
5.043945
5.122070
5.058594
4.951172
4.672852
4.360352
3.974609
3.510742
2.983398
2.446289
1.855469
1.357422
0.888672
0.498047
0.146484
-0.102539
-0.229492
-0.249023
-0.195312
-0.009766
0.253906
0.610352
1.064453
1.552734
2.050781
2.626953
3.125000
3.657227
4.091797
4.448242
4.765625
4.980469
5.092773
5.102539
5.009766
4.775391
4.497070
4.116211
3.623047
3.139648
2.548828
2.060547
1.533203
1.079102
0.654297
0.273438
0.014648
-0.126953
-0.214844
-0.175781
-0.039062
0.214844
0.527344
0.966797
1.445312
2.001953
2.524414
3.022461
3.525391
4.008789
4.428711
4.731445
5.009766
5.136719
5.107422
5.019531
4.858398
4.619141
4.199219
3.779297
3.266602
2.768555
2.167969
1.674805
1.137695
0.683594
0.297852
0.034180
-0.166016
-0.249023
-0.239258
-0.097656
0.141602
0.463867
0.864258
1.293945
1.806641
2.319336
2.900391
3.403320
3.886719
4.316406
4.653320
4.912109
5.068359
5.102539
5.058594
4.902344
4.624023
4.287109
3.837891
3.354492
2.880859
2.290039
1.752930
1.274414
0.781250
0.405273
0.126953
-0.151367
-0.253906
-0.239258
-0.166016
0.048828
0.371094
0.698242
1.166992
1.650391
2.187500
2.709961
3.242188
3.740234
4.160156
4.536133
4.804688
4.990234
5.058594
5.073242
4.936523
4.731445
4.389648
3.964844
3.466797
2.988281
2.416992
1.928711
1.386719
0.913086
0.498047
0.170898
-0.083008
-0.224609
-0.278320
-0.190430
0.000000
0.253906
0.620117
1.054688
1.533203
2.084961
2.617188
3.125000
3.613281
4.062500
4.487305
4.780273
5.039062
5.078125
5.068359
4.985352
4.785156
4.467773
4.057617
3.608398
3.115234
2.539062
2.026367
1.503906
1.015625
0.615234
0.239258
-0.019531
-0.224609
-0.244141
-0.239258
-0.043945
0.200195
0.600586
0.961914
1.459961
1.933594
2.534180
3.037109
3.564453
3.999023
4.418945
4.731445
4.941406
5.083008
5.087891
5.014648
4.838867
4.550781
4.194336
3.769531
3.247070
2.734375
2.197266
1.669922
1.147461
0.683594
0.307617
0.034180
-0.141602
-0.258789
-0.278320
-0.112305
0.126953
0.458984
0.830078
1.308594
1.821289
2.358398
2.851562
3.413086
3.916016
4.321289
4.667969
4.916992
5.053711
5.102539
5.053711
4.912109
4.648438
4.282227
3.881836
3.413086
2.851562
2.314453
1.767578
1.284180
0.810547
0.380859
0.097656
-0.170898
-0.268555
-0.263672
-0.185547
-0.009766
0.307617
0.717773
1.191406
1.699219
2.187500
2.690430
3.256836
3.754883
4.169922
4.580078
4.838867
5.014648
5.126953
5.073242
4.951172
4.702148
4.360352
3.959961
3.496094
2.988281
2.456055
1.889648
1.391602
0.917969
0.507812
0.170898
-0.092773
-0.258789
-0.268555
-0.200195
0.000000
0.239258
0.634766
1.064453
1.547852
2.065430
2.592773
3.139648
3.662109
4.072266
4.462891
4.790039
4.985352
5.092773
5.117188
4.980469
4.804688
4.506836
4.111328
3.652344
3.159180
2.607422
2.089844
1.547852
1.040039
0.605469
0.268555
0.034180
-0.180664
-0.263672
-0.239258
-0.063477
0.244141
0.537109
1.025391
1.479492
1.948242
2.475586
3.022461
3.574219
4.047852
4.448242
4.790039
4.980469
5.141602
5.122070
5.068359
4.882812
4.599609
4.223633
3.759766
3.266602
2.739258
2.192383
1.674805
1.171875
0.688477
0.312500
0.058594
-0.200195
-0.263672
-0.209961
-0.063477
0.097656
0.434570
0.830078
1.328125
1.811523
2.358398
2.900391
3.393555
3.872070
4.316406
4.667969
4.902344
5.058594
5.083008
5.083008
4.907227
4.648438
4.296875
3.837891
3.378906
2.822266
2.319336
1.782227
1.284180
0.791016
0.380859
0.102539
-0.156250
-0.229492
-0.244141
-0.156250
0.009766
0.297852
0.703125
1.181641
1.684570
2.202148
2.714844
3.276367
3.745117
4.194336
4.526367
4.794922
5.000000
5.068359
5.058594
4.907227
4.687500
4.365234
3.994141
3.500977
2.983398
2.446289
1.884766
1.391602
0.942383
0.468750
0.190430
-0.083008
-0.214844
-0.263672
-0.195312
0.004883
0.249023
0.649414
1.040039
1.533203
2.050781
2.573242
3.149414
3.623047
4.101562
4.482422
4.790039
4.975586
5.097656
5.063477
4.970703
4.785156
4.482422
4.057617
3.569336
3.076172
2.553711
2.065430
1.513672
1.040039
0.585938
0.244141
-0.073242
-0.200195
-0.278320
-0.244141
-0.053711
0.219727
0.546875
1.005859
1.459961
1.967773
2.470703
3.037109
3.520508
3.979492
4.384766
4.721680
4.941406
5.092773
5.112305
5.024414
4.819336
4.570312
4.140625
3.730469
3.242188
2.695312
2.182617
1.630859
1.132812
0.717773
0.327148
0.000000
-0.161133
-0.263672
-0.263672
-0.107422
0.141602
0.439453
0.839844
1.284180
1.791992
2.348633
2.875977
3.388672
3.886719
4.306641
4.658203
4.882812
5.063477
5.156250
5.097656
4.921875
4.614258
4.287109
3.881836
3.427734
2.866211
2.294922
1.757812
1.225586
0.815430
0.415039
0.073242
-0.122070
-0.283203
-0.288086
-0.229492
0.000000
0.278320
0.693359
1.166992
1.684570
2.192383
2.724609
3.237305
3.720703
4.169922
4.545898
4.804688
5.014648
5.092773
5.083008
4.931641
4.697266
4.384766
3.964844
3.486328
2.988281
2.431641
1.899414
1.391602
0.917969
0.502930
0.161133
-0.068359
-0.229492
-0.253906
-0.205078
0.009766
0.244141
0.629883
1.059570
1.528320
2.045898
2.617188
3.144531
3.647461
4.086914
4.438477
4.760742
4.995117
5.092773
5.087891
5.000000
4.770508
4.482422
4.096680
3.627930
3.090820
2.597656
2.089844
1.513672
1.064453
0.610352
0.273438
-0.014648
-0.161133
-0.219727
-0.205078
-0.073242
0.205078
0.561523
0.947266
1.459961
2.006836
2.553711
3.046875
3.549805
3.984375
4.409180
4.750977
4.985352
5.122070
5.136719
5.024414
4.843750
4.565430
4.228516
3.725586
3.300781
2.695312
2.187500
1.674805
1.166992
0.708008
0.312500
-0.004883
-0.190430
-0.253906
-0.239258
-0.092773
0.151367
0.454102
0.849609
1.313477
1.806641
2.353516
2.900391
3.398438
3.872070
4.340820
4.643555
4.873047
5.083008
5.126953
5.087891
4.858398
4.633789
4.272461
3.872070
3.369141
2.856445
2.275391
1.772461
1.215820
0.830078
0.375977
0.087891
-0.161133
-0.258789
-0.273438
-0.185547
0.024414
0.317383
0.683594
1.152344
1.684570
2.192383
2.695312
3.232422
3.764648
4.179688
4.560547
4.814453
4.995117
5.107422
5.087891
4.946289
4.716797
4.360352
3.994141
3.496094
2.978516
2.446289
1.909180
1.386719
0.913086
0.498047
0.146484
-0.102539
-0.214844
-0.263672
-0.224609
-0.019531
0.209961
0.605469
1.059570
1.552734
2.070312
2.558594
3.139648
3.637695
4.082031
4.467773
4.765625
4.980469
5.087891
5.126953
4.985352
4.731445
4.462891
4.082031
3.613281
3.100586
2.563477
1.997070
1.523438
1.054688
0.600586
0.205078
-0.029297
-0.214844
-0.283203
-0.200195
-0.087891
0.190430
0.581055
0.947266
1.435547
1.928711
2.509766
3.051758
3.520508
4.013672
4.384766
4.702148
4.980469
5.063477
5.097656
5.034180
4.833984
4.550781
4.184570
3.720703
3.222656
2.749023
2.167969
1.650391
1.132812
0.678711
0.346680
0.039062
-0.190430
-0.288086
-0.224609
-0.107422
0.117188
0.429688
0.810547
1.279297
1.801758
2.333984
2.890625
3.369141
3.862305
4.306641
4.663086
4.916992
5.058594
5.117188
5.078125
4.902344
4.648438
4.291992
3.857422
3.359375
2.875977
2.280273
1.738281
1.235352
0.756836
0.385742
0.097656
-0.170898
-0.263672
-0.312500
-0.209961
0.014648
0.307617
0.678711
1.123047
1.640625
2.172852
2.724609
3.242188
3.764648
4.204102
4.531250
4.809570
5.009766
5.078125
5.063477
4.951172
4.682617
4.360352
3.969727
3.481445
2.968750
2.421875
1.904297
1.391602
0.913086
0.478516
0.180664
-0.102539
-0.214844
-0.292969
-0.209961
-0.029297
0.278320
0.625000
1.059570
1.528320
2.060547
2.617188
3.149414
3.662109
4.062500
4.462891
4.726562
4.995117
5.097656
5.092773
5.014648
4.750977
4.482422
4.052734
3.618164
3.134766
2.573242
2.050781
1.518555
1.064453
0.678711
0.273438
-0.014648
-0.205078
-0.258789
-0.166016
0.009766
0.239258
0.590820
0.952148
1.435547
1.962891
2.514648
3.056641
3.579102
4.008789
4.409180
4.785156
4.980469
5.136719
5.131836
5.039062
4.833984
4.584961
4.204102
3.784180
3.276367
2.744141
2.163086
1.630859
1.127930
0.703125
0.312500
0.004883
-0.166016
-0.258789
-0.224609
-0.117188
0.146484
0.424805
0.805664
1.328125
1.835938
2.348633
2.880859
3.413086
3.911133
4.335938
4.677734
4.912109
5.053711
5.092773
5.058594
4.892578
4.619141
4.238281
3.833008
3.349609
2.861328
2.363281
1.718750
1.210938
0.810547
0.419922
0.063477
-0.112305
-0.283203
-0.234375
-0.175781
0.024414
0.322266
0.703125
1.166992
1.645508
2.172852
2.705078
3.247070
3.754883
4.160156
4.545898
4.819336
5.004883
5.097656
5.048828
4.951172
4.707031
4.360352
3.979492
3.515625
2.963867
2.421875
1.904297
1.401367
0.917969
0.468750
0.146484
-0.092773
-0.234375
-0.273438
-0.200195
0.000000
0.249023
0.615234
1.044922
1.542969
2.075195
2.592773
3.120117
3.652344
4.140625
4.506836
4.741211
4.975586
5.073242
5.126953
4.985352
4.780273
4.472656
4.028320
3.588867
3.105469
2.578125
2.026367
1.503906
0.991211
0.585938
0.229492
-0.004883
-0.175781
-0.268555
-0.224609
-0.068359
0.234375
0.571289
0.947266
1.455078
1.933594
2.504883
3.032227
3.544922
3.969727
4.389648
4.687500
4.960938
5.087891
5.097656
5.019531
4.843750
4.560547
4.174805
3.735352
3.242188
2.700195
2.143555
1.640625
1.142578
0.668945
0.327148
0.053711
-0.180664
-0.253906
-0.239258
-0.122070
0.136719
0.458984
0.834961
1.269531
1.806641
2.353516
2.900391
3.383789
3.867188
4.316406
4.672852
4.921875
5.058594
5.131836
5.068359
4.877930
4.648438
4.296875
3.876953
3.383789
2.836914
2.285156
1.723633
1.274414
0.800781
0.405273
0.107422
-0.200195
-0.273438
-0.307617
-0.200195
0.039062
0.346680
0.717773
1.152344
1.660156
2.197266
2.719727
3.237305
3.754883
4.179688
4.541016
4.819336
5.029297
5.126953
5.078125
4.956055
4.697266
4.370117
3.984375
3.496094
2.973633
2.446289
1.914062
1.406250
0.922852
0.473633
0.170898
-0.078125
-0.219727
-0.253906
-0.214844
-0.024414
0.234375
0.644531
1.064453
1.523438
2.060547
2.597656
3.134766
3.618164
4.077148
4.482422
4.770508
5.019531
5.068359
5.058594
4.975586
4.755859
4.501953
4.082031
3.627930
3.115234
2.548828
2.060547
1.518555
1.069336
0.649414
0.253906
-0.004883
-0.175781
-0.224609
-0.156250
-0.014648
0.234375
0.581055
0.966797
1.455078
1.933594
2.514648
3.041992
3.564453
4.033203
4.418945
4.765625
4.965820
5.097656
5.126953
5.058594
4.882812
4.619141
4.189453
3.764648
3.222656
2.744141
2.153320
1.630859
1.147461
0.673828
0.332031
0.039062
-0.180664
-0.249023
-0.239258
-0.122070
0.156250
0.439453
0.825195
1.284180
1.831055
2.373047
2.924805
3.432617
3.872070
4.296875
4.658203
4.916992
5.068359
5.073242
5.068359
4.897461
4.633789
4.248047
3.818359
3.344727
2.827148
2.270508
1.767578
1.259766
0.820312
0.390625
0.087891
-0.166016
-0.278320
-0.268555
-0.161133
0.043945
0.297852
0.703125
1.152344
1.640625
2.192383
2.705078
3.237305
3.745117
4.169922
4.541016
4.819336
4.946289
5.073242
5.078125
4.916992
4.711914
4.355469
3.955078
3.500977
2.949219
2.431641
1.870117
1.386719
0.888672
0.502930
0.131836
-0.097656
-0.229492
-0.273438
-0.229492
-0.009766
0.263672
0.610352
1.040039
1.503906
2.031250
2.626953
3.144531
3.618164
4.086914
4.487305
4.770508
4.995117
5.073242
5.053711
4.960938
4.785156
4.482422
4.062500
3.593750
3.100586
2.583008
1.992188
1.455078
1.035156
0.649414
0.244141
-0.058594
-0.185547
-0.307617
-0.258789
-0.058594
0.205078
0.537109
0.942383
1.406250
1.909180
2.470703
3.032227
3.530273
3.989258
4.375000
4.707031
4.970703
5.068359
5.102539
5.004883
4.843750
4.536133
4.165039
3.701172
3.208008
2.714844
2.172852
1.645508
1.132812
0.668945
0.346680
0.019531
-0.190430
-0.249023
-0.239258
-0.131836
0.092773
0.444336
0.820312
1.313477
1.831055
2.358398
2.861328
3.422852
3.906250
4.321289
4.672852
4.887695
5.073242
5.117188
5.083008
4.897461
4.663086
4.287109
3.872070
3.369141
2.915039
2.280273
1.743164
1.245117
0.766602
0.400391
0.092773
-0.122070
-0.283203
-0.263672
-0.195312
0.014648
0.341797
0.698242
1.162109
1.621094
2.148438
2.719727
3.261719
3.774414
4.199219
4.560547
4.819336
4.980469
5.112305
5.092773
4.946289
4.702148
4.355469
3.964844
3.466797
2.978516
2.421875
1.879883
1.396484
0.883789
0.498047
0.156250
-0.078125
-0.258789
-0.253906
-0.209961
-0.029297
0.234375
0.634766
1.064453
1.542969
2.050781
2.602539
3.134766
3.623047
4.077148
4.467773
4.760742
4.960938
5.136719
5.078125
4.975586
4.760742
4.477539
4.062500
3.613281
3.095703
2.626953
2.070312
1.552734
1.044922
0.620117
0.302734
0.009766
-0.190430
-0.268555
-0.234375
-0.029297
0.244141
0.561523
0.937500
1.391602
1.904297
2.548828
3.041992
3.559570
4.023438
4.428711
4.746094
4.970703
5.117188
5.126953
5.043945
4.873047
4.594727
4.218750
3.725586
3.261719
2.700195
2.177734
1.630859
1.118164
0.712891
0.292969
0.009766
-0.161133
-0.273438
-0.200195
-0.097656
0.131836
0.454102
0.830078
1.308594
1.816406
2.324219
2.856445
3.437500
3.862305
4.296875
4.687500
4.902344
5.058594
5.087891
5.019531
4.873047
4.643555
4.282227
3.823242
3.354492
2.861328
2.275391
1.738281
1.235352
0.805664
0.410156
0.073242
-0.180664
-0.258789
-0.273438
-0.156250
0.034180
0.292969
0.678711
1.123047
1.621094
2.163086
2.705078
3.242188
3.735352
4.169922
4.511719
4.785156
5.000000
5.078125
5.063477
4.951172
4.672852
4.335938
3.930664
3.466797
2.998047
2.436523
1.889648
1.391602
0.917969
0.502930
0.141602
-0.112305
-0.214844
-0.273438
-0.219727
-0.024414
0.244141
0.615234
1.069336
1.518555
2.065430
2.626953
3.125000
3.613281
4.042969
4.482422
4.750977
4.995117
5.083008
5.087891
4.956055
4.755859
4.482422
4.072266
3.603516
3.115234
2.553711
2.055664
1.455078
0.991211
0.634766
0.244141
-0.053711
-0.185547
-0.253906
-0.229492
-0.097656
0.229492
0.512695
0.917969
1.381836
1.914062
2.460938
3.022461
3.535156
3.989258
4.404297
4.697266
4.960938
5.107422
5.078125
4.995117
4.833984
4.531250
4.174805
3.730469
3.247070
2.705078
2.138672
1.621094
1.162109
0.678711
0.366211
0.000000
-0.190430
-0.258789
-0.205078
-0.126953
0.126953
0.424805
0.844727
1.284180
1.816406
2.348633
2.885742
3.378906
3.920898
4.316406
4.628906
4.916992
5.087891
5.097656
5.073242
4.931641
4.624023
4.306641
3.847656
3.388672
2.856445
2.299805
1.738281
1.230469
0.761719
0.385742
0.073242
-0.166016
-0.268555
-0.268555
-0.185547
0.034180
0.317383
0.693359
1.186523
1.650391
2.207031
2.705078
3.251953
3.759766
4.194336
4.555664
4.819336
5.004883
5.146484
5.107422
4.970703
4.716797
4.384766
3.974609
3.476562
2.954102
2.441406
1.884766
1.411133
0.883789
0.454102
0.131836
-0.107422
-0.214844
-0.292969
-0.209961
-0.029297
0.253906
0.620117
1.035156
1.542969
2.045898
2.602539
3.144531
3.627930
4.082031
4.482422
4.775391
5.000000
5.097656
5.092773
5.004883
4.790039
4.501953
4.086914
3.627930
3.110352
2.597656
2.094727
1.557617
1.054688
0.649414
0.263672
-0.004883
-0.170898
-0.253906
-0.190430
-0.073242
0.219727
0.537109
0.991211
1.411133
1.914062
2.475586
3.066406
3.530273
4.038086
4.418945
4.770508
4.965820
5.107422
5.146484
5.048828
4.848633
4.550781
4.218750
3.750000
3.256836
2.773438
2.158203
1.650391
1.166992
0.698242
0.292969
-0.009766
-0.175781
-0.268555
-0.229492
-0.117188
0.136719
0.449219
0.839844
1.293945
1.826172
2.343750
2.895508
3.393555
3.881836
4.306641
4.638672
4.912109
5.063477
5.083008
5.034180
4.887695
4.667969
4.257812
3.837891
3.388672
2.812500
2.270508
1.752930
1.250000
0.771484
0.380859
0.078125
-0.156250
-0.234375
-0.249023
-0.146484
0.009766
0.341797
0.673828
1.147461
1.660156
2.172852
2.714844
3.242188
3.745117
4.213867
4.506836
4.814453
4.990234
5.068359
5.048828
4.916992
4.692383
4.409180
3.959961
3.500977
2.983398
2.446289
1.894531
1.381836
0.917969
0.498047
0.141602
-0.092773
-0.195312
-0.263672
-0.195312
-0.048828
0.297852
0.605469
1.049805
1.538086
2.045898
2.617188
3.149414
3.662109
4.047852
4.482422
4.765625
5.000000
5.087891
5.097656
4.956055
4.731445
4.472656
4.057617
3.579102
3.076172
2.597656
2.041016
1.469727
1.000977
0.625000
0.244141
-0.063477
-0.200195
-0.263672
-0.253906
-0.078125
0.190430
0.537109
0.966797
1.474609
1.958008
2.509766
3.022461
3.549805
4.008789
4.409180
4.731445
4.951172
5.078125
5.097656
5.009766
4.843750
4.555664
4.150391
3.710938
3.247070
2.709961
2.153320
1.611328
1.152344
0.712891
0.317383
0.053711
-0.185547
-0.258789
-0.249023
-0.117188
0.117188
0.419922
0.844727
1.298828
1.826172
2.343750
2.871094
3.413086
3.886719
4.272461
4.658203
4.907227
5.068359
5.102539
5.048828
4.887695
4.624023
4.291992
3.857422
3.364258
2.900391
2.265625
1.723633
1.191406
0.771484
0.371094
0.063477
-0.166016
-0.253906
-0.288086
-0.185547
0.000000
0.312500
0.668945
1.142578
1.655273
2.163086
2.705078
3.251953
3.779297
4.179688
4.541016
4.814453
5.024414
5.112305
5.058594
4.936523
4.707031
4.370117
3.955078
3.540039
2.963867
2.426758
1.884766
1.396484
0.932617
0.463867
0.166016
-0.097656
-0.224609
-0.263672
-0.219727
0.004883
0.258789
0.654297
1.054688
1.538086
2.060547
2.583008
3.134766
3.657227
4.091797
4.458008
4.765625
5.009766
5.073242
5.092773
5.019531
4.760742
4.472656
4.091797
3.608398
3.144531
2.592773
2.031250
1.518555
1.083984
0.673828
0.292969
0.019531
-0.209961
-0.263672
-0.190430
-0.034180
0.234375
0.581055
0.981445
1.455078
1.972656
2.485352
3.046875
3.505859
4.023438
4.394531
4.736328
4.995117
5.102539
5.087891
5.039062
4.863281
4.589844
4.155273
3.769531
3.242188
2.714844
2.211914
1.674805
1.152344
0.708008
0.317383
0.024414
-0.170898
-0.273438
-0.229492
-0.102539
0.131836
0.439453
0.834961
1.318359
1.831055
2.358398
2.885742
3.398438
3.872070
4.291992
4.628906
4.912109
5.053711
5.078125
5.058594
4.877930
4.648438
4.257812
3.857422
3.354492
2.846680
2.299805
1.733398
1.264648
0.800781
0.419922
0.112305
-0.136719
-0.249023
-0.258789
-0.180664
0.034180
0.356445
0.698242
1.166992
1.630859
2.167969
2.690430
3.242188
3.750000
4.165039
4.550781
4.799805
4.990234
5.078125
5.053711
4.941406
4.707031
4.399414
3.950195
3.500977
2.963867
2.465820
1.894531
1.411133
0.927734
0.498047
0.151367
-0.078125
-0.219727
-0.268555
-0.205078
-0.024414
0.263672
0.605469
1.069336
1.547852
2.055664
2.597656
3.120117
3.647461
4.086914
4.467773
4.765625
4.970703
5.087891
5.063477
4.985352
4.741211
4.453125
4.106445
3.613281
3.110352
2.539062
2.026367
1.494141
1.000977
0.585938
0.239258
-0.019531
-0.185547
-0.292969
-0.219727
-0.048828
0.185547
0.585938
0.981445
1.459961
1.958008
2.465820
3.032227
3.530273
4.008789
4.423828
4.726562
4.936523
5.063477
5.126953
5.014648
4.853516
4.560547
4.130859
3.735352
3.203125
2.724609
2.207031
1.606445
1.132812
0.664062
0.336914
0.043945
-0.175781
-0.268555
-0.239258
-0.107422
0.107422
0.405273
0.839844
1.308594
1.816406
2.368164
2.856445
3.378906
3.886719
4.277344
4.658203
4.892578
5.068359
5.126953
5.063477
4.897461
4.614258
4.277344
3.872070
3.344727
2.822266
2.329102
1.757812
1.230469
0.771484
0.410156
0.078125
-0.122070
-0.253906
-0.283203
-0.185547
-0.004883
0.283203
0.688477
1.142578
1.665039
2.158203
2.705078
