2.104492
1.601562
1.079102
0.673828
0.322266
-0.014648
-0.219727
-0.278320
-0.273438
-0.146484
0.058594
0.410156
0.864258
1.269531
1.806641
2.382812
2.905273
3.437500
3.876953
4.326172
4.707031
4.907227
5.034180
5.097656
5.024414
4.882812
4.609375
4.243164
3.808594
3.325195
2.797852
2.246094
1.733398
1.191406
0.747070
0.371094
0.078125
-0.161133
-0.292969
-0.278320
-0.166016
0.039062
0.317383
0.698242
1.191406
1.674805
2.226562
2.714844
3.300781
3.779297
4.204102
4.565430
4.868164
5.004883
5.092773
5.107422
4.990234
4.692383
4.311523
3.955078
3.442383
2.973633
2.407227
1.860352
1.357422
0.898438
0.502930
0.117188
-0.131836
-0.249023
-0.292969
-0.224609
-0.014648
0.244141
0.585938
1.064453
1.494141
2.050781
2.602539
3.095703
3.666992
4.106445
4.492188
4.707031
4.956055
5.068359
5.068359
4.936523
4.716797
4.399414
4.038086
3.559570
3.056641
2.509766
1.958008
1.450195
0.961914
0.556641
0.224609
-0.073242
-0.249023
-0.249023
-0.209961
-0.068359
0.166016
0.507812
0.947266
1.435547
1.958008
2.465820
3.037109
3.515625
4.028320
4.423828
4.707031
4.946289
5.083008
5.102539
5.029297
4.848633
4.497070
4.135742
3.701172
3.198242
2.661133
2.177734
1.611328
1.118164
0.683594
0.278320
-0.014648
-0.170898
-0.224609
-0.200195
-0.083008
0.180664
0.498047
0.883789
1.313477
1.801758
2.392578
2.939453
3.481445
3.896484
4.340820
4.682617
4.951172
5.117188
5.175781
5.058594
4.882812
4.653320
4.287109
3.881836
3.359375
2.861328
2.304688
1.728516
1.274414
0.786133
0.395508
0.058594
-0.126953
-0.214844
-0.229492
-0.156250
0.073242
0.380859
0.737305
1.181641
1.689453
2.255859
2.783203
3.295898
3.789062
4.204102
4.584961
4.897461
5.039062
5.078125
5.063477
4.931641
4.692383
4.370117
3.906250
3.476562
2.949219
2.373047
1.865234
1.323242
0.888672
0.473633
0.136719
-0.126953
-0.244141
-0.253906
-0.195312
-0.024414
0.273438
0.644531
1.108398
1.582031
2.084961
2.597656
3.154297
3.681641
4.111328
4.472656
4.770508
4.985352
5.083008
5.063477
4.970703
4.697266
4.438477
3.979492
3.574219
3.037109
2.519531
1.982422
1.503906
1.020508
0.585938
0.214844
-0.039062
-0.244141
-0.278320
-0.209961
-0.097656
0.185547
0.556641
0.947266
1.420898
1.977539
2.480469
3.022461
3.510742
4.023438
4.414062
4.707031
4.965820
5.078125
5.112305
5.014648
4.824219
4.531250
4.135742
3.686523
3.212891
2.661133
2.148438
1.606445
1.103516
0.610352
0.268555
0.009766
-0.166016
-0.239258
-0.278320
-0.175781
0.126953
0.493164
0.830078
1.347656
1.791992
2.358398
2.915039
3.437500
3.940430
4.375000
4.658203
4.941406
5.063477
5.131836
5.053711
4.873047
4.589844
4.223633
3.818359
3.330078
2.822266
2.260742
1.738281
1.206055
0.761719
0.361328
0.063477
-0.141602
-0.253906
-0.263672
-0.170898
0.048828
0.346680
0.751953
1.201172
1.704102
2.216797
2.758789
3.315430
3.774414
4.238281
4.570312
4.873047
5.078125
5.097656
5.097656
4.936523
4.711914
4.370117
3.945312
3.500977
2.949219
2.412109
1.894531
1.362305
0.971680
0.502930
0.122070
-0.122070
-0.229492
-0.258789
-0.214844
-0.053711
0.229492
0.620117
1.103516
1.572266
2.050781
2.592773
3.144531
3.666992
4.111328
4.443359
4.785156
4.980469
5.097656
5.092773
4.960938
4.731445
4.418945
4.033203
3.593750
3.076172
2.543945
1.997070
1.494141
1.000977
0.576172
0.258789
-0.039062
-0.229492
-0.278320
-0.200195
-0.063477
0.195312
0.561523
0.971680
1.459961
1.958008
2.509766
3.041992
3.603516
4.008789
4.404297
4.707031
4.965820
5.073242
5.078125
4.970703
4.799805
4.541016
4.106445
3.710938
3.208008
2.675781
2.143555
1.601562
1.127930
0.649414
0.297852
0.019531
-0.146484
-0.244141
-0.205078
-0.097656
0.170898
0.522461
0.878906
1.337891
1.821289
2.387695
2.973633
3.491211
3.945312
4.345703
4.692383
4.946289
5.112305
5.146484
5.048828
4.936523
4.643555
4.257812
3.847656
3.378906
2.841797
2.250977
1.787109
1.274414
0.815430
0.390625
0.107422
-0.126953
-0.219727
-0.239258
-0.136719
0.058594
0.371094
0.747070
1.206055
1.694336
2.226562
2.778320
3.291016
3.818359
4.252930
4.604492
4.848633
5.024414
5.117188
5.097656
4.892578
4.707031
4.355469
3.916016
3.476562
2.963867
2.421875
1.831055
1.367188
0.888672
0.463867
0.126953
-0.126953
-0.234375
-0.273438
-0.205078
0.000000
0.253906
0.625000
1.054688
1.572266
2.060547
2.597656
3.125000
3.652344
4.062500
4.487305
4.750977
4.970703
5.078125
5.068359
4.960938
4.726562
4.384766
3.974609
3.564453
3.046875
2.504883
1.992188
1.469727
1.005859
0.571289
0.209961
-0.058594
-0.219727
-0.273438
-0.224609
-0.053711
0.161133
0.532227
0.991211
1.445312
1.962891
2.465820
3.037109
3.544922
4.003906
4.379883
4.750977
4.965820
5.107422
5.112305
5.039062
4.790039
4.516602
4.145508
3.696289
3.242188
2.675781
2.128906
1.586914
1.103516
0.673828
0.278320
0.004883
-0.175781
-0.249023
-0.234375
-0.146484
0.097656
0.419922
0.810547
1.313477
1.811523
2.377930
2.885742
3.403320
3.911133
4.321289
4.682617
4.941406
5.063477
5.078125
5.034180
4.877930
4.628906
4.277344
3.803711
3.339844
2.773438
2.270508
1.757812
1.230469
0.771484
0.351562
0.068359
-0.151367
-0.278320
-0.278320
-0.170898
0.024414
0.346680
0.717773
1.181641
1.684570
2.241211
2.768555
3.291016
3.803711
4.199219
4.599609
4.882812
5.029297
5.136719
5.078125
4.921875
4.707031
4.370117
3.959961
3.471680
2.929688
2.392578
1.845703
1.396484
0.942383
0.444336
0.112305
-0.117188
-0.292969
-0.283203
-0.244141
-0.063477
0.258789
0.571289
1.020508
1.503906
2.021484
2.607422
3.090820
3.657227
4.086914
4.423828
4.765625
4.941406
5.083008
5.058594
4.970703
4.721680
4.394531
4.042969
3.579102
3.095703
2.485352
2.011719
1.469727
0.981445
0.556641
0.209961
-0.058594
-0.200195
-0.283203
-0.219727
-0.092773
0.180664
0.532227
0.961914
1.430664
2.001953
2.504883
3.027344
3.510742
4.018555
4.423828
4.707031
4.965820
5.078125
5.053711
5.004883
4.848633
4.482422
4.140625
3.701172
3.198242
2.690430
2.148438
1.630859
1.064453
0.678711
0.302734
0.063477
-0.136719
-0.249023
-0.229492
-0.097656
0.175781
0.502930
0.917969
1.347656
1.855469
2.412109
2.978516
3.496094
3.950195
4.345703
4.667969
4.956055
5.083008
5.151367
5.053711
4.873047
4.677734
4.262695
3.823242
3.359375
2.856445
2.304688
1.782227
1.245117
0.791016
0.395508
0.073242
-0.126953
-0.219727
-0.234375
-0.136719
0.034180
0.366211
0.727539
1.186523
1.699219
2.265625
2.817383
3.320312
3.779297
4.233398
4.619141
4.863281
5.019531
5.102539
5.097656
4.916992
4.687500
4.350586
3.920898
3.457031
2.910156
2.402344
1.889648
1.333008
0.849609
0.454102
0.136719
-0.122070
-0.234375
-0.288086
-0.195312
-0.014648
0.249023
0.649414
1.064453
1.547852
2.070312
2.641602
3.129883
3.647461
4.057617
4.462891
4.775391
4.990234
5.063477
5.048828
4.921875
4.677734
4.399414
4.018555
3.535156
3.041992
2.529297
1.997070
1.474609
1.000977
0.566406
0.205078
-0.058594
-0.200195
-0.253906
-0.224609
-0.073242
0.185547
0.517578
0.952148
1.430664
1.972656
2.475586
3.056641
3.535156
3.984375
4.399414
4.682617
4.946289
5.097656
5.078125
4.995117
4.814453
4.516602
4.155273
3.686523
3.183594
2.685547
2.104492
1.591797
1.113281
0.654297
0.268555
0.043945
-0.185547
-0.273438
-0.297852
-0.087891
0.122070
0.419922
0.834961
1.298828
1.835938
2.377930
2.910156
3.422852
3.901367
4.311523
4.677734
4.921875
5.063477
5.131836
5.048828
4.853516
4.643555
4.218750
3.833008
3.305664
2.797852
2.241211
1.718750
1.274414
0.805664
0.371094
0.034180
-0.141602
-0.234375
-0.249023
-0.166016
0.043945
0.346680
0.742188
1.210938
1.694336
2.241211
2.768555
3.295898
3.784180
4.248047
4.580078
4.863281
5.048828
5.097656
5.073242
4.956055
4.702148
4.331055
3.950195
3.452148
2.978516
2.397461
1.860352
1.357422
0.898438
0.483398
0.175781
-0.126953
-0.263672
-0.283203
-0.214844
0.000000
0.224609
0.625000
1.025391
1.503906
2.050781
2.578125
3.149414
3.623047
4.082031
4.516602
4.760742
4.985352
5.063477
5.092773
4.965820
4.741211
4.433594
4.033203
3.574219
3.076172
2.553711
2.006836
1.469727
0.976562
0.551758
0.205078
-0.043945
-0.214844
-0.258789
-0.234375
-0.078125
0.200195
0.546875
0.947266
1.445312
1.928711
2.490234
3.037109
3.559570
3.984375
4.404297
4.726562
4.965820
5.126953
5.092773
5.000000
4.790039
4.516602
4.140625
3.715820
3.242188
2.695312
2.148438
1.640625
1.108398
0.683594
0.341797
0.019531
-0.170898
-0.239258
-0.244141
-0.087891
0.161133
0.478516
0.869141
1.328125
1.850586
2.368164
2.963867
3.476562
3.940430
4.306641
4.667969
4.931641
5.087891
5.156250
5.058594
4.863281
4.604492
4.296875
3.813477
3.374023
2.841797
2.270508
1.718750
1.269531
0.800781
0.434570
0.102539
-0.117188
-0.205078
-0.219727
-0.131836
0.043945
0.361328
0.703125
1.225586
1.694336
2.226562
2.797852
3.300781
3.789062
4.243164
4.619141
4.848633
5.063477
5.122070
5.117188
4.951172
4.677734
4.331055
3.925781
3.496094
2.954102
2.421875
1.835938
1.367188
0.874023
0.507812
0.107422
-0.122070
-0.268555
-0.249023
-0.200195
-0.019531
0.249023
0.595703
1.098633
1.557617
2.089844
2.587891
3.115234
3.691406
4.106445
4.506836
4.755859
4.985352
5.068359
5.092773
4.951172
4.716797
4.409180
4.023438
3.564453
3.046875
2.519531
1.982422
1.464844
1.040039
0.576172
0.200195
-0.014648
-0.209961
-0.244141
-0.224609
-0.097656
0.180664
0.590820
0.971680
1.459961
1.948242
2.480469
3.032227
3.583984
3.999023
4.394531
4.726562
4.926758
5.097656
5.092773
5.014648
4.794922
4.511719
4.145508
3.710938
3.208008
2.661133
2.133789
1.621094
1.083984
0.639648
0.292969
-0.039062
-0.161133
-0.278320
-0.283203
-0.126953
0.112305
0.444336
0.844727
1.333008
1.835938
2.348633
2.890625
3.481445
3.959961
4.360352
4.707031
4.956055
5.083008
5.092773
5.019531
4.882812
4.633789
4.238281
3.828125
3.320312
2.802734
2.265625
1.723633
1.215820
0.737305
0.400391
0.073242
-0.175781
-0.273438
-0.249023
-0.136719
0.097656
0.346680
0.737305
1.166992
1.723633
2.226562
2.758789
3.286133
3.769531
4.238281
4.570312
4.853516
5.058594
5.122070
5.092773
4.946289
4.687500
4.350586
3.935547
3.461914
2.934570
2.407227
1.889648
1.372070
0.932617
0.483398
0.126953
-0.112305
-0.268555
-0.292969
-0.234375
-0.053711
0.278320
0.600586
1.064453
1.533203
2.065430
2.587891
3.159180
3.671875
4.091797
4.501953
4.799805
4.956055
5.087891
5.083008
4.956055
4.746094
4.428711
4.033203
3.583984
3.076172
2.563477
1.992188
1.455078
0.991211
0.546875
0.249023
-0.058594
-0.214844
-0.297852
-0.224609
-0.068359
0.200195
0.546875
0.917969
1.450195
1.953125
2.504883
3.022461
3.559570
4.038086
4.409180
4.736328
4.960938
5.112305
5.107422
4.980469
4.785156
4.555664
4.130859
3.691406
3.178711
2.705078
2.124023
1.625977
1.142578
0.688477
0.307617
0.000000
-0.180664
-0.244141
-0.219727
-0.063477
0.190430
0.458984
0.859375
1.347656
1.840820
2.353516
2.929688
3.457031
3.911133
4.355469
4.697266
4.956055
5.073242
5.136719
5.068359
4.912109
4.677734
4.291992
3.837891
3.369141
2.851562
2.319336
1.752930
1.250000
0.805664
0.400391
0.073242
-0.112305
-0.249023
-0.239258
-0.151367
0.073242
0.341797
0.737305
1.152344
1.704102
2.226562
2.792969
3.320312
3.750000
4.277344
4.580078
4.853516
5.034180
5.087891
5.068359
4.941406
4.711914
4.340820
3.950195
3.471680
2.968750
2.421875
1.850586
1.342773
0.908203
0.458984
0.126953
-0.097656
-0.263672
-0.273438
-0.146484
-0.019531
0.278320
0.639648
1.040039
1.586914
2.104492
2.617188
3.159180
3.666992
4.116211
4.516602
4.765625
4.980469
5.043945
5.048828
4.941406
4.726562
4.404297
3.994141
3.525391
3.027344
2.524414
2.006836
1.503906
1.030273
0.595703
0.200195
-0.058594
-0.214844
-0.288086
-0.209961
-0.063477
0.200195
0.527344
0.966797
1.401367
1.953125
2.475586
3.027344
3.544922
3.994141
4.379883
4.726562
4.951172
5.122070
5.063477
5.009766
4.794922
4.506836
4.160156
3.710938
3.183594
2.651367
2.128906
1.640625
1.108398
0.664062
0.288086
0.000000
-0.185547
-0.258789
-0.258789
-0.136719
0.126953
0.410156
0.820312
1.318359
1.831055
2.373047
2.900391
3.457031
3.896484
4.331055
4.692383
4.916992
5.053711
5.131836
5.024414
4.902344
4.619141
4.233398
3.798828
3.310547
2.797852
2.260742
1.713867
1.201172
0.756836
0.366211
0.097656
-0.126953
-0.273438
-0.244141
-0.161133
0.063477
0.336914
0.712891
1.171875
1.679688
2.221680
2.753906
3.320312
3.769531
4.208984
4.599609
4.833984
5.048828
5.078125
5.097656
4.951172
4.692383
4.345703
3.940430
3.476562
2.939453
2.407227
1.894531
1.347656
0.922852
0.483398
0.126953
-0.083008
-0.249023
-0.268555
-0.224609
-0.043945
0.244141
0.581055
1.059570
1.557617
2.045898
2.568359
3.154297
3.681641
4.121094
4.448242
4.780273
4.921875
5.097656
5.058594
4.995117
4.716797
4.438477
4.052734
3.583984
3.066406
2.509766
2.001953
1.469727
0.981445
0.566406
0.205078
-0.053711
-0.219727
-0.312500
-0.244141
-0.083008
0.185547
0.507812
0.981445
1.445312
1.938477
2.490234
3.041992
3.564453
4.018555
4.414062
4.731445
4.980469
5.058594
5.117188
5.000000
4.819336
4.497070
4.125977
3.676758
3.188477
2.670898
2.109375
1.591797
1.083984
0.639648
0.288086
0.053711
-0.151367
-0.239258
-0.219727
-0.107422
0.136719
0.458984
0.849609
1.308594
1.816406
2.402344
2.954102
3.476562
3.964844
4.311523
4.667969
4.931641
5.083008
5.117188
5.092773
4.897461
4.643555
4.291992
3.867188
3.383789
2.866211
2.270508
1.782227
1.240234
0.810547
0.380859
0.112305
-0.146484
-0.234375
-0.214844
-0.151367
0.043945
0.366211
0.722656
1.206055
1.713867
2.241211
2.783203
3.315430
3.793945
4.238281
4.594727
4.863281
5.024414
5.092773
5.092773
4.946289
4.692383
4.340820
3.930664
3.461914
2.944336
2.397461
1.889648
1.342773
0.898438
0.439453
0.126953
-0.112305
-0.253906
-0.263672
-0.200195
-0.019531
0.239258
0.634766
1.064453
1.533203
2.050781
2.607422
3.154297
3.647461
4.086914
4.462891
4.780273
4.975586
5.053711
5.063477
4.965820
4.721680
4.409180
4.047852
3.583984
3.061523
2.553711
2.006836
1.503906
0.981445
0.585938
0.219727
-0.024414
-0.224609
-0.268555
-0.209961
-0.078125
0.156250
0.527344
0.927734
1.420898
1.943359
2.465820
3.041992
3.535156
4.008789
4.394531
4.702148
4.926758
5.102539
5.126953
4.951172
4.775391
4.531250
4.160156
3.686523
3.178711
2.666016
2.128906
1.611328
1.093750
0.620117
0.268555
0.014648
-0.136719
-0.224609
-0.283203
-0.166016
0.122070
0.463867
0.839844
1.293945
1.782227
2.402344
2.934570
3.447266
3.916016
4.370117
4.682617
4.936523
5.053711
5.097656
5.014648
4.877930
4.589844
4.257812
3.837891
3.305664
2.792969
2.275391
1.752930
1.215820
0.776367
0.395508
0.078125
-0.131836
-0.292969
-0.244141
-0.166016
0.053711
0.390625
0.751953
1.176758
1.699219
2.226562
2.797852
3.286133
3.784180
4.238281
4.609375
4.853516
5.029297
5.112305
5.073242
4.960938
4.672852
4.345703
3.935547
3.491211
2.949219
2.382812
1.845703
1.362305
0.937500
0.478516
0.126953
-0.078125
-0.258789
-0.302734
-0.219727
-0.019531
0.253906
0.600586
1.044922
1.596680
2.055664
2.661133
3.139648
3.632812
4.106445
4.492188
4.780273
4.951172
5.058594
5.073242
4.975586
4.755859
4.438477
4.003906
3.588867
3.056641
2.514648
2.011719
1.479492
1.005859
0.541992
0.214844
-0.063477
-0.219727
-0.253906
-0.219727
-0.053711
0.166016
0.556641
0.961914
1.435547
1.933594
2.485352
3.032227
3.554688
4.003906
4.418945
4.711914
4.965820
5.073242
5.083008
4.975586
4.809570
4.526367
4.121094
3.720703
3.164062
2.700195
2.133789
1.601562
1.118164
0.659180
0.356445
0.024414
-0.161133
-0.273438
-0.239258
-0.083008
0.126953
0.507812
0.854492
1.352539
1.845703
2.416992
2.958984
3.466797
3.945312
4.375000
4.677734
4.916992
5.087891
5.126953
5.073242
4.907227
4.624023
4.296875
3.857422
3.388672
2.866211
2.333984
1.723633
1.215820
0.781250
0.429688
0.097656
-0.102539
-0.234375
-0.229492
-0.146484
0.058594
0.307617
0.742188
1.191406
1.699219
2.265625
2.778320
3.310547
3.774414
4.257812
4.628906
4.853516
5.024414
5.126953
5.068359
4.965820
4.692383
4.311523
3.925781
3.457031
2.993164
2.416992
1.845703
1.333008
0.903320
0.483398
0.122070
-0.107422
-0.249023
-0.239258
-0.195312
0.000000
0.249023
0.639648
1.040039
1.572266
2.041016
2.622070
3.129883
3.623047
4.101562
4.458008
4.755859
4.980469
5.107422
5.048828
4.916992
4.736328
4.384766
4.013672
3.564453
3.071289
2.539062
1.997070
1.479492
1.010742
0.576172
0.249023
-0.063477
-0.249023
-0.234375
-0.239258
-0.058594
0.175781
0.522461
0.932617
1.420898
1.948242
2.500000
3.017578
3.544922
4.008789
4.418945
4.721680
4.936523
5.053711
5.087891
5.029297
4.799805
4.501953
4.169922
3.696289
3.168945
2.617188
2.124023
1.611328
1.113281
0.659180
0.273438
0.009766
-0.200195
-0.234375
-0.234375
-0.126953
0.092773
0.473633
0.844727
1.274414
1.782227
2.373047
2.919922
3.481445
3.930664
4.291992
4.667969
4.912109
5.053711
5.131836
5.073242
4.873047
4.609375
4.233398
3.813477
3.300781
2.802734
2.280273
1.728516
1.235352
0.781250
0.361328
0.087891
-0.117188
-0.253906
-0.273438
-0.146484
0.058594
0.346680
0.751953
1.176758
1.699219
2.241211
2.768555
3.300781
3.784180
4.223633
4.604492
4.877930
5.043945
5.107422
5.092773
4.946289
4.697266
4.331055
3.955078
3.476562
2.983398
2.392578
1.884766
1.337891
0.898438
0.493164
0.117188
-0.102539
-0.244141
-0.288086
-0.214844
-0.029297
0.258789
0.585938
1.044922
1.542969
2.070312
2.622070
3.120117
3.637695
4.086914
4.453125
4.746094
4.975586
5.083008
5.063477
4.951172
4.707031
4.394531
4.023438
3.593750
3.100586
2.529297
1.992188
1.450195
0.996094
0.561523
0.219727
-0.048828
-0.209961
-0.283203
-0.214844
-0.068359
0.205078
0.532227
0.981445
1.425781
1.943359
2.490234
3.027344
3.510742
4.003906
4.394531
4.697266
4.956055
5.087891
5.107422
5.004883
4.775391
4.531250
4.125977
3.720703
3.173828
2.661133
2.138672
1.616211
1.113281
0.683594
0.317383
-0.014648
-0.166016
-0.253906
-0.214844
-0.058594
0.156250
0.507812
0.883789
1.347656
1.865234
2.431641
2.939453
3.471680
3.935547
4.326172
4.731445
4.936523
5.063477
5.083008
5.039062
4.902344
4.614258
4.257812
3.852539
3.339844
2.827148
2.294922
1.777344
1.225586
0.781250
0.400391
0.078125
-0.117188
-0.258789
-0.239258
-0.151367
0.034180
0.341797
0.742188
1.191406
1.713867
2.280273
2.773438
3.330078
3.793945
4.243164
4.584961
4.873047
5.039062
5.122070
5.073242
4.916992
4.697266
4.345703
3.935547
3.442383
2.968750
2.397461
1.875000
1.323242
0.888672
0.493164
0.122070
-0.092773
-0.249023
-0.258789
-0.180664
0.000000
0.263672
0.644531
1.088867
1.552734
2.050781
2.612305
3.159180
3.657227
4.111328
4.487305
4.780273
4.960938
5.073242
5.063477
4.941406
4.721680
4.414062
4.003906
3.554688
3.061523
2.509766
2.006836
1.474609
1.005859
0.546875
0.195312
-0.078125
-0.175781
-0.283203
-0.234375
-0.058594
0.185547
0.571289
0.952148
1.455078
1.928711
2.480469
3.027344
3.559570
3.974609
4.394531
4.707031
4.965820
5.073242
5.107422
4.980469
4.809570
4.506836
4.160156
3.691406
3.193359
2.695312
2.119141
1.596680
1.064453
0.629883
0.302734
0.029297
-0.195312
-0.249023
-0.283203
-0.136719
0.122070
0.434570
0.810547
1.298828
1.816406
2.392578
2.905273
3.413086
3.930664
4.296875
4.658203
4.931641
5.073242
5.126953
5.073242
4.897461
4.609375
4.262695
3.808594
3.339844
2.792969
2.285156
1.728516
1.235352
0.791016
0.366211
0.083008
-0.146484
-0.273438
-0.283203
-0.126953
0.058594
0.341797
0.722656
1.162109
1.689453
2.241211
2.744141
