2.226562
1.625977
1.171875
0.732422
0.356445
0.004883
-0.175781
-0.268555
-0.219727
-0.117188
0.073242
0.405273
0.776367
1.250000
1.748047
2.246094
2.822266
3.310547
3.847656
4.306641
4.624023
4.882812
5.068359
5.083008
5.112305
4.921875
4.672852
4.306641
3.891602
3.432617
2.890625
2.338867
1.791992
1.269531
0.830078
0.415039
0.126953
-0.107422
-0.263672
-0.278320
-0.219727
0.019531
0.312500
0.693359
1.098633
1.625977
2.153320
2.714844
3.193359
3.706055
4.179688
4.541016
4.833984
5.014648
5.097656
5.092773
4.960938
4.750977
4.418945
4.018555
3.535156
3.056641
2.519531
1.962891
1.411133
0.917969
0.517578
0.234375
-0.034180
-0.205078
-0.288086
-0.229492
-0.029297
0.219727
0.556641
1.015625
1.430664
1.982422
2.495117
3.071289
3.554688
4.018555
4.462891
4.770508
4.941406
5.078125
5.092773
4.985352
4.799805
4.453125
4.082031
3.637695
3.154297
2.646484
2.075195
1.562500
1.064453
0.625000
0.292969
-0.039062
-0.200195
-0.288086
-0.244141
-0.136719
0.136719
0.507812
0.893555
1.386719
1.845703
2.446289
2.998047
3.481445
3.945312
4.326172
4.707031
4.936523
5.073242
5.131836
5.029297
4.848633
4.589844
4.213867
3.823242
3.300781
2.763672
2.197266
1.635742
1.176758
0.771484
0.351562
0.039062
-0.180664
-0.249023
-0.239258
-0.122070
0.063477
0.415039
0.825195
1.279297
1.796875
2.338867
2.885742
3.364258
3.842773
4.272461
4.638672
4.897461
5.083008
5.146484
5.117188
4.936523
4.667969
4.331055
3.916016
3.432617
2.895508
2.319336
1.777344
1.303711
0.834961
0.468750
0.107422
-0.122070
-0.249023
-0.224609
-0.136719
0.039062
0.322266
0.668945
1.123047
1.606445
2.138672
2.734375
3.183594
3.740234
4.160156
4.541016
4.838867
5.039062
5.117188
5.068359
4.975586
4.731445
4.375000
3.989258
3.530273
3.056641
2.485352
1.918945
1.411133
0.942383
0.527344
0.175781
-0.126953
-0.229492
-0.327148
-0.219727
-0.043945
0.214844
0.546875
1.010742
1.489258
2.021484
2.539062
3.071289
3.559570
4.047852
4.443359
4.716797
4.941406
5.058594
5.102539
4.995117
4.755859
4.477539
4.072266
3.666992
3.110352
2.573242
2.050781
1.503906
1.040039
0.634766
0.268555
-0.039062
-0.214844
-0.263672
-0.200195
-0.092773
0.156250
0.478516
0.913086
1.367188
1.889648
2.397461
2.944336
3.496094
3.925781
4.360352
4.702148
4.926758
5.024414
5.092773
5.058594
4.877930
4.570312
4.208984
3.754883
3.325195
2.729492
2.187500
1.694336
1.152344
0.717773
0.322266
0.058594
-0.131836
-0.249023
-0.297852
-0.146484
0.092773
0.405273
0.771484
1.245117
1.738281
2.314453
2.836914
3.334961
3.862305
4.262695
4.624023
4.912109
5.063477
5.136719
5.058594
4.887695
4.663086
4.331055
3.881836
3.422852
2.885742
2.343750
1.801758
1.289062
0.839844
0.429688
0.117188
-0.126953
-0.244141
-0.263672
-0.161133
0.014648
0.307617
0.683594
1.152344
1.621094
2.163086
2.719727
3.242188
3.725586
4.150391
4.511719
4.829102
5.063477
5.092773
5.087891
4.926758
4.765625
4.418945
4.018555
3.535156
3.027344
2.485352
1.972656
1.450195
0.971680
0.546875
0.185547
-0.019531
-0.200195
-0.239258
-0.219727
-0.053711
0.205078
0.556641
1.010742
1.464844
1.997070
2.553711
3.095703
3.569336
4.028320
4.433594
4.750977
5.004883
5.107422
5.063477
5.009766
4.746094
4.433594
4.101562
3.637695
3.144531
2.607422
2.050781
1.547852
1.044922
0.615234
0.253906
-0.024414
-0.190430
-0.302734
-0.229492
-0.087891
0.126953
0.483398
0.878906
1.357422
1.860352
2.441406
2.939453
3.452148
3.964844
4.331055
4.687500
4.931641
5.097656
5.078125
5.034180
4.843750
4.575195
4.194336
3.764648
3.242188
2.749023
2.216797
1.689453
1.210938
0.722656
0.327148
0.034180
-0.126953
-0.253906
-0.253906
-0.107422
0.068359
0.380859
0.795898
1.250000
1.782227
2.309570
2.822266
3.344727
3.852539
4.291992
4.638672
4.921875
5.112305
5.166016
5.097656
4.921875
4.687500
4.335938
3.925781
3.447266
2.885742
2.377930
1.845703
1.367188
0.834961
0.498047
0.180664
-0.068359
-0.205078
-0.224609
-0.146484
0.058594
0.322266
0.688477
1.147461
1.635742
2.163086
2.719727
3.251953
3.740234
4.174805
4.541016
4.824219
5.063477
5.117188
5.102539
4.936523
4.726562
4.394531
3.999023
3.569336
3.022461
2.475586
1.962891
1.435547
0.913086
0.507812
0.200195
-0.078125
-0.249023
-0.253906
-0.219727
-0.034180
0.219727
0.561523
0.976562
1.469727
2.006836
2.534180
3.085938
3.613281
3.999023
4.443359
4.736328
4.956055
5.117188
5.083008
4.975586
4.770508
4.477539
4.106445
3.637695
3.125000
2.583008
2.021484
1.538086
1.049805
0.610352
0.234375
-0.014648
-0.195312
-0.268555
-0.214844
-0.083008
0.156250
0.493164
0.893555
1.367188
1.855469
2.392578
2.949219
3.452148
3.950195
4.340820
4.692383
4.951172
5.083008
5.112305
5.034180
4.829102
4.594727
4.218750
3.715820
3.286133
2.734375
2.182617
1.660156
1.186523
0.751953
0.356445
0.048828
-0.175781
-0.278320
-0.244141
-0.122070
0.083008
0.371094
0.781250
1.269531
1.743164
2.280273
2.836914
3.344727
3.823242
4.282227
4.667969
4.946289
5.073242
5.122070
5.048828
4.936523
4.677734
4.311523
3.891602
3.393555
2.851562
2.338867
1.816406
1.318359
0.815430
0.454102
0.117188
-0.107422
-0.239258
-0.302734
-0.166016
0.039062
0.322266
0.654297
1.142578
1.601562
2.167969
2.695312
3.232422
3.720703
4.169922
4.531250
4.833984
4.995117
5.126953
5.078125
4.970703
4.741211
4.409180
4.003906
3.510742
3.027344
2.485352
1.938477
1.464844
0.952148
0.532227
0.190430
-0.039062
-0.239258
-0.249023
-0.175781
-0.058594
0.234375
0.546875
0.981445
1.484375
2.041016
2.519531
3.051758
3.579102
4.013672
4.443359
4.736328
4.941406
5.107422
5.078125
4.980469
4.765625
4.453125
4.096680
3.637695
3.159180
2.636719
2.070312
1.542969
1.025391
0.600586
0.263672
-0.009766
-0.200195
-0.278320
-0.244141
-0.087891
0.156250
0.473633
0.888672
1.411133
1.875000
2.412109
2.963867
3.461914
3.959961
4.360352
4.687500
4.941406
5.058594
5.112305
5.063477
4.838867
4.589844
4.228516
3.740234
3.261719
2.773438
2.172852
1.718750
1.171875
0.722656
0.371094
0.019531
-0.185547
-0.258789
-0.219727
-0.117188
0.146484
0.429688
0.825195
1.313477
1.772461
2.299805
2.866211
3.408203
3.857422
4.296875
4.643555
4.936523
5.102539
5.136719
5.058594
4.956055
4.677734
4.355469
3.920898
3.422852
2.900391
2.358398
1.850586
1.342773
0.883789
0.424805
0.136719
-0.102539
-0.219727
-0.185547
-0.166016
0.078125
0.351562
0.688477
1.147461
1.616211
2.167969
2.685547
3.237305
3.730469
4.169922
4.545898
4.824219
5.058594
5.097656
5.097656
4.941406
4.731445
4.453125
4.028320
3.505859
3.022461
2.485352
1.943359
1.440430
0.981445
0.507812
0.200195
-0.073242
-0.239258
-0.239258
-0.209961
-0.063477
0.244141
0.561523
1.015625
1.474609
2.026367
2.558594
3.066406
3.618164
4.033203
4.458008
4.765625
4.951172
5.053711
5.107422
4.960938
4.785156
4.458008
4.096680
3.613281
3.139648
2.597656
2.026367
1.552734
1.030273
0.644531
0.239258
-0.009766
-0.205078
-0.278320
-0.229492
-0.087891
0.166016
0.468750
0.903320
1.362305
1.850586
2.412109
2.963867
3.457031
3.930664
4.370117
4.682617
4.916992
5.083008
5.122070
5.014648
4.848633
4.570312
4.223633
3.784180
3.271484
2.719727
2.207031
1.713867
1.206055
0.703125
0.317383
0.043945
-0.200195
-0.268555
-0.239258
-0.122070
0.083008
0.410156
0.766602
1.196289
1.772461
2.250977
2.832031
3.354492
3.862305
4.262695
4.624023
4.902344
5.078125
5.131836
5.058594
4.931641
4.643555
4.291992
3.876953
3.393555
2.866211
2.358398
1.835938
1.298828
0.830078
0.449219
0.161133
-0.102539
-0.278320
-0.263672
-0.170898
0.009766
0.297852
0.698242
1.142578
1.630859
2.138672
2.709961
3.193359
3.730469
4.150391
4.560547
4.829102
4.985352
5.083008
5.078125
5.004883
4.755859
4.394531
4.003906
3.549805
3.032227
2.500000
1.972656
1.425781
0.917969
0.541992
0.229492
-0.034180
-0.195312
-0.268555
-0.175781
-0.024414
0.205078
0.566406
0.957031
1.474609
1.997070
2.534180
3.051758
3.574219
4.052734
4.418945
4.731445
4.941406
5.053711
5.078125
4.970703
4.750977
4.521484
4.096680
3.652344
3.164062
2.641602
2.070312
1.562500
1.054688
0.629883
0.283203
0.009766
-0.175781
-0.273438
-0.214844
-0.097656
0.136719
0.473633
0.917969
1.386719
1.914062
2.426758
2.929688
3.481445
3.955078
4.360352
4.702148
4.946289
5.073242
5.092773
5.043945
4.814453
4.580078
4.208984
3.759766
3.276367
2.753906
2.211914
1.689453
1.201172
0.761719
0.332031
0.058594
-0.146484
-0.224609
-0.214844
-0.126953
0.058594
0.395508
0.869141
1.293945
1.777344
2.343750
2.841797
3.427734
3.876953
4.296875
4.658203
4.921875
5.063477
5.146484
5.126953
4.970703
4.707031
4.355469
3.930664
3.403320
2.915039
2.358398
1.840820
1.333008
0.844727
0.463867
0.131836
-0.102539
-0.234375
-0.263672
-0.126953
0.053711
0.322266
0.703125
1.069336
1.630859
2.114258
2.705078
3.222656
3.725586
4.189453
4.550781
4.858398
5.024414
5.107422
5.063477
4.970703
4.750977
4.409180
3.989258
3.535156
3.007812
2.495117
1.987305
1.445312
0.966797
0.483398
0.146484
-0.107422
-0.205078
-0.283203
-0.205078
-0.034180
0.185547
0.605469
1.005859
1.508789
1.997070
2.597656
3.090820
3.574219
4.047852
4.462891
4.765625
4.970703
5.068359
5.058594
4.990234
4.755859
4.453125
4.077148
3.632812
3.134766
2.583008
2.065430
1.494141
1.015625
0.605469
0.302734
-0.009766
-0.190430
-0.263672
-0.229492
-0.078125
0.141602
0.424805
0.932617
1.347656
1.889648
2.368164
2.983398
3.476562
3.920898
4.370117
4.672852
4.912109
5.068359
5.131836
5.043945
4.873047
4.589844
4.238281
3.798828
3.291016
2.753906
2.221680
1.694336
1.166992
0.732422
0.297852
0.024414
-0.161133
-0.249023
-0.234375
-0.170898
0.063477
0.410156
0.761719
1.230469
1.728516
2.299805
2.817383
3.339844
3.837891
4.277344
4.648438
4.941406
5.087891
5.170898
5.083008
4.936523
4.697266
4.331055
3.916016
3.403320
2.890625
2.348633
1.806641
1.298828
0.830078
0.439453
0.102539
-0.112305
-0.263672
-0.283203
-0.136719
0.024414
0.268555
0.659180
1.137695
1.640625
2.148438
2.705078
3.232422
3.725586
4.155273
4.531250
4.843750
5.043945
5.097656
5.107422
4.956055
4.702148
4.370117
4.013672
3.544922
3.041992
2.509766
1.933594
1.430664
0.971680
0.551758
0.200195
-0.078125
-0.219727
-0.273438
-0.209961
-0.087891
0.190430
0.556641
0.971680
1.479492
1.972656
2.485352
3.041992
3.525391
4.038086
4.423828
4.736328
4.936523
5.073242
5.097656
4.980469
4.780273
4.487305
4.047852
3.642578
3.144531
2.636719
2.089844
1.533203
1.054688
0.629883
0.268555
-0.039062
-0.185547
-0.273438
-0.253906
-0.078125
0.156250
0.498047
0.908203
1.357422
1.884766
2.421875
2.958984
3.481445
3.945312
4.350586
4.697266
4.936523
5.058594
5.131836
5.004883
4.858398
4.560547
4.208984
3.764648
3.286133
2.734375
2.231445
1.630859
1.186523
0.747070
0.351562
0.068359
-0.151367
-0.234375
-0.249023
-0.107422
0.126953
0.429688
0.830078
1.284180
1.806641
2.358398
2.905273
3.432617
3.886719
4.296875
4.599609
4.907227
5.117188
5.175781
5.107422
4.921875
4.663086
4.316406
3.916016
3.413086
2.939453
2.382812
1.826172
1.337891
0.839844
0.483398
0.180664
-0.087891
-0.224609
-0.205078
-0.161133
0.058594
0.346680
0.678711
1.108398
1.635742
2.163086
2.705078
3.222656
3.720703
4.189453
4.550781
4.809570
5.029297
5.112305
5.097656
4.975586
4.716797
4.414062
3.999023
3.496094
3.032227
2.485352
1.928711
1.440430
0.976562
0.488281
0.214844
-0.102539
-0.205078
-0.258789
-0.219727
-0.053711
0.219727
0.585938
1.010742
1.518555
2.021484
2.534180
3.061523
3.593750
4.106445
4.418945
4.731445
4.941406
5.063477
5.063477
4.985352
4.736328
4.448242
4.047852
3.637695
3.183594
2.602539
2.060547
1.508789
1.035156
0.620117
0.253906
-0.024414
-0.190430
-0.258789
-0.219727
-0.107422
0.175781
0.502930
0.883789
1.357422
1.899414
2.416992
2.963867
3.476562
3.950195
4.360352
4.687500
4.946289
5.092773
5.107422
5.029297
4.843750
4.560547
4.199219
3.754883
3.266602
2.734375
2.197266
1.674805
1.157227
0.703125
0.380859
0.034180
-0.195312
-0.297852
-0.288086
-0.117188
0.083008
0.410156
0.805664
1.240234
1.748047
2.255859
2.792969
3.369141
3.876953
4.252930
4.619141
4.921875
5.063477
5.141602
5.034180
4.921875
4.653320
4.296875
3.930664
3.417969
2.905273
2.324219
1.782227
1.313477
0.874023
0.444336
0.102539
-0.122070
-0.249023
-0.244141
-0.200195
-0.004883
0.312500
0.693359
1.123047
1.611328
2.138672
2.714844
3.232422
3.706055
4.165039
4.541016
4.829102
5.019531
5.141602
5.087891
4.975586
4.726562
4.394531
4.013672
3.554688
3.032227
2.495117
1.933594
1.406250
0.932617
0.527344
0.195312
-0.024414
-0.175781
-0.268555
-0.229492
-0.029297
0.190430
0.566406
0.957031
1.479492
1.982422
2.529297
3.100586
3.559570
4.028320
4.433594
4.746094
4.965820
5.112305
5.073242
4.960938
4.770508
4.477539
4.091797
3.647461
3.173828
2.617188
2.065430
1.523438
1.044922
0.590820
0.268555
-0.019531
-0.195312
-0.278320
-0.239258
-0.107422
0.156250
0.488281
0.893555
1.333008
1.860352
2.407227
2.963867
3.481445
3.950195
4.340820
4.682617
4.946289
5.068359
5.107422
5.048828
4.848633
4.570312
4.199219
3.784180
3.242188
2.729492
2.221680
1.679688
1.201172
0.751953
0.341797
0.034180
-0.156250
-0.268555
-0.253906
-0.102539
0.112305
0.405273
0.839844
1.289062
1.782227
2.358398
2.856445
3.364258
3.896484
4.267578
4.624023
4.912109
5.083008
5.141602
5.063477
4.902344
4.653320
4.355469
3.930664
3.437500
2.958984
2.387695
1.806641
1.328125
0.849609
0.473633
0.156250
-0.078125
-0.209961
-0.249023
-0.151367
0.014648
0.356445
0.693359
1.132812
1.616211
2.153320
2.695312
3.256836
3.740234
4.184570
4.550781
4.833984
5.029297
5.146484
5.117188
4.975586
4.716797
4.418945
4.023438
3.510742
3.027344
2.495117
1.972656
1.445312
0.903320
0.502930
0.175781
-0.068359
-0.239258
-0.258789
-0.239258
-0.019531
0.249023
0.546875
1.005859
1.508789
1.992188
2.529297
3.090820
3.559570
4.042969
4.414062
4.726562
4.965820
5.087891
5.063477
4.956055
4.750977
4.443359
4.038086
3.637695
3.110352
2.573242
2.070312
1.518555
1.049805
0.610352
0.273438
-0.024414
-0.200195
-0.253906
-0.239258
-0.107422
0.156250
0.463867
0.908203
1.381836
1.899414
2.412109
2.963867
3.500977
3.959961
4.316406
4.653320
4.902344
5.063477
5.073242
4.985352
4.848633
4.580078
4.204102
3.759766
3.247070
2.729492
2.216797
1.660156
1.152344
0.688477
0.327148
0.058594
-0.180664
-0.244141
-0.244141
-0.151367
0.083008
0.361328
0.771484
1.254883
1.723633
2.241211
2.817383
3.378906
3.847656
4.257812
4.624023
4.873047
5.073242
5.126953
5.078125
4.892578
4.658203
4.296875
3.896484
3.403320
2.890625
2.319336
1.787109
1.318359
0.820312
0.415039
0.112305
-0.170898
-0.244141
-0.253906
-0.214844
-0.004883
0.292969
0.683594
1.132812
1.606445
2.167969
2.666016
3.227539
3.715820
4.194336
4.526367
4.824219
5.019531
5.102539
5.107422
4.960938
4.711914
4.423828
4.018555
3.525391
3.017578
2.460938
1.987305
1.445312
0.937500
0.517578
0.180664
-0.039062
-0.205078
-0.273438
-0.205078
-0.043945
0.195312
0.581055
1.000977
1.513672
2.006836
2.534180
3.046875
3.593750
4.038086
4.409180
4.711914
4.965820
5.068359
5.131836
4.960938
4.799805
4.482422
4.106445
3.632812
3.134766
2.597656
2.050781
1.533203
1.040039
0.610352
0.263672
-0.014648
-0.175781
-0.278320
-0.249023
-0.102539
0.141602
0.478516
0.898438
1.396484
1.865234
2.426758
2.963867
3.452148
3.955078
4.335938
4.707031
4.936523
5.078125
5.092773
5.043945
4.858398
4.501953
4.165039
3.842773
3.286133
2.749023
2.202148
1.650391
1.201172
0.742188
0.371094
0.053711
-0.180664
-0.258789
-0.258789
-0.122070
0.117188
0.444336
0.830078
1.284180
1.782227
2.299805
2.841797
3.398438
3.872070
4.267578
4.604492
4.853516
5.083008
5.131836
5.087891
4.936523
4.653320
4.321289
3.876953
3.437500
2.905273
2.353516
1.796875
1.269531
0.839844
0.424805
0.126953
-0.073242
-0.224609
-0.234375
-0.175781
0.053711
0.332031
0.683594
1.113281
1.630859
2.119141
2.695312
3.242188
3.735352
4.165039
4.560547
4.819336
5.019531
5.107422
5.053711
5.000000
4.770508
4.399414
4.018555
3.540039
3.032227
2.495117
1.948242
1.430664
0.922852
0.498047
0.200195
-0.078125
-0.185547
-0.278320
-0.195312
-0.019531
0.219727
0.571289
0.966797
1.518555
2.026367
2.539062
3.085938
3.579102
4.052734
4.477539
4.736328
4.946289
5.058594
5.068359
5.004883
4.794922
4.472656
4.052734
3.623047
3.110352
2.617188
2.075195
1.542969
1.054688
0.629883
0.263672
-0.029297
-0.151367
-0.273438
-0.253906
-0.078125
0.146484
0.498047
0.893555
1.367188
1.879883
2.402344
2.949219
3.481445
3.930664
4.360352
4.697266
4.931641
5.087891
5.107422
5.034180
4.824219
4.575195
4.199219
3.764648
3.251953
2.768555
2.226562
1.665039
1.142578
0.737305
0.385742
0.039062
-0.141602
-0.249023
-0.239258
-0.146484
0.053711
0.361328
0.800781
1.298828
1.743164
2.280273
2.856445
3.344727
3.828125
4.287109
4.599609
4.931641
5.058594
5.151367
5.073242
4.916992
4.658203
4.287109
3.886719
3.413086
2.910156
2.333984
1.787109
1.289062
0.810547
0.419922
0.097656
-0.141602
-0.239258
-0.268555
-0.170898
0.014648
0.297852
0.668945
1.103516
1.591797
2.153320
2.714844
3.237305
3.676758
4.189453
4.526367
4.804688
5.024414
5.131836
5.083008
4.946289
4.682617
4.414062
4.018555
3.540039
3.022461
2.500000
1.918945
1.425781
0.947266
0.537109
0.209961
-0.063477
-0.214844
-0.249023
-0.234375
-0.058594
0.253906
0.566406
0.957031
1.445312
2.006836
2.539062
3.100586
3.564453
4.018555
4.433594
4.721680
4.975586
5.092773
5.117188
4.975586
4.780273
4.467773
4.106445
3.632812
3.144531
2.583008
2.060547
1.538086
1.049805
0.639648
0.268555
-0.024414
-0.200195
-0.253906
-0.205078
-0.083008
0.141602
0.468750
0.878906
1.376953
1.899414
2.387695
2.944336
3.476562
3.959961
4.350586
4.697266
4.931641
5.097656
5.136719
5.029297
4.873047
4.580078
4.179688
3.789062
3.276367
2.778320
2.207031
1.650391
1.181641
0.732422
0.366211
0.043945
-0.146484
-0.239258
-0.205078
-0.107422
0.078125
0.361328
0.791016
1.284180
1.772461
2.314453
2.851562
3.344727
3.862305
4.272461
4.638672
4.941406
5.122070
5.136719
5.083008
4.921875
4.692383
4.365234
3.950195
3.422852
2.949219
2.402344
1.850586
1.342773
0.874023
0.449219
0.122070
-0.097656
-0.209961
-0.268555
-0.161133
0.053711
0.351562
0.708008
1.147461
1.596680
2.143555
2.714844
3.242188
3.740234
4.194336
4.531250
4.819336
5.078125
5.117188
5.073242
4.936523
4.721680
4.414062
3.994141
3.525391
3.041992
2.509766
1.933594
1.376953
0.917969
0.507812
0.195312
-0.083008
-0.224609
-0.273438
-0.209961
-0.034180
0.205078
0.576172
0.991211
1.494141
2.031250
2.543945
3.071289
3.569336
4.052734
4.443359
4.750977
4.965820
5.053711
5.087891
4.970703
4.790039
4.492188
4.077148
3.627930
3.144531
2.597656
2.075195
1.528320
1.069336
0.644531
0.273438
0.034180
-0.200195
-0.258789
-0.244141
-0.068359
0.170898
0.502930
0.878906
1.372070
1.909180
2.392578
2.978516
3.491211
3.955078
4.350586
4.682617
4.926758
5.039062
5.097656
5.039062
4.877930
4.555664
4.179688
3.774414
3.325195
2.739258
2.197266
1.660156
1.225586
0.742188
0.327148
0.024414
-0.200195
-0.249023
-0.214844
-0.107422
0.083008
0.385742
0.771484
1.254883
1.787109
2.294922
2.827148
3.330078
3.867188
4.277344
4.638672
4.897461
5.063477
5.097656
5.078125
4.926758
4.672852
4.316406
3.886719
3.408203
2.890625
2.324219
1.816406
1.289062
0.800781
0.429688
0.122070
-0.122070
-0.253906
-0.258789
-0.146484
0.034180
0.336914
0.678711
1.113281
1.650391
2.182617
2.680664
