2.080078
1.567383
1.074219
0.634766
0.283203
-0.024414
-0.185547
-0.278320
-0.234375
-0.087891
0.141602
0.473633
0.874023
1.347656
1.875000
2.407227
2.939453
3.447266
3.945312
4.350586
4.658203
4.941406
5.068359
5.112305
5.034180
4.887695
4.594727
4.248047
3.813477
3.325195
2.797852
2.275391
1.704102
1.235352
0.747070
0.341797
0.063477
-0.161133
-0.253906
-0.253906
-0.175781
0.102539
0.366211
0.771484
1.225586
1.748047
2.255859
2.797852
3.334961
3.823242
4.321289
4.663086
4.951172
5.073242
5.170898
5.107422
4.946289
4.736328
4.409180
3.974609
3.486328
2.939453
2.451172
1.904297
1.381836
0.917969
0.478516
0.131836
-0.107422
-0.229492
-0.205078
-0.136719
0.068359
0.346680
0.688477
1.123047
1.640625
2.153320
2.724609
3.232422
3.764648
4.155273
4.541016
4.824219
5.014648
5.068359
5.117188
5.000000
4.731445
4.433594
4.072266
3.569336
3.090820
2.519531
1.987305
1.503906
1.020508
0.546875
0.214844
-0.039062
-0.209961
-0.258789
-0.166016
-0.043945
0.195312
0.537109
1.005859
1.459961
1.997070
2.568359
3.051758
3.598633
4.023438
4.418945
4.731445
4.965820
5.092773
5.083008
5.004883
4.780273
4.516602
4.150391
3.696289
3.168945
2.666016
2.114258
1.567383
1.083984
0.615234
0.273438
-0.024414
-0.200195
-0.322266
-0.258789
-0.097656
0.141602
0.468750
0.874023
1.333008
1.870117
2.407227
2.993164
3.466797
3.925781
4.335938
4.697266
4.882812
5.043945
5.117188
5.043945
4.877930
4.609375
4.213867
3.808594
3.310547
2.778320
2.221680
1.704102
1.176758
0.771484
0.371094
0.043945
-0.175781
-0.268555
-0.229492
-0.126953
0.039062
0.351562
0.766602
1.230469
1.699219
2.246094
2.802734
3.349609
3.818359
4.218750
4.584961
4.877930
5.024414
5.078125
5.117188
4.907227
4.643555
4.331055
3.955078
3.466797
2.919922
2.377930
1.840820
1.362305
0.893555
0.498047
0.097656
-0.126953
-0.273438
-0.244141
-0.156250
-0.019531
0.297852
0.664062
1.079102
1.611328
2.158203
2.631836
3.222656
3.720703
4.135742
4.531250
4.848633
4.985352
5.112305
5.102539
4.995117
4.716797
4.399414
4.033203
3.564453
3.032227
2.534180
2.006836
1.494141
0.952148
0.566406
0.224609
-0.029297
-0.229492
-0.239258
-0.180664
-0.029297
0.244141
0.581055
1.015625
1.513672
2.075195
2.553711
3.095703
3.593750
4.033203
4.404297
4.716797
4.946289
5.073242
5.092773
4.956055
4.780273
4.487305
4.086914
3.657227
3.149414
2.666016
2.114258
1.616211
1.064453
0.654297
0.219727
0.000000
-0.195312
-0.268555
-0.205078
-0.136719
0.180664
0.478516
0.888672
1.376953
1.860352
2.397461
2.944336
3.452148
3.930664
4.335938
4.711914
4.946289
5.068359
5.112305
5.053711
4.897461
4.628906
4.228516
3.818359
3.305664
2.807617
2.250977
1.738281
1.220703
0.791016
0.351562
0.058594
-0.151367
-0.258789
-0.239258
-0.156250
0.097656
0.366211
0.800781
1.235352
1.733398
2.290039
2.797852
3.383789
3.881836
4.277344
4.614258
4.882812
5.078125
5.175781
5.161133
4.975586
4.692383
4.360352
3.955078
3.520508
2.963867
2.460938
1.879883
1.367188
0.947266
0.522461
0.166016
-0.083008
-0.175781
-0.209961
-0.117188
0.092773
0.346680
0.727539
1.137695
1.606445
2.133789
2.695312
3.271484
3.779297
4.194336
4.516602
4.809570
5.009766
5.117188
5.087891
4.931641
4.741211
4.467773
4.067383
3.579102
3.046875
2.568359
1.997070
1.459961
0.986328
0.566406
0.234375
-0.078125
-0.170898
-0.273438
-0.170898
-0.039062
0.200195
0.585938
0.996094
1.503906
1.997070
2.529297
3.071289
3.544922
4.067383
4.448242
4.760742
4.990234
5.097656
5.097656
5.004883
4.804688
4.521484
4.116211
3.686523
3.178711
2.626953
2.128906
1.572266
1.108398
0.615234
0.268555
-0.024414
-0.219727
-0.302734
-0.283203
-0.126953
0.102539
0.473633
0.874023
1.342773
1.855469
2.402344
2.968750
3.442383
3.906250
4.331055
4.653320
4.951172
5.073242
5.087891
5.034180
4.882812
4.643555
4.228516
3.803711
3.305664
2.832031
2.221680
1.752930
1.215820
0.751953
0.375977
0.063477
-0.136719
-0.234375
-0.239258
-0.141602
0.068359
0.356445
0.751953
1.235352
1.708984
2.236328
2.792969
3.330078
3.798828
4.248047
4.584961
4.848633
5.019531
5.141602
5.078125
4.877930
4.643555
4.350586
3.959961
3.466797
2.958984
2.412109
1.875000
1.376953
0.908203
0.478516
0.131836
-0.092773
-0.239258
-0.234375
-0.161133
0.029297
0.278320
0.673828
1.103516
1.611328
2.143555
2.656250
3.188477
3.720703
4.160156
4.506836
4.794922
4.995117
5.102539
5.107422
4.956055
4.746094
4.453125
4.023438
3.549805
3.076172
2.514648
1.962891
1.459961
1.000977
0.537109
0.195312
-0.024414
-0.170898
-0.249023
-0.209961
-0.034180
0.229492
0.585938
1.020508
1.489258
2.045898
2.553711
3.115234
3.574219
4.052734
4.428711
4.687500
4.941406
5.068359
5.053711
4.980469
4.790039
4.477539
4.101562
3.666992
3.154297
2.646484
2.104492
1.523438
1.079102
0.620117
0.278320
0.024414
-0.185547
-0.268555
-0.249023
-0.122070
0.146484
0.468750
0.893555
1.352539
1.855469
2.416992
2.973633
3.452148
3.916016
4.360352
4.663086
4.916992
5.078125
5.092773
5.024414
4.877930
4.643555
4.208984
3.798828
3.295898
2.788086
2.280273
1.704102
1.230469
0.747070
0.366211
0.053711
-0.161133
-0.278320
-0.239258
-0.156250
0.097656
0.395508
0.781250
1.230469
1.762695
2.290039
2.846680
3.383789
3.867188
4.345703
4.653320
4.951172
5.112305
5.205078
5.161133
4.980469
4.746094
4.331055
3.999023
3.505859
2.998047
2.397461
1.870117
1.347656
0.913086
0.488281
0.205078
-0.078125
-0.166016
-0.205078
-0.131836
0.058594
0.336914
0.698242
1.171875
1.655273
2.202148
2.685547
3.291016
3.764648
4.199219
4.565430
4.824219
5.029297
5.097656
5.122070
4.995117
4.755859
4.409180
4.057617
3.583984
3.095703
2.534180
2.011719
1.484375
1.000977
0.571289
0.190430
-0.034180
-0.170898
-0.273438
-0.185547
-0.083008
0.214844
0.605469
0.976562
1.479492
1.982422
2.524414
3.090820
3.603516
4.052734
4.453125
4.770508
4.965820
5.117188
5.087891
5.024414
4.819336
4.511719
4.121094
3.652344
3.154297
2.656250
2.104492
1.577148
1.059570
0.585938
0.209961
-0.034180
-0.219727
-0.297852
-0.283203
-0.146484
0.107422
0.468750
0.864258
1.328125
1.875000
2.358398
2.929688
3.457031
3.930664
4.331055
4.687500
4.951172
5.078125
5.126953
5.063477
4.843750
4.589844
4.238281
3.818359
3.300781
2.812500
2.270508
1.684570
1.176758
0.717773
0.366211
0.083008
-0.122070
-0.263672
-0.297852
-0.180664
0.058594
0.395508
0.756836
1.235352
1.738281
2.270508
2.827148
3.310547
3.803711
4.248047
4.594727
4.887695
4.995117
5.126953
5.063477
4.970703
4.702148
4.331055
3.950195
3.432617
2.929688
2.402344
1.860352
1.342773
0.893555
0.478516
0.136719
-0.117188
-0.239258
-0.273438
-0.209961
0.014648
0.312500
0.673828
1.083984
1.601562
2.133789
2.666016
3.198242
3.696289
4.145508
4.516602
4.819336
5.014648
5.122070
5.092773
4.931641
4.765625
4.438477
4.052734
3.608398
3.056641
2.524414
1.997070
1.474609
1.000977
0.561523
0.219727
-0.048828
-0.185547
-0.229492
-0.180664
-0.029297
0.214844
0.600586
1.035156
1.508789
2.006836
2.524414
3.066406
3.564453
4.023438
4.379883
4.687500
4.912109
5.024414
5.048828
4.956055
4.750977
4.472656
4.072266
3.671875
3.173828
2.636719
2.124023
1.601562
1.108398
0.654297
0.278320
-0.009766
-0.180664
-0.292969
-0.239258
-0.102539
0.166016
0.463867
0.854492
1.357422
1.884766
2.402344
2.949219
3.457031
3.920898
4.350586
4.682617
4.916992
5.083008
5.122070
5.019531
4.858398
4.584961
4.238281
3.808594
3.330078
2.797852
2.236328
1.708984
1.186523
0.756836
0.375977
0.058594
-0.131836
-0.258789
-0.214844
-0.112305
0.078125
0.410156
0.795898
1.240234
1.772461
2.270508
2.846680
3.359375
3.862305
4.326172
4.672852
4.941406
5.107422
5.166016
5.131836
4.975586
4.741211
4.394531
3.959961
3.476562
2.983398
2.387695
1.879883
1.372070
0.932617
0.454102
0.151367
-0.073242
-0.214844
-0.185547
-0.097656
0.063477
0.346680
0.751953
1.152344
1.621094
2.163086
2.724609
3.256836
3.720703
4.184570
4.526367
4.833984
5.009766
5.107422
5.102539
4.990234
4.750977
4.458008
4.082031
3.598633
3.076172
2.524414
1.987305
1.508789
1.025391
0.585938
0.185547
-0.058594
-0.224609
-0.258789
-0.205078
-0.078125
0.185547
0.581055
0.961914
1.508789
1.982422
2.529297
3.095703
3.588867
4.038086
4.453125
4.731445
4.960938
5.083008
5.078125
4.990234
4.799805
4.526367
4.101562
3.642578
3.129883
2.612305
2.109375
1.591797
1.093750
0.625000
0.249023
-0.024414
-0.205078
-0.297852
-0.307617
-0.136719
0.141602
0.415039
0.878906
1.367188
1.860352
2.402344
2.958984
3.476562
3.940430
4.331055
4.677734
4.946289
5.048828
5.122070
5.039062
4.868164
4.599609
4.252930
3.789062
3.320312
2.802734
2.236328
1.694336
1.201172
0.771484
0.366211
0.087891
-0.146484
-0.292969
-0.268555
-0.146484
0.058594
0.361328
0.737305
1.181641
1.738281
2.216797
2.788086
3.320312
3.837891
4.287109
4.580078
4.873047
5.024414
5.112305
5.058594
4.941406
4.687500
4.375000
3.950195
3.491211
2.939453
2.397461
1.870117
1.342773
0.893555
0.488281
0.151367
-0.141602
-0.258789
-0.273438
-0.175781
0.014648
0.302734
0.688477
1.113281
1.606445
2.153320
2.617188
3.222656
3.706055
4.169922
4.531250
4.829102
5.009766
5.131836
5.097656
4.985352
4.760742
4.477539
4.052734
3.574219
3.076172
2.543945
1.992188
1.459961
1.005859
0.576172
0.234375
-0.034180
-0.175781
-0.229492
-0.180664
-0.009766
0.229492
0.576172
0.986328
1.518555
2.060547
2.534180
3.095703
3.598633
4.023438
4.394531
4.711914
4.975586
5.073242
5.043945
4.960938
4.780273
4.511719
4.116211
3.681641
3.144531
2.656250
2.084961
1.562500
1.083984
0.644531
0.263672
-0.004883
-0.214844
-0.273438
-0.234375
-0.107422
0.151367
0.468750
0.869141
1.347656
1.826172
2.397461
2.924805
3.471680
3.935547
4.326172
4.677734
4.921875
5.122070
5.112305
5.024414
4.873047
4.609375
4.257812
3.789062
3.315430
2.792969
2.246094
1.728516
1.196289
0.747070
0.366211
0.058594
-0.146484
-0.288086
-0.278320
-0.107422
0.078125
0.395508
0.786133
1.245117
1.777344
2.290039
2.856445
3.354492
3.828125
4.291992
4.667969
4.946289
5.068359
5.126953
5.039062
4.921875
4.687500
4.365234
3.925781
3.500977
2.939453
2.436523
1.870117
1.342773
0.874023
0.483398
0.156250
-0.048828
-0.195312
-0.239258
-0.126953
0.029297
0.341797
0.717773
1.166992
1.650391
2.163086
2.714844
3.242188
3.735352
4.194336
4.521484
4.809570
5.009766
5.102539
5.092773
4.970703
4.741211
4.458008
4.072266
3.579102
3.076172
2.529297
1.987305
1.489258
0.976562
0.561523
0.180664
-0.073242
-0.234375
-0.229492
-0.190430
-0.048828
0.219727
0.566406
1.005859
1.469727
1.977539
2.563477
3.076172
3.554688
4.013672
4.433594
4.726562
5.000000
5.058594
5.097656
4.970703
4.765625
4.526367
4.111328
3.681641
3.168945
2.617188
2.124023
1.562500
1.069336
0.610352
0.268555
-0.014648
-0.214844
-0.297852
-0.292969
-0.146484
0.136719
0.498047
0.898438
1.323242
1.865234
2.397461
2.924805
3.437500
3.940430
4.360352
4.702148
4.956055
5.058594
5.131836
5.053711
4.863281
4.584961
4.238281
3.813477
3.330078
2.797852
2.236328
1.669922
1.171875
0.771484
0.380859
0.053711
-0.151367
-0.249023
-0.258789
-0.107422
0.078125
0.356445
0.751953
1.210938
1.728516
2.250977
2.827148
3.334961
3.793945
4.238281
4.624023
4.897461
4.985352
5.102539
5.043945
4.936523
4.682617
4.370117
3.979492
3.452148
2.978516
2.421875
1.860352
1.328125
0.888672
0.468750
0.131836
-0.083008
-0.234375
-0.249023
-0.180664
0.004883
0.307617
0.693359
1.108398
1.586914
2.109375
2.695312
3.173828
3.691406
4.165039
4.545898
4.809570
5.029297
5.092773
5.058594
4.985352
4.765625
4.428711
4.047852
3.564453
3.081055
2.543945
1.987305
1.494141
0.971680
0.600586
0.229492
-0.024414
-0.200195
-0.239258
-0.195312
-0.019531
0.219727
0.581055
1.030273
1.484375
1.992188
2.539062
3.100586
3.559570
4.018555
4.399414
4.716797
4.956055
5.083008
5.053711
4.980469
4.755859
4.453125
4.096680
3.671875
3.154297
2.607422
2.084961
1.542969
1.049805
0.649414
0.268555
-0.024414
-0.205078
-0.283203
-0.239258
-0.136719
0.122070
0.439453
0.874023
1.352539
1.875000
2.407227
2.944336
3.442383
3.906250
4.335938
4.692383
4.907227
5.063477
5.122070
5.034180
4.848633
4.638672
4.248047
3.808594
3.315430
2.797852
2.250977
1.699219
1.210938
0.737305
0.361328
0.078125
-0.156250
-0.268555
-0.224609
-0.151367
0.073242
0.400391
0.747070
1.225586
1.752930
2.294922
2.851562
3.344727
3.842773
4.282227
4.653320
4.926758
5.097656
5.151367
5.078125
4.912109
4.711914
4.360352
3.974609
3.466797
2.939453
2.416992
1.875000
1.352539
0.917969
0.493164
0.175781
-0.063477
-0.214844
-0.234375
-0.151367
0.058594
0.346680
0.727539
1.157227
1.650391
2.158203
2.685547
3.232422
3.735352
4.179688
4.545898
4.819336
4.995117
5.122070
5.092773
4.960938
4.750977
4.453125
4.023438
3.598633
3.066406
2.534180
2.006836
1.464844
1.005859
0.537109
0.200195
-0.048828
-0.175781
-0.258789
-0.214844
-0.058594
0.209961
0.522461
0.961914
1.445312
2.001953
2.534180
3.085938
3.579102
4.047852
4.428711
4.741211
4.975586
5.083008
5.063477
4.995117
4.780273
4.487305
4.106445
3.666992
3.159180
2.641602
2.089844
1.533203
1.054688
0.600586
0.249023
-0.004883
-0.166016
-0.283203
-0.278320
-0.117188
0.083008
0.473633
0.859375
1.328125
1.875000
2.407227
2.939453
3.471680
3.925781
4.345703
4.702148
4.902344
5.063477
5.107422
5.039062
4.877930
4.599609
4.243164
3.823242
3.334961
2.778320
2.211914
1.704102
1.215820
0.732422
0.336914
0.034180
-0.156250
-0.249023
-0.273438
-0.141602
0.073242
0.390625
0.722656
1.220703
1.718750
2.241211
2.822266
3.300781
3.823242
4.223633
4.628906
4.882812
5.053711
5.117188
5.092773
4.912109
4.692383
4.316406
3.920898
3.491211
2.968750
2.387695
1.831055
1.318359
0.878906
0.449219
0.141602
-0.122070
-0.249023
-0.273438
-0.224609
0.024414
0.292969
0.649414
1.074219
1.572266
2.143555
2.651367
3.208008
3.686523
4.150391
4.511719
4.814453
5.029297
5.087891
5.092773
4.951172
4.746094
4.428711
4.047852
3.554688
3.061523
2.500000
1.972656
1.459961
1.000977
0.551758
0.214844
-0.039062
-0.190430
-0.253906
-0.195312
-0.058594
0.234375
0.576172
1.015625
1.494141
2.031250
2.539062
3.081055
3.588867
4.028320
4.404297
4.677734
4.951172
5.078125
5.083008
5.000000
4.790039
4.472656
4.116211
3.647461
3.198242
2.607422
2.075195
1.518555
1.049805
0.629883
0.263672
-0.019531
-0.209961
-0.278320
-0.249023
-0.087891
0.151367
0.463867
0.830078
1.347656
1.860352
2.387695
2.915039
3.413086
3.896484
4.316406
4.677734
4.960938
5.073242
5.092773
5.024414
4.882812
4.599609
4.238281
3.789062
3.281250
2.792969
2.275391
1.699219
1.206055
0.751953
0.371094
0.078125
-0.146484
-0.273438
-0.253906
-0.122070
0.034180
0.390625
0.805664
1.230469
1.733398
2.270508
2.827148
3.378906
3.862305
4.277344
4.604492
4.868164
5.078125
5.141602
5.102539
4.936523
4.711914
4.370117
3.964844
3.496094
2.978516
2.412109
1.899414
1.357422
0.893555
0.483398
0.112305
-0.078125
-0.175781
-0.200195
-0.112305
0.068359
0.312500
0.712891
1.147461
1.630859
2.148438
2.714844
3.222656
3.759766
4.179688
4.550781
4.804688
5.004883
5.078125
5.073242
4.960938
4.746094
4.423828
4.047852
3.579102
3.085938
2.529297
2.036133
1.464844
0.961914
0.576172
0.239258
-0.097656
-0.180664
-0.234375
-0.205078
-0.034180
0.195312
0.605469
0.957031
1.489258
1.972656
2.500000
3.076172
3.564453
4.047852
4.404297
4.726562
4.951172
5.053711
5.068359
5.024414
4.780273
4.472656
4.121094
3.652344
3.139648
2.617188
2.075195
1.572266
1.054688
0.610352
0.263672
-0.029297
-0.214844
-0.312500
-0.302734
-0.126953
0.117188
0.463867
0.878906
1.362305
1.845703
2.416992
2.939453
3.432617
3.920898
4.331055
4.648438
4.916992
5.048828
5.112305
5.053711
4.848633
4.580078
4.213867
3.789062
3.325195
2.788086
2.236328
1.733398
1.196289
0.722656
0.356445
0.043945
-0.166016
-0.229492
-0.229492
-0.156250
0.043945
0.361328
0.776367
1.230469
1.738281
2.246094
2.773438
3.330078
3.828125
4.282227
4.594727
4.877930
5.019531
5.107422
5.087891
4.916992
4.687500
4.326172
3.896484
3.432617
2.939453
2.368164
1.787109
1.323242
0.874023
0.454102
0.136719
-0.122070
-0.249023
-0.263672
-0.180664
0.000000
0.297852
0.625000
1.127930
1.591797
2.143555
2.656250
3.193359
3.701172
4.135742
4.526367
4.833984
5.004883
5.112305
5.097656
4.965820
4.711914
4.379883
4.038086
3.554688
3.085938
2.534180
1.962891
1.445312
0.971680
0.561523
0.229492
-0.058594
-0.224609
-0.302734
-0.214844
-0.004883
0.239258
0.590820
1.020508
1.459961
2.026367
2.553711
3.110352
3.574219
4.003906
4.423828
4.750977
5.000000
5.063477
5.092773
4.946289
4.760742
4.482422
4.091797
3.652344
3.173828
2.617188
2.138672
1.552734
1.088867
0.605469
0.253906
-0.014648
-0.195312
-0.283203
-0.268555
-0.156250
0.126953
0.458984
0.859375
1.337891
1.845703
2.397461
2.939453
3.457031
3.881836
4.345703
4.643555
4.907227
5.073242
5.087891
5.019531
4.873047
4.589844
4.262695
3.784180
3.305664
2.792969
2.246094
1.699219
1.191406
0.727539
0.385742
0.048828
-0.170898
-0.317383
-0.288086
-0.126953
0.058594
0.361328
0.717773
1.206055
1.743164
2.280273
2.788086
3.305664
3.818359
4.282227
4.653320
4.902344
5.078125
5.136719
5.136719
4.951172
4.687500
4.321289
3.964844
3.452148
3.002930
2.392578
1.884766
1.323242
0.932617
0.498047
0.151367
-0.068359
-0.219727
-0.219727
-0.151367
0.063477
0.302734
0.683594
1.108398
1.635742
2.187500
2.680664
3.251953
3.730469
4.145508
4.575195
4.804688
5.014648
5.097656
5.126953
4.956055
4.721680
4.453125
4.042969
3.579102
3.046875
2.534180
2.011719
1.479492
0.981445
0.556641
0.214844
-0.063477
-0.249023
-0.249023
-0.214844
-0.073242
0.209961
0.566406
1.000977
1.469727
2.006836
2.529297
3.081055
3.544922
4.052734
4.487305
4.746094
4.951172
5.058594
5.073242
4.990234
4.833984
4.521484
4.106445
3.632812
3.164062
2.675781
2.143555
1.586914
1.098633
0.620117
0.249023
-0.039062
-0.205078
-0.292969
-0.253906
-0.156250
0.102539
0.439453
0.864258
1.313477
1.850586
2.392578
2.944336
3.452148
3.925781
4.326172
4.682617
4.941406
5.058594
5.097656
5.034180
4.858398
4.560547
4.228516
3.793945
3.310547
2.778320
2.231445
1.679688
1.196289
0.756836
0.366211
0.034180
-0.166016
-0.263672
-0.244141
-0.117188
0.068359
0.366211
0.761719
1.264648
1.713867
2.250977
2.778320
3.291016
3.803711
4.228516
4.619141
4.843750
5.053711
5.107422
5.053711
4.907227
4.692383
4.326172
3.896484
3.442383
2.890625
2.353516
1.826172
1.303711
0.849609
0.478516
0.136719
-0.122070
-0.229492
-0.253906
-0.180664
-0.014648
0.297852
0.688477
1.083984
1.582031
2.133789
2.651367
3.208008
3.706055
4.130859
4.521484
4.799805
4.975586
5.107422
5.117188
4.960938
4.692383
4.423828
4.023438
3.535156
3.022461
2.514648
2.011719
1.445312
0.947266
0.522461
0.209961
-0.063477
-0.214844
-0.234375
-0.224609
-0.043945
0.263672
0.556641
1.005859
1.479492
1.997070
2.558594
3.115234
3.544922
4.033203
4.404297
4.746094
4.931641
5.053711
5.053711
4.941406
4.760742
4.458008
4.072266
3.671875
3.139648
2.612305
2.109375
1.538086
1.054688
0.610352
0.253906
-0.029297
-0.214844
-0.288086
-0.249023
-0.097656
0.151367
0.449219
0.893555
1.303711
1.835938
2.377930
2.934570
3.457031
3.920898
4.321289
4.672852
4.902344
5.058594
5.117188
5.014648
4.853516
4.609375
4.238281
3.803711
3.310547
2.763672
2.260742
1.684570
1.186523
0.737305
0.361328
0.058594
-0.185547
-0.278320
-0.297852
-0.126953
0.063477
0.385742
0.751953
1.230469
1.762695
2.280273
2.807617
