2.216797
1.669922
1.176758
0.703125
0.346680
0.063477
-0.146484
-0.273438
-0.268555
-0.141602
0.112305
0.439453
0.805664
1.250000
1.752930
2.290039
2.792969
3.393555
3.818359
4.262695
4.624023
4.882812
5.092773
5.107422
5.034180
4.912109
4.643555
4.345703
3.862305
3.369141
2.856445
2.343750
1.811523
1.250000
0.844727
0.380859
0.068359
-0.141602
-0.253906
-0.312500
-0.166016
-0.014648
0.278320
0.634766
1.103516
1.606445
2.119141
2.656250
3.193359
3.696289
4.160156
4.511719
4.799805
5.000000
5.083008
5.092773
4.946289
4.736328
4.389648
3.999023
3.554688
3.046875
2.524414
1.972656
1.440430
0.966797
0.517578
0.214844
-0.058594
-0.209961
-0.244141
-0.205078
-0.014648
0.209961
0.527344
0.981445
1.489258
2.016602
2.553711
3.071289
3.569336
4.062500
4.462891
4.780273
4.946289
5.087891
5.048828
5.019531
4.838867
4.511719
4.116211
3.671875
3.193359
2.656250
2.128906
1.635742
1.118164
0.668945
0.312500
0.014648
-0.175781
-0.205078
-0.244141
-0.009766
0.180664
0.546875
0.898438
1.352539
1.894531
2.407227
3.037109
3.496094
3.969727
4.345703
4.702148
4.946289
5.126953
5.136719
5.053711
4.853516
4.619141
4.189453
3.793945
3.291016
2.758789
2.211914
1.713867
1.201172
0.722656
0.375977
0.058594
-0.122070
-0.258789
-0.234375
-0.122070
0.083008
0.405273
0.815430
1.254883
1.767578
2.270508
2.856445
3.325195
3.813477
4.252930
4.624023
4.882812
5.039062
5.063477
5.014648
4.882812
4.672852
4.282227
3.876953
3.393555
2.890625
2.387695
1.811523
1.298828
0.810547
0.463867
0.126953
-0.131836
-0.283203
-0.283203
-0.185547
0.000000
0.268555
0.625000
1.123047
1.616211
2.138672
2.666016
3.173828
3.671875
4.140625
4.526367
4.804688
4.985352
5.107422
5.092773
4.956055
4.731445
4.418945
3.984375
3.535156
3.046875
2.509766
1.948242
1.459961
0.961914
0.502930
0.156250
-0.087891
-0.224609
-0.244141
-0.185547
-0.058594
0.219727
0.541992
1.005859
1.464844
1.987305
2.558594
3.090820
3.564453
4.047852
4.433594
4.775391
4.960938
5.078125
5.092773
4.941406
4.799805
4.511719
4.125977
3.627930
3.139648
2.607422
2.089844
1.582031
1.040039
0.634766
0.283203
0.014648
-0.180664
-0.224609
-0.263672
-0.083008
0.151367
0.473633
0.874023
1.342773
1.860352
2.402344
2.939453
3.476562
3.945312
4.335938
4.697266
4.916992
5.073242
5.107422
5.039062
4.858398
4.570312
4.228516
3.764648
3.305664
2.758789
2.241211
1.704102
1.162109
0.742188
0.356445
0.063477
-0.126953
-0.283203
-0.234375
-0.136719
0.073242
0.371094
0.795898
1.274414
1.733398
2.270508
2.841797
3.344727
3.847656
4.262695
4.643555
4.897461
5.078125
5.092773
5.058594
4.907227
4.633789
4.277344
3.891602
3.417969
2.900391
2.314453
1.777344
1.284180
0.795898
0.429688
0.117188
-0.136719
-0.268555
-0.288086
-0.209961
0.019531
0.327148
0.634766
1.088867
1.596680
2.153320
2.680664
3.203125
3.686523
4.160156
4.570312
4.799805
5.024414
5.092773
5.092773
4.941406
4.726562
4.409180
4.003906
3.549805
3.046875
2.480469
1.972656
1.430664
0.932617
0.527344
0.190430
-0.068359
-0.244141
-0.258789
-0.205078
-0.043945
0.209961
0.566406
0.971680
1.450195
1.992188
2.514648
3.125000
3.593750
4.042969
4.428711
4.760742
4.980469
5.097656
5.156250
5.024414
4.804688
4.516602
4.145508
3.691406
3.183594
2.675781
2.148438
1.572266
1.108398
0.673828
0.263672
0.048828
-0.136719
-0.195312
-0.185547
-0.087891
0.190430
0.522461
0.922852
1.411133
1.909180
2.470703
2.988281
3.476562
3.964844
4.375000
4.716797
4.980469
5.068359
5.146484
5.073242
4.853516
4.628906
4.228516
3.803711
3.281250
2.758789
2.221680
1.679688
1.152344
0.756836
0.361328
0.078125
-0.117188
-0.229492
-0.239258
-0.102539
0.063477
0.419922
0.810547
1.250000
1.777344
2.250977
2.827148
3.330078
3.813477
4.272461
4.628906
4.848633
5.043945
5.087891
5.053711
4.912109
4.658203
4.282227
3.891602
3.417969
2.880859
2.363281
1.806641
1.337891
0.839844
0.444336
0.102539
-0.117188
-0.288086
-0.268555
-0.195312
0.004883
0.307617
0.664062
1.103516
1.625977
2.163086
2.626953
3.208008
3.666992
4.145508
4.531250
4.838867
4.990234
5.107422
5.087891
4.946289
4.716797
4.414062
4.023438
3.525391
3.022461
2.485352
1.962891
1.401367
0.917969
0.527344
0.229492
-0.043945
-0.234375
-0.278320
-0.219727
0.004883
0.244141
0.571289
1.025391
1.464844
2.001953
2.548828
3.066406
3.579102
4.062500
4.428711
4.736328
4.951172
5.073242
5.073242
5.029297
4.785156
4.501953
4.116211
3.632812
3.188477
2.641602
2.041016
1.518555
1.088867
0.664062
0.297852
0.004883
-0.175781
-0.209961
-0.224609
-0.078125
0.146484
0.522461
0.888672
1.372070
1.879883
2.416992
2.929688
3.481445
3.959961
4.331055
4.711914
4.926758
5.068359
5.097656
5.048828
4.853516
4.550781
4.223633
3.789062
3.310547
2.768555
2.226562
1.689453
1.210938
0.698242
0.346680
0.058594
-0.175781
-0.224609
-0.229492
-0.131836
0.107422
0.415039
0.810547
1.215820
1.767578
2.304688
2.841797
3.334961
3.823242
4.243164
4.594727
4.897461
5.053711
5.097656
5.029297
4.926758
4.638672
4.311523
3.862305
3.369141
2.846680
2.324219
1.811523
1.245117
0.805664
0.419922
0.107422
-0.136719
-0.273438
-0.297852
-0.185547
-0.024414
0.273438
0.659180
1.108398
1.586914
2.153320
2.670898
3.212891
3.696289
4.155273
4.516602
4.809570
5.000000
5.078125
5.087891
4.975586
4.746094
4.414062
3.999023
3.564453
3.032227
2.514648
1.938477
1.411133
0.966797
0.556641
0.190430
-0.068359
-0.200195
-0.288086
-0.175781
-0.063477
0.224609
0.600586
1.010742
1.469727
1.972656
2.558594
3.085938
3.554688
4.077148
4.438477
4.760742
4.980469
5.136719
5.102539
5.009766
4.833984
4.536133
4.155273
3.681641
3.212891
2.680664
2.104492
1.616211
1.137695
0.654297
0.278320
0.024414
-0.131836
-0.239258
-0.175781
-0.083008
0.185547
0.498047
0.898438
1.367188
1.909180
2.436523
3.002930
3.486328
3.955078
4.394531
4.711914
4.931641
5.102539
5.117188
5.063477
4.873047
4.609375
4.228516
3.793945
3.281250
2.744141
2.182617
1.669922
1.166992
0.747070
0.371094
0.073242
-0.122070
-0.229492
-0.224609
-0.141602
0.058594
0.424805
0.756836
1.274414
1.733398
2.304688
2.871094
3.339844
3.823242
4.233398
4.648438
4.882812
5.034180
5.078125
5.024414
4.926758
4.658203
4.291992
3.901367
3.413086
2.895508
2.343750
1.835938
1.279297
0.825195
0.400391
0.083008
-0.131836
-0.234375
-0.288086
-0.200195
-0.034180
0.273438
0.634766
1.069336
1.606445
2.128906
2.626953
3.164062
3.686523
4.125977
4.526367
4.829102
5.034180
5.102539
5.092773
4.946289
4.726562
4.428711
3.994141
3.540039
3.056641
2.500000
1.948242
1.435547
0.966797
0.517578
0.175781
-0.034180
-0.253906
-0.268555
-0.224609
-0.053711
0.249023
0.605469
0.986328
1.459961
2.021484
2.563477
3.095703
3.564453
4.003906
4.438477
4.736328
4.970703
5.102539
5.078125
5.000000
4.790039
4.531250
4.165039
3.657227
3.125000
2.607422
2.065430
1.542969
1.074219
0.644531
0.292969
0.029297
-0.112305
-0.234375
-0.214844
-0.078125
0.146484
0.498047
0.883789
1.372070
1.894531
2.392578
2.954102
3.471680
3.964844
4.370117
4.682617
4.931641
5.078125
5.083008
5.039062
4.843750
4.570312
4.208984
3.759766
3.291016
2.753906
2.216797
1.704102
1.201172
0.732422
0.351562
0.029297
-0.170898
-0.214844
-0.249023
-0.122070
0.092773
0.390625
0.820312
1.235352
1.752930
2.319336
2.812500
3.359375
3.857422
4.252930
4.604492
4.902344
5.058594
5.126953
5.058594
4.863281
4.658203
4.301758
3.872070
3.408203
2.875977
2.299805
1.772461
1.259766
0.810547
0.405273
0.083008
-0.136719
-0.263672
-0.292969
-0.205078
0.034180
0.292969
0.678711
1.132812
1.611328
2.133789
2.646484
3.164062
3.696289
4.150391
4.545898
4.809570
5.000000
5.097656
5.097656
4.956055
4.736328
4.418945
3.989258
3.544922
3.017578
2.470703
1.923828
1.445312
0.961914
0.532227
0.214844
-0.063477
-0.224609
-0.249023
-0.219727
-0.048828
0.253906
0.581055
0.971680
1.489258
1.992188
2.573242
3.071289
3.603516
4.038086
4.467773
4.760742
4.970703
5.131836
5.112305
5.019531
4.794922
4.511719
4.130859
3.701172
3.208008
2.680664
2.138672
1.606445
1.093750
0.683594
0.288086
0.000000
-0.131836
-0.205078
-0.209961
-0.068359
0.190430
0.512695
0.947266
1.401367
1.923828
2.451172
3.007812
3.549805
3.969727
4.414062
4.716797
4.951172
5.126953
5.131836
5.107422
4.892578
4.594727
4.228516
3.769531
3.291016
2.758789
2.192383
1.708984
1.201172
0.761719
0.327148
0.058594
-0.083008
-0.219727
-0.239258
-0.117188
0.117188
0.395508
0.791016
1.225586
1.762695
2.304688
2.866211
3.339844
3.862305
4.262695
4.575195
4.912109
5.083008
5.087891
5.058594
4.907227
4.658203
4.301758
3.891602
3.422852
2.890625
2.368164
1.821289
1.337891
0.800781
0.429688
0.112305
-0.126953
-0.229492
-0.307617
-0.185547
-0.019531
0.292969
0.678711
1.127930
1.621094
2.109375
2.631836
3.173828
3.691406
4.150391
4.521484
4.829102
5.029297
5.126953
5.073242
5.004883
4.736328
4.409180
4.028320
3.544922
3.041992
2.509766
1.953125
1.445312
0.942383
0.527344
0.190430
-0.068359
-0.249023
-0.268555
-0.209961
-0.043945
0.195312
0.556641
0.971680
1.489258
2.006836
2.529297
3.085938
3.588867
4.038086
4.399414
4.702148
4.960938
5.126953
5.073242
4.995117
4.799805
4.492188
4.106445
3.657227
3.198242
2.617188
2.080078
1.572266
1.074219
0.639648
0.278320
0.004883
-0.146484
-0.258789
-0.229492
-0.078125
0.166016
0.502930
0.908203
1.376953
1.870117
2.397461
2.939453
3.452148
3.925781
4.335938
4.677734
4.951172
5.087891
5.122070
5.048828
4.838867
4.565430
4.223633
3.774414
3.295898
2.763672
2.226562
1.733398
1.191406
0.751953
0.371094
0.053711
-0.117188
-0.244141
-0.253906
-0.126953
0.083008
0.380859
0.781250
1.240234
1.777344
2.290039
2.851562
3.374023
3.837891
4.277344
4.653320
4.916992
5.083008
5.136719
5.039062
4.892578
4.628906
4.296875
3.896484
3.432617
2.895508
2.338867
1.811523
1.347656
0.820312
0.410156
0.107422
-0.117188
-0.234375
-0.268555
-0.195312
-0.009766
0.283203
0.639648
1.108398
1.586914
2.128906
2.651367
3.208008
3.701172
4.160156
4.516602
4.824219
5.000000
5.073242
5.078125
4.985352
4.736328
4.394531
3.984375
3.564453
3.032227
2.485352
1.953125
1.435547
0.937500
0.561523
0.205078
-0.043945
-0.219727
-0.239258
-0.180664
-0.068359
0.209961
0.585938
1.005859
1.484375
2.006836
2.524414
3.061523
3.618164
4.077148
4.453125
4.785156
4.985352
5.097656
5.146484
5.048828
4.804688
4.516602
4.140625
3.681641
3.178711
2.641602
2.109375
1.596680
1.093750
0.634766
0.297852
0.039062
-0.136719
-0.205078
-0.190430
-0.107422
0.190430
0.532227
0.937500
1.411133
1.923828
2.441406
3.007812
3.525391
3.994141
4.409180
4.682617
4.975586
5.146484
5.141602
5.063477
4.897461
4.580078
4.282227
3.754883
3.315430
2.763672
2.236328
1.689453
1.186523
0.732422
0.351562
0.073242
-0.083008
-0.229492
-0.244141
-0.141602
0.087891
0.410156
0.791016
1.279297
1.767578
2.314453
2.822266
3.325195
3.881836
4.252930
4.628906
4.873047
5.053711
5.122070
5.053711
4.902344
4.707031
4.316406
3.896484
3.383789
2.890625
2.358398
1.811523
1.328125
0.820312
0.429688
0.126953
-0.112305
-0.249023
-0.249023
-0.180664
0.000000
0.292969
0.673828
1.123047
1.606445
2.109375
2.695312
3.178711
3.720703
4.160156
4.536133
4.838867
5.029297
5.097656
5.092773
4.980469
4.731445
4.423828
4.033203
3.544922
3.017578
2.504883
1.962891
1.445312
0.937500
0.527344
0.209961
-0.058594
-0.229492
-0.283203
-0.224609
-0.043945
0.205078
0.551758
0.976562
1.508789
2.021484
2.524414
3.081055
3.598633
4.042969
4.423828
4.760742
4.990234
5.107422
5.112305
5.000000
4.799805
4.467773
4.091797
3.681641
3.134766
2.622070
2.075195
1.542969
1.079102
0.634766
0.317383
0.024414
-0.166016
-0.205078
-0.170898
-0.048828
0.161133
0.502930
0.903320
1.362305
1.884766
2.412109
2.983398
3.457031
3.974609
4.365234
4.677734
4.931641
5.053711
5.126953
5.058594
4.833984
4.565430
4.233398
3.813477
3.251953
2.734375
2.265625
1.708984
1.210938
0.737305
0.371094
0.073242
-0.136719
-0.234375
-0.239258
-0.117188
0.087891
0.429688
0.781250
1.250000
1.777344
2.319336
2.832031
3.378906
3.842773
4.291992
4.638672
4.907227
5.078125
5.117188
5.068359
4.926758
4.624023
4.331055
3.872070
3.369141
2.871094
2.319336
1.845703
1.289062
0.820312
0.390625
0.073242
-0.161133
-0.234375
-0.273438
-0.190430
-0.009766
0.263672
0.664062
1.123047
1.596680
2.148438
2.651367
3.227539
3.662109
4.155273
4.526367
4.814453
5.009766
5.112305
5.083008
4.946289
4.741211
4.404297
3.984375
3.549805
3.027344
2.509766
1.972656
1.430664
0.937500
0.541992
0.170898
-0.063477
-0.219727
-0.234375
-0.200195
-0.058594
0.263672
0.576172
0.976562
1.445312
2.001953
2.539062
3.090820
3.603516
4.042969
4.462891
4.785156
4.956055
5.083008
5.107422
5.034180
4.833984
4.492188
4.150391
3.696289
3.193359
2.700195
2.119141
1.577148
1.074219
0.639648
0.283203
0.043945
-0.126953
-0.190430
-0.190430
-0.048828
0.190430
0.537109
0.893555
1.411133
1.938477
2.451172
2.983398
3.520508
3.994141
4.399414
4.741211
4.980469
5.117188
5.126953
5.083008
4.873047
4.580078
4.257812
3.769531
3.300781
2.749023
2.202148
1.684570
1.220703
0.727539
0.371094
0.063477
-0.112305
-0.249023
-0.253906
-0.131836
0.117188
0.429688
0.825195
1.250000
1.733398
2.304688
2.880859
3.354492
3.789062
4.287109
4.589844
4.912109
5.039062
5.122070
5.063477
4.916992
4.663086
4.311523
3.862305
3.422852
2.900391
2.392578
1.791992
1.289062
0.844727
0.419922
0.087891
-0.107422
-0.278320
-0.263672
-0.200195
-0.014648
0.312500
0.649414
1.108398
1.611328
2.109375
2.641602
3.159180
3.715820
4.160156
4.550781
4.829102
5.024414
5.112305
5.107422
4.965820
4.746094
4.409180
4.018555
3.525391
3.012695
2.509766
1.933594
1.420898
0.957031
0.532227
0.166016
-0.073242
-0.209961
-0.244141
-0.229492
-0.039062
0.219727
0.546875
0.966797
1.440430
2.001953
2.548828
3.071289
3.588867
4.047852
4.467773
4.750977
4.985352
5.058594
5.083008
5.024414
4.770508
4.462891
4.150391
3.647461
3.129883
2.626953
2.084961
1.562500
1.103516
0.639648
0.273438
0.029297
-0.136719
-0.214844
-0.249023
-0.092773
0.175781
0.488281
0.937500
1.342773
1.855469
2.387695
2.939453
3.486328
3.950195
4.335938
4.692383
4.931641
5.083008
5.117188
5.034180
4.858398
4.560547
4.213867
3.808594
3.315430
2.758789
2.221680
1.669922
1.210938
0.751953
0.322266
0.048828
-0.141602
-0.258789
-0.239258
-0.117188
0.078125
0.424805
0.795898
1.264648
1.733398
2.260742
2.866211
3.378906
3.818359
4.233398
4.628906
4.887695
5.053711
5.131836
5.073242
4.916992
4.628906
4.287109
3.876953
3.393555
2.880859
2.363281
1.821289
1.293945
0.800781
0.424805
0.087891
-0.083008
-0.253906
-0.283203
-0.195312
0.000000
0.292969
0.678711
1.103516
1.591797
2.143555
2.656250
3.193359
3.710938
4.160156
4.531250
4.833984
5.004883
5.097656
5.097656
4.941406
4.707031
4.404297
3.999023
3.564453
3.017578
2.485352
1.967773
1.445312
0.971680
0.541992
0.185547
-0.053711
-0.219727
-0.253906
-0.229492
-0.043945
0.234375
0.556641
0.986328
1.464844
2.041016
2.573242
3.095703
3.569336
4.028320
4.448242
4.741211
4.985352
5.092773
5.107422
5.053711
4.848633
4.511719
4.169922
3.701172
3.164062
2.656250
2.084961
1.611328
1.083984
0.683594
0.327148
0.058594
-0.126953
-0.244141
-0.190430
-0.053711
0.185547
0.522461
0.903320
1.386719
1.918945
2.500000
3.032227
3.544922
3.984375
4.375000
4.726562
5.009766
5.102539
5.151367
5.048828
4.882812
4.604492
4.272461
3.764648
3.300781
2.729492
2.221680
1.708984
1.201172
0.761719
0.366211
0.048828
-0.141602
-0.244141
-0.224609
-0.117188
0.063477
0.439453
0.795898
1.235352
1.748047
2.280273
2.836914
3.330078
3.837891
4.272461
4.658203
4.858398
5.043945
5.092773
5.058594
4.892578
4.643555
4.277344
3.862305
3.408203
2.895508
2.373047
1.821289
1.303711
0.815430
0.449219
0.136719
-0.126953
-0.253906
-0.302734
-0.175781
0.014648
0.327148
0.659180
1.118164
1.591797
2.104492
2.661133
3.164062
3.686523
4.145508
4.550781
4.799805
5.014648
5.083008
5.083008
4.951172
4.746094
4.399414
3.950195
3.540039
3.037109
2.490234
1.962891
1.406250
0.976562
0.522461
0.209961
-0.078125
-0.205078
-0.263672
-0.214844
-0.053711
0.200195
0.581055
1.020508
1.474609
1.992188
2.514648
3.085938
3.603516
4.057617
4.453125
4.746094
4.960938
5.087891
5.087891
5.000000
4.799805
4.467773
4.116211
3.686523
3.168945
2.578125
2.094727
1.547852
1.025391
0.664062
0.297852
-0.039062
-0.156250
-0.268555
-0.180664
-0.073242
0.190430
0.498047
0.883789
1.396484
1.889648
2.426758
2.963867
3.496094
3.940430
4.350586
4.702148
4.926758
5.068359
5.102539
5.024414
4.877930
4.580078
4.238281
3.803711
3.286133
2.773438
2.226562
1.689453
1.181641
0.732422
0.361328
0.068359
-0.156250
-0.234375
-0.249023
-0.097656
0.063477
0.375977
0.800781
1.235352
1.772461
2.343750
2.841797
3.369141
3.842773
4.257812
4.599609
4.960938
5.063477
5.151367
5.102539
4.912109
4.648438
4.331055
3.891602
3.413086
2.905273
2.299805
1.791992
1.293945
0.810547
0.419922
0.092773
-0.136719
-0.273438
-0.268555
-0.175781
-0.004883
0.283203
0.664062
1.113281
1.621094
2.143555
2.675781
3.208008
3.686523
4.130859
4.516602
4.848633
5.000000
5.087891
5.078125
4.970703
4.750977
4.423828
4.003906
3.530273
3.032227
2.490234
1.962891
1.420898
0.991211
0.522461
0.229492
-0.058594
-0.209961
-0.268555
-0.180664
-0.039062
0.234375
0.576172
1.025391
1.489258
1.987305
2.539062
3.090820
3.579102
4.038086
4.453125
4.765625
5.009766
5.112305
5.117188
5.019531
4.799805
4.536133
4.160156
3.720703
3.217773
2.661133
2.153320
1.582031
1.088867
0.683594
0.283203
0.024414
-0.180664
-0.263672
-0.200195
-0.048828
0.190430
0.532227
0.903320
1.372070
1.894531
2.436523
3.002930
3.515625
3.999023
4.394531
4.697266
4.960938
5.097656
5.136719
5.078125
4.877930
4.619141
4.228516
3.789062
3.291016
2.758789
2.260742
1.684570
1.240234
0.737305
0.395508
0.058594
-0.107422
-0.258789
-0.253906
-0.107422
0.083008
0.410156
0.791016
1.215820
1.801758
2.290039
2.807617
3.364258
3.852539
4.233398
4.599609
4.897461
5.034180
5.092773
5.107422
4.921875
4.677734
4.340820
3.901367
3.427734
2.890625
2.368164
1.791992
1.318359
0.820312
0.449219
0.141602
-0.107422
-0.268555
-0.278320
-0.185547
0.019531
0.332031
0.688477
1.127930
1.591797
2.104492
2.636719
3.193359
3.715820
4.155273
4.521484
4.809570
5.000000
5.092773
5.122070
4.956055
4.746094
4.394531
4.003906
3.535156
3.056641
2.485352
1.953125
1.406250
0.942383
0.527344
0.229492
-0.048828
-0.229492
-0.263672
-0.200195
-0.034180
0.180664
0.585938
1.035156
1.494141
1.982422
2.563477
3.081055
3.588867
4.033203
4.448242
4.736328
4.931641
5.063477
5.068359
5.029297
4.824219
4.501953
4.082031
3.652344
3.144531
2.622070
2.104492
1.567383
1.049805
0.615234
0.278320
0.029297
-0.190430
-0.253906
-0.249023
-0.112305
0.175781
0.512695
0.898438
1.372070
1.870117
2.412109
2.978516
3.466797
3.945312
4.335938
4.643555
4.936523
5.092773
5.097656
5.024414
4.863281
4.580078
4.218750
3.793945
3.256836
2.719727
2.187500
1.699219
1.152344
0.698242
0.346680
0.053711
-0.195312
-0.273438
-0.278320
-0.141602
0.068359
0.380859
0.791016
1.220703
1.752930
2.246094
2.832031
3.354492
3.833008
4.228516
4.604492
4.912109
5.063477
5.117188
5.053711
4.892578
4.643555
4.306641
3.867188
3.413086
2.910156
2.353516
1.772461
1.269531
0.761719
0.385742
0.078125
-0.175781
-0.273438
-0.278320
-0.229492
-0.048828
0.258789
0.625000
1.103516
1.611328
2.163086
2.631836
