1.831055
1.328125
0.820312
0.385742
0.068359
-0.146484
-0.244141
-0.273438
-0.180664
-0.014648
0.268555
0.625000
1.103516
1.572266
2.119141
2.661133
3.203125
3.710938
4.150391
4.516602
4.814453
4.980469
5.092773
5.097656
4.956055
4.726562
4.384766
4.013672
3.540039
3.046875
2.490234
1.977539
1.420898
0.966797
0.527344
0.224609
-0.063477
-0.214844
-0.263672
-0.185547
-0.014648
0.219727
0.595703
1.015625
1.455078
1.997070
2.558594
3.056641
3.574219
4.023438
4.443359
4.741211
4.960938
5.097656
5.083008
5.004883
4.814453
4.511719
4.086914
3.691406
3.159180
2.690430
2.138672
1.567383
1.108398
0.683594
0.312500
0.048828
-0.180664
-0.258789
-0.185547
-0.053711
0.185547
0.507812
0.942383
1.396484
1.918945
2.402344
2.978516
3.500977
3.989258
4.389648
4.702148
4.965820
5.107422
5.156250
5.107422
4.897461
4.614258
4.262695
3.808594
3.320312
2.792969
2.241211
1.699219
1.220703
0.737305
0.351562
0.009766
-0.156250
-0.239258
-0.195312
-0.136719
0.073242
0.415039
0.766602
1.279297
1.752930
2.275391
2.822266
3.374023
3.872070
4.252930
4.599609
4.902344
5.014648
5.156250
5.034180
4.956055
4.628906
4.345703
3.876953
3.437500
2.890625
2.397461
1.796875
1.303711
0.830078
0.444336
0.117188
-0.141602
-0.224609
-0.268555
-0.166016
-0.004883
0.312500
0.644531
1.123047
1.625977
2.133789
2.666016
3.212891
3.686523
4.121094
4.492188
4.790039
4.985352
5.083008
5.063477
4.956055
4.741211
4.414062
4.008789
3.549805
3.061523
2.504883
1.962891
1.440430
0.937500
0.517578
0.214844
-0.083008
-0.205078
-0.263672
-0.253906
-0.058594
0.200195
0.625000
1.025391
1.474609
2.021484
2.548828
3.076172
3.559570
4.047852
4.462891
4.785156
4.931641
5.092773
5.107422
5.024414
4.770508
4.472656
4.111328
3.652344
3.188477
2.666016
2.055664
1.528320
1.098633
0.634766
0.268555
-0.063477
-0.205078
-0.224609
-0.214844
-0.063477
0.175781
0.512695
0.888672
1.381836
1.875000
2.426758
2.949219
3.491211
3.964844
4.355469
4.682617
4.926758
5.039062
5.117188
5.053711
4.833984
4.570312
4.233398
3.823242
3.281250
2.788086
2.211914
1.684570
1.186523
0.766602
0.366211
0.092773
-0.185547
-0.249023
-0.229492
-0.146484
0.058594
0.410156
0.756836
1.240234
1.743164
2.275391
2.812500
3.369141
3.857422
4.228516
4.633789
4.882812
5.092773
5.131836
5.058594
4.877930
4.648438
4.335938
3.930664
3.393555
2.915039
2.363281
1.801758
1.298828
0.834961
0.390625
0.102539
-0.170898
-0.239258
-0.302734
-0.200195
0.004883
0.292969
0.639648
1.069336
1.567383
2.128906
2.666016
3.178711
3.652344
4.121094
4.521484
4.794922
5.014648
5.102539
5.092773
4.970703
4.746094
4.423828
4.018555
3.554688
3.027344
2.529297
1.977539
1.440430
0.952148
0.566406
0.175781
-0.092773
-0.170898
-0.229492
-0.234375
-0.029297
0.209961
0.576172
0.966797
1.489258
2.001953
2.543945
3.032227
3.544922
4.052734
4.467773
4.721680
4.941406
5.092773
5.122070
5.024414
4.858398
4.536133
4.121094
3.666992
3.193359
2.622070
2.104492
1.586914
1.108398
0.717773
0.292969
0.034180
-0.166016
-0.239258
-0.170898
-0.019531
0.195312
0.512695
0.893555
1.420898
1.933594
2.485352
3.002930
3.525391
4.003906
4.379883
4.731445
4.956055
5.097656
5.170898
5.019531
4.907227
4.624023
4.272461
3.808594
3.344727
2.778320
2.241211
1.713867
1.196289
0.732422
0.346680
0.043945
-0.170898
-0.214844
-0.244141
-0.112305
0.102539
0.410156
0.800781
1.284180
1.777344
2.270508
2.822266
3.349609
3.837891
4.262695
4.624023
4.887695
5.048828
5.083008
5.058594
4.921875
4.643555
4.291992
3.876953
3.437500
2.905273
2.387695
1.811523
1.333008
0.844727
0.439453
0.107422
-0.156250
-0.278320
-0.253906
-0.156250
0.000000
0.283203
0.639648
1.088867
1.596680
2.109375
2.641602
3.183594
3.681641
4.130859
4.477539
4.760742
4.975586
5.083008
5.058594
4.956055
4.741211
4.453125
3.999023
3.535156
3.012695
2.514648
1.938477
1.455078
0.913086
0.512695
0.200195
-0.039062
-0.214844
-0.297852
-0.200195
-0.024414
0.214844
0.571289
1.000977
1.513672
1.997070
2.514648
3.071289
3.569336
4.062500
4.418945
4.736328
4.970703
5.073242
5.092773
5.019531
4.780273
4.477539
4.145508
3.662109
3.178711
2.641602
2.041016
1.523438
1.083984
0.649414
0.273438
-0.009766
-0.224609
-0.258789
-0.205078
-0.073242
0.156250
0.527344
0.893555
1.386719
1.889648
2.431641
2.973633
3.476562
3.950195
4.355469
4.667969
4.936523
5.083008
5.146484
5.048828
4.868164
4.570312
4.204102
3.793945
3.300781
2.773438
2.197266
1.689453
1.220703
0.751953
0.341797
0.034180
-0.166016
-0.258789
-0.283203
-0.161133
0.043945
0.410156
0.795898
1.235352
1.728516
2.275391
2.812500
3.364258
3.842773
4.257812
4.624023
4.897461
5.034180
5.122070
5.097656
4.926758
4.692383
4.345703
3.911133
3.466797
2.924805
2.343750
1.806641
1.308594
0.820312
0.390625
0.107422
-0.122070
-0.268555
-0.302734
-0.195312
-0.019531
0.253906
0.634766
1.093750
1.572266
2.089844
2.651367
3.198242
3.696289
4.091797
4.526367
4.814453
4.985352
5.087891
5.043945
4.975586
4.760742
4.399414
4.013672
3.525391
3.017578
2.519531
1.972656
1.435547
0.917969
0.488281
0.166016
-0.078125
-0.205078
-0.292969
-0.214844
-0.048828
0.249023
0.546875
0.991211
1.484375
2.011719
2.534180
3.056641
3.564453
4.042969
4.404297
4.750977
4.995117
5.102539
5.122070
5.034180
4.833984
4.501953
4.169922
3.652344
3.178711
2.666016
2.099609
1.572266
1.088867
0.703125
0.302734
0.034180
-0.146484
-0.234375
-0.190430
-0.058594
0.190430
0.527344
0.922852
1.386719
1.928711
2.421875
2.988281
3.500977
3.979492
4.414062
4.702148
4.941406
5.087891
5.146484
5.078125
4.892578
4.619141
4.248047
3.828125
3.349609
2.832031
2.280273
1.708984
1.206055
0.751953
0.361328
0.083008
-0.107422
-0.214844
-0.234375
-0.151367
0.097656
0.429688
0.830078
1.245117
1.738281
2.314453
2.841797
3.369141
3.842773
4.243164
4.584961
4.916992
5.058594
5.117188
5.058594
4.912109
4.648438
4.311523
3.920898
3.442383
2.900391
2.407227
1.791992
1.313477
0.825195
0.424805
0.102539
-0.117188
-0.249023
-0.268555
-0.200195
0.009766
0.258789
0.644531
1.113281
1.577148
2.099609
2.631836
3.183594
3.701172
4.145508
4.497070
4.765625
4.980469
5.068359
5.097656
4.975586
4.760742
4.399414
4.018555
3.535156
3.032227
2.495117
1.992188
1.430664
0.942383
0.541992
0.205078
-0.063477
-0.224609
-0.288086
-0.200195
-0.053711
0.214844
0.585938
1.000977
1.450195
1.987305
2.534180
3.100586
3.608398
4.038086
4.433594
4.726562
4.970703
5.097656
5.107422
4.970703
4.765625
4.482422
4.121094
3.676758
3.149414
2.612305
2.075195
1.567383
1.093750
0.639648
0.249023
-0.053711
-0.200195
-0.273438
-0.170898
-0.048828
0.175781
0.498047
0.917969
1.391602
1.894531
2.426758
2.958984
3.457031
3.925781
4.365234
4.653320
4.897461
5.083008
5.131836
5.034180
4.853516
4.599609
4.228516
3.789062
3.320312
2.758789
2.221680
1.708984
1.196289
0.751953
0.356445
0.014648
-0.156250
-0.249023
-0.239258
-0.146484
0.092773
0.375977
0.795898
1.254883
1.762695
2.270508
2.836914
3.364258
3.808594
4.252930
4.638672
4.882812
5.068359
5.156250
5.078125
4.912109
4.682617
4.335938
3.925781
3.422852
2.890625
2.333984
1.811523
1.333008
0.810547
0.429688
0.078125
-0.117188
-0.239258
-0.268555
-0.185547
-0.014648
0.292969
0.644531
1.108398
1.611328
2.094727
2.690430
3.183594
3.691406
4.140625
4.526367
4.833984
5.014648
5.083008
5.083008
4.951172
4.731445
4.394531
3.989258
3.530273
3.007812
2.500000
1.967773
1.430664
0.966797
0.527344
0.180664
-0.043945
-0.209961
-0.268555
-0.195312
-0.034180
0.234375
0.561523
1.010742
1.503906
2.016602
2.539062
3.076172
3.579102
4.018555
4.438477
4.765625
4.990234
5.122070
5.131836
5.024414
4.814453
4.511719
4.111328
3.662109
3.188477
2.675781
2.153320
1.586914
1.074219
0.683594
0.278320
0.039062
-0.156250
-0.239258
-0.205078
-0.092773
0.156250
0.537109
0.922852
1.362305
1.884766
2.475586
2.949219
3.471680
3.969727
4.409180
4.721680
4.965820
5.092773
5.166016
5.063477
4.902344
4.628906
4.213867
3.828125
3.315430
2.797852
2.211914
1.694336
1.186523
0.732422
0.375977
0.073242
-0.146484
-0.249023
-0.273438
-0.112305
0.092773
0.405273
0.781250
1.250000
1.752930
2.265625
2.827148
3.334961
3.833008
4.277344
4.594727
4.877930
5.053711
5.122070
5.068359
4.907227
4.663086
4.350586
3.886719
3.422852
2.880859
2.358398
1.821289
1.313477
0.810547
0.415039
0.112305
-0.136719
-0.249023
-0.273438
-0.175781
0.004883
0.336914
0.664062
1.103516
1.630859
2.114258
2.636719
3.183594
3.666992
4.111328
4.467773
4.790039
4.985352
5.102539
5.092773
4.946289
4.750977
4.418945
4.013672
3.564453
3.037109
2.500000
1.958008
1.425781
0.952148
0.566406
0.209961
-0.068359
-0.200195
-0.297852
-0.214844
-0.024414
0.229492
0.576172
0.986328
1.489258
1.987305
2.529297
3.100586
3.583984
3.999023
4.399414
4.765625
4.970703
5.087891
5.087891
5.004883
4.819336
4.501953
4.135742
3.662109
3.144531
2.646484
2.138672
1.528320
1.064453
0.659180
0.244141
-0.009766
-0.161133
-0.244141
-0.185547
-0.097656
0.161133
0.488281
0.952148
1.376953
1.870117
2.416992
2.958984
3.471680
3.955078
4.340820
4.663086
4.921875
5.073242
5.112305
5.048828
4.873047
4.575195
4.233398
3.803711
3.261719
2.744141
2.250977
1.679688
1.181641
0.751953
0.366211
0.019531
-0.156250
-0.219727
-0.249023
-0.156250
0.102539
0.380859
0.815430
1.264648
1.738281
2.290039
2.822266
3.344727
3.833008
4.272461
4.628906
4.873047
5.058594
5.166016
5.078125
4.921875
4.648438
4.335938
3.911133
3.388672
2.871094
2.324219
1.821289
1.269531
0.800781
0.375977
0.063477
-0.117188
-0.283203
-0.292969
-0.205078
-0.039062
0.278320
0.678711
1.069336
1.601562
2.109375
2.641602
3.217773
3.681641
4.155273
4.511719
4.833984
5.019531
5.102539
5.058594
4.951172
4.736328
4.409180
4.028320
3.535156
3.032227
2.480469
1.972656
1.435547
0.971680
0.517578
0.190430
-0.048828
-0.195312
-0.273438
-0.209961
-0.014648
0.253906
0.590820
1.010742
1.479492
2.016602
2.534180
3.090820
3.564453
4.057617
4.438477
4.760742
4.965820
5.083008
5.097656
5.009766
4.858398
4.531250
4.130859
3.686523
3.208008
2.685547
2.124023
1.601562
1.103516
0.703125
0.336914
0.053711
-0.166016
-0.273438
-0.219727
-0.083008
0.151367
0.537109
0.903320
1.416016
1.894531
2.475586
2.929688
3.481445
3.994141
4.379883
4.731445
4.956055
5.097656
5.166016
5.087891
4.892578
4.619141
4.213867
3.823242
3.310547
2.822266
2.241211
1.669922
1.176758
0.747070
0.361328
0.063477
-0.161133
-0.239258
-0.234375
-0.097656
0.068359
0.385742
0.766602
1.259766
1.752930
2.275391
2.822266
3.344727
3.833008
4.287109
4.638672
4.902344
5.029297
5.092773
5.048828
4.931641
4.653320
4.301758
3.881836
3.427734
2.919922
2.373047
1.826172
1.323242
0.839844
0.478516
0.102539
-0.092773
-0.263672
-0.302734
-0.180664
0.014648
0.268555
0.678711
1.103516
1.621094
2.138672
2.641602
3.168945
3.676758
4.150391
4.482422
4.765625
5.029297
5.097656
5.087891
4.946289
4.775391
4.418945
4.028320
3.554688
3.022461
2.519531
1.958008
1.435547
0.966797
0.517578
0.185547
-0.068359
-0.205078
-0.263672
-0.239258
-0.058594
0.224609
0.546875
0.971680
1.474609
2.016602
2.558594
3.066406
3.588867
4.028320
4.462891
4.707031
4.926758
5.058594
5.126953
5.009766
4.780273
4.467773
4.116211
3.686523
3.198242
2.597656
2.075195
1.567383
1.103516
0.634766
0.297852
-0.009766
-0.166016
-0.283203
-0.229492
-0.048828
0.219727
0.517578
0.913086
1.352539
1.899414
2.421875
2.983398
3.481445
3.925781
4.355469
4.682617
4.916992
5.053711
5.107422
5.039062
4.853516
4.589844
4.228516
3.769531
3.339844
2.788086
2.236328
1.674805
1.206055
0.766602
0.356445
0.048828
-0.156250
-0.253906
-0.239258
-0.151367
0.083008
0.410156
0.781250
1.245117
1.728516
2.275391
2.841797
3.374023
3.828125
4.248047
4.628906
4.887695
5.053711
5.131836
5.083008
4.941406
4.692383
4.345703
3.891602
3.408203
2.900391
2.363281
1.816406
1.313477
0.854492
0.444336
0.126953
-0.131836
-0.278320
-0.307617
-0.219727
0.000000
0.278320
0.644531
1.069336
1.567383
2.109375
2.685547
3.208008
3.720703
4.155273
4.526367
4.770508
4.985352
5.107422
5.102539
4.960938
4.702148
4.404297
4.018555
3.540039
3.032227
2.509766
1.953125
1.450195
0.957031
0.537109
0.185547
-0.058594
-0.195312
-0.278320
-0.209961
-0.043945
0.214844
0.581055
1.020508
1.445312
2.001953
2.539062
3.076172
3.593750
4.038086
4.448242
4.726562
4.980469
5.073242
5.087891
5.000000
4.833984
4.501953
4.150391
3.666992
3.164062
2.695312
2.138672
1.572266
1.118164
0.678711
0.292969
0.024414
-0.141602
-0.263672
-0.170898
-0.019531
0.185547
0.522461
0.917969
1.381836
1.899414
2.446289
2.983398
3.491211
3.994141
4.384766
4.707031
4.990234
5.102539
5.175781
5.073242
4.902344
4.604492
4.218750
3.813477
3.320312
2.797852
2.207031
1.718750
1.186523
0.756836
0.356445
0.019531
-0.136719
-0.253906
-0.249023
-0.102539
0.112305
0.415039
0.781250
1.269531
1.752930
2.280273
2.817383
3.388672
3.847656
4.267578
4.638672
4.887695
5.043945
5.141602
5.039062
4.873047
4.682617
4.306641
3.896484
3.408203
2.919922
2.348633
1.835938
1.303711
0.830078
0.458984
0.087891
-0.097656
-0.224609
-0.278320
-0.170898
-0.014648
0.297852
0.659180
1.088867
1.577148
2.143555
2.666016
3.212891
3.671875
4.121094
4.472656
4.794922
4.995117
5.078125
5.092773
4.951172
4.716797
4.414062
4.018555
3.544922
3.017578
2.500000
1.923828
1.420898
0.898438
0.502930
0.219727
-0.078125
-0.229492
-0.273438
-0.209961
-0.048828
0.200195
0.576172
1.005859
1.503906
1.997070
2.534180
3.081055
3.588867
4.038086
4.448242
4.775391
4.951172
5.087891
5.112305
5.043945
4.824219
4.472656
4.111328
3.652344
3.168945
2.617188
2.094727
1.562500
1.083984
0.634766
0.249023
0.004883
-0.205078
-0.278320
-0.180664
-0.063477
0.209961
0.483398
0.898438
1.333008
1.875000
2.402344
2.968750
3.461914
3.935547
4.326172
4.677734
4.897461
5.063477
5.102539
5.043945
4.877930
4.594727
4.233398
3.803711
3.286133
2.792969
2.221680
1.694336
1.215820
0.737305
0.361328
0.092773
-0.146484
-0.278320
-0.253906
-0.136719
0.126953
0.410156
0.815430
1.250000
1.767578
2.299805
2.836914
3.393555
3.847656
4.238281
4.609375
4.902344
5.073242
5.097656
5.068359
4.941406
4.692383
4.326172
3.935547
3.378906
2.890625
2.329102
1.782227
1.298828
0.815430
0.454102
0.097656
-0.156250
-0.292969
-0.312500
-0.214844
-0.019531
0.273438
0.634766
1.093750
1.567383
2.128906
2.680664
3.193359
3.662109
4.130859
4.536133
4.843750
4.985352
5.087891
5.063477
4.965820
4.726562
4.409180
3.989258
3.530273
3.012695
2.495117
1.987305
1.435547
0.961914
0.532227
0.214844
-0.063477
-0.205078
-0.268555
-0.224609
-0.068359
0.224609
0.537109
1.000977
1.489258
1.982422
2.529297
3.100586
3.535156
4.062500
4.443359
4.794922
4.941406
5.063477
5.043945
4.985352
4.814453
4.531250
4.160156
3.686523
3.188477
2.646484
2.084961
1.567383
1.132812
0.683594
0.312500
0.019531
-0.170898
-0.209961
-0.185547
-0.083008
0.185547
0.541992
0.913086
1.391602
1.933594
2.456055
2.958984
3.535156
3.969727
4.350586
4.726562
4.946289
5.126953
5.180664
5.068359
4.912109
4.589844
4.233398
3.828125
3.339844
2.797852
2.236328
1.694336
1.196289
0.776367
0.322266
0.058594
-0.136719
-0.253906
-0.214844
-0.117188
0.063477
0.405273
0.815430
1.250000
1.738281
2.270508
2.812500
3.383789
3.808594
4.272461
4.575195
4.873047
5.043945
5.141602
5.053711
4.912109
4.648438
4.301758
3.876953
3.427734
2.915039
2.353516
1.816406
1.328125
0.844727
0.439453
0.078125
-0.102539
-0.258789
-0.253906
-0.209961
-0.014648
0.297852
0.708008
1.127930
1.630859
2.109375
2.666016
3.198242
3.686523
4.121094
4.472656
4.780273
4.990234
5.102539
5.092773
4.965820
4.760742
4.418945
4.008789
3.535156
3.037109
2.524414
1.977539
1.420898
0.942383
0.571289
0.175781
-0.078125
-0.205078
-0.249023
-0.224609
-0.048828
0.219727
0.581055
0.961914
1.484375
2.006836
2.504883
3.095703
3.583984
4.042969
4.453125
4.726562
4.960938
5.078125
5.097656
5.019531
4.770508
4.521484
4.145508
3.701172
3.139648
2.656250
2.065430
1.547852
1.088867
0.595703
0.263672
-0.009766
-0.200195
-0.263672
-0.205078
-0.039062
0.185547
0.444336
0.898438
1.362305
1.870117
2.421875
2.934570
3.457031
3.945312
4.384766
4.697266
4.877930
5.083008
5.107422
5.058594
4.843750
4.560547
4.199219
3.784180
3.295898
2.788086
2.197266
1.684570
1.201172
0.791016
0.375977
0.034180
-0.156250
-0.249023
-0.249023
-0.141602
0.058594
0.371094
0.795898
1.215820
1.748047
2.270508
2.846680
3.354492
3.857422
4.287109
4.628906
4.877930
5.048828
5.141602
5.087891
4.912109
4.692383
4.335938
3.920898
3.403320
2.871094
2.358398
1.811523
1.308594
0.849609
0.444336
0.117188
-0.126953
-0.278320
-0.292969
-0.200195
0.029297
0.283203
0.649414
1.044922
1.596680
2.128906
2.680664
3.198242
3.691406
4.121094
4.506836
4.838867
5.048828
5.112305
5.078125
4.921875
4.755859
4.418945
4.013672
3.540039
2.988281
2.500000
1.972656
1.435547
0.957031
0.527344
0.180664
-0.063477
-0.205078
-0.283203
-0.214844
-0.039062
0.249023
0.581055
0.986328
1.469727
1.997070
2.539062
3.085938
3.588867
4.033203
4.428711
4.755859
4.951172
5.102539
5.087891
5.019531
4.799805
4.521484
4.150391
3.715820
3.183594
2.656250
2.094727
1.596680
1.118164
0.673828
0.288086
0.009766
-0.195312
-0.229492
-0.151367
-0.034180
0.156250
0.507812
0.898438
1.386719
1.899414
2.465820
3.007812
3.457031
3.964844
4.409180
4.726562
4.980469
5.087891
5.122070
5.068359
4.912109
4.589844
4.252930
3.793945
3.310547
2.822266
2.236328
1.684570
1.191406
0.776367
0.341797
0.087891
-0.156250
-0.234375
-0.205078
-0.107422
0.073242
0.375977
0.805664
1.274414
1.762695
2.290039
2.812500
3.349609
3.828125
4.291992
4.589844
4.873047
5.043945
5.126953
5.058594
4.892578
4.628906
4.296875
3.920898
3.408203
2.905273
2.348633
1.796875
1.328125
0.834961
0.439453
0.112305
-0.122070
-0.263672
-0.292969
-0.190430
0.000000
0.288086
0.664062
1.108398
1.586914
2.138672
2.670898
3.168945
3.666992
4.150391
4.511719
4.804688
5.019531
5.092773
5.083008
4.916992
4.750977
4.423828
4.008789
3.544922
3.022461
2.504883
1.967773
1.445312
0.937500
0.512695
0.190430
-0.058594
-0.229492
-0.273438
-0.200195
-0.043945
0.258789
0.590820
0.976562
1.464844
2.011719
2.573242
3.081055
3.583984
4.038086
4.423828
4.741211
4.960938
5.083008
5.107422
5.019531
4.804688
4.497070
4.106445
3.652344
3.154297
2.646484
2.104492
1.542969
1.054688
0.620117
0.258789
0.019531
-0.229492
-0.249023
-0.214844
-0.083008
0.136719
0.512695
0.917969
1.357422
1.909180
2.416992
2.958984
3.471680
3.935547
4.316406
4.663086
4.877930
5.063477
5.087891
5.063477
4.882812
4.589844
4.208984
3.789062
3.291016
2.788086
2.221680
1.679688
1.196289
0.766602
0.327148
0.043945
-0.136719
-0.234375
-0.234375
-0.151367
0.083008
0.385742
0.795898
1.264648
1.728516
2.314453
2.792969
3.378906
3.872070
4.262695
4.599609
4.877930
5.053711
5.122070
5.078125
4.931641
4.672852
4.345703
3.916016
3.413086
2.900391
2.338867
1.796875
1.298828
0.834961
0.390625
0.058594
-0.161133
-0.263672
-0.307617
-0.205078
-0.024414
0.263672
0.673828
1.103516
1.586914
2.138672
2.670898
3.212891
3.720703
4.150391
4.497070
4.804688
5.034180
5.112305
5.092773
4.951172
4.755859
4.423828
4.033203
3.540039
3.002930
2.500000
1.938477
1.459961
0.966797
0.556641
0.209961
-0.048828
-0.209961
-0.253906
-0.249023
-0.019531
0.219727
0.581055
0.991211
1.464844
2.006836
2.514648
3.066406
