1.889648
1.396484
0.893555
0.532227
0.156250
-0.043945
-0.239258
-0.292969
-0.200195
0.000000
0.244141
0.610352
1.030273
1.552734
2.026367
2.602539
3.120117
3.613281
4.086914
4.482422
4.785156
4.990234
5.107422
5.087891
5.000000
4.746094
4.428711
4.023438
3.583984
3.100586
2.583008
2.050781
1.464844
1.015625
0.590820
0.244141
-0.048828
-0.249023
-0.268555
-0.209961
-0.073242
0.170898
0.483398
0.932617
1.357422
1.972656
2.460938
3.012695
3.505859
3.964844
4.379883
4.736328
4.951172
5.097656
5.122070
5.039062
4.848633
4.526367
4.165039
3.706055
3.232422
2.719727
2.148438
1.625977
1.157227
0.673828
0.288086
0.000000
-0.170898
-0.268555
-0.258789
-0.117188
0.083008
0.400391
0.834961
1.313477
1.791992
2.309570
2.875977
3.388672
3.876953
4.277344
4.619141
4.921875
5.068359
5.097656
5.063477
4.887695
4.628906
4.311523
3.867188
3.349609
2.822266
2.309570
1.752930
1.254883
0.791016
0.415039
0.136719
-0.151367
-0.263672
-0.278320
-0.170898
0.019531
0.297852
0.664062
1.108398
1.611328
2.138672
2.719727
3.242188
3.769531
4.130859
4.545898
4.819336
5.014648
5.078125
5.073242
4.921875
4.672852
4.345703
3.959961
3.481445
2.963867
2.436523
1.875000
1.372070
0.898438
0.498047
0.131836
-0.107422
-0.268555
-0.292969
-0.190430
-0.039062
0.244141
0.620117
1.069336
1.508789
2.021484
2.592773
3.144531
3.613281
4.096680
4.477539
4.794922
4.975586
5.092773
5.087891
4.990234
4.750977
4.458008
4.033203
3.632812
3.125000
2.592773
2.045898
1.513672
1.059570
0.615234
0.229492
-0.019531
-0.214844
-0.263672
-0.161133
-0.004883
0.234375
0.522461
0.937500
1.401367
1.958008
2.519531
3.056641
3.544922
4.008789
4.409180
4.750977
4.960938
5.083008
5.146484
5.058594
4.858398
4.609375
4.243164
3.764648
3.291016
2.734375
2.197266
1.679688
1.171875
0.722656
0.322266
0.058594
-0.156250
-0.278320
-0.253906
-0.151367
0.087891
0.424805
0.815430
1.250000
1.811523
2.329102
2.900391
3.408203
3.872070
4.262695
4.638672
4.921875
5.063477
5.117188
5.058594
4.873047
4.624023
4.243164
3.842773
3.388672
2.861328
2.333984
1.767578
1.235352
0.786133
0.375977
0.107422
-0.102539
-0.278320
-0.268555
-0.156250
0.043945
0.341797
0.717773
1.147461
1.630859
2.182617
2.700195
3.222656
3.710938
4.184570
4.516602
4.780273
4.980469
5.058594
5.029297
4.912109
4.672852
4.355469
3.925781
3.427734
2.973633
2.451172
1.884766
1.401367
0.908203
0.493164
0.180664
-0.073242
-0.239258
-0.273438
-0.205078
-0.009766
0.244141
0.605469
1.074219
1.518555
2.050781
2.573242
3.115234
3.608398
4.116211
4.487305
4.736328
4.960938
5.053711
5.097656
5.009766
4.765625
4.438477
4.067383
3.598633
3.085938
2.553711
2.065430
1.499023
0.996094
0.600586
0.234375
-0.053711
-0.214844
-0.268555
-0.263672
-0.092773
0.156250
0.532227
0.893555
1.381836
1.972656
2.436523
3.027344
3.559570
4.028320
4.394531
4.731445
4.921875
5.092773
5.112305
5.034180
4.833984
4.526367
4.150391
3.735352
3.261719
2.705078
2.167969
1.606445
1.132812
0.668945
0.332031
0.004883
-0.161133
-0.234375
-0.234375
-0.107422
0.053711
0.434570
0.815430
1.279297
1.801758
2.333984
2.890625
3.422852
3.876953
4.277344
4.633789
4.907227
5.073242
5.117188
5.043945
4.887695
4.619141
4.282227
3.886719
3.374023
2.880859
2.333984
1.787109
1.279297
0.834961
0.395508
0.122070
-0.131836
-0.288086
-0.288086
-0.195312
0.034180
0.297852
0.742188
1.127930
1.635742
2.172852
2.685547
3.251953
3.754883
4.155273
4.565430
4.799805
4.990234
5.097656
5.078125
4.956055
4.697266
4.355469
3.930664
3.447266
2.958984
2.456055
1.875000
1.372070
0.903320
0.483398
0.161133
-0.063477
-0.234375
-0.278320
-0.205078
-0.048828
0.219727
0.605469
1.044922
1.562500
2.045898
2.636719
3.115234
3.632812
4.101562
4.501953
4.794922
4.985352
5.063477
5.102539
4.975586
4.775391
4.472656
4.033203
3.618164
3.120117
2.592773
2.026367
1.503906
1.040039
0.639648
0.278320
0.029297
-0.205078
-0.258789
-0.219727
-0.043945
0.229492
0.546875
0.952148
1.425781
1.972656
2.490234
3.007812
3.544922
3.999023
4.379883
4.721680
4.941406
5.102539
5.151367
5.073242
4.863281
4.550781
4.189453
3.798828
3.237305
2.690430
2.177734
1.635742
1.166992
0.732422
0.351562
0.014648
-0.141602
-0.239258
-0.185547
-0.151367
0.112305
0.410156
0.825195
1.269531
1.796875
2.358398
2.915039
3.432617
3.906250
4.331055
4.628906
4.912109
5.107422
5.097656
5.053711
4.887695
4.633789
4.282227
3.857422
3.359375
2.856445
2.314453
1.757812
1.245117
0.742188
0.390625
0.063477
-0.107422
-0.273438
-0.273438
-0.161133
0.004883
0.312500
0.712891
1.142578
1.660156
2.172852
2.714844
3.242188
3.730469
4.194336
4.560547
4.785156
4.990234
5.112305
5.034180
4.921875
4.687500
4.345703
3.945312
3.461914
2.963867
2.436523
1.904297
1.401367
0.908203
0.507812
0.122070
-0.073242
-0.234375
-0.253906
-0.209961
-0.024414
0.258789
0.595703
1.010742
1.547852
2.036133
2.592773
3.129883
3.627930
4.082031
4.501953
4.794922
4.960938
5.058594
5.092773
4.975586
4.765625
4.438477
4.042969
3.579102
3.090820
2.592773
2.045898
1.459961
1.015625
0.576172
0.209961
-0.029297
-0.229492
-0.253906
-0.219727
-0.078125
0.166016
0.478516
0.927734
1.464844
1.948242
2.451172
3.046875
3.530273
3.979492
4.423828
4.707031
4.970703
5.073242
5.107422
5.014648
4.829102
4.555664
4.160156
3.725586
3.242188
2.739258
2.143555
1.655273
1.171875
0.693359
0.332031
0.024414
-0.136719
-0.224609
-0.253906
-0.112305
0.107422
0.415039
0.825195
1.284180
1.777344
2.343750
2.871094
3.413086
3.857422
4.277344
4.619141
4.897461
5.087891
5.102539
5.058594
4.877930
4.653320
4.296875
3.852539
3.378906
2.866211
2.333984
1.787109
1.279297
0.815430
0.390625
0.112305
-0.146484
-0.258789
-0.249023
-0.161133
0.043945
0.302734
0.673828
1.127930
1.616211
2.172852
2.719727
3.242188
3.740234
4.155273
4.565430
4.838867
5.058594
5.058594
5.053711
4.907227
4.697266
4.340820
3.945312
3.471680
2.983398
2.465820
1.899414
1.372070
0.898438
0.478516
0.161133
-0.083008
-0.219727
-0.292969
-0.195312
-0.004883
0.253906
0.649414
1.010742
1.533203
2.094727
2.583008
3.144531
3.642578
4.082031
4.487305
4.760742
4.985352
5.092773
5.053711
4.985352
4.765625
4.414062
4.033203
3.613281
3.125000
2.587891
2.026367
1.538086
1.044922
0.605469
0.214844
-0.063477
-0.214844
-0.214844
-0.190430
-0.043945
0.209961
0.551758
0.976562
1.489258
1.972656
2.456055
3.081055
3.530273
3.994141
4.389648
4.736328
5.009766
5.107422
5.117188
5.048828
4.873047
4.584961
4.194336
3.798828
3.261719
2.763672
2.216797
1.655273
1.201172
0.703125
0.351562
0.034180
-0.146484
-0.234375
-0.214844
-0.146484
0.097656
0.424805
0.805664
1.308594
1.806641
2.348633
2.895508
3.413086
3.891602
4.282227
4.643555
4.892578
5.107422
5.126953
5.048828
4.897461
4.609375
4.282227
3.833008
3.374023
2.875977
2.304688
1.738281
1.250000
0.795898
0.419922
0.073242
-0.141602
-0.258789
-0.249023
-0.180664
0.034180
0.356445
0.712891
1.166992
1.655273
2.177734
2.739258
3.247070
3.725586
4.150391
4.531250
4.824219
5.034180
5.078125
5.048828
4.975586
4.697266
4.370117
3.896484
3.471680
2.968750
2.441406
1.909180
1.396484
0.893555
0.527344
0.166016
-0.068359
-0.253906
-0.297852
-0.205078
-0.019531
0.253906
0.620117
1.040039
1.508789
2.070312
2.602539
3.105469
3.642578
4.096680
4.453125
4.760742
5.014648
5.078125
5.078125
4.970703
4.755859
4.423828
4.052734
3.623047
3.139648
2.573242
2.036133
1.489258
1.040039
0.639648
0.234375
-0.078125
-0.205078
-0.278320
-0.239258
-0.063477
0.126953
0.493164
0.961914
1.396484
1.928711
2.470703
3.037109
3.583984
3.999023
4.418945
4.697266
4.921875
5.063477
5.151367
5.014648
4.882812
4.536133
4.160156
3.769531
3.256836
2.714844
2.158203
1.650391
1.181641
0.712891
0.307617
0.004883
-0.180664
-0.273438
-0.249023
-0.146484
0.092773
0.405273
0.830078
1.298828
1.816406
2.304688
2.866211
3.388672
3.852539
4.340820
4.653320
4.902344
5.043945
5.136719
5.078125
4.921875
4.648438
4.272461
3.857422
3.374023
2.861328
2.358398
1.772461
1.274414
0.815430
0.429688
0.078125
-0.136719
-0.219727
-0.302734
-0.180664
0.000000
0.283203
0.703125
1.181641
1.630859
2.202148
2.700195
3.242188
3.710938
4.150391
4.570312
4.848633
5.048828
5.078125
5.058594
4.907227
4.672852
4.379883
3.955078
3.491211
2.978516
2.426758
1.894531
1.386719
0.888672
0.498047
0.185547
-0.092773
-0.244141
-0.278320
-0.190430
-0.029297
0.239258
0.634766
1.035156
1.523438
2.080078
2.597656
3.168945
3.637695
4.101562
4.501953
4.765625
4.995117
5.087891
5.102539
4.980469
4.780273
4.428711
4.082031
3.632812
3.100586
2.607422
2.070312
1.508789
1.035156
0.629883
0.292969
0.014648
-0.180664
-0.224609
-0.166016
-0.048828
0.239258
0.556641
0.991211
1.445312
1.997070
2.495117
3.017578
3.530273
4.038086
4.438477
4.775391
5.009766
5.122070
5.131836
5.068359
4.853516
4.565430
4.204102
3.750000
3.271484
2.758789
2.202148
1.694336
1.196289
0.703125
0.351562
0.024414
-0.156250
-0.229492
-0.239258
-0.107422
0.087891
0.439453
0.815430
1.298828
1.850586
2.353516
2.895508
3.413086
3.896484
4.316406
4.658203
4.897461
5.053711
5.102539
5.024414
4.946289
4.638672
4.267578
3.803711
3.334961
2.846680
2.280273
1.782227
1.230469
0.781250
0.380859
0.107422
-0.136719
-0.249023
-0.278320
-0.161133
0.058594
0.332031
0.688477
1.147461
1.635742
2.202148
2.724609
3.251953
3.720703
4.169922
4.550781
4.814453
5.019531
5.078125
5.068359
4.931641
4.707031
4.350586
3.940430
3.447266
2.978516
2.421875
1.918945
1.381836
0.908203
0.483398
0.190430
-0.112305
-0.234375
-0.258789
-0.190430
-0.029297
0.253906
0.625000
1.049805
1.508789
2.026367
2.592773
3.139648
3.632812
4.091797
4.506836
4.741211
4.960938
5.078125
5.117188
4.990234
4.755859
4.448242
4.042969
3.593750
3.110352
2.573242
2.001953
1.508789
1.020508
0.605469
0.253906
-0.019531
-0.249023
-0.292969
-0.209961
-0.053711
0.185547
0.502930
0.908203
1.381836
1.918945
2.490234
3.027344
3.535156
3.979492
4.394531
4.716797
4.985352
5.112305
5.126953
5.029297
4.833984
4.541016
4.179688
3.740234
3.251953
2.729492
2.163086
1.640625
1.157227
0.708008
0.317383
0.029297
-0.136719
-0.273438
-0.219727
-0.161133
0.112305
0.429688
0.805664
1.274414
1.835938
2.319336
2.880859
3.393555
3.867188
4.311523
4.619141
4.907227
5.063477
5.107422
5.073242
4.897461
4.663086
4.296875
3.876953
3.383789
2.861328
2.348633
1.777344
1.279297
0.805664
0.385742
0.097656
-0.097656
-0.273438
-0.283203
-0.205078
0.000000
0.283203
0.659180
1.123047
1.630859
2.172852
2.729492
3.222656
3.740234
4.106445
4.541016
4.814453
4.990234
5.063477
5.058594
4.936523
4.672852
4.345703
3.940430
3.471680
2.949219
2.470703
1.889648
1.367188
0.913086
0.522461
0.175781
-0.092773
-0.214844
-0.292969
-0.214844
-0.029297
0.273438
0.595703
1.049805
1.528320
2.084961
2.592773
3.144531
3.608398
4.101562
4.492188
4.780273
4.965820
5.092773
5.078125
4.980469
4.750977
4.462891
4.096680
3.574219
3.100586
2.583008
2.060547
1.523438
1.054688
0.615234
0.283203
-0.019531
-0.190430
-0.224609
-0.219727
-0.068359
0.175781
0.537109
0.966797
1.430664
1.943359
2.509766
3.041992
3.520508
4.023438
4.428711
4.760742
4.960938
5.131836
5.141602
5.083008
4.887695
4.609375
4.267578
3.798828
3.256836
2.714844
2.226562
1.689453
1.152344
0.698242
0.312500
0.053711
-0.156250
-0.180664
-0.209961
-0.087891
0.083008
0.410156
0.883789
1.284180
1.796875
2.343750
2.900391
3.417969
3.881836
4.331055
4.648438
4.873047
5.112305
5.126953
5.053711
4.882812
4.619141
4.272461
3.872070
3.378906
2.885742
2.290039
1.816406
1.264648
0.800781
0.380859
0.078125
-0.175781
-0.239258
-0.268555
-0.151367
0.039062
0.371094
0.673828
1.186523
1.665039
2.211914
2.768555
3.251953
3.725586
4.194336
4.545898
4.853516
5.019531
5.092773
5.053711
4.907227
4.682617
4.345703
3.920898
3.417969
2.968750
2.421875
1.889648
1.396484
0.908203
0.522461
0.185547
-0.102539
-0.263672
-0.312500
-0.214844
-0.019531
0.249023
0.620117
1.040039
1.523438
2.089844
2.587891
3.120117
3.652344
4.125977
4.482422
4.770508
4.951172
5.107422
5.068359
4.975586
4.775391
4.448242
4.072266
3.608398
3.105469
2.553711
2.001953
1.523438
1.010742
0.566406
0.205078
-0.048828
-0.200195
-0.268555
-0.214844
-0.087891
0.117188
0.522461
0.932617
1.445312
1.928711
2.431641
3.037109
3.549805
4.038086
4.443359
4.760742
4.951172
5.122070
5.117188
5.029297
4.824219
4.516602
4.179688
3.735352
3.232422
2.709961
2.148438
1.655273
1.157227
0.703125
0.292969
-0.004883
-0.146484
-0.278320
-0.288086
-0.107422
0.126953
0.424805
0.830078
1.269531
1.806641
2.377930
2.875977
3.413086
3.896484
4.306641
4.653320
4.892578
5.073242
5.117188
5.087891
4.936523
4.638672
4.277344
3.901367
3.413086
2.836914
2.329102
1.767578
1.259766
0.810547
0.454102
0.083008
-0.141602
-0.288086
-0.278320
-0.224609
0.009766
0.292969
0.664062
1.118164
1.630859
2.153320
2.729492
3.232422
3.735352
4.174805
4.531250
4.819336
5.024414
5.078125
5.073242
4.892578
4.726562
4.355469
3.945312
3.486328
2.973633
2.465820
1.928711
1.357422
0.888672
0.473633
0.170898
-0.092773
-0.209961
-0.312500
-0.200195
-0.039062
0.253906
0.585938
1.049805
1.528320
2.080078
2.597656
3.134766
3.618164
4.106445
4.467773
4.819336
4.956055
5.092773
5.078125
4.970703
4.731445
4.448242
4.038086
3.603516
3.164062
2.568359
2.016602
1.518555
1.074219
0.625000
0.278320
-0.004883
-0.185547
-0.263672
-0.195312
-0.019531
0.209961
0.585938
0.961914
1.469727
2.021484
2.504883
3.007812
3.520508
3.999023
4.418945
4.760742
5.019531
5.146484
5.136719
5.063477
4.897461
4.560547
4.238281
3.774414
3.276367
2.768555
2.182617
1.674805
1.186523
0.732422
0.351562
0.053711
-0.156250
-0.205078
-0.229492
-0.102539
0.122070
0.410156
0.854492
1.254883
1.801758
2.353516
2.895508
3.408203
3.911133
4.321289
4.672852
4.912109
5.058594
5.112305
5.097656
4.912109
4.619141
4.282227
3.842773
3.413086
2.836914
2.319336
1.748047
1.284180
0.791016
0.439453
0.068359
-0.078125
-0.273438
-0.258789
-0.195312
0.078125
0.322266
0.693359
1.132812
1.640625
2.177734
2.744141
3.266602
3.764648
4.199219
4.570312
4.843750
5.000000
5.058594
5.048828
4.931641
4.711914
4.340820
3.920898
3.452148
3.002930
2.436523
1.914062
1.372070
0.898438
0.498047
0.175781
-0.073242
-0.234375
-0.249023
-0.180664
-0.024414
0.244141
0.585938
1.040039
1.538086
2.075195
2.592773
3.139648
3.642578
4.082031
4.467773
4.765625
4.975586
5.083008
5.107422
5.004883
4.799805
4.399414
4.042969
3.608398
3.110352
2.573242
2.036133
1.489258
1.015625
0.625000
0.244141
-0.053711
-0.219727
-0.278320
-0.219727
-0.078125
0.151367
0.527344
0.961914
1.430664
1.933594
2.460938
3.002930
3.564453
4.047852
4.414062
4.697266
4.985352
5.102539
5.131836
5.019531
4.819336
4.531250
4.165039
3.750000
3.237305
2.700195
2.148438
1.621094
1.142578
0.678711
0.312500
0.019531
-0.156250
-0.292969
-0.258789
-0.112305
0.112305
0.439453
0.771484
1.284180
1.801758
2.329102
2.861328
3.413086
3.842773
4.301758
4.638672
4.931641
5.092773
5.097656
5.048828
4.873047
4.648438
4.267578
3.842773
3.378906
2.832031
2.304688
1.777344
1.289062
0.825195
0.454102
0.083008
-0.146484
-0.263672
-0.273438
-0.200195
0.014648
0.322266
0.717773
1.157227
1.635742
2.143555
2.719727
3.232422
3.754883
4.165039
4.531250
4.819336
5.000000
5.092773
5.053711
4.956055
4.702148
4.384766
3.964844
3.530273
2.988281
2.436523
1.889648
1.357422
0.917969
0.493164
0.175781
-0.136719
-0.249023
-0.288086
-0.170898
0.004883
0.244141
0.615234
1.030273
1.528320
2.099609
2.578125
3.154297
3.642578
4.077148
4.501953
4.785156
5.024414
5.063477
5.078125
4.995117
4.775391
4.448242
4.023438
3.647461
3.105469
2.553711
2.031250
1.552734
1.005859
0.605469
0.249023
0.009766
-0.195312
-0.244141
-0.205078
-0.034180
0.195312
0.532227
0.922852
1.416016
1.948242
2.495117
3.061523
3.593750
4.042969
4.428711
4.780273
4.980469
5.083008
5.107422
5.014648
4.882812
4.575195
4.238281
3.764648
3.286133
2.753906
2.211914
1.689453
1.171875
0.708008
0.336914
0.043945
-0.161133
-0.224609
-0.234375
-0.131836
0.083008
0.419922
0.839844
1.269531
1.811523
2.333984
2.880859
3.432617
3.862305
4.335938
4.672852
4.916992
5.053711
5.112305
5.078125
4.897461
4.648438
4.291992
3.842773
3.388672
2.817383
2.319336
1.796875
1.225586
0.771484
0.385742
0.131836
-0.097656
-0.219727
-0.288086
-0.180664
0.053711
0.341797
0.722656
1.118164
1.669922
2.216797
2.714844
3.251953
3.774414
4.160156
4.560547
4.824219
5.009766
5.058594
5.048828
4.902344
4.731445
4.355469
3.925781
3.447266
2.968750
2.402344
1.889648
1.411133
0.908203
0.478516
0.190430
-0.092773
-0.214844
-0.253906
-0.190430
-0.024414
0.234375
0.625000
1.054688
1.562500
2.041016
2.607422
3.125000
3.642578
4.116211
4.506836
4.785156
4.946289
5.053711
5.078125
4.985352
4.775391
4.472656
4.062500
3.618164
3.105469
2.553711
2.065430
1.499023
0.981445
0.576172
0.292969
-0.029297
-0.224609
-0.288086
-0.229492
-0.073242
0.170898
0.522461
0.927734
1.391602
1.948242
2.475586
3.022461
3.540039
4.018555
4.389648
4.750977
4.965820
5.068359
5.136719
5.019531
4.833984
4.541016
4.150391
3.754883
3.227539
2.709961
2.167969
1.645508
1.166992
0.654297
0.332031
0.024414
-0.156250
-0.288086
-0.239258
-0.131836
0.107422
0.419922
0.839844
1.284180
1.806641
2.333984
2.929688
3.388672
3.891602
4.282227
4.677734
4.897461
5.048828
5.141602
5.004883
4.897461
4.599609
4.282227
3.847656
3.398438
2.841797
2.314453
1.772461
1.298828
0.839844
0.434570
0.078125
-0.156250
-0.273438
-0.283203
-0.200195
0.004883
0.288086
0.649414
1.123047
1.645508
2.143555
2.773438
3.232422
3.745117
4.140625
4.565430
4.814453
5.004883
5.073242
5.034180
4.936523
4.682617
4.365234
3.950195
3.486328
2.968750
2.441406
1.914062
1.362305
0.878906
0.517578
0.170898
-0.102539
-0.263672
-0.244141
-0.214844
-0.029297
0.283203
0.634766
1.015625
1.562500
2.050781
2.622070
3.134766
3.637695
4.121094
4.492188
4.819336
4.970703
5.092773
5.092773
5.004883
4.765625
4.428711
4.057617
3.608398
3.139648
2.573242
2.050781
1.518555
1.054688
0.654297
0.268555
-0.034180
-0.190430
-0.209961
-0.200195
-0.029297
0.205078
0.556641
0.986328
1.420898
1.972656
2.495117
3.061523
3.598633
4.008789
4.423828
4.716797
4.980469
5.126953
5.156250
5.083008
4.829102
4.555664
4.238281
3.789062
3.291016
2.744141
2.211914
1.669922
1.176758
0.732422
0.380859
0.063477
-0.151367
-0.214844
-0.190430
-0.117188
0.087891
0.410156
0.844727
1.264648
1.816406
2.368164
2.885742
3.427734
3.891602
4.296875
4.624023
4.877930
5.078125
5.097656
5.073242
4.936523
4.609375
4.257812
3.847656
3.383789
2.836914
2.285156
1.777344
1.279297
0.825195
0.390625
0.112305
-0.156250
-0.244141
-0.292969
-0.146484
0.058594
0.351562
0.717773
1.166992
1.660156
2.143555
2.739258
3.227539
3.730469
4.160156
4.541016
4.833984
4.985352
5.087891
5.048828
4.902344
4.658203
4.321289
3.925781
3.452148
2.973633
2.451172
1.899414
1.381836
0.898438
0.532227
0.175781
-0.122070
-0.229492
-0.263672
-0.214844
-0.019531
0.249023
0.610352
1.035156
1.533203
2.036133
2.597656
3.129883
3.598633
4.062500
4.506836
4.765625
4.960938
5.078125
5.102539
4.975586
4.746094
4.458008
4.072266
3.613281
3.110352
2.553711
2.006836
1.499023
1.044922
0.581055
0.219727
-0.092773
-0.200195
-0.278320
-0.205078
-0.107422
0.156250
0.527344
0.903320
1.416016
1.928711
2.475586
3.041992
