2.163086
1.669922
1.108398
0.732422
0.332031
0.009766
-0.161133
-0.268555
-0.244141
-0.131836
0.131836
0.463867
0.903320
1.352539
1.850586
2.348633
2.900391
3.437500
3.886719
4.311523
4.643555
4.951172
5.043945
5.097656
5.083008
4.921875
4.658203
4.252930
3.828125
3.344727
2.861328
2.285156
1.728516
1.240234
0.795898
0.419922
0.078125
-0.156250
-0.278320
-0.253906
-0.180664
0.068359
0.317383
0.708008
1.206055
1.660156
2.207031
2.763672
3.232422
3.769531
4.165039
4.541016
4.843750
5.019531
5.092773
5.048828
4.965820
4.687500
4.384766
3.969727
3.491211
3.002930
2.431641
1.894531
1.352539
0.922852
0.483398
0.156250
-0.097656
-0.229492
-0.258789
-0.180664
-0.019531
0.258789
0.634766
1.030273
1.547852
2.065430
2.636719
3.105469
3.627930
4.116211
4.492188
4.819336
4.985352
5.083008
5.078125
4.995117
4.780273
4.443359
4.003906
3.598633
3.134766
2.553711
2.006836
1.518555
1.035156
0.585938
0.219727
-0.058594
-0.239258
-0.249023
-0.229492
-0.053711
0.146484
0.576172
0.991211
1.479492
1.982422
2.514648
3.041992
3.544922
4.008789
4.409180
4.716797
4.946289
5.087891
5.117188
5.014648
4.809570
4.560547
4.179688
3.720703
3.237305
2.714844
2.197266
1.645508
1.137695
0.712891
0.307617
0.034180
-0.175781
-0.239258
-0.249023
-0.102539
0.117188
0.424805
0.859375
1.313477
1.806641
2.304688
2.900391
3.447266
3.886719
4.291992
4.667969
4.926758
5.083008
5.102539
5.058594
4.916992
4.672852
4.301758
3.876953
3.354492
2.900391
2.353516
1.772461
1.259766
0.791016
0.375977
0.063477
-0.185547
-0.302734
-0.253906
-0.195312
0.024414
0.332031
0.698242
1.132812
1.655273
2.207031
2.724609
3.281250
3.779297
4.174805
4.565430
4.804688
5.024414
5.092773
5.097656
4.931641
4.682617
4.335938
3.955078
3.505859
2.958984
2.451172
1.918945
1.367188
0.937500
0.498047
0.151367
-0.087891
-0.229492
-0.224609
-0.200195
0.009766
0.258789
0.644531
1.088867
1.542969
2.089844
2.626953
3.173828
3.657227
4.101562
4.487305
4.741211
4.985352
5.083008
5.131836
4.985352
4.736328
4.487305
4.091797
3.623047
3.081055
2.573242
2.055664
1.523438
1.040039
0.620117
0.253906
-0.043945
-0.166016
-0.234375
-0.166016
-0.048828
0.234375
0.561523
0.966797
1.430664
1.982422
2.509766
3.076172
3.564453
4.008789
4.409180
4.785156
4.990234
5.122070
5.146484
5.058594
4.858398
4.580078
4.213867
3.823242
3.271484
2.734375
2.207031
1.645508
1.152344
0.737305
0.351562
-0.014648
-0.170898
-0.292969
-0.239258
-0.122070
0.141602
0.458984
0.888672
1.323242
1.816406
2.373047
2.924805
3.413086
3.911133
4.296875
4.653320
4.960938
5.092773
5.083008
5.043945
4.907227
4.633789
4.257812
3.862305
3.393555
2.812500
2.309570
1.708984
1.274414
0.795898
0.371094
0.083008
-0.156250
-0.234375
-0.273438
-0.156250
0.043945
0.375977
0.703125
1.186523
1.669922
2.202148
2.739258
3.247070
3.725586
4.184570
4.584961
4.843750
5.048828
5.083008
5.087891
4.941406
4.677734
4.360352
3.959961
3.486328
3.012695
2.431641
1.918945
1.357422
0.917969
0.493164
0.170898
-0.107422
-0.219727
-0.288086
-0.200195
-0.043945
0.224609
0.639648
1.054688
1.577148
2.075195
2.617188
3.168945
3.618164
4.135742
4.482422
4.799805
4.970703
5.083008
5.122070
4.990234
4.770508
4.428711
4.047852
3.608398
3.115234
2.558594
2.001953
1.518555
1.015625
0.581055
0.234375
-0.039062
-0.200195
-0.297852
-0.239258
-0.102539
0.205078
0.507812
0.961914
1.450195
1.962891
2.485352
3.041992
3.535156
4.038086
4.394531
4.746094
4.931641
5.097656
5.092773
5.034180
4.814453
4.555664
4.160156
3.789062
3.232422
2.734375
2.158203
1.621094
1.088867
0.698242
0.307617
0.000000
-0.180664
-0.268555
-0.253906
-0.107422
0.107422
0.419922
0.830078
1.279297
1.816406
2.338867
2.919922
3.388672
3.876953
4.296875
4.667969
4.931641
5.092773
5.122070
5.058594
4.877930
4.633789
4.311523
3.857422
3.354492
2.841797
2.368164
1.787109
1.254883
0.751953
0.410156
0.083008
-0.131836
-0.249023
-0.249023
-0.161133
0.019531
0.322266
0.668945
1.152344
1.669922
2.177734
2.709961
3.281250
3.764648
4.179688
4.570312
4.804688
5.024414
5.107422
5.043945
4.916992
4.687500
4.340820
3.959961
3.491211
2.978516
2.441406
1.875000
1.347656
0.903320
0.507812
0.170898
-0.092773
-0.229492
-0.268555
-0.170898
0.004883
0.278320
0.639648
1.054688
1.533203
2.080078
2.597656
3.144531
3.671875
4.096680
4.462891
4.746094
4.990234
5.112305
5.097656
4.941406
4.741211
4.467773
4.038086
3.637695
3.173828
2.597656
2.045898
1.523438
1.054688
0.620117
0.224609
0.009766
-0.200195
-0.249023
-0.190430
-0.053711
0.195312
0.566406
1.005859
1.445312
1.977539
2.534180
3.081055
3.593750
4.008789
4.389648
4.741211
5.009766
5.131836
5.141602
5.019531
4.819336
4.580078
4.194336
3.774414
3.242188
2.724609
2.192383
1.669922
1.201172
0.717773
0.332031
0.009766
-0.195312
-0.234375
-0.273438
-0.097656
0.112305
0.444336
0.883789
1.342773
1.826172
2.373047
2.919922
3.437500
3.911133
4.311523
4.648438
4.892578
5.063477
5.097656
5.024414
4.897461
4.643555
4.291992
3.852539
3.398438
2.802734
2.294922
1.767578
1.264648
0.800781
0.390625
0.063477
-0.141602
-0.234375
-0.278320
-0.185547
0.029297
0.356445
0.766602
1.162109
1.660156
2.172852
2.714844
3.271484
3.745117
4.199219
4.560547
4.843750
5.014648
5.058594
5.014648
4.936523
4.687500
4.360352
3.969727
3.500977
2.949219
2.475586
1.909180
1.381836
0.888672
0.507812
0.112305
-0.107422
-0.229492
-0.258789
-0.185547
0.000000
0.268555
0.600586
1.049805
1.562500
2.070312
2.573242
3.159180
3.632812
4.096680
4.487305
4.785156
5.000000
5.131836
5.063477
4.941406
4.765625
4.467773
4.072266
3.613281
3.076172
2.563477
2.119141
1.538086
0.966797
0.566406
0.249023
-0.024414
-0.175781
-0.268555
-0.258789
-0.117188
0.166016
0.541992
0.986328
1.464844
1.953125
2.480469
2.993164
3.574219
3.999023
4.394531
4.721680
4.956055
5.078125
5.131836
5.009766
4.833984
4.555664
4.204102
3.715820
3.247070
2.700195
2.143555
1.621094
1.123047
0.693359
0.327148
0.000000
-0.175781
-0.263672
-0.224609
-0.131836
0.131836
0.424805
0.820312
1.298828
1.811523
2.338867
2.890625
3.408203
3.906250
4.326172
4.658203
4.907227
5.073242
5.122070
5.053711
4.887695
4.628906
4.262695
3.862305
3.388672
2.856445
2.275391
1.728516
1.293945
0.771484
0.346680
0.029297
-0.161133
-0.292969
-0.263672
-0.205078
-0.009766
0.273438
0.664062
1.108398
1.674805
2.163086
2.695312
3.203125
3.720703
4.160156
4.541016
4.843750
5.004883
5.083008
5.034180
4.907227
4.702148
4.375000
3.950195
3.471680
2.978516
2.436523
1.875000
1.367188
0.893555
0.507812
0.166016
-0.092773
-0.239258
-0.278320
-0.200195
-0.014648
0.258789
0.625000
1.064453
1.547852
2.055664
2.626953
3.125000
3.657227
4.091797
4.492188
4.809570
4.970703
5.102539
5.107422
4.990234
4.780273
4.458008
4.086914
3.623047
3.120117
2.583008
2.041016
1.528320
1.035156
0.590820
0.229492
0.004883
-0.151367
-0.205078
-0.190430
-0.078125
0.170898
0.576172
1.010742
1.474609
1.933594
2.490234
3.012695
3.574219
4.077148
4.438477
4.799805
5.024414
5.107422
5.136719
5.029297
4.863281
4.619141
4.189453
3.779297
3.300781
2.744141
2.187500
1.665039
1.162109
0.727539
0.312500
0.019531
-0.146484
-0.263672
-0.253906
-0.107422
0.122070
0.444336
0.849609
1.259766
1.801758
2.392578
2.915039
3.403320
3.872070
4.321289
4.663086
4.902344
5.087891
5.107422
5.068359
4.892578
4.624023
4.257812
3.862305
3.369141
2.807617
2.299805
1.762695
1.269531
0.786133
0.385742
0.068359
-0.117188
-0.253906
-0.224609
-0.146484
0.024414
0.312500
0.688477
1.176758
1.689453
2.192383
2.739258
3.242188
3.740234
4.199219
4.550781
4.824219
4.985352
5.053711
5.019531
4.916992
4.687500
4.326172
3.945312
3.471680
2.998047
2.407227
1.884766
1.337891
0.893555
0.502930
0.146484
-0.083008
-0.234375
-0.283203
-0.195312
-0.024414
0.297852
0.625000
1.044922
1.577148
2.089844
2.602539
3.159180
3.647461
4.106445
4.443359
4.775391
5.014648
5.107422
5.112305
4.960938
4.755859
4.472656
4.082031
3.627930
3.100586
2.573242
2.021484
1.503906
1.030273
0.576172
0.239258
-0.058594
-0.200195
-0.283203
-0.229492
-0.034180
0.175781
0.522461
0.991211
1.445312
1.987305
2.480469
3.037109
3.544922
4.013672
4.414062
4.731445
4.956055
5.112305
5.117188
5.009766
4.838867
4.536133
4.174805
3.730469
3.237305
2.719727
2.148438
1.630859
1.113281
0.727539
0.283203
0.029297
-0.170898
-0.268555
-0.244141
-0.126953
0.146484
0.463867
0.849609
1.323242
1.840820
2.348633
2.905273
3.417969
3.891602
4.331055
4.653320
4.907227
5.078125
5.122070
5.058594
4.882812
4.658203
4.277344
3.857422
3.378906
2.851562
2.299805
1.801758
1.235352
0.795898
0.410156
0.087891
-0.126953
-0.239258
-0.258789
-0.166016
0.019531
0.263672
0.668945
1.137695
1.669922
2.202148
2.695312
3.247070
3.730469
4.174805
4.560547
4.833984
5.009766
5.102539
5.053711
4.931641
4.716797
4.389648
3.935547
3.466797
2.963867
2.456055
1.909180
1.352539
0.893555
0.468750
0.156250
-0.083008
-0.234375
-0.273438
-0.214844
-0.019531
0.253906
0.644531
1.054688
1.557617
2.080078
2.631836
3.110352
3.676758
4.111328
4.511719
4.770508
4.970703
5.092773
5.126953
4.980469
4.765625
4.482422
4.077148
3.657227
3.154297
2.626953
2.041016
1.533203
1.020508
0.610352
0.234375
-0.004883
-0.170898
-0.234375
-0.190430
-0.058594
0.200195
0.561523
1.000977
1.430664
1.938477
2.504883
3.061523
3.574219
4.018555
4.418945
4.721680
4.956055
5.146484
5.151367
5.063477
4.824219
4.565430
4.174805
3.754883
3.276367
2.709961
2.207031
1.650391
1.162109
0.708008
0.327148
0.034180
-0.141602
-0.253906
-0.234375
-0.107422
0.126953
0.458984
0.874023
1.328125
1.796875
2.387695
2.880859
3.403320
3.911133
4.340820
4.633789
4.887695
5.073242
5.146484
5.097656
4.868164
4.614258
4.296875
3.886719
3.359375
2.856445
2.294922
1.757812
1.254883
0.839844
0.395508
0.058594
-0.146484
-0.292969
-0.253906
-0.175781
0.043945
0.351562
0.712891
1.166992
1.665039
2.202148
2.792969
3.237305
3.764648
4.204102
4.545898
4.858398
5.000000
5.048828
5.029297
4.887695
4.667969
4.345703
3.935547
3.520508
2.988281
2.441406
1.884766
1.362305
0.883789
0.483398
0.141602
-0.097656
-0.239258
-0.312500
-0.219727
-0.039062
0.268555
0.605469
1.064453
1.572266
2.075195
2.636719
3.154297
3.652344
4.125977
4.477539
4.760742
4.995117
5.102539
5.097656
4.965820
4.746094
4.453125
4.057617
3.623047
3.090820
2.539062
2.011719
1.494141
0.991211
0.615234
0.244141
-0.043945
-0.224609
-0.268555
-0.214844
-0.048828
0.151367
0.478516
0.976562
1.474609
1.962891
2.485352
3.037109
3.549805
4.008789
4.414062
4.702148
4.936523
5.097656
5.092773
5.048828
4.799805
4.526367
4.155273
3.715820
3.232422
2.695312
2.167969
1.616211
1.108398
0.659180
0.307617
0.024414
-0.185547
-0.234375
-0.249023
-0.117188
0.126953
0.415039
0.854492
1.289062
1.811523
2.343750
2.875977
3.398438
3.867188
4.306641
4.648438
4.897461
5.068359
5.107422
5.053711
4.897461
4.638672
4.262695
3.828125
3.339844
2.846680
2.358398
1.787109
1.240234
0.756836
0.395508
0.078125
-0.156250
-0.263672
-0.297852
-0.180664
0.039062
0.346680
0.698242
1.152344
1.655273
2.167969
2.749023
3.251953
3.774414
4.174805
4.570312
4.824219
5.024414
5.117188
5.063477
4.946289
4.682617
4.375000
3.950195
3.491211
2.958984
2.402344
1.879883
1.381836
0.893555
0.473633
0.146484
-0.102539
-0.219727
-0.268555
-0.195312
-0.024414
0.263672
0.639648
1.079102
1.538086
2.060547
2.622070
3.144531
3.671875
4.086914
4.506836
4.780273
4.951172
5.092773
5.112305
4.985352
4.799805
4.423828
4.038086
3.642578
3.120117
2.597656
2.021484
1.494141
1.049805
0.590820
0.288086
-0.029297
-0.170898
-0.214844
-0.175781
-0.024414
0.224609
0.561523
0.947266
1.440430
1.972656
2.534180
3.022461
3.559570
4.062500
4.414062
4.746094
4.951172
5.092773
5.166016
5.043945
4.848633
4.584961
4.150391
3.774414
3.256836
2.724609
2.192383
1.606445
1.137695
0.751953
0.341797
0.029297
-0.166016
-0.278320
-0.263672
-0.117188
0.092773
0.454102
0.854492
1.318359
1.831055
2.373047
2.905273
3.427734
3.876953
4.287109
4.658203
4.946289
5.078125
5.112305
5.058594
4.912109
4.604492
4.296875
3.823242
3.354492
2.866211
2.299805
1.767578
1.220703
0.839844
0.400391
0.107422
-0.131836
-0.268555
-0.263672
-0.170898
0.043945
0.351562
0.678711
1.108398
1.660156
2.231445
2.739258
3.276367
3.735352
4.204102
4.570312
4.824219
4.970703
5.034180
5.063477
4.995117
4.663086
4.355469
3.935547
3.461914
3.022461
2.446289
1.914062
1.372070
0.888672
0.498047
0.166016
-0.073242
-0.229492
-0.273438
-0.175781
0.004883
0.253906
0.629883
1.049805
1.542969
2.060547
2.587891
3.134766
3.662109
4.111328
4.492188
4.780273
4.985352
5.092773
5.131836
5.009766
4.726562
4.428711
4.047852
3.569336
3.139648
2.573242
2.026367
1.484375
0.976562
0.600586
0.234375
-0.019531
-0.249023
-0.297852
-0.224609
-0.087891
0.175781
0.532227
0.971680
1.455078
1.953125
2.460938
3.022461
3.515625
3.999023
4.389648
4.711914
4.941406
5.073242
5.107422
5.063477
4.785156
4.570312
4.160156
3.740234
3.232422
2.695312
2.128906
1.660156
1.118164
0.664062
0.307617
-0.004883
-0.156250
-0.278320
-0.234375
-0.097656
0.078125
0.449219
0.854492
1.298828
1.791992
2.343750
2.924805
3.408203
3.891602
4.291992
4.628906
4.907227
5.063477
5.087891
5.058594
4.887695
4.584961
4.306641
3.852539
3.374023
2.822266
2.329102
1.796875
1.245117
0.771484
0.366211
0.073242
-0.166016
-0.249023
-0.283203
-0.175781
0.014648
0.332031
0.683594
1.137695
1.645508
2.187500
2.753906
3.291016
3.735352
4.208984
4.531250
4.848633
5.024414
5.073242
5.043945
4.941406
4.707031
4.335938
3.964844
3.466797
2.968750
2.441406
1.909180
1.367188
0.908203
0.493164
0.166016
-0.097656
-0.219727
-0.288086
-0.205078
0.000000
0.249023
0.634766
1.059570
1.572266
2.075195
2.617188
3.125000
3.676758
4.116211
4.497070
4.780273
5.014648
5.092773
5.087891
4.990234
4.760742
4.472656
4.067383
3.593750
3.134766
2.617188
2.026367
1.503906
1.059570
0.610352
0.278320
-0.024414
-0.224609
-0.249023
-0.190430
-0.078125
0.239258
0.566406
0.976562
1.445312
2.021484
2.529297
3.071289
3.520508
4.028320
4.438477
4.770508
4.956055
5.166016
5.156250
5.014648
4.858398
4.584961
4.213867
3.789062
3.281250
2.719727
2.226562
1.650391
1.176758
0.708008
0.317383
0.014648
-0.175781
-0.263672
-0.234375
-0.131836
0.136719
0.463867
0.849609
1.357422
1.835938
2.314453
2.880859
3.461914
3.916016
4.311523
4.663086
4.936523
5.024414
5.117188
5.078125
4.897461
4.604492
4.267578
3.881836
3.349609
2.861328
2.299805
1.743164
1.230469
0.791016
0.385742
0.112305
-0.141602
-0.268555
-0.283203
-0.156250
-0.004883
0.327148
0.688477
1.176758
1.704102
2.211914
2.714844
3.232422
3.740234
4.194336
4.580078
4.833984
5.000000
5.073242
5.034180
4.921875
4.677734
4.335938
3.935547
3.481445
2.998047
2.470703
1.889648
1.381836
0.908203
0.507812
0.151367
-0.092773
-0.253906
-0.292969
-0.180664
-0.004883
0.249023
0.610352
1.040039
1.542969
2.055664
2.607422
3.125000
3.642578
4.106445
4.477539
4.760742
4.975586
5.063477
5.112305
5.014648
4.760742
4.443359
4.052734
3.627930
3.090820
2.592773
1.997070
1.494141
1.035156
0.600586
0.229492
-0.068359
-0.180664
-0.239258
-0.239258
-0.078125
0.185547
0.502930
0.996094
1.455078
1.967773
2.514648
3.012695
3.554688
3.999023
4.418945
4.731445
4.960938
5.092773
5.083008
5.009766
4.833984
4.506836
4.165039
3.745117
3.208008
2.680664
2.187500
1.611328
1.166992
0.683594
0.307617
0.004883
-0.195312
-0.258789
-0.239258
-0.078125
0.117188
0.468750
0.849609
1.289062
1.762695
2.333984
2.919922
3.413086
3.881836
4.282227
4.648438
4.951172
5.063477
5.117188
5.068359
4.897461
4.667969
4.277344
3.837891
3.388672
2.890625
2.294922
1.767578
1.220703
0.751953
0.361328
0.043945
-0.136719
-0.268555
-0.278320
-0.195312
0.034180
0.292969
0.688477
1.191406
1.674805
2.177734
2.719727
3.222656
3.754883
4.189453
4.570312
4.858398
5.009766
5.107422
5.043945
4.921875
4.702148
4.345703
3.969727
3.457031
2.973633
2.387695
1.831055
1.362305
0.932617
0.483398
0.161133
-0.087891
-0.224609
-0.268555
-0.200195
-0.014648
0.263672
0.605469
1.054688
1.542969
2.089844
2.607422
3.134766
3.637695
4.106445
4.482422
4.750977
4.980469
5.083008
5.092773
4.985352
4.804688
4.443359
4.072266
3.618164
3.110352
2.587891
2.060547
1.503906
1.040039
0.595703
0.239258
0.024414
-0.146484
-0.229492
-0.209961
-0.073242
0.195312
0.576172
1.025391
1.420898
1.972656
2.500000
3.032227
3.613281
4.023438
4.404297
4.755859
4.980469
5.136719
5.126953
5.019531
4.877930
4.555664
4.252930
3.750000
3.276367
2.729492
2.172852
1.660156
1.176758
0.722656
0.327148
0.024414
-0.175781
-0.244141
-0.205078
-0.117188
0.146484
0.454102
0.888672
1.342773
1.816406
2.329102
2.910156
3.437500
3.886719
4.291992
4.643555
4.931641
5.073242
5.097656
5.024414
4.897461
4.604492
4.321289
3.852539
3.300781
2.822266
2.304688
1.772461
1.274414
0.786133
0.390625
0.058594
-0.166016
-0.258789
-0.268555
-0.161133
0.029297
0.322266
0.722656
1.157227
1.635742
2.187500
2.753906
3.271484
3.725586
4.169922
4.545898
4.833984
5.024414
5.083008
5.039062
4.921875
4.687500
4.350586
3.959961
3.486328
2.983398
2.446289
1.904297
1.362305
0.888672
0.483398
0.156250
-0.092773
-0.244141
-0.263672
-0.156250
-0.034180
0.253906
0.620117
1.040039
1.538086
2.070312
2.612305
3.164062
3.652344
4.082031
4.492188
4.819336
5.029297
5.068359
5.092773
4.980469
4.785156
4.462891
4.067383
3.588867
3.076172
2.543945
2.021484
1.533203
1.030273
0.595703
0.258789
-0.063477
-0.224609
-0.258789
-0.219727
-0.083008
0.195312
0.522461
0.957031
1.474609
1.948242
2.495117
3.037109
3.549805
4.023438
4.409180
4.741211
4.936523
5.058594
5.107422
5.024414
4.824219
4.526367
4.204102
3.740234
3.232422
2.695312
2.153320
1.645508
1.171875
0.659180
0.317383
0.019531
-0.161133
-0.244141
-0.219727
-0.107422
0.097656
0.434570
0.849609
1.328125
1.821289
2.324219
2.875977
3.417969
3.906250
4.316406
4.648438
4.926758
5.063477
5.131836
5.078125
4.873047
4.628906
4.277344
3.911133
3.374023
2.851562
2.343750
1.796875
1.250000
0.771484
0.410156
0.073242
-0.146484
-0.253906
-0.273438
-0.209961
0.058594
0.312500
0.683594
1.162109
1.616211
2.167969
2.719727
3.271484
3.779297
4.204102
4.545898
4.819336
5.014648
5.063477
5.083008
4.931641
4.658203
4.350586
3.935547
3.457031
2.958984
2.460938
1.889648
1.386719
0.893555
0.498047
0.131836
-0.102539
-0.209961
-0.288086
-0.156250
-0.034180
0.224609
0.620117
1.069336
1.582031
2.055664
2.568359
3.193359
3.613281
4.106445
4.472656
4.770508
4.956055
5.112305
5.092773
4.980469
4.794922
4.462891
4.023438
3.632812
3.120117
2.587891
2.026367
1.518555
1.010742
0.595703
0.234375
-0.034180
-0.161133
-0.205078
-0.200195
-0.078125
0.195312
0.556641
0.991211
1.469727
1.972656
2.475586
3.066406
3.554688
4.023438
4.414062
4.726562
4.970703
5.112305
5.166016
5.068359
4.863281
4.580078
4.179688
3.754883
3.295898
2.709961
2.172852
1.621094
1.137695
0.688477
0.351562
0.043945
-0.151367
-0.234375
-0.258789
-0.112305
0.136719
0.463867
0.878906
1.289062
1.806641
2.402344
2.915039
3.422852
3.906250
4.282227
4.628906
4.931641
5.073242
5.141602
5.058594
4.882812
4.594727
4.267578
3.842773
3.354492
2.841797
2.265625
1.757812
1.264648
0.800781
0.395508
0.029297
-0.141602
-0.258789
-0.258789
-0.175781
0.043945
0.317383
0.698242
1.215820
1.679688
2.177734
2.749023
