1.855469
1.352539
0.898438
0.478516
0.131836
-0.087891
-0.258789
-0.249023
-0.166016
-0.004883
0.253906
0.605469
1.044922
1.572266
2.094727
2.617188
3.105469
3.623047
4.086914
4.472656
4.770508
5.019531
5.102539
5.053711
4.951172
4.750977
4.453125
4.038086
3.549805
3.037109
2.548828
2.001953
1.513672
0.986328
0.566406
0.229492
-0.043945
-0.214844
-0.278320
-0.209961
-0.087891
0.200195
0.522461
0.952148
1.420898
1.967773
2.465820
3.046875
3.549805
3.989258
4.399414
4.711914
4.941406
5.078125
5.102539
5.014648
4.814453
4.497070
4.165039
3.706055
3.154297
2.714844
2.124023
1.572266
1.127930
0.673828
0.312500
0.029297
-0.205078
-0.302734
-0.249023
-0.112305
0.102539
0.405273
0.839844
1.342773
1.811523
2.338867
2.924805
3.422852
3.964844
4.350586
4.667969
4.941406
5.053711
5.112305
5.048828
4.877930
4.599609
4.238281
3.833008
3.330078
2.812500
2.275391
1.728516
1.220703
0.776367
0.400391
0.058594
-0.131836
-0.234375
-0.283203
-0.117188
0.019531
0.366211
0.751953
1.171875
1.723633
2.211914
2.768555
3.291016
3.793945
4.213867
4.599609
4.853516
5.053711
5.107422
5.083008
4.941406
4.672852
4.355469
3.964844
3.481445
2.944336
2.412109
1.875000
1.406250
0.898438
0.444336
0.141602
-0.117188
-0.239258
-0.273438
-0.219727
-0.024414
0.229492
0.556641
1.054688
1.547852
2.084961
2.602539
3.134766
3.662109
4.096680
4.458008
4.760742
4.956055
5.068359
5.053711
4.946289
4.750977
4.472656
4.038086
3.608398
3.066406
2.514648
1.982422
1.489258
1.020508
0.566406
0.224609
-0.043945
-0.219727
-0.258789
-0.249023
-0.053711
0.224609
0.517578
0.917969
1.455078
1.933594
2.500000
3.017578
3.544922
4.018555
4.394531
4.741211
4.946289
5.107422
5.097656
5.004883
4.829102
4.516602
4.125977
3.691406
3.212891
2.714844
2.143555
1.640625
1.108398
0.683594
0.288086
0.014648
-0.195312
-0.214844
-0.205078
-0.087891
0.112305
0.463867
0.883789
1.323242
1.845703
2.373047
2.900391
3.422852
3.930664
4.355469
4.726562
4.936523
5.112305
5.122070
5.039062
4.897461
4.628906
4.252930
3.808594
3.344727
2.807617
2.314453
1.748047
1.284180
0.771484
0.410156
0.097656
-0.112305
-0.249023
-0.219727
-0.161133
0.039062
0.366211
0.708008
1.201172
1.718750
2.226562
2.773438
3.295898
3.784180
4.233398
4.560547
4.887695
5.029297
5.097656
5.068359
4.931641
4.702148
4.350586
3.935547
3.452148
2.963867
2.402344
1.850586
1.323242
0.898438
0.478516
0.185547
-0.102539
-0.268555
-0.292969
-0.219727
-0.029297
0.268555
0.620117
1.064453
1.528320
2.065430
2.636719
3.149414
3.637695
4.091797
4.438477
4.770508
4.980469
5.083008
5.048828
4.931641
4.692383
4.482422
4.077148
3.588867
3.081055
2.500000
2.001953
1.489258
1.000977
0.605469
0.214844
-0.004883
-0.209961
-0.273438
-0.219727
-0.068359
0.209961
0.522461
0.942383
1.416016
1.933594
2.495117
3.032227
3.525391
3.984375
4.384766
4.726562
4.965820
5.073242
5.073242
4.995117
4.814453
4.526367
4.160156
3.696289
3.188477
2.695312
2.153320
1.606445
1.093750
0.668945
0.307617
0.014648
-0.175781
-0.278320
-0.312500
-0.083008
0.131836
0.434570
0.869141
1.264648
1.845703
2.353516
2.910156
3.393555
3.886719
4.365234
4.677734
4.936523
5.068359
5.092773
5.053711
4.882812
4.624023
4.238281
3.828125
3.300781
2.792969
2.236328
1.752930
1.230469
0.776367
0.390625
0.063477
-0.180664
-0.258789
-0.239258
-0.146484
0.014648
0.312500
0.732422
1.201172
1.679688
2.167969
2.729492
3.261719
3.789062
4.199219
4.565430
4.853516
5.043945
5.117188
5.092773
4.907227
4.697266
4.384766
3.920898
3.486328
2.929688
2.407227
1.855469
1.367188
0.888672
0.478516
0.151367
-0.112305
-0.234375
-0.341797
-0.234375
-0.048828
0.239258
0.605469
1.040039
1.499023
2.070312
2.587891
3.149414
3.657227
4.091797
4.487305
4.755859
4.975586
5.048828
5.073242
4.936523
4.746094
4.428711
4.033203
3.559570
3.071289
2.558594
1.992188
1.464844
0.986328
0.546875
0.224609
-0.053711
-0.229492
-0.278320
-0.239258
-0.122070
0.180664
0.556641
0.971680
1.435547
1.943359
2.475586
3.032227
3.530273
4.033203
4.379883
4.736328
4.965820
5.083008
5.058594
5.024414
4.819336
4.560547
4.155273
3.681641
3.193359
2.700195
2.128906
1.582031
1.123047
0.649414
0.346680
0.039062
-0.195312
-0.268555
-0.249023
-0.078125
0.156250
0.473633
0.869141
1.333008
1.850586
2.407227
2.915039
3.422852
3.872070
4.331055
4.687500
4.951172
5.126953
5.117188
5.117188
4.902344
4.624023
4.252930
3.842773
3.398438
2.871094
2.280273
1.733398
1.215820
0.805664
0.385742
0.102539
-0.141602
-0.278320
-0.263672
-0.117188
0.029297
0.332031
0.751953
1.181641
1.679688
2.241211
2.773438
3.300781
3.813477
4.252930
4.570312
4.868164
5.048828
5.097656
5.058594
4.926758
4.697266
4.370117
3.920898
3.422852
2.934570
2.421875
1.875000
1.386719
0.888672
0.444336
0.126953
-0.131836
-0.292969
-0.292969
-0.214844
-0.029297
0.273438
0.634766
1.049805
1.503906
2.031250
2.646484
3.139648
3.632812
4.121094
4.448242
4.755859
4.970703
5.078125
5.043945
4.975586
4.765625
4.409180
3.979492
3.520508
3.061523
2.543945
2.026367
1.494141
1.005859
0.566406
0.234375
-0.053711
-0.185547
-0.278320
-0.258789
-0.058594
0.234375
0.488281
0.917969
1.435547
1.928711
2.495117
3.041992
3.549805
3.959961
4.389648
4.721680
4.965820
5.107422
5.087891
4.985352
4.794922
4.570312
4.169922
3.706055
3.193359
2.656250
2.128906
1.606445
1.103516
0.668945
0.297852
0.043945
-0.156250
-0.307617
-0.288086
-0.102539
0.122070
0.439453
0.815430
1.323242
1.835938
2.343750
2.900391
3.422852
3.974609
4.365234
4.667969
4.902344
5.063477
5.122070
5.034180
4.873047
4.594727
4.248047
3.789062
3.339844
2.822266
2.250977
1.708984
1.235352
0.791016
0.400391
0.043945
-0.151367
-0.224609
-0.253906
-0.141602
0.039062
0.327148
0.756836
1.210938
1.684570
2.192383
2.734375
3.281250
3.779297
4.223633
4.565430
4.838867
5.034180
5.107422
5.097656
4.941406
4.702148
4.365234
3.925781
3.500977
2.944336
2.397461
1.875000
1.401367
0.937500
0.498047
0.141602
-0.117188
-0.268555
-0.258789
-0.185547
-0.029297
0.249023
0.620117
1.069336
1.552734
2.065430
2.612305
3.144531
3.647461
4.135742
4.467773
4.765625
4.980469
5.058594
5.107422
4.956055
4.731445
4.433594
4.008789
3.549805
3.090820
2.529297
2.011719
1.459961
0.957031
0.581055
0.195312
-0.048828
-0.175781
-0.288086
-0.224609
-0.087891
0.185547
0.551758
0.957031
1.459961
1.948242
2.485352
3.007812
3.559570
3.984375
4.418945
4.746094
4.990234
5.048828
5.083008
5.000000
4.804688
4.506836
4.111328
3.715820
3.237305
2.670898
2.124023
1.616211
1.157227
0.678711
0.332031
0.029297
-0.166016
-0.253906
-0.214844
-0.073242
0.097656
0.488281
0.864258
1.313477
1.811523
2.358398
2.934570
3.413086
3.911133
4.301758
4.643555
4.965820
5.112305
5.185547
5.092773
4.892578
4.619141
4.267578
3.847656
3.393555
2.866211
2.275391
1.733398
1.215820
0.791016
0.449219
0.083008
-0.136719
-0.302734
-0.244141
-0.151367
0.043945
0.380859
0.698242
1.206055
1.704102
2.241211
2.749023
3.295898
3.803711
4.228516
4.584961
4.868164
5.009766
5.097656
5.092773
4.946289
4.687500
4.365234
3.925781
3.500977
2.929688
2.421875
1.855469
1.337891
0.859375
0.458984
0.146484
-0.117188
-0.273438
-0.268555
-0.234375
-0.039062
0.234375
0.615234
1.044922
1.538086
2.060547
2.607422
3.134766
3.632812
4.106445
4.462891
4.746094
4.970703
5.078125
5.073242
4.960938
4.711914
4.404297
4.028320
3.559570
3.061523
2.543945
2.031250
1.484375
1.000977
0.590820
0.195312
-0.048828
-0.214844
-0.278320
-0.205078
-0.083008
0.170898
0.561523
0.947266
1.420898
1.914062
2.451172
3.022461
3.505859
4.003906
4.384766
4.702148
4.975586
5.063477
5.083008
4.995117
4.814453
4.536133
4.130859
3.686523
3.198242
2.709961
2.138672
1.591797
1.093750
0.659180
0.249023
0.019531
-0.239258
-0.278320
-0.278320
-0.126953
0.117188
0.429688
0.844727
1.313477
1.811523
2.363281
2.880859
3.461914
3.925781
4.316406
4.648438
4.897461
5.053711
5.092773
5.043945
4.873047
4.594727
4.194336
3.833008
3.339844
2.792969
2.280273
1.718750
1.225586
0.791016
0.395508
0.078125
-0.151367
-0.258789
-0.268555
-0.161133
0.063477
0.346680
0.708008
1.171875
1.689453
2.221680
2.753906
3.291016
3.774414
4.208984
4.584961
4.877930
5.058594
5.117188
5.058594
4.946289
4.716797
4.355469
3.945312
3.466797
2.968750
2.407227
1.870117
1.376953
0.913086
0.458984
0.166016
-0.166016
-0.224609
-0.327148
-0.219727
-0.039062
0.209961
0.585938
1.040039
1.552734
2.041016
2.617188
3.105469
3.652344
4.067383
4.477539
4.750977
4.975586
5.083008
5.112305
4.960938
4.741211
4.423828
4.003906
3.569336
3.081055
2.509766
2.006836
1.503906
0.957031
0.561523
0.214844
-0.053711
-0.200195
-0.312500
-0.253906
-0.078125
0.175781
0.541992
0.922852
1.420898
1.958008
2.495117
3.037109
3.549805
4.008789
4.384766
4.702148
4.946289
5.073242
5.034180
4.970703
4.838867
4.545898
4.130859
3.720703
3.232422
2.656250
2.133789
1.596680
1.098633
0.678711
0.307617
0.014648
-0.190430
-0.273438
-0.200195
-0.048828
0.166016
0.454102
0.859375
1.293945
1.811523
2.368164
2.939453
3.461914
3.945312
4.316406
4.653320
4.912109
5.097656
5.126953
5.087891
4.877930
4.604492
4.228516
3.857422
3.398438
2.851562
2.265625
1.728516
1.215820
0.776367
0.390625
0.083008
-0.141602
-0.253906
-0.249023
-0.141602
0.029297
0.336914
0.756836
1.176758
1.728516
2.207031
2.729492
3.291016
3.813477
4.204102
4.604492
4.892578
5.014648
5.107422
5.083008
4.965820
4.677734
4.321289
3.935547
3.471680
2.949219
2.377930
1.904297
1.313477
0.913086
0.449219
0.170898
-0.151367
-0.239258
-0.292969
-0.209961
-0.034180
0.219727
0.664062
1.079102
1.582031
2.031250
2.578125
3.115234
3.632812
4.106445
4.501953
4.750977
4.975586
5.078125
5.058594
4.951172
4.750977
4.409180
4.033203
3.569336
3.061523
2.514648
1.992188
1.494141
0.976562
0.537109
0.200195
-0.048828
-0.209961
-0.278320
-0.244141
-0.068359
0.175781
0.512695
0.947266
1.391602
1.899414
2.509766
3.022461
3.515625
4.003906
4.409180
4.736328
4.975586
5.053711
5.063477
5.000000
4.794922
4.521484
4.125977
3.691406
3.198242
2.670898
2.158203
1.591797
1.093750
0.649414
0.322266
0.019531
-0.195312
-0.278320
-0.258789
-0.122070
0.117188
0.429688
0.844727
1.279297
1.835938
2.329102
2.900391
3.408203
3.935547
4.316406
4.697266
4.907227
5.053711
5.078125
5.000000
4.868164
4.624023
4.243164
3.833008
3.325195
2.797852
2.270508
1.728516
1.230469
0.766602
0.400391
0.048828
-0.161133
-0.249023
-0.263672
-0.161133
0.014648
0.336914
0.722656
1.196289
1.684570
2.211914
2.744141
3.300781
3.789062
4.184570
4.565430
4.838867
5.039062
5.102539
5.102539
4.916992
4.648438
4.384766
3.935547
3.500977
2.958984
2.407227
1.884766
1.376953
0.922852
0.498047
0.161133
-0.122070
-0.263672
-0.292969
-0.239258
-0.048828
0.234375
0.595703
1.015625
1.542969
2.050781
2.597656
3.115234
3.632812
4.067383
4.453125
4.790039
4.985352
5.107422
5.068359
4.946289
4.746094
4.428711
4.072266
3.579102
3.051758
2.514648
1.992188
1.489258
1.005859
0.566406
0.219727
-0.048828
-0.219727
-0.273438
-0.234375
-0.063477
0.195312
0.527344
0.966797
1.391602
1.918945
2.504883
3.012695
3.496094
3.994141
4.409180
4.697266
4.956055
5.078125
5.083008
4.990234
4.833984
4.487305
4.165039
3.681641
3.256836
2.675781
2.172852
1.611328
1.132812
0.673828
0.307617
0.043945
-0.146484
-0.239258
-0.224609
-0.107422
0.102539
0.478516
0.869141
1.347656
1.870117
2.392578
2.890625
3.432617
3.886719
4.355469
4.692383
4.916992
5.068359
5.083008
5.063477
4.882812
4.638672
4.282227
3.833008
3.334961
2.827148
2.285156
1.748047
1.225586
0.800781
0.415039
0.141602
-0.141602
-0.253906
-0.253906
-0.166016
0.019531
0.332031
0.727539
1.166992
1.699219
2.226562
2.749023
3.305664
3.774414
4.199219
4.584961
4.873047
5.024414
5.122070
5.087891
4.902344
4.707031
4.379883
3.959961
3.471680
2.934570
2.387695
1.831055
1.386719
0.913086
0.502930
0.107422
-0.078125
-0.258789
-0.258789
-0.190430
-0.029297
0.253906
0.605469
1.054688
1.557617
2.094727
2.631836
3.149414
3.623047
4.057617
4.462891
4.765625
4.980469
5.068359
5.063477
4.960938
4.726562
4.394531
4.023438
3.569336
3.046875
2.543945
2.001953
1.499023
0.996094
0.585938
0.234375
-0.048828
-0.205078
-0.278320
-0.249023
-0.073242
0.175781
0.541992
0.966797
1.435547
1.938477
2.524414
3.041992
3.510742
3.974609
4.355469
4.736328
5.000000
5.097656
5.112305
5.039062
4.804688
4.511719
4.179688
3.720703
3.198242
2.680664
2.138672
1.586914
1.069336
0.659180
0.307617
0.029297
-0.175781
-0.292969
-0.312500
-0.107422
0.122070
0.429688
0.805664
1.293945
1.791992
2.392578
2.919922
3.427734
3.955078
4.355469
4.687500
4.921875
5.048828
5.112305
5.063477
4.877930
4.589844
4.238281
3.774414
3.354492
2.836914
2.270508
1.718750
1.206055
0.776367
0.400391
0.053711
-0.166016
-0.273438
-0.249023
-0.156250
0.043945
0.332031
0.732422
1.162109
1.684570
2.192383
2.773438
3.286133
3.764648
4.248047
4.594727
4.877930
5.024414
5.126953
5.097656
4.941406
4.667969
4.350586
3.955078
3.496094
2.949219
2.402344
1.850586
1.376953
0.903320
0.507812
0.136719
-0.131836
-0.239258
-0.297852
-0.239258
-0.014648
0.219727
0.634766
1.093750
1.562500
2.070312
2.641602
3.125000
3.676758
4.130859
4.467773
4.760742
4.980469
5.131836
5.087891
4.956055
4.746094
4.443359
4.038086
3.598633
3.076172
2.543945
1.977539
1.464844
0.986328
0.581055
0.234375
-0.053711
-0.219727
-0.268555
-0.224609
-0.087891
0.190430
0.546875
0.922852
1.445312
1.938477
2.490234
3.037109
3.564453
4.018555
4.399414
4.741211
4.946289
5.063477
5.112305
5.009766
4.790039
4.492188
4.169922
3.696289
3.203125
2.695312
2.114258
1.621094
1.127930
0.698242
0.317383
0.034180
-0.185547
-0.200195
-0.200195
-0.083008
0.156250
0.512695
0.878906
1.303711
1.845703
2.382812
2.890625
3.417969
3.911133
4.326172
4.697266
4.946289
5.126953
5.141602
5.053711
4.877930
4.604492
4.311523
3.881836
3.393555
2.885742
2.304688
1.767578
1.220703
0.805664
0.395508
0.126953
-0.097656
-0.209961
-0.205078
-0.185547
0.048828
0.322266
0.717773
1.186523
1.699219
2.246094
2.749023
3.271484
3.745117
4.252930
4.604492
4.858398
5.004883
5.097656
5.087891
4.941406
4.682617
4.370117
3.940430
3.432617
2.924805
2.392578
1.835938
1.376953
0.913086
0.478516
0.117188
-0.122070
-0.234375
-0.244141
-0.224609
-0.024414
0.229492
0.634766
1.083984
1.547852
2.089844
2.612305
3.154297
3.647461
4.116211
4.472656
4.750977
4.956055
5.053711
5.034180
4.956055
4.760742
4.389648
4.013672
3.559570
3.046875
2.529297
2.011719
1.469727
1.010742
0.571289
0.180664
-0.024414
-0.214844
-0.297852
-0.224609
-0.092773
0.209961
0.546875
0.917969
1.420898
1.918945
2.485352
3.071289
3.491211
3.999023
4.404297
4.702148
4.970703
5.092773
5.092773
4.980469
4.819336
4.531250
4.140625
3.710938
3.217773
2.670898
2.138672
1.582031
1.108398
0.659180
0.278320
0.019531
-0.166016
-0.283203
-0.273438
-0.117188
0.151367
0.419922
0.815430
1.284180
1.816406
2.373047
2.939453
3.422852
3.925781
4.311523
4.648438
4.902344
5.083008
5.136719
5.053711
4.892578
4.575195
4.243164
3.769531
3.354492
2.846680
2.265625
1.723633
1.220703
0.766602
0.395508
0.058594
-0.166016
-0.234375
-0.258789
-0.170898
0.019531
0.361328
0.761719
1.206055
1.718750
2.207031
2.778320
3.325195
3.759766
4.228516
4.599609
4.882812
5.043945
5.117188
5.117188
4.951172
4.711914
4.375000
3.916016
3.500977
2.958984
2.397461
1.889648
1.367188
0.898438
0.463867
0.131836
-0.102539
-0.263672
-0.288086
-0.219727
-0.004883
0.219727
0.590820
1.030273
1.494141
2.036133
2.622070
3.125000
3.652344
4.052734
4.453125
4.760742
4.965820
5.102539
5.087891
4.931641
4.750977
4.433594
4.067383
3.598633
3.085938
2.519531
1.997070
1.494141
0.981445
0.556641
0.200195
-0.029297
-0.209961
-0.292969
-0.234375
-0.097656
0.146484
0.498047
0.932617
1.401367
1.962891
2.495117
3.012695
3.535156
4.003906
4.414062
4.731445
4.970703
5.097656
5.078125
4.970703
4.814453
4.565430
4.106445
3.696289
3.217773
2.690430
2.143555
1.606445
1.132812
0.717773
0.322266
0.019531
-0.170898
-0.273438
-0.214844
-0.092773
0.146484
0.429688
0.859375
1.337891
1.875000
2.407227
2.963867
3.437500
3.886719
4.331055
4.682617
4.936523
5.117188
5.126953
5.063477
4.916992
4.624023
4.272461
3.847656
3.374023
2.851562
2.294922
1.777344
1.264648
0.839844
0.385742
0.092773
-0.122070
-0.234375
-0.239258
-0.146484
0.029297
0.351562
0.732422
1.201172
1.713867
2.226562
2.807617
3.320312
3.793945
4.204102
4.584961
4.877930
5.063477
5.131836
5.063477
4.941406
4.672852
4.365234
3.925781
3.481445
2.978516
2.416992
1.894531
1.333008
0.874023
0.424805
0.151367
-0.126953
-0.258789
-0.268555
-0.224609
-0.034180
0.268555
0.639648
1.059570
1.528320
2.065430
2.573242
3.120117
3.627930
4.111328
4.477539
4.750977
4.956055
5.043945
5.063477
4.936523
4.711914
4.423828
4.023438
3.554688
3.061523
2.524414
1.987305
1.479492
1.010742
0.581055
0.229492
-0.029297
-0.214844
-0.258789
-0.229492
-0.073242
0.180664
0.532227
0.966797
1.420898
1.948242
2.485352
3.032227
3.554688
3.959961
4.360352
4.711914
4.975586
5.073242
5.063477
5.014648
4.824219
4.541016
4.155273
3.691406
3.183594
2.626953
2.128906
1.586914
1.083984
0.629883
0.297852
0.058594
-0.166016
-0.263672
-0.263672
-0.107422
0.151367
0.419922
0.864258
1.303711
1.816406
2.338867
2.880859
3.422852
3.916016
4.350586
4.711914
4.921875
5.063477
5.107422
5.068359
4.882812
4.633789
4.233398
3.793945
3.349609
2.802734
2.285156
1.738281
1.206055
0.766602
0.385742
0.058594
-0.141602
-0.263672
-0.258789
-0.126953
0.083008
0.327148
0.727539
1.210938
1.699219
2.207031
2.758789
3.286133
3.774414
4.233398
4.589844
4.863281
5.000000
5.107422
5.097656
4.965820
4.648438
4.360352
3.935547
3.476562
2.939453
2.421875
1.840820
1.362305
0.927734
0.468750
0.136719
-0.122070
-0.268555
-0.283203
-0.200195
-0.039062
0.249023
0.629883
1.035156
1.513672
2.050781
2.568359
3.139648
3.632812
4.121094
4.433594
4.760742
4.975586
5.053711
5.083008
4.951172
4.760742
4.409180
4.013672
3.579102
3.071289
2.543945
1.982422
1.499023
0.961914
0.576172
0.205078
-0.029297
-0.224609
-0.278320
-0.200195
-0.107422
0.190430
0.527344
0.947266
1.450195
1.953125
2.490234
3.066406
3.530273
4.013672
4.404297
4.731445
4.960938
5.058594
5.078125
5.019531
4.853516
4.492188
4.169922
3.706055
3.183594
2.705078
2.119141
1.625977
1.123047
0.664062
0.312500
0.024414
-0.219727
-0.249023
-0.253906
-0.117188
0.136719
0.493164
0.844727
1.318359
1.806641
2.348633
2.939453
3.457031
3.906250
4.311523
4.628906
4.921875
5.097656
5.161133
5.092773
4.916992
4.594727
4.252930
3.837891
3.378906
2.851562
2.290039
1.777344
1.230469
0.800781
0.410156
0.107422
-0.126953
-0.263672
-0.268555
-0.166016
0.039062
0.322266
0.747070
1.186523
1.713867
2.187500
2.817383
3.325195
3.784180
4.218750
4.560547
4.853516
5.053711
5.131836
5.078125
4.916992
4.687500
4.360352
3.974609
3.471680
2.934570
2.373047
1.855469
1.337891
0.854492
0.458984
0.122070
-0.107422
-0.268555
-0.292969
-0.214844
-0.048828
0.180664
0.620117
1.064453
1.518555
2.065430
2.587891
3.110352
3.647461
4.082031
4.458008
4.770508
4.960938
5.063477
5.043945
4.931641
4.716797
4.399414
4.013672
3.579102
3.066406
2.558594
1.987305
1.479492
0.981445
0.541992
0.205078
-0.034180
-0.205078
-0.278320
-0.195312
-0.068359
0.195312
0.551758
0.961914
1.406250
1.899414
2.490234
3.027344
