2.006836
1.484375
1.015625
0.566406
0.229492
-0.078125
-0.239258
-0.278320
-0.219727
-0.083008
0.185547
0.532227
0.917969
1.440430
1.923828
2.480469
3.037109
3.515625
4.008789
4.394531
4.736328
4.941406
5.112305
5.087891
5.039062
4.848633
4.531250
4.169922
3.735352
3.217773
2.705078
2.187500
1.660156
1.118164
0.678711
0.302734
0.029297
-0.175781
-0.253906
-0.214844
-0.107422
0.126953
0.449219
0.874023
1.347656
1.835938
2.338867
2.875977
3.378906
3.867188
4.257812
4.619141
4.838867
5.019531
5.092773
5.014648
4.843750
4.570312
4.189453
3.813477
3.320312
2.792969
2.294922
1.718750
1.220703
0.766602
0.366211
0.073242
-0.146484
-0.249023
-0.258789
-0.175781
0.004883
0.317383
0.737305
1.186523
1.684570
2.221680
2.773438
3.276367
3.793945
4.179688
4.599609
4.833984
5.034180
5.112305
5.073242
4.921875
4.702148
4.370117
3.945312
3.457031
2.968750
2.436523
1.879883
1.372070
0.854492
0.483398
0.166016
-0.092773
-0.224609
-0.273438
-0.195312
-0.024414
0.268555
0.649414
1.083984
1.557617
2.065430
2.656250
3.203125
3.701172
4.130859
4.511719
4.814453
5.063477
5.131836
5.170898
4.995117
4.794922
4.448242
4.047852
3.613281
3.134766
2.592773
2.094727
1.499023
1.005859
0.625000
0.263672
0.004883
-0.175781
-0.234375
-0.200195
-0.043945
0.244141
0.566406
0.991211
1.416016
1.962891
2.529297
3.056641
3.554688
4.018555
4.414062
4.716797
4.926758
5.097656
5.126953
5.004883
4.819336
4.526367
4.179688
3.725586
3.222656
2.709961
2.158203
1.621094
1.123047
0.717773
0.292969
0.019531
-0.185547
-0.273438
-0.224609
-0.122070
0.097656
0.429688
0.844727
1.313477
1.806641
2.314453
2.890625
3.378906
3.935547
4.277344
4.653320
4.858398
5.034180
5.087891
5.019531
4.873047
4.589844
4.223633
3.793945
3.330078
2.817383
2.260742
1.718750
1.186523
0.771484
0.366211
0.048828
-0.175781
-0.283203
-0.268555
-0.185547
0.043945
0.351562
0.742188
1.196289
1.665039
2.221680
2.744141
3.305664
3.750000
4.252930
4.565430
4.838867
5.043945
5.102539
5.048828
4.902344
4.677734
4.350586
3.916016
3.457031
2.968750
2.416992
1.884766
1.342773
0.893555
0.478516
0.146484
-0.078125
-0.209961
-0.288086
-0.205078
-0.048828
0.258789
0.639648
1.069336
1.547852
2.109375
2.587891
3.149414
3.642578
4.091797
4.482422
4.819336
4.970703
5.073242
5.092773
5.014648
4.794922
4.467773
4.042969
3.632812
3.090820
2.583008
2.021484
1.474609
0.991211
0.585938
0.258789
-0.078125
-0.234375
-0.297852
-0.219727
-0.097656
0.185547
0.522461
0.913086
1.445312
1.948242
2.490234
3.007812
3.515625
4.013672
4.418945
4.721680
4.960938
5.083008
5.107422
5.039062
4.824219
4.545898
4.169922
3.725586
3.247070
2.719727
2.158203
1.611328
1.113281
0.693359
0.302734
0.039062
-0.175781
-0.249023
-0.219727
-0.083008
0.131836
0.483398
0.859375
1.303711
1.801758
2.358398
2.841797
3.374023
3.867188
4.326172
4.624023
4.853516
5.019531
5.063477
5.034180
4.843750
4.589844
4.248047
3.784180
3.330078
2.792969
2.246094
1.728516
1.245117
0.761719
0.361328
0.043945
-0.170898
-0.244141
-0.258789
-0.175781
0.034180
0.312500
0.737305
1.166992
1.674805
2.207031
2.758789
3.276367
3.769531
4.204102
4.594727
4.858398
5.024414
5.107422
5.068359
4.936523
4.707031
4.335938
3.945312
3.461914
2.949219
2.421875
1.879883
1.362305
0.864258
0.449219
0.151367
-0.097656
-0.209961
-0.307617
-0.175781
-0.043945
0.297852
0.615234
1.093750
1.582031
2.084961
2.626953
3.168945
3.696289
4.125977
4.541016
4.819336
5.024414
5.107422
5.141602
5.019531
4.824219
4.545898
4.082031
3.598633
3.149414
2.617188
2.055664
1.572266
1.044922
0.571289
0.268555
-0.019531
-0.161133
-0.273438
-0.195312
-0.034180
0.224609
0.566406
0.996094
1.459961
1.987305
2.543945
3.071289
3.583984
3.994141
4.404297
4.697266
4.975586
5.053711
5.141602
5.024414
4.848633
4.550781
4.174805
3.754883
3.261719
2.705078
2.163086
1.650391
1.103516
0.712891
0.322266
-0.014648
-0.180664
-0.297852
-0.219727
-0.078125
0.126953
0.385742
0.859375
1.303711
1.806641
2.304688
2.900391
3.432617
3.881836
4.301758
4.619141
4.902344
5.058594
5.092773
5.043945
4.873047
4.619141
4.228516
3.813477
3.325195
2.792969
2.260742
1.752930
1.206055
0.727539
0.317383
0.019531
-0.190430
-0.297852
-0.283203
-0.180664
0.019531
0.351562
0.747070
1.196289
1.679688
2.231445
2.749023
3.291016
3.774414
4.213867
4.565430
4.833984
5.019531
5.126953
5.024414
4.926758
4.711914
4.355469
3.945312
3.437500
2.954102
2.387695
1.875000
1.376953
0.878906
0.463867
0.146484
-0.078125
-0.209961
-0.292969
-0.219727
-0.019531
0.302734
0.634766
1.049805
1.518555
2.065430
2.617188
3.164062
3.676758
4.101562
4.467773
4.799805
4.990234
5.126953
5.058594
4.980469
4.775391
4.438477
4.042969
3.608398
3.095703
2.558594
2.036133
1.469727
1.010742
0.581055
0.239258
-0.039062
-0.229492
-0.263672
-0.224609
-0.078125
0.180664
0.512695
0.937500
1.455078
1.953125
2.490234
3.017578
3.554688
4.003906
4.404297
4.721680
4.975586
5.063477
5.102539
5.024414
4.809570
4.516602
4.155273
3.725586
3.232422
2.656250
2.143555
1.621094
1.127930
0.698242
0.302734
0.034180
-0.200195
-0.244141
-0.219727
-0.107422
0.136719
0.434570
0.859375
1.347656
1.816406
2.343750
2.871094
3.378906
3.881836
4.277344
4.658203
4.843750
4.990234
5.078125
5.019531
4.829102
4.580078
4.233398
3.818359
3.330078
2.797852
2.246094
1.699219
1.201172
0.747070
0.385742
0.058594
-0.151367
-0.288086
-0.278320
-0.180664
0.048828
0.332031
0.722656
1.162109
1.674805
2.197266
2.744141
3.300781
3.793945
4.199219
4.526367
4.858398
5.024414
5.092773
5.063477
4.877930
4.653320
4.340820
3.950195
3.476562
2.968750
2.431641
1.884766
1.362305
0.878906
0.449219
0.126953
-0.102539
-0.229492
-0.253906
-0.219727
0.000000
0.278320
0.664062
1.069336
1.577148
2.060547
2.622070
3.188477
3.696289
4.130859
4.482422
4.814453
5.004883
5.112305
5.156250
5.034180
4.780273
4.501953
4.047852
3.618164
3.149414
2.587891
2.031250
1.538086
1.010742
0.659180
0.258789
-0.014648
-0.161133
-0.263672
-0.175781
-0.014648
0.258789
0.551758
0.986328
1.440430
2.011719
2.524414
3.056641
3.564453
3.984375
4.404297
4.707031
4.936523
5.078125
5.126953
5.053711
4.843750
4.516602
4.169922
3.745117
3.242188
2.724609
2.163086
1.611328
1.113281
0.727539
0.312500
0.004883
-0.161133
-0.249023
-0.219727
-0.102539
0.078125
0.410156
0.825195
1.323242
1.831055
2.324219
2.880859
3.374023
3.881836
4.282227
4.619141
4.916992
5.048828
5.097656
5.029297
4.882812
4.584961
4.252930
3.808594
3.349609
2.797852
2.265625
1.708984
1.225586
0.756836
0.395508
0.053711
-0.205078
-0.292969
-0.258789
-0.180664
0.068359
0.327148
0.727539
1.186523
1.679688
2.182617
2.734375
3.281250
3.774414
4.208984
4.589844
4.833984
5.043945
5.097656
5.039062
4.931641
4.672852
4.345703
3.955078
3.481445
2.939453
2.397461
1.889648
1.376953
0.903320
0.449219
0.141602
-0.097656
-0.249023
-0.253906
-0.209961
-0.039062
0.278320
0.615234
1.044922
1.533203
2.036133
2.631836
3.144531
3.657227
4.111328
4.482422
4.799805
5.024414
5.058594
5.083008
5.009766
4.760742
4.443359
4.057617
3.637695
3.066406
2.573242
2.006836
1.503906
0.991211
0.595703
0.224609
-0.043945
-0.229492
-0.273438
-0.205078
-0.048828
0.180664
0.522461
0.947266
1.416016
1.953125
2.456055
3.007812
3.505859
4.033203
4.394531
4.726562
4.946289
5.073242
5.097656
5.039062
4.814453
4.550781
4.125977
3.710938
3.237305
2.714844
2.143555
1.625977
1.113281
0.688477
0.297852
0.029297
-0.175781
-0.234375
-0.229492
-0.092773
0.087891
0.439453
0.898438
1.323242
1.831055
2.329102
2.875977
3.378906
3.911133
4.316406
4.633789
4.868164
5.058594
5.087891
5.014648
4.829102
4.570312
4.248047
3.828125
3.286133
2.797852
2.260742
1.738281
1.240234
0.791016
0.356445
0.048828
-0.136719
-0.273438
-0.253906
-0.170898
0.053711
0.346680
0.766602
1.171875
1.665039
2.192383
2.714844
3.271484
3.769531
4.218750
4.560547
4.833984
5.014648
5.097656
5.078125
4.926758
4.692383
4.399414
3.964844
3.481445
2.924805
2.407227
1.884766
1.337891
0.854492
0.458984
0.136719
-0.126953
-0.214844
-0.239258
-0.190430
-0.043945
0.292969
0.649414
1.088867
1.557617
2.099609
2.646484
3.183594
3.681641
4.125977
4.560547
4.838867
5.053711
5.112305
5.092773
4.985352
4.765625
4.487305
4.116211
3.569336
3.095703
2.587891
2.045898
1.542969
1.030273
0.600586
0.224609
-0.034180
-0.205078
-0.268555
-0.209961
0.000000
0.244141
0.561523
0.996094
1.459961
2.021484
2.490234
3.095703
3.564453
4.003906
4.399414
4.736328
4.956055
5.078125
5.122070
5.004883
4.863281
4.575195
4.174805
3.706055
3.222656
2.705078
2.124023
1.582031
1.118164
0.693359
0.268555
0.000000
-0.175781
-0.244141
-0.234375
-0.131836
0.078125
0.449219
0.888672
1.274414
1.796875
2.329102
2.885742
3.437500
3.886719
4.282227
4.609375
4.877930
5.087891
5.092773
5.078125
4.829102
4.594727
4.238281
3.818359
3.359375
2.846680
2.265625
1.748047
1.235352
0.756836
0.371094
0.043945
-0.195312
-0.292969
-0.288086
-0.170898
0.004883
0.361328
0.747070
1.206055
1.684570
2.207031
2.739258
3.276367
3.789062
4.208984
4.580078
4.843750
5.024414
5.078125
5.078125
4.926758
4.692383
4.350586
3.945312
3.486328
2.939453
2.421875
1.870117
1.362305
0.893555
0.488281
0.107422
-0.112305
-0.239258
-0.288086
-0.190430
-0.034180
0.263672
0.620117
1.059570
1.494141
2.060547
2.636719
3.105469
3.681641
4.082031
4.458008
4.765625
4.980469
5.102539
5.107422
4.960938
4.770508
4.472656
4.086914
3.652344
3.125000
2.592773
2.031250
1.479492
1.010742
0.566406
0.239258
-0.063477
-0.205078
-0.292969
-0.205078
-0.083008
0.200195
0.532227
0.957031
1.420898
1.943359
2.470703
3.017578
3.530273
3.984375
4.409180
4.711914
4.931641
5.107422
5.058594
5.024414
4.819336
4.521484
4.169922
3.696289
3.217773
2.724609
2.148438
1.601562
1.113281
0.693359
0.322266
0.019531
-0.170898
-0.239258
-0.219727
-0.068359
0.112305
0.454102
0.839844
1.313477
1.845703
2.314453
2.871094
3.378906
3.857422
4.282227
4.628906
4.843750
5.039062
5.097656
5.039062
4.848633
4.589844
4.194336
3.813477
3.354492
2.802734
2.299805
1.713867
1.225586
0.761719
0.410156
0.058594
-0.126953
-0.268555
-0.273438
-0.161133
0.039062
0.366211
0.732422
1.176758
1.679688
2.197266
2.744141
3.256836
3.779297
4.208984
4.570312
4.848633
5.034180
5.122070
5.039062
4.926758
4.702148
4.340820
3.959961
3.476562
2.963867
2.412109
1.889648
1.401367
0.859375
0.429688
0.156250
-0.107422
-0.214844
-0.268555
-0.219727
-0.063477
0.258789
0.639648
1.083984
1.586914
2.084961
2.626953
3.198242
3.706055
4.130859
4.501953
4.863281
5.048828
5.136719
5.141602
5.004883
4.794922
4.487305
4.121094
3.647461
3.129883
2.607422
2.036133
1.538086
1.015625
0.576172
0.297852
0.014648
-0.166016
-0.263672
-0.214844
-0.063477
0.239258
0.576172
1.025391
1.455078
1.977539
2.504883
3.081055
3.588867
3.999023
4.409180
4.702148
4.946289
5.073242
5.092773
5.029297
4.809570
4.550781
4.179688
3.730469
3.232422
2.739258
2.172852
1.611328
1.088867
0.698242
0.288086
0.009766
-0.170898
-0.283203
-0.219727
-0.087891
0.083008
0.429688
0.839844
1.318359
1.772461
2.358398
2.875977
3.388672
3.891602
4.291992
4.658203
4.877930
5.063477
5.092773
5.063477
4.853516
4.584961
4.262695
3.798828
3.330078
2.832031
2.265625
1.728516
1.225586
0.732422
0.356445
0.053711
-0.146484
-0.302734
-0.283203
-0.190430
0.019531
0.351562
0.737305
1.196289
1.699219
2.207031
2.773438
3.295898
3.784180
4.184570
4.584961
4.863281
5.029297
5.126953
5.078125
4.907227
4.707031
4.321289
3.916016
3.457031
2.963867
2.416992
1.860352
1.337891
0.893555
0.478516
0.126953
-0.141602
-0.234375
-0.292969
-0.190430
-0.029297
0.249023
0.620117
1.035156
1.552734
2.045898
2.597656
3.203125
3.666992
4.086914
4.497070
4.780273
5.014648
5.058594
5.078125
5.004883
4.838867
4.462891
4.091797
3.647461
3.100586
2.573242
2.006836
1.479492
1.020508
0.571289
0.224609
-0.039062
-0.195312
-0.283203
-0.263672
-0.053711
0.205078
0.541992
0.903320
1.416016
1.938477
2.490234
3.017578
3.520508
3.984375
4.399414
4.711914
4.985352
5.078125
5.092773
5.019531
4.814453
4.545898
4.145508
3.715820
3.208008
2.714844
2.177734
1.616211
1.142578
0.668945
0.307617
0.019531
-0.175781
-0.249023
-0.249023
-0.112305
0.117188
0.449219
0.878906
1.323242
1.806641
2.304688
2.910156
3.359375
3.847656
4.252930
4.614258
4.892578
4.995117
5.078125
5.009766
4.819336
4.555664
4.248047
3.828125
3.364258
2.822266
2.255859
1.752930
1.176758
0.742188
0.336914
0.068359
-0.146484
-0.268555
-0.302734
-0.175781
0.019531
0.327148
0.712891
1.176758
1.694336
2.182617
2.739258
3.276367
3.784180
4.174805
4.594727
4.873047
5.053711
5.102539
5.058594
4.902344
4.677734
4.365234
3.964844
3.481445
2.949219
2.382812
1.879883
1.337891
0.859375
0.478516
0.151367
-0.122070
-0.219727
-0.258789
-0.190430
-0.014648
0.297852
0.654297
1.079102
1.562500
2.089844
2.651367
3.164062
3.666992
4.106445
4.531250
4.853516
5.039062
5.166016
5.102539
4.980469
4.780273
4.453125
4.062500
3.632812
3.115234
2.607422
2.084961
1.547852
1.044922
0.566406
0.239258
-0.004883
-0.195312
-0.249023
-0.214844
-0.068359
0.224609
0.561523
1.015625
1.459961
1.997070
2.485352
3.051758
3.583984
3.999023
4.404297
4.677734
4.956055
5.068359
5.102539
5.053711
4.829102
4.565430
4.174805
3.740234
3.256836
2.719727
2.133789
1.596680
1.103516
0.678711
0.317383
0.073242
-0.175781
-0.263672
-0.249023
-0.122070
0.107422
0.444336
0.815430
1.313477
1.850586
2.309570
2.919922
3.388672
3.901367
4.301758
4.638672
4.887695
5.019531
5.097656
5.009766
4.829102
4.589844
4.218750
3.828125
3.300781
2.788086
2.275391
1.723633
1.191406
0.737305
0.327148
0.019531
-0.175781
-0.278320
-0.258789
-0.180664
0.053711
0.327148
0.761719
1.171875
1.689453
2.211914
2.763672
3.266602
3.769531
4.204102
4.565430
4.877930
5.019531
5.068359
5.034180
4.907227
4.667969
4.345703
3.925781
3.471680
2.949219
2.436523
1.909180
1.357422
0.874023
0.449219
0.156250
-0.078125
-0.258789
-0.297852
-0.224609
0.034180
0.297852
0.629883
1.020508
1.494141
2.075195
2.617188
3.139648
3.642578
4.155273
4.482422
4.731445
5.009766
5.063477
5.097656
5.009766
4.770508
4.443359
4.072266
3.642578
3.120117
2.548828
2.041016
1.499023
0.991211
0.556641
0.229492
-0.043945
-0.234375
-0.322266
-0.258789
-0.058594
0.141602
0.556641
0.922852
1.406250
1.958008
2.495117
3.017578
3.525391
4.003906
4.394531
4.731445
4.921875
5.097656
5.107422
5.024414
4.833984
4.511719
4.140625
3.740234
3.247070
2.680664
2.153320
1.660156
1.123047
0.673828
0.317383
0.034180
-0.170898
-0.268555
-0.229492
-0.117188
0.122070
0.454102
0.864258
1.289062
1.850586
2.329102
2.861328
3.398438
3.862305
4.306641
4.648438
4.838867
5.034180
5.078125
5.034180
4.833984
4.570312
4.218750
3.828125
3.359375
2.812500
2.246094
1.684570
1.215820
0.771484
0.366211
0.078125
-0.170898
-0.268555
-0.288086
-0.146484
0.024414
0.371094
0.747070
1.191406
1.674805
2.182617
2.734375
3.281250
3.764648
4.204102
4.565430
4.838867
5.024414
5.122070
5.058594
4.946289
4.682617
4.389648
3.920898
3.496094
2.954102
2.392578
1.909180
1.342773
0.869141
0.458984
0.141602
-0.083008
-0.239258
-0.258789
-0.219727
-0.053711
0.273438
0.615234
1.064453
1.577148
2.089844
2.631836
3.188477
3.637695
4.096680
4.516602
4.819336
5.034180
5.078125
5.097656
4.965820
4.804688
4.492188
4.086914
3.593750
3.085938
2.583008
2.021484
1.557617
1.059570
0.595703
0.239258
-0.048828
-0.185547
-0.239258
-0.146484
-0.039062
0.200195
0.532227
0.991211
1.494141
1.992188
2.548828
3.022461
3.549805
4.013672
4.394531
4.711914
4.960938
5.058594
5.097656
5.043945
4.829102
4.545898
4.140625
3.715820
3.242188
2.690430
2.124023
1.621094
1.137695
0.698242
0.327148
0.000000
-0.205078
-0.273438
-0.205078
-0.107422
0.122070
0.424805
0.830078
1.323242
1.831055
2.338867
2.910156
3.413086
3.886719
4.311523
4.638672
4.873047
5.102539
5.073242
5.043945
4.833984
4.570312
4.233398
3.828125
3.310547
2.778320
2.231445
1.723633
1.250000
0.786133
0.380859
0.039062
-0.180664
-0.278320
-0.278320
-0.166016
0.029297
0.346680
0.751953
1.186523
1.704102
2.226562
2.773438
3.300781
3.798828
4.223633
4.565430
4.824219
5.029297
5.092773
5.107422
4.887695
4.682617
4.355469
3.945312
3.471680
2.954102
2.363281
1.865234
1.367188
0.908203
0.517578
0.146484
-0.112305
-0.224609
-0.263672
-0.195312
-0.024414
0.258789
0.600586
1.083984
1.557617
2.080078
2.607422
3.168945
3.652344
4.096680
4.453125
4.765625
4.975586
5.122070
5.073242
4.970703
4.794922
4.506836
4.121094
3.603516
3.120117
2.519531
1.977539
1.464844
0.996094
0.585938
0.209961
-0.053711
-0.205078
-0.302734
-0.205078
-0.073242
0.214844
0.527344
0.932617
1.425781
1.948242
2.500000
3.017578
3.544922
3.984375
4.379883
4.775391
4.931641
5.107422
5.078125
5.029297
4.843750
4.531250
4.179688
3.706055
3.222656
2.690430
2.172852
1.616211
1.123047
0.688477
0.307617
0.004883
-0.146484
-0.268555
-0.234375
-0.136719
0.126953
0.478516
0.883789
1.313477
1.831055
2.363281
2.861328
3.413086
3.828125
4.287109
4.614258
4.892578
5.063477
5.087891
5.019531
4.829102
4.609375
4.257812
3.789062
3.364258
2.788086
2.241211
1.728516
1.245117
0.795898
0.356445
0.092773
-0.180664
-0.292969
-0.273438
-0.146484
0.063477
0.346680
0.708008
1.186523
1.669922
2.197266
2.778320
3.266602
3.789062
4.228516
4.565430
4.843750
5.029297
5.083008
5.097656
4.907227
4.697266
4.365234
3.935547
3.461914
2.949219
2.426758
1.899414
1.357422
0.830078
0.468750
0.136719
-0.058594
-0.239258
-0.307617
-0.180664
-0.019531
0.273438
0.639648
1.049805
1.562500
2.109375
2.670898
3.208008
3.642578
4.091797
4.487305
4.819336
5.029297
5.126953
5.131836
5.014648
4.814453
4.511719
4.077148
3.593750
3.100586
2.553711
2.065430
1.518555
1.049805
0.610352
0.239258
-0.014648
-0.180664
-0.249023
-0.200195
-0.029297
0.200195
0.571289
1.010742
1.469727
1.958008
2.524414
3.046875
3.559570
4.013672
4.409180
4.682617
4.941406
5.048828
5.107422
5.019531
4.824219
4.550781
4.194336
3.701172
3.237305
2.695312
2.148438
1.630859
1.137695
0.678711
0.317383
0.014648
-0.166016
-0.273438
-0.214844
-0.122070
0.112305
0.434570
0.839844
1.298828
1.850586
2.338867
2.905273
3.403320
3.906250
4.272461
4.643555
4.902344
5.107422
5.097656
5.039062
4.853516
4.614258
4.243164
3.818359
3.315430
2.807617
2.246094
1.738281
1.210938
0.742188
0.351562
0.019531
-0.170898
-0.292969
-0.283203
-0.190430
0.043945
0.341797
0.727539
1.181641
1.718750
2.192383
2.729492
3.295898
3.784180
4.199219
4.565430
4.829102
5.043945
5.102539
5.068359
4.916992
4.697266
4.321289
3.930664
3.461914
2.944336
2.431641
1.889648
1.357422
0.898438
0.458984
0.117188
-0.092773
-0.214844
-0.229492
-0.205078
-0.024414
0.263672
0.620117
1.093750
1.572266
2.055664
2.617188
3.134766
3.657227
4.111328
4.438477
4.770508
5.009766
5.141602
5.063477
4.956055
4.824219
4.541016
4.086914
3.608398
3.100586
2.543945
1.997070
1.499023
0.986328
0.551758
0.180664
-0.024414
-0.205078
-0.297852
-0.234375
-0.058594
0.200195
0.532227
0.971680
1.450195
1.928711
2.500000
3.046875
3.559570
3.999023
4.384766
4.731445
4.926758
5.073242
5.058594
5.004883
4.809570
4.545898
4.169922
3.706055
3.217773
2.709961
2.163086
1.591797
1.142578
0.664062
0.297852
0.039062
-0.180664
-0.273438
-0.239258
-0.083008
0.126953
0.449219
0.839844
1.333008
1.840820
2.294922
2.880859
