2.231445
1.679688
1.220703
0.795898
0.395508
0.053711
-0.126953
-0.258789
-0.258789
-0.126953
0.122070
0.375977
0.751953
1.250000
1.787109
2.329102
2.846680
3.364258
3.842773
4.277344
4.624023
4.921875
5.053711
5.117188
5.048828
4.912109
4.648438
4.335938
3.916016
3.457031
2.939453
2.382812
1.840820
1.372070
0.874023
0.483398
0.107422
-0.141602
-0.229492
-0.273438
-0.146484
0.014648
0.312500
0.698242
1.123047
1.611328
2.133789
2.705078
3.203125
3.735352
4.160156
4.545898
4.814453
5.043945
5.107422
5.112305
4.975586
4.750977
4.467773
4.003906
3.569336
3.061523
2.514648
2.006836
1.499023
0.952148
0.537109
0.185547
-0.058594
-0.244141
-0.249023
-0.180664
-0.073242
0.219727
0.561523
0.957031
1.513672
1.977539
2.529297
3.017578
3.544922
4.018555
4.414062
4.760742
5.039062
5.083008
5.078125
4.956055
4.794922
4.511719
4.140625
3.691406
3.164062
2.656250
2.089844
1.577148
1.079102
0.644531
0.307617
0.019531
-0.180664
-0.273438
-0.249023
-0.092773
0.146484
0.478516
0.903320
1.381836
1.889648
2.407227
2.944336
3.510742
3.950195
4.335938
4.687500
4.921875
5.097656
5.102539
5.058594
4.877930
4.594727
4.233398
3.784180
3.359375
2.841797
2.285156
1.743164
1.235352
0.810547
0.424805
0.097656
-0.117188
-0.263672
-0.185547
-0.083008
0.083008
0.410156
0.810547
1.289062
1.782227
2.338867
2.841797
3.378906
3.842773
4.282227
4.653320
4.956055
5.063477
5.156250
5.087891
4.990234
4.721680
4.394531
3.935547
3.505859
2.939453
2.387695
1.860352
1.337891
0.898438
0.488281
0.146484
-0.097656
-0.244141
-0.283203
-0.185547
0.058594
0.346680
0.693359
1.123047
1.660156
2.158203
2.729492
3.222656
3.740234
4.169922
4.565430
4.838867
5.058594
5.112305
5.078125
4.990234
4.755859
4.448242
4.038086
3.593750
3.081055
2.465820
1.992188
1.425781
0.976562
0.537109
0.214844
-0.078125
-0.205078
-0.317383
-0.209961
-0.004883
0.249023
0.551758
0.957031
1.464844
2.011719
2.529297
3.090820
3.559570
4.028320
4.418945
4.760742
4.951172
5.048828
5.043945
4.951172
4.780273
4.492188
4.135742
3.691406
3.193359
2.666016
2.133789
1.591797
1.064453
0.659180
0.249023
-0.039062
-0.195312
-0.273438
-0.244141
-0.097656
0.156250
0.463867
0.859375
1.347656
1.855469
2.412109
2.944336
3.432617
3.945312
4.340820
4.667969
4.951172
5.068359
5.097656
5.043945
4.863281
4.584961
4.204102
3.789062
3.305664
2.832031
2.236328
1.655273
1.191406
0.771484
0.415039
0.068359
-0.195312
-0.292969
-0.253906
-0.131836
0.102539
0.390625
0.737305
1.303711
1.787109
2.314453
2.807617
3.320312
3.833008
4.277344
4.628906
4.887695
5.034180
5.131836
5.068359
4.921875
4.667969
4.355469
3.920898
3.408203
2.885742
2.392578
1.796875
1.333008
0.874023
0.449219
0.112305
-0.097656
-0.205078
-0.244141
-0.166016
0.024414
0.292969
0.678711
1.127930
1.616211
2.163086
2.695312
3.232422
3.691406
4.169922
4.545898
4.833984
5.004883
5.102539
5.102539
4.960938
4.726562
4.467773
4.033203
3.583984
3.037109
2.500000
2.011719
1.450195
0.947266
0.541992
0.170898
-0.068359
-0.205078
-0.297852
-0.200195
-0.034180
0.185547
0.581055
0.996094
1.450195
1.972656
2.519531
3.066406
3.569336
4.038086
4.443359
4.760742
4.956055
5.078125
5.078125
4.980469
4.829102
4.526367
4.130859
3.691406
3.164062
2.646484
2.143555
1.586914
1.088867
0.644531
0.297852
-0.009766
-0.166016
-0.258789
-0.209961
-0.092773
0.126953
0.478516
0.893555
1.386719
1.865234
2.416992
2.949219
3.486328
3.940430
4.335938
4.682617
4.931641
5.063477
5.146484
5.019531
4.838867
4.584961
4.243164
3.813477
3.315430
2.778320
2.236328
1.713867
1.230469
0.820312
0.366211
0.102539
-0.126953
-0.219727
-0.219727
-0.102539
0.097656
0.439453
0.820312
1.303711
1.757812
2.290039
2.832031
3.403320
3.847656
4.291992
4.658203
4.892578
5.073242
5.122070
5.102539
4.956055
4.702148
4.335938
3.964844
3.466797
2.954102
2.373047
1.879883
1.337891
0.864258
0.434570
0.170898
-0.131836
-0.224609
-0.278320
-0.141602
0.039062
0.312500
0.717773
1.123047
1.611328
2.148438
2.685547
3.227539
3.720703
4.150391
4.526367
4.838867
5.029297
5.141602
5.097656
4.946289
4.750977
4.394531
4.057617
3.554688
3.046875
2.495117
1.972656
1.430664
1.010742
0.576172
0.195312
-0.092773
-0.229492
-0.258789
-0.195312
-0.048828
0.195312
0.595703
0.996094
1.445312
1.972656
2.524414
3.081055
3.554688
4.023438
4.433594
4.726562
4.951172
5.063477
5.068359
4.980469
4.804688
4.516602
4.140625
3.686523
3.154297
2.631836
2.114258
1.577148
1.113281
0.639648
0.268555
0.024414
-0.219727
-0.278320
-0.249023
-0.102539
0.156250
0.488281
0.903320
1.337891
1.865234
2.421875
2.968750
3.466797
3.925781
4.335938
4.711914
4.936523
5.092773
5.126953
5.034180
4.848633
4.628906
4.233398
3.808594
3.320312
2.763672
2.231445
1.699219
1.191406
0.795898
0.390625
0.004883
-0.122070
-0.263672
-0.253906
-0.126953
0.078125
0.415039
0.727539
1.230469
1.699219
2.280273
2.832031
3.349609
3.852539
4.257812
4.638672
4.882812
5.058594
5.131836
5.083008
4.921875
4.682617
4.345703
3.955078
3.408203
2.900391
2.363281
1.811523
1.303711
0.869141
0.458984
0.131836
-0.141602
-0.249023
-0.258789
-0.156250
0.039062
0.288086
0.673828
1.113281
1.635742
2.167969
2.680664
3.222656
3.710938
4.155273
4.570312
4.829102
5.029297
5.068359
5.107422
4.960938
4.731445
4.443359
4.038086
3.549805
3.066406
2.548828
2.026367
1.445312
0.996094
0.556641
0.185547
-0.048828
-0.190430
-0.283203
-0.200195
-0.029297
0.200195
0.532227
0.966797
1.464844
1.997070
2.539062
3.037109
3.574219
3.984375
4.389648
4.711914
4.946289
5.078125
5.122070
5.014648
4.814453
4.531250
4.121094
3.701172
3.183594
2.636719
2.109375
1.562500
1.088867
0.644531
0.288086
0.000000
-0.209961
-0.273438
-0.219727
-0.058594
0.175781
0.478516
0.859375
1.337891
1.855469
2.416992
2.958984
3.452148
3.906250
4.360352
4.677734
4.941406
5.063477
5.107422
5.024414
4.814453
4.609375
4.243164
3.803711
3.300781
2.797852
2.270508
1.733398
1.240234
0.771484
0.395508
0.092773
-0.131836
-0.205078
-0.195312
-0.122070
0.078125
0.400391
0.791016
1.264648
1.816406
2.333984
2.871094
3.354492
3.876953
4.321289
4.638672
4.926758
5.058594
5.146484
5.107422
4.960938
4.760742
4.394531
3.945312
3.471680
2.915039
2.377930
1.870117
1.328125
0.903320
0.449219
0.117188
-0.087891
-0.244141
-0.234375
-0.170898
0.000000
0.317383
0.683594
1.132812
1.591797
2.128906
2.734375
3.261719
3.710938
4.140625
4.526367
4.794922
5.087891
5.117188
5.053711
4.965820
4.741211
4.433594
4.072266
3.603516
3.022461
2.490234
1.972656
1.445312
0.981445
0.507812
0.249023
-0.083008
-0.234375
-0.283203
-0.214844
-0.029297
0.244141
0.605469
0.996094
1.479492
1.967773
2.583008
3.081055
3.593750
4.033203
4.438477
4.736328
4.956055
5.043945
5.078125
4.980469
4.794922
4.477539
4.135742
3.686523
3.183594
2.636719
2.109375
1.591797
1.069336
0.654297
0.292969
-0.004883
-0.190430
-0.283203
-0.214844
-0.097656
0.146484
0.478516
0.878906
1.362305
1.884766
2.397461
2.910156
3.447266
3.950195
4.311523
4.672852
4.931641
5.073242
5.131836
5.048828
4.843750
4.604492
4.218750
3.808594
3.291016
2.802734
2.216797
1.679688
1.186523
0.761719
0.341797
0.024414
-0.141602
-0.278320
-0.229492
-0.131836
0.078125
0.419922
0.791016
1.220703
1.738281
2.319336
2.841797
3.339844
3.857422
4.248047
4.633789
4.897461
5.048828
5.131836
5.068359
4.902344
4.692383
4.331055
3.896484
3.432617
2.919922
2.373047
1.860352
1.313477
0.854492
0.429688
0.136719
-0.141602
-0.224609
-0.239258
-0.180664
0.034180
0.278320
0.698242
1.132812
1.621094
2.143555
2.651367
3.256836
3.706055
4.174805
4.541016
4.819336
5.019531
5.122070
5.097656
4.941406
4.750977
4.462891
4.062500
3.564453
3.051758
2.504883
1.997070
1.445312
0.957031
0.551758
0.175781
-0.043945
-0.214844
-0.292969
-0.229492
-0.102539
0.195312
0.566406
0.981445
1.440430
1.982422
2.514648
3.056641
3.574219
4.042969
4.443359
4.750977
4.970703
5.078125
5.112305
5.000000
4.814453
4.501953
4.111328
3.671875
3.173828
2.656250
2.084961
1.562500
1.093750
0.649414
0.268555
-0.014648
-0.195312
-0.258789
-0.278320
-0.083008
0.126953
0.473633
0.903320
1.362305
1.899414
2.402344
2.949219
3.452148
3.935547
4.360352
4.667969
4.897461
5.034180
5.097656
5.043945
4.882812
4.614258
4.184570
3.833008
3.276367
2.827148
2.280273
1.748047
1.215820
0.771484
0.395508
0.073242
-0.097656
-0.205078
-0.234375
-0.107422
0.102539
0.439453
0.825195
1.274414
1.738281
2.270508
2.856445
3.383789
3.857422
4.301758
4.653320
4.921875
5.087891
5.166016
5.073242
4.916992
4.692383
4.335938
3.916016
3.476562
2.939453
2.416992
1.870117
1.352539
0.908203
0.468750
0.136719
-0.112305
-0.214844
-0.278320
-0.190430
0.034180
0.332031
0.703125
1.132812
1.635742
2.138672
2.685547
3.237305
3.730469
4.145508
4.531250
4.848633
5.048828
5.112305
5.073242
4.931641
4.755859
4.462891
4.028320
3.540039
3.032227
2.485352
1.967773
1.474609
0.981445
0.512695
0.190430
-0.068359
-0.209961
-0.234375
-0.214844
-0.087891
0.205078
0.537109
0.981445
1.459961
1.987305
2.495117
3.037109
3.583984
3.994141
4.414062
4.711914
4.960938
5.063477
5.048828
4.956055
4.785156
4.492188
4.116211
3.676758
3.188477
2.666016
2.094727
1.552734
1.098633
0.649414
0.288086
0.009766
-0.175781
-0.253906
-0.219727
-0.063477
0.151367
0.478516
0.883789
1.352539
1.850586
2.407227
2.973633
3.471680
3.891602
4.340820
4.707031
4.946289
5.097656
5.087891
5.019531
4.897461
4.614258
4.252930
3.828125
3.291016
2.753906
2.221680
1.748047
1.225586
0.742188
0.292969
0.063477
-0.151367
-0.234375
-0.263672
-0.126953
0.024414
0.405273
0.795898
1.250000
1.762695
2.309570
2.812500
3.364258
3.842773
4.282227
4.633789
4.873047
5.048828
5.170898
5.063477
4.921875
4.672852
4.321289
3.925781
3.413086
2.944336
2.358398
1.831055
1.342773
0.854492
0.439453
0.156250
-0.107422
-0.214844
-0.258789
-0.175781
0.000000
0.297852
0.683594
1.147461
1.606445
2.133789
2.670898
3.212891
3.725586
4.160156
4.541016
4.804688
5.029297
5.107422
5.112305
4.985352
4.750977
4.448242
4.042969
3.593750
3.095703
2.519531
1.977539
1.450195
0.996094
0.527344
0.156250
-0.073242
-0.200195
-0.292969
-0.190430
-0.083008
0.195312
0.546875
0.986328
1.494141
1.982422
2.509766
3.061523
3.579102
4.057617
4.448242
4.770508
4.956055
5.068359
5.092773
4.995117
4.853516
4.506836
4.106445
3.681641
3.154297
2.666016
2.133789
1.596680
1.088867
0.605469
0.239258
0.004883
-0.175781
-0.209961
-0.239258
-0.102539
0.126953
0.454102
0.893555
1.347656
1.875000
2.436523
2.958984
3.471680
3.969727
4.355469
4.716797
4.956055
5.102539
5.112305
5.034180
4.892578
4.614258
4.228516
3.828125
3.339844
2.773438
2.265625
1.733398
1.235352
0.766602
0.380859
0.092773
-0.097656
-0.244141
-0.229492
-0.087891
0.092773
0.400391
0.810547
1.279297
1.748047
2.280273
2.836914
3.378906
3.867188
4.331055
4.658203
4.858398
5.068359
5.146484
5.122070
4.960938
4.643555
4.306641
3.911133
3.452148
2.958984
2.397461
1.884766
1.337891
0.888672
0.502930
0.170898
-0.053711
-0.219727
-0.302734
-0.185547
0.029297
0.302734
0.737305
1.152344
1.635742
2.158203
2.719727
3.237305
3.735352
4.174805
4.526367
4.819336
5.034180
5.102539
5.087891
4.985352
4.736328
4.472656
3.999023
3.588867
3.037109
2.568359
1.958008
1.450195
0.981445
0.546875
0.224609
-0.063477
-0.229492
-0.249023
-0.190430
-0.029297
0.205078
0.571289
1.010742
1.479492
2.011719
2.543945
3.061523
3.554688
4.033203
4.467773
4.741211
4.980469
5.063477
5.097656
5.000000
4.799805
4.472656
4.106445
3.671875
3.164062
2.675781
2.148438
1.582031
1.113281
0.639648
0.283203
0.019531
-0.170898
-0.292969
-0.205078
-0.097656
0.166016
0.468750
0.883789
1.352539
1.860352
2.407227
2.958984
3.466797
3.920898
4.331055
4.672852
4.956055
5.083008
5.126953
4.990234
4.882812
4.565430
4.218750
3.828125
3.320312
2.773438
2.211914
1.694336
1.230469
0.781250
0.356445
0.039062
-0.161133
-0.263672
-0.214844
-0.112305
0.063477
0.341797
0.786133
1.284180
1.762695
2.329102
2.822266
3.383789
3.852539
4.311523
4.614258
4.882812
5.043945
5.136719
5.073242
4.897461
4.682617
4.316406
3.901367
3.452148
2.934570
2.363281
1.826172
1.323242
0.859375
0.458984
0.122070
-0.097656
-0.224609
-0.229492
-0.161133
0.019531
0.278320
0.654297
1.157227
1.611328
2.148438
2.666016
3.222656
3.730469
4.199219
4.541016
4.804688
5.014648
5.112305
5.112305
4.965820
4.726562
4.438477
4.018555
3.549805
3.061523
2.553711
2.011719
1.464844
0.961914
0.522461
0.234375
-0.063477
-0.234375
-0.302734
-0.244141
-0.083008
0.190430
0.561523
1.025391
1.469727
1.982422
2.543945
3.061523
3.549805
4.018555
4.428711
4.707031
4.990234
5.063477
5.107422
4.990234
4.814453
4.501953
4.111328
3.657227
3.164062
2.656250
2.094727
1.567383
1.113281
0.595703
0.278320
-0.014648
-0.161133
-0.253906
-0.249023
-0.078125
0.102539
0.493164
0.903320
1.347656
1.865234
2.441406
2.939453
3.481445
3.955078
4.345703
4.692383
4.951172
5.058594
5.122070
5.019531
4.902344
4.584961
4.204102
3.808594
3.344727
2.788086
2.255859
1.718750
1.230469
0.786133
0.380859
0.087891
-0.112305
-0.219727
-0.219727
-0.102539
0.068359
0.371094
0.747070
1.264648
1.752930
2.304688
2.832031
3.334961
3.833008
4.252930
4.624023
4.931641
5.083008
5.180664
5.102539
4.912109
4.707031
4.375000
3.945312
3.491211
2.949219
2.426758
1.870117
1.323242
0.883789
0.483398
0.175781
-0.122070
-0.224609
-0.288086
-0.190430
0.004883
0.307617
0.708008
1.137695
1.616211
2.148438
2.714844
3.247070
3.686523
4.169922
4.575195
4.858398
5.019531
5.112305
5.131836
5.019531
4.760742
4.414062
4.057617
3.564453
3.012695
2.519531
1.962891
1.484375
0.971680
0.556641
0.195312
-0.068359
-0.244141
-0.283203
-0.209961
-0.019531
0.234375
0.561523
0.981445
1.455078
1.977539
2.539062
3.085938
3.564453
4.028320
4.418945
4.755859
4.970703
5.078125
5.092773
4.995117
4.760742
4.492188
4.121094
3.657227
3.193359
2.695312
2.089844
1.577148
1.054688
0.644531
0.292969
0.043945
-0.175781
-0.278320
-0.219727
-0.107422
0.161133
0.488281
0.898438
1.357422
1.870117
2.426758
2.958984
3.461914
3.925781
4.365234
4.682617
4.936523
5.097656
5.087891
5.034180
4.838867
4.609375
4.233398
3.769531
3.330078
2.807617
2.265625
1.684570
1.176758
0.751953
0.346680
0.073242
-0.141602
-0.278320
-0.229492
-0.141602
0.053711
0.390625
0.786133
1.250000
1.811523
2.290039
2.827148
3.339844
3.828125
4.267578
4.609375
4.882812
5.063477
5.122070
5.087891
4.946289
4.667969
4.326172
3.935547
3.447266
2.905273
2.324219
1.850586
1.293945
0.849609
0.429688
0.151367
-0.112305
-0.229492
-0.229492
-0.224609
0.029297
0.307617
0.688477
1.098633
1.606445
2.153320
2.714844
3.208008
3.715820
4.160156
4.555664
4.804688
5.039062
5.112305
5.087891
4.980469
4.741211
4.418945
4.038086
3.569336
3.061523
2.504883
2.006836
1.435547
0.966797
0.527344
0.190430
-0.068359
-0.224609
-0.258789
-0.200195
-0.034180
0.200195
0.585938
0.991211
1.489258
1.943359
2.495117
3.061523
3.583984
4.038086
4.438477
4.746094
4.956055
5.102539
5.087891
5.014648
4.794922
4.501953
4.135742
3.676758
3.154297
2.641602
2.128906
1.586914
1.108398
0.634766
0.253906
-0.034180
-0.195312
-0.253906
-0.229492
-0.107422
0.166016
0.507812
0.893555
1.352539
1.875000
2.446289
2.944336
3.466797
3.945312
4.355469
4.687500
4.916992
5.009766
5.117188
5.043945
4.877930
4.589844
4.248047
3.779297
3.300781
2.792969
2.250977
1.713867
1.215820
0.820312
0.390625
0.058594
-0.136719
-0.239258
-0.234375
-0.131836
0.126953
0.458984
0.834961
1.250000
1.772461
2.309570
2.856445
3.339844
3.842773
4.267578
4.658203
4.951172
5.068359
5.136719
5.112305
4.921875
4.702148
4.394531
3.964844
3.471680
2.949219
2.392578
1.870117
1.342773
0.913086
0.468750
0.166016
-0.102539
-0.209961
-0.229492
-0.170898
0.004883
0.307617
0.688477
1.127930
1.630859
2.163086
2.705078
3.203125
3.725586
4.179688
4.550781
4.833984
5.048828
5.107422
5.102539
4.936523
4.750977
4.418945
4.003906
3.549805
3.081055
2.509766
1.962891
1.459961
0.957031
0.512695
0.214844
-0.073242
-0.175781
-0.278320
-0.249023
-0.039062
0.229492
0.561523
0.961914
1.440430
2.001953
2.558594
3.056641
3.549805
4.038086
4.423828
4.750977
4.985352
5.083008
5.087891
4.960938
4.794922
4.526367
4.082031
3.706055
3.159180
2.666016
2.109375
1.591797
1.079102
0.634766
0.283203
0.024414
-0.175781
-0.258789
-0.253906
-0.102539
0.190430
0.498047
0.888672
1.357422
1.870117
2.431641
2.954102
3.422852
3.925781
4.384766
4.731445
4.921875
5.058594
5.126953
5.068359
4.863281
4.589844
4.213867
3.769531
3.300781
2.812500
2.265625
1.738281
1.176758
0.732422
0.395508
0.058594
-0.117188
-0.253906
-0.283203
-0.102539
0.083008
0.395508
0.766602
1.245117
1.772461
2.304688
2.822266
3.320312
3.862305
4.277344
4.648438
4.892578
5.048828
5.117188
5.073242
4.921875
4.667969
4.350586
3.886719
3.476562
2.919922
2.363281
1.840820
1.298828
0.869141
0.449219
0.136719
-0.102539
-0.253906
-0.214844
-0.185547
0.024414
0.312500
0.693359
1.118164
1.567383
2.124023
2.714844
3.261719
3.730469
4.140625
4.516602
4.829102
5.058594
5.112305
5.126953
4.970703
4.750977
4.423828
4.052734
3.574219
3.041992
2.490234
1.982422
1.518555
0.966797
0.517578
0.185547
-0.083008
-0.224609
-0.239258
-0.239258
-0.097656
0.205078
0.556641
0.981445
1.479492
1.992188
2.514648
3.051758
3.603516
4.028320
4.409180
4.721680
4.975586
5.092773
5.122070
4.985352
4.794922
4.501953
4.121094
3.696289
3.217773
2.641602
2.084961
1.582031
1.083984
0.673828
0.288086
0.014648
-0.185547
-0.263672
-0.229492
-0.107422
0.166016
0.502930
0.898438
1.362305
1.865234
2.436523
2.954102
3.476562
3.925781
4.365234
4.702148
4.907227
5.063477
5.083008
5.039062
4.858398
4.628906
4.228516
3.803711
3.315430
2.778320
2.246094
1.699219
1.220703
0.727539
0.405273
0.107422
-0.107422
-0.239258
-0.244141
-0.097656
0.117188
0.439453
0.805664
1.240234
1.738281
2.314453
2.871094
3.359375
3.847656
4.277344
4.594727
4.946289
5.131836
5.166016
5.107422
4.956055
4.682617
4.355469
3.930664
3.466797
2.944336
2.402344
1.860352
1.328125
0.883789
0.498047
0.117188
-0.136719
-0.249023
-0.253906
-0.175781
0.058594
0.312500
0.727539
1.152344
1.655273
2.143555
2.690430
3.222656
3.720703
4.199219
4.570312
4.804688
5.048828
5.112305
5.112305
4.970703
4.731445
4.443359
4.033203
3.530273
3.022461
2.495117
1.992188
1.445312
1.005859
0.498047
0.185547
-0.048828
-0.180664
-0.268555
-0.229492
-0.058594
0.219727
0.585938
0.966797
1.464844
1.972656
2.490234
3.085938
3.588867
4.018555
4.428711
4.736328
4.975586
5.068359
5.078125
4.975586
4.780273
4.487305
4.096680
3.701172
3.183594
2.670898
2.099609
1.562500
1.044922
0.615234
0.292969
-0.014648
-0.180664
-0.234375
-0.214844
-0.097656
0.146484
0.473633
0.859375
1.367188
1.870117
2.392578
2.954102
3.476562
3.950195
4.340820
4.707031
4.941406
5.073242
5.102539
5.058594
4.882812
4.589844
4.267578
3.803711
3.300781
2.768555
2.221680
1.733398
1.181641
0.712891
0.351562
0.092773
-0.166016
-0.263672
-0.258789
-0.112305
0.078125
0.380859
0.820312
1.289062
1.801758
2.290039
2.846680
3.320312
3.847656
4.248047
4.633789
4.892578
5.063477
5.092773
5.097656
4.916992
4.677734
4.331055
3.906250
3.427734
2.929688
2.377930
1.835938
1.318359
0.878906
0.439453
0.141602
-0.122070
-0.219727
-0.258789
-0.180664
0.029297
0.327148
0.688477
1.123047
1.606445
2.163086
2.675781
