2.246094
1.655273
1.181641
0.698242
0.385742
0.058594
-0.170898
-0.234375
-0.278320
-0.087891
0.151367
0.434570
0.820312
1.250000
1.772461
2.329102
2.866211
3.339844
3.847656
4.257812
4.633789
4.882812
5.073242
5.107422
5.063477
4.877930
4.648438
4.311523
3.901367
3.393555
2.915039
2.343750
1.831055
1.303711
0.830078
0.498047
0.117188
-0.126953
-0.253906
-0.258789
-0.156250
0.048828
0.297852
0.693359
1.123047
1.625977
2.153320
2.690430
3.251953
3.750000
4.204102
4.536133
4.838867
5.053711
5.131836
5.097656
4.965820
4.785156
4.453125
4.013672
3.583984
3.056641
2.465820
1.943359
1.376953
0.927734
0.493164
0.141602
-0.102539
-0.239258
-0.253906
-0.249023
-0.048828
0.185547
0.532227
0.957031
1.479492
1.972656
2.543945
3.056641
3.564453
4.023438
4.414062
4.726562
4.985352
5.126953
5.087891
4.995117
4.755859
4.506836
4.111328
3.691406
3.188477
2.622070
2.070312
1.562500
1.069336
0.629883
0.302734
-0.014648
-0.195312
-0.239258
-0.234375
-0.097656
0.161133
0.468750
0.878906
1.357422
1.899414
2.412109
2.944336
3.447266
3.920898
4.355469
4.697266
4.931641
5.048828
5.122070
5.029297
4.848633
4.614258
4.218750
3.789062
3.295898
2.817383
2.260742
1.728516
1.186523
0.791016
0.405273
0.078125
-0.112305
-0.229492
-0.185547
-0.078125
0.126953
0.439453
0.791016
1.293945
1.738281
2.343750
2.836914
3.393555
3.867188
4.257812
4.643555
4.892578
5.073242
5.102539
5.146484
4.946289
4.702148
4.384766
3.920898
3.452148
2.944336
2.377930
1.831055
1.298828
0.859375
0.429688
0.117188
-0.083008
-0.224609
-0.268555
-0.151367
0.043945
0.356445
0.717773
1.142578
1.635742
2.187500
2.690430
3.212891
3.735352
4.116211
4.560547
4.853516
5.039062
5.102539
5.068359
4.970703
4.702148
4.428711
3.999023
3.535156
3.041992
2.500000
1.923828
1.391602
0.952148
0.546875
0.214844
-0.083008
-0.219727
-0.268555
-0.224609
-0.039062
0.209961
0.576172
0.991211
1.479492
2.016602
2.548828
3.085938
3.613281
4.018555
4.414062
4.702148
4.941406
5.078125
5.092773
4.985352
4.794922
4.472656
4.125977
3.662109
3.144531
2.626953
2.094727
1.547852
1.074219
0.620117
0.268555
-0.004883
-0.180664
-0.283203
-0.239258
-0.097656
0.166016
0.527344
0.898438
1.328125
1.884766
2.441406
2.954102
3.457031
3.940430
4.345703
4.707031
4.936523
5.087891
5.043945
4.995117
4.873047
4.584961
4.223633
3.793945
3.276367
2.749023
2.236328
1.655273
1.137695
0.747070
0.371094
0.058594
-0.117188
-0.297852
-0.244141
-0.126953
0.122070
0.419922
0.815430
1.259766
1.767578
2.319336
2.846680
3.393555
3.813477
4.233398
4.599609
4.887695
5.068359
5.092773
5.073242
4.902344
4.648438
4.287109
3.925781
3.388672
2.880859
2.368164
1.821289
1.303711
0.844727
0.419922
0.112305
-0.102539
-0.244141
-0.258789
-0.175781
-0.024414
0.322266
0.673828
1.093750
1.650391
2.158203
2.705078
3.237305
3.740234
4.155273
4.570312
4.858398
5.009766
5.112305
5.107422
4.941406
4.716797
4.438477
4.038086
3.559570
3.012695
2.441406
1.914062
1.435547
0.942383
0.488281
0.180664
-0.092773
-0.239258
-0.317383
-0.219727
-0.024414
0.195312
0.576172
0.996094
1.469727
2.021484
2.543945
3.071289
3.603516
4.047852
4.438477
4.775391
4.975586
5.107422
5.087891
4.995117
4.804688
4.487305
4.111328
3.681641
3.154297
2.592773
2.094727
1.582031
1.083984
0.605469
0.253906
0.000000
-0.205078
-0.273438
-0.244141
-0.068359
0.131836
0.478516
0.878906
1.381836
1.850586
2.387695
2.949219
3.486328
3.959961
4.311523
4.667969
4.941406
5.073242
5.063477
5.048828
4.912109
4.624023
4.228516
3.789062
3.344727
2.792969
2.280273
1.767578
1.230469
0.776367
0.356445
0.117188
-0.136719
-0.244141
-0.229492
-0.097656
0.161133
0.444336
0.800781
1.245117
1.806641
2.348633
2.880859
3.374023
3.828125
4.248047
4.633789
4.941406
5.053711
5.107422
5.112305
4.946289
4.702148
4.335938
3.896484
3.466797
2.954102
2.373047
1.870117
1.303711
0.834961
0.458984
0.107422
-0.102539
-0.258789
-0.244141
-0.141602
0.019531
0.307617
0.659180
1.162109
1.674805
2.148438
2.670898
3.227539
3.706055
4.169922
4.565430
4.873047
5.043945
5.107422
5.087891
4.965820
4.731445
4.389648
4.018555
3.588867
3.012695
2.514648
1.953125
1.435547
0.952148
0.483398
0.195312
-0.048828
-0.249023
-0.258789
-0.205078
-0.058594
0.214844
0.576172
0.961914
1.440430
1.982422
2.514648
3.061523
3.579102
4.013672
4.399414
4.692383
4.946289
5.058594
5.092773
5.009766
4.809570
4.506836
4.125977
3.691406
3.125000
2.636719
2.104492
1.577148
1.069336
0.615234
0.288086
0.024414
-0.180664
-0.268555
-0.244141
-0.117188
0.136719
0.498047
0.888672
1.352539
1.875000
2.402344
2.968750
3.476562
3.940430
4.350586
4.667969
4.921875
5.063477
5.117188
5.029297
4.819336
4.584961
4.228516
3.745117
3.276367
2.792969
2.197266
1.679688
1.201172
0.693359
0.371094
0.083008
-0.175781
-0.263672
-0.253906
-0.126953
0.112305
0.449219
0.815430
1.240234
1.743164
2.280273
2.827148
3.378906
3.813477
4.238281
4.648438
4.882812
5.083008
5.083008
5.053711
4.912109
4.658203
4.311523
3.886719
3.422852
2.929688
2.363281
1.826172
1.289062
0.874023
0.400391
0.097656
-0.097656
-0.268555
-0.268555
-0.146484
0.039062
0.322266
0.683594
1.142578
1.645508
2.124023
2.719727
3.217773
3.720703
4.160156
4.545898
4.809570
5.029297
5.131836
5.083008
4.956055
4.746094
4.423828
4.033203
3.559570
3.027344
2.514648
1.918945
1.416016
0.922852
0.527344
0.190430
-0.097656
-0.283203
-0.307617
-0.263672
-0.078125
0.180664
0.576172
0.961914
1.464844
1.958008
2.534180
3.066406
3.588867
4.018555
4.428711
4.750977
4.960938
5.102539
5.073242
5.029297
4.775391
4.482422
4.101562
3.657227
3.168945
2.612305
2.070312
1.518555
1.030273
0.620117
0.273438
-0.009766
-0.185547
-0.239258
-0.239258
-0.107422
0.175781
0.458984
0.913086
1.420898
1.855469
2.402344
2.988281
3.461914
3.916016
4.335938
4.711914
4.946289
5.073242
5.112305
5.063477
4.853516
4.589844
4.248047
3.828125
3.315430
2.783203
2.221680
1.679688
1.171875
0.776367
0.375977
0.097656
-0.141602
-0.224609
-0.195312
-0.083008
0.131836
0.385742
0.849609
1.289062
1.791992
2.338867
2.832031
3.369141
3.828125
4.296875
4.653320
4.965820
5.078125
5.166016
5.097656
4.970703
4.682617
4.345703
3.916016
3.471680
2.929688
2.412109
1.865234
1.308594
0.854492
0.429688
0.146484
-0.117188
-0.229492
-0.244141
-0.131836
0.053711
0.351562
0.698242
1.147461
1.645508
2.167969
2.714844
3.198242
3.715820
4.189453
4.541016
4.819336
4.980469
5.078125
5.131836
5.000000
4.726562
4.365234
3.999023
3.520508
3.027344
2.485352
1.948242
1.416016
0.947266
0.541992
0.209961
-0.092773
-0.253906
-0.297852
-0.185547
-0.073242
0.205078
0.551758
0.991211
1.484375
2.006836
2.514648
3.046875
3.574219
4.008789
4.375000
4.711914
4.931641
5.078125
5.097656
5.004883
4.804688
4.516602
4.125977
3.676758
3.129883
2.636719
2.104492
1.552734
1.103516
0.639648
0.253906
0.000000
-0.224609
-0.273438
-0.219727
-0.073242
0.141602
0.473633
0.903320
1.367188
1.894531
2.397461
2.949219
3.452148
3.945312
4.360352
4.658203
4.926758
5.053711
5.068359
5.009766
4.858398
4.594727
4.208984
3.725586
3.261719
2.763672
2.211914
1.713867
1.230469
0.698242
0.341797
0.053711
-0.175781
-0.239258
-0.229492
-0.141602
0.112305
0.410156
0.795898
1.289062
1.767578
2.314453
2.812500
3.349609
3.803711
4.252930
4.624023
4.897461
5.014648
5.146484
5.063477
4.921875
4.653320
4.326172
3.886719
3.393555
2.905273
2.363281
1.816406
1.337891
0.825195
0.439453
0.122070
-0.117188
-0.263672
-0.263672
-0.175781
0.034180
0.341797
0.678711
1.152344
1.621094
2.153320
2.709961
3.256836
3.715820
4.179688
4.526367
4.838867
5.034180
5.117188
5.107422
4.965820
4.750977
4.409180
4.033203
3.554688
3.056641
2.514648
1.953125
1.406250
0.937500
0.517578
0.151367
-0.146484
-0.219727
-0.292969
-0.234375
-0.083008
0.166016
0.561523
0.991211
1.445312
1.997070
2.543945
3.037109
3.583984
4.028320
4.414062
4.746094
4.951172
5.063477
5.083008
4.980469
4.770508
4.472656
4.106445
3.686523
3.154297
2.636719
2.084961
1.542969
1.069336
0.639648
0.278320
0.000000
-0.190430
-0.249023
-0.214844
-0.078125
0.146484
0.493164
0.908203
1.367188
1.884766
2.431641
2.944336
3.491211
3.935547
4.306641
4.687500
4.912109
5.068359
5.097656
5.048828
4.892578
4.599609
4.194336
3.764648
3.291016
2.812500
2.270508
1.708984
1.181641
0.722656
0.400391
0.141602
-0.097656
-0.244141
-0.205078
-0.126953
0.073242
0.419922
0.800781
1.254883
1.796875
2.338867
2.905273
3.403320
3.837891
4.335938
4.667969
4.897461
5.063477
5.092773
5.048828
4.960938
4.707031
4.365234
3.945312
3.457031
2.915039
2.358398
1.811523
1.318359
0.849609
0.458984
0.092773
-0.126953
-0.219727
-0.239258
-0.136719
0.014648
0.332031
0.708008
1.137695
1.625977
2.158203
2.705078
3.222656
3.715820
4.208984
4.550781
4.833984
5.009766
5.126953
5.083008
4.946289
4.726562
4.448242
3.989258
3.515625
3.027344
2.475586
1.982422
1.450195
0.971680
0.502930
0.219727
-0.102539
-0.234375
-0.288086
-0.200195
-0.058594
0.244141
0.546875
1.015625
1.499023
2.026367
2.553711
3.090820
3.554688
4.042969
4.418945
4.755859
4.946289
5.073242
5.053711
4.985352
4.794922
4.545898
4.116211
3.662109
3.173828
2.622070
2.080078
1.542969
1.054688
0.649414
0.263672
0.000000
-0.190430
-0.273438
-0.234375
-0.107422
0.146484
0.488281
0.869141
1.362305
1.870117
2.402344
2.958984
3.500977
3.906250
4.360352
4.707031
4.941406
5.043945
5.087891
5.019531
4.868164
4.604492
4.223633
3.754883
3.247070
2.773438
2.241211
1.679688
1.162109
0.732422
0.371094
0.043945
-0.195312
-0.249023
-0.249023
-0.092773
0.136719
0.400391
0.820312
1.245117
1.796875
2.309570
2.832031
3.364258
3.793945
4.257812
4.638672
4.882812
5.024414
5.097656
5.058594
4.941406
4.643555
4.287109
3.886719
3.413086
2.929688
2.319336
1.801758
1.298828
0.854492
0.444336
0.117188
-0.097656
-0.258789
-0.307617
-0.161133
0.048828
0.292969
0.678711
1.118164
1.625977
2.153320
2.675781
3.203125
3.730469
4.160156
4.531250
4.814453
5.004883
5.122070
5.126953
4.946289
4.750977
4.418945
4.047852
3.530273
3.022461
2.490234
1.943359
1.440430
0.976562
0.517578
0.195312
-0.083008
-0.234375
-0.312500
-0.253906
-0.078125
0.156250
0.546875
0.957031
1.494141
1.977539
2.529297
3.061523
3.569336
4.018555
4.423828
4.731445
4.970703
5.092773
5.083008
4.965820
4.794922
4.467773
4.121094
3.662109
3.173828
2.602539
2.070312
1.542969
1.064453
0.610352
0.263672
0.009766
-0.180664
-0.249023
-0.180664
-0.078125
0.166016
0.488281
0.913086
1.362305
1.865234
2.416992
2.905273
3.471680
3.950195
4.355469
4.663086
4.936523
5.063477
5.117188
5.029297
4.833984
4.589844
4.252930
3.789062
3.315430
2.749023
2.216797
1.708984
1.230469
0.771484
0.390625
0.102539
-0.107422
-0.205078
-0.234375
-0.068359
0.136719
0.449219
0.805664
1.308594
1.816406
2.329102
2.832031
3.398438
3.837891
4.282227
4.658203
4.916992
5.112305
5.122070
5.102539
4.951172
4.731445
4.360352
3.935547
3.471680
2.944336
2.402344
1.870117
1.318359
0.820312
0.468750
0.097656
-0.126953
-0.219727
-0.263672
-0.136719
0.063477
0.327148
0.678711
1.123047
1.650391
2.148438
2.709961
3.217773
3.764648
4.189453
4.526367
4.765625
5.058594
5.073242
5.107422
4.985352
4.741211
4.423828
3.994141
3.574219
3.027344
2.485352
1.938477
1.391602
0.952148
0.551758
0.185547
-0.073242
-0.244141
-0.268555
-0.195312
-0.063477
0.209961
0.566406
1.010742
1.489258
2.006836
2.519531
3.066406
3.588867
4.033203
4.418945
4.736328
4.936523
5.048828
5.083008
4.985352
4.819336
4.511719
4.096680
3.657227
3.173828
2.607422
2.075195
1.596680
1.079102
0.585938
0.258789
-0.029297
-0.170898
-0.273438
-0.229492
-0.087891
0.131836
0.483398
0.898438
1.372070
1.850586
2.402344
2.954102
3.461914
3.925781
4.311523
4.687500
4.951172
5.083008
5.112305
5.019531
4.877930
4.575195
4.208984
3.803711
3.300781
2.753906
2.207031
1.660156
1.206055
0.722656
0.351562
0.078125
-0.146484
-0.244141
-0.268555
-0.136719
0.112305
0.434570
0.800781
1.240234
1.767578
2.299805
2.846680
3.344727
3.842773
4.267578
4.604492
4.887695
5.063477
5.039062
5.078125
4.946289
4.643555
4.296875
3.886719
3.427734
2.905273
2.324219
1.791992
1.298828
0.839844
0.419922
0.136719
-0.097656
-0.258789
-0.258789
-0.136719
0.019531
0.302734
0.664062
1.157227
1.625977
2.124023
2.685547
3.242188
3.735352
4.160156
4.545898
4.819336
5.024414
5.102539
5.122070
4.965820
4.726562
4.423828
4.038086
3.544922
3.012695
2.485352
1.923828
1.406250
0.932617
0.517578
0.166016
-0.068359
-0.214844
-0.278320
-0.263672
-0.073242
0.156250
0.556641
1.010742
1.445312
1.982422
2.495117
3.071289
3.564453
4.033203
4.433594
4.716797
4.946289
5.083008
5.117188
5.004883
4.790039
4.482422
4.111328
3.657227
3.154297
2.626953
2.109375
1.596680
1.074219
0.625000
0.283203
-0.024414
-0.175781
-0.239258
-0.239258
-0.073242
0.122070
0.483398
0.903320
1.396484
1.889648
2.397461
2.958984
3.471680
3.959961
4.350586
4.663086
4.921875
5.112305
5.087891
5.034180
4.863281
4.604492
4.252930
3.813477
3.315430
2.807617
2.246094
1.718750
1.191406
0.761719
0.390625
0.131836
-0.117188
-0.224609
-0.229492
-0.107422
0.117188
0.429688
0.825195
1.308594
1.811523
2.353516
2.866211
3.408203
3.906250
4.287109
4.633789
4.897461
5.029297
5.126953
5.117188
4.975586
4.697266
4.365234
3.901367
3.471680
2.939453
2.416992
1.831055
1.318359
0.834961
0.449219
0.156250
-0.092773
-0.249023
-0.219727
-0.141602
0.058594
0.322266
0.712891
1.132812
1.689453
2.167969
2.700195
3.261719
3.715820
4.140625
4.565430
4.848633
5.000000
5.092773
5.122070
4.946289
4.755859
4.399414
4.018555
3.530273
3.002930
2.495117
1.948242
1.459961
0.971680
0.517578
0.170898
-0.078125
-0.214844
-0.253906
-0.229492
-0.058594
0.205078
0.581055
1.010742
1.513672
1.977539
2.519531
3.037109
3.564453
4.008789
4.418945
4.697266
4.941406
5.053711
5.122070
4.985352
4.794922
4.501953
4.135742
3.676758
3.129883
2.622070
2.080078
1.572266
1.054688
0.664062
0.273438
-0.019531
-0.224609
-0.263672
-0.219727
-0.097656
0.170898
0.498047
0.888672
1.357422
1.879883
2.392578
2.973633
3.481445
3.955078
4.370117
4.667969
4.965820
5.078125
5.112305
5.024414
4.853516
4.609375
4.243164
3.750000
3.291016
2.744141
2.211914
1.694336
1.186523
0.751953
0.341797
0.063477
-0.151367
-0.268555
-0.253906
-0.097656
0.117188
0.454102
0.849609
1.250000
1.782227
2.290039
2.851562
3.354492
3.867188
4.238281
4.594727
4.907227
5.043945
5.136719
5.083008
4.926758
4.663086
4.331055
3.901367
3.413086
2.890625
2.358398
1.840820
1.303711
0.820312
0.434570
0.112305
-0.112305
-0.200195
-0.253906
-0.136719
0.014648
0.327148
0.693359
1.157227
1.650391
2.153320
2.670898
3.232422
3.750000
4.174805
4.560547
4.794922
5.039062
5.126953
5.092773
4.965820
4.726562
4.428711
4.033203
3.579102
3.027344
2.470703
1.943359
1.416016
0.927734
0.507812
0.209961
-0.029297
-0.258789
-0.278320
-0.263672
-0.058594
0.170898
0.571289
1.000977
1.450195
1.992188
2.534180
3.100586
3.579102
4.042969
4.438477
4.750977
4.956055
5.087891
5.092773
5.004883
4.799805
4.482422
4.106445
3.681641
3.149414
2.646484
2.075195
1.562500
1.074219
0.620117
0.263672
0.024414
-0.180664
-0.278320
-0.214844
-0.092773
0.146484
0.468750
0.913086
1.357422
1.875000
2.402344
2.954102
3.461914
3.886719
4.282227
4.672852
4.921875
5.078125
5.117188
5.034180
4.858398
4.575195
4.228516
3.789062
3.315430
2.788086
2.221680
1.723633
1.225586
0.800781
0.400391
0.126953
-0.122070
-0.253906
-0.219727
-0.092773
0.131836
0.424805
0.834961
1.293945
1.801758
2.348633
2.900391
3.393555
3.876953
4.306641
4.663086
4.907227
5.073242
5.112305
5.087891
4.951172
4.721680
4.306641
3.950195
3.461914
2.954102
2.377930
1.835938
1.308594
0.854492
0.478516
0.136719
-0.087891
-0.214844
-0.219727
-0.146484
0.063477
0.366211
0.698242
1.132812
1.669922
2.163086
2.700195
3.232422
3.730469
4.174805
4.516602
4.819336
5.053711
5.126953
5.078125
4.975586
4.702148
4.414062
4.018555
3.554688
3.027344
2.539062
1.962891
1.406250
0.971680
0.512695
0.234375
-0.068359
-0.224609
-0.253906
-0.195312
-0.058594
0.229492
0.561523
1.000977
1.494141
2.011719
2.548828
3.041992
3.569336
4.013672
4.448242
4.726562
4.912109
5.073242
5.073242
5.000000
4.794922
4.506836
4.106445
3.710938
3.159180
2.631836
2.084961
1.547852
1.074219
0.639648
0.249023
-0.024414
-0.185547
-0.258789
-0.205078
-0.122070
0.156250
0.468750
0.878906
1.367188
1.870117
2.407227
2.958984
3.476562
3.930664
4.345703
4.672852
4.887695
5.068359
5.112305
5.058594
4.858398
4.560547
4.223633
3.793945
3.315430
2.797852
2.177734
1.669922
1.186523
0.722656
0.361328
0.058594
-0.175781
-0.268555
-0.268555
-0.092773
0.126953
0.419922
0.815430
1.235352
1.806641
2.314453
2.832031
3.369141
3.842773
4.267578
4.628906
4.882812
5.043945
5.073242
5.063477
4.912109
4.682617
4.306641
3.876953
3.408203
2.924805
2.358398
1.796875
1.298828
0.815430
0.424805
0.141602
-0.097656
-0.234375
-0.273438
-0.161133
0.048828
0.297852
0.678711
1.142578
1.660156
2.167969
2.695312
3.208008
3.706055
4.160156
4.580078
4.838867
5.053711
5.146484
5.112305
5.000000
4.780273
4.414062
4.028320
3.554688
3.017578
2.480469
1.918945
1.391602
0.952148
0.498047
0.166016
-0.092773
-0.258789
-0.283203
-0.244141
-0.048828
0.209961
0.585938
1.000977
1.469727
1.987305
2.539062
3.085938
3.627930
4.013672
4.458008
4.736328
4.960938
5.112305
5.112305
4.980469
4.799805
4.506836
4.135742
3.681641
3.173828
2.636719
2.075195
1.552734
1.093750
0.634766
0.288086
-0.014648
-0.170898
-0.229492
-0.249023
-0.083008
0.170898
0.483398
0.893555
1.391602
1.894531
2.416992
2.929688
3.510742
3.935547
4.370117
4.672852
4.951172
5.053711
5.146484
5.039062
4.868164
4.609375
4.257812
3.798828
3.305664
2.822266
2.246094
1.708984
1.250000
0.781250
0.371094
0.087891
-0.146484
-0.253906
-0.239258
-0.092773
0.141602
0.478516
0.815430
1.269531
1.806641
2.343750
2.900391
3.403320
3.857422
4.248047
4.663086
4.907227
5.122070
5.126953
5.126953
4.941406
4.731445
4.331055
3.906250
3.442383
2.924805
2.402344
1.855469
1.318359
0.859375
0.434570
0.126953
-0.068359
-0.288086
-0.249023
-0.131836
0.024414
0.322266
0.678711
1.142578
1.625977
2.148438
2.709961
3.232422
3.759766
4.208984
4.501953
4.843750
5.053711
5.117188
5.078125
4.990234
4.736328
4.375000
4.023438
3.544922
3.061523
2.480469
1.948242
1.396484
0.952148
0.532227
0.156250
-0.029297
-0.244141
-0.263672
-0.200195
-0.034180
0.209961
0.556641
1.020508
1.469727
2.011719
2.553711
3.081055
3.569336
4.038086
4.414062
4.726562
4.936523
5.058594
5.068359
4.995117
4.804688
4.487305
4.116211
3.706055
3.164062
2.631836
2.084961
1.562500
1.040039
0.629883
0.278320
0.000000
-0.161133
-0.239258
-0.239258
-0.092773
0.156250
0.483398
0.898438
1.362305
1.845703
2.397461
2.963867
3.481445
3.920898
4.345703
4.672852
4.941406
5.063477
5.097656
5.014648
4.853516
4.584961
4.204102
3.759766
3.251953
2.763672
2.231445
1.674805
1.186523
0.751953
0.356445
0.043945
-0.146484
-0.268555
-0.234375
-0.102539
0.131836
0.458984
0.864258
1.289062
1.806641
2.304688
2.875977
3.364258
3.833008
4.277344
4.619141
4.887695
5.043945
5.112305
5.078125
4.882812
4.648438
4.306641
3.872070
3.432617
2.905273
2.363281
1.821289
1.318359
0.839844
0.454102
0.107422
-0.117188
-0.234375
-0.263672
-0.180664
0.024414
0.312500
0.698242
1.137695
1.655273
2.148438
2.685547
