1.757812
1.269531
0.810547
0.400391
0.097656
-0.112305
-0.234375
-0.263672
-0.141602
0.068359
0.371094
0.781250
1.176758
1.669922
2.207031
2.749023
3.261719
3.730469
4.155273
4.584961
4.877930
5.048828
5.063477
5.000000
4.897461
4.663086
4.389648
3.959961
3.457031
2.963867
2.397461
1.860352
1.352539
0.878906
0.488281
0.146484
-0.083008
-0.244141
-0.278320
-0.190430
-0.014648
0.278320
0.629883
1.074219
1.572266
2.070312
2.636719
3.159180
3.632812
4.121094
4.472656
4.790039
4.995117
5.117188
5.087891
4.946289
4.755859
4.462891
4.047852
3.588867
3.095703
2.568359
2.026367
1.513672
0.996094
0.527344
0.234375
0.000000
-0.214844
-0.258789
-0.229492
-0.034180
0.209961
0.541992
0.976562
1.445312
1.953125
2.495117
3.022461
3.559570
4.038086
4.477539
4.780273
5.014648
5.146484
5.117188
5.048828
4.897461
4.575195
4.204102
3.710938
3.320312
2.744141
2.192383
1.660156
1.108398
0.727539
0.297852
0.043945
-0.156250
-0.219727
-0.200195
-0.073242
0.146484
0.488281
0.830078
1.357422
1.816406
2.373047
2.905273
3.422852
3.896484
4.331055
4.667969
4.892578
5.087891
5.141602
5.078125
4.902344
4.628906
4.291992
3.833008
3.359375
2.841797
2.314453
1.757812
1.240234
0.776367
0.410156
0.068359
-0.156250
-0.205078
-0.273438
-0.117188
0.073242
0.332031
0.732422
1.157227
1.660156
2.226562
2.758789
3.286133
3.759766
4.189453
4.570312
4.853516
5.019531
5.078125
5.083008
4.931641
4.667969
4.326172
3.930664
3.452148
2.978516
2.416992
1.855469
1.328125
0.844727
0.449219
0.161133
-0.092773
-0.224609
-0.297852
-0.209961
0.004883
0.273438
0.620117
1.069336
1.582031
2.070312
2.626953
3.173828
3.671875
4.121094
4.477539
4.819336
4.980469
5.087891
5.097656
5.009766
4.746094
4.438477
4.077148
3.618164
3.100586
2.529297
1.992188
1.459961
1.044922
0.615234
0.209961
-0.034180
-0.195312
-0.268555
-0.214844
-0.043945
0.175781
0.566406
0.942383
1.406250
1.948242
2.543945
3.007812
3.540039
4.003906
4.404297
4.770508
4.975586
5.087891
5.156250
5.058594
4.858398
4.521484
4.160156
3.750000
3.217773
2.705078
2.124023
1.611328
1.118164
0.688477
0.327148
0.000000
-0.190430
-0.253906
-0.234375
-0.117188
0.107422
0.449219
0.839844
1.303711
1.796875
2.333984
2.910156
3.383789
3.881836
4.306641
4.667969
4.916992
5.039062
5.112305
5.053711
4.868164
4.619141
4.277344
3.842773
3.408203
2.846680
2.294922
1.777344
1.235352
0.820312
0.395508
0.068359
-0.161133
-0.219727
-0.249023
-0.117188
0.073242
0.371094
0.717773
1.166992
1.674805
2.221680
2.729492
3.286133
3.715820
4.199219
4.580078
4.829102
4.985352
5.073242
5.019531
4.892578
4.658203
4.360352
3.911133
3.466797
2.929688
2.412109
1.850586
1.367188
0.888672
0.449219
0.131836
-0.097656
-0.253906
-0.258789
-0.205078
-0.009766
0.273438
0.625000
1.079102
1.596680
2.084961
2.626953
3.139648
3.608398
4.101562
4.492188
4.809570
4.970703
5.092773
5.097656
5.014648
4.750977
4.472656
4.042969
3.627930
3.115234
2.539062
2.026367
1.508789
0.986328
0.546875
0.263672
-0.043945
-0.224609
-0.268555
-0.180664
-0.068359
0.209961
0.546875
0.976562
1.474609
1.992188
2.500000
3.027344
3.564453
4.077148
4.492188
4.799805
5.024414
5.063477
5.146484
5.029297
4.868164
4.580078
4.179688
3.730469
3.247070
2.744141
2.187500
1.689453
1.147461
0.717773
0.361328
0.034180
-0.151367
-0.244141
-0.170898
-0.043945
0.136719
0.507812
0.893555
1.357422
1.860352
2.358398
2.885742
3.398438
3.916016
4.316406
4.682617
4.892578
5.092773
5.136719
5.058594
4.892578
4.658203
4.277344
3.842773
3.334961
2.851562
2.294922
1.733398
1.245117
0.830078
0.429688
0.122070
-0.156250
-0.253906
-0.234375
-0.117188
0.058594
0.346680
0.722656
1.206055
1.679688
2.231445
2.822266
3.266602
3.769531
4.204102
4.580078
4.833984
5.068359
5.092773
5.053711
4.912109
4.653320
4.360352
3.940430
3.466797
2.954102
2.377930
1.875000
1.372070
0.859375
0.405273
0.136719
-0.117188
-0.244141
-0.263672
-0.175781
-0.004883
0.273438
0.595703
1.079102
1.562500
2.104492
2.646484
3.168945
3.652344
4.125977
4.501953
4.790039
5.000000
5.073242
5.097656
4.995117
4.741211
4.438477
4.023438
3.593750
3.090820
2.578125
2.011719
1.474609
0.986328
0.585938
0.249023
-0.083008
-0.224609
-0.268555
-0.249023
-0.024414
0.205078
0.507812
0.917969
1.435547
1.962891
2.485352
3.041992
3.510742
4.008789
4.399414
4.707031
4.970703
5.102539
5.166016
5.073242
4.829102
4.560547
4.140625
3.715820
3.217773
2.719727
2.172852
1.621094
1.137695
0.639648
0.288086
0.004883
-0.161133
-0.288086
-0.244141
-0.131836
0.141602
0.419922
0.830078
1.323242
1.821289
2.368164
2.919922
3.417969
3.920898
4.282227
4.663086
4.902344
5.078125
5.131836
5.024414
4.877930
4.619141
4.287109
3.833008
3.383789
2.851562
2.329102
1.767578
1.254883
0.815430
0.395508
0.073242
-0.117188
-0.219727
-0.253906
-0.112305
0.078125
0.356445
0.751953
1.201172
1.665039
2.207031
2.739258
3.261719
3.769531
4.155273
4.555664
4.829102
4.980469
5.083008
5.063477
4.941406
4.721680
4.350586
3.930664
3.471680
2.983398
2.412109
1.884766
1.367188
0.874023
0.463867
0.141602
-0.107422
-0.244141
-0.268555
-0.205078
-0.019531
0.278320
0.605469
1.069336
1.533203
2.080078
2.612305
3.159180
3.662109
4.091797
4.511719
4.770508
4.985352
5.102539
5.097656
4.990234
4.755859
4.458008
4.062500
3.564453
3.105469
2.568359
1.992188
1.464844
1.025391
0.585938
0.185547
-0.024414
-0.209961
-0.234375
-0.205078
-0.097656
0.180664
0.556641
0.952148
1.450195
1.977539
2.504883
3.066406
3.559570
4.028320
4.433594
4.677734
5.000000
5.136719
5.131836
5.073242
4.829102
4.550781
4.194336
3.779297
3.266602
2.778320
2.192383
1.660156
1.123047
0.722656
0.322266
0.039062
-0.131836
-0.234375
-0.229492
-0.073242
0.156250
0.488281
0.903320
1.318359
1.860352
2.387695
2.939453
3.383789
3.881836
4.326172
4.619141
4.936523
5.092773
5.131836
5.078125
4.887695
4.628906
4.248047
3.867188
3.359375
2.827148
2.329102
1.752930
1.235352
0.810547
0.395508
0.107422
-0.146484
-0.214844
-0.249023
-0.117188
0.014648
0.375977
0.747070
1.196289
1.674805
2.197266
2.709961
3.281250
3.803711
4.208984
4.599609
4.833984
5.029297
5.112305
5.024414
4.916992
4.667969
4.331055
3.930664
3.496094
2.954102
2.416992
1.865234
1.342773
0.859375
0.444336
0.146484
-0.126953
-0.234375
-0.283203
-0.195312
0.000000
0.288086
0.654297
1.079102
1.586914
2.094727
2.641602
3.159180
3.647461
4.077148
4.497070
4.794922
4.995117
5.117188
5.092773
5.004883
4.785156
4.418945
4.047852
3.608398
3.095703
2.568359
1.992188
1.479492
0.996094
0.595703
0.214844
-0.019531
-0.185547
-0.249023
-0.234375
-0.117188
0.180664
0.561523
0.922852
1.406250
1.972656
2.465820
3.017578
3.525391
4.023438
4.428711
4.702148
4.951172
5.112305
5.146484
5.122070
4.863281
4.550781
4.189453
3.720703
3.217773
2.714844
2.104492
1.586914
1.118164
0.688477
0.283203
0.004883
-0.195312
-0.249023
-0.224609
-0.136719
0.122070
0.458984
0.810547
1.318359
1.821289
2.333984
2.910156
3.403320
3.930664
4.311523
4.682617
4.907227
5.092773
5.097656
5.053711
4.892578
4.628906
4.282227
3.847656
3.359375
2.827148
2.270508
1.757812
1.289062
0.781250
0.400391
0.063477
-0.136719
-0.214844
-0.263672
-0.126953
0.073242
0.361328
0.732422
1.210938
1.684570
2.182617
2.749023
3.266602
3.779297
4.194336
4.545898
4.794922
5.000000
5.063477
5.034180
4.912109
4.677734
4.326172
3.925781
3.491211
2.939453
2.436523
1.860352
1.347656
0.888672
0.449219
0.112305
-0.097656
-0.219727
-0.273438
-0.185547
0.004883
0.283203
0.620117
1.044922
1.547852
2.084961
2.587891
3.164062
3.657227
4.111328
4.472656
4.799805
5.024414
5.131836
5.122070
4.980469
4.775391
4.453125
4.042969
3.569336
3.095703
2.563477
2.016602
1.513672
0.976562
0.527344
0.234375
-0.039062
-0.185547
-0.273438
-0.219727
-0.073242
0.205078
0.556641
0.971680
1.450195
1.967773
2.446289
3.027344
3.574219
4.067383
4.487305
4.760742
4.990234
5.117188
5.126953
5.063477
4.843750
4.584961
4.184570
3.750000
3.271484
2.768555
2.211914
1.679688
1.157227
0.708008
0.361328
0.048828
-0.136719
-0.268555
-0.224609
-0.053711
0.175781
0.498047
0.888672
1.376953
1.831055
2.382812
2.880859
3.413086
3.920898
4.301758
4.628906
4.897461
5.073242
5.166016
5.058594
4.892578
4.643555
4.296875
3.872070
3.354492
2.812500
2.290039
1.787109
1.279297
0.766602
0.351562
0.063477
-0.141602
-0.229492
-0.234375
-0.146484
0.058594
0.366211
0.717773
1.157227
1.728516
2.255859
2.749023
3.320312
3.754883
4.213867
4.560547
4.843750
5.014648
5.078125
5.058594
4.912109
4.663086
4.331055
3.925781
3.457031
2.929688
2.382812
1.870117
1.342773
0.844727
0.424805
0.122070
-0.087891
-0.273438
-0.278320
-0.195312
-0.009766
0.273438
0.649414
1.069336
1.518555
2.109375
2.631836
3.168945
3.652344
4.101562
4.477539
4.790039
4.975586
5.126953
5.092773
4.936523
4.750977
4.443359
4.052734
3.608398
3.110352
2.587891
2.036133
1.513672
1.010742
0.546875
0.195312
-0.024414
-0.185547
-0.283203
-0.209961
-0.107422
0.205078
0.517578
0.927734
1.469727
1.933594
2.475586
3.012695
3.559570
4.003906
4.394531
4.746094
4.931641
5.112305
5.131836
5.043945
4.848633
4.545898
4.174805
3.730469
3.237305
2.714844
2.158203
1.606445
1.118164
0.678711
0.307617
-0.004883
-0.170898
-0.239258
-0.253906
-0.122070
0.107422
0.405273
0.878906
1.342773
1.806641
2.348633
2.880859
3.417969
3.867188
4.326172
4.677734
4.902344
5.034180
5.122070
5.073242
4.892578
4.614258
4.252930
3.847656
3.378906
2.846680
2.309570
1.752930
1.269531
0.786133
0.405273
0.102539
-0.117188
-0.253906
-0.249023
-0.136719
0.058594
0.351562
0.742188
1.215820
1.674805
2.177734
2.700195
3.320312
3.735352
4.174805
4.541016
4.833984
4.980469
5.083008
5.039062
4.897461
4.677734
4.355469
3.930664
3.442383
2.924805
2.407227
1.899414
1.372070
0.874023
0.458984
0.112305
-0.107422
-0.229492
-0.263672
-0.175781
-0.029297
0.229492
0.639648
1.088867
1.572266
2.084961
2.617188
3.164062
3.632812
4.116211
4.506836
4.838867
4.985352
5.087891
5.097656
4.985352
4.775391
4.448242
4.072266
3.588867
3.085938
2.534180
2.011719
1.499023
0.991211
0.590820
0.175781
-0.048828
-0.195312
-0.297852
-0.200195
-0.068359
0.209961
0.546875
0.976562
1.469727
1.972656
2.500000
3.071289
3.559570
4.028320
4.453125
4.804688
4.985352
5.107422
5.126953
5.097656
4.868164
4.550781
4.160156
3.730469
3.276367
2.714844
2.143555
1.601562
1.108398
0.678711
0.346680
0.048828
-0.156250
-0.229492
-0.249023
-0.097656
0.126953
0.478516
0.883789
1.362305
1.850586
2.382812
2.866211
3.388672
3.881836
4.316406
4.648438
4.902344
5.087891
5.136719
5.078125
4.897461
4.624023
4.287109
3.876953
3.374023
2.875977
2.290039
1.772461
1.269531
0.810547
0.400391
0.083008
-0.141602
-0.234375
-0.273438
-0.190430
0.078125
0.356445
0.717773
1.162109
1.694336
2.231445
2.758789
3.271484
3.754883
4.194336
4.560547
4.882812
5.019531
5.063477
5.063477
4.887695
4.692383
4.340820
3.896484
3.427734
2.905273
2.377930
1.875000
1.362305
0.844727
0.434570
0.097656
-0.112305
-0.249023
-0.249023
-0.195312
-0.043945
0.283203
0.654297
1.049805
1.557617
2.050781
2.602539
3.168945
3.647461
4.116211
4.487305
4.760742
4.990234
5.092773
5.131836
4.970703
4.741211
4.423828
4.033203
3.588867
3.085938
2.548828
2.011719
1.484375
0.966797
0.566406
0.249023
-0.068359
-0.234375
-0.263672
-0.229492
-0.043945
0.190430
0.527344
0.932617
1.435547
1.967773
2.490234
2.998047
3.496094
3.974609
4.384766
4.736328
4.951172
5.073242
5.131836
5.048828
4.819336
4.604492
4.150391
3.735352
3.251953
2.714844
2.143555
1.611328
1.103516
0.673828
0.288086
0.004883
-0.195312
-0.229492
-0.258789
-0.053711
0.141602
0.429688
0.825195
1.342773
1.811523
2.382812
2.890625
3.393555
3.891602
4.340820
4.677734
4.921875
5.073242
5.117188
5.029297
4.902344
4.624023
4.267578
3.837891
3.344727
2.827148
2.294922
1.767578
1.250000
0.771484
0.419922
0.087891
-0.117188
-0.224609
-0.268555
-0.161133
0.083008
0.351562
0.800781
1.171875
1.674805
2.192383
2.773438
3.251953
3.774414
4.169922
4.580078
4.814453
4.990234
5.078125
5.039062
4.907227
4.667969
4.350586
3.916016
3.447266
2.934570
2.377930
1.889648
1.352539
0.888672
0.434570
0.117188
-0.126953
-0.200195
-0.258789
-0.244141
-0.014648
0.258789
0.634766
1.083984
1.567383
2.084961
2.617188
3.159180
3.642578
4.091797
4.482422
4.794922
4.965820
5.097656
5.078125
4.975586
4.750977
4.462891
4.072266
3.613281
3.076172
2.529297
1.992188
1.459961
0.966797
0.585938
0.239258
-0.043945
-0.200195
-0.258789
-0.214844
-0.029297
0.224609
0.561523
0.957031
1.455078
1.938477
2.485352
3.056641
3.564453
4.052734
4.472656
4.780273
4.995117
5.131836
5.151367
5.073242
4.882812
4.584961
4.165039
3.710938
3.266602
2.734375
2.197266
1.665039
1.113281
0.693359
0.356445
0.053711
-0.126953
-0.234375
-0.205078
-0.092773
0.156250
0.478516
0.878906
1.352539
1.850586
2.377930
2.905273
3.413086
3.867188
4.282227
4.677734
4.912109
5.058594
5.175781
5.117188
4.907227
4.624023
4.252930
3.867188
3.378906
2.841797
2.285156
1.743164
1.259766
0.820312
0.395508
0.087891
-0.131836
-0.239258
-0.249023
-0.170898
0.039062
0.385742
0.717773
1.166992
1.665039
2.250977
2.753906
3.300781
3.774414
4.243164
4.560547
4.848633
5.024414
5.073242
5.073242
4.897461
4.663086
4.326172
3.920898
3.447266
2.934570
2.402344
1.850586
1.352539
0.854492
0.444336
0.107422
-0.112305
-0.268555
-0.278320
-0.195312
-0.014648
0.292969
0.644531
1.049805
1.518555
2.119141
2.622070
3.139648
3.662109
4.106445
4.492188
4.760742
5.000000
5.112305
5.097656
4.975586
4.770508
4.458008
4.003906
3.564453
3.100586
2.578125
2.016602
1.484375
0.986328
0.551758
0.229492
-0.024414
-0.180664
-0.268555
-0.273438
-0.131836
0.156250
0.522461
0.957031
1.425781
1.953125
2.485352
2.978516
3.530273
4.008789
4.433594
4.726562
4.956055
5.068359
5.166016
5.073242
4.907227
4.565430
4.165039
3.696289
3.242188
2.690430
2.182617
1.596680
1.108398
0.668945
0.307617
-0.004883
-0.170898
-0.244141
-0.234375
-0.136719
0.107422
0.405273
0.849609
1.328125
1.826172
2.368164
2.890625
3.388672
3.901367
4.306641
4.667969
4.897461
5.063477
5.107422
5.053711
4.882812
4.604492
4.272461
3.886719
3.349609
2.836914
2.294922
1.748047
1.254883
0.791016
0.429688
0.083008
-0.117188
-0.263672
-0.278320
-0.146484
0.102539
0.390625
0.756836
1.162109
1.660156
2.192383
2.724609
3.271484
3.789062
4.238281
4.541016
4.804688
5.034180
5.078125
5.019531
4.902344
4.672852
4.375000
3.891602
3.442383
2.939453
2.412109
1.855469
1.367188
0.864258
0.493164
0.117188
-0.053711
-0.253906
-0.273438
-0.219727
-0.019531
0.288086
0.649414
1.049805
1.557617
2.080078
2.617188
3.149414
3.637695
4.111328
4.462891
4.790039
4.975586
5.092773
5.107422
4.970703
4.775391
4.443359
4.023438
3.603516
3.090820
2.558594
1.992188
1.450195
1.015625
0.571289
0.239258
-0.029297
-0.224609
-0.292969
-0.185547
-0.034180
0.219727
0.581055
0.971680
1.474609
1.962891
2.514648
3.076172
3.598633
4.013672
4.472656
4.799805
4.970703
5.151367
5.131836
5.063477
4.868164
4.575195
4.184570
3.706055
3.217773
2.685547
2.167969
1.586914
1.171875
0.712891
0.336914
0.043945
-0.146484
-0.229492
-0.214844
-0.068359
0.146484
0.488281
0.834961
1.362305
1.879883
2.368164
2.924805
3.408203
3.901367
4.306641
4.653320
4.951172
5.073242
5.112305
5.092773
4.892578
4.619141
4.267578
3.886719
3.359375
2.827148
2.299805
1.762695
1.220703
0.761719
0.400391
0.078125
-0.136719
-0.219727
-0.253906
-0.151367
0.053711
0.336914
0.761719
1.176758
1.674805
2.207031
2.763672
3.295898
3.769531
4.199219
4.570312
4.824219
5.043945
5.092773
5.058594
4.907227
4.672852
4.331055
3.940430
3.466797
2.954102
2.373047
1.840820
1.313477
0.874023
0.458984
0.107422
-0.083008
-0.229492
-0.263672
-0.195312
-0.014648
0.268555
0.620117
1.074219
1.572266
2.070312
2.602539
3.188477
3.657227
4.086914
4.506836
4.760742
4.995117
5.073242
5.097656
4.970703
4.790039
4.458008
4.013672
3.598633
3.115234
2.519531
1.997070
1.503906
0.981445
0.527344
0.200195
-0.063477
-0.224609
-0.292969
-0.239258
-0.053711
0.180664
0.512695
0.957031
1.406250
1.943359
2.495117
3.027344
3.549805
3.989258
4.389648
4.726562
4.951172
5.092773
5.107422
5.039062
4.843750
4.550781
4.169922
3.730469
3.276367
2.695312
2.163086
1.621094
1.152344
0.664062
0.317383
0.039062
-0.180664
-0.288086
-0.263672
-0.102539
0.126953
0.395508
0.834961
1.323242
1.816406
2.333984
2.880859
3.417969
3.857422
4.272461
4.658203
4.946289
5.063477
5.131836
5.053711
4.873047
4.633789
4.267578
3.862305
3.359375
2.836914
2.304688
1.767578
1.289062
0.786133
0.410156
0.097656
-0.122070
-0.209961
-0.219727
-0.156250
0.053711
0.400391
0.771484
1.171875
1.665039
2.216797
2.734375
3.242188
3.745117
4.155273
4.545898
4.809570
5.004883
5.058594
5.073242
4.916992
4.692383
4.370117
3.955078
3.461914
2.978516
2.402344
1.875000
1.357422
0.888672
0.463867
0.136719
-0.112305
-0.200195
-0.273438
-0.205078
-0.039062
0.283203
0.625000
1.059570
1.533203
2.065430
2.626953
3.149414
3.637695
4.116211
4.516602
4.780273
4.980469
5.092773
5.068359
4.990234
4.799805
4.467773
4.042969
3.603516
3.076172
2.553711
2.021484
1.474609
1.000977
0.585938
0.190430
-0.039062
-0.205078
-0.278320
-0.180664
-0.058594
0.195312
0.541992
0.981445
1.464844
1.987305
2.553711
3.095703
3.608398
4.018555
4.462891
4.770508
5.000000
5.131836
5.117188
5.078125
4.877930
4.560547
4.189453
3.725586
3.256836
2.709961
2.163086
1.621094
1.132812
0.722656
0.361328
0.078125
-0.161133
-0.229492
-0.180664
-0.078125
0.209961
0.478516
0.883789
1.342773
1.835938
2.382812
2.910156
3.417969
3.906250
4.326172
4.633789
4.902344
5.092773
5.131836
5.063477
4.873047
4.609375
4.267578
3.813477
3.374023
2.832031
2.280273
1.738281
1.289062
0.761719
0.400391
0.078125
-0.195312
-0.258789
-0.278320
-0.156250
0.019531
0.336914
0.747070
1.181641
1.679688
2.231445
2.729492
3.305664
3.759766
4.189453
4.545898
4.863281
5.014648
5.083008
5.058594
4.892578
4.658203
4.331055
3.925781
3.461914
2.919922
2.343750
1.840820
1.323242
0.859375
0.419922
0.117188
-0.146484
-0.253906
-0.273438
-0.200195
0.000000
0.268555
0.639648
1.103516
1.547852
2.070312
2.607422
3.198242
3.657227
4.130859
4.482422
4.829102
4.970703
5.097656
5.087891
4.985352
4.750977
4.453125
4.042969
3.569336
3.090820
2.568359
1.987305
1.459961
1.005859
0.605469
0.244141
-0.078125
-0.249023
-0.317383
-0.253906
-0.083008
0.175781
0.527344
0.947266
1.425781
1.972656
2.490234
3.022461
3.574219
4.008789
4.404297
4.663086
4.907227
5.087891
5.131836
5.058594
4.877930
4.555664
4.218750
3.745117
3.232422
2.705078
2.128906
1.611328
1.147461
0.668945
0.302734
-0.029297
-0.195312
-0.244141
-0.239258
-0.136719
0.068359
0.410156
0.878906
1.323242
1.806641
2.343750
2.885742
3.422852
3.886719
4.267578
4.653320
4.877930
5.058594
5.112305
5.009766
4.892578
4.624023
4.277344
3.828125
3.325195
2.807617
2.299805
1.748047
1.230469
0.781250
0.395508
0.053711
-0.146484
-0.268555
-0.239258
-0.146484
0.087891
0.336914
0.727539
1.181641
1.665039
2.182617
2.719727
3.266602
3.740234
4.218750
4.545898
4.829102
5.000000
5.087891
5.063477
4.926758
4.667969
4.345703
3.901367
3.403320
2.939453
2.412109
1.909180
1.386719
0.888672
0.444336
0.136719
-0.092773
-0.239258
-0.263672
-0.200195
-0.039062
0.268555
0.620117
1.040039
1.542969
2.060547
2.631836
3.173828
