1.909180
1.381836
0.947266
0.498047
0.156250
-0.068359
-0.200195
-0.214844
-0.180664
0.039062
0.283203
0.629883
1.103516
1.547852
2.094727
2.661133
3.168945
3.686523
4.174805
4.560547
4.833984
5.039062
5.136719
5.151367
5.009766
4.838867
4.477539
4.111328
3.662109
3.139648
2.626953
2.084961
1.533203
1.079102
0.625000
0.283203
-0.029297
-0.170898
-0.214844
-0.200195
-0.034180
0.219727
0.522461
0.937500
1.420898
1.914062
2.465820
3.037109
3.559570
3.984375
4.389648
4.741211
4.975586
5.097656
5.102539
5.039062
4.824219
4.570312
4.228516
3.750000
3.222656
2.705078
2.192383
1.621094
1.162109
0.678711
0.336914
0.000000
-0.170898
-0.219727
-0.249023
-0.126953
0.126953
0.415039
0.830078
1.298828
1.752930
2.333984
2.846680
3.374023
3.857422
4.267578
4.667969
4.882812
5.053711
5.092773
5.014648
4.868164
4.633789
4.287109
3.842773
3.369141
2.827148
2.309570
1.748047
1.274414
0.795898
0.429688
0.097656
-0.126953
-0.239258
-0.253906
-0.136719
0.039062
0.322266
0.693359
1.176758
1.655273
2.182617
2.734375
3.256836
3.769531
4.174805
4.541016
4.814453
5.000000
5.083008
5.068359
4.941406
4.707031
4.355469
3.940430
3.491211
2.988281
2.436523
1.899414
1.357422
0.888672
0.498047
0.170898
-0.112305
-0.239258
-0.253906
-0.195312
-0.014648
0.214844
0.634766
1.069336
1.508789
2.006836
2.607422
3.144531
3.691406
4.086914
4.541016
4.814453
5.048828
5.112305
5.126953
4.995117
4.780273
4.487305
4.072266
3.632812
3.100586
2.573242
2.050781
1.523438
1.044922
0.571289
0.253906
-0.039062
-0.190430
-0.249023
-0.224609
-0.068359
0.156250
0.512695
0.922852
1.411133
1.918945
2.456055
3.017578
3.535156
4.003906
4.394531
4.697266
4.960938
5.102539
5.097656
5.019531
4.833984
4.584961
4.194336
3.764648
3.227539
2.768555
2.172852
1.621094
1.127930
0.708008
0.351562
0.034180
-0.190430
-0.273438
-0.253906
-0.136719
0.102539
0.439453
0.810547
1.250000
1.748047
2.299805
2.827148
3.403320
3.852539
4.282227
4.628906
4.902344
5.019531
5.092773
5.039062
4.897461
4.619141
4.248047
3.798828
3.364258
2.885742
2.319336
1.782227
1.235352
0.766602
0.410156
0.083008
-0.122070
-0.283203
-0.278320
-0.146484
0.073242
0.351562
0.717773
1.166992
1.699219
2.202148
2.749023
3.251953
3.750000
4.199219
4.604492
4.853516
5.039062
5.102539
5.078125
4.951172
4.726562
4.355469
3.950195
3.452148
2.988281
2.431641
1.918945
1.362305
0.932617
0.541992
0.200195
-0.048828
-0.219727
-0.239258
-0.161133
0.029297
0.317383
0.678711
1.069336
1.567383
2.084961
2.675781
3.217773
3.681641
4.116211
4.526367
4.780273
4.975586
5.166016
5.112305
5.014648
4.824219
4.497070
4.106445
3.652344
3.164062
2.612305
2.060547
1.572266
1.069336
0.644531
0.258789
0.029297
-0.180664
-0.234375
-0.175781
-0.063477
0.190430
0.512695
0.947266
1.425781
1.923828
2.480469
3.032227
3.569336
3.950195
4.355469
4.702148
4.960938
5.117188
5.107422
5.053711
4.838867
4.589844
4.169922
3.745117
3.227539
2.695312
2.182617
1.596680
1.142578
0.678711
0.307617
0.039062
-0.170898
-0.278320
-0.219727
-0.151367
0.117188
0.449219
0.854492
1.313477
1.767578
2.319336
2.866211
3.393555
3.901367
4.326172
4.633789
4.902344
5.019531
5.078125
5.034180
4.892578
4.628906
4.238281
3.813477
3.325195
2.802734
2.285156
1.752930
1.245117
0.776367
0.410156
0.078125
-0.107422
-0.312500
-0.268555
-0.141602
0.029297
0.346680
0.717773
1.176758
1.655273
2.226562
2.753906
3.256836
3.750000
4.194336
4.570312
4.853516
4.990234
5.092773
5.107422
4.936523
4.711914
4.370117
3.950195
3.466797
2.973633
2.475586
1.884766
1.372070
0.893555
0.498047
0.136719
-0.092773
-0.249023
-0.253906
-0.219727
-0.048828
0.244141
0.595703
1.059570
1.542969
2.070312
2.617188
3.139648
3.647461
4.091797
4.526367
4.814453
5.024414
5.097656
5.122070
5.000000
4.780273
4.477539
4.062500
3.603516
3.120117
2.548828
2.050781
1.494141
1.044922
0.585938
0.205078
-0.048828
-0.214844
-0.288086
-0.195312
-0.083008
0.170898
0.502930
0.952148
1.435547
1.918945
2.485352
3.002930
3.510742
3.974609
4.404297
4.702148
4.965820
5.087891
5.112305
5.039062
4.824219
4.565430
4.160156
3.745117
3.242188
2.719727
2.143555
1.640625
1.157227
0.717773
0.341797
0.048828
-0.141602
-0.258789
-0.268555
-0.131836
0.083008
0.395508
0.810547
1.274414
1.748047
2.304688
2.856445
3.369141
3.837891
4.267578
4.643555
4.868164
5.039062
5.078125
4.995117
4.873047
4.628906
4.291992
3.867188
3.334961
2.822266
2.280273
1.748047
1.259766
0.756836
0.385742
0.083008
-0.136719
-0.224609
-0.253906
-0.122070
0.063477
0.332031
0.727539
1.152344
1.679688
2.192383
2.744141
3.286133
3.740234
4.184570
4.589844
4.838867
5.048828
5.126953
5.073242
4.965820
4.663086
4.370117
3.959961
3.471680
3.017578
2.456055
1.894531
1.372070
0.908203
0.512695
0.185547
-0.083008
-0.239258
-0.258789
-0.166016
-0.004883
0.292969
0.654297
1.079102
1.601562
2.084961
2.617188
3.139648
3.637695
4.116211
4.545898
4.873047
5.019531
5.131836
5.107422
5.029297
4.804688
4.506836
4.106445
3.593750
3.159180
2.602539
2.080078
1.538086
1.074219
0.605469
0.205078
-0.004883
-0.161133
-0.195312
-0.161133
-0.058594
0.175781
0.517578
0.937500
1.440430
1.948242
2.490234
3.037109
3.540039
3.979492
4.404297
4.726562
4.980469
5.107422
5.112305
5.034180
4.848633
4.545898
4.150391
3.725586
3.256836
2.690430
2.216797
1.655273
1.123047
0.712891
0.312500
0.024414
-0.190430
-0.239258
-0.239258
-0.112305
0.107422
0.415039
0.795898
1.284180
1.816406
2.343750
2.871094
3.413086
3.862305
4.291992
4.672852
4.892578
5.029297
5.083008
5.024414
4.887695
4.604492
4.248047
3.803711
3.305664
2.832031
2.304688
1.757812
1.250000
0.786133
0.419922
0.102539
-0.112305
-0.273438
-0.253906
-0.156250
0.014648
0.351562
0.751953
1.186523
1.679688
2.207031
2.744141
3.281250
3.759766
4.189453
4.565430
4.833984
5.029297
5.092773
5.083008
4.956055
4.731445
4.414062
3.935547
3.491211
2.998047
2.431641
1.904297
1.416016
0.869141
0.517578
0.126953
-0.102539
-0.234375
-0.258789
-0.175781
-0.043945
0.273438
0.585938
1.059570
1.533203
2.041016
2.622070
3.129883
3.671875
4.121094
4.536133
4.794922
5.014648
5.117188
5.126953
5.014648
4.799805
4.482422
4.072266
3.623047
3.120117
2.568359
2.016602
1.474609
1.010742
0.595703
0.263672
-0.058594
-0.205078
-0.239258
-0.229492
-0.058594
0.151367
0.546875
0.917969
1.411133
1.948242
2.475586
3.007812
3.525391
4.018555
4.384766
4.721680
4.956055
5.068359
5.126953
5.029297
4.838867
4.584961
4.194336
3.740234
3.251953
2.729492
2.148438
1.655273
1.142578
0.717773
0.356445
0.063477
-0.180664
-0.263672
-0.278320
-0.161133
0.068359
0.390625
0.820312
1.274414
1.728516
2.275391
2.832031
3.330078
3.818359
4.272461
4.594727
4.863281
5.024414
5.083008
4.990234
4.863281
4.589844
4.287109
3.813477
3.374023
2.802734
2.285156
1.782227
1.274414
0.791016
0.395508
0.063477
-0.166016
-0.278320
-0.258789
-0.166016
0.034180
0.341797
0.722656
1.191406
1.669922
2.187500
2.729492
3.247070
3.750000
4.184570
4.575195
4.833984
5.058594
5.107422
5.078125
4.916992
4.682617
4.404297
3.955078
3.476562
2.944336
2.426758
1.923828
1.391602
0.937500
0.488281
0.161133
-0.083008
-0.214844
-0.249023
-0.195312
0.004883
0.258789
0.634766
1.123047
1.586914
2.094727
2.626953
3.173828
3.686523
4.179688
4.560547
4.843750
5.043945
5.122070
5.083008
5.019531
4.804688
4.506836
4.062500
3.627930
3.173828
2.607422
2.055664
1.552734
1.064453
0.634766
0.297852
-0.009766
-0.151367
-0.224609
-0.175781
-0.048828
0.185547
0.512695
0.922852
1.420898
1.909180
2.500000
2.998047
3.554688
3.984375
4.384766
4.765625
4.956055
5.068359
5.146484
5.039062
4.794922
4.565430
4.223633
3.740234
3.237305
2.709961
2.187500
1.650391
1.127930
0.688477
0.317383
-0.004883
-0.166016
-0.224609
-0.283203
-0.122070
0.117188
0.419922
0.893555
1.308594
1.801758
2.348633
2.885742
3.398438
3.857422
4.291992
4.653320
4.916992
5.029297
5.112305
5.034180
4.873047
4.624023
4.277344
3.803711
3.281250
2.797852
2.285156
1.743164
1.264648
0.800781
0.410156
0.068359
-0.131836
-0.258789
-0.253906
-0.161133
0.019531
0.336914
0.703125
1.181641
1.665039
2.202148
2.768555
3.247070
3.764648
4.189453
4.584961
4.848633
5.029297
5.102539
5.073242
4.921875
4.711914
4.375000
3.964844
3.457031
2.993164
2.416992
1.918945
1.342773
0.908203
0.517578
0.136719
-0.117188
-0.249023
-0.273438
-0.214844
-0.014648
0.244141
0.615234
1.044922
1.528320
2.070312
2.592773
3.173828
3.657227
4.174805
4.545898
4.804688
4.985352
5.117188
5.097656
5.000000
4.799805
4.472656
4.082031
3.613281
3.095703
2.592773
2.045898
1.494141
1.049805
0.590820
0.239258
-0.048828
-0.205078
-0.244141
-0.268555
-0.092773
0.175781
0.517578
0.957031
1.420898
1.962891
2.456055
3.022461
3.554688
3.999023
4.394531
4.731445
4.980469
5.136719
5.112305
5.029297
4.863281
4.555664
4.194336
3.725586
3.237305
2.719727
2.158203
1.679688
1.152344
0.712891
0.346680
0.019531
-0.146484
-0.249023
-0.249023
-0.161133
0.048828
0.405273
0.771484
1.289062
1.752930
2.324219
2.841797
3.403320
3.867188
4.326172
4.638672
4.873047
5.058594
5.117188
5.043945
4.868164
4.628906
4.252930
3.852539
3.359375
2.832031
2.294922
1.762695
1.259766
0.800781
0.366211
0.078125
-0.107422
-0.258789
-0.263672
-0.166016
0.078125
0.351562
0.732422
1.147461
1.665039
2.202148
2.719727
3.271484
3.730469
4.189453
4.565430
4.868164
5.029297
5.078125
5.058594
4.941406
4.707031
4.316406
3.916016
3.466797
2.968750
2.426758
1.899414
1.391602
0.908203
0.517578
0.161133
-0.097656
-0.180664
-0.263672
-0.175781
0.019531
0.283203
0.693359
1.088867
1.538086
2.070312
2.587891
3.164062
3.686523
4.111328
4.536133
4.829102
5.034180
5.126953
5.078125
4.980469
4.809570
4.521484
4.111328
3.613281
3.149414
2.558594
2.089844
1.508789
1.088867
0.610352
0.253906
-0.034180
-0.170898
-0.263672
-0.219727
-0.058594
0.170898
0.522461
0.922852
1.396484
1.923828
2.470703
3.041992
3.549805
3.994141
4.399414
4.711914
4.980469
5.097656
5.102539
5.034180
4.838867
4.570312
4.223633
3.740234
3.232422
2.670898
2.153320
1.669922
1.142578
0.688477
0.312500
0.009766
-0.126953
-0.273438
-0.219727
-0.136719
0.087891
0.444336
0.795898
1.274414
1.772461
2.309570
2.910156
3.388672
3.891602
4.272461
4.609375
4.887695
5.039062
5.117188
5.024414
4.838867
4.609375
4.233398
3.813477
3.295898
2.788086
2.280273
1.718750
1.264648
0.776367
0.405273
0.097656
-0.170898
-0.283203
-0.288086
-0.136719
0.078125
0.336914
0.698242
1.157227
1.684570
2.202148
2.753906
3.266602
3.745117
4.179688
4.555664
4.829102
5.019531
5.126953
5.039062
4.897461
4.697266
4.355469
3.969727
3.481445
2.963867
2.407227
1.884766
1.372070
0.903320
0.507812
0.126953
-0.117188
-0.229492
-0.312500
-0.214844
-0.039062
0.273438
0.620117
1.093750
1.538086
2.080078
2.583008
3.164062
3.662109
4.169922
4.526367
4.799805
4.990234
5.117188
5.117188
5.004883
4.755859
4.467773
4.057617
3.598633
3.100586
2.563477
2.016602
1.503906
1.064453
0.576172
0.219727
-0.034180
-0.190430
-0.253906
-0.205078
-0.097656
0.209961
0.522461
0.917969
1.416016
1.948242
2.470703
3.007812
3.544922
3.989258
4.418945
4.750977
4.941406
5.092773
5.102539
5.048828
4.858398
4.575195
4.199219
3.730469
3.242188
2.744141
2.202148
1.630859
1.157227
0.708008
0.332031
0.024414
-0.175781
-0.292969
-0.258789
-0.151367
0.107422
0.400391
0.815430
1.250000
1.772461
2.343750
2.890625
3.403320
3.876953
4.291992
4.619141
4.882812
5.029297
5.097656
5.024414
4.897461
4.624023
4.272461
3.823242
3.344727
2.827148
2.294922
1.738281
1.254883
0.800781
0.380859
0.073242
-0.117188
-0.239258
-0.278320
-0.166016
0.058594
0.332031
0.698242
1.181641
1.679688
2.216797
2.724609
3.271484
3.745117
4.218750
4.550781
4.882812
5.073242
5.053711
5.092773
4.956055
4.711914
4.321289
3.955078
3.486328
2.983398
2.451172
1.918945
1.381836
0.932617
0.512695
0.146484
-0.058594
-0.239258
-0.239258
-0.151367
0.039062
0.263672
0.654297
1.098633
1.572266
2.084961
2.651367
3.193359
3.691406
4.150391
4.516602
4.804688
4.975586
5.136719
5.136719
5.004883
4.799805
4.477539
4.042969
3.671875
3.144531
2.607422
2.060547
1.547852
1.044922
0.610352
0.268555
-0.004883
-0.229492
-0.224609
-0.239258
-0.019531
0.190430
0.522461
0.922852
1.420898
1.933594
2.451172
3.032227
3.525391
4.008789
4.394531
4.750977
4.965820
5.053711
5.107422
5.024414
4.863281
4.526367
4.169922
3.750000
3.227539
2.705078
2.163086
1.616211
1.113281
0.678711
0.332031
0.000000
-0.195312
-0.283203
-0.268555
-0.122070
0.092773
0.424805
0.815430
1.284180
1.801758
2.329102
2.880859
3.383789
3.842773
4.282227
4.638672
4.848633
5.029297
5.053711
5.019531
4.853516
4.580078
4.272461
3.803711
3.334961
2.802734
2.265625
1.728516
1.230469
0.805664
0.424805
0.117188
-0.087891
-0.239258
-0.297852
-0.131836
0.063477
0.327148
0.732422
1.176758
1.655273
2.207031
2.753906
3.256836
3.784180
4.189453
4.589844
4.824219
5.029297
5.112305
5.063477
4.921875
4.638672
4.360352
3.950195
3.500977
3.007812
2.392578
1.884766
1.328125
0.893555
0.507812
0.151367
-0.126953
-0.253906
-0.268555
-0.180664
-0.063477
0.249023
0.610352
1.030273
1.538086
2.055664
2.622070
3.178711
3.652344
4.091797
4.492188
4.790039
5.014648
5.107422
5.092773
4.985352
4.750977
4.453125
4.086914
3.623047
3.100586
2.553711
2.006836
1.518555
1.025391
0.571289
0.258789
-0.063477
-0.205078
-0.268555
-0.205078
-0.102539
0.161133
0.541992
0.922852
1.459961
1.933594
2.495117
3.022461
3.530273
3.974609
4.414062
4.716797
4.985352
5.092773
5.117188
5.048828
4.838867
4.565430
4.233398
3.769531
3.242188
2.719727
2.192383
1.650391
1.132812
0.688477
0.351562
0.063477
-0.166016
-0.263672
-0.278320
-0.136719
0.117188
0.419922
0.800781
1.293945
1.791992
2.290039
2.856445
3.364258
3.823242
4.282227
4.643555
4.887695
5.019531
5.097656
4.990234
4.882812
4.614258
4.277344
3.842773
3.354492
2.812500
2.304688
1.772461
1.230469
0.776367
0.395508
0.083008
-0.141602
-0.253906
-0.292969
-0.136719
0.068359
0.341797
0.703125
1.157227
1.660156
2.236328
2.768555
3.271484
3.745117
4.199219
4.604492
4.809570
5.073242
5.102539
5.107422
4.951172
4.716797
4.331055
3.920898
3.461914
3.046875
2.441406
1.909180
1.376953
0.883789
0.512695
0.190430
-0.107422
-0.214844
-0.253906
-0.161133
-0.004883
0.253906
0.649414
1.079102
1.606445
2.109375
2.626953
3.164062
3.696289
4.169922
4.501953
4.858398
5.014648
5.136719
5.112305
5.014648
4.750977
4.487305
4.077148
3.632812
3.178711
2.622070
2.060547
1.547852
1.040039
0.620117
0.239258
-0.019531
-0.195312
-0.244141
-0.205078
-0.097656
0.151367
0.546875
0.952148
1.406250
1.914062
2.465820
3.037109
3.544922
4.038086
4.394531
4.731445
4.956055
5.063477
5.112305
5.014648
4.838867
4.555664
4.150391
3.701172
3.242188
2.695312
2.133789
1.640625
1.123047
0.649414
0.302734
-0.039062
-0.200195
-0.278320
-0.253906
-0.161133
0.073242
0.415039
0.830078
1.254883
1.767578
2.294922
2.856445
3.354492
3.828125
4.282227
4.560547
4.843750
5.009766
5.058594
5.019531
4.858398
4.614258
4.277344
3.813477
3.359375
2.802734
2.324219
1.743164
1.254883
0.800781
0.371094
0.097656
-0.141602
-0.273438
-0.278320
-0.190430
0.039062
0.322266
0.712891
1.127930
1.640625
2.192383
2.753906
3.242188
3.735352
4.189453
4.580078
4.833984
5.000000
5.078125
5.048828
4.951172
4.697266
4.370117
3.925781
3.457031
2.934570
2.402344
1.870117
1.391602
0.893555
0.478516
0.122070
-0.112305
-0.234375
-0.268555
-0.190430
-0.039062
0.229492
0.610352
1.049805
1.567383
2.060547
2.592773
3.188477
3.686523
4.150391
4.531250
4.746094
5.019531
5.083008
5.126953
4.975586
4.770508
4.448242
4.033203
3.618164
3.110352
2.583008
2.021484
1.494141
1.025391
0.590820
0.244141
-0.039062
-0.224609
-0.258789
-0.200195
-0.083008
0.195312
0.537109
0.952148
1.401367
1.904297
2.460938
3.032227
3.535156
4.003906
4.375000
4.736328
4.936523
5.097656
5.131836
5.039062
4.829102
4.550781
4.204102
3.715820
3.276367
2.739258
2.182617
1.630859
1.123047
0.693359
0.361328
0.053711
-0.205078
-0.253906
-0.288086
-0.136719
0.092773
0.439453
0.834961
1.274414
1.782227
2.309570
2.836914
3.393555
3.828125
4.296875
4.624023
4.897461
5.048828
5.131836
5.043945
4.858398
4.575195
4.248047
3.823242
3.339844
2.827148
2.290039
1.752930
1.230469
0.751953
0.390625
0.102539
-0.131836
-0.268555
-0.268555
-0.156250
0.048828
0.346680
0.732422
1.157227
1.660156
2.202148
2.729492
3.256836
3.754883
4.194336
4.536133
4.853516
5.000000
5.112305
5.058594
4.951172
4.697266
4.340820
3.935547
3.461914
3.002930
2.421875
1.894531
1.352539
0.908203
0.502930
0.185547
-0.078125
-0.200195
-0.263672
-0.209961
-0.009766
0.278320
0.639648
1.083984
1.577148
2.133789
2.670898
3.159180
3.652344
4.106445
4.497070
4.819336
5.053711
5.117188
5.126953
5.000000
4.765625
4.487305
4.047852
3.676758
3.139648
2.583008
2.060547
1.528320
1.054688
0.659180
0.263672
-0.029297
-0.175781
-0.258789
-0.219727
-0.043945
0.195312
0.527344
0.922852
1.420898
1.914062
2.480469
3.041992
3.549805
3.994141
4.375000
4.716797
4.975586
5.073242
5.083008
5.019531
4.858398
4.580078
4.174805
3.681641
3.198242
2.695312
2.153320
1.650391
1.132812
0.668945
0.268555
0.019531
-0.156250
-0.283203
-0.253906
-0.156250
0.058594
0.449219
0.815430
1.308594
1.757812
2.304688
2.871094
3.383789
3.857422
4.296875
4.638672
4.892578
5.029297
5.092773
5.024414
4.853516
4.584961
4.218750
3.823242
3.315430
2.817383
2.265625
1.748047
1.235352
0.786133
0.375977
0.097656
-0.131836
-0.258789
-0.253906
-0.166016
0.039062
0.312500
0.698242
1.152344
1.655273
2.192383
2.724609
3.242188
3.754883
4.160156
4.565430
4.877930
5.019531
5.063477
5.048828
4.960938
4.687500
4.394531
3.935547
3.466797
2.958984
2.485352
1.909180
1.386719
0.854492
0.478516
0.156250
-0.048828
-0.229492
-0.268555
-0.244141
-0.048828
0.258789
0.659180
1.035156
1.542969
2.050781
2.592773
3.139648
3.686523
4.121094
4.516602
4.775391
5.019531
5.087891
5.112305
5.029297
4.780273
4.453125
4.047852
3.642578
3.110352
2.548828
2.031250
1.523438
1.015625
0.571289
0.239258
-0.048828
-0.200195
-0.263672
-0.209961
-0.058594
0.161133
0.517578
0.942383
1.430664
1.928711
2.436523
3.022461
3.540039
3.994141
4.399414
4.687500
4.951172
5.112305
5.156250
5.034180
4.799805
4.536133
4.174805
3.750000
3.251953
2.724609
2.177734
1.650391
1.152344
0.698242
0.288086
0.014648
-0.122070
-0.273438
-0.268555
-0.151367
0.078125
0.439453
0.825195
1.284180
1.757812
2.265625
2.856445
3.393555
3.847656
4.291992
4.584961
4.843750
5.004883
5.083008
5.048828
4.863281
4.619141
4.228516
3.808594
3.339844
2.861328
2.290039
1.782227
1.250000
0.776367
0.400391
0.102539
-0.141602
-0.268555
-0.288086
-0.161133
0.073242
0.351562
0.703125
1.166992
1.660156
2.192383
2.768555
3.256836
3.798828
4.213867
4.599609
4.868164
5.004883
5.122070
5.053711
4.970703
4.667969
4.326172
3.959961
3.500977
2.978516
2.412109
1.889648
1.362305
0.898438
0.502930
0.200195
-0.092773
-0.200195
-0.278320
-0.200195
0.009766
0.312500
0.625000
1.059570
1.538086
2.109375
2.675781
3.198242
3.696289
4.150391
4.516602
4.809570
5.078125
5.136719
5.146484
5.009766
4.760742
4.438477
4.111328
3.647461
3.178711
2.626953
2.050781
1.513672
1.049805
0.581055
0.234375
-0.029297
-0.146484
-0.234375
-0.175781
-0.034180
0.214844
0.532227
0.937500
1.416016
1.948242
2.485352
3.027344
