2.104492
1.567383
1.074219
0.620117
0.244141
-0.029297
-0.209961
-0.292969
-0.283203
-0.126953
0.122070
0.444336
0.854492
1.333008
1.855469
2.358398
2.919922
3.496094
3.896484
4.321289
4.667969
4.926758
5.043945
5.122070
5.039062
4.887695
4.624023
4.199219
3.784180
3.310547
2.763672
2.226562
1.674805
1.225586
0.756836
0.356445
0.039062
-0.190430
-0.278320
-0.229492
-0.136719
0.063477
0.346680
0.761719
1.235352
1.704102
2.250977
2.788086
3.315430
3.779297
4.252930
4.570312
4.858398
5.039062
5.122070
5.039062
4.882812
4.663086
4.316406
3.945312
3.471680
2.929688
2.382812
1.796875
1.347656
0.864258
0.473633
0.170898
-0.092773
-0.239258
-0.288086
-0.190430
0.029297
0.278320
0.678711
1.098633
1.572266
2.099609
2.666016
3.217773
3.671875
4.106445
4.521484
4.794922
5.019531
5.117188
5.078125
4.975586
4.750977
4.428711
4.033203
3.554688
3.051758
2.529297
1.987305
1.469727
0.976562
0.537109
0.229492
-0.068359
-0.209961
-0.292969
-0.249023
-0.039062
0.219727
0.561523
0.981445
1.445312
2.021484
2.543945
3.056641
3.564453
4.003906
4.414062
4.702148
4.916992
5.058594
5.063477
5.014648
4.814453
4.511719
4.130859
3.676758
3.183594
2.656250
2.045898
1.533203
1.069336
0.629883
0.268555
-0.019531
-0.214844
-0.258789
-0.249023
-0.087891
0.107422
0.454102
0.849609
1.328125
1.821289
2.387695
2.934570
3.491211
3.881836
4.321289
4.663086
4.912109
5.053711
5.117188
5.019531
4.892578
4.584961
4.248047
3.813477
3.315430
2.817383
2.236328
1.723633
1.220703
0.771484
0.380859
0.029297
-0.166016
-0.268555
-0.258789
-0.156250
0.087891
0.356445
0.795898
1.186523
1.723633
2.250977
2.836914
3.305664
3.833008
4.208984
4.594727
4.931641
5.097656
5.161133
5.087891
4.907227
4.682617
4.321289
3.945312
3.500977
2.998047
2.441406
1.894531
1.406250
0.903320
0.488281
0.136719
-0.063477
-0.209961
-0.209961
-0.166016
0.034180
0.283203
0.688477
1.137695
1.640625
2.153320
2.680664
3.198242
3.696289
4.116211
4.521484
4.809570
5.024414
5.083008
5.087891
4.985352
4.760742
4.428711
4.042969
3.588867
3.081055
2.548828
2.016602
1.430664
0.996094
0.566406
0.205078
-0.039062
-0.209961
-0.283203
-0.175781
-0.063477
0.180664
0.566406
0.991211
1.450195
1.958008
2.539062
3.061523
3.603516
4.023438
4.433594
4.721680
4.936523
5.078125
5.073242
5.019531
4.809570
4.497070
4.101562
3.671875
3.193359
2.636719
2.114258
1.547852
1.059570
0.668945
0.273438
-0.009766
-0.214844
-0.317383
-0.263672
-0.117188
0.117188
0.468750
0.805664
1.308594
1.879883
2.368164
2.939453
3.422852
3.906250
4.350586
4.667969
4.936523
5.043945
5.117188
5.039062
4.877930
4.584961
4.233398
3.803711
3.286133
2.792969
2.236328
1.708984
1.206055
0.756836
0.351562
0.058594
-0.141602
-0.302734
-0.288086
-0.180664
0.058594
0.390625
0.776367
1.176758
1.699219
2.231445
2.797852
3.271484
3.793945
4.267578
4.609375
4.838867
5.014648
5.092773
5.068359
4.931641
4.667969
4.316406
3.925781
3.442383
2.900391
2.402344
1.894531
1.352539
0.874023
0.478516
0.117188
-0.117188
-0.239258
-0.253906
-0.185547
0.019531
0.283203
0.639648
1.108398
1.586914
2.119141
2.626953
3.217773
3.696289
4.116211
4.506836
4.819336
5.034180
5.083008
5.122070
4.965820
4.736328
4.428711
4.008789
3.549805
3.081055
2.500000
1.987305
1.464844
0.976562
0.585938
0.190430
-0.043945
-0.214844
-0.258789
-0.249023
-0.024414
0.249023
0.576172
0.976562
1.474609
2.011719
2.534180
3.100586
3.535156
4.028320
4.399414
4.721680
4.936523
5.034180
5.048828
4.956055
4.765625
4.467773
4.106445
3.632812
3.154297
2.636719
2.094727
1.572266
1.069336
0.620117
0.244141
-0.034180
-0.200195
-0.288086
-0.253906
-0.117188
0.117188
0.444336
0.888672
1.342773
1.875000
2.368164
2.924805
3.442383
3.916016
4.331055
4.663086
4.916992
5.073242
5.117188
5.063477
4.863281
4.643555
4.243164
3.808594
3.320312
2.783203
2.255859
1.665039
1.176758
0.722656
0.341797
0.083008
-0.122070
-0.283203
-0.273438
-0.190430
0.097656
0.366211
0.761719
1.240234
1.689453
2.260742
2.788086
3.310547
3.828125
4.238281
4.599609
4.882812
5.053711
5.131836
5.122070
4.941406
4.697266
4.375000
3.955078
3.471680
2.924805
2.407227
1.865234
1.386719
0.913086
0.493164
0.161133
-0.092773
-0.185547
-0.249023
-0.126953
0.058594
0.336914
0.722656
1.123047
1.606445
2.158203
2.685547
3.222656
3.696289
4.179688
4.501953
4.824219
5.019531
5.097656
5.078125
4.941406
4.746094
4.458008
4.042969
3.574219
3.066406
2.524414
1.987305
1.469727
0.981445
0.522461
0.214844
-0.063477
-0.190430
-0.244141
-0.214844
-0.063477
0.205078
0.566406
0.981445
1.469727
1.972656
2.500000
3.027344
3.554688
4.038086
4.375000
4.750977
4.975586
5.073242
5.097656
4.980469
4.799805
4.497070
4.121094
3.662109
3.154297
2.636719
2.070312
1.552734
1.049805
0.644531
0.302734
-0.014648
-0.190430
-0.292969
-0.273438
-0.136719
0.097656
0.454102
0.859375
1.342773
1.816406
2.382812
2.929688
3.437500
3.950195
4.321289
4.653320
4.897461
5.058594
5.097656
5.034180
4.858398
4.589844
4.233398
3.784180
3.325195
2.778320
2.260742
1.733398
1.210938
0.756836
0.356445
0.048828
-0.126953
-0.273438
-0.234375
-0.126953
0.039062
0.375977
0.795898
1.240234
1.699219
2.236328
2.797852
3.330078
3.813477
4.238281
4.560547
4.824219
5.058594
5.078125
5.078125
4.941406
4.648438
4.296875
3.959961
3.471680
2.968750
2.382812
1.850586
1.328125
0.878906
0.483398
0.166016
-0.092773
-0.258789
-0.263672
-0.214844
0.004883
0.292969
0.644531
1.093750
1.586914
2.114258
2.675781
3.178711
3.666992
4.116211
4.482422
4.824219
4.995117
5.087891
5.092773
4.960938
4.765625
4.414062
4.013672
3.569336
3.041992
2.534180
1.982422
1.469727
0.947266
0.537109
0.195312
-0.053711
-0.200195
-0.239258
-0.190430
-0.048828
0.234375
0.566406
0.996094
1.489258
2.045898
2.558594
3.056641
3.525391
4.038086
4.418945
4.711914
4.921875
5.029297
5.058594
4.985352
4.775391
4.482422
4.096680
3.671875
3.168945
2.666016
2.080078
1.547852
1.079102
0.629883
0.292969
-0.048828
-0.214844
-0.302734
-0.268555
-0.117188
0.112305
0.449219
0.869141
1.328125
1.845703
2.353516
2.934570
3.452148
3.916016
4.360352
4.658203
4.897461
5.053711
5.107422
5.053711
4.882812
4.580078
4.223633
3.798828
3.315430
2.778320
2.270508
1.718750
1.225586
0.742188
0.371094
0.024414
-0.156250
-0.253906
-0.278320
-0.131836
0.058594
0.332031
0.781250
1.225586
1.738281
2.241211
2.807617
3.364258
3.779297
4.257812
4.609375
4.877930
5.053711
5.131836
5.136719
4.946289
4.702148
4.370117
3.940430
3.461914
2.954102
2.392578
1.840820
1.347656
0.927734
0.522461
0.166016
-0.107422
-0.239258
-0.283203
-0.161133
0.019531
0.288086
0.639648
1.064453
1.606445
2.148438
2.700195
3.232422
3.706055
4.150391
4.541016
4.790039
5.000000
5.126953
5.073242
4.970703
4.755859
4.448242
4.052734
3.583984
3.076172
2.519531
2.001953
1.489258
0.991211
0.551758
0.180664
-0.053711
-0.200195
-0.249023
-0.205078
-0.063477
0.229492
0.537109
0.986328
1.479492
1.962891
2.543945
3.046875
3.535156
4.047852
4.379883
4.765625
4.980469
5.063477
5.087891
4.990234
4.794922
4.482422
4.111328
3.676758
3.144531
2.651367
2.119141
1.542969
1.079102
0.639648
0.292969
-0.019531
-0.209961
-0.288086
-0.249023
-0.122070
0.131836
0.429688
0.859375
1.308594
1.879883
2.392578
2.929688
3.452148
3.955078
4.375000
4.663086
4.951172
5.053711
5.112305
5.014648
4.858398
4.580078
4.218750
3.813477
3.300781
2.783203
2.231445
1.689453
1.201172
0.717773
0.346680
0.043945
-0.146484
-0.253906
-0.288086
-0.141602
0.043945
0.336914
0.766602
1.225586
1.699219
2.231445
2.773438
3.320312
3.789062
4.257812
4.584961
4.814453
5.004883
5.126953
5.058594
4.902344
4.667969
4.316406
3.964844
3.496094
2.963867
2.373047
1.884766
1.313477
0.888672
0.463867
0.122070
-0.112305
-0.219727
-0.263672
-0.185547
-0.004883
0.292969
0.688477
1.074219
1.606445
2.075195
2.661133
3.178711
3.681641
4.135742
4.501953
4.824219
5.014648
5.126953
5.058594
4.946289
4.741211
4.428711
4.013672
3.579102
3.066406
2.495117
1.987305
1.440430
0.976562
0.556641
0.200195
-0.043945
-0.180664
-0.258789
-0.190430
-0.048828
0.214844
0.585938
1.000977
1.450195
2.050781
2.543945
3.041992
3.593750
4.013672
4.384766
4.741211
4.936523
5.063477
5.097656
4.946289
4.794922
4.492188
4.096680
3.666992
3.178711
2.626953
2.080078
1.582031
1.044922
0.644531
0.283203
0.000000
-0.200195
-0.283203
-0.258789
-0.097656
0.126953
0.415039
0.854492
1.313477
1.875000
2.407227
2.905273
3.452148
3.916016
4.335938
4.667969
4.912109
5.063477
5.083008
5.024414
4.863281
4.580078
4.282227
3.808594
3.334961
2.763672
2.241211
1.713867
1.201172
0.742188
0.375977
0.019531
-0.146484
-0.302734
-0.263672
-0.117188
0.073242
0.390625
0.747070
1.215820
1.708984
2.241211
2.802734
3.344727
3.867188
4.238281
4.609375
4.912109
5.073242
5.170898
5.122070
4.956055
4.672852
4.345703
3.959961
3.491211
2.944336
2.377930
1.875000
1.411133
0.932617
0.498047
0.146484
-0.087891
-0.205078
-0.224609
-0.185547
0.014648
0.273438
0.698242
1.171875
1.606445
2.138672
2.666016
3.222656
3.701172
4.174805
4.545898
4.814453
5.004883
5.126953
5.083008
4.951172
4.741211
4.458008
4.038086
3.559570
3.046875
2.519531
1.982422
1.445312
0.952148
0.527344
0.234375
-0.048828
-0.195312
-0.249023
-0.234375
-0.097656
0.205078
0.576172
0.991211
1.499023
1.958008
2.539062
3.076172
3.593750
4.067383
4.404297
4.731445
4.946289
5.058594
5.161133
4.980469
4.799805
4.526367
4.125977
3.701172
3.188477
2.641602
2.094727
1.572266
1.108398
0.610352
0.268555
-0.029297
-0.209961
-0.273438
-0.234375
-0.122070
0.083008
0.449219
0.849609
1.352539
1.850586
2.377930
2.934570
3.452148
3.925781
4.340820
4.638672
4.916992
5.068359
5.107422
5.058594
4.868164
4.589844
4.248047
3.813477
3.325195
2.773438
2.221680
1.723633
1.235352
0.727539
0.356445
0.043945
-0.185547
-0.258789
-0.239258
-0.156250
0.058594
0.375977
0.742188
1.230469
1.728516
2.231445
2.758789
3.334961
3.823242
4.233398
4.584961
4.799805
5.000000
5.161133
5.092773
4.902344
4.633789
4.340820
3.945312
3.481445
2.939453
2.421875
1.875000
1.386719
0.874023
0.454102
0.136719
-0.117188
-0.219727
-0.292969
-0.185547
0.019531
0.283203
0.644531
1.088867
1.586914
2.124023
2.641602
3.164062
3.691406
4.140625
4.492188
4.824219
5.014648
5.092773
5.063477
4.990234
4.726562
4.404297
4.038086
3.583984
3.056641
2.514648
1.977539
1.430664
0.996094
0.532227
0.209961
-0.048828
-0.219727
-0.278320
-0.205078
-0.034180
0.224609
0.571289
0.966797
1.469727
2.026367
2.553711
3.081055
3.574219
4.033203
4.418945
4.726562
4.970703
5.073242
5.058594
4.980469
4.775391
4.477539
4.121094
3.681641
3.178711
2.631836
2.128906
1.577148
1.118164
0.639648
0.249023
0.004883
-0.195312
-0.273438
-0.185547
-0.112305
0.112305
0.424805
0.810547
1.357422
1.879883
2.402344
2.934570
3.422852
3.891602
4.331055
4.672852
4.921875
5.053711
5.092773
5.034180
4.853516
4.584961
4.257812
3.808594
3.315430
2.753906
2.250977
1.728516
1.206055
0.756836
0.361328
0.073242
-0.170898
-0.278320
-0.229492
-0.122070
0.063477
0.366211
0.737305
1.215820
1.777344
2.250977
2.792969
3.339844
3.803711
4.252930
4.643555
4.926758
5.073242
5.107422
5.092773
4.946289
4.716797
4.340820
3.935547
3.457031
2.910156
2.416992
1.875000
1.367188
0.874023
0.449219
0.126953
-0.073242
-0.239258
-0.200195
-0.185547
0.019531
0.317383
0.722656
1.157227
1.625977
2.172852
2.705078
3.251953
3.720703
4.179688
4.555664
4.843750
5.039062
5.117188
5.097656
4.980469
4.746094
4.428711
4.082031
3.574219
3.066406
2.543945
1.987305
1.464844
0.942383
0.507812
0.214844
-0.009766
-0.200195
-0.278320
-0.195312
-0.083008
0.249023
0.605469
0.991211
1.469727
1.962891
2.524414
3.085938
3.574219
4.018555
4.433594
4.736328
4.985352
5.083008
5.097656
4.985352
4.775391
4.506836
4.111328
3.701172
3.159180
2.636719
2.104492
1.562500
1.118164
0.659180
0.302734
-0.009766
-0.200195
-0.283203
-0.278320
-0.126953
0.141602
0.439453
0.878906
1.308594
1.860352
2.431641
2.934570
3.466797
3.891602
4.345703
4.692383
4.912109
5.068359
5.122070
5.024414
4.882812
4.604492
4.252930
3.793945
3.325195
2.792969
2.231445
1.679688
1.152344
0.727539
0.346680
0.078125
-0.131836
-0.258789
-0.283203
-0.156250
0.043945
0.366211
0.737305
1.201172
1.733398
2.246094
2.788086
3.364258
3.784180
4.243164
4.560547
4.868164
5.053711
5.136719
5.068359
4.907227
4.658203
4.355469
3.964844
3.413086
2.905273
2.358398
1.875000
1.328125
0.893555
0.468750
0.131836
-0.122070
-0.258789
-0.268555
-0.205078
-0.009766
0.288086
0.673828
1.103516
1.577148
2.119141
2.666016
3.183594
3.706055
4.121094
4.521484
4.814453
5.019531
5.112305
5.107422
4.970703
4.750977
4.458008
4.038086
3.569336
3.032227
2.539062
1.967773
1.479492
0.991211
0.581055
0.200195
-0.058594
-0.205078
-0.239258
-0.175781
-0.048828
0.209961
0.576172
1.005859
1.469727
2.001953
2.534180
3.032227
3.559570
4.028320
4.414062
4.746094
4.936523
5.058594
5.078125
4.965820
4.785156
4.511719
4.121094
3.686523
3.193359
2.646484
2.114258
1.557617
1.069336
0.634766
0.278320
-0.014648
-0.190430
-0.273438
-0.253906
-0.102539
0.097656
0.463867
0.849609
1.328125
1.845703
2.368164
2.924805
3.442383
3.911133
4.335938
4.663086
4.892578
5.053711
5.117188
5.053711
4.853516
4.594727
4.218750
3.818359
3.339844
2.763672
2.255859
1.679688
1.166992
0.791016
0.385742
0.004883
-0.141602
-0.288086
-0.263672
-0.112305
0.043945
0.400391
0.742188
1.215820
1.723633
2.255859
2.807617
3.295898
3.803711
4.248047
4.589844
4.873047
5.073242
5.122070
5.131836
4.970703
4.667969
4.355469
3.916016
3.461914
2.944336
2.431641
1.884766
1.376953
0.903320
0.512695
0.141602
-0.078125
-0.195312
-0.258789
-0.156250
-0.014648
0.288086
0.693359
1.152344
1.660156
2.133789
2.705078
3.203125
3.730469
4.160156
4.482422
4.814453
4.990234
5.126953
5.078125
4.956055
4.765625
4.433594
4.028320
3.569336
3.085938
2.563477
1.987305
1.440430
0.952148
0.590820
0.209961
-0.043945
-0.214844
-0.253906
-0.205078
-0.043945
0.224609
0.532227
0.961914
1.464844
1.982422
2.500000
3.076172
3.569336
4.018555
4.409180
4.750977
4.980469
5.097656
5.063477
4.985352
4.770508
4.516602
4.125977
3.657227
3.188477
2.666016
2.119141
1.586914
1.059570
0.629883
0.253906
-0.034180
-0.200195
-0.307617
-0.312500
-0.141602
0.117188
0.449219
0.849609
1.328125
1.845703
2.402344
2.915039
3.452148
3.911133
4.355469
4.658203
4.907227
5.097656
5.097656
5.039062
4.897461
4.575195
4.243164
3.789062
3.320312
2.783203
2.221680
1.694336
1.191406
0.781250
0.380859
0.053711
-0.166016
-0.283203
-0.297852
-0.151367
0.053711
0.356445
0.761719
1.215820
1.738281
2.255859
2.788086
3.295898
3.808594
4.194336
4.619141
4.887695
5.039062
5.078125
5.048828
4.892578
4.663086
4.350586
3.994141
3.481445
2.944336
2.363281
1.840820
1.323242
0.908203
0.483398
0.131836
-0.107422
-0.249023
-0.283203
-0.200195
-0.019531
0.288086
0.644531
1.059570
1.572266
2.109375
2.641602
3.198242
3.696289
4.145508
4.516602
4.814453
5.029297
5.112305
5.034180
4.990234
4.746094
4.467773
4.023438
3.574219
3.061523
2.509766
1.992188
1.484375
0.957031
0.551758
0.224609
-0.039062
-0.205078
-0.249023
-0.214844
-0.019531
0.166016
0.566406
0.981445
1.503906
2.001953
2.548828
3.066406
3.549805
4.023438
4.370117
4.711914
4.960938
5.097656
5.073242
4.980469
4.746094
4.531250
4.106445
3.696289
3.164062
2.617188
2.094727
1.572266
1.064453
0.644531
0.268555
-0.024414
-0.190430
-0.292969
-0.258789
-0.092773
0.092773
0.478516
0.844727
1.318359
1.860352
2.392578
2.934570
3.447266
3.920898
4.321289
4.687500
4.912109
5.092773
5.097656
5.058594
4.892578
4.614258
4.248047
3.808594
3.320312
2.797852
2.246094
1.728516
1.201172
0.766602
0.351562
0.083008
-0.141602
-0.283203
-0.253906
-0.126953
0.068359
0.390625
0.786133
1.215820
1.752930
2.265625
2.841797
3.325195
3.818359
4.218750
4.589844
4.892578
5.102539
5.117188
5.117188
4.921875
4.741211
4.350586
3.925781
3.496094
2.924805
2.382812
1.884766
1.396484
0.893555
0.478516
0.117188
-0.097656
-0.219727
-0.205078
-0.131836
0.024414
0.317383
0.649414
1.162109
1.621094
2.172852
2.714844
3.217773
3.706055
4.160156
4.536133
4.804688
5.004883
5.112305
5.073242
4.921875
4.790039
4.443359
4.047852
3.579102
3.066406
2.485352
1.987305
1.459961
0.971680
0.566406
0.205078
-0.024414
-0.175781
-0.283203
-0.185547
-0.068359
0.214844
0.576172
0.986328
1.503906
1.982422
2.558594
3.051758
3.554688
4.047852
4.389648
4.760742
4.951172
5.097656
5.112305
5.004883
4.775391
4.492188
4.125977
3.696289
3.178711
2.641602
2.099609
1.572266
1.088867
0.644531
0.244141
-0.024414
-0.205078
-0.317383
-0.273438
-0.146484
0.117188
0.458984
0.883789
1.328125
1.879883
2.377930
2.919922
3.437500
3.945312
4.301758
4.682617
4.941406
5.043945
5.083008
5.083008
4.853516
4.580078
4.238281
3.808594
3.330078
2.812500
2.260742
1.655273
1.191406
0.761719
0.356445
0.058594
-0.146484
-0.283203
-0.263672
-0.087891
0.087891
0.341797
0.742188
1.230469
1.733398
2.202148
2.797852
3.354492
3.833008
4.243164
4.565430
4.853516
5.063477
5.087891
5.068359
4.912109
4.643555
4.365234
3.925781
3.476562
2.915039
2.373047
1.875000
1.342773
0.893555
0.449219
0.117188
-0.107422
-0.219727
-0.273438
-0.214844
-0.034180
0.297852
0.654297
1.108398
1.621094
2.084961
2.700195
3.212891
3.657227
4.106445
4.526367
4.765625
5.014648
5.078125
5.097656
4.980469
4.755859
4.458008
4.023438
3.549805
3.051758
2.509766
1.997070
1.464844
0.966797
0.571289
0.209961
-0.034180
-0.190430
-0.263672
-0.224609
0.000000
0.224609
0.561523
0.971680
1.518555
2.036133
2.524414
3.056641
3.569336
4.072266
4.409180
4.726562
4.951172
5.039062
5.083008
4.936523
4.755859
4.492188
4.096680
3.662109
3.173828
2.607422
2.094727
1.538086
1.088867
0.620117
0.263672
-0.019531
-0.205078
-0.258789
-0.253906
-0.122070
0.126953
0.449219
0.834961
1.318359
1.835938
2.333984
2.905273
3.461914
3.940430
4.326172
4.672852
4.931641
5.063477
5.136719
5.043945
4.848633
4.599609
4.218750
3.818359
3.330078
2.768555
2.221680
1.748047
1.215820
0.766602
0.346680
0.058594
-0.161133
-0.258789
-0.258789
-0.161133
0.048828
0.361328
0.761719
1.220703
1.728516
2.241211
2.788086
3.320312
3.833008
4.262695
4.648438
4.897461
5.073242
5.122070
5.063477
4.951172
4.721680
4.394531
3.974609
3.491211
3.007812
2.402344
1.889648
1.342773
0.903320
0.522461
0.175781
-0.053711
-0.219727
-0.253906
-0.122070
0.029297
0.317383
0.722656
1.118164
1.635742
2.109375
2.719727
3.222656
3.759766
4.174805
4.526367
4.858398
5.014648
5.107422
5.083008
4.985352
4.775391
4.438477
4.062500
3.603516
3.081055
2.534180
2.026367
1.484375
0.976562
0.585938
0.200195
-0.029297
-0.195312
-0.268555
-0.209961
-0.058594
0.205078
0.585938
0.986328
1.464844
1.977539
2.529297
3.081055
3.598633
4.003906
4.394531
4.711914
5.000000
5.073242
5.083008
5.004883
4.794922
4.511719
4.116211
3.691406
3.168945
2.641602
2.099609
1.552734
1.103516
0.644531
0.283203
-0.019531
-0.214844
-0.273438
-0.288086
-0.126953
0.083008
0.424805
0.859375
1.342773
1.875000
2.412109
2.929688
3.442383
3.916016
4.331055
4.672852
4.912109
5.053711
5.107422
5.043945
4.882812
4.609375
4.213867
3.798828
3.330078
2.758789
2.236328
1.723633
1.225586
0.761719
0.341797
0.039062
-0.161133
-0.258789
-0.263672
-0.141602
0.063477
0.346680
0.786133
1.215820
1.713867
2.197266
2.822266
