2.006836
1.489258
0.957031
0.571289
0.200195
-0.053711
-0.224609
-0.263672
-0.214844
-0.078125
0.175781
0.527344
0.986328
1.455078
1.982422
2.485352
3.022461
3.505859
3.974609
4.458008
4.746094
4.946289
5.078125
5.073242
5.014648
4.863281
4.531250
4.174805
3.720703
3.251953
2.675781
2.133789
1.596680
1.127930
0.703125
0.302734
0.000000
-0.190430
-0.297852
-0.253906
-0.078125
0.146484
0.385742
0.839844
1.284180
1.845703
2.363281
2.880859
3.427734
3.901367
4.331055
4.677734
4.873047
5.073242
5.107422
5.058594
4.882812
4.609375
4.248047
3.823242
3.325195
2.827148
2.285156
1.743164
1.230469
0.800781
0.410156
0.073242
-0.141602
-0.224609
-0.219727
-0.131836
0.058594
0.390625
0.771484
1.206055
1.679688
2.270508
2.788086
3.281250
3.759766
4.189453
4.541016
4.804688
5.014648
5.122070
5.048828
4.902344
4.667969
4.335938
3.916016
3.476562
2.910156
2.392578
1.855469
1.342773
0.903320
0.454102
0.122070
-0.107422
-0.239258
-0.273438
-0.195312
-0.024414
0.268555
0.634766
1.079102
1.577148
2.089844
2.651367
3.178711
3.666992
4.121094
4.501953
4.824219
5.004883
5.146484
5.083008
4.975586
4.731445
4.409180
4.072266
3.588867
3.076172
2.553711
2.036133
1.464844
0.986328
0.595703
0.229492
-0.053711
-0.229492
-0.244141
-0.224609
-0.024414
0.209961
0.527344
0.981445
1.494141
1.997070
2.529297
3.076172
3.583984
4.033203
4.472656
4.731445
4.975586
5.156250
5.151367
5.048828
4.887695
4.594727
4.184570
3.715820
3.217773
2.744141
2.172852
1.665039
1.118164
0.722656
0.371094
0.014648
-0.190430
-0.263672
-0.190430
-0.068359
0.175781
0.478516
0.869141
1.391602
1.850586
2.402344
2.910156
3.457031
3.930664
4.355469
4.677734
4.902344
5.043945
5.107422
5.053711
4.907227
4.638672
4.296875
3.847656
3.374023
2.797852
2.260742
1.713867
1.245117
0.756836
0.400391
0.078125
-0.136719
-0.258789
-0.249023
-0.146484
0.073242
0.361328
0.805664
1.196289
1.699219
2.231445
2.734375
3.325195
3.828125
4.189453
4.580078
4.853516
5.024414
5.112305
5.048828
4.912109
4.648438
4.345703
3.945312
3.461914
2.949219
2.373047
1.855469
1.357422
0.825195
0.429688
0.107422
-0.136719
-0.258789
-0.302734
-0.185547
-0.024414
0.263672
0.644531
1.054688
1.582031
2.104492
2.656250
3.173828
3.671875
4.140625
4.497070
4.814453
5.000000
5.097656
5.117188
4.980469
4.750977
4.438477
4.042969
3.598633
3.076172
2.592773
2.006836
1.469727
0.981445
0.527344
0.229492
-0.043945
-0.234375
-0.288086
-0.205078
-0.073242
0.175781
0.541992
0.981445
1.416016
1.958008
2.485352
3.046875
3.540039
3.999023
4.423828
4.755859
4.956055
5.048828
5.131836
5.039062
4.829102
4.536133
4.189453
3.774414
3.266602
2.705078
2.143555
1.621094
1.137695
0.688477
0.341797
0.034180
-0.200195
-0.263672
-0.219727
-0.102539
0.107422
0.468750
0.869141
1.303711
1.826172
2.387695
2.919922
3.432617
3.940430
4.326172
4.643555
4.921875
5.078125
5.136719
5.063477
4.877930
4.624023
4.277344
3.862305
3.344727
2.827148
2.290039
1.767578
1.269531
0.786133
0.390625
0.092773
-0.112305
-0.229492
-0.244141
-0.117188
0.078125
0.380859
0.776367
1.235352
1.723633
2.231445
2.773438
3.286133
3.764648
4.199219
4.536133
4.814453
4.990234
5.083008
5.034180
4.897461
4.663086
4.316406
3.935547
3.452148
2.919922
2.397461
1.840820
1.362305
0.883789
0.458984
0.092773
-0.107422
-0.239258
-0.244141
-0.185547
0.000000
0.268555
0.664062
1.093750
1.577148
2.084961
2.631836
3.159180
3.657227
4.116211
4.501953
4.799805
4.995117
5.097656
5.097656
5.000000
4.765625
4.458008
4.038086
3.623047
3.085938
2.568359
2.001953
1.469727
0.981445
0.551758
0.214844
-0.004883
-0.190430
-0.258789
-0.205078
-0.043945
0.175781
0.556641
0.986328
1.464844
1.967773
2.509766
3.051758
3.593750
4.018555
4.443359
4.765625
4.965820
5.092773
5.136719
5.068359
4.853516
4.550781
4.174805
3.710938
3.256836
2.758789
2.231445
1.660156
1.166992
0.722656
0.356445
0.053711
-0.180664
-0.195312
-0.175781
-0.019531
0.151367
0.483398
0.869141
1.381836
1.870117
2.402344
2.924805
3.442383
3.920898
4.340820
4.663086
4.921875
5.048828
5.126953
5.063477
4.902344
4.633789
4.267578
3.867188
3.354492
2.841797
2.280273
1.752930
1.250000
0.761719
0.371094
0.053711
-0.131836
-0.200195
-0.273438
-0.156250
0.102539
0.336914
0.747070
1.206055
1.684570
2.207031
2.788086
3.300781
3.764648
4.233398
4.565430
4.877930
5.004883
5.083008
5.048828
4.941406
4.692383
4.350586
3.911133
3.432617
2.919922
2.377930
1.845703
1.328125
0.869141
0.454102
0.126953
-0.126953
-0.244141
-0.302734
-0.229492
-0.029297
0.258789
0.605469
1.098633
1.577148
2.124023
2.641602
3.188477
3.691406
4.111328
4.516602
4.829102
4.990234
5.083008
5.092773
4.965820
4.775391
4.458008
4.023438
3.603516
3.090820
2.534180
2.011719
1.494141
0.981445
0.561523
0.205078
-0.083008
-0.195312
-0.239258
-0.214844
-0.087891
0.170898
0.541992
0.996094
1.435547
1.982422
2.485352
3.007812
3.520508
3.999023
4.433594
4.775391
4.960938
5.078125
5.083008
5.073242
4.809570
4.536133
4.184570
3.725586
3.261719
2.700195
2.138672
1.669922
1.127930
0.703125
0.312500
0.014648
-0.180664
-0.283203
-0.224609
-0.117188
0.122070
0.405273
0.834961
1.323242
1.831055
2.343750
2.910156
3.457031
3.940430
4.311523
4.687500
4.902344
5.048828
5.131836
5.078125
4.892578
4.604492
4.262695
3.828125
3.354492
2.832031
2.260742
1.757812
1.259766
0.776367
0.395508
0.102539
-0.141602
-0.253906
-0.214844
-0.151367
0.087891
0.380859
0.751953
1.220703
1.713867
2.265625
2.788086
3.286133
3.784180
4.208984
4.589844
4.843750
4.990234
5.043945
5.000000
4.892578
4.663086
4.360352
3.901367
3.442383
2.910156
2.382812
1.855469
1.333008
0.859375
0.463867
0.102539
-0.092773
-0.229492
-0.249023
-0.209961
-0.024414
0.258789
0.644531
1.074219
1.562500
2.060547
2.661133
3.144531
3.671875
4.145508
4.506836
4.809570
5.004883
5.107422
5.087891
4.995117
4.750977
4.448242
4.042969
3.593750
3.081055
2.534180
1.977539
1.474609
0.991211
0.576172
0.209961
-0.078125
-0.214844
-0.258789
-0.239258
-0.053711
0.190430
0.585938
0.961914
1.440430
1.972656
2.534180
3.076172
3.574219
4.028320
4.438477
4.750977
4.965820
5.131836
5.175781
5.073242
4.907227
4.565430
4.155273
3.725586
3.261719
2.719727
2.192383
1.645508
1.171875
0.698242
0.346680
0.034180
-0.161133
-0.214844
-0.190430
-0.083008
0.175781
0.522461
0.898438
1.347656
1.894531
2.402344
2.963867
3.466797
3.959961
4.355469
4.672852
4.897461
5.034180
5.112305
5.034180
4.863281
4.628906
4.272461
3.828125
3.374023
2.841797
2.314453
1.767578
1.274414
0.776367
0.390625
0.092773
-0.097656
-0.200195
-0.244141
-0.112305
0.048828
0.400391
0.756836
1.191406
1.743164
2.216797
2.778320
3.286133
3.764648
4.213867
4.638672
4.873047
5.039062
5.087891
5.058594
4.897461
4.677734
4.360352
3.916016
3.427734
2.929688
2.382812
1.870117
1.362305
0.849609
0.449219
0.126953
-0.087891
-0.244141
-0.332031
-0.219727
-0.024414
0.288086
0.649414
1.083984
1.567383
2.099609
2.651367
3.183594
3.671875
4.106445
4.492188
4.824219
4.995117
5.112305
5.087891
4.970703
4.775391
4.462891
4.052734
3.618164
3.046875
2.534180
1.992188
1.508789
0.971680
0.527344
0.219727
-0.048828
-0.219727
-0.268555
-0.214844
-0.058594
0.190430
0.527344
0.961914
1.450195
1.982422
2.504883
3.046875
3.525391
4.008789
4.418945
4.726562
4.946289
5.043945
5.048828
5.009766
4.848633
4.560547
4.169922
3.740234
3.256836
2.719727
2.158203
1.611328
1.098633
0.693359
0.302734
0.024414
-0.175781
-0.249023
-0.219727
-0.112305
0.126953
0.429688
0.869141
1.303711
1.835938
2.358398
2.885742
3.432617
3.925781
4.345703
4.682617
4.897461
5.083008
5.107422
5.092773
4.853516
4.614258
4.262695
3.813477
3.359375
2.827148
2.294922
1.738281
1.250000
0.776367
0.400391
0.058594
-0.136719
-0.253906
-0.253906
-0.175781
0.048828
0.390625
0.791016
1.206055
1.718750
2.231445
2.783203
3.339844
3.769531
4.218750
4.599609
4.804688
5.014648
5.097656
5.043945
4.916992
4.667969
4.331055
3.930664
3.471680
2.934570
2.407227
1.831055
1.342773
0.839844
0.478516
0.136719
-0.073242
-0.224609
-0.292969
-0.239258
-0.024414
0.263672
0.649414
1.127930
1.547852
2.084961
2.607422
3.183594
3.691406
4.116211
4.497070
4.799805
5.000000
5.102539
5.092773
4.956055
4.785156
4.438477
4.042969
3.608398
3.085938
2.558594
2.001953
1.469727
1.005859
0.556641
0.229492
-0.039062
-0.234375
-0.263672
-0.209961
-0.048828
0.205078
0.522461
0.957031
1.484375
1.992188
2.519531
3.041992
3.569336
4.033203
4.453125
4.775391
4.985352
5.126953
5.161133
5.078125
4.829102
4.575195
4.218750
3.754883
3.271484
2.714844
2.153320
1.621094
1.113281
0.722656
0.336914
0.039062
-0.166016
-0.253906
-0.258789
-0.068359
0.170898
0.517578
0.898438
1.337891
1.894531
2.382812
2.958984
3.432617
3.959961
4.311523
4.672852
4.897461
5.083008
5.092773
5.078125
4.921875
4.599609
4.296875
3.867188
3.378906
2.827148
2.270508
1.767578
1.264648
0.786133
0.380859
0.078125
-0.131836
-0.263672
-0.234375
-0.146484
0.078125
0.356445
0.776367
1.201172
1.689453
2.255859
2.788086
3.295898
3.784180
4.243164
4.570312
4.873047
5.034180
5.112305
5.048828
4.980469
4.687500
4.345703
3.911133
3.447266
2.919922
2.392578
1.870117
1.337891
0.859375
0.473633
0.122070
-0.117188
-0.234375
-0.278320
-0.185547
0.000000
0.283203
0.639648
1.079102
1.572266
2.119141
2.636719
3.193359
3.686523
4.140625
4.477539
4.809570
5.004883
5.112305
5.092773
4.951172
4.770508
4.462891
4.052734
3.618164
3.061523
2.534180
2.006836
1.494141
0.991211
0.571289
0.224609
-0.029297
-0.214844
-0.273438
-0.239258
-0.083008
0.195312
0.546875
0.971680
1.494141
1.923828
2.465820
3.027344
3.569336
4.038086
4.453125
4.707031
4.936523
5.058594
5.126953
5.034180
4.873047
4.511719
4.179688
3.759766
3.251953
2.724609
2.148438
1.616211
1.127930
0.678711
0.322266
0.024414
-0.185547
-0.283203
-0.219727
-0.092773
0.146484
0.429688
0.859375
1.333008
1.816406
2.363281
2.915039
3.417969
3.911133
4.340820
4.667969
4.912109
5.048828
5.107422
5.068359
4.877930
4.633789
4.252930
3.798828
3.320312
2.802734
2.255859
1.743164
1.250000
0.776367
0.405273
0.087891
-0.136719
-0.249023
-0.249023
-0.126953
0.092773
0.371094
0.747070
1.201172
1.723633
2.280273
2.768555
3.295898
3.798828
4.184570
4.560547
4.843750
5.029297
5.087891
5.039062
4.882812
4.648438
4.326172
3.920898
3.452148
2.895508
2.392578
1.845703
1.347656
0.844727
0.419922
0.122070
-0.112305
-0.258789
-0.278320
-0.209961
-0.014648
0.239258
0.668945
1.098633
1.567383
2.089844
2.612305
3.164062
3.647461
4.140625
4.506836
4.794922
5.004883
5.092773
5.126953
4.975586
4.760742
4.443359
4.052734
3.632812
3.027344
2.573242
2.001953
1.474609
1.000977
0.556641
0.214844
-0.029297
-0.190430
-0.297852
-0.195312
-0.039062
0.166016
0.556641
0.957031
1.455078
1.997070
2.490234
3.081055
3.588867
4.033203
4.428711
4.780273
4.995117
5.126953
5.166016
5.097656
4.887695
4.565430
4.208984
3.735352
3.276367
2.744141
2.207031
1.655273
1.171875
0.747070
0.366211
0.058594
-0.131836
-0.190430
-0.195312
-0.063477
0.185547
0.468750
0.859375
1.352539
1.879883
2.377930
2.963867
3.461914
3.955078
4.331055
4.663086
4.921875
5.092773
5.107422
5.058594
4.882812
4.619141
4.282227
3.857422
3.364258
2.827148
2.270508
1.772461
1.245117
0.820312
0.395508
0.068359
-0.117188
-0.234375
-0.234375
-0.117188
0.048828
0.327148
0.800781
1.225586
1.679688
2.246094
2.749023
3.315430
3.769531
4.208984
4.589844
4.838867
5.058594
5.087891
5.083008
4.916992
4.697266
4.335938
3.935547
3.427734
2.919922
2.412109
1.855469
1.342773
0.869141
0.429688
0.112305
-0.122070
-0.283203
-0.322266
-0.239258
-0.053711
0.278320
0.620117
1.103516
1.547852
2.084961
2.636719
3.198242
3.671875
4.116211
4.477539
4.804688
5.024414
5.117188
5.107422
4.965820
4.765625
4.438477
4.062500
3.603516
3.100586
2.539062
1.997070
1.479492
0.986328
0.595703
0.205078
-0.068359
-0.214844
-0.258789
-0.200195
-0.087891
0.170898
0.527344
0.966797
1.445312
1.938477
2.485352
3.027344
3.540039
4.003906
4.389648
4.755859
4.960938
5.087891
5.097656
5.019531
4.819336
4.560547
4.165039
3.735352
3.208008
2.744141
2.153320
1.640625
1.103516
0.683594
0.307617
0.009766
-0.175781
-0.268555
-0.229492
-0.097656
0.146484
0.449219
0.869141
1.347656
1.840820
2.397461
2.910156
3.422852
3.886719
4.345703
4.677734
4.931641
5.043945
5.102539
5.048828
4.877930
4.604492
4.262695
3.813477
3.320312
2.817383
2.265625
1.743164
1.250000
0.791016
0.429688
0.092773
-0.122070
-0.224609
-0.249023
-0.126953
0.092773
0.356445
0.781250
1.230469
1.752930
2.275391
2.788086
3.281250
3.779297
4.199219
4.531250
4.848633
5.019531
5.078125
5.058594
4.863281
4.638672
4.335938
3.964844
3.432617
2.949219
2.387695
1.904297
1.323242
0.874023
0.439453
0.131836
-0.073242
-0.244141
-0.263672
-0.219727
-0.039062
0.288086
0.649414
1.083984
1.547852
2.080078
2.661133
3.159180
3.686523
4.140625
4.516602
4.819336
5.009766
5.073242
5.092773
4.970703
4.775391
4.438477
4.028320
3.593750
3.090820
2.548828
2.021484
1.474609
0.986328
0.581055
0.190430
-0.043945
-0.200195
-0.244141
-0.234375
-0.048828
0.219727
0.566406
1.000977
1.484375
2.011719
2.509766
3.085938
3.569336
4.072266
4.477539
4.809570
5.014648
5.092773
5.126953
5.053711
4.858398
4.584961
4.155273
3.740234
3.266602
2.734375
2.182617
1.616211
1.113281
0.688477
0.341797
0.058594
-0.122070
-0.205078
-0.195312
-0.053711
0.166016
0.498047
0.893555
1.357422
1.879883
2.431641
2.954102
3.481445
3.945312
4.340820
4.677734
4.926758
5.048828
5.102539
5.048828
4.916992
4.638672
4.287109
3.862305
3.354492
2.832031
2.299805
1.723633
1.264648
0.766602
0.405273
0.053711
-0.136719
-0.224609
-0.200195
-0.112305
0.034180
0.351562
0.732422
1.201172
1.684570
2.241211
2.807617
3.295898
3.754883
4.233398
4.580078
4.882812
5.043945
5.097656
5.019531
4.921875
4.687500
4.335938
3.920898
3.461914
2.958984
2.407227
1.855469
1.328125
0.864258
0.458984
0.141602
-0.122070
-0.239258
-0.263672
-0.205078
-0.034180
0.263672
0.615234
1.108398
1.586914
2.128906
2.641602
3.188477
3.691406
4.111328
4.506836
4.809570
5.024414
5.112305
5.092773
4.956055
4.750977
4.438477
4.033203
3.569336
3.051758
2.558594
2.006836
1.459961
1.015625
0.566406
0.214844
-0.039062
-0.219727
-0.268555
-0.234375
-0.039062
0.214844
0.517578
0.937500
1.445312
1.992188
2.534180
3.017578
3.569336
4.003906
4.414062
4.736328
4.960938
5.063477
5.078125
5.039062
4.824219
4.550781
4.184570
3.774414
3.256836
2.700195
2.167969
1.616211
1.132812
0.693359
0.312500
-0.004883
-0.175781
-0.268555
-0.249023
-0.122070
0.131836
0.439453
0.820312
1.323242
1.835938
2.373047
2.915039
3.422852
3.896484
4.331055
4.672852
4.926758
5.073242
5.136719
5.034180
4.873047
4.633789
4.272461
3.852539
3.378906
2.846680
2.275391
1.743164
1.269531
0.825195
0.390625
0.126953
-0.136719
-0.219727
-0.214844
-0.136719
0.063477
0.346680
0.771484
1.259766
1.748047
2.216797
2.788086
3.305664
3.774414
4.189453
4.560547
4.868164
5.063477
5.151367
5.039062
4.882812
4.658203
4.321289
3.945312
3.471680
2.939453
2.426758
1.875000
1.362305
0.898438
0.493164
0.175781
-0.102539
-0.234375
-0.273438
-0.200195
-0.004883
0.263672
0.634766
1.093750
1.577148
2.104492
2.626953
3.164062
3.676758
4.116211
4.511719
4.785156
5.009766
5.102539
5.073242
4.980469
4.785156
4.428711
4.042969
3.588867
3.071289
2.539062
2.011719
1.479492
0.976562
0.566406
0.219727
-0.019531
-0.214844
-0.268555
-0.200195
-0.024414
0.195312
0.566406
0.991211
1.464844
2.021484
2.529297
3.032227
3.535156
4.038086
4.443359
4.809570
5.043945
5.156250
5.122070
5.029297
4.868164
4.550781
4.169922
3.745117
3.251953
2.709961
2.177734
1.645508
1.132812
0.668945
0.322266
0.053711
-0.117188
-0.209961
-0.195312
-0.083008
0.190430
0.512695
0.893555
1.381836
1.879883
2.397461
2.949219
3.452148
3.930664
4.360352
4.663086
4.931641
5.063477
5.112305
5.058594
4.887695
4.648438
4.282227
3.852539
3.354492
2.807617
2.290039
1.762695
1.284180
0.786133
0.410156
0.092773
-0.141602
-0.249023
-0.229492
-0.146484
0.117188
0.322266
0.766602
1.196289
1.704102
2.260742
2.763672
3.320312
3.769531
4.204102
4.570312
4.882812
5.043945
5.126953
5.068359
4.941406
4.672852
4.365234
3.935547
3.452148
2.924805
2.377930
1.845703
1.328125
0.849609
0.419922
0.126953
-0.112305
-0.229492
-0.312500
-0.205078
-0.019531
0.268555
0.610352
1.074219
1.586914
2.119141
2.670898
3.198242
3.686523
4.116211
4.516602
4.804688
5.034180
5.112305
5.087891
4.975586
4.775391
4.453125
4.052734
3.608398
3.100586
2.514648
2.006836
1.455078
0.981445
0.561523
0.224609
-0.039062
-0.200195
-0.283203
-0.205078
-0.029297
0.214844
0.546875
0.927734
1.406250
1.972656
2.500000
3.051758
3.544922
4.003906
4.414062
4.760742
4.965820
5.122070
5.092773
5.029297
4.819336
4.594727
4.189453
3.759766
3.261719
2.719727
2.138672
1.645508
1.098633
0.698242
0.297852
-0.004883
-0.209961
-0.268555
-0.224609
-0.102539
0.136719
0.439453
0.849609
1.337891
1.826172
2.353516
2.900391
3.447266
3.916016
4.296875
4.692383
4.936523
5.063477
5.117188
5.083008
4.892578
4.648438
4.272461
3.862305
3.369141
2.822266
2.290039
1.767578
1.250000
0.815430
0.385742
0.097656
-0.107422
-0.224609
-0.229492
-0.141602
0.073242
0.375977
0.776367
1.230469
1.728516
2.299805
2.778320
3.276367
3.779297
4.213867
4.609375
4.804688
5.034180
5.063477
5.092773
4.882812
4.648438
4.335938
3.935547
3.481445
2.944336
2.431641
1.850586
1.342773
0.859375
0.449219
0.112305
-0.107422
-0.244141
-0.268555
-0.195312
0.019531
0.268555
0.664062
1.088867
1.582031
2.104492
2.680664
3.183594
3.671875
4.125977
4.506836
4.799805
5.029297
5.131836
5.058594
4.970703
4.790039
4.423828
4.052734
3.613281
3.081055
2.563477
2.016602
1.489258
0.991211
0.581055
0.209961
-0.039062
-0.219727
-0.268555
-0.239258
-0.043945
0.244141
0.541992
0.976562
1.445312
1.977539
2.519531
3.037109
3.569336
4.018555
4.458008
4.794922
5.009766
5.136719
5.151367
5.053711
4.819336
4.560547
4.194336
3.769531
3.276367
2.695312
2.187500
1.616211
1.171875
0.742188
0.375977
0.039062
-0.141602
-0.234375
-0.195312
-0.043945
0.136719
0.507812
0.888672
1.376953
1.845703
2.402344
2.939453
3.457031
3.945312
4.331055
4.672852
4.887695
5.053711
5.117188
5.058594
4.858398
4.570312
4.277344
3.886719
3.354492
2.822266
2.270508
1.791992
1.264648
0.747070
0.380859
0.107422
-0.131836
-0.244141
-0.224609
-0.136719
0.068359
0.385742
0.727539
1.225586
1.704102
2.221680
2.778320
3.286133
3.798828
4.223633
4.609375
4.853516
5.034180
5.107422
5.053711
4.926758
4.672852
4.331055
3.930664
3.447266
2.934570
2.407227
1.831055
1.318359
0.854492
0.434570
0.102539
-0.107422
-0.288086
-0.312500
-0.209961
0.004883
0.288086
0.654297
1.093750
1.542969
2.128906
2.597656
3.178711
3.676758
4.116211
4.492188
4.785156
4.995117
5.112305
5.078125
5.000000
4.780273
4.414062
4.062500
3.583984
3.081055
2.519531
2.011719
1.479492
1.020508
0.537109
0.224609
-0.039062
-0.219727
-0.258789
-0.219727
-0.058594
0.209961
0.551758
0.932617
1.416016
1.982422
2.460938
2.983398
3.549805
4.038086
4.433594
4.736328
4.926758
5.073242
5.078125
5.009766
4.843750
4.531250
4.194336
3.730469
3.237305
2.675781
2.158203
1.606445
1.127930
0.678711
0.322266
-0.009766
-0.200195
-0.258789
-0.224609
-0.112305
0.131836
0.429688
0.854492
1.337891
1.806641
2.363281
2.919922
