2.099609
1.606445
1.103516
0.654297
0.297852
0.009766
-0.234375
-0.283203
-0.224609
-0.078125
0.131836
0.468750
0.825195
1.318359
1.831055
2.377930
2.905273
3.413086
3.891602
4.311523
4.663086
4.916992
5.068359
5.107422
5.058594
4.858398
4.584961
4.257812
3.818359
3.320312
2.788086
2.265625
1.733398
1.220703
0.747070
0.375977
0.048828
-0.107422
-0.263672
-0.239258
-0.156250
0.078125
0.371094
0.756836
1.230469
1.708984
2.246094
2.783203
3.315430
3.842773
4.228516
4.609375
4.873047
5.029297
5.141602
5.068359
4.892578
4.716797
4.321289
3.974609
3.500977
2.949219
2.402344
1.879883
1.386719
0.932617
0.488281
0.151367
-0.083008
-0.205078
-0.258789
-0.170898
0.039062
0.317383
0.683594
1.152344
1.650391
2.138672
2.680664
3.203125
3.745117
4.150391
4.487305
4.853516
5.019531
5.136719
5.146484
4.990234
4.799805
4.433594
4.082031
3.623047
3.120117
2.543945
2.001953
1.464844
0.996094
0.541992
0.205078
-0.048828
-0.239258
-0.253906
-0.209961
-0.014648
0.214844
0.581055
0.991211
1.484375
1.977539
2.583008
3.041992
3.598633
4.008789
4.433594
4.760742
4.926758
5.092773
5.063477
5.029297
4.868164
4.501953
4.111328
3.686523
3.227539
2.631836
2.128906
1.577148
1.093750
0.644531
0.332031
0.034180
-0.170898
-0.278320
-0.205078
-0.083008
0.107422
0.439453
0.864258
1.323242
1.850586
2.387695
2.939453
3.422852
3.886719
4.389648
4.677734
4.873047
5.068359
5.107422
5.063477
4.858398
4.594727
4.233398
3.833008
3.334961
2.812500
2.255859
1.728516
1.210938
0.756836
0.356445
0.043945
-0.156250
-0.273438
-0.244141
-0.131836
0.097656
0.361328
0.742188
1.215820
1.713867
2.280273
2.807617
3.305664
3.774414
4.243164
4.643555
4.887695
5.024414
5.117188
5.043945
4.912109
4.648438
4.326172
3.940430
3.461914
2.900391
2.407227
1.845703
1.328125
0.917969
0.463867
0.126953
-0.092773
-0.249023
-0.268555
-0.156250
0.000000
0.307617
0.722656
1.113281
1.635742
2.128906
2.675781
3.212891
3.696289
4.169922
4.497070
4.843750
5.009766
5.107422
5.083008
4.985352
4.750977
4.438477
4.013672
3.603516
3.037109
2.514648
1.987305
1.489258
0.981445
0.561523
0.209961
-0.063477
-0.200195
-0.268555
-0.244141
-0.068359
0.209961
0.561523
1.010742
1.455078
1.972656
2.543945
3.081055
3.588867
4.047852
4.418945
4.785156
4.965820
5.112305
5.092773
5.019531
4.853516
4.560547
4.140625
3.691406
3.208008
2.670898
2.124023
1.552734
1.088867
0.615234
0.263672
0.000000
-0.175781
-0.219727
-0.234375
-0.083008
0.092773
0.449219
0.820312
1.323242
1.850586
2.343750
2.910156
3.398438
3.876953
4.321289
4.672852
4.926758
5.053711
5.122070
5.043945
4.858398
4.594727
4.223633
3.808594
3.334961
2.807617
2.260742
1.713867
1.220703
0.747070
0.390625
0.063477
-0.141602
-0.239258
-0.239258
-0.122070
0.073242
0.361328
0.776367
1.201172
1.733398
2.241211
2.792969
3.339844
3.793945
4.262695
4.594727
4.863281
5.034180
5.107422
5.078125
4.941406
4.702148
4.326172
3.955078
3.481445
2.988281
2.397461
1.865234
1.342773
0.893555
0.488281
0.136719
-0.078125
-0.190430
-0.205078
-0.122070
0.009766
0.288086
0.722656
1.142578
1.606445
2.148438
2.680664
3.212891
3.710938
4.184570
4.545898
4.863281
5.000000
5.122070
5.107422
4.965820
4.804688
4.482422
4.077148
3.623047
3.100586
2.568359
1.997070
1.464844
0.966797
0.566406
0.205078
-0.043945
-0.200195
-0.258789
-0.195312
-0.078125
0.209961
0.576172
1.005859
1.469727
1.962891
2.534180
3.081055
3.564453
4.023438
4.404297
4.785156
4.970703
5.097656
5.102539
5.043945
4.790039
4.545898
4.096680
3.696289
3.173828
2.651367
2.114258
1.611328
1.040039
0.688477
0.297852
0.000000
-0.180664
-0.297852
-0.224609
-0.097656
0.107422
0.454102
0.878906
1.347656
1.840820
2.373047
2.944336
3.432617
3.911133
4.316406
4.648438
4.902344
5.073242
5.092773
5.058594
4.868164
4.599609
4.238281
3.823242
3.325195
2.807617
2.260742
1.713867
1.186523
0.756836
0.405273
0.053711
-0.141602
-0.268555
-0.244141
-0.151367
0.063477
0.380859
0.781250
1.225586
1.708984
2.246094
2.763672
3.325195
3.862305
4.233398
4.570312
4.819336
5.009766
5.141602
5.078125
4.912109
4.648438
4.316406
3.925781
3.471680
2.924805
2.397461
1.875000
1.308594
0.869141
0.488281
0.097656
-0.107422
-0.195312
-0.244141
-0.151367
0.004883
0.302734
0.693359
1.083984
1.621094
2.128906
2.661133
3.232422
3.710938
4.150391
4.541016
4.804688
5.000000
5.117188
5.097656
4.956055
4.716797
4.423828
4.038086
3.554688
3.051758
2.529297
1.977539
1.484375
1.010742
0.546875
0.200195
-0.058594
-0.185547
-0.278320
-0.195312
-0.014648
0.258789
0.566406
0.976562
1.440430
2.001953
2.573242
3.046875
3.588867
4.008789
4.467773
4.790039
4.965820
5.102539
5.122070
5.004883
4.843750
4.536133
4.165039
3.686523
3.203125
2.675781
2.080078
1.572266
1.064453
0.654297
0.249023
-0.009766
-0.190430
-0.283203
-0.249023
-0.146484
0.131836
0.424805
0.825195
1.323242
1.855469
2.353516
2.924805
3.442383
3.916016
4.335938
4.663086
4.897461
5.058594
5.092773
5.029297
4.882812
4.619141
4.257812
3.813477
3.354492
2.792969
2.246094
1.694336
1.210938
0.761719
0.371094
0.068359
-0.151367
-0.234375
-0.258789
-0.122070
0.063477
0.356445
0.791016
1.215820
1.733398
2.216797
2.788086
3.354492
3.803711
4.243164
4.580078
4.873047
5.043945
5.141602
5.034180
4.931641
4.711914
4.345703
3.935547
3.471680
2.944336
2.436523
1.855469
1.352539
0.917969
0.478516
0.122070
-0.092773
-0.229492
-0.268555
-0.146484
0.039062
0.307617
0.688477
1.093750
1.586914
2.119141
2.670898
3.232422
3.710938
4.130859
4.550781
4.853516
5.048828
5.092773
5.131836
4.970703
4.790039
4.423828
4.082031
3.618164
3.100586
2.568359
1.958008
1.503906
0.971680
0.585938
0.219727
-0.058594
-0.214844
-0.249023
-0.229492
0.009766
0.209961
0.581055
0.996094
1.445312
2.001953
2.558594
3.061523
3.579102
4.023438
4.453125
4.716797
4.985352
5.073242
5.087891
4.965820
4.843750
4.531250
4.125977
3.720703
3.173828
2.690430
2.099609
1.616211
1.088867
0.620117
0.307617
0.004883
-0.180664
-0.288086
-0.283203
-0.112305
0.141602
0.434570
0.869141
1.303711
1.835938
2.377930
2.929688
3.427734
3.886719
4.316406
4.638672
4.877930
5.039062
5.117188
5.029297
4.873047
4.604492
4.223633
3.837891
3.315430
2.822266
2.275391
1.738281
1.220703
0.751953
0.390625
0.068359
-0.156250
-0.249023
-0.234375
-0.175781
0.063477
0.366211
0.761719
1.210938
1.738281
2.211914
2.778320
3.334961
3.803711
4.223633
4.628906
4.853516
5.014648
5.107422
5.068359
4.882812
4.687500
4.375000
3.911133
3.427734
2.924805
2.421875
1.870117
1.337891
0.859375
0.507812
0.141602
-0.097656
-0.205078
-0.292969
-0.170898
0.014648
0.278320
0.693359
1.113281
1.611328
2.128906
2.695312
3.183594
3.720703
4.116211
4.506836
4.824219
5.039062
5.078125
5.073242
4.975586
4.721680
4.428711
4.013672
3.574219
3.061523
2.543945
1.982422
1.435547
1.005859
0.532227
0.185547
-0.048828
-0.195312
-0.253906
-0.234375
-0.039062
0.195312
0.585938
0.991211
1.479492
1.967773
2.534180
3.066406
3.544922
4.072266
4.433594
4.755859
4.975586
5.083008
5.092773
5.034180
4.794922
4.531250
4.165039
3.701172
3.193359
2.661133
2.133789
1.591797
1.079102
0.634766
0.268555
0.009766
-0.170898
-0.224609
-0.249023
-0.087891
0.083008
0.439453
0.888672
1.342773
1.879883
2.368164
2.929688
3.432617
3.906250
4.316406
4.677734
4.907227
5.063477
5.083008
5.039062
4.863281
4.580078
4.243164
3.833008
3.330078
2.773438
2.241211
1.723633
1.215820
0.756836
0.351562
0.068359
-0.146484
-0.249023
-0.263672
-0.141602
0.073242
0.395508
0.781250
1.215820
1.704102
2.236328
2.797852
3.354492
3.808594
4.238281
4.589844
4.833984
5.048828
5.112305
5.087891
4.951172
4.672852
4.331055
3.920898
3.413086
2.939453
2.377930
1.904297
1.357422
0.849609
0.478516
0.131836
-0.078125
-0.195312
-0.249023
-0.112305
0.034180
0.297852
0.673828
1.103516
1.606445
2.163086
2.705078
3.222656
3.720703
4.189453
4.550781
4.848633
5.034180
5.117188
5.078125
5.009766
4.765625
4.472656
4.008789
3.623047
3.022461
2.558594
2.001953
1.464844
0.976562
0.541992
0.175781
-0.024414
-0.214844
-0.268555
-0.180664
-0.048828
0.229492
0.571289
0.991211
1.474609
1.982422
2.504883
3.066406
3.574219
3.989258
4.453125
4.775391
5.004883
5.063477
5.097656
5.014648
4.794922
4.521484
4.150391
3.686523
3.168945
2.636719
2.109375
1.611328
1.093750
0.644531
0.273438
0.000000
-0.161133
-0.253906
-0.249023
-0.107422
0.136719
0.488281
0.834961
1.323242
1.850586
2.392578
2.924805
3.452148
3.920898
4.321289
4.658203
4.916992
5.058594
5.068359
5.053711
4.863281
4.619141
4.262695
3.828125
3.339844
2.792969
2.241211
1.713867
1.235352
0.742188
0.380859
0.078125
-0.146484
-0.288086
-0.239258
-0.156250
0.068359
0.351562
0.771484
1.186523
1.699219
2.260742
2.778320
3.281250
3.842773
4.243164
4.624023
4.863281
5.048828
5.102539
5.043945
4.892578
4.648438
4.331055
3.955078
3.408203
2.934570
2.436523
1.889648
1.342773
0.834961
0.454102
0.136719
-0.073242
-0.229492
-0.292969
-0.185547
0.039062
0.307617
0.683594
1.118164
1.557617
2.124023
2.661133
3.198242
3.647461
4.111328
4.487305
4.785156
5.039062
5.122070
5.073242
4.970703
4.731445
4.418945
4.018555
3.564453
3.041992
2.539062
1.953125
1.489258
0.986328
0.551758
0.195312
-0.034180
-0.180664
-0.253906
-0.234375
-0.107422
0.239258
0.590820
0.996094
1.464844
1.972656
2.524414
3.090820
3.574219
4.028320
4.448242
4.711914
4.990234
5.078125
5.131836
5.014648
4.799805
4.511719
4.184570
3.676758
3.198242
2.646484
2.124023
1.582031
1.059570
0.649414
0.288086
-0.014648
-0.214844
-0.312500
-0.219727
-0.146484
0.161133
0.444336
0.859375
1.303711
1.816406
2.363281
2.919922
3.427734
3.896484
4.311523
4.648438
4.907227
5.068359
5.131836
5.024414
4.863281
4.584961
4.282227
3.813477
3.325195
2.802734
2.226562
1.713867
1.240234
0.737305
0.395508
0.053711
-0.146484
-0.263672
-0.229492
-0.141602
0.053711
0.380859
0.776367
1.230469
1.733398
2.231445
2.778320
3.320312
3.803711
4.199219
4.584961
4.873047
5.073242
5.126953
5.053711
4.926758
4.682617
4.355469
3.950195
3.427734
2.915039
2.377930
1.899414
1.337891
0.957031
0.498047
0.117188
-0.078125
-0.229492
-0.273438
-0.141602
0.063477
0.312500
0.698242
1.103516
1.650391
2.148438
2.685547
3.168945
3.691406
4.130859
4.570312
4.829102
5.053711
5.141602
5.102539
4.980469
4.750977
4.428711
4.057617
3.564453
3.076172
2.558594
2.016602
1.455078
0.966797
0.541992
0.214844
-0.039062
-0.200195
-0.307617
-0.185547
-0.058594
0.219727
0.541992
0.986328
1.494141
2.001953
2.534180
3.076172
3.588867
4.033203
4.428711
4.702148
4.946289
5.097656
5.117188
5.009766
4.819336
4.511719
4.130859
3.671875
3.193359
2.651367
2.153320
1.547852
1.079102
0.644531
0.278320
0.029297
-0.205078
-0.273438
-0.249023
-0.107422
0.131836
0.468750
0.825195
1.308594
1.845703
2.358398
2.910156
3.427734
3.916016
4.345703
4.687500
4.912109
5.029297
5.092773
5.009766
4.858398
4.609375
4.252930
3.828125
3.334961
2.788086
2.304688
1.738281
1.220703
0.756836
0.371094
0.078125
-0.151367
-0.258789
-0.239258
-0.170898
0.053711
0.375977
0.751953
1.235352
1.699219
2.221680
2.792969
3.344727
3.823242
4.223633
4.594727
4.858398
5.014648
5.126953
5.078125
4.956055
4.682617
4.375000
3.916016
3.417969
2.963867
2.421875
1.816406
1.303711
0.869141
0.449219
0.175781
-0.078125
-0.249023
-0.253906
-0.200195
0.019531
0.278320
0.673828
1.108398
1.621094
2.114258
2.670898
3.188477
3.710938
4.135742
4.506836
4.819336
5.019531
5.112305
5.053711
4.965820
4.755859
4.448242
4.008789
3.588867
3.061523
2.524414
1.967773
1.484375
0.976562
0.566406
0.195312
-0.034180
-0.205078
-0.273438
-0.200195
-0.034180
0.224609
0.561523
0.971680
1.474609
2.001953
2.543945
3.066406
3.569336
4.042969
4.438477
4.746094
4.995117
5.122070
5.097656
5.004883
4.833984
4.541016
4.169922
3.662109
3.159180
2.651367
2.167969
1.562500
1.049805
0.634766
0.297852
0.004883
-0.214844
-0.239258
-0.234375
-0.107422
0.141602
0.483398
0.878906
1.347656
1.840820
2.377930
2.900391
3.398438
3.925781
4.321289
4.658203
4.921875
5.039062
5.117188
5.039062
4.897461
4.624023
4.213867
3.798828
3.300781
2.792969
2.226562
1.728516
1.225586
0.756836
0.390625
0.048828
-0.126953
-0.273438
-0.244141
-0.141602
0.063477
0.356445
0.747070
1.206055
1.704102
2.260742
2.778320
3.334961
3.828125
4.194336
4.624023
4.902344
5.043945
5.102539
5.034180
4.941406
4.658203
4.335938
3.920898
3.491211
2.958984
2.407227
1.884766
1.333008
0.917969
0.512695
0.156250
-0.083008
-0.249023
-0.258789
-0.175781
0.053711
0.366211
0.673828
1.113281
1.596680
2.119141
2.685547
3.217773
3.730469
4.169922
4.555664
4.814453
5.024414
5.097656
5.131836
5.009766
4.760742
4.458008
4.052734
3.544922
3.110352
2.539062
2.001953
1.479492
0.957031
0.546875
0.244141
-0.068359
-0.214844
-0.249023
-0.195312
-0.053711
0.253906
0.576172
0.996094
1.469727
1.972656
2.524414
3.071289
3.559570
4.003906
4.453125
4.775391
5.024414
5.053711
5.078125
5.000000
4.829102
4.501953
4.160156
3.657227
3.183594
2.680664
2.153320
1.596680
1.054688
0.625000
0.244141
0.053711
-0.141602
-0.288086
-0.273438
-0.126953
0.156250
0.478516
0.878906
1.333008
1.831055
2.377930
2.871094
3.403320
3.862305
4.306641
4.658203
4.902344
5.043945
5.107422
5.063477
4.853516
4.619141
4.228516
3.808594
3.344727
2.822266
2.211914
1.699219
1.220703
0.747070
0.361328
0.083008
-0.166016
-0.292969
-0.253906
-0.146484
0.068359
0.327148
0.781250
1.171875
1.723633
2.265625
2.797852
3.281250
3.828125
4.248047
4.589844
4.892578
5.019531
5.083008
5.097656
4.936523
4.672852
4.345703
3.896484
3.417969
2.939453
2.416992
1.850586
1.337891
0.849609
0.458984
0.078125
-0.083008
-0.200195
-0.249023
-0.166016
-0.019531
0.239258
0.664062
1.127930
1.586914
2.153320
2.685547
3.222656
3.676758
4.135742
4.511719
4.794922
5.029297
5.117188
5.058594
4.951172
4.775391
4.453125
4.057617
3.574219
3.027344
2.529297
1.987305
1.455078
0.971680
0.546875
0.200195
-0.087891
-0.219727
-0.273438
-0.249023
-0.063477
0.219727
0.581055
0.981445
1.469727
1.982422
2.519531
3.090820
3.540039
4.086914
4.423828
4.746094
4.951172
5.102539
5.156250
5.048828
4.848633
4.501953
4.174805
3.725586
3.203125
2.695312
2.104492
1.547852
1.103516
0.664062
0.239258
-0.039062
-0.209961
-0.292969
-0.224609
-0.092773
0.117188
0.429688
0.825195
1.333008
1.816406
2.363281
2.929688
3.457031
3.916016
4.321289
4.658203
4.931641
5.078125
5.107422
5.024414
4.853516
4.604492
4.238281
3.833008
3.339844
2.792969
2.255859
1.728516
1.206055
0.747070
0.346680
0.078125
-0.151367
-0.268555
-0.288086
-0.126953
0.063477
0.351562
0.781250
1.201172
1.733398
2.255859
2.763672
3.305664
3.784180
4.257812
4.619141
4.873047
5.068359
5.117188
5.083008
4.921875
4.702148
4.360352
3.955078
3.466797
2.949219
2.397461
1.870117
1.401367
0.874023
0.483398
0.141602
-0.102539
-0.219727
-0.239258
-0.166016
0.019531
0.302734
0.659180
1.098633
1.635742
2.167969
2.680664
3.212891
3.706055
4.204102
4.555664
4.873047
5.048828
5.141602
5.083008
5.039062
4.790039
4.438477
4.077148
3.583984
3.081055
2.573242
2.016602
1.499023
0.981445
0.541992
0.214844
-0.029297
-0.229492
-0.263672
-0.146484
0.004883
0.214844
0.541992
1.020508
1.503906
1.987305
2.558594
3.095703
3.593750
4.023438
4.433594
4.770508
4.980469
5.131836
5.087891
5.014648
4.824219
4.492188
4.096680
3.696289
3.212891
2.641602
2.099609
1.557617
1.103516
0.654297
0.278320
0.019531
-0.200195
-0.288086
-0.253906
-0.068359
0.131836
0.429688
0.844727
1.308594
1.855469
2.382812
2.919922
3.408203
3.925781
4.335938
4.624023
4.907227
5.043945
5.083008
5.024414
4.882812
4.599609
4.248047
3.798828
3.354492
2.778320
2.265625
1.733398
1.201172
0.761719
0.395508
0.073242
-0.151367
-0.249023
-0.253906
-0.151367
0.083008
0.356445
0.776367
1.215820
1.699219
2.246094
2.792969
3.320312
3.837891
4.223633
4.584961
4.858398
5.043945
5.112305
5.092773
4.887695
4.663086
4.306641
3.925781
3.422852
2.875977
2.373047
1.826172
1.347656
0.830078
0.488281
0.117188
-0.136719
-0.224609
-0.234375
-0.185547
0.039062
0.283203
0.712891
1.113281
1.601562
2.099609
2.656250
3.212891
3.691406
4.160156
4.506836
4.843750
5.014648
5.117188
5.112305
4.941406
4.746094
4.409180
4.047852
3.574219
3.066406
2.543945
1.982422
1.484375
0.971680
0.522461
0.244141
-0.058594
-0.224609
-0.263672
-0.244141
-0.048828
0.214844
0.546875
0.996094
1.459961
1.953125
2.529297
3.090820
3.554688
4.038086
4.414062
4.760742
5.019531
5.068359
5.097656
5.053711
4.829102
4.555664
4.155273
3.681641
3.164062
2.700195
2.124023
1.582031
1.074219
0.610352
0.288086
-0.004883
-0.180664
-0.249023
-0.253906
-0.112305
0.092773
0.424805
0.820312
1.333008
1.801758
2.343750
2.890625
3.398438
3.916016
4.335938
4.648438
4.921875
5.039062
5.131836
5.034180
4.863281
4.604492
4.228516
3.813477
3.344727
2.807617
2.246094
1.728516
1.210938
0.732422
0.356445
0.083008
-0.161133
-0.263672
-0.219727
-0.156250
0.039062
0.356445
0.766602
1.254883
1.674805
2.250977
2.783203
3.300781
3.803711
4.223633
4.633789
4.843750
5.058594
5.107422
5.107422
4.921875
4.697266
4.340820
3.930664
3.461914
2.949219
2.407227
1.889648
1.362305
0.917969
0.463867
0.161133
-0.092773
-0.166016
-0.249023
-0.161133
0.039062
0.341797
0.712891
1.123047
1.601562
2.128906
2.685547
3.242188
3.720703
4.160156
4.536133
4.819336
5.029297
5.156250
5.112305
4.965820
4.746094
4.414062
4.038086
3.647461
3.100586
2.558594
2.041016
1.440430
1.020508
0.546875
0.273438
-0.048828
-0.195312
-0.283203
-0.161133
-0.029297
0.214844
0.561523
0.996094
1.479492
2.016602
2.529297
3.085938
3.593750
4.042969
4.384766
4.770508
4.975586
5.117188
5.097656
4.980469
4.838867
4.516602
4.135742
3.710938
3.173828
2.705078
2.099609
1.567383
1.113281
0.654297
0.283203
-0.034180
-0.195312
-0.268555
-0.205078
-0.087891
0.112305
0.473633
0.859375
1.328125
1.835938
2.363281
2.905273
3.447266
3.916016
4.296875
4.667969
4.897461
5.063477
5.078125
5.043945
4.873047
4.633789
4.233398
3.803711
3.334961
2.827148
2.260742
1.704102
1.206055
0.771484
0.380859
0.048828
-0.166016
-0.253906
-0.234375
-0.126953
0.078125
0.366211
0.722656
1.225586
1.713867
2.250977
2.797852
3.295898
3.793945
4.267578
4.609375
4.790039
5.034180
5.112305
5.073242
4.941406
4.653320
4.321289
3.940430
3.432617
2.924805
2.368164
1.870117
1.313477
0.844727
0.439453
0.117188
-0.112305
-0.249023
-0.258789
-0.161133
0.053711
0.297852
0.688477
1.162109
1.572266
2.133789
2.656250
3.198242
3.706055
4.121094
4.526367
4.809570
4.985352
5.107422
5.058594
4.975586
4.711914
4.467773
4.033203
3.579102
3.046875
2.548828
1.992188
1.455078
1.000977
0.532227
0.214844
-0.043945
-0.219727
-0.278320
-0.239258
-0.029297
0.214844
0.566406
0.986328
1.464844
2.026367
2.578125
3.061523
3.564453
4.052734
4.423828
4.760742
5.004883
5.102539
5.117188
4.995117
4.838867
4.511719
4.145508
3.715820
3.154297
2.666016
2.084961
1.572266
1.054688
0.629883
0.224609
-0.048828
-0.219727
-0.327148
-0.263672
-0.180664
0.112305
0.473633
0.854492
1.318359
1.845703
2.397461
2.890625
3.417969
3.876953
4.316406
4.648438
4.897461
5.068359
5.112305
5.024414
4.873047
4.594727
4.228516
3.808594
3.315430
2.792969
2.255859
1.699219
1.176758
0.776367
0.375977
0.083008
-0.161133
-0.258789
-0.239258
-0.151367
0.092773
0.375977
0.781250
1.201172
1.772461
2.260742
2.788086
