2.202148
1.699219
1.201172
0.722656
0.341797
0.034180
-0.146484
-0.219727
-0.234375
-0.131836
0.092773
0.419922
0.810547
1.274414
1.782227
2.285156
2.856445
3.378906
3.837891
4.291992
4.638672
4.892578
5.068359
5.122070
5.097656
4.956055
4.653320
4.331055
3.925781
3.437500
2.846680
2.338867
1.777344
1.303711
0.800781
0.400391
0.087891
-0.146484
-0.273438
-0.278320
-0.190430
0.009766
0.332031
0.698242
1.152344
1.621094
2.138672
2.695312
3.217773
3.706055
4.155273
4.526367
4.833984
5.019531
5.092773
5.063477
4.960938
4.711914
4.389648
4.003906
3.540039
2.998047
2.475586
1.953125
1.445312
0.937500
0.512695
0.185547
-0.053711
-0.209961
-0.258789
-0.190430
-0.043945
0.209961
0.595703
1.005859
1.499023
2.036133
2.573242
3.085938
3.608398
4.062500
4.443359
4.770508
4.965820
5.097656
5.117188
5.048828
4.814453
4.501953
4.150391
3.691406
3.168945
2.656250
2.070312
1.601562
1.098633
0.698242
0.307617
0.019531
-0.180664
-0.253906
-0.180664
-0.029297
0.205078
0.498047
0.888672
1.416016
1.914062
2.470703
3.017578
3.535156
3.979492
4.399414
4.726562
4.941406
5.112305
5.151367
5.078125
4.877930
4.575195
4.233398
3.818359
3.330078
2.768555
2.202148
1.728516
1.166992
0.732422
0.332031
0.058594
-0.141602
-0.253906
-0.205078
-0.126953
0.126953
0.410156
0.815430
1.269531
1.762695
2.324219
2.832031
3.378906
3.823242
4.287109
4.628906
4.882812
5.029297
5.141602
5.048828
4.892578
4.628906
4.301758
3.886719
3.403320
2.880859
2.373047
1.811523
1.279297
0.795898
0.400391
0.102539
-0.112305
-0.273438
-0.268555
-0.205078
-0.004883
0.302734
0.698242
1.118164
1.611328
2.133789
2.666016
3.222656
3.725586
4.165039
4.506836
4.794922
4.970703
5.078125
5.058594
4.951172
4.711914
4.399414
4.023438
3.525391
3.066406
2.480469
1.958008
1.420898
0.957031
0.527344
0.166016
-0.039062
-0.249023
-0.239258
-0.175781
-0.014648
0.239258
0.576172
0.976562
1.508789
2.050781
2.558594
3.066406
3.627930
4.072266
4.453125
4.731445
4.995117
5.058594
5.087891
5.019531
4.790039
4.462891
4.077148
3.671875
3.129883
2.607422
2.094727
1.552734
1.064453
0.639648
0.268555
0.000000
-0.185547
-0.297852
-0.214844
-0.063477
0.190430
0.498047
0.913086
1.362305
1.889648
2.441406
2.983398
3.496094
3.930664
4.389648
4.711914
4.931641
5.058594
5.097656
5.058594
4.848633
4.594727
4.228516
3.774414
3.276367
2.773438
2.207031
1.684570
1.186523
0.747070
0.351562
0.024414
-0.136719
-0.244141
-0.249023
-0.126953
0.083008
0.405273
0.830078
1.250000
1.777344
2.329102
2.846680
3.393555
3.857422
4.277344
4.624023
4.902344
5.083008
5.112305
5.083008
4.912109
4.707031
4.345703
3.920898
3.422852
2.871094
2.319336
1.782227
1.250000
0.781250
0.434570
0.068359
-0.161133
-0.263672
-0.278320
-0.214844
0.019531
0.288086
0.659180
1.108398
1.625977
2.109375
2.690430
3.203125
3.696289
4.179688
4.501953
4.833984
5.000000
5.083008
5.073242
4.951172
4.731445
4.389648
3.984375
3.520508
3.012695
2.475586
1.953125
1.435547
0.922852
0.502930
0.205078
-0.048828
-0.214844
-0.278320
-0.190430
-0.019531
0.239258
0.620117
1.020508
1.538086
2.026367
2.558594
3.076172
3.623047
4.082031
4.458008
4.765625
4.995117
5.102539
5.102539
5.014648
4.838867
4.497070
4.150391
3.696289
3.178711
2.636719
2.109375
1.582031
1.079102
0.683594
0.317383
0.039062
-0.131836
-0.224609
-0.214844
-0.053711
0.190430
0.546875
0.942383
1.455078
1.938477
2.451172
3.027344
3.515625
4.018555
4.384766
4.716797
5.004883
5.117188
5.151367
5.097656
4.873047
4.599609
4.252930
3.808594
3.320312
2.797852
2.236328
1.679688
1.196289
0.737305
0.302734
0.039062
-0.156250
-0.219727
-0.229492
-0.112305
0.131836
0.439453
0.834961
1.259766
1.782227
2.304688
2.841797
3.344727
3.847656
4.277344
4.628906
4.873047
5.034180
5.151367
5.063477
4.887695
4.628906
4.291992
3.896484
3.393555
2.856445
2.309570
1.806641
1.313477
0.815430
0.419922
0.092773
-0.136719
-0.234375
-0.273438
-0.180664
0.000000
0.302734
0.688477
1.132812
1.616211
2.148438
2.675781
3.212891
3.715820
4.121094
4.477539
4.785156
4.990234
5.097656
5.058594
4.946289
4.731445
4.394531
3.999023
3.544922
3.017578
2.470703
1.967773
1.401367
0.913086
0.546875
0.166016
-0.083008
-0.219727
-0.268555
-0.205078
-0.024414
0.214844
0.537109
1.005859
1.479492
2.011719
2.578125
3.066406
3.603516
4.067383
4.423828
4.721680
4.965820
5.107422
5.107422
4.980469
4.794922
4.492188
4.145508
3.637695
3.139648
2.646484
2.065430
1.572266
1.079102
0.639648
0.209961
-0.014648
-0.190430
-0.273438
-0.180664
-0.083008
0.209961
0.556641
0.932617
1.376953
1.914062
2.431641
3.002930
3.496094
3.964844
4.370117
4.653320
4.926758
5.073242
5.112305
5.014648
4.824219
4.589844
4.213867
3.798828
3.286133
2.753906
2.202148
1.679688
1.196289
0.712891
0.346680
0.053711
-0.146484
-0.268555
-0.253906
-0.112305
0.092773
0.405273
0.810547
1.240234
1.796875
2.299805
2.851562
3.369141
3.857422
4.277344
4.648438
4.873047
5.043945
5.141602
5.073242
4.931641
4.658203
4.331055
3.920898
3.432617
2.905273
2.319336
1.801758
1.264648
0.830078
0.405273
0.092773
-0.136719
-0.263672
-0.312500
-0.234375
-0.014648
0.312500
0.644531
1.113281
1.611328
2.153320
2.656250
3.242188
3.701172
4.121094
4.492188
4.809570
5.000000
5.068359
5.063477
4.951172
4.731445
4.384766
3.989258
3.559570
3.017578
2.495117
1.948242
1.435547
0.952148
0.512695
0.205078
-0.073242
-0.224609
-0.249023
-0.219727
-0.014648
0.244141
0.581055
1.010742
1.538086
2.031250
2.578125
3.125000
3.593750
4.077148
4.453125
4.785156
4.970703
5.063477
5.136719
5.014648
4.799805
4.501953
4.101562
3.666992
3.198242
2.641602
2.099609
1.552734
1.074219
0.693359
0.307617
0.019531
-0.170898
-0.253906
-0.205078
-0.043945
0.219727
0.532227
0.957031
1.416016
1.894531
2.480469
3.051758
3.564453
3.994141
4.394531
4.741211
4.985352
5.122070
5.156250
5.034180
4.902344
4.614258
4.267578
3.842773
3.305664
2.797852
2.216797
1.738281
1.206055
0.747070
0.351562
0.034180
-0.166016
-0.244141
-0.244141
-0.107422
0.102539
0.390625
0.810547
1.264648
1.796875
2.348633
2.827148
3.398438
3.857422
4.287109
4.658203
4.897461
5.043945
5.063477
5.063477
4.892578
4.687500
4.311523
3.906250
3.403320
2.875977
2.343750
1.787109
1.284180
0.820312
0.419922
0.097656
-0.131836
-0.244141
-0.273438
-0.166016
-0.009766
0.322266
0.703125
1.137695
1.630859
2.143555
2.661133
3.198242
3.701172
4.169922
4.501953
4.804688
5.014648
5.058594
5.053711
4.936523
4.687500
4.418945
4.008789
3.525391
3.012695
2.480469
1.967773
1.416016
0.971680
0.527344
0.166016
-0.078125
-0.229492
-0.278320
-0.244141
-0.053711
0.229492
0.610352
0.986328
1.503906
2.041016
2.539062
3.085938
3.613281
4.028320
4.443359
4.760742
4.970703
5.107422
5.102539
5.004883
4.809570
4.506836
4.086914
3.662109
3.139648
2.587891
2.104492
1.547852
1.079102
0.610352
0.244141
-0.024414
-0.151367
-0.268555
-0.263672
-0.083008
0.219727
0.512695
0.922852
1.391602
1.889648
2.456055
2.988281
3.500977
3.974609
4.360352
4.716797
4.931641
5.092773
5.107422
5.063477
4.843750
4.560547
4.194336
3.784180
3.271484
2.763672
2.226562
1.674805
1.176758
0.766602
0.356445
0.063477
-0.146484
-0.244141
-0.258789
-0.117188
0.087891
0.371094
0.795898
1.269531
1.772461
2.309570
2.861328
3.369141
3.867188
4.306641
4.628906
4.882812
5.092773
5.131836
5.073242
4.912109
4.687500
4.331055
3.916016
3.447266
2.905273
2.319336
1.782227
1.293945
0.825195
0.410156
0.092773
-0.126953
-0.258789
-0.302734
-0.200195
-0.014648
0.278320
0.659180
1.088867
1.601562
2.133789
2.695312
3.203125
3.710938
4.130859
4.521484
4.838867
5.024414
5.092773
5.092773
4.951172
4.721680
4.394531
4.008789
3.535156
3.037109
2.465820
1.943359
1.411133
0.927734
0.541992
0.195312
-0.083008
-0.200195
-0.268555
-0.219727
-0.029297
0.234375
0.629883
1.040039
1.528320
2.045898
2.553711
3.100586
3.574219
4.057617
4.438477
4.770508
4.975586
5.073242
5.131836
5.000000
4.814453
4.492188
4.116211
3.647461
3.188477
2.656250
2.094727
1.552734
1.079102
0.673828
0.341797
0.009766
-0.190430
-0.258789
-0.175781
-0.048828
0.195312
0.541992
0.961914
1.450195
1.948242
2.480469
2.978516
3.510742
3.999023
4.384766
4.765625
4.960938
5.122070
5.156250
5.068359
4.882812
4.545898
4.243164
3.823242
3.320312
2.807617
2.231445
1.704102
1.206055
0.722656
0.371094
0.058594
-0.180664
-0.258789
-0.190430
-0.087891
0.117188
0.415039
0.795898
1.274414
1.767578
2.304688
2.827148
3.378906
3.862305
4.267578
4.643555
4.863281
5.063477
5.146484
5.058594
4.931641
4.658203
4.287109
3.872070
3.408203
2.929688
2.324219
1.826172
1.269531
0.830078
0.424805
0.112305
-0.141602
-0.249023
-0.278320
-0.175781
0.043945
0.297852
0.668945
1.088867
1.616211
2.133789
2.700195
3.203125
3.701172
4.150391
4.531250
4.794922
4.980469
5.078125
5.043945
4.956055
4.731445
4.389648
3.994141
3.544922
3.032227
2.465820
1.938477
1.425781
0.971680
0.502930
0.180664
-0.068359
-0.214844
-0.292969
-0.185547
-0.034180
0.244141
0.546875
1.010742
1.503906
1.987305
2.568359
3.100586
3.583984
4.062500
4.458008
4.775391
4.995117
5.083008
5.063477
4.985352
4.799805
4.482422
4.135742
3.671875
3.120117
2.568359
2.084961
1.577148
1.044922
0.590820
0.292969
-0.024414
-0.180664
-0.283203
-0.219727
-0.117188
0.185547
0.532227
0.971680
1.425781
1.918945
2.416992
2.978516
3.471680
3.955078
4.360352
4.697266
4.926758
5.063477
5.078125
5.043945
4.873047
4.575195
4.228516
3.730469
3.291016
2.758789
2.216797
1.713867
1.186523
0.737305
0.361328
0.053711
-0.151367
-0.249023
-0.219727
-0.141602
0.107422
0.405273
0.791016
1.298828
1.791992
2.304688
2.851562
3.369141
3.847656
4.277344
4.643555
4.902344
5.073242
5.126953
5.092773
4.921875
4.667969
4.331055
3.911133
3.427734
2.895508
2.314453
1.816406
1.274414
0.791016
0.400391
0.083008
-0.146484
-0.278320
-0.312500
-0.185547
-0.019531
0.312500
0.698242
1.137695
1.640625
2.128906
2.685547
3.222656
3.710938
4.189453
4.516602
4.790039
5.000000
5.097656
5.092773
4.970703
4.755859
4.423828
4.003906
3.525391
3.007812
2.495117
1.928711
1.430664
0.976562
0.488281
0.190430
-0.068359
-0.219727
-0.258789
-0.161133
-0.034180
0.229492
0.600586
0.996094
1.494141
2.016602
2.563477
3.090820
3.598633
4.047852
4.428711
4.750977
4.990234
5.102539
5.117188
5.000000
4.814453
4.492188
4.140625
3.642578
3.183594
2.661133
2.080078
1.547852
1.083984
0.649414
0.273438
0.034180
-0.146484
-0.244141
-0.219727
-0.043945
0.200195
0.537109
0.908203
1.391602
1.914062
2.475586
3.007812
3.496094
4.013672
4.394531
4.726562
4.960938
5.078125
5.146484
5.039062
4.921875
4.609375
4.208984
3.779297
3.286133
2.783203
2.226562
1.718750
1.186523
0.722656
0.351562
0.019531
-0.180664
-0.268555
-0.219727
-0.117188
0.126953
0.419922
0.830078
1.274414
1.748047
2.285156
2.871094
3.403320
3.823242
4.272461
4.604492
4.892578
5.078125
5.136719
5.024414
4.863281
4.643555
4.306641
3.906250
3.388672
2.875977
2.338867
1.787109
1.298828
0.805664
0.395508
0.092773
-0.136719
-0.229492
-0.283203
-0.209961
0.000000
0.297852
0.673828
1.118164
1.606445
2.138672
2.656250
3.237305
3.701172
4.135742
4.477539
4.804688
5.000000
5.078125
5.058594
4.931641
4.716797
4.409180
3.989258
3.510742
3.002930
2.519531
1.923828
1.425781
0.966797
0.556641
0.170898
-0.097656
-0.195312
-0.278320
-0.214844
-0.029297
0.258789
0.595703
1.010742
1.494141
2.021484
2.592773
3.105469
3.623047
4.072266
4.433594
4.741211
5.009766
5.107422
5.097656
4.995117
4.760742
4.521484
4.091797
3.618164
3.120117
2.636719
2.080078
1.528320
1.059570
0.600586
0.234375
-0.004883
-0.190430
-0.263672
-0.253906
-0.087891
0.175781
0.527344
0.937500
1.440430
1.918945
2.470703
2.978516
3.510742
3.974609
4.365234
4.716797
4.931641
5.063477
5.097656
5.019531
4.858398
4.565430
4.218750
3.759766
3.295898
2.739258
2.187500
1.645508
1.230469
0.742188
0.336914
0.039062
-0.156250
-0.249023
-0.219727
-0.146484
0.087891
0.415039
0.781250
1.264648
1.806641
2.304688
2.841797
3.408203
3.876953
4.287109
4.638672
4.897461
5.063477
5.161133
5.097656
4.892578
4.667969
4.331055
3.945312
3.452148
2.851562
2.319336
1.801758
1.289062
0.791016
0.390625
0.063477
-0.151367
-0.273438
-0.278320
-0.180664
0.024414
0.302734
0.698242
1.108398
1.616211
2.114258
2.675781
3.193359
3.701172
4.169922
4.501953
4.848633
5.004883
5.112305
5.063477
4.936523
4.741211
4.409180
3.999023
3.515625
2.993164
2.485352
1.943359
1.435547
0.922852
0.502930
0.190430
-0.063477
-0.214844
-0.278320
-0.190430
-0.048828
0.205078
0.561523
1.005859
1.499023
2.045898
2.558594
3.095703
3.574219
4.047852
4.462891
4.736328
4.990234
5.083008
5.097656
4.960938
4.819336
4.511719
4.125977
3.647461
3.178711
2.646484
2.084961
1.586914
1.108398
0.668945
0.288086
0.000000
-0.195312
-0.278320
-0.224609
-0.048828
0.209961
0.498047
0.917969
1.425781
1.953125
2.475586
2.978516
3.525391
3.979492
4.404297
4.672852
4.912109
5.122070
5.141602
5.029297
4.873047
4.565430
4.228516
3.813477
3.305664
2.739258
2.207031
1.679688
1.152344
0.742188
0.322266
0.043945
-0.170898
-0.278320
-0.219727
-0.117188
0.073242
0.405273
0.805664
1.274414
1.777344
2.290039
2.827148
3.398438
3.872070
4.238281
4.594727
4.858398
5.058594
5.078125
5.034180
4.912109
4.619141
4.291992
3.867188
3.369141
2.871094
2.343750
1.806641
1.293945
0.820312
0.400391
0.097656
-0.112305
-0.239258
-0.317383
-0.195312
-0.029297
0.297852
0.668945
1.147461
1.611328
2.084961
2.651367
3.208008
3.715820
4.165039
4.501953
4.775391
4.990234
5.078125
5.068359
4.946289
4.726562
4.379883
3.999023
3.544922
3.051758
2.504883
1.953125
1.420898
0.927734
0.532227
0.190430
-0.043945
-0.219727
-0.273438
-0.195312
-0.048828
0.258789
0.571289
1.015625
1.459961
1.997070
2.558594
3.100586
3.627930
4.052734
4.453125
4.755859
5.000000
5.087891
5.083008
5.009766
4.770508
4.497070
4.116211
3.652344
3.159180
2.641602
2.109375
1.513672
1.054688
0.639648
0.268555
0.024414
-0.205078
-0.268555
-0.195312
-0.043945
0.214844
0.551758
0.952148
1.396484
1.909180
2.485352
3.002930
3.544922
3.999023
4.389648
4.736328
4.965820
5.097656
5.185547
5.073242
4.877930
4.589844
4.208984
3.779297
3.315430
2.749023
2.221680
1.689453
1.210938
0.756836
0.380859
0.102539
-0.122070
-0.234375
-0.244141
-0.073242
0.112305
0.434570
0.815430
1.328125
1.806641
2.338867
2.885742
3.437500
3.896484
4.311523
4.658203
4.936523
5.107422
5.175781
5.117188
4.956055
4.711914
4.350586
3.955078
3.461914
2.919922
2.373047
1.835938
1.313477
0.908203
0.449219
0.136719
-0.097656
-0.219727
-0.224609
-0.117188
0.043945
0.332031
0.703125
1.166992
1.650391
2.187500
2.719727
3.266602
3.764648
4.199219
4.580078
4.853516
5.073242
5.136719
5.141602
5.009766
4.790039
4.443359
4.042969
3.579102
3.071289
2.534180
1.997070
1.469727
0.981445
0.556641
0.205078
-0.034180
-0.161133
-0.229492
-0.151367
0.048828
0.278320
0.639648
1.054688
1.542969
2.065430
2.631836
3.144531
3.637695
4.121094
4.482422
4.824219
5.024414
5.122070
5.156250
5.078125
4.873047
4.541016
4.165039
3.715820
3.217773
2.685547
2.143555
1.645508
1.137695
0.673828
0.312500
0.048828
-0.122070
-0.175781
-0.126953
-0.014648
0.229492
0.581055
0.986328
1.459961
1.982422
2.504883
3.022461
3.535156
4.028320
4.414062
4.750977
5.004883
5.131836
5.166016
5.131836
4.902344
4.614258
4.228516
3.837891
3.344727
2.773438
2.226562
1.694336
1.201172
0.742188
0.317383
0.029297
-0.175781
-0.258789
-0.239258
-0.087891
0.083008
0.410156
0.825195
1.240234
1.728516
2.280273
2.832031
3.339844
3.847656
4.228516
4.565430
4.858398
5.039062
5.092773
5.019531
4.877930
4.638672
4.277344
3.896484
3.374023
2.836914
2.319336
1.767578
1.279297
0.810547
0.356445
0.063477
-0.156250
-0.263672
-0.288086
-0.239258
-0.053711
0.263672
0.654297
1.088867
1.577148
2.070312
2.631836
3.168945
3.637695
4.096680
4.462891
4.741211
4.941406
5.004883
5.004883
4.877930
4.687500
4.331055
3.940430
3.461914
2.934570
2.460938
1.865234
1.352539
0.878906
0.458984
0.122070
-0.083008
-0.258789
-0.332031
-0.258789
-0.117188
0.170898
0.532227
0.966797
1.435547
1.943359
2.519531
3.027344
3.535156
3.999023
4.414062
4.716797
4.946289
5.039062
4.995117
4.921875
4.746094
4.438477
4.038086
3.632812
3.090820
2.573242
2.075195
1.503906
1.020508
0.595703
0.244141
-0.043945
-0.239258
-0.297852
-0.239258
-0.068359
0.190430
0.512695
0.913086
1.352539
1.923828
2.397461
2.993164
3.471680
3.969727
4.370117
4.682617
4.916992
5.078125
5.063477
5.034180
4.833984
4.584961
4.189453
3.774414
3.276367
2.753906
2.231445
1.669922
1.210938
0.727539
0.400391
0.053711
-0.122070
-0.253906
-0.214844
-0.107422
0.097656
0.439453
0.830078
1.303711
1.767578
2.329102
2.866211
3.393555
3.920898
4.321289
4.658203
4.931641
5.097656
5.151367
5.112305
4.936523
4.658203
4.365234
3.930664
3.461914
2.919922
2.373047
1.831055
1.323242
0.834961
0.419922
0.141602
-0.122070
-0.249023
-0.283203
-0.175781
0.004883
0.302734
0.737305
1.162109
1.650391
2.182617
2.724609
3.266602
3.750000
4.174805
4.560547
4.814453
5.039062
5.136719
5.112305
4.965820
4.775391
4.418945
4.008789
3.549805
3.017578
2.485352
1.938477
1.420898
0.971680
0.527344
0.180664
-0.068359
-0.190430
-0.253906
-0.200195
-0.039062
0.244141
0.585938
1.035156
1.499023
2.026367
2.583008
3.100586
3.627930
4.047852
4.448242
4.785156
4.956055
5.083008
5.068359
4.995117
4.804688
4.516602
4.121094
3.637695
3.178711
2.651367
2.084961
1.542969
1.049805
0.644531
0.288086
0.004883
-0.180664
-0.239258
-0.195312
-0.048828
0.200195
0.532227
0.932617
1.411133
1.870117
2.456055
3.007812
3.505859
4.008789
4.404297
4.731445
4.926758
5.107422
5.126953
5.058594
4.877930
4.604492
4.233398
3.754883
3.276367
2.773438
2.226562
1.718750
1.186523
0.717773
0.322266
0.029297
-0.195312
-0.229492
-0.249023
-0.097656
0.087891
0.405273
0.834961
1.274414
1.752930
2.333984
2.822266
3.344727
3.803711
4.257812
4.648438
4.882812
5.034180
5.092773
5.058594
4.921875
4.682617
4.287109
3.876953
3.364258
2.890625
2.353516
1.796875
1.279297
0.820312
0.419922
0.117188
-0.131836
-0.253906
-0.253906
-0.166016
0.004883
0.283203
0.693359
1.127930
1.630859
2.133789
2.700195
3.232422
3.725586
4.179688
4.545898
4.799805
5.000000
5.117188
5.087891
4.965820
4.775391
4.418945
4.033203
3.574219
3.061523
2.524414
1.972656
1.445312
1.010742
0.581055
0.205078
-0.043945
-0.180664
-0.200195
-0.161133
-0.009766
0.263672
0.644531
1.069336
1.528320
2.045898
2.617188
3.110352
3.652344
4.091797
4.453125
4.794922
5.043945
5.126953
5.141602
5.039062
4.829102
4.511719
4.116211
3.710938
3.208008
2.641602
2.114258
1.591797
1.083984
0.698242
0.302734
-0.009766
-0.126953
-0.229492
-0.175781
-0.004883
0.239258
0.561523
0.986328
1.416016
1.953125
2.495117
3.017578
3.535156
4.028320
4.399414
4.731445
4.970703
5.092773
5.151367
5.078125
4.907227
4.619141
4.218750
3.808594
3.330078
2.822266
2.260742
1.699219
1.171875
0.771484
0.410156
0.078125
-0.131836
-0.224609
-0.195312
-0.068359
0.136719
0.415039
0.859375
1.293945
1.782227
2.333984
2.871094
3.417969
3.881836
4.267578
4.638672
4.921875
5.078125
5.156250
5.078125
4.941406
4.697266
4.345703
3.916016
3.452148
2.939453
2.338867
1.816406
1.293945
0.825195
0.434570
0.078125
-0.122070
-0.268555
-0.302734
-0.195312
0.029297
0.297852
0.693359
1.079102
1.591797
2.143555
2.680664
