1.982422
1.430664
0.957031
0.512695
0.200195
-0.034180
-0.229492
-0.268555
-0.209961
-0.024414
0.219727
0.610352
1.025391
1.513672
2.001953
2.573242
3.105469
3.618164
4.047852
4.453125
4.741211
4.975586
5.131836
5.141602
5.039062
4.829102
4.521484
4.140625
3.701172
3.183594
2.607422
2.109375
1.582031
1.108398
0.673828
0.322266
0.063477
-0.146484
-0.219727
-0.200195
-0.024414
0.175781
0.483398
0.981445
1.420898
1.923828
2.460938
2.978516
3.520508
4.003906
4.389648
4.750977
4.941406
5.117188
5.156250
5.083008
4.892578
4.604492
4.238281
3.793945
3.320312
2.797852
2.211914
1.674805
1.186523
0.761719
0.346680
0.087891
-0.141602
-0.219727
-0.195312
-0.117188
0.097656
0.419922
0.830078
1.298828
1.787109
2.299805
2.861328
3.403320
3.823242
4.243164
4.614258
4.907227
5.126953
5.097656
5.053711
4.907227
4.614258
4.291992
3.881836
3.388672
2.890625
2.324219
1.816406
1.318359
0.810547
0.400391
0.092773
-0.122070
-0.263672
-0.249023
-0.180664
-0.024414
0.302734
0.668945
1.142578
1.655273
2.138672
2.719727
3.237305
3.720703
4.140625
4.501953
4.833984
5.019531
5.136719
5.097656
5.004883
4.760742
4.404297
4.013672
3.544922
3.027344
2.490234
1.982422
1.406250
0.913086
0.556641
0.195312
-0.073242
-0.209961
-0.239258
-0.185547
-0.004883
0.229492
0.605469
1.020508
1.474609
2.001953
2.607422
3.125000
3.588867
4.062500
4.462891
4.760742
4.960938
5.131836
5.131836
4.975586
4.760742
4.482422
4.121094
3.671875
3.173828
2.641602
2.065430
1.523438
1.035156
0.659180
0.292969
-0.004883
-0.185547
-0.249023
-0.224609
-0.048828
0.205078
0.532227
0.922852
1.401367
1.865234
2.397461
2.983398
3.486328
3.950195
4.370117
4.707031
4.926758
5.083008
5.122070
5.029297
4.858398
4.550781
4.228516
3.774414
3.300781
2.758789
2.231445
1.689453
1.206055
0.727539
0.375977
0.063477
-0.170898
-0.229492
-0.195312
-0.112305
0.073242
0.410156
0.810547
1.289062
1.782227
2.299805
2.827148
3.334961
3.847656
4.262695
4.633789
4.912109
5.039062
5.136719
5.068359
4.941406
4.667969
4.296875
3.891602
3.378906
2.861328
2.348633
1.806641
1.264648
0.791016
0.395508
0.092773
-0.107422
-0.244141
-0.297852
-0.209961
0.004883
0.317383
0.668945
1.127930
1.591797
2.133789
2.680664
3.203125
3.706055
4.160156
4.526367
4.819336
4.995117
5.092773
5.107422
4.985352
4.721680
4.428711
3.984375
3.544922
3.032227
2.500000
1.962891
1.450195
0.947266
0.537109
0.190430
-0.058594
-0.195312
-0.273438
-0.175781
-0.043945
0.253906
0.590820
0.996094
1.479492
2.021484
2.592773
3.105469
3.583984
4.077148
4.492188
4.794922
4.975586
5.063477
5.126953
5.004883
4.794922
4.501953
4.121094
3.652344
3.183594
2.719727
2.128906
1.582031
1.079102
0.649414
0.307617
-0.004883
-0.146484
-0.234375
-0.175781
-0.043945
0.156250
0.512695
0.883789
1.401367
1.899414
2.500000
2.998047
3.525391
3.979492
4.409180
4.731445
4.975586
5.063477
5.175781
5.068359
4.921875
4.638672
4.213867
3.803711
3.291016
2.744141
2.216797
1.674805
1.210938
0.732422
0.356445
0.078125
-0.146484
-0.205078
-0.239258
-0.102539
0.122070
0.429688
0.844727
1.279297
1.757812
2.353516
2.900391
3.369141
3.842773
4.282227
4.609375
4.926758
5.083008
5.097656
5.058594
4.936523
4.653320
4.345703
3.886719
3.398438
2.895508
2.329102
1.831055
1.293945
0.795898
0.463867
0.131836
-0.131836
-0.278320
-0.253906
-0.185547
0.019531
0.327148
0.712891
1.103516
1.606445
2.119141
2.709961
3.208008
3.730469
4.155273
4.526367
4.814453
5.004883
5.141602
5.083008
4.951172
4.726562
4.394531
4.018555
3.559570
3.007812
2.500000
1.953125
1.440430
0.932617
0.541992
0.156250
-0.097656
-0.239258
-0.292969
-0.195312
-0.039062
0.253906
0.600586
1.025391
1.499023
2.080078
2.597656
3.090820
3.579102
4.052734
4.453125
4.794922
5.024414
5.092773
5.087891
4.995117
4.809570
4.506836
4.096680
3.642578
3.178711
2.670898
2.070312
1.538086
1.035156
0.615234
0.268555
0.000000
-0.161133
-0.268555
-0.205078
-0.087891
0.161133
0.507812
0.932617
1.406250
1.928711
2.441406
3.007812
3.491211
3.964844
4.360352
4.692383
4.936523
5.092773
5.112305
5.058594
4.819336
4.580078
4.228516
3.779297
3.271484
2.768555
2.226562
1.669922
1.186523
0.717773
0.312500
0.053711
-0.141602
-0.258789
-0.219727
-0.126953
0.058594
0.410156
0.795898
1.289062
1.791992
2.290039
2.832031
3.374023
3.857422
4.282227
4.648438
4.877930
5.073242
5.112305
5.092773
4.926758
4.653320
4.326172
3.876953
3.393555
2.875977
2.377930
1.816406
1.298828
0.815430
0.385742
0.097656
-0.122070
-0.234375
-0.273438
-0.175781
0.029297
0.317383
0.673828
1.113281
1.630859
2.143555
2.724609
3.222656
3.715820
4.165039
4.526367
4.819336
5.000000
5.107422
5.092773
4.941406
4.726562
4.404297
3.994141
3.559570
2.998047
2.480469
1.953125
1.420898
0.957031
0.527344
0.190430
-0.058594
-0.175781
-0.288086
-0.180664
-0.029297
0.253906
0.585938
1.020508
1.503906
2.041016
2.558594
3.095703
3.598633
4.091797
4.428711
4.736328
5.029297
5.078125
5.102539
5.034180
4.780273
4.506836
4.130859
3.647461
3.164062
2.641602
2.089844
1.572266
1.074219
0.678711
0.297852
0.014648
-0.126953
-0.258789
-0.170898
-0.039062
0.200195
0.522461
0.908203
1.425781
1.899414
2.460938
2.973633
3.520508
3.974609
4.414062
4.716797
4.936523
5.058594
5.107422
5.053711
4.877930
4.619141
4.243164
3.784180
3.315430
2.778320
2.226562
1.674805
1.210938
0.742188
0.371094
0.039062
-0.122070
-0.219727
-0.244141
-0.092773
0.126953
0.400391
0.815430
1.274414
1.752930
2.290039
2.866211
3.359375
3.842773
4.238281
4.614258
4.912109
5.073242
5.083008
5.048828
4.916992
4.624023
4.311523
3.857422
3.408203
2.880859
2.338867
1.821289
1.274414
0.864258
0.458984
0.136719
-0.136719
-0.253906
-0.273438
-0.185547
0.004883
0.288086
0.678711
1.123047
1.621094
2.143555
2.714844
3.183594
3.715820
4.145508
4.536133
4.819336
5.029297
5.078125
5.122070
4.975586
4.736328
4.414062
3.984375
3.520508
3.037109
2.475586
1.928711
1.411133
0.961914
0.566406
0.170898
-0.063477
-0.214844
-0.273438
-0.151367
-0.024414
0.253906
0.561523
0.986328
1.464844
2.045898
2.587891
3.139648
3.579102
4.033203
4.438477
4.790039
4.985352
5.058594
5.068359
5.014648
4.775391
4.492188
4.106445
3.623047
3.129883
2.656250
2.075195
1.503906
1.098633
0.625000
0.283203
-0.029297
-0.180664
-0.268555
-0.244141
-0.087891
0.219727
0.478516
0.917969
1.396484
1.889648
2.392578
2.958984
3.510742
3.925781
4.375000
4.682617
4.951172
5.073242
5.112305
5.024414
4.863281
4.589844
4.184570
3.793945
3.261719
2.744141
2.241211
1.640625
1.176758
0.747070
0.351562
0.029297
-0.170898
-0.214844
-0.268555
-0.131836
0.083008
0.395508
0.849609
1.274414
1.767578
2.299805
2.846680
3.393555
3.852539
4.262695
4.633789
4.916992
5.092773
5.117188
5.058594
4.907227
4.697266
4.287109
3.852539
3.403320
2.856445
2.290039
1.767578
1.264648
0.800781
0.444336
0.097656
-0.087891
-0.239258
-0.278320
-0.195312
0.034180
0.292969
0.673828
1.123047
1.621094
2.128906
2.680664
3.237305
3.735352
4.160156
4.541016
4.829102
5.034180
5.136719
5.117188
4.970703
4.746094
4.384766
3.999023
3.535156
3.051758
2.465820
1.962891
1.425781
0.947266
0.527344
0.205078
-0.058594
-0.214844
-0.258789
-0.175781
-0.039062
0.239258
0.590820
1.049805
1.528320
1.987305
2.495117
3.115234
3.598633
4.042969
4.448242
4.731445
4.956055
5.146484
5.117188
5.019531
4.780273
4.501953
4.116211
3.666992
3.183594
2.617188
2.119141
1.572266
1.079102
0.654297
0.312500
0.004883
-0.156250
-0.268555
-0.209961
-0.078125
0.200195
0.502930
0.952148
1.430664
1.899414
2.451172
2.978516
3.510742
3.979492
4.355469
4.697266
4.960938
5.112305
5.131836
5.087891
4.907227
4.594727
4.248047
3.779297
3.295898
2.749023
2.177734
1.699219
1.191406
0.703125
0.351562
0.034180
-0.146484
-0.249023
-0.219727
-0.102539
0.092773
0.400391
0.781250
1.279297
1.772461
2.304688
2.832031
3.349609
3.876953
4.277344
4.628906
4.863281
5.083008
5.092773
5.034180
4.907227
4.619141
4.350586
3.881836
3.413086
2.895508
2.319336
1.796875
1.323242
0.815430
0.390625
0.102539
-0.146484
-0.249023
-0.278320
-0.161133
0.043945
0.297852
0.698242
1.113281
1.640625
2.104492
2.675781
3.203125
3.662109
4.150391
4.501953
4.838867
5.029297
5.112305
5.063477
4.956055
4.726562
4.394531
3.989258
3.515625
3.041992
2.475586
1.962891
1.411133
0.922852
0.541992
0.175781
-0.039062
-0.249023
-0.278320
-0.180664
-0.004883
0.234375
0.561523
1.015625
1.557617
2.050781
2.568359
3.095703
3.603516
4.077148
4.501953
4.760742
4.975586
5.068359
5.092773
5.019531
4.794922
4.521484
4.121094
3.632812
3.134766
2.592773
2.075195
1.533203
1.035156
0.629883
0.307617
-0.024414
-0.200195
-0.214844
-0.170898
-0.058594
0.166016
0.498047
0.917969
1.396484
1.923828
2.456055
2.988281
3.471680
3.945312
4.384766
4.687500
4.931641
5.092773
5.122070
5.029297
4.843750
4.580078
4.233398
3.789062
3.256836
2.773438
2.197266
1.674805
1.181641
0.717773
0.351562
0.039062
-0.146484
-0.239258
-0.239258
-0.141602
0.087891
0.419922
0.844727
1.254883
1.782227
2.329102
2.822266
3.374023
3.842773
4.301758
4.614258
4.902344
5.043945
5.112305
5.063477
4.897461
4.663086
4.306641
3.891602
3.413086
2.856445
2.319336
1.782227
1.318359
0.825195
0.405273
0.092773
-0.136719
-0.258789
-0.244141
-0.170898
0.068359
0.297852
0.668945
1.103516
1.601562
2.128906
2.700195
3.212891
3.745117
4.145508
4.521484
4.814453
5.034180
5.126953
5.107422
4.960938
4.721680
4.394531
4.003906
3.520508
2.998047
2.485352
1.953125
1.430664
0.961914
0.537109
0.146484
-0.078125
-0.175781
-0.258789
-0.195312
-0.048828
0.244141
0.595703
1.030273
1.503906
1.982422
2.543945
3.115234
3.593750
4.062500
4.482422
4.760742
4.965820
5.097656
5.097656
5.009766
4.814453
4.570312
4.135742
3.671875
3.188477
2.626953
2.109375
1.601562
1.113281
0.649414
0.253906
-0.029297
-0.205078
-0.239258
-0.146484
-0.024414
0.229492
0.507812
0.917969
1.381836
1.918945
2.500000
2.973633
3.510742
3.989258
4.389648
4.755859
5.004883
5.092773
5.161133
5.043945
4.892578
4.584961
4.213867
3.803711
3.295898
2.753906
2.255859
1.645508
1.181641
0.722656
0.385742
0.043945
-0.175781
-0.224609
-0.209961
-0.122070
0.087891
0.424805
0.800781
1.230469
1.791992
2.314453
2.856445
3.359375
3.852539
4.243164
4.619141
4.877930
5.043945
5.136719
5.083008
4.887695
4.663086
4.272461
3.911133
3.398438
2.885742
2.338867
1.811523
1.289062
0.869141
0.395508
0.102539
-0.136719
-0.268555
-0.253906
-0.156250
0.029297
0.278320
0.668945
1.108398
1.596680
2.124023
2.719727
3.212891
3.681641
4.135742
4.511719
4.809570
4.995117
5.083008
5.083008
4.936523
4.741211
4.414062
4.013672
3.535156
3.022461
2.500000
1.943359
1.435547
0.971680
0.532227
0.190430
-0.083008
-0.214844
-0.268555
-0.219727
-0.039062
0.258789
0.600586
1.015625
1.469727
2.011719
2.558594
3.105469
3.588867
4.047852
4.453125
4.765625
4.990234
5.112305
5.126953
4.985352
4.760742
4.501953
4.106445
3.671875
3.144531
2.626953
2.109375
1.513672
1.093750
0.654297
0.278320
-0.039062
-0.180664
-0.268555
-0.229492
-0.053711
0.170898
0.493164
0.917969
1.381836
1.914062
2.446289
2.973633
3.481445
3.969727
4.355469
4.687500
4.931641
5.078125
5.131836
5.024414
4.843750
4.570312
4.213867
3.803711
3.276367
2.739258
2.221680
1.679688
1.186523
0.747070
0.346680
0.039062
-0.156250
-0.224609
-0.253906
-0.102539
0.092773
0.390625
0.800781
1.264648
1.757812
2.309570
2.841797
3.354492
3.862305
4.316406
4.648438
4.882812
5.058594
5.126953
5.102539
4.921875
4.658203
4.287109
3.896484
3.432617
2.861328
2.358398
1.723633
1.259766
0.781250
0.419922
0.092773
-0.126953
-0.249023
-0.263672
-0.185547
0.058594
0.288086
0.688477
1.113281
1.616211
2.143555
2.709961
3.232422
3.720703
4.160156
4.506836
4.799805
5.019531
5.097656
5.097656
4.926758
4.746094
4.399414
3.999023
3.540039
3.002930
2.495117
1.943359
1.386719
0.917969
0.522461
0.190430
-0.034180
-0.219727
-0.244141
-0.219727
-0.019531
0.258789
0.605469
1.000977
1.508789
2.006836
2.573242
3.115234
3.598633
4.052734
4.462891
4.746094
4.995117
5.126953
5.117188
5.029297
4.799805
4.487305
4.121094
3.657227
3.193359
2.666016
2.084961
1.596680
1.044922
0.649414
0.268555
0.039062
-0.170898
-0.253906
-0.190430
-0.083008
0.166016
0.507812
0.917969
1.411133
1.982422
2.441406
3.051758
3.496094
4.003906
4.394531
4.750977
4.985352
5.136719
5.166016
5.039062
4.843750
4.633789
4.248047
3.823242
3.325195
2.749023
2.211914
1.640625
1.176758
0.766602
0.346680
0.053711
-0.141602
-0.268555
-0.249023
-0.107422
0.112305
0.429688
0.815430
1.284180
1.762695
2.314453
2.841797
3.374023
3.847656
4.277344
4.628906
4.897461
5.024414
5.102539
5.073242
4.916992
4.648438
4.282227
3.911133
3.374023
2.910156
2.343750
1.831055
1.284180
0.839844
0.419922
0.141602
-0.102539
-0.273438
-0.278320
-0.170898
0.004883
0.346680
0.659180
1.103516
1.625977
2.167969
2.734375
3.237305
3.706055
4.130859
4.501953
4.833984
5.039062
5.146484
5.097656
4.965820
4.736328
4.404297
3.994141
3.544922
3.032227
2.480469
1.967773
1.420898
0.957031
0.522461
0.253906
-0.073242
-0.214844
-0.292969
-0.200195
-0.034180
0.249023
0.566406
1.000977
1.489258
2.045898
2.587891
3.071289
3.613281
4.033203
4.458008
4.721680
4.960938
5.073242
5.117188
4.985352
4.765625
4.497070
4.062500
3.637695
3.149414
2.636719
2.104492
1.547852
1.015625
0.600586
0.297852
0.000000
-0.166016
-0.219727
-0.200195
-0.043945
0.190430
0.522461
0.913086
1.381836
1.909180
2.456055
2.988281
3.500977
3.959961
4.355469
4.716797
4.960938
5.102539
5.097656
5.039062
4.843750
4.565430
4.228516
3.793945
3.305664
2.749023
2.226562
1.669922
1.201172
0.756836
0.356445
0.058594
-0.136719
-0.258789
-0.278320
-0.122070
0.053711
0.439453
0.810547
1.254883
1.762695
2.309570
2.827148
3.369141
3.867188
4.291992
4.619141
4.892578
5.078125
5.131836
5.078125
4.897461
4.702148
4.321289
3.881836
3.378906
2.885742
2.319336
1.806641
1.293945
0.825195
0.458984
0.102539
-0.126953
-0.249023
-0.268555
-0.190430
0.019531
0.302734
0.639648
1.108398
1.630859
2.158203
2.695312
3.217773
3.691406
4.160156
4.526367
4.829102
5.034180
5.078125
5.073242
4.956055
4.721680
4.423828
3.994141
3.544922
3.002930
2.475586
1.943359
1.435547
0.971680
0.546875
0.156250
-0.053711
-0.214844
-0.288086
-0.185547
-0.024414
0.263672
0.581055
1.000977
1.499023
2.041016
2.563477
3.066406
3.647461
4.042969
4.453125
4.736328
5.004883
5.112305
5.102539
5.039062
4.799805
4.487305
4.116211
3.676758
3.168945
2.636719
2.070312
1.577148
1.108398
0.659180
0.278320
-0.004883
-0.136719
-0.175781
-0.180664
-0.043945
0.175781
0.493164
0.913086
1.396484
1.884766
2.441406
2.993164
3.564453
3.994141
4.423828
4.711914
4.956055
5.073242
5.107422
5.087891
4.863281
4.604492
4.238281
3.793945
3.276367
2.758789
2.202148
1.660156
1.166992
0.712891
0.356445
0.058594
-0.122070
-0.234375
-0.244141
-0.122070
0.107422
0.444336
0.815430
1.269531
1.791992
2.290039
2.836914
3.369141
3.872070
4.306641
4.677734
4.853516
5.034180
5.126953
5.073242
4.916992
4.663086
4.267578
3.872070
3.427734
2.900391
2.319336
1.816406
1.298828
0.839844
0.424805
0.063477
-0.126953
-0.244141
-0.283203
-0.136719
0.019531
0.297852
0.659180
1.113281
1.606445
2.163086
2.734375
3.198242
3.676758
4.150391
4.501953
4.819336
5.034180
5.083008
5.083008
4.956055
4.731445
4.418945
3.974609
3.535156
3.046875
2.485352
1.948242
1.411133
0.966797
0.498047
0.190430
-0.068359
-0.214844
-0.273438
-0.200195
-0.063477
0.229492
0.600586
1.044922
1.484375
2.021484
2.568359
3.081055
3.593750
4.062500
4.467773
4.785156
4.980469
5.092773
5.131836
4.975586
4.765625
4.482422
4.150391
3.696289
3.129883
2.597656
2.045898
1.577148
1.093750
0.629883
0.258789
-0.004883
-0.185547
-0.253906
-0.214844
-0.068359
0.141602
0.498047
0.942383
1.401367
1.923828
2.407227
2.963867
3.491211
3.940430
4.355469
4.702148
4.951172
5.073242
5.151367
5.034180
4.829102
4.575195
4.184570
3.803711
3.310547
2.753906
2.207031
1.645508
1.132812
0.751953
0.312500
0.063477
-0.170898
-0.244141
-0.234375
-0.126953
0.073242
0.405273
0.815430
1.269531
1.748047
2.304688
2.856445
3.364258
3.847656
4.296875
4.619141
4.907227
5.043945
5.097656
5.073242
4.956055
4.677734
4.321289
3.891602
3.398438
2.836914
2.324219
1.811523
1.308594
0.791016
0.371094
0.048828
-0.166016
-0.253906
-0.297852
-0.141602
0.029297
0.346680
0.722656
1.132812
1.606445
2.138672
2.675781
3.222656
3.735352
4.140625
4.526367
4.853516
5.004883
5.112305
5.083008
4.980469
4.726562
4.375000
3.979492
3.544922
3.017578
2.500000
1.948242
1.425781
0.937500
0.541992
0.195312
-0.068359
-0.234375
-0.249023
-0.205078
-0.014648
0.268555
0.664062
1.010742
1.494141
2.026367
2.568359
3.100586
3.588867
4.047852
4.467773
4.750977
4.995117
5.087891
5.107422
5.014648
4.838867
4.545898
4.116211
3.642578
3.168945
2.675781
2.109375
1.562500
1.108398
0.644531
0.322266
0.043945
-0.185547
-0.205078
-0.190430
-0.048828
0.190430
0.571289
0.971680
1.440430
1.938477
2.524414
3.017578
3.530273
4.023438
4.423828
4.760742
4.956055
5.112305
5.136719
5.058594
4.873047
4.628906
4.248047
3.808594
3.315430
2.734375
2.221680
1.689453
1.166992
0.742188
0.366211
0.053711
-0.151367
-0.205078
-0.185547
-0.131836
0.107422
0.424805
0.820312
1.274414
1.791992
2.304688
2.875977
3.359375
3.872070
4.257812
4.604492
4.892578
5.034180
5.078125
5.048828
4.931641
4.643555
4.326172
3.876953
3.378906
2.861328
2.348633
1.787109
1.298828
0.864258
0.395508
0.068359
-0.126953
-0.229492
-0.229492
-0.190430
0.024414
0.288086
0.703125
1.108398
1.601562
2.143555
2.714844
3.217773
3.696289
4.125977
4.492188
4.829102
5.029297
5.107422
5.087891
4.965820
4.746094
4.409180
4.008789
3.496094
3.012695
2.500000
1.953125
1.401367
0.937500
0.546875
0.175781
-0.058594
-0.200195
-0.278320
-0.214844
-0.004883
0.234375
0.576172
1.015625
1.508789
2.045898
2.597656
3.125000
3.613281
4.042969
4.438477
4.760742
5.019531
5.112305
5.083008
5.019531
4.838867
4.487305
4.086914
3.701172
3.134766
2.626953
2.060547
1.552734
1.083984
0.644531
0.273438
-0.034180
-0.146484
-0.214844
-0.175781
-0.083008
0.185547
0.488281
0.937500
1.401367
1.909180
2.446289
2.963867
3.486328
3.964844
4.404297
4.707031
4.941406
5.068359
5.097656
5.053711
4.882812
4.589844
4.218750
3.789062
3.271484
2.768555
2.211914
1.694336
1.186523
0.732422
0.346680
0.063477
-0.141602
-0.234375
-0.239258
-0.136719
0.068359
0.434570
0.830078
1.284180
1.811523
2.309570
2.856445
3.374023
3.862305
4.252930
4.638672
4.887695
5.102539
5.141602
5.097656
4.916992
4.667969
4.321289
3.886719
3.369141
2.841797
2.338867
1.791992
1.303711
0.761719
0.405273
0.063477
-0.146484
-0.253906
-0.249023
-0.185547
-0.014648
0.292969
0.634766
1.127930
1.596680
2.143555
2.724609
3.266602
3.740234
4.165039
4.550781
4.804688
5.034180
5.102539
5.097656
4.960938
4.726562
4.399414
3.989258
3.549805
2.998047
2.495117
1.948242
1.445312
0.937500
0.498047
0.175781
-0.063477
-0.224609
-0.249023
-0.185547
-0.004883
0.249023
0.600586
1.020508
1.499023
2.001953
2.553711
3.095703
3.598633
4.072266
4.462891
4.794922
5.039062
5.097656
5.117188
5.058594
4.824219
4.526367
4.096680
3.652344
3.193359
2.670898
2.124023
1.625977
1.054688
0.698242
0.327148
0.009766
-0.170898
-0.263672
-0.170898
-0.024414
0.214844
0.527344
0.957031
1.376953
1.948242
2.485352
2.993164
