2.260742
1.679688
1.210938
0.737305
0.346680
0.053711
-0.126953
-0.229492
-0.244141
-0.136719
0.092773
0.424805
0.830078
1.269531
1.787109
2.270508
2.836914
3.393555
3.901367
4.316406
4.667969
4.926758
5.087891
5.170898
5.141602
4.985352
4.721680
4.370117
3.945312
3.432617
2.915039
2.387695
1.850586
1.352539
0.854492
0.454102
0.102539
-0.117188
-0.205078
-0.224609
-0.136719
0.063477
0.292969
0.698242
1.108398
1.611328
2.143555
2.719727
3.247070
3.725586
4.165039
4.580078
4.853516
5.004883
5.092773
5.126953
4.936523
4.799805
4.443359
3.974609
3.520508
3.032227
2.534180
1.972656
1.450195
0.947266
0.517578
0.156250
-0.063477
-0.205078
-0.297852
-0.175781
-0.039062
0.229492
0.581055
1.010742
1.503906
1.992188
2.558594
3.051758
3.603516
4.038086
4.453125
4.765625
4.946289
5.112305
5.053711
4.990234
4.785156
4.482422
4.101562
3.618164
3.168945
2.548828
2.080078
1.528320
1.079102
0.620117
0.229492
-0.024414
-0.205078
-0.263672
-0.200195
-0.092773
0.126953
0.502930
0.893555
1.391602
1.860352
2.392578
2.954102
3.457031
3.969727
4.331055
4.663086
4.926758
5.058594
5.083008
5.014648
4.858398
4.565430
4.238281
3.774414
3.291016
2.734375
2.236328
1.669922
1.206055
0.717773
0.283203
0.024414
-0.146484
-0.283203
-0.258789
-0.102539
0.097656
0.375977
0.791016
1.215820
1.752930
2.236328
2.846680
3.359375
3.798828
4.272461
4.648438
4.887695
5.039062
5.102539
5.097656
4.912109
4.702148
4.311523
3.881836
3.417969
2.890625
2.363281
1.787109
1.289062
0.854492
0.375977
0.102539
-0.107422
-0.244141
-0.263672
-0.166016
0.004883
0.307617
0.678711
1.157227
1.640625
2.158203
2.680664
3.193359
3.710938
4.155273
4.516602
4.824219
4.990234
5.092773
5.063477
4.970703
4.707031
4.418945
3.999023
3.549805
3.032227
2.524414
1.958008
1.459961
0.957031
0.537109
0.166016
-0.068359
-0.161133
-0.292969
-0.195312
-0.048828
0.234375
0.561523
1.010742
1.484375
1.997070
2.553711
3.037109
3.569336
4.052734
4.472656
4.731445
4.921875
5.083008
5.048828
4.990234
4.804688
4.487305
4.091797
3.603516
3.149414
2.597656
2.065430
1.552734
1.069336
0.620117
0.249023
0.004883
-0.200195
-0.292969
-0.229492
-0.097656
0.151367
0.478516
0.908203
1.362305
1.899414
2.402344
2.968750
3.486328
3.935547
4.326172
4.672852
4.946289
5.073242
5.097656
5.019531
4.853516
4.560547
4.184570
3.808594
3.300781
2.739258
2.202148
1.660156
1.206055
0.737305
0.351562
0.053711
-0.136719
-0.219727
-0.244141
-0.097656
0.083008
0.439453
0.844727
1.259766
1.772461
2.294922
2.832031
3.393555
3.896484
4.301758
4.658203
4.931641
5.039062
5.151367
5.102539
4.936523
4.697266
4.282227
3.925781
3.403320
2.919922
2.343750
1.855469
1.289062
0.830078
0.449219
0.166016
-0.087891
-0.219727
-0.288086
-0.146484
0.039062
0.317383
0.708008
1.113281
1.606445
2.153320
2.690430
3.242188
3.730469
4.130859
4.565430
4.858398
5.004883
5.136719
5.073242
4.956055
4.746094
4.414062
4.018555
3.520508
3.061523
2.480469
1.943359
1.484375
0.922852
0.576172
0.170898
-0.068359
-0.234375
-0.249023
-0.195312
-0.029297
0.224609
0.581055
1.030273
1.464844
2.031250
2.553711
3.095703
3.569336
4.033203
4.448242
4.750977
4.980469
5.048828
5.063477
5.004883
4.750977
4.467773
4.072266
3.637695
3.154297
2.612305
2.055664
1.503906
1.049805
0.615234
0.273438
0.019531
-0.205078
-0.253906
-0.263672
-0.092773
0.136719
0.463867
0.878906
1.372070
1.894531
2.431641
2.949219
3.452148
3.964844
4.360352
4.697266
4.912109
5.068359
5.126953
5.034180
4.838867
4.580078
4.218750
3.759766
3.291016
2.734375
2.216797
1.660156
1.186523
0.747070
0.327148
0.019531
-0.170898
-0.268555
-0.263672
-0.131836
0.073242
0.385742
0.786133
1.250000
1.708984
2.246094
2.836914
3.334961
3.808594
4.272461
4.667969
4.882812
5.112305
5.136719
5.078125
4.902344
4.643555
4.291992
3.920898
3.427734
2.871094
2.353516
1.821289
1.293945
0.869141
0.405273
0.122070
-0.117188
-0.253906
-0.273438
-0.200195
0.000000
0.302734
0.678711
1.147461
1.645508
2.133789
2.700195
3.208008
3.696289
4.165039
4.555664
4.853516
4.985352
5.107422
5.063477
4.960938
4.760742
4.384766
4.038086
3.520508
3.027344
2.485352
1.967773
1.455078
0.947266
0.546875
0.205078
0.004883
-0.205078
-0.278320
-0.234375
-0.029297
0.175781
0.595703
0.991211
1.479492
1.982422
2.543945
3.090820
3.569336
4.013672
4.418945
4.741211
4.980469
5.126953
5.102539
5.014648
4.760742
4.482422
4.091797
3.637695
3.129883
2.617188
2.094727
1.596680
1.064453
0.644531
0.263672
0.000000
-0.190430
-0.258789
-0.234375
-0.126953
0.136719
0.483398
0.908203
1.376953
1.860352
2.426758
2.949219
3.447266
3.950195
4.340820
4.687500
4.960938
5.087891
5.156250
5.024414
4.843750
4.555664
4.204102
3.793945
3.256836
2.792969
2.197266
1.669922
1.152344
0.761719
0.356445
0.048828
-0.156250
-0.268555
-0.278320
-0.117188
0.141602
0.424805
0.795898
1.269531
1.757812
2.304688
2.861328
3.383789
3.876953
4.321289
4.609375
4.921875
5.039062
5.166016
5.131836
4.941406
4.687500
4.345703
3.891602
3.437500
2.900391
2.373047
1.870117
1.293945
0.820312
0.434570
0.136719
-0.097656
-0.219727
-0.229492
-0.156250
0.004883
0.346680
0.664062
1.162109
1.601562
2.153320
2.714844
3.247070
3.720703
4.189453
4.545898
4.843750
5.029297
5.107422
5.107422
4.960938
4.707031
4.414062
3.999023
3.520508
3.037109
2.490234
1.977539
1.445312
0.917969
0.522461
0.166016
-0.078125
-0.195312
-0.297852
-0.219727
-0.053711
0.209961
0.581055
1.015625
1.479492
2.011719
2.534180
3.085938
3.588867
4.023438
4.467773
4.746094
4.990234
5.073242
5.097656
4.975586
4.765625
4.482422
4.106445
3.627930
3.154297
2.578125
2.070312
1.547852
1.035156
0.649414
0.239258
-0.014648
-0.229492
-0.263672
-0.214844
-0.102539
0.151367
0.502930
0.903320
1.357422
1.870117
2.412109
2.939453
3.466797
3.959961
4.331055
4.677734
4.926758
5.063477
5.112305
5.053711
4.853516
4.565430
4.213867
3.784180
3.281250
2.744141
2.211914
1.708984
1.196289
0.698242
0.346680
0.029297
-0.141602
-0.273438
-0.263672
-0.117188
0.004883
0.366211
0.810547
1.225586
1.738281
2.270508
2.851562
3.339844
3.852539
4.277344
4.633789
4.882812
5.078125
5.131836
5.063477
4.936523
4.628906
4.355469
3.876953
3.417969
2.875977
2.382812
1.816406
1.293945
0.839844
0.429688
0.102539
-0.126953
-0.229492
-0.234375
-0.166016
0.029297
0.322266
0.703125
1.108398
1.611328
2.167969
2.719727
3.203125
3.710938
4.135742
4.570312
4.819336
5.004883
5.097656
5.092773
4.941406
4.711914
4.360352
3.999023
3.544922
3.071289
2.480469
1.958008
1.440430
0.947266
0.537109
0.195312
-0.043945
-0.219727
-0.258789
-0.195312
-0.043945
0.190430
0.566406
0.976562
1.450195
1.982422
2.519531
3.081055
3.569336
4.052734
4.423828
4.726562
4.926758
5.063477
5.102539
4.990234
4.790039
4.433594
4.082031
3.642578
3.164062
2.607422
2.065430
1.523438
1.049805
0.625000
0.244141
-0.019531
-0.200195
-0.278320
-0.209961
-0.097656
0.156250
0.473633
0.864258
1.372070
1.879883
2.421875
2.929688
3.466797
3.945312
4.360352
4.653320
4.912109
5.068359
5.112305
5.034180
4.873047
4.550781
4.223633
3.764648
3.251953
2.792969
2.207031
1.738281
1.176758
0.717773
0.380859
0.058594
-0.175781
-0.209961
-0.214844
-0.126953
0.136719
0.434570
0.781250
1.220703
1.738281
2.290039
2.841797
3.393555
3.847656
4.252930
4.638672
4.912109
5.083008
5.131836
5.063477
4.892578
4.653320
4.375000
3.872070
3.461914
2.934570
2.382812
1.840820
1.342773
0.903320
0.517578
0.156250
-0.078125
-0.200195
-0.244141
-0.141602
0.058594
0.356445
0.693359
1.093750
1.650391
2.158203
2.680664
3.251953
3.710938
4.184570
4.560547
4.833984
5.034180
5.136719
5.078125
4.960938
4.755859
4.399414
4.008789
3.530273
2.983398
2.514648
1.938477
1.435547
0.922852
0.522461
0.161133
-0.068359
-0.200195
-0.278320
-0.239258
-0.024414
0.214844
0.585938
0.996094
1.479492
2.021484
2.534180
3.081055
3.588867
4.038086
4.428711
4.731445
4.956055
5.063477
5.073242
4.946289
4.755859
4.472656
4.101562
3.647461
3.154297
2.578125
2.041016
1.484375
1.040039
0.639648
0.249023
-0.024414
-0.224609
-0.244141
-0.244141
-0.083008
0.175781
0.483398
0.878906
1.357422
1.894531
2.402344
2.949219
3.447266
3.964844
4.360352
4.677734
4.897461
5.097656
5.122070
5.004883
4.863281
4.565430
4.199219
3.754883
3.286133
2.758789
2.221680
1.674805
1.152344
0.698242
0.371094
0.043945
-0.180664
-0.253906
-0.273438
-0.131836
0.039062
0.351562
0.800781
1.245117
1.694336
2.250977
2.817383
3.339844
3.852539
4.272461
4.614258
4.887695
5.097656
5.161133
5.063477
4.931641
4.667969
4.306641
3.891602
3.413086
2.910156
2.333984
1.801758
1.298828
0.834961
0.434570
0.112305
-0.092773
-0.229492
-0.263672
-0.170898
0.024414
0.302734
0.664062
1.127930
1.606445
2.163086
2.675781
3.222656
3.740234
4.160156
4.526367
4.824219
5.014648
5.102539
5.073242
4.956055
4.702148
4.433594
4.003906
3.544922
3.032227
2.485352
1.958008
1.435547
0.927734
0.546875
0.200195
-0.043945
-0.229492
-0.258789
-0.205078
-0.043945
0.190430
0.532227
0.966797
1.464844
1.962891
2.509766
3.071289
3.564453
4.028320
4.409180
4.711914
4.956055
5.019531
5.087891
4.960938
4.780273
4.467773
4.086914
3.652344
3.168945
2.617188
2.094727
1.513672
1.040039
0.620117
0.249023
-0.004883
-0.214844
-0.288086
-0.244141
-0.122070
0.141602
0.463867
0.888672
1.357422
1.879883
2.392578
2.934570
3.476562
3.959961
4.335938
4.677734
4.907227
5.083008
5.102539
5.014648
4.838867
4.580078
4.204102
3.779297
3.232422
2.792969
2.187500
1.689453
1.220703
0.761719
0.356445
0.063477
-0.200195
-0.258789
-0.253906
-0.122070
0.107422
0.454102
0.791016
1.293945
1.801758
2.353516
2.832031
3.378906
3.833008
4.306641
4.648438
4.941406
5.107422
5.146484
5.092773
4.951172
4.677734
4.350586
3.891602
3.432617
2.919922
2.377930
1.835938
1.313477
0.849609
0.449219
0.146484
-0.078125
-0.190430
-0.224609
-0.156250
0.068359
0.346680
0.712891
1.127930
1.630859
2.153320
2.709961
3.203125
3.730469
4.174805
4.560547
4.819336
5.000000
5.102539
5.058594
5.000000
4.736328
4.394531
3.994141
3.544922
3.012695
2.509766
1.972656
1.445312
0.957031
0.507812
0.180664
-0.063477
-0.219727
-0.288086
-0.200195
-0.048828
0.249023
0.585938
0.961914
1.499023
2.016602
2.573242
3.085938
3.583984
4.042969
4.414062
4.731445
4.970703
5.087891
5.078125
4.965820
4.780273
4.487305
4.072266
3.632812
3.115234
2.573242
2.050781
1.547852
1.035156
0.649414
0.268555
-0.024414
-0.214844
-0.224609
-0.244141
-0.112305
0.170898
0.488281
0.903320
1.381836
1.875000
2.446289
2.954102
3.496094
3.916016
4.350586
4.687500
4.902344
5.014648
5.097656
5.043945
4.824219
4.575195
4.194336
3.774414
3.310547
2.734375
2.172852
1.689453
1.201172
0.688477
0.327148
0.034180
-0.170898
-0.292969
-0.273438
-0.146484
0.068359
0.410156
0.781250
1.230469
1.728516
2.250977
2.807617
3.359375
3.886719
4.267578
4.648438
4.882812
5.048828
5.102539
5.092773
4.921875
4.658203
4.326172
3.891602
3.408203
2.866211
2.333984
1.787109
1.289062
0.844727
0.424805
0.112305
-0.112305
-0.249023
-0.278320
-0.166016
0.004883
0.302734
0.678711
1.147461
1.586914
2.133789
2.685547
3.242188
3.706055
4.179688
4.536133
4.853516
5.000000
5.122070
5.078125
4.951172
4.755859
4.428711
4.018555
3.544922
3.046875
2.514648
1.987305
1.459961
0.952148
0.522461
0.170898
-0.024414
-0.205078
-0.244141
-0.239258
-0.048828
0.175781
0.541992
0.981445
1.479492
1.987305
2.514648
3.071289
3.598633
4.042969
4.423828
4.736328
4.951172
5.083008
5.102539
4.985352
4.785156
4.482422
4.101562
3.666992
3.159180
2.622070
2.099609
1.552734
1.054688
0.629883
0.253906
-0.004883
-0.209961
-0.258789
-0.229492
-0.083008
0.131836
0.507812
0.898438
1.352539
1.870117
2.421875
2.919922
3.442383
3.955078
4.384766
4.672852
4.931641
5.034180
5.122070
5.024414
4.858398
4.550781
4.233398
3.789062
3.281250
2.749023
2.241211
1.733398
1.196289
0.761719
0.366211
0.063477
-0.117188
-0.234375
-0.234375
-0.107422
0.122070
0.375977
0.815430
1.254883
1.748047
2.319336
2.880859
3.369141
3.872070
4.277344
4.643555
4.907227
5.117188
5.117188
5.092773
4.921875
4.677734
4.340820
3.950195
3.461914
2.939453
2.363281
1.835938
1.323242
0.874023
0.449219
0.170898
-0.068359
-0.234375
-0.185547
-0.200195
0.024414
0.307617
0.722656
1.127930
1.606445
2.138672
2.695312
3.242188
3.730469
4.160156
4.541016
4.843750
5.004883
5.126953
5.078125
4.956055
4.750977
4.443359
4.042969
3.520508
3.012695
2.465820
1.948242
1.455078
0.947266
0.498047
0.195312
-0.078125
-0.219727
-0.273438
-0.249023
-0.039062
0.229492
0.590820
0.991211
1.484375
1.992188
2.514648
3.076172
3.579102
4.077148
4.443359
4.770508
4.956055
5.058594
5.078125
4.975586
4.755859
4.477539
4.082031
3.642578
3.110352
2.578125
2.050781
1.533203
1.059570
0.610352
0.234375
-0.014648
-0.219727
-0.268555
-0.214844
-0.083008
0.156250
0.483398
0.898438
1.367188
1.875000
2.436523
2.944336
3.442383
3.940430
4.326172
4.672852
4.956055
5.058594
5.102539
4.975586
4.838867
4.560547
4.218750
3.769531
3.261719
2.744141
2.231445
1.704102
1.181641
0.683594
0.322266
0.078125
-0.156250
-0.268555
-0.283203
-0.126953
0.068359
0.356445
0.810547
1.206055
1.723633
2.294922
2.817383
3.364258
3.828125
4.277344
4.619141
4.926758
5.092773
5.102539
5.073242
4.921875
4.658203
4.335938
3.891602
3.408203
2.875977
2.324219
1.767578
1.264648
0.839844
0.419922
0.126953
-0.102539
-0.258789
-0.278320
-0.175781
0.029297
0.317383
0.644531
1.147461
1.611328
2.153320
2.670898
3.217773
3.720703
4.189453
4.550781
4.819336
5.014648
5.126953
5.078125
4.956055
4.711914
4.409180
4.018555
3.559570
3.012695
2.480469
1.972656
1.494141
0.957031
0.541992
0.180664
-0.063477
-0.200195
-0.253906
-0.205078
-0.048828
0.214844
0.571289
0.961914
1.469727
2.031250
2.539062
3.120117
3.574219
4.028320
4.453125
4.741211
4.931641
5.097656
5.097656
4.980469
4.794922
4.462891
4.047852
3.627930
3.139648
2.622070
2.036133
1.562500
1.030273
0.615234
0.249023
-0.034180
-0.205078
-0.283203
-0.244141
-0.122070
0.185547
0.478516
0.903320
1.362305
1.855469
2.402344
2.934570
3.496094
3.964844
4.345703
4.716797
4.902344
5.078125
5.112305
5.034180
4.829102
4.570312
4.189453
3.759766
3.271484
2.768555
2.236328
1.669922
1.157227
0.756836
0.336914
0.078125
-0.146484
-0.258789
-0.205078
-0.136719
0.078125
0.371094
0.805664
1.254883
1.762695
2.280273
2.866211
3.403320
3.857422
4.287109
4.604492
4.907227
5.043945
5.170898
5.126953
4.960938
4.702148
4.340820
3.920898
3.457031
2.929688
2.416992
1.831055
1.303711
0.864258
0.454102
0.107422
-0.107422
-0.244141
-0.263672
-0.161133
0.024414
0.332031
0.678711
1.118164
1.601562
2.133789
2.700195
3.222656
3.696289
4.189453
4.541016
4.863281
4.990234
5.107422
5.092773
4.956055
4.711914
4.418945
4.003906
3.549805
3.027344
2.534180
1.972656
1.420898
0.922852
0.532227
0.195312
-0.102539
-0.253906
-0.258789
-0.229492
-0.043945
0.195312
0.566406
0.991211
1.489258
1.982422
2.573242
3.066406
3.598633
4.023438
4.433594
4.736328
4.941406
5.068359
5.083008
5.004883
4.760742
4.458008
4.077148
3.627930
3.154297
2.622070
2.055664
1.538086
1.059570
0.634766
0.249023
0.014648
-0.200195
-0.273438
-0.219727
-0.092773
0.180664
0.478516
0.874023
1.367188
1.884766
2.407227
2.958984
3.447266
3.925781
4.365234
4.658203
4.897461
5.063477
5.117188
5.024414
4.843750
4.536133
4.189453
3.793945
3.310547
2.792969
2.187500
1.655273
1.191406
0.722656
0.336914
0.034180
-0.136719
-0.273438
-0.249023
-0.146484
0.039062
0.400391
0.795898
1.230469
1.767578
2.270508
2.763672
3.339844
3.876953
4.252930
4.643555
4.916992
5.029297
5.156250
5.043945
4.912109
4.643555
4.321289
3.901367
3.403320
2.880859
2.353516
1.796875
1.303711
0.834961
0.429688
0.097656
-0.151367
-0.258789
-0.239258
-0.200195
0.004883
0.332031
0.693359
1.098633
1.616211
2.148438
2.709961
3.217773
3.706055
4.160156
4.545898
4.843750
5.024414
5.107422
5.068359
4.941406
4.750977
4.414062
4.003906
3.500977
3.017578
2.480469
1.962891
1.445312
0.961914
0.561523
0.219727
-0.073242
-0.219727
-0.273438
-0.214844
-0.097656
0.175781
0.571289
0.966797
1.469727
1.997070
2.485352
3.041992
3.574219
4.013672
4.443359
4.760742
4.956055
5.092773
5.063477
5.000000
4.765625
4.467773
4.101562
3.632812
3.139648
2.597656
2.089844
1.533203
1.059570
0.620117
0.263672
-0.024414
-0.205078
-0.258789
-0.229492
-0.063477
0.151367
0.458984
0.874023
1.376953
1.865234
2.416992
2.958984
3.452148
3.979492
4.375000
4.663086
4.941406
5.073242
5.102539
5.029297
4.858398
4.550781
4.218750
3.769531
3.286133
2.783203
2.202148
1.650391
1.210938
0.747070
0.351562
0.078125
-0.156250
-0.253906
-0.234375
-0.087891
0.126953
0.419922
0.800781
1.250000
1.777344
2.329102
2.846680
3.339844
3.867188
4.311523
4.682617
4.985352
5.126953
5.175781
5.087891
4.941406
4.692383
4.345703
3.896484
3.437500
2.924805
2.377930
1.855469
1.318359
0.820312
0.488281
0.117188
-0.092773
-0.244141
-0.234375
-0.156250
0.058594
0.341797
0.678711
1.123047
1.591797
2.133789
2.695312
3.261719
3.720703
4.179688
4.516602
4.843750
5.034180
5.126953
5.058594
4.946289
4.746094
4.399414
4.062500
3.525391
2.998047
2.480469
1.943359
1.425781
0.922852
0.532227
0.185547
-0.058594
-0.229492
-0.292969
-0.214844
-0.019531
0.244141
0.581055
0.976562
1.464844
2.001953
2.568359
3.071289
3.583984
4.023438
4.433594
4.750977
4.960938
5.053711
5.073242
4.946289
4.755859
4.497070
4.091797
3.652344
3.144531
2.597656
2.011719
1.513672
1.044922
0.629883
0.288086
0.000000
-0.209961
-0.268555
-0.229492
-0.078125
0.161133
0.454102
0.874023
1.376953
1.899414
2.397461
2.958984
3.447266
3.950195
4.321289
4.692383
4.912109
5.078125
5.078125
5.004883
4.824219
4.565430
4.213867
3.764648
3.276367
2.768555
2.216797
1.645508
1.171875
0.717773
0.327148
0.048828
-0.161133
-0.273438
-0.253906
-0.141602
0.087891
0.380859
0.786133
1.235352
1.752930
2.304688
2.792969
3.330078
3.828125
4.257812
4.658203
4.863281
5.078125
5.092773
5.073242
4.936523
4.643555
4.321289
3.886719
3.413086
2.890625
2.333984
1.806641
1.303711
0.825195
0.410156
0.078125
-0.087891
-0.258789
-0.249023
-0.175781
0.063477
0.297852
0.668945
1.157227
1.630859
2.124023
2.656250
3.237305
3.745117
4.165039
4.555664
4.824219
5.009766
5.112305
5.092773
4.951172
4.726562
4.418945
4.003906
3.544922
3.027344
2.480469
1.958008
1.469727
0.957031
0.522461
0.175781
-0.053711
-0.185547
-0.302734
-0.249023
-0.043945
0.205078
0.556641
0.976562
1.450195
1.977539
2.514648
3.066406
3.559570
4.018555
4.453125
4.736328
4.951172
5.058594
5.068359
4.975586
4.770508
4.467773
4.077148
3.627930
3.139648
2.612305
2.045898
1.518555
1.049805
0.639648
0.273438
-0.039062
-0.239258
-0.253906
-0.258789
-0.083008
0.136719
0.478516
0.888672
1.372070
1.875000
2.402344
2.978516
3.457031
3.930664
4.331055
4.707031
4.921875
5.068359
5.117188
5.073242
4.868164
4.560547
4.194336
3.750000
3.266602
2.763672
2.226562
1.674805
1.171875
0.742188
0.351562
0.048828
-0.161133
-0.234375
-0.219727
-0.068359
0.112305
0.419922
0.795898
1.289062
1.806641
2.285156
2.841797
3.393555
3.847656
4.311523
4.643555
4.931641
5.092773
5.170898
5.083008
4.916992
4.716797
4.331055
3.955078
3.447266
2.900391
2.397461
1.831055
1.308594
0.883789
0.429688
0.151367
-0.097656
-0.209961
-0.244141
-0.190430
0.048828
0.322266
0.688477
1.123047
1.625977
2.143555
2.719727
