1.757812
1.264648
0.830078
0.390625
0.092773
-0.136719
-0.214844
-0.249023
-0.166016
0.053711
0.341797
0.722656
1.166992
1.684570
2.163086
2.758789
3.266602
3.784180
4.199219
4.575195
4.853516
5.034180
5.126953
5.073242
4.916992
4.702148
4.399414
3.969727
3.471680
2.983398
2.446289
1.923828
1.411133
0.898438
0.527344
0.156250
-0.053711
-0.190430
-0.258789
-0.161133
-0.024414
0.307617
0.605469
1.069336
1.542969
2.026367
2.573242
3.105469
3.632812
4.125977
4.423828
4.785156
4.975586
5.097656
5.034180
4.980469
4.765625
4.438477
4.033203
3.603516
3.061523
2.553711
2.021484
1.494141
0.996094
0.595703
0.209961
-0.039062
-0.195312
-0.263672
-0.214844
-0.058594
0.190430
0.483398
0.976562
1.425781
1.928711
2.480469
3.007812
3.549805
4.018555
4.370117
4.726562
4.951172
5.097656
5.141602
5.034180
4.858398
4.536133
4.194336
3.720703
3.242188
2.705078
2.182617
1.625977
1.118164
0.693359
0.278320
0.019531
-0.156250
-0.239258
-0.253906
-0.131836
0.131836
0.458984
0.878906
1.303711
1.840820
2.358398
2.900391
3.398438
3.886719
4.345703
4.716797
4.960938
5.126953
5.185547
5.092773
4.931641
4.667969
4.306641
3.901367
3.369141
2.905273
2.280273
1.787109
1.274414
0.830078
0.439453
0.092773
-0.126953
-0.224609
-0.253906
-0.122070
0.083008
0.375977
0.717773
1.181641
1.669922
2.246094
2.763672
3.320312
3.769531
4.189453
4.545898
4.887695
5.043945
5.112305
5.107422
4.956055
4.746094
4.375000
3.989258
3.481445
2.978516
2.446289
1.918945
1.401367
0.922852
0.493164
0.112305
-0.112305
-0.205078
-0.219727
-0.200195
0.004883
0.249023
0.629883
1.040039
1.528320
2.060547
2.622070
3.134766
3.647461
4.116211
4.487305
4.780273
5.000000
5.107422
5.048828
4.975586
4.765625
4.492188
4.042969
3.564453
3.100586
2.573242
2.050781
1.484375
1.000977
0.566406
0.253906
-0.029297
-0.219727
-0.268555
-0.219727
-0.068359
0.175781
0.537109
0.966797
1.411133
1.953125
2.475586
3.032227
3.540039
3.969727
4.389648
4.707031
4.956055
5.068359
5.063477
5.024414
4.838867
4.575195
4.174805
3.750000
3.242188
2.695312
2.167969
1.650391
1.147461
0.683594
0.297852
0.063477
-0.195312
-0.312500
-0.229492
-0.107422
0.131836
0.410156
0.825195
1.303711
1.806641
2.343750
2.895508
3.349609
3.896484
4.316406
4.604492
4.921875
5.063477
5.122070
5.122070
4.956055
4.663086
4.291992
3.833008
3.374023
2.832031
2.299805
1.777344
1.230469
0.791016
0.415039
0.078125
-0.156250
-0.263672
-0.244141
-0.156250
0.034180
0.307617
0.732422
1.152344
1.689453
2.172852
2.729492
3.266602
3.798828
4.199219
4.560547
4.814453
5.024414
5.102539
5.073242
4.946289
4.677734
4.375000
3.950195
3.496094
2.983398
2.441406
1.928711
1.401367
0.932617
0.493164
0.180664
-0.058594
-0.205078
-0.229492
-0.156250
0.014648
0.263672
0.620117
1.069336
1.523438
2.045898
2.602539
3.105469
3.647461
4.077148
4.448242
4.775391
4.965820
5.063477
5.073242
4.907227
4.741211
4.428711
4.072266
3.574219
3.110352
2.543945
2.016602
1.489258
1.015625
0.571289
0.263672
-0.004883
-0.195312
-0.292969
-0.234375
-0.068359
0.185547
0.537109
0.952148
1.411133
1.958008
2.475586
3.007812
3.505859
4.013672
4.389648
4.750977
4.956055
5.083008
5.102539
5.029297
4.853516
4.536133
4.160156
3.735352
3.237305
2.724609
2.148438
1.596680
1.127930
0.688477
0.366211
0.000000
-0.166016
-0.268555
-0.224609
-0.102539
0.122070
0.419922
0.810547
1.308594
1.826172
2.358398
2.905273
3.452148
3.876953
4.355469
4.648438
4.931641
5.107422
5.117188
5.087891
4.912109
4.663086
4.316406
3.901367
3.398438
2.885742
2.314453
1.791992
1.284180
0.859375
0.419922
0.107422
-0.107422
-0.239258
-0.249023
-0.141602
0.029297
0.361328
0.756836
1.210938
1.708984
2.231445
2.749023
3.261719
3.745117
4.189453
4.589844
4.882812
5.063477
5.102539
5.087891
4.931641
4.721680
4.394531
3.979492
3.515625
2.973633
2.402344
1.928711
1.376953
0.932617
0.498047
0.146484
-0.083008
-0.224609
-0.288086
-0.175781
-0.019531
0.268555
0.659180
1.064453
1.538086
2.084961
2.631836
3.164062
3.671875
4.091797
4.462891
4.765625
4.995117
5.092773
5.078125
4.985352
4.750977
4.462891
4.033203
3.608398
3.090820
2.543945
2.045898
1.479492
1.010742
0.546875
0.214844
-0.048828
-0.214844
-0.283203
-0.239258
-0.058594
0.195312
0.527344
0.932617
1.406250
1.918945
2.500000
3.017578
3.549805
3.989258
4.404297
4.726562
4.951172
5.078125
5.112305
5.039062
4.809570
4.536133
4.189453
3.730469
3.281250
2.719727
2.172852
1.630859
1.083984
0.732422
0.322266
0.009766
-0.170898
-0.292969
-0.273438
-0.126953
0.107422
0.439453
0.854492
1.308594
1.777344
2.324219
2.919922
3.422852
3.916016
4.316406
4.619141
4.868164
5.058594
5.166016
5.083008
4.941406
4.633789
4.282227
3.916016
3.364258
2.866211
2.324219
1.752930
1.298828
0.795898
0.410156
0.068359
-0.141602
-0.253906
-0.239258
-0.161133
0.053711
0.307617
0.737305
1.176758
1.674805
2.167969
2.724609
3.295898
3.774414
4.199219
4.565430
4.848633
5.058594
5.122070
5.117188
4.936523
4.716797
4.394531
3.950195
3.496094
2.963867
2.426758
1.904297
1.396484
0.903320
0.507812
0.156250
-0.073242
-0.234375
-0.253906
-0.175781
-0.014648
0.288086
0.625000
1.044922
1.552734
2.031250
2.578125
3.168945
3.593750
4.038086
4.438477
4.785156
4.975586
5.063477
5.063477
4.936523
4.731445
4.443359
4.038086
3.598633
3.085938
2.539062
2.041016
1.450195
1.040039
0.566406
0.219727
-0.039062
-0.185547
-0.297852
-0.209961
-0.087891
0.200195
0.522461
0.952148
1.416016
1.953125
2.500000
3.007812
3.525391
3.984375
4.394531
4.731445
4.960938
5.058594
5.112305
5.058594
4.819336
4.531250
4.174805
3.725586
3.242188
2.744141
2.143555
1.596680
1.123047
0.634766
0.346680
-0.009766
-0.175781
-0.239258
-0.229492
-0.117188
0.102539
0.439453
0.844727
1.323242
1.840820
2.319336
2.880859
3.417969
3.911133
4.316406
4.667969
4.956055
5.083008
5.131836
5.073242
4.960938
4.653320
4.291992
3.896484
3.393555
2.905273
2.324219
1.796875
1.284180
0.805664
0.415039
0.136719
-0.107422
-0.175781
-0.219727
-0.141602
0.063477
0.366211
0.756836
1.210938
1.679688
2.226562
2.744141
3.276367
3.779297
4.228516
4.575195
4.824219
5.029297
5.107422
5.136719
4.980469
4.721680
4.389648
3.989258
3.500977
2.988281
2.436523
1.889648
1.391602
0.927734
0.498047
0.122070
-0.073242
-0.200195
-0.258789
-0.195312
-0.014648
0.278320
0.620117
1.054688
1.577148
2.045898
2.622070
3.139648
3.632812
4.082031
4.487305
4.804688
4.965820
5.083008
5.078125
4.951172
4.731445
4.462891
4.082031
3.608398
3.100586
2.563477
1.997070
1.469727
0.942383
0.556641
0.229492
-0.083008
-0.180664
-0.307617
-0.219727
-0.092773
0.190430
0.522461
0.942383
1.396484
1.948242
2.475586
3.007812
3.540039
4.013672
4.375000
4.707031
4.926758
5.068359
5.097656
5.048828
4.824219
4.531250
4.169922
3.691406
3.232422
2.680664
2.163086
1.660156
1.127930
0.703125
0.307617
0.000000
-0.175781
-0.268555
-0.268555
-0.126953
0.107422
0.390625
0.800781
1.308594
1.826172
2.353516
2.846680
3.398438
3.876953
4.272461
4.624023
4.902344
5.029297
5.136719
5.078125
4.902344
4.633789
4.277344
3.842773
3.393555
2.846680
2.294922
1.762695
1.254883
0.805664
0.385742
0.092773
-0.151367
-0.283203
-0.258789
-0.166016
0.034180
0.332031
0.737305
1.157227
1.660156
2.187500
2.788086
3.251953
3.789062
4.233398
4.584961
4.843750
5.024414
5.102539
5.073242
4.936523
4.707031
4.384766
3.974609
3.505859
2.973633
2.441406
1.889648
1.367188
0.893555
0.488281
0.180664
-0.048828
-0.219727
-0.288086
-0.166016
0.039062
0.273438
0.644531
1.074219
1.518555
2.050781
2.583008
3.105469
3.632812
4.082031
4.418945
4.746094
4.970703
5.073242
5.048828
4.975586
4.746094
4.438477
4.042969
3.603516
3.090820
2.583008
2.050781
1.503906
1.000977
0.605469
0.219727
-0.053711
-0.205078
-0.297852
-0.234375
-0.063477
0.200195
0.507812
0.957031
1.420898
1.938477
2.465820
2.998047
3.525391
3.979492
4.399414
4.731445
4.956055
5.083008
5.092773
5.034180
4.858398
4.570312
4.160156
3.745117
3.222656
2.719727
2.182617
1.596680
1.074219
0.727539
0.307617
0.009766
-0.126953
-0.312500
-0.239258
-0.102539
0.126953
0.439453
0.839844
1.289062
1.791992
2.358398
2.919922
3.447266
3.940430
4.316406
4.658203
4.931641
5.078125
5.156250
5.087891
4.902344
4.609375
4.301758
3.867188
3.432617
2.856445
2.319336
1.762695
1.240234
0.800781
0.424805
0.131836
-0.083008
-0.209961
-0.205078
-0.161133
0.053711
0.346680
0.742188
1.230469
1.689453
2.221680
2.749023
3.281250
3.769531
4.169922
4.580078
4.838867
5.034180
5.136719
5.107422
4.907227
4.702148
4.428711
3.950195
3.452148
2.988281
2.446289
1.918945
1.381836
0.947266
0.507812
0.146484
-0.097656
-0.224609
-0.273438
-0.234375
-0.029297
0.249023
0.644531
1.044922
1.572266
2.065430
2.607422
3.144531
3.671875
4.091797
4.472656
4.765625
4.985352
5.063477
5.097656
4.975586
4.726562
4.414062
4.038086
3.618164
3.120117
2.573242
1.982422
1.455078
0.981445
0.551758
0.195312
-0.063477
-0.229492
-0.283203
-0.205078
-0.078125
0.175781
0.507812
0.942383
1.430664
1.953125
2.490234
2.988281
3.535156
3.984375
4.370117
4.721680
4.946289
5.083008
5.097656
4.990234
4.824219
4.536133
4.155273
3.706055
3.237305
2.714844
2.182617
1.611328
1.098633
0.634766
0.288086
0.034180
-0.190430
-0.224609
-0.214844
-0.170898
0.102539
0.415039
0.849609
1.308594
1.782227
2.285156
2.880859
3.374023
3.916016
4.311523
4.628906
4.887695
5.063477
5.107422
5.092773
4.868164
4.658203
4.272461
3.876953
3.374023
2.856445
2.304688
1.733398
1.225586
0.810547
0.400391
0.087891
-0.166016
-0.214844
-0.278320
-0.170898
0.029297
0.312500
0.703125
1.191406
1.674805
2.207031
2.758789
3.295898
3.769531
4.213867
4.550781
4.829102
5.053711
5.122070
5.063477
4.902344
4.687500
4.375000
3.979492
3.530273
2.968750
2.416992
1.865234
1.367188
0.913086
0.522461
0.136719
-0.068359
-0.219727
-0.278320
-0.156250
0.000000
0.253906
0.625000
1.044922
1.542969
2.070312
2.563477
3.144531
3.598633
4.062500
4.467773
4.741211
4.995117
5.083008
5.073242
4.936523
4.765625
4.492188
4.042969
3.593750
3.081055
2.534180
2.011719
1.464844
0.986328
0.561523
0.239258
-0.053711
-0.234375
-0.273438
-0.229492
-0.083008
0.190430
0.502930
0.947266
1.396484
1.914062
2.490234
3.017578
3.530273
3.979492
4.394531
4.726562
4.956055
5.078125
5.092773
5.019531
4.824219
4.541016
4.189453
3.701172
3.222656
2.685547
2.133789
1.650391
1.103516
0.673828
0.292969
0.039062
-0.180664
-0.292969
-0.239258
-0.112305
0.141602
0.439453
0.864258
1.313477
1.811523
2.353516
2.939453
3.422852
3.896484
4.340820
4.667969
4.951172
5.073242
5.112305
5.048828
4.863281
4.672852
4.267578
3.901367
3.408203
2.885742
2.299805
1.767578
1.254883
0.849609
0.410156
0.170898
-0.117188
-0.234375
-0.239258
-0.117188
0.058594
0.361328
0.766602
1.206055
1.679688
2.216797
2.753906
3.271484
3.769531
4.213867
4.545898
4.873047
5.029297
5.126953
5.073242
4.946289
4.741211
4.379883
3.984375
3.510742
2.993164
2.416992
1.928711
1.381836
0.922852
0.488281
0.166016
-0.112305
-0.190430
-0.278320
-0.195312
0.014648
0.302734
0.625000
1.044922
1.528320
2.050781
2.607422
3.164062
3.652344
4.077148
4.472656
4.794922
4.956055
5.053711
5.083008
4.956055
4.750977
4.453125
4.028320
3.593750
3.081055
2.558594
2.021484
1.494141
0.996094
0.527344
0.185547
-0.063477
-0.239258
-0.283203
-0.244141
-0.048828
0.185547
0.507812
0.942383
1.416016
1.928711
2.485352
3.007812
3.554688
3.955078
4.389648
4.721680
4.941406
5.073242
5.097656
5.019531
4.804688
4.541016
4.140625
3.710938
3.256836
2.705078
2.138672
1.611328
1.098633
0.683594
0.307617
0.039062
-0.195312
-0.297852
-0.258789
-0.097656
0.107422
0.395508
0.800781
1.323242
1.782227
2.314453
2.880859
3.378906
3.857422
4.296875
4.628906
4.863281
5.034180
5.122070
5.058594
4.951172
4.624023
4.272461
3.867188
3.354492
2.871094
2.324219
1.772461
1.235352
0.781250
0.351562
0.087891
-0.141602
-0.234375
-0.263672
-0.146484
0.039062
0.322266
0.761719
1.201172
1.679688
2.192383
2.753906
3.291016
3.774414
4.208984
4.570312
4.853516
5.029297
5.092773
5.097656
4.946289
4.677734
4.360352
3.994141
3.505859
2.963867
2.387695
1.894531
1.381836
0.913086
0.507812
0.156250
-0.092773
-0.219727
-0.273438
-0.180664
0.029297
0.273438
0.668945
1.079102
1.499023
2.045898
2.597656
3.149414
3.632812
4.077148
4.443359
4.746094
4.956055
5.043945
5.083008
5.000000
4.736328
4.438477
4.003906
3.574219
3.085938
2.568359
2.036133
1.474609
0.961914
0.561523
0.224609
-0.043945
-0.205078
-0.278320
-0.234375
-0.073242
0.161133
0.478516
0.942383
1.406250
1.923828
2.485352
3.037109
3.540039
3.979492
4.409180
4.707031
4.941406
5.097656
5.078125
5.043945
4.824219
4.536133
4.174805
3.740234
3.222656
2.709961
2.124023
1.630859
1.113281
0.708008
0.273438
0.019531
-0.195312
-0.234375
-0.253906
-0.126953
0.117188
0.444336
0.874023
1.279297
1.831055
2.358398
2.924805
3.452148
3.911133
4.301758
4.648438
4.921875
5.097656
5.131836
5.068359
4.907227
4.682617
4.316406
3.916016
3.383789
2.885742
2.329102
1.811523
1.279297
0.825195
0.410156
0.107422
-0.141602
-0.229492
-0.214844
-0.136719
0.102539
0.380859
0.722656
1.206055
1.718750
2.265625
2.763672
3.281250
3.725586
4.179688
4.580078
4.868164
5.043945
5.126953
5.097656
4.916992
4.750977
4.404297
3.994141
3.476562
2.988281
2.426758
1.914062
1.416016
0.898438
0.483398
0.136719
-0.078125
-0.195312
-0.297852
-0.170898
-0.073242
0.268555
0.585938
1.083984
1.547852
2.036133
2.568359
3.125000
3.671875
4.121094
4.472656
4.770508
5.000000
5.126953
5.087891
4.965820
4.775391
4.453125
4.077148
3.603516
3.100586
2.578125
2.016602
1.499023
0.986328
0.546875
0.224609
-0.063477
-0.205078
-0.283203
-0.244141
-0.043945
0.190430
0.527344
0.937500
1.406250
1.943359
2.460938
3.032227
3.486328
4.023438
4.409180
4.726562
4.951172
5.102539
5.083008
4.995117
4.829102
4.545898
4.174805
3.706055
3.203125
2.714844
2.143555
1.582031
1.123047
0.722656
0.288086
0.004883
-0.161133
-0.249023
-0.253906
-0.166016
0.048828
0.439453
0.849609
1.269531
1.796875
2.309570
2.856445
3.388672
3.881836
4.291992
4.599609
4.868164
5.053711
5.136719
5.092773
4.897461
4.628906
4.291992
3.852539
3.383789
2.851562
2.319336
1.752930
1.245117
0.820312
0.385742
0.087891
-0.136719
-0.239258
-0.258789
-0.180664
0.068359
0.366211
0.732422
1.157227
1.679688
2.221680
2.753906
3.242188
3.779297
4.223633
4.545898
4.838867
5.004883
5.097656
5.063477
4.936523
4.682617
4.370117
3.950195
3.481445
2.988281
2.402344
1.889648
1.367188
0.898438
0.507812
0.151367
-0.097656
-0.239258
-0.258789
-0.170898
0.053711
0.273438
0.639648
1.064453
1.577148
2.055664
2.587891
3.105469
3.583984
4.072266
4.487305
4.775391
4.975586
5.092773
5.043945
4.960938
4.716797
4.458008
3.999023
3.593750
3.061523
2.534180
2.011719
1.474609
0.991211
0.581055
0.249023
-0.043945
-0.195312
-0.288086
-0.239258
-0.092773
0.175781
0.527344
0.932617
1.386719
1.894531
2.451172
3.002930
3.530273
3.984375
4.375000
4.711914
4.956055
5.092773
5.083008
5.034180
4.843750
4.536133
4.155273
3.691406
3.237305
2.670898
2.133789
1.616211
1.152344
0.747070
0.288086
-0.019531
-0.166016
-0.273438
-0.268555
-0.122070
0.097656
0.424805
0.820312
1.318359
1.816406
2.397461
2.866211
3.398438
3.901367
4.326172
4.697266
4.882812
5.073242
5.117188
5.078125
4.921875
4.633789
4.277344
3.862305
3.388672
2.856445
2.275391
1.782227
1.264648
0.820312
0.371094
0.112305
-0.122070
-0.249023
-0.253906
-0.136719
0.058594
0.400391
0.722656
1.210938
1.650391
2.221680
2.739258
3.281250
3.754883
4.223633
4.550781
4.858398
5.058594
5.112305
5.068359
4.921875
4.721680
4.384766
3.964844
3.461914
2.993164
2.446289
1.914062
1.386719
0.917969
0.517578
0.166016
-0.097656
-0.229492
-0.288086
-0.170898
-0.004883
0.219727
0.620117
1.044922
1.538086
2.099609
2.612305
3.139648
3.657227
4.072266
4.511719
4.770508
4.985352
5.083008
5.053711
4.965820
4.746094
4.482422
4.067383
3.603516
3.095703
2.578125
2.011719
1.479492
1.005859
0.571289
0.195312
-0.058594
-0.209961
-0.302734
-0.234375
-0.083008
0.185547
0.507812
0.908203
1.401367
1.918945
2.465820
2.988281
3.540039
3.994141
4.375000
4.726562
4.926758
5.092773
5.097656
5.019531
4.843750
4.565430
4.165039
3.725586
3.266602
2.714844
2.163086
1.616211
1.093750
0.688477
0.283203
-0.014648
-0.166016
-0.273438
-0.292969
-0.170898
0.097656
0.419922
0.795898
1.298828
1.835938
2.333984
2.846680
3.359375
3.857422
4.287109
4.648438
4.882812
5.058594
5.146484
5.083008
4.892578
4.648438
4.272461
3.867188
3.374023
2.851562
2.290039
1.748047
1.269531
0.800781
0.400391
0.063477
-0.122070
-0.278320
-0.253906
-0.166016
0.000000
0.346680
0.722656
1.132812
1.660156
2.197266
2.729492
3.266602
3.750000
4.165039
4.575195
4.824219
5.034180
5.112305
5.073242
4.956055
4.682617
4.394531
3.945312
3.496094
2.958984
2.446289
1.914062
1.391602
0.908203
0.498047
0.166016
-0.097656
-0.195312
-0.268555
-0.205078
0.004883
0.283203
0.620117
1.044922
1.542969
2.060547
2.612305
3.144531
3.666992
4.077148
4.433594
4.746094
4.965820
5.039062
5.053711
4.936523
4.780273
4.423828
4.033203
3.544922
3.066406
2.543945
1.997070
1.479492
0.991211
0.590820
0.234375
-0.058594
-0.214844
-0.297852
-0.219727
-0.083008
0.200195
0.522461
0.922852
1.396484
1.933594
2.426758
2.963867
3.530273
4.023438
4.379883
4.736328
4.931641
5.078125
5.073242
5.014648
4.829102
4.536133
4.184570
3.676758
3.251953
2.709961
2.167969
1.611328
1.103516
0.683594
0.302734
0.029297
-0.214844
-0.263672
-0.219727
-0.097656
0.126953
0.419922
0.839844
1.318359
1.806641
2.368164
2.910156
3.457031
3.925781
4.331055
4.653320
4.892578
5.073242
5.136719
5.097656
4.926758
4.633789
4.316406
3.886719
3.432617
2.880859
2.343750
1.757812
1.279297
0.830078
0.458984
0.131836
-0.117188
-0.229492
-0.283203
-0.156250
0.073242
0.380859
0.761719
1.220703
1.674805
2.226562
2.749023
3.256836
3.774414
4.199219
4.550781
4.824219
5.039062
5.126953
5.107422
4.926758
4.750977
4.399414
3.959961
3.457031
2.929688
2.416992
1.865234
1.401367
0.883789
0.478516
0.122070
-0.102539
-0.205078
-0.273438
-0.209961
-0.058594
0.263672
0.629883
1.054688
1.494141
2.055664
2.592773
3.144531
3.632812
4.106445
4.477539
4.750977
4.970703
5.092773
5.083008
4.956055
4.746094
4.438477
4.072266
3.593750
3.076172
2.543945
2.001953
1.455078
0.952148
0.541992
0.205078
-0.029297
-0.219727
-0.273438
-0.214844
-0.112305
0.195312
0.532227
0.947266
1.430664
1.938477
2.470703
3.032227
3.515625
3.964844
4.389648
4.711914
4.975586
5.087891
5.073242
5.000000
4.843750
4.526367
4.155273
3.710938
3.208008
2.680664
2.192383
1.660156
1.127930
0.649414
0.268555
0.019531
-0.151367
-0.263672
-0.229492
-0.146484
0.063477
0.415039
0.874023
1.293945
1.796875
2.294922
2.880859
3.393555
3.906250
4.287109
4.658203
4.902344
5.014648
5.136719
5.097656
4.882812
4.658203
4.267578
3.876953
3.408203
2.832031
2.304688
1.723633
1.245117
0.786133
0.385742
0.078125
-0.161133
-0.278320
-0.249023
-0.175781
0.029297
0.292969
0.708008
1.171875
1.694336
2.182617
2.724609
3.305664
3.735352
4.223633
4.589844
4.833984
5.019531
5.097656
5.102539
4.931641
4.697266
4.345703
3.974609
3.515625
2.968750
2.426758
1.889648
1.391602
0.917969
0.502930
0.156250
-0.102539
-0.209961
-0.268555
-0.185547
0.024414
0.268555
0.595703
1.035156
1.528320
2.041016
2.578125
3.120117
