1.997070
1.474609
1.020508
0.576172
0.205078
-0.043945
-0.205078
-0.258789
-0.224609
-0.063477
0.190430
0.551758
0.981445
1.450195
2.011719
2.504883
3.017578
3.564453
4.038086
4.453125
4.692383
4.951172
5.117188
5.112305
4.975586
4.819336
4.545898
4.145508
3.720703
3.203125
2.705078
2.148438
1.625977
1.098633
0.688477
0.327148
0.009766
-0.180664
-0.234375
-0.219727
-0.107422
0.156250
0.463867
0.854492
1.367188
1.870117
2.392578
2.929688
3.471680
3.901367
4.306641
4.643555
4.873047
5.048828
5.087891
5.024414
4.824219
4.526367
4.189453
3.769531
3.320312
2.773438
2.265625
1.679688
1.191406
0.742188
0.375977
0.083008
-0.141602
-0.234375
-0.288086
-0.166016
0.043945
0.395508
0.771484
1.220703
1.689453
2.265625
2.783203
3.325195
3.818359
4.257812
4.584961
4.887695
5.024414
5.136719
5.073242
4.916992
4.682617
4.370117
3.925781
3.432617
2.944336
2.421875
1.855469
1.337891
0.898438
0.468750
0.141602
-0.097656
-0.229492
-0.273438
-0.214844
0.004883
0.307617
0.664062
1.113281
1.591797
2.128906
2.656250
3.212891
3.686523
4.199219
4.531250
4.833984
5.014648
5.141602
5.112305
5.004883
4.775391
4.462891
4.072266
3.583984
3.100586
2.543945
2.006836
1.518555
1.030273
0.644531
0.283203
0.019531
-0.195312
-0.244141
-0.175781
-0.024414
0.249023
0.605469
0.996094
1.445312
2.031250
2.573242
3.076172
3.642578
4.038086
4.467773
4.775391
4.980469
5.102539
5.126953
5.019531
4.848633
4.536133
4.179688
3.691406
3.256836
2.685547
2.138672
1.601562
1.113281
0.683594
0.302734
0.009766
-0.195312
-0.292969
-0.258789
-0.078125
0.151367
0.449219
0.825195
1.372070
1.855469
2.392578
2.905273
3.466797
3.925781
4.370117
4.682617
4.902344
5.068359
5.107422
5.043945
4.848633
4.550781
4.213867
3.803711
3.305664
2.792969
2.231445
1.699219
1.206055
0.737305
0.346680
0.053711
-0.180664
-0.278320
-0.278320
-0.195312
0.029297
0.332031
0.747070
1.181641
1.733398
2.246094
2.832031
3.305664
3.828125
4.248047
4.619141
4.863281
5.063477
5.107422
5.073242
4.931641
4.672852
4.335938
3.916016
3.437500
2.944336
2.402344
1.835938
1.342773
0.859375
0.498047
0.131836
-0.102539
-0.214844
-0.273438
-0.175781
-0.004883
0.249023
0.625000
1.079102
1.586914
2.114258
2.617188
3.168945
3.676758
4.135742
4.506836
4.790039
5.029297
5.117188
5.097656
4.960938
4.731445
4.414062
4.038086
3.613281
3.120117
2.563477
1.987305
1.450195
0.986328
0.576172
0.239258
-0.048828
-0.209961
-0.278320
-0.195312
-0.063477
0.185547
0.566406
0.976562
1.455078
1.987305
2.485352
3.032227
3.588867
4.018555
4.418945
4.770508
4.980469
5.078125
5.126953
5.019531
4.804688
4.526367
4.116211
3.706055
3.232422
2.661133
2.138672
1.625977
1.108398
0.659180
0.292969
0.048828
-0.190430
-0.268555
-0.224609
-0.092773
0.146484
0.473633
0.883789
1.367188
1.875000
2.407227
2.924805
3.437500
3.925781
4.306641
4.643555
4.882812
5.063477
5.117188
5.043945
4.858398
4.565430
4.218750
3.798828
3.334961
2.753906
2.250977
1.679688
1.206055
0.766602
0.332031
0.039062
-0.156250
-0.258789
-0.263672
-0.175781
0.053711
0.371094
0.732422
1.191406
1.694336
2.250977
2.763672
3.300781
3.784180
4.208984
4.580078
4.863281
5.019531
5.083008
5.034180
4.912109
4.677734
4.350586
3.930664
3.461914
2.924805
2.407227
1.840820
1.357422
0.874023
0.439453
0.146484
-0.122070
-0.239258
-0.258789
-0.190430
0.039062
0.244141
0.668945
1.108398
1.572266
2.089844
2.695312
3.222656
3.725586
4.145508
4.541016
4.804688
5.053711
5.141602
5.112305
5.043945
4.785156
4.453125
4.106445
3.613281
3.139648
2.587891
2.026367
1.499023
1.054688
0.605469
0.268555
0.014648
-0.161133
-0.239258
-0.175781
-0.053711
0.229492
0.615234
1.030273
1.518555
2.036133
2.534180
3.085938
3.579102
4.042969
4.448242
4.785156
4.985352
5.087891
5.087891
4.990234
4.809570
4.555664
4.160156
3.715820
3.232422
2.666016
2.148438
1.611328
1.123047
0.678711
0.322266
0.000000
-0.156250
-0.219727
-0.224609
-0.126953
0.117188
0.458984
0.883789
1.367188
1.879883
2.363281
2.919922
3.437500
3.969727
4.335938
4.663086
4.907227
5.063477
5.107422
5.073242
4.873047
4.570312
4.208984
3.828125
3.320312
2.763672
2.231445
1.684570
1.215820
0.751953
0.336914
0.053711
-0.195312
-0.268555
-0.297852
-0.180664
0.029297
0.322266
0.722656
1.196289
1.708984
2.265625
2.788086
3.334961
3.774414
4.223633
4.594727
4.882812
5.039062
5.097656
5.078125
4.946289
4.682617
4.331055
3.945312
3.403320
2.968750
2.407227
1.845703
1.347656
0.854492
0.429688
0.136719
-0.063477
-0.234375
-0.297852
-0.170898
-0.039062
0.288086
0.678711
1.142578
1.552734
2.094727
2.631836
3.183594
3.671875
4.106445
4.482422
4.833984
5.009766
5.092773
5.117188
5.000000
4.721680
4.458008
4.047852
3.583984
3.085938
2.573242
2.041016
1.479492
0.981445
0.556641
0.205078
-0.029297
-0.209961
-0.268555
-0.234375
-0.058594
0.175781
0.561523
0.976562
1.445312
1.982422
2.514648
3.066406
3.593750
4.008789
4.404297
4.736328
4.956055
5.073242
5.117188
5.039062
4.824219
4.526367
4.150391
3.706055
3.212891
2.670898
2.104492
1.606445
1.064453
0.673828
0.327148
0.014648
-0.185547
-0.258789
-0.214844
-0.058594
0.097656
0.458984
0.874023
1.337891
1.875000
2.407227
2.915039
3.461914
3.911133
4.321289
4.653320
4.892578
5.024414
5.053711
5.000000
4.863281
4.580078
4.218750
3.764648
3.325195
2.768555
2.260742
1.718750
1.220703
0.727539
0.356445
0.029297
-0.185547
-0.288086
-0.288086
-0.170898
0.073242
0.361328
0.756836
1.191406
1.684570
2.236328
2.792969
3.300781
3.784180
4.248047
4.604492
4.838867
5.078125
5.136719
5.068359
4.916992
4.677734
4.370117
3.925781
3.457031
2.944336
2.387695
1.879883
1.416016
0.859375
0.478516
0.117188
-0.078125
-0.224609
-0.268555
-0.185547
-0.004883
0.283203
0.659180
1.108398
1.601562
2.084961
2.646484
3.193359
3.701172
4.160156
4.555664
4.863281
5.039062
5.166016
5.102539
5.014648
4.750977
4.467773
4.072266
3.613281
3.125000
2.558594
2.055664
1.484375
1.035156
0.590820
0.278320
0.024414
-0.166016
-0.205078
-0.156250
-0.009766
0.253906
0.620117
1.015625
1.518555
2.011719
2.558594
3.120117
3.598633
4.062500
4.482422
4.785156
4.951172
5.053711
5.083008
5.009766
4.804688
4.565430
4.160156
3.701172
3.247070
2.680664
2.148438
1.645508
1.132812
0.683594
0.307617
0.014648
-0.136719
-0.224609
-0.209961
-0.112305
0.117188
0.439453
0.883789
1.337891
1.870117
2.368164
2.900391
3.378906
3.925781
4.384766
4.663086
4.882812
5.034180
5.097656
5.029297
4.863281
4.614258
4.208984
3.784180
3.291016
2.783203
2.216797
1.679688
1.210938
0.766602
0.371094
0.024414
-0.156250
-0.268555
-0.278320
-0.170898
0.034180
0.336914
0.747070
1.191406
1.689453
2.250977
2.792969
3.310547
3.803711
4.218750
4.575195
4.843750
5.024414
5.112305
5.058594
4.912109
4.692383
4.355469
3.901367
3.427734
2.954102
2.377930
1.850586
1.328125
0.874023
0.454102
0.126953
-0.097656
-0.219727
-0.288086
-0.170898
0.009766
0.288086
0.634766
1.108398
1.625977
2.099609
2.631836
3.144531
3.696289
4.135742
4.511719
4.799805
4.995117
5.083008
5.058594
4.951172
4.726562
4.418945
4.062500
3.613281
3.076172
2.563477
2.041016
1.494141
0.986328
0.561523
0.195312
-0.048828
-0.209961
-0.268555
-0.219727
-0.053711
0.244141
0.541992
0.957031
1.440430
1.948242
2.529297
3.041992
3.549805
4.003906
4.418945
4.731445
4.980469
5.117188
5.107422
4.995117
4.799805
4.531250
4.135742
3.671875
3.178711
2.700195
2.109375
1.606445
1.088867
0.693359
0.278320
-0.009766
-0.195312
-0.278320
-0.234375
-0.097656
0.122070
0.424805
0.878906
1.352539
1.855469
2.377930
2.915039
3.442383
3.911133
4.291992
4.643555
4.868164
5.000000
5.063477
5.000000
4.833984
4.565430
4.228516
3.764648
3.276367
2.783203
2.221680
1.689453
1.235352
0.722656
0.356445
0.068359
-0.214844
-0.288086
-0.292969
-0.185547
0.048828
0.385742
0.722656
1.171875
1.689453
2.226562
2.763672
3.281250
3.779297
4.233398
4.560547
4.833984
5.019531
5.092773
5.058594
4.936523
4.658203
4.340820
3.891602
3.432617
2.939453
2.363281
1.870117
1.313477
0.864258
0.439453
0.112305
-0.097656
-0.249023
-0.283203
-0.209961
-0.024414
0.244141
0.639648
1.083984
1.616211
2.114258
2.622070
3.183594
3.696289
4.169922
4.492188
4.838867
5.000000
5.131836
5.131836
5.004883
4.785156
4.428711
4.057617
3.608398
3.066406
2.539062
1.992188
1.484375
0.991211
0.595703
0.244141
-0.058594
-0.219727
-0.234375
-0.195312
0.000000
0.229492
0.590820
0.996094
1.464844
2.016602
2.534180
3.085938
3.608398
4.038086
4.438477
4.765625
4.970703
5.107422
5.087891
5.004883
4.848633
4.541016
4.145508
3.715820
3.232422
2.695312
2.133789
1.635742
1.093750
0.644531
0.273438
-0.004883
-0.141602
-0.219727
-0.200195
-0.102539
0.141602
0.444336
0.874023
1.328125
1.845703
2.416992
2.934570
3.427734
3.920898
4.326172
4.677734
4.882812
5.063477
5.131836
5.068359
4.873047
4.599609
4.218750
3.798828
3.334961
2.827148
2.255859
1.699219
1.225586
0.781250
0.380859
0.043945
-0.185547
-0.234375
-0.239258
-0.190430
0.053711
0.341797
0.747070
1.206055
1.743164
2.241211
2.817383
3.330078
3.823242
4.238281
4.609375
4.868164
5.073242
5.131836
5.083008
4.951172
4.726562
4.370117
3.911133
3.457031
2.973633
2.416992
1.870117
1.372070
0.893555
0.478516
0.151367
-0.136719
-0.219727
-0.229492
-0.136719
0.039062
0.283203
0.659180
1.132812
1.621094
2.124023
2.675781
3.222656
3.706055
4.155273
4.526367
4.833984
5.073242
5.102539
5.136719
4.990234
4.726562
4.418945
4.057617
3.637695
3.154297
2.578125
2.031250
1.494141
1.054688
0.615234
0.249023
-0.029297
-0.200195
-0.219727
-0.180664
0.019531
0.229492
0.561523
1.040039
1.484375
2.036133
2.543945
3.085938
3.603516
4.082031
4.448242
4.765625
5.004883
5.146484
5.151367
5.034180
4.853516
4.584961
4.179688
3.701172
3.222656
2.705078
2.177734
1.640625
1.127930
0.678711
0.322266
0.058594
-0.136719
-0.234375
-0.200195
-0.048828
0.185547
0.468750
0.908203
1.396484
1.884766
2.456055
3.002930
3.481445
3.969727
4.394531
4.702148
4.946289
5.097656
5.102539
5.034180
4.897461
4.584961
4.248047
3.793945
3.295898
2.792969
2.241211
1.689453
1.220703
0.751953
0.341797
0.063477
-0.151367
-0.283203
-0.278320
-0.166016
0.097656
0.356445
0.727539
1.201172
1.669922
2.221680
2.773438
3.315430
3.789062
4.208984
4.584961
4.838867
5.004883
5.092773
5.058594
4.946289
4.682617
4.345703
3.896484
3.422852
2.895508
2.353516
1.840820
1.337891
0.854492
0.400391
0.102539
-0.102539
-0.239258
-0.302734
-0.273438
-0.058594
0.292969
0.576172
1.069336
1.562500
2.104492
2.622070
3.149414
3.657227
4.135742
4.472656
4.794922
4.975586
5.083008
5.107422
5.004883
4.770508
4.414062
3.994141
3.535156
3.022461
2.480469
1.997070
1.440430
0.971680
0.537109
0.175781
-0.092773
-0.190430
-0.273438
-0.195312
-0.039062
0.190430
0.527344
0.952148
1.435547
1.987305
2.514648
3.051758
3.564453
4.023438
4.414062
4.741211
4.941406
5.048828
5.068359
4.990234
4.780273
4.511719
4.091797
3.666992
3.188477
2.641602
2.099609
1.562500
1.103516
0.659180
0.253906
-0.024414
-0.244141
-0.258789
-0.288086
-0.117188
0.092773
0.434570
0.825195
1.284180
1.845703
2.324219
2.875977
3.374023
3.906250
4.282227
4.658203
4.868164
5.078125
5.058594
5.053711
4.843750
4.609375
4.208984
3.828125
3.281250
2.783203
2.216797
1.713867
1.206055
0.771484
0.356445
0.019531
-0.185547
-0.273438
-0.302734
-0.185547
0.058594
0.332031
0.742188
1.171875
1.704102
2.231445
2.758789
3.339844
3.798828
4.233398
4.594727
4.853516
5.043945
5.112305
5.043945
4.956055
4.687500
4.375000
3.945312
3.437500
2.949219
2.397461
1.850586
1.367188
0.888672
0.444336
0.146484
-0.092773
-0.200195
-0.253906
-0.166016
0.039062
0.292969
0.683594
1.088867
1.557617
2.104492
2.641602
3.217773
3.691406
4.130859
4.487305
4.833984
5.048828
5.122070
5.068359
4.941406
4.770508
4.467773
4.082031
3.618164
3.120117
2.592773
2.016602
1.469727
1.000977
0.595703
0.229492
-0.009766
-0.170898
-0.268555
-0.195312
-0.058594
0.219727
0.532227
0.991211
1.484375
1.987305
2.519531
3.051758
3.574219
4.042969
4.399414
4.746094
4.936523
5.126953
5.097656
5.014648
4.824219
4.516602
4.130859
3.710938
3.193359
2.636719
2.109375
1.621094
1.118164
0.644531
0.317383
0.019531
-0.185547
-0.253906
-0.244141
-0.117188
0.166016
0.488281
0.874023
1.337891
1.870117
2.412109
2.910156
3.413086
3.891602
4.316406
4.653320
4.892578
5.034180
5.073242
5.009766
4.848633
4.584961
4.169922
3.779297
3.300781
2.734375
2.241211
1.669922
1.196289
0.698242
0.351562
0.019531
-0.190430
-0.273438
-0.302734
-0.180664
0.019531
0.346680
0.703125
1.201172
1.679688
2.187500
2.749023
3.300781
3.789062
4.228516
4.570312
4.843750
5.019531
5.107422
5.058594
4.941406
4.663086
4.350586
3.916016
3.447266
2.954102
2.416992
1.850586
1.318359
0.849609
0.444336
0.112305
-0.126953
-0.253906
-0.283203
-0.195312
0.004883
0.312500
0.639648
1.123047
1.572266
2.128906
2.670898
3.237305
3.686523
4.140625
4.541016
4.833984
5.063477
5.161133
5.107422
5.029297
4.814453
4.492188
4.057617
3.627930
3.115234
2.592773
2.070312
1.518555
1.040039
0.585938
0.253906
-0.019531
-0.195312
-0.239258
-0.175781
0.014648
0.234375
0.605469
1.040039
1.513672
2.050781
2.607422
3.129883
3.637695
4.033203
4.467773
4.780273
4.990234
5.136719
5.156250
5.043945
4.833984
4.580078
4.179688
3.754883
3.251953
2.719727
2.163086
1.650391
1.113281
0.708008
0.336914
0.092773
-0.146484
-0.219727
-0.244141
-0.102539
0.146484
0.449219
0.913086
1.352539
1.860352
2.382812
2.958984
3.476562
3.950195
4.350586
4.707031
4.921875
5.078125
5.146484
5.083008
4.882812
4.624023
4.272461
3.842773
3.334961
2.812500
2.285156
1.733398
1.245117
0.756836
0.366211
0.058594
-0.136719
-0.249023
-0.258789
-0.175781
0.073242
0.375977
0.771484
1.225586
1.728516
2.260742
2.812500
3.364258
3.828125
4.248047
4.599609
4.902344
5.039062
5.141602
5.083008
4.931641
4.687500
4.360352
3.945312
3.461914
2.944336
2.397461
1.889648
1.357422
0.888672
0.473633
0.151367
-0.073242
-0.229492
-0.288086
-0.239258
-0.024414
0.283203
0.639648
1.054688
1.542969
2.089844
2.636719
3.188477
3.735352
4.111328
4.506836
4.790039
5.000000
5.112305
5.073242
4.985352
4.736328
4.428711
4.057617
3.574219
3.115234
2.573242
2.011719
1.489258
0.996094
0.551758
0.214844
-0.058594
-0.249023
-0.273438
-0.190430
-0.068359
0.190430
0.522461
0.957031
1.435547
1.938477
2.470703
3.027344
3.544922
4.013672
4.389648
4.707031
4.960938
5.039062
5.078125
5.014648
4.780273
4.521484
4.135742
3.666992
3.212891
2.675781
2.065430
1.591797
1.098633
0.639648
0.268555
-0.009766
-0.190430
-0.288086
-0.214844
-0.092773
0.112305
0.488281
0.864258
1.337891
1.850586
2.373047
2.900391
3.452148
3.852539
4.316406
4.619141
4.873047
4.995117
5.053711
5.009766
4.843750
4.589844
4.213867
3.759766
3.261719
2.724609
2.192383
1.684570
1.201172
0.722656
0.341797
0.043945
-0.161133
-0.288086
-0.258789
-0.161133
0.058594
0.346680
0.742188
1.186523
1.689453
2.216797
2.753906
3.344727
3.779297
4.199219
4.555664
4.838867
5.004883
5.112305
5.058594
4.902344
4.677734
4.326172
3.940430
3.422852
2.900391
2.392578
1.860352
1.308594
0.883789
0.444336
0.117188
-0.102539
-0.214844
-0.288086
-0.185547
-0.004883
0.283203
0.664062
1.123047
1.552734
2.124023
2.661133
3.222656
3.696289
4.160156
4.511719
4.838867
5.034180
5.136719
5.161133
4.956055
4.785156
4.438477
4.057617
3.608398
3.105469
2.592773
2.026367
1.499023
1.020508
0.590820
0.283203
0.000000
-0.190430
-0.244141
-0.185547
-0.039062
0.258789
0.595703
0.986328
1.523438
1.997070
2.548828
3.105469
3.579102
4.023438
4.467773
4.765625
4.965820
5.097656
5.112305
5.004883
4.804688
4.516602
4.155273
3.701172
3.178711
2.680664
2.119141
1.621094
1.147461
0.649414
0.302734
0.029297
-0.229492
-0.214844
-0.239258
-0.136719
0.122070
0.458984
0.859375
1.313477
1.816406
2.397461
2.890625
3.442383
3.935547
4.291992
4.682617
4.921875
5.029297
5.126953
5.029297
4.892578
4.565430
4.223633
3.789062
3.334961
2.802734
2.250977
1.684570
1.201172
0.751953
0.366211
0.048828
-0.185547
-0.288086
-0.283203
-0.195312
0.043945
0.312500
0.737305
1.166992
1.694336
2.236328
2.807617
3.315430
3.798828
4.208984
4.555664
4.858398
5.039062
5.083008
5.078125
4.897461
4.672852
4.335938
3.891602
3.422852
2.919922
2.377930
1.865234
1.323242
0.864258
0.429688
0.131836
-0.117188
-0.258789
-0.283203
-0.219727
-0.039062
0.253906
0.620117
1.064453
1.572266
2.050781
2.607422
3.159180
3.671875
4.096680
4.492188
4.775391
5.014648
5.126953
5.083008
4.965820
4.711914
4.404297
4.047852
3.613281
3.100586
2.524414
1.967773
1.508789
1.000977
0.556641
0.239258
-0.068359
-0.244141
-0.302734
-0.200195
-0.058594
0.195312
0.556641
0.966797
1.464844
1.962891
2.490234
3.071289
3.535156
4.018555
4.404297
4.750977
4.970703
5.097656
5.136719
5.004883
4.819336
4.526367
4.135742
3.691406
3.222656
2.646484
2.158203
1.586914
1.123047
0.639648
0.317383
0.024414
-0.175781
-0.263672
-0.185547
-0.107422
0.166016
0.483398
0.859375
1.347656
1.860352
2.387695
2.939453
3.437500
3.896484
4.311523
4.638672
4.877930
5.063477
5.122070
5.004883
4.799805
4.584961
4.238281
3.769531
3.320312
2.778320
2.241211
1.738281
1.225586
0.722656
0.322266
0.048828
-0.156250
-0.244141
-0.268555
-0.146484
0.019531
0.380859
0.756836
1.220703
1.708984
2.226562
2.753906
3.334961
3.789062
4.208984
4.609375
4.848633
5.043945
5.097656
5.058594
4.912109
4.677734
4.365234
3.911133
3.437500
2.910156
2.392578
1.845703
1.337891
0.888672
0.463867
0.102539
-0.112305
-0.229492
-0.273438
-0.214844
-0.048828
0.268555
0.620117
1.108398
1.611328
2.158203
2.675781
3.188477
3.710938
4.130859
4.536133
4.892578
5.068359
5.141602
5.117188
5.004883
4.765625
4.453125
4.018555
3.588867
3.125000
2.587891
2.045898
1.459961
0.991211
0.600586
0.229492
-0.019531
-0.175781
-0.234375
-0.156250
0.014648
0.268555
0.590820
1.010742
1.469727
2.001953
2.553711
3.066406
3.608398
4.062500
4.448242
4.746094
4.985352
5.097656
5.087891
5.019531
4.838867
4.550781
4.155273
3.686523
3.232422
2.695312
2.109375
1.572266
1.098633
0.659180
0.273438
0.000000
-0.180664
-0.253906
-0.195312
-0.097656
0.107422
0.488281
0.859375
1.323242
1.831055
2.368164
2.939453
3.491211
3.901367
4.335938
4.648438
4.907227
5.073242
5.078125
5.019531
4.829102
4.575195
4.204102
3.798828
3.286133
2.758789
2.216797
1.699219
1.181641
0.742188
0.346680
0.019531
-0.180664
-0.312500
-0.341797
-0.195312
0.048828
0.312500
0.771484
1.186523
1.708984
2.241211
2.763672
3.291016
3.784180
4.218750
4.560547
4.858398
5.043945
5.097656
5.034180
4.907227
4.677734
4.335938
3.891602
3.422852
2.929688
2.377930
1.845703
1.357422
0.854492
0.424805
0.107422
-0.068359
-0.229492
-0.283203
-0.239258
-0.039062
0.283203
0.625000
1.049805
1.596680
2.094727
2.641602
3.193359
3.662109
4.101562
4.472656
4.833984
5.014648
5.092773
5.092773
4.956055
4.746094
4.428711
4.057617
3.583984
3.061523
2.543945
2.016602
1.518555
1.010742
0.581055
0.214844
-0.029297
-0.195312
-0.278320
-0.239258
-0.043945
0.209961
0.517578
0.991211
1.455078
1.987305
2.514648
3.041992
3.583984
4.033203
4.399414
4.790039
4.965820
5.097656
5.102539
5.034180
4.819336
4.492188
4.160156
3.725586
3.208008
2.685547
2.128906
1.577148
1.103516
0.722656
0.302734
0.009766
-0.170898
-0.268555
-0.214844
-0.073242
0.136719
0.502930
0.893555
1.357422
1.879883
2.407227
2.958984
