1.865234
1.328125
0.844727
0.454102
0.175781
-0.112305
-0.249023
-0.292969
-0.195312
-0.014648
0.244141
0.605469
1.054688
1.542969
2.094727
2.636719
3.134766
3.632812
4.082031
4.458008
4.775391
4.990234
5.073242
5.117188
4.960938
4.750977
4.458008
4.038086
3.608398
3.076172
2.539062
2.006836
1.499023
1.030273
0.585938
0.205078
-0.034180
-0.205078
-0.263672
-0.180664
-0.048828
0.175781
0.527344
0.957031
1.464844
1.938477
2.514648
3.032227
3.554688
4.033203
4.399414
4.726562
4.960938
5.117188
5.107422
4.990234
4.819336
4.541016
4.145508
3.676758
3.193359
2.700195
2.182617
1.572266
1.108398
0.698242
0.297852
0.009766
-0.146484
-0.229492
-0.195312
-0.039062
0.136719
0.463867
0.869141
1.347656
1.840820
2.387695
2.924805
3.422852
3.916016
4.345703
4.672852
4.946289
5.063477
5.112305
5.004883
4.892578
4.614258
4.223633
3.808594
3.359375
2.797852
2.304688
1.733398
1.235352
0.761719
0.395508
0.092773
-0.131836
-0.234375
-0.253906
-0.141602
0.073242
0.395508
0.781250
1.201172
1.718750
2.241211
2.792969
3.315430
3.798828
4.267578
4.628906
4.877930
5.058594
5.141602
5.097656
4.951172
4.672852
4.355469
3.950195
3.457031
2.934570
2.363281
1.826172
1.337891
0.903320
0.458984
0.126953
-0.092773
-0.244141
-0.288086
-0.205078
-0.004883
0.253906
0.620117
1.074219
1.547852
2.070312
2.617188
3.159180
3.671875
4.116211
4.492188
4.785156
4.960938
5.097656
5.092773
4.995117
4.750977
4.414062
4.018555
3.579102
3.066406
2.543945
1.987305
1.474609
1.000977
0.541992
0.219727
-0.034180
-0.234375
-0.263672
-0.239258
-0.063477
0.214844
0.556641
0.957031
1.464844
1.938477
2.480469
3.022461
3.540039
4.023438
4.423828
4.760742
4.975586
5.097656
5.097656
5.048828
4.838867
4.550781
4.199219
3.730469
3.227539
2.695312
2.158203
1.655273
1.152344
0.683594
0.356445
0.083008
-0.126953
-0.195312
-0.205078
-0.063477
0.170898
0.498047
0.893555
1.342773
1.845703
2.426758
2.939453
3.481445
3.935547
4.296875
4.677734
4.965820
5.126953
5.156250
5.112305
4.892578
4.609375
4.306641
3.857422
3.383789
2.807617
2.280273
1.743164
1.215820
0.781250
0.390625
0.117188
-0.151367
-0.258789
-0.229492
-0.107422
0.097656
0.371094
0.737305
1.215820
1.728516
2.241211
2.836914
3.354492
3.808594
4.238281
4.565430
4.873047
5.073242
5.156250
5.048828
4.941406
4.663086
4.365234
3.945312
3.452148
2.929688
2.382812
1.879883
1.376953
0.869141
0.468750
0.117188
-0.117188
-0.200195
-0.278320
-0.209961
-0.034180
0.244141
0.644531
1.083984
1.542969
2.084961
2.592773
3.144531
3.686523
4.116211
4.482422
4.765625
4.975586
5.097656
5.102539
5.014648
4.770508
4.448242
3.999023
3.623047
3.120117
2.548828
2.026367
1.503906
1.030273
0.576172
0.214844
-0.043945
-0.190430
-0.288086
-0.219727
-0.053711
0.214844
0.556641
0.976562
1.440430
1.972656
2.465820
3.032227
3.549805
3.999023
4.384766
4.707031
4.960938
5.117188
5.092773
4.965820
4.819336
4.584961
4.174805
3.710938
3.193359
2.666016
2.133789
1.655273
1.142578
0.659180
0.258789
-0.004883
-0.146484
-0.205078
-0.234375
-0.117188
0.136719
0.517578
0.888672
1.352539
1.826172
2.373047
2.924805
3.432617
3.901367
4.326172
4.653320
4.941406
5.053711
5.136719
5.019531
4.882812
4.619141
4.233398
3.828125
3.339844
2.812500
2.290039
1.733398
1.250000
0.776367
0.380859
0.083008
-0.170898
-0.258789
-0.229492
-0.126953
0.097656
0.361328
0.756836
1.230469
1.704102
2.265625
2.792969
3.325195
3.813477
4.238281
4.614258
4.838867
5.058594
5.083008
5.117188
4.970703
4.687500
4.321289
3.925781
3.496094
2.958984
2.416992
1.884766
1.333008
0.883789
0.444336
0.131836
-0.117188
-0.273438
-0.312500
-0.180664
-0.043945
0.253906
0.620117
1.044922
1.562500
2.099609
2.617188
3.168945
3.642578
4.121094
4.497070
4.804688
5.029297
5.063477
5.112305
4.980469
4.750977
4.438477
4.047852
3.588867
3.041992
2.529297
2.026367
1.474609
1.020508
0.576172
0.244141
-0.029297
-0.195312
-0.302734
-0.190430
-0.073242
0.195312
0.556641
0.971680
1.479492
1.992188
2.514648
3.041992
3.583984
3.989258
4.399414
4.755859
4.990234
5.102539
5.122070
5.014648
4.843750
4.570312
4.184570
3.730469
3.222656
2.700195
2.163086
1.640625
1.166992
0.698242
0.327148
0.043945
-0.136719
-0.190430
-0.219727
-0.083008
0.166016
0.488281
0.903320
1.391602
1.918945
2.402344
2.954102
3.452148
3.964844
4.360352
4.736328
4.975586
5.078125
5.136719
5.078125
4.892578
4.648438
4.287109
3.867188
3.359375
2.836914
2.260742
1.733398
1.196289
0.781250
0.405273
0.073242
-0.151367
-0.205078
-0.224609
-0.117188
0.078125
0.380859
0.756836
1.215820
1.713867
2.265625
2.832031
3.334961
3.813477
4.213867
4.560547
4.892578
5.058594
5.112305
5.092773
4.926758
4.658203
4.355469
3.930664
3.447266
2.924805
2.377930
1.865234
1.357422
0.869141
0.454102
0.126953
-0.117188
-0.273438
-0.278320
-0.180664
-0.009766
0.253906
0.629883
1.069336
1.547852
2.119141
2.602539
3.149414
3.657227
4.077148
4.501953
4.770508
4.990234
5.078125
5.107422
4.965820
4.785156
4.433594
4.057617
3.613281
3.100586
2.553711
1.997070
1.455078
0.986328
0.527344
0.234375
-0.053711
-0.209961
-0.253906
-0.234375
-0.043945
0.190430
0.522461
0.952148
1.455078
1.953125
2.495117
3.051758
3.574219
4.052734
4.443359
4.716797
4.921875
5.136719
5.136719
5.004883
4.746094
4.555664
4.194336
3.696289
3.198242
2.705078
2.138672
1.601562
1.088867
0.634766
0.307617
0.014648
-0.185547
-0.219727
-0.156250
-0.087891
0.131836
0.454102
0.888672
1.347656
1.845703
2.377930
2.885742
3.413086
3.920898
4.311523
4.648438
4.936523
5.097656
5.107422
5.058594
4.858398
4.599609
4.243164
3.842773
3.291016
2.788086
2.236328
1.733398
1.215820
0.776367
0.375977
0.073242
-0.112305
-0.288086
-0.258789
-0.117188
0.068359
0.366211
0.761719
1.196289
1.728516
2.246094
2.783203
3.286133
3.784180
4.204102
4.614258
4.873047
5.073242
5.107422
5.112305
4.956055
4.707031
4.360352
3.930664
3.447266
2.958984
2.392578
1.884766
1.342773
0.903320
0.458984
0.112305
-0.126953
-0.283203
-0.253906
-0.175781
-0.058594
0.273438
0.610352
1.069336
1.538086
2.099609
2.617188
3.149414
3.657227
4.145508
4.477539
4.790039
5.004883
5.092773
5.097656
4.946289
4.746094
4.443359
4.067383
3.559570
3.076172
2.553711
1.997070
1.489258
0.991211
0.585938
0.205078
-0.078125
-0.200195
-0.229492
-0.175781
-0.063477
0.205078
0.551758
0.996094
1.435547
1.953125
2.500000
3.051758
3.525391
4.028320
4.404297
4.736328
4.985352
5.092773
5.122070
5.019531
4.848633
4.536133
4.208984
3.706055
3.217773
2.685547
2.158203
1.684570
1.147461
0.688477
0.283203
0.063477
-0.117188
-0.190430
-0.214844
-0.058594
0.190430
0.541992
0.913086
1.372070
1.884766
2.387695
2.929688
3.452148
3.984375
4.335938
4.726562
4.912109
5.136719
5.166016
5.112305
4.926758
4.667969
4.306641
3.872070
3.393555
2.851562
2.290039
1.733398
1.201172
0.761719
0.410156
0.102539
-0.136719
-0.244141
-0.214844
-0.102539
0.092773
0.400391
0.756836
1.220703
1.713867
2.265625
2.812500
3.320312
3.789062
4.218750
4.555664
4.882812
5.073242
5.083008
5.043945
4.916992
4.677734
4.379883
3.964844
3.447266
2.924805
2.387695
1.855469
1.357422
0.869141
0.463867
0.131836
-0.122070
-0.253906
-0.263672
-0.195312
-0.004883
0.253906
0.625000
1.083984
1.596680
2.084961
2.636719
3.144531
3.642578
4.101562
4.492188
4.780273
5.000000
5.092773
5.117188
5.000000
4.741211
4.462891
4.042969
3.603516
3.081055
2.539062
2.011719
1.474609
1.000977
0.566406
0.219727
-0.048828
-0.185547
-0.268555
-0.224609
-0.078125
0.205078
0.551758
0.986328
1.440430
1.948242
2.534180
3.066406
3.544922
4.018555
4.423828
4.697266
4.985352
5.122070
5.087891
5.000000
4.819336
4.536133
4.160156
3.730469
3.227539
2.675781
2.124023
1.586914
1.142578
0.639648
0.307617
0.000000
-0.166016
-0.200195
-0.175781
-0.048828
0.170898
0.507812
0.874023
1.333008
1.875000
2.402344
2.900391
3.422852
3.896484
4.355469
4.648438
4.921875
5.063477
5.102539
5.024414
4.877930
4.624023
4.248047
3.842773
3.378906
2.792969
2.265625
1.757812
1.210938
0.756836
0.375977
0.097656
-0.151367
-0.258789
-0.249023
-0.131836
0.083008
0.371094
0.737305
1.191406
1.718750
2.255859
2.749023
3.325195
3.828125
4.223633
4.609375
4.877930
5.068359
5.112305
5.117188
4.936523
4.702148
4.360352
3.950195
3.466797
2.924805
2.402344
1.850586
1.318359
0.874023
0.439453
0.102539
-0.117188
-0.268555
-0.302734
-0.249023
-0.063477
0.244141
0.595703
1.079102
1.557617
2.089844
2.631836
3.154297
3.657227
4.116211
4.497070
4.804688
4.956055
5.083008
5.063477
4.956055
4.775391
4.433594
4.052734
3.603516
3.095703
2.534180
2.016602
1.484375
1.054688
0.556641
0.205078
-0.024414
-0.190430
-0.273438
-0.190430
-0.053711
0.195312
0.541992
0.991211
1.445312
1.953125
2.509766
3.037109
3.540039
3.999023
4.428711
4.711914
4.990234
5.117188
5.112305
5.058594
4.829102
4.565430
4.189453
3.740234
3.222656
2.705078
2.182617
1.645508
1.147461
0.673828
0.312500
0.019531
-0.117188
-0.239258
-0.209961
-0.068359
0.166016
0.502930
0.922852
1.401367
1.894531
2.402344
2.934570
3.496094
3.930664
4.360352
4.702148
4.951172
5.136719
5.131836
5.048828
4.877930
4.638672
4.218750
3.867188
3.369141
2.822266
2.275391
1.699219
1.235352
0.766602
0.400391
0.063477
-0.107422
-0.209961
-0.249023
-0.126953
0.083008
0.390625
0.751953
1.210938
1.728516
2.202148
2.812500
3.305664
3.833008
4.194336
4.575195
4.868164
5.058594
5.097656
5.087891
4.887695
4.667969
4.331055
3.955078
3.471680
2.915039
2.363281
1.835938
1.342773
0.883789
0.493164
0.107422
-0.117188
-0.273438
-0.283203
-0.205078
-0.043945
0.234375
0.629883
1.030273
1.577148
2.070312
2.578125
3.129883
3.642578
4.038086
4.438477
4.760742
4.965820
5.102539
5.078125
4.960938
4.726562
4.428711
4.023438
3.544922
3.071289
2.519531
1.982422
1.455078
0.976562
0.546875
0.200195
-0.068359
-0.229492
-0.258789
-0.224609
-0.078125
0.175781
0.532227
0.952148
1.435547
1.909180
2.495117
3.037109
3.574219
4.023438
4.370117
4.707031
4.960938
5.083008
5.087891
5.000000
4.794922
4.511719
4.150391
3.671875
3.178711
2.646484
2.114258
1.601562
1.049805
0.639648
0.307617
0.014648
-0.190430
-0.249023
-0.224609
-0.053711
0.166016
0.458984
0.883789
1.347656
1.831055
2.377930
2.895508
3.427734
3.872070
4.306641
4.667969
4.916992
5.073242
5.107422
5.063477
4.887695
4.628906
4.243164
3.808594
3.330078
2.797852
2.270508
1.743164
1.235352
0.766602
0.380859
0.058594
-0.131836
-0.224609
-0.234375
-0.126953
0.043945
0.346680
0.727539
1.206055
1.723633
2.265625
2.788086
3.334961
3.803711
4.228516
4.609375
4.892578
5.063477
5.117188
5.122070
4.980469
4.711914
4.340820
3.935547
3.442383
2.963867
2.348633
1.860352
1.342773
0.820312
0.444336
0.117188
-0.180664
-0.283203
-0.302734
-0.195312
-0.043945
0.258789
0.605469
1.079102
1.572266
2.080078
2.622070
3.144531
3.671875
4.125977
4.506836
4.760742
4.956055
5.078125
5.078125
4.990234
4.750977
4.438477
4.023438
3.613281
3.085938
2.543945
2.001953
1.474609
1.000977
0.561523
0.229492
-0.043945
-0.249023
-0.263672
-0.209961
-0.053711
0.166016
0.585938
0.961914
1.435547
1.958008
2.470703
3.022461
3.496094
3.984375
4.370117
4.746094
4.995117
5.083008
5.112305
4.990234
4.843750
4.526367
4.194336
3.754883
3.232422
2.670898
2.158203
1.635742
1.157227
0.712891
0.336914
0.073242
-0.156250
-0.205078
-0.166016
-0.058594
0.131836
0.517578
0.908203
1.298828
1.879883
2.421875
2.973633
3.505859
3.964844
4.355469
4.707031
4.980469
5.107422
5.131836
5.097656
4.892578
4.643555
4.282227
3.857422
3.364258
2.861328
2.280273
1.743164
1.210938
0.766602
0.375977
0.107422
-0.156250
-0.214844
-0.249023
-0.126953
0.073242
0.390625
0.771484
1.186523
1.708984
2.280273
2.807617
3.286133
3.793945
4.252930
4.580078
4.853516
5.048828
5.117188
5.078125
4.951172
4.643555
4.350586
3.959961
3.481445
2.958984
2.412109
1.889648
1.357422
0.903320
0.463867
0.136719
-0.078125
-0.258789
-0.283203
-0.195312
0.014648
0.312500
0.615234
1.079102
1.533203
2.099609
2.636719
3.129883
3.662109
4.121094
4.458008
4.770508
4.980469
5.083008
5.097656
4.975586
4.780273
4.433594
4.023438
3.613281
3.090820
2.534180
1.997070
1.464844
1.030273
0.576172
0.239258
-0.043945
-0.205078
-0.263672
-0.209961
-0.048828
0.175781
0.541992
0.957031
1.464844
1.962891
2.514648
3.071289
3.569336
4.033203
4.438477
4.687500
4.936523
5.092773
5.107422
5.000000
4.824219
4.555664
4.155273
3.715820
3.222656
2.680664
2.138672
1.611328
1.064453
0.654297
0.332031
0.019531
-0.166016
-0.263672
-0.229492
-0.078125
0.151367
0.537109
0.869141
1.352539
1.835938
2.387695
2.929688
3.447266
3.920898
4.331055
4.663086
4.902344
5.097656
5.102539
4.990234
4.892578
4.604492
4.248047
3.828125
3.315430
2.832031
2.270508
1.743164
1.225586
0.747070
0.400391
0.102539
-0.166016
-0.244141
-0.244141
-0.146484
0.058594
0.395508
0.761719
1.201172
1.733398
2.265625
2.773438
3.315430
3.813477
4.248047
4.604492
4.873047
5.063477
5.136719
5.112305
4.990234
4.697266
4.360352
3.911133
3.422852
2.919922
2.387695
1.855469
1.318359
0.874023
0.468750
0.102539
-0.102539
-0.273438
-0.327148
-0.180664
-0.078125
0.258789
0.605469
1.074219
1.542969
2.080078
2.617188
3.188477
3.657227
4.140625
4.467773
4.794922
4.985352
5.112305
5.117188
4.946289
4.750977
4.428711
4.057617
3.603516
3.095703
2.539062
1.992188
1.455078
0.971680
0.556641
0.224609
-0.058594
-0.190430
-0.292969
-0.200195
-0.068359
0.200195
0.532227
0.971680
1.416016
1.953125
2.504883
3.051758
3.486328
4.018555
4.414062
4.731445
4.970703
5.087891
5.107422
5.004883
4.838867
4.521484
4.179688
3.706055
3.208008
2.670898
2.138672
1.650391
1.108398
0.708008
0.336914
0.024414
-0.175781
-0.239258
-0.205078
-0.083008
0.180664
0.512695
0.878906
1.367188
1.860352
2.387695
2.958984
3.466797
3.945312
4.375000
4.707031
4.941406
5.112305
5.166016
5.087891
4.907227
4.638672
4.252930
3.828125
3.310547
2.846680
2.285156
1.762695
1.206055
0.776367
0.400391
0.073242
-0.107422
-0.209961
-0.249023
-0.151367
0.043945
0.385742
0.781250
1.181641
1.699219
2.226562
2.753906
3.344727
3.764648
4.238281
4.570312
4.853516
5.024414
5.087891
5.039062
4.941406
4.658203
4.326172
3.925781
3.422852
2.905273
2.416992
1.850586
1.313477
0.844727
0.419922
0.161133
-0.122070
-0.234375
-0.278320
-0.239258
-0.034180
0.244141
0.605469
1.074219
1.547852
2.065430
2.602539
3.125000
3.623047
4.086914
4.462891
4.750977
4.990234
5.083008
5.063477
4.970703
4.741211
4.438477
4.018555
3.574219
3.066406
2.539062
1.982422
1.459961
0.976562
0.571289
0.219727
-0.014648
-0.219727
-0.258789
-0.278320
-0.092773
0.205078
0.551758
0.937500
1.440430
1.967773
2.485352
3.002930
3.569336
4.003906
4.375000
4.716797
4.936523
5.087891
5.087891
4.980469
4.833984
4.536133
4.155273
3.686523
3.149414
2.641602
2.114258
1.621094
1.118164
0.625000
0.244141
0.024414
-0.185547
-0.239258
-0.200195
-0.087891
0.122070
0.458984
0.869141
1.333008
1.870117
2.353516
2.905273
3.408203
3.881836
4.321289
4.653320
4.912109
5.034180
5.107422
5.004883
4.897461
4.575195
4.218750
3.818359
3.300781
2.778320
2.275391
1.694336
1.191406
0.771484
0.395508
0.029297
-0.107422
-0.253906
-0.244141
-0.161133
0.073242
0.341797
0.766602
1.186523
1.713867
2.260742
2.758789
3.320312
3.818359
4.233398
4.609375
4.863281
5.053711
5.136719
5.058594
4.941406
4.687500
4.360352
3.925781
3.457031
2.895508
2.382812
1.835938
1.347656
0.869141
0.473633
0.141602
-0.117188
-0.234375
-0.307617
-0.224609
-0.039062
0.249023
0.610352
1.064453
1.533203
2.080078
2.602539
3.164062
3.652344
4.125977
4.492188
4.804688
4.985352
5.097656
5.122070
4.970703
4.750977
4.404297
4.062500
3.583984
3.061523
2.529297
1.997070
1.445312
0.996094
0.561523
0.214844
-0.039062
-0.253906
-0.229492
-0.249023
-0.048828
0.195312
0.537109
0.981445
1.440430
1.977539
2.475586
3.017578
3.593750
4.018555
4.418945
4.702148
4.912109
5.117188
5.117188
5.024414
4.814453
4.565430
4.160156
3.696289
3.237305
2.666016
2.172852
1.601562
1.152344
0.693359
0.336914
0.039062
-0.185547
-0.258789
-0.249023
-0.048828
0.205078
0.541992
0.908203
1.342773
1.826172
2.387695
2.958984
3.515625
3.935547
4.335938
4.677734
4.970703
5.136719
5.151367
5.058594
4.882812
4.658203
4.282227
3.842773
3.344727
2.812500
2.255859
1.738281
1.215820
0.761719
0.380859
0.073242
-0.097656
-0.234375
-0.253906
-0.117188
0.058594
0.400391
0.771484
1.191406
1.704102
2.241211
2.783203
3.369141
3.779297
4.228516
4.560547
4.882812
5.058594
5.097656
5.087891
4.897461
4.702148
4.335938
3.950195
3.437500
2.944336
2.416992
1.831055
1.342773
0.834961
0.483398
0.117188
-0.141602
-0.249023
-0.322266
-0.224609
0.000000
0.263672
0.610352
1.074219
1.542969
2.065430
2.617188
3.125000
3.623047
4.082031
4.501953
4.775391
5.000000
5.092773
5.092773
4.995117
4.765625
4.443359
4.033203
3.569336
3.076172
2.548828
2.001953
1.479492
0.981445
0.590820
0.185547
-0.043945
-0.190430
-0.297852
-0.234375
-0.068359
0.209961
0.556641
0.971680
1.430664
1.909180
2.485352
3.071289
3.583984
3.994141
4.370117
4.711914
4.965820
5.097656
5.117188
4.970703
4.848633
4.497070
4.150391
3.730469
3.208008
2.656250
2.143555
1.611328
1.083984
0.659180
0.292969
0.014648
-0.180664
-0.205078
-0.185547
-0.078125
0.126953
0.439453
0.834961
1.333008
1.840820
2.392578
2.924805
3.422852
3.906250
4.296875
4.648438
4.907227
5.048828
5.117188
5.058594
4.858398
4.604492
4.243164
3.808594
3.325195
2.788086
2.280273
1.748047
1.235352
0.791016
0.390625
0.073242
-0.146484
-0.244141
-0.253906
-0.126953
0.087891
0.351562
0.742188
1.220703
1.728516
2.236328
2.778320
3.310547
3.818359
4.208984
4.609375
4.902344
5.053711
5.102539
5.092773
4.941406
4.707031
4.365234
3.906250
3.432617
2.900391
2.382812
1.865234
1.342773
0.864258
0.434570
0.097656
-0.161133
-0.288086
-0.297852
-0.209961
-0.014648
0.244141
0.649414
1.059570
1.572266
2.104492
2.656250
3.183594
3.662109
4.101562
4.467773
4.804688
5.014648
5.092773
5.092773
4.951172
4.750977
4.409180
4.008789
3.564453
3.076172
2.539062
2.006836
1.499023
0.996094
0.581055
0.209961
-0.039062
-0.219727
-0.258789
-0.190430
-0.034180
0.180664
0.532227
0.991211
1.455078
1.967773
2.524414
3.032227
3.525391
3.994141
4.409180
4.750977
4.970703
5.073242
5.092773
5.034180
4.858398
4.526367
4.184570
3.735352
3.188477
2.670898
2.163086
1.650391
1.181641
0.732422
0.312500
0.029297
-0.126953
-0.234375
-0.214844
-0.102539
0.112305
0.468750
0.878906
1.391602
1.845703
2.402344
2.915039
3.437500
3.930664
4.311523
4.687500
4.931641
5.058594
5.131836
5.083008
4.916992
4.663086
4.282227
3.842773
3.320312
2.827148
2.270508
1.748047
1.230469
0.781250
0.405273
0.126953
-0.112305
-0.253906
-0.273438
-0.141602
0.112305
0.385742
0.751953
1.220703
1.689453
2.236328
2.846680
3.339844
3.769531
4.194336
4.604492
4.882812
5.068359
5.126953
5.078125
4.882812
4.667969
4.345703
3.959961
3.486328
2.934570
2.397461
1.884766
1.337891
0.878906
0.488281
0.156250
-0.122070
-0.258789
-0.292969
-0.195312
0.024414
0.283203
0.634766
1.088867
1.562500
2.055664
2.602539
3.129883
3.642578
4.077148
4.458008
4.780273
4.990234
5.092773
5.083008
4.960938
4.755859
4.438477
4.042969
3.608398
3.090820
2.543945
1.987305
1.464844
0.996094
0.532227
0.209961
-0.053711
-0.214844
-0.288086
-0.244141
-0.083008
0.175781
0.546875
0.961914
1.445312
1.962891
2.465820
2.993164
