1.748047
1.201172
0.771484
0.371094
0.087891
-0.146484
-0.244141
-0.253906
-0.136719
0.063477
0.356445
0.756836
1.201172
1.713867
2.226562
2.763672
3.276367
3.769531
4.218750
4.604492
4.863281
5.053711
5.092773
5.039062
4.916992
4.702148
4.311523
3.906250
3.442383
2.944336
2.397461
1.860352
1.337891
0.893555
0.449219
0.156250
-0.073242
-0.273438
-0.258789
-0.185547
-0.014648
0.297852
0.639648
1.088867
1.611328
2.114258
2.680664
3.212891
3.657227
4.111328
4.511719
4.833984
4.980469
5.073242
5.078125
4.960938
4.765625
4.409180
4.013672
3.574219
3.066406
2.558594
1.943359
1.445312
0.981445
0.576172
0.214844
-0.039062
-0.200195
-0.209961
-0.175781
-0.029297
0.219727
0.546875
1.010742
1.494141
2.006836
2.524414
3.051758
3.559570
4.052734
4.404297
4.716797
4.985352
5.092773
5.112305
5.000000
4.809570
4.531250
4.155273
3.710938
3.217773
2.661133
2.114258
1.606445
1.127930
0.668945
0.288086
0.019531
-0.170898
-0.244141
-0.224609
-0.097656
0.141602
0.468750
0.883789
1.362305
1.845703
2.373047
2.949219
3.486328
3.935547
4.345703
4.721680
4.931641
5.073242
5.146484
5.039062
4.858398
4.599609
4.228516
3.789062
3.276367
2.749023
2.241211
1.738281
1.259766
0.771484
0.322266
0.048828
-0.131836
-0.268555
-0.278320
-0.161133
0.043945
0.351562
0.732422
1.206055
1.728516
2.236328
2.783203
3.305664
3.798828
4.218750
4.589844
4.877930
5.019531
5.102539
5.083008
4.951172
4.667969
4.355469
3.911133
3.432617
2.924805
2.416992
1.845703
1.357422
0.839844
0.454102
0.126953
-0.107422
-0.214844
-0.253906
-0.175781
0.000000
0.297852
0.654297
1.103516
1.528320
2.094727
2.680664
3.154297
3.676758
4.130859
4.550781
4.794922
5.039062
5.097656
5.107422
5.000000
4.755859
4.443359
4.052734
3.574219
3.076172
2.587891
2.026367
1.455078
0.976562
0.576172
0.268555
0.009766
-0.126953
-0.244141
-0.161133
0.000000
0.229492
0.571289
0.991211
1.508789
2.016602
2.563477
3.120117
3.598633
4.062500
4.501953
4.750977
5.039062
5.136719
5.146484
5.039062
4.858398
4.545898
4.189453
3.715820
3.188477
2.666016
2.133789
1.582031
1.127930
0.737305
0.322266
0.000000
-0.185547
-0.263672
-0.219727
-0.097656
0.136719
0.458984
0.893555
1.298828
1.870117
2.421875
2.944336
3.447266
3.881836
4.345703
4.702148
4.916992
5.097656
5.117188
5.048828
4.873047
4.570312
4.277344
3.813477
3.300781
2.758789
2.226562
1.733398
1.210938
0.776367
0.380859
0.043945
-0.156250
-0.258789
-0.268555
-0.166016
0.034180
0.346680
0.766602
1.196289
1.689453
2.211914
2.788086
3.291016
3.769531
4.228516
4.584961
4.868164
5.048828
5.117188
5.102539
4.907227
4.707031
4.370117
3.935547
3.437500
2.929688
2.416992
1.870117
1.347656
0.888672
0.478516
0.136719
-0.078125
-0.253906
-0.258789
-0.161133
0.004883
0.307617
0.634766
1.069336
1.616211
2.089844
2.661133
3.159180
3.662109
4.155273
4.521484
4.790039
5.024414
5.087891
5.053711
4.941406
4.755859
4.453125
4.008789
3.544922
3.085938
2.543945
2.006836
1.440430
0.957031
0.532227
0.219727
0.004883
-0.166016
-0.288086
-0.166016
-0.083008
0.263672
0.561523
0.996094
1.464844
1.997070
2.519531
3.027344
3.559570
4.042969
4.443359
4.731445
4.970703
5.063477
5.112305
5.024414
4.814453
4.531250
4.140625
3.715820
3.178711
2.656250
2.148438
1.611328
1.123047
0.688477
0.307617
0.029297
-0.190430
-0.244141
-0.234375
-0.078125
0.166016
0.488281
0.908203
1.333008
1.840820
2.416992
2.939453
3.476562
3.945312
4.340820
4.663086
4.936523
5.107422
5.126953
5.048828
4.897461
4.614258
4.228516
3.818359
3.334961
2.792969
2.265625
1.694336
1.201172
0.737305
0.366211
0.063477
-0.156250
-0.249023
-0.239258
-0.200195
0.024414
0.356445
0.766602
1.250000
1.728516
2.231445
2.778320
3.295898
3.789062
4.243164
4.599609
4.873047
5.014648
5.117188
5.073242
4.902344
4.682617
4.365234
3.920898
3.432617
2.929688
2.416992
1.835938
1.323242
0.898438
0.444336
0.141602
-0.117188
-0.229492
-0.249023
-0.166016
0.014648
0.332031
0.644531
1.049805
1.582031
2.153320
2.666016
3.217773
3.662109
4.101562
4.501953
4.824219
5.034180
5.117188
5.146484
5.004883
4.770508
4.448242
4.047852
3.593750
3.120117
2.578125
2.045898
1.503906
1.010742
0.585938
0.292969
0.009766
-0.175781
-0.224609
-0.205078
-0.039062
0.224609
0.576172
1.025391
1.508789
2.045898
2.524414
3.105469
3.588867
4.086914
4.487305
4.790039
5.014648
5.073242
5.136719
5.019531
4.843750
4.560547
4.179688
3.710938
3.208008
2.666016
2.119141
1.591797
1.132812
0.659180
0.336914
0.009766
-0.117188
-0.249023
-0.200195
-0.092773
0.141602
0.458984
0.913086
1.347656
1.835938
2.373047
2.919922
3.447266
3.959961
4.370117
4.682617
4.912109
5.039062
5.156250
5.043945
4.912109
4.570312
4.223633
3.847656
3.305664
2.812500
2.246094
1.718750
1.235352
0.781250
0.366211
0.053711
-0.161133
-0.234375
-0.263672
-0.166016
0.043945
0.341797
0.751953
1.201172
1.694336
2.202148
2.778320
3.261719
3.789062
4.218750
4.570312
4.863281
5.068359
5.117188
5.078125
4.941406
4.707031
4.340820
3.969727
3.466797
2.929688
2.412109
1.879883
1.352539
0.874023
0.483398
0.122070
-0.078125
-0.224609
-0.273438
-0.200195
0.000000
0.307617
0.634766
1.113281
1.601562
2.104492
2.631836
3.178711
3.710938
4.130859
4.516602
4.780273
5.024414
5.083008
5.107422
5.034180
4.736328
4.414062
4.028320
3.603516
3.076172
2.548828
1.962891
1.513672
0.991211
0.566406
0.185547
-0.009766
-0.180664
-0.263672
-0.190430
-0.039062
0.239258
0.585938
0.981445
1.484375
1.972656
2.524414
3.051758
3.564453
4.003906
4.409180
4.716797
4.956055
5.092773
5.117188
5.009766
4.829102
4.526367
4.140625
3.710938
3.208008
2.675781
2.128906
1.582031
1.137695
0.649414
0.327148
-0.009766
-0.141602
-0.258789
-0.244141
-0.102539
0.170898
0.488281
0.844727
1.352539
1.831055
2.402344
2.944336
3.452148
3.925781
4.340820
4.697266
4.907227
5.087891
5.097656
5.073242
4.892578
4.599609
4.228516
3.769531
3.300781
2.807617
2.285156
1.718750
1.171875
0.737305
0.327148
0.043945
-0.146484
-0.292969
-0.253906
-0.156250
0.073242
0.346680
0.747070
1.191406
1.733398
2.221680
2.792969
3.334961
3.769531
4.228516
4.560547
4.848633
5.053711
5.112305
5.083008
4.936523
4.697266
4.365234
3.925781
3.461914
2.934570
2.402344
1.850586
1.362305
0.864258
0.468750
0.146484
-0.063477
-0.229492
-0.249023
-0.166016
-0.004883
0.312500
0.688477
1.064453
1.562500
2.109375
2.646484
3.208008
3.725586
4.125977
4.501953
4.809570
5.048828
5.156250
5.097656
5.019531
4.785156
4.443359
4.047852
3.608398
3.129883
2.592773
2.045898
1.503906
0.971680
0.600586
0.234375
-0.024414
-0.205078
-0.195312
-0.156250
-0.019531
0.258789
0.625000
1.015625
1.552734
1.982422
2.568359
3.110352
3.588867
4.096680
4.477539
4.794922
5.009766
5.073242
5.146484
5.039062
4.829102
4.580078
4.174805
3.730469
3.203125
2.646484
2.124023
1.601562
1.103516
0.678711
0.288086
0.039062
-0.166016
-0.253906
-0.224609
-0.087891
0.170898
0.483398
0.888672
1.381836
1.875000
2.392578
2.919922
3.466797
3.925781
4.355469
4.687500
4.921875
5.068359
5.112305
5.039062
4.877930
4.619141
4.233398
3.769531
3.339844
2.797852
2.265625
1.699219
1.186523
0.737305
0.366211
0.034180
-0.136719
-0.292969
-0.288086
-0.161133
0.058594
0.390625
0.751953
1.196289
1.674805
2.226562
2.783203
3.315430
3.789062
4.208984
4.575195
4.877930
5.058594
5.083008
5.048828
4.921875
4.672852
4.350586
3.930664
3.452148
2.954102
2.412109
1.821289
1.328125
0.859375
0.468750
0.166016
-0.117188
-0.258789
-0.268555
-0.185547
-0.014648
0.273438
0.620117
1.079102
1.533203
2.094727
2.651367
3.198242
3.686523
4.125977
4.516602
4.819336
4.970703
5.112305
5.087891
5.024414
4.755859
4.448242
4.033203
3.535156
3.046875
2.539062
2.006836
1.484375
0.957031
0.576172
0.249023
-0.029297
-0.185547
-0.224609
-0.209961
-0.024414
0.180664
0.605469
0.986328
1.464844
1.982422
2.529297
3.056641
3.549805
4.023438
4.414062
4.750977
4.956055
5.107422
5.068359
5.034180
4.804688
4.541016
4.160156
3.671875
3.217773
2.651367
2.153320
1.606445
1.103516
0.668945
0.292969
0.014648
-0.175781
-0.253906
-0.224609
-0.083008
0.146484
0.473633
0.869141
1.347656
1.860352
2.397461
2.949219
3.442383
3.916016
4.345703
4.697266
4.941406
5.092773
5.126953
5.039062
4.858398
4.604492
4.248047
3.828125
3.295898
2.788086
2.207031
1.748047
1.210938
0.776367
0.366211
0.078125
-0.175781
-0.244141
-0.283203
-0.151367
0.058594
0.336914
0.756836
1.191406
1.704102
2.216797
2.788086
3.281250
3.793945
4.204102
4.594727
4.858398
5.053711
5.063477
5.039062
4.926758
4.726562
4.316406
3.925781
3.466797
2.929688
2.397461
1.850586
1.357422
0.913086
0.444336
0.141602
-0.112305
-0.190430
-0.273438
-0.185547
0.000000
0.288086
0.654297
1.113281
1.582031
2.104492
2.675781
3.183594
3.647461
4.121094
4.521484
4.824219
5.014648
5.126953
5.122070
4.960938
4.775391
4.443359
4.101562
3.579102
3.071289
2.524414
2.021484
1.489258
1.015625
0.600586
0.268555
-0.004883
-0.175781
-0.219727
-0.161133
-0.024414
0.263672
0.600586
1.020508
1.513672
2.031250
2.539062
3.085938
3.588867
4.077148
4.448242
4.790039
5.014648
5.126953
5.146484
5.034180
4.853516
4.555664
4.145508
3.745117
3.178711
2.661133
2.143555
1.586914
1.137695
0.659180
0.327148
0.009766
-0.156250
-0.234375
-0.190430
-0.087891
0.146484
0.478516
0.913086
1.337891
1.875000
2.402344
2.915039
3.457031
3.920898
4.331055
4.741211
4.902344
5.068359
5.131836
5.048828
4.833984
4.599609
4.238281
3.793945
3.300781
2.788086
2.280273
1.704102
1.210938
0.776367
0.375977
0.039062
-0.180664
-0.283203
-0.263672
-0.166016
0.053711
0.332031
0.751953
1.196289
1.655273
2.221680
2.749023
3.276367
3.750000
4.184570
4.584961
4.873047
5.043945
5.092773
5.122070
4.902344
4.716797
4.326172
3.950195
3.481445
2.910156
2.387695
1.840820
1.342773
0.869141
0.454102
0.126953
-0.083008
-0.224609
-0.249023
-0.170898
0.000000
0.244141
0.600586
1.069336
1.552734
2.158203
2.680664
3.183594
3.657227
4.116211
4.506836
4.814453
5.000000
5.073242
5.053711
4.960938
4.765625
4.414062
4.033203
3.549805
3.061523
2.475586
1.982422
1.455078
0.986328
0.532227
0.249023
-0.034180
-0.253906
-0.249023
-0.190430
-0.048828
0.244141
0.541992
0.996094
1.474609
1.962891
2.529297
3.066406
3.554688
4.042969
4.423828
4.760742
4.970703
5.073242
5.092773
5.000000
4.809570
4.545898
4.125977
3.701172
3.237305
2.661133
2.119141
1.586914
1.108398
0.678711
0.297852
-0.024414
-0.185547
-0.283203
-0.234375
-0.097656
0.136719
0.488281
0.878906
1.376953
1.875000
2.387695
2.944336
3.422852
3.974609
4.350586
4.707031
4.936523
5.087891
5.166016
5.073242
4.882812
4.604492
4.218750
3.793945
3.325195
2.802734
2.231445
1.694336
1.171875
0.761719
0.346680
0.073242
-0.170898
-0.268555
-0.268555
-0.170898
0.029297
0.356445
0.747070
1.215820
1.728516
2.221680
2.778320
3.320312
3.837891
4.223633
4.584961
4.868164
5.029297
5.122070
5.058594
4.916992
4.653320
4.345703
3.925781
3.427734
2.949219
2.426758
1.845703
1.362305
0.834961
0.478516
0.141602
-0.122070
-0.234375
-0.268555
-0.166016
0.048828
0.288086
0.644531
1.049805
1.572266
2.114258
2.602539
3.159180
3.657227
4.140625
4.526367
4.833984
5.014648
5.122070
5.107422
5.004883
4.726562
4.462891
4.038086
3.588867
3.120117
2.617188
2.021484
1.474609
0.991211
0.615234
0.258789
0.024414
-0.156250
-0.214844
-0.166016
0.004883
0.249023
0.576172
1.010742
1.464844
2.050781
2.529297
3.125000
3.608398
4.062500
4.453125
4.765625
4.960938
5.141602
5.131836
5.043945
4.843750
4.511719
4.169922
3.701172
3.193359
2.666016
2.109375
1.582031
1.074219
0.693359
0.322266
-0.004883
-0.166016
-0.253906
-0.219727
-0.097656
0.131836
0.473633
0.854492
1.352539
1.875000
2.421875
2.939453
3.432617
3.925781
4.316406
4.663086
4.907227
5.063477
5.131836
5.034180
4.892578
4.565430
4.272461
3.823242
3.300781
2.778320
2.255859
1.718750
1.210938
0.712891
0.366211
0.053711
-0.175781
-0.268555
-0.278320
-0.146484
0.063477
0.395508
0.751953
1.181641
1.669922
2.202148
2.763672
3.291016
3.759766
4.223633
4.589844
4.833984
5.053711
5.078125
5.058594
4.921875
4.697266
4.331055
3.920898
3.452148
2.939453
2.373047
1.855469
1.357422
0.854492
0.463867
0.122070
-0.087891
-0.234375
-0.268555
-0.175781
-0.019531
0.268555
0.644531
1.079102
1.606445
2.089844
2.666016
3.183594
3.671875
4.116211
4.492188
4.814453
5.014648
5.063477
5.068359
4.995117
4.750977
4.389648
4.052734
3.544922
3.071289
2.543945
1.987305
1.484375
0.957031
0.532227
0.239258
-0.024414
-0.180664
-0.258789
-0.190430
-0.009766
0.209961
0.615234
0.971680
1.459961
2.016602
2.514648
3.022461
3.544922
4.023438
4.414062
4.736328
4.941406
5.048828
5.112305
5.000000
4.819336
4.526367
4.125977
3.701172
3.217773
2.666016
2.124023
1.562500
1.103516
0.649414
0.302734
-0.009766
-0.205078
-0.244141
-0.214844
-0.073242
0.141602
0.463867
0.888672
1.347656
1.875000
2.397461
2.915039
3.452148
3.979492
4.355469
4.707031
4.951172
5.112305
5.166016
5.063477
4.873047
4.599609
4.204102
3.784180
3.281250
2.753906
2.246094
1.708984
1.201172
0.751953
0.371094
0.009766
-0.156250
-0.278320
-0.258789
-0.161133
0.053711
0.375977
0.732422
1.191406
1.674805
2.211914
2.788086
3.315430
3.808594
4.218750
4.575195
4.853516
5.039062
5.117188
5.039062
4.916992
4.687500
4.326172
3.945312
3.432617
2.929688
2.387695
1.870117
1.342773
0.908203
0.473633
0.112305
-0.112305
-0.244141
-0.278320
-0.205078
0.004883
0.312500
0.620117
1.088867
1.582031
2.104492
2.626953
3.183594
3.647461
4.150391
4.516602
4.824219
5.019531
5.112305
5.092773
5.000000
4.780273
4.482422
4.067383
3.588867
3.090820
2.587891
2.001953
1.474609
1.015625
0.556641
0.258789
-0.019531
-0.175781
-0.205078
-0.185547
-0.014648
0.263672
0.605469
0.981445
1.547852
2.026367
2.573242
3.100586
3.618164
4.086914
4.472656
4.790039
5.019531
5.136719
5.097656
5.039062
4.833984
4.570312
4.165039
3.740234
3.188477
2.666016
2.133789
1.591797
1.123047
0.649414
0.332031
0.009766
-0.161133
-0.205078
-0.229492
-0.078125
0.146484
0.454102
0.844727
1.367188
1.875000
2.377930
2.905273
3.417969
3.930664
4.326172
4.658203
4.907227
5.092773
5.073242
5.029297
4.877930
4.599609
4.233398
3.818359
3.291016
2.807617
2.207031
1.728516
1.171875
0.742188
0.390625
0.034180
-0.180664
-0.278320
-0.297852
-0.175781
0.043945
0.336914
0.737305
1.201172
1.694336
2.216797
2.744141
3.261719
3.769531
4.204102
4.565430
4.843750
5.043945
5.102539
5.078125
4.916992
4.707031
4.335938
3.940430
3.457031
2.915039
2.392578
1.831055
1.333008
0.874023
0.439453
0.107422
-0.083008
-0.205078
-0.239258
-0.175781
-0.024414
0.263672
0.678711
1.098633
1.577148
2.099609
2.607422
3.159180
3.671875
4.140625
4.526367
4.785156
4.965820
5.087891
5.087891
4.951172
4.790039
4.418945
4.018555
3.574219
3.090820
2.485352
1.967773
1.416016
0.971680
0.561523
0.239258
0.000000
-0.161133
-0.219727
-0.156250
-0.043945
0.214844
0.522461
0.971680
1.469727
1.982422
2.534180
3.056641
3.554688
4.028320
4.418945
4.760742
4.960938
5.078125
5.107422
5.000000
4.838867
4.531250
4.106445
3.676758
3.193359
2.646484
2.124023
1.552734
1.113281
0.659180
0.317383
0.004883
-0.185547
-0.239258
-0.249023
-0.112305
0.131836
0.493164
0.893555
1.333008
1.860352
2.397461
2.934570
3.447266
3.935547
4.335938
4.697266
4.946289
5.078125
5.136719
5.048828
4.873047
4.584961
4.208984
3.779297
3.295898
2.753906
2.197266
1.660156
1.210938
0.717773
0.336914
0.004883
-0.190430
-0.283203
-0.258789
-0.170898
0.063477
0.351562
0.737305
1.191406
1.669922
2.216797
2.758789
3.305664
3.789062
4.199219
4.599609
4.858398
5.053711
5.107422
5.058594
4.916992
4.653320
4.350586
3.901367
3.471680
2.919922
2.368164
1.870117
1.328125
0.859375
0.463867
0.136719
-0.131836
-0.263672
-0.292969
-0.180664
0.029297
0.292969
0.654297
1.083984
1.572266
2.114258
2.626953
3.164062
3.671875
4.150391
4.497070
4.853516
5.034180
5.136719
5.117188
4.975586
4.794922
4.482422
4.062500
3.574219
3.046875
2.553711
2.036133
1.469727
1.040039
0.605469
0.244141
0.014648
-0.146484
-0.224609
-0.175781
-0.004883
0.224609
0.605469
1.020508
1.508789
2.036133
2.529297
3.115234
3.603516
4.057617
4.438477
4.755859
5.009766
5.097656
5.151367
5.024414
4.843750
4.501953
4.169922
3.696289
3.188477
2.666016
2.148438
1.572266
1.079102
0.673828
0.283203
0.039062
-0.195312
-0.273438
-0.209961
-0.087891
0.122070
0.468750
0.878906
1.362305
1.811523
2.358398
2.924805
3.481445
3.935547
4.291992
4.653320
4.887695
5.087891
5.102539
5.034180
4.838867
4.628906
4.248047
3.852539
3.295898
2.807617
2.265625
1.723633
1.191406
0.751953
0.336914
0.043945
-0.161133
-0.283203
-0.302734
-0.185547
0.048828
0.346680
0.737305
1.186523
1.674805
2.207031
2.778320
3.276367
3.774414
4.218750
4.536133
4.833984
5.014648
5.117188
5.102539
4.912109
4.697266
4.306641
3.945312
3.442383
2.910156
2.368164
1.850586
1.337891
0.859375
0.463867
0.131836
-0.097656
-0.258789
-0.297852
-0.209961
0.000000
0.278320
0.664062
1.054688
1.562500
2.104492
2.680664
3.183594
3.691406
4.082031
4.506836
4.804688
5.000000
5.078125
5.083008
4.985352
4.746094
4.418945
4.028320
3.540039
3.041992
2.539062
1.972656
1.494141
0.957031
0.532227
0.268555
-0.034180
-0.161133
-0.234375
-0.195312
-0.039062
0.249023
0.576172
1.005859
1.469727
1.982422
2.514648
3.061523
3.579102
4.013672
4.433594
4.736328
4.956055
5.092773
5.083008
4.990234
4.814453
4.550781
4.121094
3.710938
3.237305
2.675781
2.138672
1.582031
1.118164
0.678711
0.268555
0.019531
-0.214844
-0.234375
-0.214844
-0.102539
0.102539
0.478516
0.878906
1.342773
1.855469
2.392578
2.954102
3.437500
3.945312
4.350586
4.677734
4.902344
5.068359
5.112305
5.009766
4.887695
4.575195
4.238281
3.789062
3.291016
2.773438
2.207031
1.674805
1.186523
0.742188
0.336914
0.048828
-0.141602
-0.288086
-0.263672
-0.195312
0.043945
0.346680
0.771484
1.171875
1.708984
2.207031
2.744141
3.300781
3.769531
4.208984
4.584961
4.858398
5.039062
5.097656
5.078125
4.946289
4.667969
4.384766
3.925781
3.461914
2.915039
2.373047
1.855469
1.313477
0.888672
0.468750
0.122070
-0.092773
-0.229492
-0.249023
-0.190430
-0.039062
0.263672
0.659180
1.064453
1.567383
2.104492
2.646484
3.159180
3.681641
4.116211
4.526367
4.824219
5.024414
5.117188
5.092773
5.000000
4.780273
4.467773
4.077148
3.632812
3.085938
2.529297
2.031250
1.484375
0.991211
0.585938
0.200195
-0.058594
-0.166016
-0.229492
-0.126953
-0.024414
0.234375
0.620117
1.020508
1.499023
2.011719
2.543945
3.076172
3.579102
4.018555
4.448242
4.799805
4.946289
5.087891
5.083008
5.024414
4.824219
4.541016
4.145508
3.701172
3.203125
2.661133
2.099609
1.577148
1.108398
0.688477
0.336914
0.009766
-0.185547
-0.263672
-0.185547
-0.097656
0.136719
0.454102
0.864258
1.342773
1.889648
2.368164
2.939453
3.437500
3.935547
4.350586
4.648438
4.921875
5.078125
5.131836
5.058594
4.858398
4.614258
4.243164
3.833008
3.325195
2.773438
2.236328
1.708984
1.206055
0.766602
0.327148
0.043945
-0.180664
-0.292969
-0.244141
-0.161133
0.058594
0.356445
0.717773
1.191406
1.689453
2.221680
2.768555
3.237305
3.735352
4.223633
4.580078
4.853516
5.043945
5.092773
5.087891
4.965820
4.648438
4.340820
3.920898
3.437500
2.924805
2.421875
1.870117
1.323242
0.878906
0.424805
0.126953
-0.083008
-0.244141
-0.297852
-0.205078
-0.004883
0.302734
0.644531
1.098633
1.586914
2.060547
2.656250
3.183594
