1.728516
1.259766
0.756836
0.390625
0.122070
-0.107422
-0.214844
-0.249023
-0.146484
0.019531
0.346680
0.795898
1.215820
1.713867
2.236328
2.753906
3.305664
3.803711
4.238281
4.619141
4.843750
4.970703
5.107422
5.117188
4.956055
4.658203
4.335938
3.940430
3.496094
2.983398
2.412109
1.870117
1.342773
0.874023
0.473633
0.126953
-0.107422
-0.273438
-0.283203
-0.214844
-0.004883
0.278320
0.600586
1.030273
1.542969
2.080078
2.592773
3.110352
3.608398
4.057617
4.458008
4.780273
4.980469
5.097656
5.097656
4.960938
4.780273
4.487305
4.047852
3.598633
3.090820
2.553711
1.987305
1.494141
1.035156
0.581055
0.185547
-0.058594
-0.224609
-0.258789
-0.253906
-0.112305
0.205078
0.537109
0.976562
1.425781
1.943359
2.480469
3.002930
3.544922
4.028320
4.438477
4.741211
4.921875
5.053711
5.131836
5.058594
4.809570
4.560547
4.135742
3.691406
3.222656
2.714844
2.163086
1.577148
1.103516
0.678711
0.297852
0.053711
-0.161133
-0.258789
-0.239258
-0.092773
0.117188
0.454102
0.854492
1.308594
1.850586
2.373047
2.861328
3.422852
3.886719
4.296875
4.663086
4.897461
5.073242
5.097656
5.058594
4.892578
4.609375
4.257812
3.833008
3.339844
2.836914
2.309570
1.718750
1.235352
0.771484
0.395508
0.097656
-0.117188
-0.273438
-0.244141
-0.126953
0.078125
0.351562
0.751953
1.201172
1.733398
2.207031
2.788086
3.295898
3.789062
4.238281
4.609375
4.873047
5.058594
5.107422
5.092773
4.931641
4.731445
4.350586
3.945312
3.471680
2.949219
2.377930
1.835938
1.308594
0.849609
0.439453
0.107422
-0.131836
-0.258789
-0.288086
-0.200195
-0.009766
0.258789
0.600586
1.064453
1.523438
2.094727
2.607422
3.154297
3.637695
4.101562
4.458008
4.790039
4.980469
5.083008
5.112305
5.014648
4.785156
4.433594
4.042969
3.603516
3.100586
2.548828
1.987305
1.518555
0.996094
0.556641
0.229492
-0.029297
-0.205078
-0.278320
-0.214844
-0.097656
0.195312
0.546875
0.937500
1.411133
1.933594
2.465820
3.012695
3.554688
4.023438
4.399414
4.721680
4.956055
5.073242
5.122070
5.063477
4.833984
4.555664
4.184570
3.769531
3.261719
2.763672
2.207031
1.645508
1.171875
0.722656
0.317383
0.029297
-0.117188
-0.200195
-0.219727
-0.058594
0.136719
0.458984
0.869141
1.337891
1.850586
2.416992
2.949219
3.457031
3.935547
4.306641
4.682617
4.946289
5.117188
5.126953
5.053711
4.916992
4.609375
4.316406
3.842773
3.388672
2.822266
2.285156
1.728516
1.240234
0.771484
0.415039
0.092773
-0.141602
-0.219727
-0.214844
-0.117188
0.063477
0.341797
0.756836
1.235352
1.733398
2.216797
2.797852
3.256836
3.750000
4.243164
4.614258
4.848633
5.024414
5.112305
5.068359
4.970703
4.707031
4.331055
3.959961
3.500977
2.944336
2.397461
1.855469
1.347656
0.908203
0.498047
0.146484
-0.126953
-0.239258
-0.253906
-0.185547
0.024414
0.234375
0.615234
1.059570
1.533203
2.065430
2.597656
3.154297
3.603516
4.052734
4.423828
4.731445
4.985352
5.117188
5.087891
4.995117
4.755859
4.438477
4.062500
3.588867
3.081055
2.573242
2.011719
1.489258
1.010742
0.537109
0.209961
-0.029297
-0.175781
-0.258789
-0.180664
-0.058594
0.195312
0.541992
0.981445
1.455078
1.909180
2.470703
3.071289
3.544922
3.984375
4.375000
4.716797
4.975586
5.126953
5.092773
4.980469
4.824219
4.521484
4.150391
3.740234
3.212891
2.685547
2.119141
1.635742
1.118164
0.649414
0.312500
0.039062
-0.175781
-0.190430
-0.219727
-0.087891
0.146484
0.458984
0.869141
1.308594
1.816406
2.358398
2.905273
3.442383
3.901367
4.287109
4.702148
4.926758
5.043945
5.107422
5.063477
4.887695
4.604492
4.277344
3.867188
3.354492
2.827148
2.285156
1.748047
1.245117
0.776367
0.390625
0.112305
-0.146484
-0.258789
-0.249023
-0.122070
0.039062
0.322266
0.742188
1.210938
1.733398
2.226562
2.792969
3.310547
3.779297
4.228516
4.594727
4.838867
5.043945
5.063477
5.117188
4.956055
4.677734
4.370117
3.940430
3.471680
2.905273
2.407227
1.860352
1.328125
0.878906
0.454102
0.126953
-0.136719
-0.273438
-0.283203
-0.200195
-0.039062
0.239258
0.590820
1.035156
1.557617
2.060547
2.597656
3.134766
3.657227
4.101562
4.462891
4.755859
4.985352
5.092773
5.102539
4.951172
4.731445
4.438477
4.072266
3.579102
3.085938
2.543945
2.011719
1.494141
1.015625
0.585938
0.214844
-0.048828
-0.190430
-0.253906
-0.249023
-0.097656
0.185547
0.527344
0.961914
1.425781
1.923828
2.485352
3.037109
3.496094
4.023438
4.394531
4.721680
4.970703
5.126953
5.131836
5.048828
4.873047
4.560547
4.194336
3.769531
3.227539
2.719727
2.241211
1.660156
1.171875
0.742188
0.327148
0.058594
-0.141602
-0.219727
-0.185547
-0.043945
0.161133
0.493164
0.913086
1.337891
1.875000
2.412109
2.875977
3.432617
3.925781
4.335938
4.707031
4.960938
5.058594
5.117188
5.053711
4.946289
4.672852
4.321289
3.837891
3.393555
2.836914
2.255859
1.738281
1.225586
0.805664
0.419922
0.112305
-0.122070
-0.253906
-0.234375
-0.122070
0.087891
0.366211
0.742188
1.191406
1.699219
2.226562
2.788086
3.305664
3.793945
4.228516
4.604492
4.848633
5.019531
5.078125
5.058594
4.936523
4.687500
4.365234
3.945312
3.496094
2.958984
2.416992
1.845703
1.357422
0.883789
0.473633
0.156250
-0.126953
-0.249023
-0.278320
-0.205078
0.014648
0.244141
0.634766
1.059570
1.557617
2.055664
2.607422
3.105469
3.657227
4.101562
4.482422
4.775391
4.965820
5.117188
5.097656
4.975586
4.765625
4.458008
4.072266
3.593750
3.081055
2.543945
2.045898
1.484375
1.030273
0.556641
0.229492
-0.014648
-0.209961
-0.249023
-0.229492
-0.087891
0.195312
0.571289
0.966797
1.391602
1.928711
2.519531
3.046875
3.515625
3.969727
4.399414
4.731445
4.941406
5.097656
5.087891
5.004883
4.824219
4.526367
4.145508
3.691406
3.168945
2.709961
2.124023
1.621094
1.103516
0.688477
0.283203
0.058594
-0.151367
-0.200195
-0.200195
-0.087891
0.146484
0.468750
0.869141
1.337891
1.835938
2.377930
2.895508
3.413086
3.891602
4.335938
4.653320
4.892578
5.063477
5.107422
5.043945
4.902344
4.624023
4.272461
3.862305
3.344727
2.812500
2.285156
1.748047
1.269531
0.761719
0.395508
0.073242
-0.117188
-0.249023
-0.239258
-0.141602
0.058594
0.380859
0.747070
1.181641
1.708984
2.231445
2.783203
3.295898
3.779297
4.257812
4.589844
4.858398
5.053711
5.136719
5.122070
4.985352
4.682617
4.345703
3.930664
3.437500
2.929688
2.382812
1.865234
1.323242
0.869141
0.444336
0.112305
-0.117188
-0.219727
-0.292969
-0.219727
-0.014648
0.249023
0.600586
1.044922
1.542969
2.084961
2.622070
3.164062
3.623047
4.072266
4.477539
4.790039
4.951172
5.112305
5.097656
4.965820
4.760742
4.453125
4.077148
3.613281
3.071289
2.553711
2.011719
1.518555
0.976562
0.600586
0.195312
-0.043945
-0.195312
-0.239258
-0.224609
-0.087891
0.185547
0.556641
0.957031
1.435547
1.909180
2.456055
3.041992
3.583984
4.013672
4.384766
4.746094
4.970703
5.112305
5.131836
5.039062
4.848633
4.521484
4.179688
3.764648
3.237305
2.744141
2.192383
1.679688
1.191406
0.712891
0.361328
0.034180
-0.102539
-0.229492
-0.185547
-0.043945
0.175781
0.458984
0.878906
1.362305
1.923828
2.397461
2.954102
3.461914
3.945312
4.331055
4.692383
4.980469
5.063477
5.156250
5.092773
4.921875
4.663086
4.296875
3.833008
3.369141
2.851562
2.324219
1.728516
1.250000
0.805664
0.415039
0.107422
-0.112305
-0.263672
-0.205078
-0.107422
0.073242
0.361328
0.751953
1.206055
1.713867
2.241211
2.778320
3.266602
3.798828
4.223633
4.589844
4.858398
5.009766
5.151367
5.068359
4.936523
4.672852
4.345703
3.969727
3.471680
2.998047
2.377930
1.879883
1.372070
0.917969
0.507812
0.141602
-0.107422
-0.214844
-0.258789
-0.209961
-0.029297
0.244141
0.615234
1.083984
1.557617
2.084961
2.612305
3.125000
3.632812
4.101562
4.472656
4.765625
4.980469
5.112305
5.092773
5.000000
4.785156
4.453125
4.082031
3.593750
3.090820
2.529297
2.001953
1.484375
1.000977
0.605469
0.239258
-0.078125
-0.209961
-0.239258
-0.229492
-0.058594
0.195312
0.532227
0.957031
1.416016
1.962891
2.490234
3.017578
3.515625
4.023438
4.389648
4.736328
4.931641
5.048828
5.112305
5.024414
4.790039
4.545898
4.160156
3.686523
3.242188
2.656250
2.124023
1.635742
1.113281
0.688477
0.327148
0.024414
-0.107422
-0.195312
-0.190430
-0.112305
0.146484
0.454102
0.883789
1.318359
1.845703
2.358398
2.910156
3.408203
3.867188
4.296875
4.663086
4.921875
5.063477
5.107422
5.063477
4.912109
4.599609
4.252930
3.823242
3.369141
2.851562
2.304688
1.762695
1.235352
0.756836
0.405273
0.117188
-0.122070
-0.288086
-0.273438
-0.180664
0.063477
0.380859
0.717773
1.206055
1.738281
2.265625
2.812500
3.305664
3.813477
4.243164
4.570312
4.877930
5.039062
5.146484
5.126953
4.960938
4.682617
4.316406
3.925781
3.461914
2.944336
2.382812
1.855469
1.347656
0.830078
0.424805
0.117188
-0.117188
-0.244141
-0.273438
-0.175781
-0.043945
0.263672
0.595703
1.054688
1.538086
2.060547
2.607422
3.154297
3.676758
4.121094
4.472656
4.775391
4.985352
5.102539
5.102539
4.980469
4.741211
4.433594
4.062500
3.593750
3.095703
2.563477
2.016602
1.484375
1.015625
0.561523
0.224609
-0.029297
-0.205078
-0.258789
-0.200195
-0.063477
0.205078
0.517578
0.966797
1.420898
1.938477
2.500000
3.007812
3.549805
4.038086
4.443359
4.736328
4.985352
5.102539
5.136719
5.068359
4.877930
4.589844
4.165039
3.720703
3.237305
2.744141
2.236328
1.674805
1.181641
0.673828
0.366211
0.063477
-0.141602
-0.195312
-0.205078
-0.063477
0.200195
0.458984
0.883789
1.342773
1.870117
2.397461
2.934570
3.447266
3.911133
4.379883
4.707031
4.965820
5.107422
5.166016
5.073242
4.941406
4.663086
4.296875
3.872070
3.369141
2.866211
2.285156
1.767578
1.235352
0.761719
0.385742
0.122070
-0.126953
-0.234375
-0.253906
-0.102539
0.097656
0.390625
0.756836
1.201172
1.718750
2.246094
2.768555
3.261719
3.784180
4.228516
4.624023
4.877930
5.048828
5.083008
5.073242
4.956055
4.687500
4.355469
3.901367
3.452148
2.910156
2.416992
1.860352
1.352539
0.893555
0.488281
0.131836
-0.107422
-0.268555
-0.278320
-0.214844
-0.024414
0.234375
0.610352
1.035156
1.533203
2.045898
2.602539
3.110352
3.632812
4.082031
4.453125
4.775391
4.970703
5.102539
5.097656
5.000000
4.765625
4.448242
4.052734
3.623047
3.100586
2.558594
1.977539
1.484375
1.025391
0.571289
0.239258
-0.039062
-0.200195
-0.258789
-0.229492
-0.058594
0.229492
0.488281
0.957031
1.416016
1.933594
2.500000
3.027344
3.549805
4.003906
4.389648
4.711914
4.985352
5.092773
5.073242
5.004883
4.804688
4.536133
4.160156
3.691406
3.198242
2.695312
2.138672
1.616211
1.108398
0.668945
0.297852
0.097656
-0.131836
-0.180664
-0.200195
-0.063477
0.136719
0.493164
0.849609
1.328125
1.806641
2.358398
2.929688
3.442383
3.896484
4.311523
4.648438
4.921875
5.068359
5.102539
5.039062
4.897461
4.619141
4.262695
3.833008
3.320312
2.812500
2.285156
1.757812
1.250000
0.791016
0.405273
0.083008
-0.117188
-0.283203
-0.249023
-0.141602
0.073242
0.366211
0.781250
1.191406
1.704102
2.226562
2.788086
3.310547
3.793945
4.248047
4.580078
4.887695
5.048828
5.131836
5.107422
4.941406
4.697266
4.365234
3.916016
3.457031
2.919922
2.392578
1.845703
1.323242
0.869141
0.429688
0.126953
-0.117188
-0.297852
-0.292969
-0.205078
-0.058594
0.273438
0.605469
1.054688
1.567383
2.041016
2.612305
3.115234
3.642578
4.062500
4.477539
4.750977
5.004883
5.112305
5.078125
4.956055
4.765625
4.462891
4.052734
3.593750
3.081055
2.529297
2.041016
1.489258
0.981445
0.576172
0.234375
-0.034180
-0.214844
-0.249023
-0.224609
-0.048828
0.180664
0.522461
0.952148
1.420898
1.962891
2.485352
3.012695
3.574219
3.974609
4.418945
4.746094
4.975586
5.078125
5.117188
5.034180
4.858398
4.594727
4.228516
3.735352
3.222656
2.729492
2.202148
1.665039
1.157227
0.717773
0.366211
0.053711
-0.141602
-0.239258
-0.200195
-0.092773
0.180664
0.478516
0.878906
1.342773
1.831055
2.387695
2.919922
3.442383
3.920898
4.350586
4.741211
4.960938
5.092773
5.126953
5.092773
4.926758
4.658203
4.306641
3.837891
3.393555
2.797852
2.280273
1.748047
1.220703
0.781250
0.419922
0.112305
-0.126953
-0.249023
-0.244141
-0.122070
0.058594
0.361328
0.727539
1.191406
1.733398
2.226562
2.788086
3.300781
3.750000
4.223633
4.599609
4.853516
5.078125
5.078125
5.107422
4.921875
4.672852
4.360352
3.935547
3.452148
2.968750
2.412109
1.855469
1.333008
0.908203
0.463867
0.112305
-0.126953
-0.268555
-0.283203
-0.209961
-0.043945
0.258789
0.600586
1.054688
1.542969
2.075195
2.622070
3.100586
3.652344
4.101562
4.462891
4.775391
5.009766
5.102539
5.083008
4.985352
4.750977
4.453125
4.072266
3.583984
3.081055
2.568359
2.031250
1.474609
0.996094
0.576172
0.249023
-0.073242
-0.239258
-0.288086
-0.219727
-0.048828
0.190430
0.556641
0.966797
1.411133
1.928711
2.519531
3.041992
3.535156
4.008789
4.389648
4.721680
4.980469
5.083008
5.063477
4.975586
4.814453
4.555664
4.174805
3.735352
3.222656
2.685547
2.143555
1.572266
1.132812
0.654297
0.312500
0.048828
-0.126953
-0.205078
-0.190430
-0.102539
0.141602
0.458984
0.869141
1.313477
1.831055
2.377930
2.895508
3.413086
3.891602
4.321289
4.653320
4.882812
5.063477
5.112305
5.053711
4.887695
4.619141
4.262695
3.852539
3.354492
2.812500
2.290039
1.762695
1.210938
0.791016
0.429688
0.107422
-0.141602
-0.205078
-0.229492
-0.136719
0.063477
0.351562
0.742188
1.220703
1.699219
2.260742
2.792969
3.300781
3.813477
4.248047
4.594727
4.858398
5.053711
5.126953
5.122070
4.951172
4.672852
4.345703
3.935547
3.466797
2.929688
2.392578
1.831055
1.328125
0.864258
0.488281
0.117188
-0.092773
-0.239258
-0.292969
-0.190430
-0.039062
0.234375
0.639648
1.059570
1.586914
2.094727
2.607422
3.154297
3.657227
4.111328
4.477539
4.794922
4.980469
5.078125
5.112305
4.975586
4.736328
4.448242
4.062500
3.593750
3.076172
2.568359
2.001953
1.513672
1.000977
0.600586
0.229492
-0.043945
-0.190430
-0.278320
-0.209961
-0.073242
0.219727
0.556641
0.947266
1.391602
1.933594
2.514648
3.037109
3.520508
4.023438
4.399414
4.711914
4.965820
5.083008
5.156250
5.029297
4.843750
4.511719
4.160156
3.769531
3.266602
2.729492
2.158203
1.601562
1.132812
0.703125
0.385742
0.078125
-0.107422
-0.219727
-0.195312
-0.092773
0.185547
0.498047
0.908203
1.367188
1.860352
2.431641
2.949219
3.476562
3.955078
4.370117
4.702148
4.985352
5.126953
5.141602
5.063477
4.921875
4.653320
4.252930
3.867188
3.349609
2.827148
2.270508
1.748047
1.254883
0.800781
0.371094
0.097656
-0.122070
-0.234375
-0.263672
-0.141602
0.078125
0.395508
0.761719
1.210938
1.748047
2.216797
2.758789
3.271484
3.803711
4.228516
4.633789
4.829102
5.058594
5.083008
5.078125
4.941406
4.697266
4.350586
3.906250
3.471680
2.954102
2.392578
1.855469
1.352539
0.888672
0.483398
0.151367
-0.107422
-0.239258
-0.288086
-0.224609
-0.034180
0.263672
0.620117
1.054688
1.542969
2.055664
2.602539
3.125000
3.627930
4.052734
4.448242
4.770508
5.000000
5.117188
5.087891
5.000000
4.746094
4.487305
4.028320
3.613281
3.115234
2.519531
1.997070
1.479492
1.005859
0.561523
0.214844
-0.043945
-0.195312
-0.253906
-0.244141
-0.073242
0.170898
0.522461
0.942383
1.435547
1.962891
2.465820
3.022461
3.540039
3.999023
4.423828
4.736328
4.970703
5.073242
5.083008
5.019531
4.814453
4.575195
4.145508
3.671875
3.198242
2.729492
2.128906
1.616211
1.118164
0.673828
0.268555
0.039062
-0.122070
-0.224609
-0.219727
-0.078125
0.112305
0.463867
0.874023
1.318359
1.831055
2.348633
2.866211
3.393555
3.881836
4.311523
4.672852
4.931641
5.083008
5.112305
5.058594
4.877930
4.628906
4.267578
3.828125
3.349609
2.832031
2.265625
1.738281
1.254883
0.810547
0.375977
0.087891
-0.126953
-0.253906
-0.278320
-0.136719
0.053711
0.361328
0.761719
1.196289
1.699219
2.255859
2.773438
3.305664
3.789062
4.218750
4.580078
4.843750
5.053711
5.131836
5.097656
4.980469
4.697266
4.350586
3.945312
3.452148
2.958984
2.397461
1.870117
1.323242
0.883789
0.463867
0.131836
-0.068359
-0.268555
-0.292969
-0.205078
-0.004883
0.244141
0.615234
1.054688
1.542969
2.084961
2.612305
3.159180
3.647461
4.125977
4.516602
4.775391
5.004883
5.107422
5.112305
5.019531
4.746094
4.453125
4.077148
3.598633
3.120117
2.553711
2.021484
1.533203
1.030273
0.590820
0.214844
-0.058594
-0.195312
-0.268555
-0.209961
-0.063477
0.195312
0.532227
0.927734
1.445312
1.938477
2.431641
3.027344
3.535156
4.018555
4.404297
4.726562
4.956055
5.122070
5.117188
5.019531
4.853516
4.570312
4.194336
3.754883
3.276367
2.744141
2.192383
1.669922
1.152344
0.737305
0.366211
0.063477
-0.151367
-0.205078
-0.205078
-0.048828
0.200195
0.458984
0.874023
1.367188
1.850586
2.392578
2.958984
3.442383
3.896484
4.345703
4.697266
4.975586
5.068359
5.166016
5.073242
4.916992
4.589844
4.296875
3.813477
3.388672
2.846680
2.255859
1.733398
1.225586
0.800781
0.410156
0.087891
-0.151367
-0.249023
-0.229492
-0.131836
0.058594
0.371094
0.751953
1.206055
1.713867
2.202148
2.797852
3.315430
3.779297
4.228516
4.560547
4.838867
5.053711
5.156250
5.078125
4.941406
4.658203
4.384766
3.935547
3.466797
2.968750
2.416992
1.840820
1.362305
0.893555
0.468750
0.092773
-0.122070
-0.268555
-0.273438
-0.219727
-0.014648
0.234375
0.595703
1.064453
1.542969
2.045898
2.573242
3.110352
3.666992
4.062500
4.458008
4.790039
5.004883
5.092773
5.126953
4.970703
4.765625
4.433594
4.067383
3.613281
3.081055
2.558594
2.011719
1.508789
1.010742
0.571289
0.219727
-0.053711
-0.209961
-0.253906
-0.200195
-0.087891
0.195312
0.527344
0.986328
1.450195
1.967773
2.485352
3.027344
3.554688
4.023438
4.404297
4.692383
4.956055
5.102539
5.102539
4.985352
4.804688
4.511719
4.179688
3.696289
3.208008
2.670898
2.128906
1.650391
1.123047
0.673828
0.292969
0.058594
-0.156250
-0.214844
-0.239258
-0.087891
0.156250
0.444336
0.864258
1.328125
1.831055
2.363281
2.958984
3.408203
3.896484
4.291992
4.663086
4.931641
5.083008
5.107422
5.039062
4.916992
4.604492
4.296875
3.857422
3.354492
2.841797
2.304688
1.752930
1.250000
0.795898
0.410156
0.078125
-0.131836
-0.253906
-0.263672
-0.136719
0.048828
0.415039
0.751953
1.220703
1.699219
2.207031
2.812500
3.330078
3.798828
4.248047
4.609375
4.882812
5.034180
5.170898
5.087891
4.936523
4.643555
4.345703
3.925781
3.452148
2.954102
2.368164
1.831055
1.342773
0.859375
0.488281
0.136719
-0.131836
-0.229492
-0.302734
-0.180664
-0.053711
0.249023
0.600586
1.054688
1.557617
2.065430
2.607422
3.159180
3.642578
4.096680
4.467773
4.799805
4.995117
5.117188
5.117188
4.985352
4.731445
4.462891
4.052734
3.613281
3.100586
2.553711
2.026367
1.518555
0.996094
0.576172
0.244141
-0.034180
-0.200195
-0.273438
-0.200195
-0.063477
0.205078
0.527344
0.947266
1.425781
1.953125
2.470703
3.002930
3.588867
3.989258
4.433594
4.731445
4.985352
5.107422
5.146484
5.048828
4.843750
4.589844
4.233398
3.759766
3.291016
2.749023
2.187500
1.674805
1.162109
0.712891
0.322266
0.078125
-0.117188
-0.224609
-0.205078
-0.048828
0.180664
0.527344
0.917969
1.342773
1.865234
2.392578
2.944336
3.461914
3.916016
4.331055
4.672852
4.941406
5.078125
5.156250
5.048828
4.907227
4.643555
4.262695
3.862305
3.349609
2.827148
2.265625
1.762695
1.250000
0.776367
0.444336
0.126953
-0.112305
-0.244141
-0.249023
-0.112305
0.073242
0.395508
0.751953
1.225586
1.733398
2.211914
2.792969
3.276367
3.784180
4.238281
4.575195
4.829102
5.039062
5.102539
5.107422
4.907227
4.653320
4.326172
3.945312
3.457031
2.949219
2.416992
1.845703
1.372070
0.864258
0.468750
0.122070
-0.126953
-0.258789
-0.283203
-0.200195
-0.039062
0.263672
0.605469
1.054688
1.523438
2.045898
2.597656
3.139648
