1.796875
1.303711
0.810547
0.405273
0.126953
-0.146484
-0.253906
-0.268555
-0.166016
0.029297
0.302734
0.712891
1.147461
1.679688
2.202148
2.758789
3.295898
3.754883
4.184570
4.545898
4.853516
5.039062
5.136719
5.112305
4.960938
4.726562
4.414062
4.042969
3.593750
3.061523
2.495117
1.948242
1.440430
0.971680
0.546875
0.214844
-0.058594
-0.175781
-0.244141
-0.161133
-0.024414
0.263672
0.625000
1.069336
1.562500
2.109375
2.583008
3.149414
3.676758
4.121094
4.472656
4.785156
4.980469
5.087891
5.117188
4.985352
4.790039
4.511719
4.111328
3.632812
3.168945
2.602539
2.050781
1.572266
1.054688
0.615234
0.273438
0.000000
-0.239258
-0.249023
-0.234375
-0.073242
0.185547
0.507812
0.922852
1.455078
1.909180
2.431641
2.968750
3.491211
3.984375
4.389648
4.682617
4.916992
5.058594
5.087891
5.053711
4.838867
4.541016
4.199219
3.735352
3.256836
2.734375
2.187500
1.640625
1.118164
0.683594
0.327148
0.014648
-0.205078
-0.332031
-0.292969
-0.161133
0.039062
0.415039
0.815430
1.250000
1.801758
2.290039
2.851562
3.388672
3.867188
4.287109
4.628906
4.887695
5.063477
5.087891
5.097656
4.902344
4.609375
4.296875
3.911133
3.398438
2.846680
2.290039
1.777344
1.289062
0.830078
0.415039
0.107422
-0.122070
-0.214844
-0.283203
-0.214844
0.000000
0.312500
0.727539
1.201172
1.650391
2.163086
2.675781
3.237305
3.720703
4.194336
4.526367
4.824219
4.985352
5.083008
5.131836
4.912109
4.750977
4.453125
4.008789
3.540039
3.051758
2.470703
1.938477
1.455078
0.932617
0.522461
0.170898
-0.097656
-0.205078
-0.268555
-0.185547
0.000000
0.214844
0.581055
1.030273
1.518555
2.031250
2.573242
3.129883
3.623047
4.096680
4.506836
4.785156
4.980469
5.078125
5.112305
5.004883
4.799805
4.467773
4.111328
3.652344
3.164062
2.612305
2.094727
1.552734
1.054688
0.634766
0.263672
-0.034180
-0.205078
-0.253906
-0.219727
-0.083008
0.166016
0.517578
0.947266
1.416016
1.899414
2.485352
2.978516
3.461914
3.964844
4.355469
4.731445
4.921875
5.034180
5.063477
4.970703
4.804688
4.531250
4.155273
3.730469
3.237305
2.685547
2.172852
1.669922
1.147461
0.732422
0.327148
0.009766
-0.180664
-0.288086
-0.268555
-0.131836
0.073242
0.410156
0.786133
1.264648
1.762695
2.285156
2.832031
3.369141
3.857422
4.272461
4.638672
4.868164
5.048828
5.117188
5.039062
4.868164
4.667969
4.282227
3.881836
3.388672
2.856445
2.324219
1.791992
1.298828
0.825195
0.410156
0.097656
-0.180664
-0.214844
-0.278320
-0.166016
0.014648
0.322266
0.732422
1.166992
1.694336
2.163086
2.729492
3.256836
3.735352
4.194336
4.570312
4.868164
5.053711
5.136719
5.112305
4.990234
4.741211
4.418945
4.033203
3.540039
3.027344
2.460938
1.987305
1.450195
1.020508
0.571289
0.180664
-0.019531
-0.200195
-0.229492
-0.180664
-0.019531
0.263672
0.659180
1.040039
1.562500
2.075195
2.631836
3.188477
3.623047
4.082031
4.414062
4.790039
4.965820
5.102539
5.078125
5.000000
4.799805
4.497070
4.106445
3.627930
3.134766
2.617188
2.099609
1.542969
1.074219
0.634766
0.268555
-0.024414
-0.209961
-0.258789
-0.214844
-0.058594
0.170898
0.502930
0.927734
1.386719
1.884766
2.490234
2.973633
3.515625
3.950195
4.345703
4.716797
4.960938
5.083008
5.068359
5.019531
4.853516
4.580078
4.199219
3.793945
3.217773
2.729492
2.197266
1.669922
1.132812
0.708008
0.322266
0.029297
-0.166016
-0.317383
-0.278320
-0.131836
0.078125
0.419922
0.781250
1.245117
1.816406
2.329102
2.856445
3.369141
3.852539
4.272461
4.604492
4.877930
5.043945
5.117188
5.078125
4.902344
4.648438
4.272461
3.872070
3.398438
2.871094
2.358398
1.791992
1.264648
0.820312
0.434570
0.053711
-0.151367
-0.239258
-0.302734
-0.166016
0.039062
0.317383
0.683594
1.137695
1.630859
2.167969
2.714844
3.217773
3.715820
4.179688
4.482422
4.790039
5.034180
5.122070
5.053711
4.956055
4.726562
4.409180
4.003906
3.535156
3.007812
2.465820
1.914062
1.425781
0.927734
0.517578
0.190430
-0.087891
-0.205078
-0.253906
-0.195312
-0.063477
0.244141
0.605469
1.015625
1.508789
2.006836
2.607422
3.129883
3.618164
4.072266
4.438477
4.775391
4.975586
5.107422
5.102539
4.960938
4.799805
4.531250
4.116211
3.647461
3.095703
2.626953
2.060547
1.572266
1.030273
0.620117
0.234375
0.014648
-0.190430
-0.258789
-0.209961
-0.107422
0.205078
0.527344
0.937500
1.430664
1.928711
2.451172
3.007812
3.481445
3.945312
4.345703
4.702148
4.951172
5.058594
5.068359
5.000000
4.794922
4.555664
4.145508
3.745117
3.266602
2.714844
2.153320
1.640625
1.162109
0.722656
0.327148
0.053711
-0.209961
-0.268555
-0.258789
-0.126953
0.097656
0.415039
0.805664
1.250000
1.777344
2.299805
2.856445
3.393555
3.842773
4.282227
4.604492
4.916992
5.107422
5.107422
5.058594
4.892578
4.667969
4.306641
3.881836
3.422852
2.885742
2.319336
1.811523
1.264648
0.839844
0.400391
0.107422
-0.185547
-0.224609
-0.253906
-0.195312
0.043945
0.332031
0.727539
1.137695
1.669922
2.202148
2.758789
3.291016
3.745117
4.199219
4.560547
4.887695
5.073242
5.180664
5.141602
4.985352
4.750977
4.433594
4.013672
3.549805
3.002930
2.495117
1.943359
1.469727
0.971680
0.532227
0.141602
-0.053711
-0.205078
-0.234375
-0.166016
-0.014648
0.268555
0.615234
1.040039
1.528320
2.080078
2.587891
3.154297
3.623047
4.130859
4.453125
4.780273
5.009766
5.073242
5.117188
4.965820
4.824219
4.477539
4.101562
3.657227
3.159180
2.617188
2.070312
1.528320
1.083984
0.595703
0.273438
0.000000
-0.175781
-0.278320
-0.268555
-0.087891
0.205078
0.502930
0.947266
1.362305
1.889648
2.465820
2.978516
3.505859
3.994141
4.340820
4.682617
4.931641
5.083008
5.112305
5.034180
4.848633
4.560547
4.174805
3.735352
3.276367
2.734375
2.167969
1.621094
1.147461
0.688477
0.332031
-0.014648
-0.239258
-0.317383
-0.273438
-0.151367
0.097656
0.400391
0.830078
1.269531
1.831055
2.299805
2.880859
3.374023
3.867188
4.291992
4.628906
4.897461
5.034180
5.117188
5.058594
4.916992
4.599609
4.301758
3.872070
3.398438
2.875977
2.348633
1.757812
1.264648
0.825195
0.410156
0.107422
-0.141602
-0.288086
-0.292969
-0.156250
0.053711
0.312500
0.688477
1.103516
1.601562
2.197266
2.729492
3.222656
3.740234
4.155273
4.565430
4.809570
4.985352
5.097656
5.102539
4.956055
4.716797
4.423828
4.018555
3.549805
3.041992
2.465820
1.958008
1.435547
0.947266
0.517578
0.190430
-0.078125
-0.224609
-0.297852
-0.224609
-0.034180
0.249023
0.585938
1.035156
1.494141
2.050781
2.578125
3.139648
3.598633
4.091797
4.472656
4.775391
5.004883
5.097656
5.131836
5.004883
4.780273
4.492188
4.091797
3.652344
3.110352
2.587891
2.075195
1.567383
1.054688
0.625000
0.234375
0.000000
-0.185547
-0.229492
-0.219727
-0.063477
0.161133
0.473633
0.927734
1.396484
1.953125
2.465820
2.954102
3.481445
3.916016
4.335938
4.677734
4.921875
5.034180
5.107422
5.034180
4.848633
4.545898
4.160156
3.696289
3.256836
2.729492
2.192383
1.669922
1.142578
0.698242
0.312500
0.019531
-0.166016
-0.273438
-0.244141
-0.102539
0.068359
0.371094
0.766602
1.279297
1.767578
2.309570
2.836914
3.349609
3.842773
4.296875
4.599609
4.902344
5.063477
5.107422
5.073242
4.892578
4.633789
4.301758
3.886719
3.417969
2.871094
2.333984
1.782227
1.279297
0.805664
0.424805
0.107422
-0.122070
-0.214844
-0.253906
-0.170898
0.004883
0.375977
0.688477
1.191406
1.674805
2.197266
2.753906
3.310547
3.793945
4.233398
4.589844
4.873047
5.078125
5.161133
5.170898
5.000000
4.746094
4.409180
4.008789
3.530273
3.066406
2.519531
1.967773
1.455078
0.937500
0.551758
0.175781
0.000000
-0.180664
-0.234375
-0.175781
-0.039062
0.273438
0.673828
1.069336
1.547852
2.075195
2.602539
3.154297
3.627930
4.121094
4.443359
4.780273
5.004883
5.073242
5.083008
5.009766
4.809570
4.501953
4.145508
3.666992
3.149414
2.592773
2.070312
1.547852
1.054688
0.585938
0.244141
0.053711
-0.205078
-0.258789
-0.244141
-0.092773
0.170898
0.507812
0.883789
1.420898
1.948242
2.421875
2.988281
3.491211
3.979492
4.379883
4.707031
4.936523
5.043945
5.073242
5.048828
4.819336
4.555664
4.165039
3.725586
3.242188
2.705078
2.197266
1.650391
1.152344
0.722656
0.288086
0.009766
-0.205078
-0.312500
-0.253906
-0.146484
0.097656
0.380859
0.810547
1.264648
1.796875
2.304688
2.832031
3.359375
3.867188
4.282227
4.653320
4.882812
5.073242
5.097656
5.092773
4.907227
4.653320
4.291992
3.852539
3.393555
2.856445
2.343750
1.777344
1.264648
0.805664
0.419922
0.078125
-0.141602
-0.234375
-0.239258
-0.180664
0.014648
0.283203
0.703125
1.162109
1.650391
2.192383
2.690430
3.232422
3.706055
4.130859
4.545898
4.858398
5.048828
5.102539
5.078125
4.926758
4.726562
4.428711
4.047852
3.559570
3.012695
2.475586
1.923828
1.430664
0.908203
0.532227
0.141602
-0.029297
-0.219727
-0.249023
-0.224609
-0.029297
0.229492
0.600586
1.025391
1.542969
2.011719
2.592773
3.095703
3.637695
4.077148
4.423828
4.760742
4.990234
5.087891
5.087891
5.000000
4.790039
4.506836
4.096680
3.637695
3.134766
2.622070
2.075195
1.547852
1.044922
0.620117
0.253906
-0.004883
-0.205078
-0.297852
-0.180664
-0.068359
0.156250
0.507812
0.927734
1.391602
1.933594
2.441406
2.998047
3.515625
3.925781
4.331055
4.687500
4.921875
5.092773
5.112305
5.000000
4.819336
4.560547
4.189453
3.754883
3.232422
2.734375
2.158203
1.621094
1.132812
0.678711
0.322266
0.048828
-0.209961
-0.312500
-0.273438
-0.136719
0.107422
0.415039
0.800781
1.250000
1.772461
2.314453
2.846680
3.354492
3.857422
4.257812
4.604492
4.892578
5.048828
5.102539
5.048828
4.892578
4.648438
4.316406
3.862305
3.398438
2.895508
2.368164
1.777344
1.303711
0.810547
0.439453
0.097656
-0.107422
-0.239258
-0.273438
-0.170898
-0.009766
0.302734
0.698242
1.127930
1.650391
2.172852
2.709961
3.256836
3.750000
4.228516
4.619141
4.838867
5.014648
5.107422
5.102539
4.990234
4.750977
4.414062
4.028320
3.559570
3.056641
2.490234
1.938477
1.420898
0.996094
0.585938
0.205078
-0.058594
-0.175781
-0.263672
-0.136719
-0.024414
0.307617
0.649414
1.049805
1.542969
2.055664
2.612305
3.159180
3.652344
4.106445
4.506836
4.790039
4.995117
5.097656
5.102539
5.014648
4.755859
4.516602
4.130859
3.642578
3.129883
2.636719
2.084961
1.562500
1.049805
0.664062
0.268555
-0.004883
-0.180664
-0.258789
-0.239258
-0.097656
0.175781
0.522461
0.883789
1.391602
1.928711
2.456055
2.983398
3.500977
3.950195
4.375000
4.692383
4.907227
5.058594
5.112305
5.039062
4.873047
4.555664
4.174805
3.754883
3.276367
2.709961
2.172852
1.625977
1.147461
0.698242
0.312500
0.048828
-0.190430
-0.244141
-0.268555
-0.156250
0.083008
0.385742
0.820312
1.289062
1.733398
2.314453
2.802734
3.369141
3.886719
4.272461
4.638672
4.892578
5.043945
5.112305
5.063477
4.907227
4.604492
4.306641
3.857422
3.393555
2.875977
2.343750
1.801758
1.269531
0.800781
0.424805
0.112305
-0.141602
-0.258789
-0.283203
-0.161133
0.024414
0.307617
0.698242
1.103516
1.660156
2.197266
2.709961
3.256836
3.764648
4.174805
4.526367
4.814453
5.048828
5.097656
5.083008
4.960938
4.711914
4.384766
3.989258
3.520508
3.032227
2.529297
1.923828
1.445312
0.913086
0.512695
0.200195
-0.097656
-0.195312
-0.268555
-0.205078
-0.019531
0.253906
0.581055
1.054688
1.523438
2.021484
2.587891
3.115234
3.642578
4.072266
4.467773
4.721680
4.975586
5.126953
5.092773
4.975586
4.794922
4.467773
4.096680
3.671875
3.134766
2.578125
2.075195
1.547852
1.074219
0.625000
0.253906
-0.019531
-0.126953
-0.253906
-0.195312
-0.073242
0.209961
0.517578
0.922852
1.420898
1.914062
2.475586
2.973633
3.496094
3.935547
4.389648
4.672852
4.946289
5.039062
5.078125
5.024414
4.838867
4.550781
4.165039
3.754883
3.276367
2.744141
2.182617
1.625977
1.137695
0.683594
0.336914
0.053711
-0.166016
-0.292969
-0.283203
-0.141602
0.097656
0.395508
0.810547
1.250000
1.767578
2.290039
2.846680
3.393555
3.847656
4.291992
4.638672
4.887695
5.087891
5.112305
5.073242
4.897461
4.633789
4.277344
3.896484
3.408203
2.890625
2.329102
1.806641
1.289062
0.849609
0.405273
0.112305
-0.131836
-0.278320
-0.263672
-0.170898
0.048828
0.341797
0.712891
1.166992
1.684570
2.192383
2.729492
3.256836
3.740234
4.189453
4.633789
4.877930
5.083008
5.161133
5.107422
4.926758
4.682617
4.423828
4.008789
3.564453
3.046875
2.500000
1.933594
1.455078
0.937500
0.541992
0.224609
-0.102539
-0.185547
-0.229492
-0.185547
-0.014648
0.258789
0.610352
1.035156
1.552734
2.016602
2.626953
3.120117
3.642578
4.062500
4.487305
4.765625
5.014648
5.053711
5.083008
4.985352
4.804688
4.492188
4.121094
3.647461
3.178711
2.607422
2.060547
1.503906
1.040039
0.620117
0.219727
0.004883
-0.205078
-0.278320
-0.219727
-0.073242
0.195312
0.468750
0.898438
1.406250
1.870117
2.456055
2.929688
3.496094
3.964844
4.399414
4.702148
4.921875
5.058594
5.102539
5.024414
4.848633
4.550781
4.204102
3.725586
3.261719
2.719727
2.167969
1.625977
1.152344
0.698242
0.307617
0.024414
-0.205078
-0.307617
-0.307617
-0.170898
0.068359
0.419922
0.810547
1.284180
1.811523
2.309570
2.846680
3.369141
3.847656
4.282227
4.614258
4.863281
5.058594
5.136719
5.043945
4.897461
4.638672
4.277344
3.886719
3.408203
2.866211
2.343750
1.787109
1.289062
0.844727
0.405273
0.117188
-0.112305
-0.234375
-0.283203
-0.190430
0.024414
0.273438
0.722656
1.176758
1.645508
2.177734
2.709961
3.242188
3.720703
4.140625
4.565430
4.814453
4.990234
5.087891
5.092773
4.946289
4.707031
4.384766
4.008789
3.544922
3.002930
2.441406
1.918945
1.372070
0.927734
0.532227
0.161133
-0.097656
-0.239258
-0.322266
-0.205078
-0.024414
0.253906
0.600586
1.040039
1.499023
2.060547
2.583008
3.090820
3.642578
4.077148
4.458008
4.765625
4.975586
5.131836
5.073242
4.960938
4.794922
4.501953
4.101562
3.657227
3.134766
2.617188
2.045898
1.567383
1.064453
0.610352
0.234375
-0.043945
-0.166016
-0.283203
-0.224609
-0.107422
0.200195
0.522461
0.937500
1.396484
1.918945
2.460938
2.978516
3.481445
3.935547
4.350586
4.663086
4.907227
5.019531
5.073242
5.004883
4.814453
4.545898
4.189453
3.774414
3.291016
2.734375
2.163086
1.645508
1.162109
0.717773
0.346680
0.009766
-0.175781
-0.253906
-0.249023
-0.112305
0.058594
0.410156
0.800781
1.284180
1.777344
2.304688
2.880859
3.388672
3.876953
4.282227
4.638672
4.882812
5.048828
5.141602
5.058594
4.892578
4.658203
4.301758
3.886719
3.403320
2.871094
2.363281
1.757812
1.298828
0.815430
0.419922
0.073242
-0.083008
-0.268555
-0.268555
-0.180664
0.058594
0.336914
0.683594
1.123047
1.665039
2.192383
2.739258
3.261719
3.730469
4.194336
4.575195
4.858398
5.073242
5.156250
5.097656
4.951172
4.750977
4.453125
4.047852
3.540039
3.056641
2.480469
1.918945
1.440430
0.937500
0.517578
0.190430
-0.048828
-0.166016
-0.239258
-0.190430
-0.004883
0.292969
0.629883
1.049805
1.538086
2.045898
2.602539
3.134766
3.657227
4.101562
4.458008
4.790039
4.995117
5.083008
5.131836
5.029297
4.780273
4.443359
4.077148
3.671875
3.154297
2.602539
2.104492
1.577148
1.059570
0.585938
0.253906
-0.014648
-0.200195
-0.258789
-0.278320
-0.122070
0.156250
0.522461
0.932617
1.391602
1.894531
2.441406
2.963867
3.515625
3.979492
4.360352
4.707031
4.941406
5.073242
5.073242
5.000000
4.819336
4.580078
4.189453
3.769531
3.281250
2.724609
2.163086
1.630859
1.123047
0.693359
0.307617
0.004883
-0.200195
-0.258789
-0.253906
-0.126953
0.078125
0.405273
0.795898
1.284180
1.772461
2.319336
2.836914
3.369141
3.876953
4.291992
4.624023
4.907227
5.073242
5.126953
5.043945
4.897461
4.667969
4.287109
3.881836
3.413086
2.910156
2.299805
1.777344
1.293945
0.815430
0.444336
0.126953
-0.102539
-0.239258
-0.283203
-0.185547
0.009766
0.327148
0.712891
1.132812
1.645508
2.143555
2.739258
3.227539
3.750000
4.174805
4.541016
4.829102
5.019531
5.107422
5.053711
4.926758
4.750977
4.414062
3.999023
3.544922
2.973633
2.495117
1.914062
1.450195
0.917969
0.507812
0.156250
-0.043945
-0.224609
-0.239258
-0.219727
-0.019531
0.249023
0.605469
1.025391
1.508789
2.036133
2.602539
3.144531
3.588867
4.086914
4.433594
4.785156
4.980469
5.083008
5.092773
4.975586
4.804688
4.482422
4.106445
3.652344
3.120117
2.617188
2.055664
1.533203
1.040039
0.644531
0.273438
0.029297
-0.185547
-0.273438
-0.205078
-0.058594
0.195312
0.502930
0.947266
1.420898
1.962891
2.416992
3.002930
3.466797
3.945312
4.355469
4.721680
4.921875
5.092773
5.048828
5.014648
4.785156
4.536133
4.140625
3.774414
3.237305
2.758789
2.172852
1.625977
1.132812
0.698242
0.341797
0.014648
-0.136719
-0.273438
-0.249023
-0.112305
0.083008
0.410156
0.800781
1.274414
1.762695
2.299805
2.895508
3.359375
3.867188
4.267578
4.614258
4.941406
5.053711
5.087891
5.048828
4.936523
4.653320
4.296875
3.872070
3.408203
2.880859
2.309570
1.811523
1.313477
0.795898
0.449219
0.112305
-0.136719
-0.224609
-0.249023
-0.166016
0.078125
0.297852
0.703125
1.166992
1.674805
2.182617
2.768555
3.271484
3.745117
4.199219
4.560547
4.848633
5.039062
5.117188
5.078125
4.990234
4.765625
4.418945
4.052734
3.549805
3.037109
2.456055
1.918945
1.435547
0.952148
0.522461
0.214844
-0.029297
-0.180664
-0.205078
-0.131836
0.014648
0.278320
0.649414
1.074219
1.542969
2.060547
2.636719
3.120117
3.642578
4.101562
4.448242
4.794922
4.995117
5.102539
5.112305
4.990234
4.750977
4.501953
4.130859
3.642578
3.144531
2.607422
2.089844
1.518555
1.040039
0.595703
0.288086
-0.024414
-0.170898
-0.268555
-0.234375
-0.058594
0.161133
0.498047
0.932617
1.420898
1.884766
2.460938
2.968750
3.525391
3.969727
4.360352
4.716797
4.916992
5.068359
5.083008
5.029297
4.833984
4.536133
4.189453
3.740234
3.232422
2.734375
2.158203
1.625977
1.142578
0.678711
0.332031
0.004883
-0.190430
-0.317383
-0.317383
-0.156250
0.068359
0.395508
0.791016
1.293945
1.752930
2.299805
2.861328
3.339844
3.837891
4.296875
4.633789
4.907227
5.029297
5.102539
5.097656
4.916992
4.628906
4.296875
3.862305
3.403320
2.871094
2.338867
1.777344
1.235352
0.781250
0.410156
0.102539
-0.126953
-0.214844
-0.253906
-0.161133
-0.004883
0.288086
0.673828
1.147461
1.635742
2.182617
2.656250
3.242188
3.759766
4.194336
4.575195
4.799805
5.063477
5.063477
5.034180
4.965820
4.731445
4.428711
4.033203
3.554688
3.027344
2.441406
1.967773
1.401367
0.932617
0.507812
0.170898
-0.063477
-0.200195
-0.253906
-0.214844
-0.009766
0.244141
0.585938
1.025391
1.528320
2.050781
2.602539
3.144531
3.632812
4.096680
4.458008
4.770508
4.990234
5.112305
5.117188
4.980469
4.794922
4.482422
4.101562
3.642578
3.144531
2.607422
2.060547
1.557617
1.040039
0.620117
0.263672
0.009766
-0.185547
-0.249023
-0.224609
-0.058594
0.175781
0.512695
0.932617
1.396484
1.933594
2.480469
2.983398
3.466797
3.945312
4.370117
4.672852
4.897461
5.078125
5.107422
4.960938
4.858398
4.550781
4.204102
3.720703
3.266602
2.705078
2.187500
1.660156
1.157227
0.688477
0.346680
0.039062
-0.180664
-0.283203
-0.273438
-0.126953
0.078125
0.429688
0.791016
1.274414
1.762695
2.304688
2.856445
3.354492
3.886719
4.262695
4.619141
4.902344
5.034180
5.112305
5.073242
4.887695
4.638672
4.291992
3.862305
3.388672
2.880859
2.338867
1.791992
1.279297
0.820312
0.390625
0.092773
-0.141602
-0.244141
-0.224609
-0.126953
0.014648
0.322266
0.703125
1.181641
1.655273
2.182617
2.724609
3.295898
3.769531
4.204102
4.570312
4.868164
5.083008
5.112305
5.122070
4.995117
4.755859
4.428711
4.018555
3.564453
3.076172
2.509766
1.938477
1.484375
0.966797
0.546875
0.219727
-0.073242
-0.244141
-0.209961
-0.166016
0.014648
0.268555
0.625000
1.044922
1.523438
2.070312
2.612305
3.168945
