1.992188
1.474609
1.000977
0.571289
0.190430
-0.073242
-0.229492
-0.288086
-0.249023
-0.063477
0.161133
0.532227
0.932617
1.406250
1.918945
2.495117
3.027344
3.525391
4.013672
4.414062
4.726562
4.960938
5.073242
5.097656
5.019531
4.829102
4.536133
4.155273
3.706055
3.212891
2.695312
2.172852
1.630859
1.127930
0.683594
0.307617
0.009766
-0.170898
-0.234375
-0.263672
-0.083008
0.126953
0.419922
0.834961
1.284180
1.806641
2.304688
2.871094
3.349609
3.833008
4.238281
4.599609
4.848633
5.039062
5.087891
4.980469
4.892578
4.624023
4.262695
3.818359
3.320312
2.797852
2.260742
1.738281
1.225586
0.781250
0.380859
0.053711
-0.126953
-0.258789
-0.273438
-0.170898
0.034180
0.322266
0.683594
1.166992
1.674805
2.211914
2.724609
3.286133
3.740234
4.189453
4.565430
4.853516
5.014648
5.092773
5.058594
4.951172
4.697266
4.370117
3.935547
3.457031
2.949219
2.412109
1.831055
1.347656
0.898438
0.483398
0.161133
-0.078125
-0.224609
-0.219727
-0.209961
0.009766
0.234375
0.639648
1.079102
1.562500
2.080078
2.607422
3.168945
3.706055
4.150391
4.550781
4.858398
5.034180
5.136719
5.141602
5.014648
4.829102
4.482422
4.116211
3.647461
3.173828
2.631836
2.036133
1.479492
1.054688
0.590820
0.249023
-0.034180
-0.141602
-0.239258
-0.166016
-0.043945
0.214844
0.556641
0.976562
1.479492
1.982422
2.470703
3.027344
3.554688
3.994141
4.394531
4.746094
4.975586
5.097656
5.112305
5.048828
4.843750
4.541016
4.174805
3.730469
3.266602
2.700195
2.167969
1.630859
1.137695
0.712891
0.292969
-0.014648
-0.175781
-0.234375
-0.249023
-0.107422
0.102539
0.400391
0.830078
1.298828
1.811523
2.343750
2.861328
3.388672
3.857422
4.301758
4.648438
4.848633
5.043945
5.097656
5.024414
4.853516
4.589844
4.228516
3.789062
3.339844
2.788086
2.246094
1.718750
1.196289
0.747070
0.375977
0.063477
-0.141602
-0.249023
-0.273438
-0.141602
0.048828
0.332031
0.732422
1.181641
1.679688
2.187500
2.744141
3.310547
3.754883
4.204102
4.555664
4.863281
5.043945
5.102539
5.039062
4.941406
4.721680
4.340820
3.920898
3.461914
2.944336
2.402344
1.855469
1.352539
0.903320
0.468750
0.151367
-0.131836
-0.234375
-0.263672
-0.195312
0.004883
0.249023
0.605469
1.054688
1.582031
2.109375
2.607422
3.115234
3.618164
4.121094
4.492188
4.804688
4.970703
5.122070
5.146484
5.029297
4.760742
4.467773
4.091797
3.613281
3.144531
2.558594
2.001953
1.469727
1.015625
0.556641
0.209961
-0.019531
-0.239258
-0.263672
-0.219727
-0.078125
0.156250
0.502930
0.971680
1.420898
1.962891
2.465820
3.012695
3.515625
4.018555
4.399414
4.711914
4.936523
5.063477
5.107422
5.039062
4.838867
4.521484
4.174805
3.710938
3.208008
2.695312
2.172852
1.635742
1.113281
0.673828
0.273438
0.043945
-0.161133
-0.283203
-0.273438
-0.131836
0.151367
0.468750
0.839844
1.284180
1.752930
2.338867
2.885742
3.388672
3.833008
4.233398
4.599609
4.843750
5.024414
5.078125
5.004883
4.873047
4.565430
4.228516
3.808594
3.349609
2.812500
2.285156
1.728516
1.225586
0.742188
0.375977
0.073242
-0.166016
-0.292969
-0.288086
-0.170898
0.029297
0.371094
0.742188
1.186523
1.669922
2.197266
2.744141
3.281250
3.769531
4.194336
4.545898
4.887695
5.034180
5.073242
5.063477
4.965820
4.702148
4.345703
4.013672
3.466797
2.973633
2.412109
1.855469
1.357422
0.883789
0.483398
0.161133
-0.078125
-0.229492
-0.268555
-0.209961
-0.004883
0.263672
0.620117
1.074219
1.572266
2.104492
2.666016
3.193359
3.657227
4.135742
4.462891
4.848633
5.029297
5.136719
5.136719
5.024414
4.785156
4.467773
4.091797
3.647461
3.164062
2.607422
2.041016
1.464844
1.035156
0.610352
0.273438
-0.024414
-0.175781
-0.234375
-0.175781
-0.024414
0.185547
0.537109
0.971680
1.455078
1.977539
2.500000
3.017578
3.530273
3.999023
4.414062
4.746094
4.980469
5.078125
5.097656
4.985352
4.833984
4.570312
4.184570
3.735352
3.222656
2.695312
2.163086
1.655273
1.142578
0.664062
0.312500
0.034180
-0.200195
-0.229492
-0.268555
-0.117188
0.107422
0.419922
0.859375
1.308594
1.762695
2.324219
2.880859
3.422852
3.847656
4.321289
4.609375
4.897461
5.039062
5.107422
5.024414
4.873047
4.565430
4.218750
3.793945
3.320312
2.812500
2.285156
1.728516
1.230469
0.776367
0.336914
0.073242
-0.141602
-0.258789
-0.239258
-0.170898
0.058594
0.351562
0.747070
1.171875
1.669922
2.187500
2.753906
3.276367
3.754883
4.174805
4.580078
4.853516
5.000000
5.092773
5.083008
4.912109
4.687500
4.331055
3.925781
3.457031
2.929688
2.392578
1.884766
1.386719
0.874023
0.444336
0.151367
-0.048828
-0.195312
-0.297852
-0.195312
-0.009766
0.244141
0.615234
1.035156
1.557617
2.065430
2.597656
3.168945
3.671875
4.111328
4.501953
4.775391
4.990234
5.083008
5.131836
5.014648
4.765625
4.428711
4.057617
3.603516
3.105469
2.553711
2.036133
1.450195
0.976562
0.576172
0.229492
-0.078125
-0.219727
-0.268555
-0.224609
-0.083008
0.185547
0.512695
0.966797
1.450195
1.938477
2.480469
2.998047
3.535156
3.964844
4.418945
4.721680
4.926758
5.097656
5.102539
5.014648
4.838867
4.541016
4.169922
3.735352
3.247070
2.666016
2.153320
1.625977
1.142578
0.698242
0.312500
0.048828
-0.146484
-0.288086
-0.200195
-0.058594
0.131836
0.444336
0.839844
1.298828
1.791992
2.290039
2.856445
3.374023
3.857422
4.291992
4.633789
4.848633
5.048828
5.087891
5.004883
4.907227
4.604492
4.277344
3.813477
3.325195
2.778320
2.255859
1.752930
1.206055
0.737305
0.351562
0.053711
-0.166016
-0.278320
-0.278320
-0.180664
0.053711
0.351562
0.717773
1.166992
1.650391
2.202148
2.758789
3.251953
3.789062
4.194336
4.589844
4.873047
5.004883
5.126953
5.063477
4.926758
4.682617
4.370117
3.920898
3.457031
2.954102
2.397461
1.884766
1.347656
0.844727
0.488281
0.156250
-0.136719
-0.239258
-0.263672
-0.190430
-0.014648
0.268555
0.639648
1.059570
1.572266
2.075195
2.631836
3.120117
3.657227
4.130859
4.550781
4.804688
5.019531
5.102539
5.122070
5.019531
4.765625
4.458008
4.062500
3.603516
3.129883
2.573242
2.084961
1.533203
1.044922
0.590820
0.278320
-0.014648
-0.224609
-0.253906
-0.219727
-0.034180
0.224609
0.556641
0.952148
1.474609
1.953125
2.490234
3.027344
3.491211
3.989258
4.384766
4.721680
4.956055
5.087891
5.126953
5.004883
4.790039
4.545898
4.150391
3.686523
3.237305
2.719727
2.128906
1.616211
1.123047
0.678711
0.322266
0.000000
-0.195312
-0.249023
-0.283203
-0.126953
0.107422
0.419922
0.844727
1.293945
1.811523
2.329102
2.890625
3.398438
3.872070
4.291992
4.667969
4.833984
5.058594
5.058594
5.019531
4.877930
4.619141
4.306641
3.833008
3.300781
2.778320
2.285156
1.728516
1.206055
0.781250
0.380859
0.063477
-0.161133
-0.258789
-0.268555
-0.166016
0.039062
0.351562
0.732422
1.191406
1.660156
2.192383
2.768555
3.291016
3.754883
4.233398
4.550781
4.838867
5.014648
5.058594
5.063477
4.931641
4.677734
4.316406
3.920898
3.452148
2.978516
2.402344
1.884766
1.347656
0.844727
0.507812
0.166016
-0.107422
-0.283203
-0.302734
-0.170898
0.009766
0.234375
0.625000
1.035156
1.542969
2.031250
2.626953
3.159180
3.642578
4.072266
4.487305
4.770508
5.009766
5.073242
5.107422
4.985352
4.765625
4.453125
4.023438
3.608398
3.041992
2.543945
1.992188
1.469727
1.000977
0.581055
0.239258
-0.092773
-0.239258
-0.322266
-0.234375
-0.117188
0.185547
0.512695
0.942383
1.416016
1.948242
2.495117
3.017578
3.549805
4.003906
4.389648
4.672852
4.960938
5.083008
5.092773
5.024414
4.833984
4.497070
4.213867
3.715820
3.227539
2.700195
2.177734
1.606445
1.157227
0.664062
0.302734
0.009766
-0.146484
-0.234375
-0.219727
-0.087891
0.112305
0.415039
0.859375
1.284180
1.791992
2.319336
2.851562
3.369141
3.862305
4.277344
4.624023
4.882812
5.029297
5.053711
5.024414
4.824219
4.633789
4.257812
3.813477
3.359375
2.807617
2.290039
1.743164
1.240234
0.800781
0.390625
0.063477
-0.180664
-0.288086
-0.278320
-0.180664
0.078125
0.346680
0.732422
1.181641
1.694336
2.226562
2.763672
3.271484
3.754883
4.189453
4.555664
4.838867
5.029297
5.083008
5.097656
4.921875
4.707031
4.340820
3.959961
3.476562
2.983398
2.407227
1.835938
1.342773
0.883789
0.458984
0.146484
-0.097656
-0.219727
-0.249023
-0.209961
0.000000
0.268555
0.625000
1.083984
1.572266
2.099609
2.622070
3.129883
3.715820
4.135742
4.545898
4.843750
5.024414
5.146484
5.083008
5.009766
4.760742
4.458008
4.082031
3.603516
3.100586
2.543945
1.987305
1.508789
1.054688
0.629883
0.258789
-0.029297
-0.175781
-0.229492
-0.175781
-0.039062
0.244141
0.561523
0.981445
1.430664
1.928711
2.500000
3.041992
3.554688
3.984375
4.418945
4.716797
4.965820
5.097656
5.117188
5.053711
4.824219
4.541016
4.160156
3.715820
3.256836
2.714844
2.114258
1.596680
1.162109
0.673828
0.297852
0.004883
-0.175781
-0.258789
-0.249023
-0.117188
0.092773
0.395508
0.859375
1.298828
1.796875
2.309570
2.895508
3.417969
3.881836
4.331055
4.614258
4.897461
5.063477
5.102539
5.068359
4.843750
4.584961
4.218750
3.803711
3.334961
2.812500
2.241211
1.728516
1.250000
0.737305
0.346680
0.039062
-0.151367
-0.273438
-0.249023
-0.195312
0.063477
0.332031
0.737305
1.166992
1.689453
2.211914
2.753906
3.310547
3.750000
4.204102
4.555664
4.863281
5.029297
5.097656
5.043945
4.931641
4.707031
4.331055
3.940430
3.461914
2.983398
2.397461
1.850586
1.367188
0.898438
0.488281
0.151367
-0.117188
-0.229492
-0.283203
-0.219727
0.000000
0.234375
0.610352
1.040039
1.582031
2.070312
2.602539
3.154297
3.681641
4.135742
4.477539
4.790039
4.975586
5.122070
5.092773
5.000000
4.804688
4.467773
4.042969
3.608398
3.105469
2.558594
2.031250
1.494141
1.010742
0.581055
0.205078
-0.034180
-0.244141
-0.288086
-0.200195
-0.083008
0.209961
0.498047
0.957031
1.430664
1.943359
2.480469
2.983398
3.520508
3.979492
4.384766
4.731445
4.931641
5.083008
5.078125
5.000000
4.838867
4.521484
4.179688
3.691406
3.227539
2.695312
2.163086
1.640625
1.108398
0.698242
0.312500
0.009766
-0.190430
-0.253906
-0.234375
-0.063477
0.151367
0.419922
0.805664
1.303711
1.777344
2.299805
2.841797
3.339844
3.818359
4.296875
4.624023
4.873047
5.014648
5.083008
5.034180
4.838867
4.609375
4.228516
3.828125
3.330078
2.851562
2.250977
1.748047
1.215820
0.795898
0.395508
0.078125
-0.151367
-0.239258
-0.253906
-0.166016
0.053711
0.356445
0.698242
1.166992
1.684570
2.231445
2.773438
3.251953
3.759766
4.194336
4.584961
4.882812
5.043945
5.112305
5.034180
4.960938
4.726562
4.335938
3.959961
3.466797
2.954102
2.402344
1.904297
1.386719
0.874023
0.483398
0.136719
-0.097656
-0.205078
-0.258789
-0.209961
0.019531
0.268555
0.654297
1.054688
1.557617
2.070312
2.636719
3.178711
3.701172
4.155273
4.521484
4.824219
5.029297
5.141602
5.107422
4.995117
4.750977
4.467773
4.057617
3.662109
3.129883
2.548828
2.031250
1.513672
1.035156
0.600586
0.244141
-0.034180
-0.214844
-0.224609
-0.219727
-0.053711
0.209961
0.561523
0.976562
1.479492
1.948242
2.465820
3.027344
3.515625
3.984375
4.404297
4.736328
4.941406
5.092773
5.166016
5.024414
4.809570
4.536133
4.179688
3.725586
3.232422
2.709961
2.138672
1.640625
1.142578
0.659180
0.307617
0.009766
-0.229492
-0.263672
-0.234375
-0.117188
0.073242
0.410156
0.830078
1.333008
1.806641
2.353516
2.812500
3.437500
3.891602
4.350586
4.648438
4.873047
5.019531
5.073242
5.058594
4.863281
4.589844
4.243164
3.833008
3.354492
2.778320
2.236328
1.738281
1.210938
0.791016
0.351562
0.029297
-0.146484
-0.288086
-0.253906
-0.151367
0.039062
0.346680
0.708008
1.181641
1.679688
2.221680
2.744141
3.271484
3.725586
4.213867
4.516602
4.858398
5.019531
5.092773
5.073242
4.951172
4.702148
4.340820
3.916016
3.471680
2.963867
2.441406
1.894531
1.367188
0.883789
0.483398
0.097656
-0.131836
-0.239258
-0.278320
-0.175781
-0.053711
0.219727
0.610352
1.064453
1.562500
2.070312
2.617188
3.154297
3.696289
4.125977
4.462891
4.755859
5.039062
5.102539
5.117188
5.024414
4.819336
4.448242
4.062500
3.618164
3.081055
2.568359
2.016602
1.503906
0.976562
0.561523
0.200195
-0.039062
-0.200195
-0.268555
-0.268555
-0.053711
0.156250
0.507812
0.952148
1.440430
1.933594
2.480469
3.032227
3.505859
3.994141
4.389648
4.760742
4.931641
5.039062
5.122070
4.995117
4.794922
4.550781
4.169922
3.696289
3.212891
2.680664
2.167969
1.616211
1.123047
0.673828
0.322266
0.009766
-0.190430
-0.288086
-0.244141
-0.087891
0.126953
0.444336
0.849609
1.279297
1.811523
2.314453
2.841797
3.359375
3.823242
4.262695
4.628906
4.877930
5.034180
5.117188
5.029297
4.902344
4.584961
4.243164
3.813477
3.339844
2.817383
2.275391
1.733398
1.235352
0.766602
0.405273
0.058594
-0.151367
-0.302734
-0.258789
-0.175781
0.034180
0.336914
0.717773
1.181641
1.669922
2.207031
2.744141
3.276367
3.750000
4.208984
4.555664
4.863281
5.009766
5.083008
5.039062
4.916992
4.663086
4.326172
3.955078
3.452148
2.939453
2.412109
1.870117
1.352539
0.893555
0.488281
0.156250
-0.156250
-0.249023
-0.249023
-0.180664
-0.014648
0.273438
0.620117
1.074219
1.562500
2.070312
2.656250
3.183594
3.701172
4.116211
4.501953
4.853516
5.039062
5.136719
5.131836
5.000000
4.785156
4.462891
4.062500
3.583984
3.085938
2.558594
2.026367
1.562500
1.044922
0.610352
0.283203
0.004883
-0.161133
-0.219727
-0.185547
-0.034180
0.219727
0.537109
0.991211
1.455078
1.918945
2.485352
2.998047
3.520508
4.013672
4.409180
4.731445
4.941406
5.097656
5.073242
5.039062
4.838867
4.521484
4.169922
3.725586
3.198242
2.675781
2.177734
1.645508
1.108398
0.664062
0.332031
0.048828
-0.180664
-0.273438
-0.263672
-0.126953
0.112305
0.434570
0.908203
1.284180
1.791992
2.333984
2.890625
3.427734
3.911133
4.267578
4.663086
4.877930
5.053711
5.151367
5.029297
4.873047
4.584961
4.243164
3.837891
3.359375
2.807617
2.265625
1.733398
1.206055
0.737305
0.385742
0.063477
-0.161133
-0.234375
-0.268555
-0.146484
0.043945
0.341797
0.732422
1.191406
1.650391
2.187500
2.778320
3.291016
3.769531
4.204102
4.580078
4.848633
5.009766
5.117188
5.043945
4.951172
4.716797
4.370117
3.925781
3.452148
2.944336
2.416992
1.884766
1.337891
0.864258
0.478516
0.156250
-0.122070
-0.244141
-0.278320
-0.205078
-0.029297
0.273438
0.644531
1.030273
1.499023
2.036133
2.597656
3.164062
3.671875
4.101562
4.467773
4.765625
5.009766
5.087891
5.126953
5.000000
4.741211
4.462891
4.042969
3.593750
3.100586
2.558594
2.045898
1.455078
1.015625
0.561523
0.234375
-0.043945
-0.234375
-0.249023
-0.239258
-0.068359
0.170898
0.512695
0.947266
1.425781
1.943359
2.470703
2.988281
3.564453
4.013672
4.379883
4.692383
4.931641
5.087891
5.122070
5.019531
4.770508
4.526367
4.189453
3.735352
3.222656
2.690430
2.119141
1.601562
1.147461
0.688477
0.332031
0.004883
-0.205078
-0.258789
-0.224609
-0.107422
0.112305
0.434570
0.815430
1.313477
1.796875
2.304688
2.851562
3.398438
3.886719
4.306641
4.619141
4.853516
5.019531
5.092773
5.014648
4.902344
4.599609
4.282227
3.833008
3.364258
2.802734
2.285156
1.738281
1.215820
0.756836
0.385742
0.053711
-0.156250
-0.263672
-0.283203
-0.170898
0.048828
0.346680
0.722656
1.196289
1.669922
2.187500
2.773438
3.295898
3.754883
4.160156
4.570312
4.848633
5.039062
5.107422
5.092773
4.907227
4.682617
4.340820
3.950195
3.481445
2.919922
2.456055
1.884766
1.362305
0.893555
0.488281
0.146484
-0.141602
-0.224609
-0.268555
-0.195312
-0.029297
0.292969
0.625000
1.059570
1.513672
2.065430
2.626953
3.178711
3.666992
4.116211
4.531250
4.848633
5.039062
5.136719
5.087891
4.951172
4.760742
4.472656
4.101562
3.652344
3.139648
2.583008
2.036133
1.503906
1.054688
0.600586
0.205078
-0.034180
-0.209961
-0.239258
-0.219727
-0.024414
0.185547
0.527344
0.947266
1.430664
1.982422
2.475586
3.007812
3.500977
4.023438
4.389648
4.707031
4.936523
5.122070
5.151367
5.004883
4.785156
4.575195
4.179688
3.710938
3.227539
2.719727
2.128906
1.601562
1.127930
0.688477
0.302734
0.000000
-0.175781
-0.224609
-0.214844
-0.126953
0.126953
0.434570
0.869141
1.289062
1.801758
2.338867
2.856445
3.413086
3.916016
4.311523
4.643555
4.892578
5.048828
5.112305
5.019531
4.819336
4.580078
4.267578
3.818359
3.315430
2.807617
2.236328
1.708984
1.206055
0.771484
0.371094
0.083008
-0.151367
-0.268555
-0.273438
-0.175781
0.048828
0.356445
0.737305
1.225586
1.674805
2.216797
2.792969
3.295898
3.784180
4.194336
4.570312
4.838867
5.014648
5.131836
5.087891
4.936523
4.697266
4.331055
3.955078
3.471680
2.944336
2.436523
1.875000
1.367188
0.874023
0.444336
0.107422
-0.092773
-0.224609
-0.292969
-0.205078
-0.034180
0.292969
0.634766
1.054688
1.542969
2.021484
2.626953
3.188477
3.637695
4.096680
4.448242
4.775391
5.004883
5.107422
5.078125
4.970703
4.750977
4.458008
4.057617
3.647461
3.076172
2.548828
2.031250
1.455078
1.044922
0.541992
0.200195
-0.073242
-0.229492
-0.258789
-0.209961
-0.087891
0.175781
0.493164
0.961914
1.435547
1.918945
2.480469
3.017578
3.530273
3.979492
4.389648
4.736328
4.946289
5.073242
5.102539
4.990234
4.814453
4.501953
4.169922
3.720703
3.237305
2.690430
2.167969
1.621094
1.162109
0.629883
0.317383
0.048828
-0.195312
-0.263672
-0.224609
-0.092773
0.112305
0.458984
0.869141
1.303711
1.762695
2.324219
2.890625
3.398438
3.881836
4.252930
4.604492
4.843750
5.073242
5.117188
5.073242
4.863281
4.643555
4.223633
3.808594
3.330078
2.812500
2.265625
1.743164
1.230469
0.766602
0.371094
0.063477
-0.141602
-0.263672
-0.268555
-0.170898
0.029297
0.302734
0.717773
1.166992
1.694336
2.192383
2.749023
3.266602
3.730469
4.228516
4.584961
4.838867
5.019531
5.092773
5.058594
4.921875
4.672852
4.360352
3.916016
3.461914
2.978516
2.407227
1.884766
1.342773
0.874023
0.498047
0.161133
-0.087891
-0.234375
-0.258789
-0.205078
0.024414
0.258789
0.668945
1.064453
1.538086
2.094727
2.666016
3.188477
3.637695
4.116211
4.477539
4.809570
5.009766
5.122070
5.112305
5.024414
4.809570
4.492188
4.067383
3.598633
3.154297
2.573242
2.055664
1.484375
1.040039
0.576172
0.219727
-0.014648
-0.190430
-0.244141
-0.234375
-0.043945
0.200195
0.556641
0.961914
1.445312
1.933594
2.485352
3.037109
3.535156
4.033203
4.389648
4.721680
4.960938
5.083008
5.078125
5.014648
4.853516
4.541016
4.174805
3.720703
3.217773
2.680664
2.163086
1.635742
1.123047
0.654297
0.288086
0.000000
-0.156250
-0.253906
-0.253906
-0.141602
0.107422
0.454102
0.830078
1.337891
1.782227
2.290039
2.832031
3.388672
3.886719
4.277344
4.648438
4.882812
5.073242
5.087891
5.068359
4.858398
4.609375
4.208984
3.818359
3.334961
2.822266
2.275391
1.738281
1.186523
0.747070
0.356445
0.078125
-0.102539
-0.224609
-0.263672
-0.146484
0.034180
0.356445
0.717773
1.171875
1.606445
2.202148
2.763672
3.291016
3.774414
4.218750
4.560547
4.863281
5.019531
5.063477
5.043945
4.921875
4.687500
4.350586
3.935547
3.447266
2.919922
2.407227
1.899414
1.381836
0.820312
0.458984
0.146484
-0.136719
-0.205078
-0.273438
-0.190430
-0.004883
0.229492
0.625000
1.083984
1.547852
2.060547
2.558594
3.173828
3.662109
4.057617
4.477539
4.785156
5.004883
5.161133
5.156250
5.014648
4.775391
4.418945
4.057617
3.613281
3.110352
2.573242
1.977539
1.474609
0.976562
0.561523
0.229492
-0.043945
-0.209961
-0.307617
-0.224609
-0.053711
0.166016
0.507812
0.932617
1.455078
1.914062
2.470703
3.032227
3.554688
3.989258
4.418945
4.726562
4.931641
5.073242
5.107422
5.039062
4.824219
4.506836
4.150391
3.725586
3.232422
2.695312
2.153320
1.611328
1.132812
0.698242
0.346680
0.024414
-0.185547
-0.283203
-0.214844
-0.068359
0.107422
0.424805
0.844727
1.279297
1.811523
2.324219
2.866211
