2.089844
1.572266
1.079102
0.620117
0.283203
-0.004883
-0.170898
-0.249023
-0.205078
-0.102539
0.166016
0.483398
0.878906
1.347656
1.865234
2.431641
2.949219
3.496094
3.945312
4.360352
4.707031
4.936523
5.078125
5.102539
5.063477
4.882812
4.638672
4.252930
3.823242
3.330078
2.788086
2.260742
1.728516
1.235352
0.786133
0.366211
0.107422
-0.117188
-0.209961
-0.190430
-0.112305
0.092773
0.439453
0.781250
1.264648
1.801758
2.309570
2.880859
3.383789
3.828125
4.301758
4.643555
4.921875
5.083008
5.112305
5.131836
4.921875
4.697266
4.331055
3.911133
3.408203
2.890625
2.377930
1.831055
1.342773
0.834961
0.488281
0.156250
-0.112305
-0.219727
-0.258789
-0.166016
0.048828
0.312500
0.678711
1.132812
1.625977
2.163086
2.656250
3.217773
3.676758
4.130859
4.521484
4.809570
5.024414
5.131836
5.073242
4.970703
4.707031
4.414062
3.994141
3.574219
3.022461
2.465820
1.923828
1.406250
0.966797
0.522461
0.214844
-0.048828
-0.239258
-0.273438
-0.229492
-0.058594
0.214844
0.532227
0.981445
1.484375
1.977539
2.524414
3.046875
3.588867
4.038086
4.453125
4.746094
4.965820
5.092773
5.146484
4.985352
4.790039
4.477539
4.121094
3.720703
3.183594
2.666016
2.075195
1.572266
1.098633
0.644531
0.283203
0.014648
-0.200195
-0.283203
-0.253906
-0.063477
0.131836
0.454102
0.849609
1.342773
1.889648
2.397461
2.954102
3.500977
3.935547
4.311523
4.653320
4.921875
5.063477
5.146484
5.053711
4.843750
4.589844
4.252930
3.798828
3.305664
2.802734
2.241211
1.679688
1.245117
0.747070
0.390625
0.087891
-0.102539
-0.244141
-0.239258
-0.083008
0.083008
0.419922
0.810547
1.215820
1.762695
2.275391
2.846680
3.383789
3.823242
4.233398
4.599609
4.887695
5.068359
5.068359
5.048828
4.936523
4.658203
4.311523
3.920898
3.437500
2.924805
2.338867
1.860352
1.323242
0.854492
0.424805
0.166016
-0.078125
-0.249023
-0.234375
-0.161133
0.043945
0.332031
0.712891
1.108398
1.640625
2.163086
2.685547
3.232422
3.754883
4.174805
4.545898
4.843750
5.014648
5.078125
5.039062
4.965820
4.697266
4.414062
3.994141
3.540039
3.027344
2.475586
1.948242
1.416016
0.957031
0.522461
0.170898
-0.063477
-0.273438
-0.263672
-0.209961
-0.009766
0.205078
0.556641
0.981445
1.479492
1.982422
2.553711
3.041992
3.579102
4.047852
4.433594
4.750977
4.970703
5.107422
5.117188
5.000000
4.785156
4.472656
4.125977
3.686523
3.164062
2.626953
2.128906
1.577148
1.108398
0.654297
0.273438
-0.024414
-0.195312
-0.268555
-0.244141
-0.083008
0.136719
0.493164
0.908203
1.376953
1.835938
2.407227
2.949219
3.471680
3.959961
4.355469
4.697266
4.946289
5.122070
5.126953
5.039062
4.843750
4.594727
4.243164
3.837891
3.383789
2.812500
2.260742
1.748047
1.215820
0.781250
0.419922
0.117188
-0.156250
-0.219727
-0.214844
-0.117188
0.112305
0.415039
0.810547
1.250000
1.752930
2.353516
2.915039
3.403320
3.862305
4.282227
4.643555
4.902344
5.083008
5.122070
5.102539
4.921875
4.707031
4.331055
3.935547
3.422852
2.910156
2.368164
1.865234
1.303711
0.844727
0.454102
0.166016
-0.092773
-0.234375
-0.244141
-0.180664
-0.004883
0.312500
0.737305
1.118164
1.616211
2.099609
2.675781
3.251953
3.745117
4.130859
4.521484
4.848633
5.014648
5.087891
5.092773
5.014648
4.716797
4.404297
3.984375
3.525391
3.041992
2.485352
1.938477
1.401367
0.961914
0.522461
0.195312
-0.107422
-0.214844
-0.297852
-0.214844
-0.063477
0.209961
0.566406
0.971680
1.503906
1.982422
2.509766
3.041992
3.554688
4.042969
4.428711
4.755859
4.965820
5.087891
5.126953
5.009766
4.804688
4.521484
4.101562
3.671875
3.164062
2.622070
2.114258
1.542969
1.064453
0.649414
0.283203
0.024414
-0.200195
-0.244141
-0.234375
-0.136719
0.156250
0.517578
0.922852
1.313477
1.855469
2.382812
2.988281
3.481445
3.920898
4.316406
4.672852
4.956055
5.078125
5.122070
5.073242
4.838867
4.560547
4.238281
3.808594
3.300781
2.709961
2.221680
1.733398
1.186523
0.771484
0.400391
0.092773
-0.083008
-0.219727
-0.219727
-0.112305
0.063477
0.424805
0.805664
1.245117
1.752930
2.260742
2.817383
3.364258
3.818359
4.257812
4.575195
4.882812
5.063477
5.117188
5.058594
4.936523
4.677734
4.335938
3.920898
3.422852
2.905273
2.402344
1.821289
1.313477
0.888672
0.473633
0.141602
-0.092773
-0.239258
-0.253906
-0.126953
0.009766
0.278320
0.708008
1.142578
1.660156
2.148438
2.695312
3.212891
3.730469
4.179688
4.565430
4.858398
5.053711
5.112305
5.102539
4.960938
4.711914
4.389648
3.969727
3.510742
2.993164
2.460938
1.928711
1.416016
0.952148
0.532227
0.185547
-0.078125
-0.234375
-0.273438
-0.229492
-0.043945
0.205078
0.581055
1.000977
1.503906
1.997070
2.539062
3.056641
3.579102
4.042969
4.438477
4.741211
4.951172
5.107422
5.102539
4.980469
4.785156
4.501953
4.130859
3.696289
3.173828
2.675781
2.104492
1.562500
1.069336
0.634766
0.258789
0.000000
-0.224609
-0.258789
-0.219727
-0.122070
0.180664
0.488281
0.854492
1.342773
1.831055
2.397461
2.929688
3.461914
3.940430
4.360352
4.682617
4.941406
5.112305
5.112305
5.102539
4.887695
4.624023
4.257812
3.847656
3.339844
2.812500
2.304688
1.748047
1.250000
0.805664
0.405273
0.112305
-0.146484
-0.239258
-0.258789
-0.117188
0.083008
0.468750
0.795898
1.259766
1.757812
2.299805
2.866211
3.413086
3.842773
4.296875
4.633789
4.912109
5.073242
5.175781
5.083008
4.921875
4.672852
4.370117
3.906250
3.413086
2.866211
2.373047
1.811523
1.337891
0.844727
0.454102
0.136719
-0.117188
-0.200195
-0.249023
-0.185547
0.019531
0.288086
0.668945
1.157227
1.669922
2.163086
2.661133
3.217773
3.691406
4.135742
4.565430
4.804688
5.024414
5.107422
5.092773
4.965820
4.765625
4.414062
4.028320
3.520508
3.041992
2.519531
1.933594
1.416016
0.957031
0.556641
0.175781
-0.078125
-0.214844
-0.263672
-0.219727
-0.029297
0.175781
0.556641
0.976562
1.455078
1.982422
2.495117
3.085938
3.554688
4.052734
4.443359
4.741211
4.995117
5.131836
5.141602
5.000000
4.794922
4.506836
4.140625
3.671875
3.164062
2.631836
2.128906
1.577148
1.074219
0.639648
0.258789
-0.034180
-0.175781
-0.234375
-0.234375
-0.087891
0.156250
0.483398
0.864258
1.352539
1.884766
2.377930
2.968750
3.432617
3.945312
4.326172
4.667969
4.951172
5.083008
5.083008
5.073242
4.863281
4.555664
4.213867
3.784180
3.295898
2.783203
2.187500
1.674805
1.181641
0.771484
0.410156
0.112305
-0.170898
-0.273438
-0.263672
-0.097656
0.117188
0.439453
0.776367
1.235352
1.728516
2.260742
2.822266
3.334961
3.793945
4.257812
4.638672
4.858398
5.058594
5.097656
5.073242
4.931641
4.677734
4.316406
3.896484
3.393555
2.924805
2.373047
1.845703
1.298828
0.854492
0.473633
0.126953
-0.083008
-0.219727
-0.234375
-0.175781
0.053711
0.322266
0.668945
1.142578
1.645508
2.172852
2.709961
3.237305
3.725586
4.169922
4.565430
4.843750
5.029297
5.117188
5.087891
4.960938
4.716797
4.404297
4.003906
3.549805
3.012695
2.514648
1.948242
1.406250
0.976562
0.551758
0.175781
-0.087891
-0.229492
-0.278320
-0.185547
-0.043945
0.219727
0.541992
1.010742
1.479492
2.006836
2.543945
3.071289
3.632812
4.052734
4.443359
4.755859
4.951172
5.092773
5.102539
5.004883
4.824219
4.501953
4.135742
3.647461
3.159180
2.636719
2.094727
1.567383
1.108398
0.664062
0.288086
-0.019531
-0.200195
-0.253906
-0.200195
-0.097656
0.131836
0.473633
0.913086
1.357422
1.884766
2.382812
2.978516
3.466797
3.964844
4.345703
4.697266
4.965820
5.122070
5.117188
5.043945
4.887695
4.624023
4.257812
3.833008
3.256836
2.783203
2.265625
1.733398
1.230469
0.756836
0.410156
0.097656
-0.078125
-0.214844
-0.239258
-0.107422
0.151367
0.410156
0.815430
1.240234
1.748047
2.275391
2.836914
3.349609
3.867188
4.277344
4.648438
4.912109
5.063477
5.126953
5.073242
4.951172
4.687500
4.326172
3.886719
3.422852
2.905273
2.363281
1.831055
1.347656
0.883789
0.458984
0.141602
-0.102539
-0.253906
-0.224609
-0.185547
0.058594
0.327148
0.693359
1.147461
1.625977
2.119141
2.749023
3.232422
3.671875
4.140625
4.531250
4.833984
5.043945
5.073242
5.097656
4.960938
4.736328
4.433594
3.979492
3.535156
3.032227
2.470703
1.972656
1.420898
0.947266
0.532227
0.195312
-0.053711
-0.209961
-0.307617
-0.249023
-0.048828
0.195312
0.561523
0.996094
1.508789
1.962891
2.495117
3.046875
3.588867
4.052734
4.438477
4.760742
4.960938
5.107422
5.112305
5.019531
4.809570
4.511719
4.091797
3.671875
3.188477
2.646484
2.084961
1.562500
1.088867
0.644531
0.302734
-0.014648
-0.200195
-0.258789
-0.234375
-0.087891
0.161133
0.468750
0.874023
1.333008
1.889648
2.436523
2.968750
3.457031
3.925781
4.355469
4.716797
4.951172
5.053711
5.083008
5.053711
4.858398
4.580078
4.204102
3.784180
3.310547
2.778320
2.250977
1.689453
1.166992
0.761719
0.351562
0.107422
-0.122070
-0.209961
-0.200195
-0.097656
0.092773
0.415039
0.791016
1.254883
1.757812
2.265625
2.841797
3.339844
3.808594
4.257812
4.628906
4.916992
5.078125
5.107422
5.058594
4.941406
4.663086
4.335938
3.916016
3.413086
2.919922
2.343750
1.845703
1.357422
0.830078
0.458984
0.136719
-0.107422
-0.258789
-0.253906
-0.146484
0.019531
0.302734
0.688477
1.123047
1.621094
2.138672
2.685547
3.212891
3.715820
4.155273
4.570312
4.819336
5.039062
5.107422
5.122070
4.960938
4.741211
4.399414
3.979492
3.569336
3.017578
2.485352
1.943359
1.411133
0.952148
0.541992
0.175781
-0.073242
-0.214844
-0.307617
-0.224609
-0.097656
0.209961
0.561523
1.020508
1.503906
2.001953
2.524414
3.081055
3.583984
4.047852
4.453125
4.760742
4.956055
5.107422
5.117188
5.014648
4.804688
4.501953
4.145508
3.696289
3.198242
2.646484
2.109375
1.586914
1.069336
0.654297
0.258789
-0.014648
-0.166016
-0.244141
-0.219727
-0.102539
0.166016
0.493164
0.908203
1.328125
1.855469
2.407227
3.002930
3.500977
3.911133
4.389648
4.721680
4.980469
5.117188
5.161133
5.083008
4.907227
4.667969
4.301758
3.823242
3.310547
2.822266
2.290039
1.757812
1.274414
0.751953
0.410156
0.063477
-0.073242
-0.200195
-0.229492
-0.087891
0.112305
0.424805
0.820312
1.230469
1.762695
2.285156
2.871094
3.339844
3.872070
4.228516
4.643555
4.941406
5.053711
5.146484
5.034180
4.960938
4.682617
4.355469
3.916016
3.417969
2.900391
2.343750
1.826172
1.342773
0.849609
0.449219
0.185547
-0.083008
-0.195312
-0.268555
-0.146484
0.009766
0.336914
0.732422
1.113281
1.611328
2.148438
2.739258
3.237305
3.706055
4.169922
4.555664
4.794922
5.039062
5.117188
5.063477
4.975586
4.707031
4.428711
4.018555
3.520508
3.032227
2.495117
1.972656
1.440430
0.957031
0.502930
0.166016
-0.083008
-0.234375
-0.263672
-0.175781
-0.039062
0.200195
0.556641
0.991211
1.503906
1.987305
2.509766
3.056641
3.554688
4.028320
4.462891
4.760742
4.970703
5.083008
5.117188
5.073242
4.804688
4.506836
4.150391
3.676758
3.149414
2.631836
2.080078
1.567383
1.069336
0.649414
0.278320
0.004883
-0.185547
-0.278320
-0.258789
-0.097656
0.146484
0.483398
0.893555
1.367188
1.865234
2.397461
2.968750
3.486328
3.935547
4.306641
4.658203
4.941406
5.097656
5.092773
5.029297
4.843750
4.565430
4.213867
3.808594
3.242188
2.778320
2.236328
1.679688
1.181641
0.766602
0.400391
0.048828
-0.087891
-0.224609
-0.224609
-0.083008
0.092773
0.410156
0.791016
1.274414
1.757812
2.319336
2.827148
3.364258
3.833008
4.248047
4.609375
4.877930
5.058594
5.117188
5.043945
4.912109
4.643555
4.326172
3.906250
3.417969
2.954102
2.377930
1.831055
1.333008
0.830078
0.439453
0.117188
-0.126953
-0.244141
-0.288086
-0.141602
0.034180
0.312500
0.668945
1.142578
1.616211
2.167969
2.690430
3.212891
3.735352
4.169922
4.560547
4.824219
5.043945
5.122070
5.097656
4.980469
4.750977
4.414062
4.003906
3.535156
2.998047
2.460938
1.948242
1.435547
0.917969
0.512695
0.166016
-0.053711
-0.239258
-0.253906
-0.214844
-0.048828
0.224609
0.600586
1.000977
1.494141
2.011719
2.543945
3.076172
3.574219
4.057617
4.467773
4.746094
4.985352
5.097656
5.126953
4.990234
4.799805
4.492188
4.140625
3.691406
3.188477
2.651367
2.099609
1.567383
1.088867
0.654297
0.278320
0.004883
-0.185547
-0.244141
-0.219727
-0.068359
0.122070
0.488281
0.888672
1.362305
1.865234
2.416992
2.988281
3.505859
3.979492
4.335938
4.707031
4.946289
5.092773
5.156250
5.083008
4.838867
4.648438
4.262695
3.803711
3.320312
2.822266
2.304688
1.762695
1.245117
0.766602
0.390625
0.092773
-0.161133
-0.195312
-0.229492
-0.102539
0.141602
0.419922
0.839844
1.269531
1.762695
2.314453
2.832031
3.334961
3.881836
4.287109
4.653320
4.946289
5.097656
5.146484
5.102539
4.946289
4.711914
4.350586
3.916016
3.393555
2.939453
2.377930
1.831055
1.342773
0.883789
0.512695
0.141602
-0.092773
-0.219727
-0.244141
-0.166016
0.004883
0.327148
0.698242
1.142578
1.601562
2.138672
2.714844
3.178711
3.740234
4.150391
4.545898
4.814453
5.014648
5.097656
5.097656
4.960938
4.750977
4.409180
4.008789
3.559570
3.027344
2.519531
1.933594
1.440430
0.957031
0.546875
0.180664
-0.053711
-0.229492
-0.288086
-0.209961
-0.034180
0.205078
0.546875
0.986328
1.494141
1.992188
2.514648
3.056641
3.559570
4.047852
4.433594
4.760742
4.985352
5.117188
5.126953
5.009766
4.794922
4.487305
4.121094
3.652344
3.193359
2.661133
2.099609
1.533203
1.083984
0.639648
0.253906
0.000000
-0.180664
-0.239258
-0.249023
-0.083008
0.156250
0.493164
0.908203
1.376953
1.909180
2.387695
2.919922
3.481445
3.955078
4.326172
4.682617
4.931641
5.053711
5.126953
5.034180
4.833984
4.560547
4.243164
3.808594
3.281250
2.807617
2.197266
1.718750
1.186523
0.771484
0.366211
0.053711
-0.151367
-0.258789
-0.234375
-0.136719
0.092773
0.444336
0.795898
1.289062
1.728516
2.270508
2.822266
3.369141
3.828125
4.218750
4.589844
4.877930
5.039062
5.107422
5.083008
4.951172
4.677734
4.306641
3.916016
3.393555
2.934570
2.368164
1.821289
1.289062
0.844727
0.468750
0.122070
-0.092773
-0.244141
-0.258789
-0.180664
0.053711
0.341797
0.668945
1.113281
1.635742
2.172852
2.695312
3.251953
3.720703
4.194336
4.560547
4.853516
5.014648
5.166016
5.112305
4.965820
4.736328
4.404297
3.984375
3.505859
3.017578
2.509766
1.943359
1.406250
0.922852
0.546875
0.175781
-0.034180
-0.253906
-0.258789
-0.214844
-0.078125
0.253906
0.551758
1.015625
1.484375
2.001953
2.548828
3.071289
3.579102
4.052734
4.443359
4.765625
4.975586
5.117188
5.097656
5.029297
4.794922
4.526367
4.101562
3.666992
3.193359
2.641602
2.109375
1.562500
1.103516
0.664062
0.307617
-0.039062
-0.180664
-0.278320
-0.224609
-0.092773
0.185547
0.429688
0.913086
1.391602
1.845703
2.387695
2.924805
3.452148
3.959961
4.384766
4.707031
4.941406
5.078125
5.151367
5.068359
4.882812
4.599609
4.238281
3.837891
3.325195
2.802734
2.202148
1.723633
1.250000
0.756836
0.375977
0.068359
-0.107422
-0.200195
-0.205078
-0.097656
0.063477
0.415039
0.791016
1.298828
1.791992
2.343750
2.866211
3.378906
3.867188
4.267578
4.628906
4.907227
5.058594
5.146484
5.112305
4.946289
4.702148
4.355469
3.896484
3.427734
2.924805
2.368164
1.835938
1.347656
0.834961
0.463867
0.161133
-0.083008
-0.224609
-0.268555
-0.170898
0.043945
0.332031
0.693359
1.108398
1.625977
2.182617
2.685547
3.247070
3.706055
4.179688
4.580078
4.829102
5.029297
5.097656
5.092773
4.965820
4.726562
4.404297
3.999023
3.510742
3.071289
2.495117
1.953125
1.425781
0.966797
0.581055
0.190430
-0.087891
-0.253906
-0.268555
-0.200195
-0.063477
0.249023
0.585938
1.010742
1.455078
1.982422
2.504883
3.066406
3.549805
4.047852
4.428711
4.736328
4.985352
5.092773
5.107422
5.014648
4.790039
4.506836
4.106445
3.715820
3.168945
2.631836
2.080078
1.582031
1.093750
0.654297
0.244141
-0.009766
-0.180664
-0.263672
-0.253906
-0.092773
0.146484
0.488281
0.922852
1.372070
1.831055
2.416992
2.944336
3.496094
3.974609
4.296875
4.638672
4.931641
5.078125
5.112305
5.083008
4.863281
4.565430
4.223633
3.798828
3.325195
2.753906
2.207031
1.674805
1.186523
0.781250
0.390625
0.107422
-0.068359
-0.229492
-0.278320
-0.112305
0.092773
0.415039
0.820312
1.279297
1.743164
2.280273
2.846680
3.344727
3.823242
4.267578
4.653320
4.863281
5.034180
5.097656
5.043945
4.907227
4.667969
4.321289
3.916016
3.427734
2.939453
2.368164
1.816406
1.328125
0.878906
0.434570
0.126953
-0.107422
-0.239258
-0.263672
-0.146484
0.024414
0.317383
0.664062
1.118164
1.645508
2.148438
2.690430
3.188477
3.715820
4.194336
4.501953
4.853516
5.009766
5.092773
5.097656
4.975586
4.731445
4.428711
3.969727
3.525391
3.012695
2.441406
1.958008
1.425781
0.937500
0.502930
0.146484
-0.063477
-0.200195
-0.312500
-0.214844
-0.053711
0.205078
0.541992
1.020508
1.455078
2.001953
2.539062
3.076172
3.608398
4.062500
4.428711
4.746094
4.936523
5.083008
5.097656
5.014648
4.799805
4.521484
4.101562
3.686523
3.168945
2.636719
2.094727
1.591797
1.113281
0.639648
0.273438
-0.019531
-0.175781
-0.273438
-0.229492
-0.073242
0.156250
0.483398
0.883789
1.333008
1.865234
2.456055
2.983398
3.452148
3.935547
4.375000
4.697266
4.965820
5.073242
5.102539
5.039062
4.863281
4.570312
4.238281
3.789062
3.349609
2.827148
2.299805
1.718750
1.225586
0.751953
0.385742
0.097656
-0.117188
-0.214844
-0.205078
-0.102539
0.097656
0.444336
0.834961
1.245117
1.796875
2.299805
2.866211
3.383789
3.852539
4.262695
4.614258
4.951172
5.078125
5.175781
5.122070
4.965820
4.658203
4.345703
3.906250
3.476562
2.910156
2.382812
1.821289
1.347656
0.849609
0.483398
0.151367
-0.053711
-0.258789
-0.278320
-0.166016
0.024414
0.327148
0.703125
1.074219
1.586914
2.158203
2.739258
3.247070
3.710938
4.169922
4.550781
4.873047
5.014648
5.117188
5.122070
4.960938
4.770508
4.414062
4.038086
3.540039
3.041992
2.529297
2.001953
1.455078
0.947266
0.556641
0.175781
-0.068359
-0.190430
-0.297852
-0.229492
-0.048828
0.205078
0.546875
0.981445
1.484375
1.997070
2.539062
3.076172
3.569336
4.033203
4.477539
4.765625
4.990234
5.097656
5.112305
5.019531
4.809570
4.541016
4.135742
3.706055
3.144531
2.622070
2.119141
1.586914
1.069336
0.649414
0.302734
-0.009766
-0.195312
-0.292969
-0.205078
-0.087891
0.175781
0.493164
0.927734
1.352539
1.879883
2.402344
2.934570
3.486328
3.916016
4.340820
4.687500
4.960938
5.126953
5.092773
5.004883
4.848633
4.628906
4.228516
3.750000
3.266602
2.744141
2.216797
1.748047
1.206055
0.737305
0.390625
0.107422
-0.151367
-0.219727
-0.263672
-0.131836
0.087891
0.410156
0.795898
1.284180
1.748047
2.260742
2.778320
3.310547
3.818359
4.252930
4.619141
4.902344
5.019531
5.107422
5.083008
4.897461
4.663086
4.331055
3.916016
3.452148
2.890625
2.373047
1.850586
1.303711
0.839844
0.444336
0.131836
-0.102539
-0.253906
-0.214844
-0.180664
0.029297
0.278320
0.688477
1.176758
1.586914
2.177734
2.666016
3.212891
3.720703
4.135742
4.555664
4.799805
5.019531
5.097656
5.092773
4.931641
4.711914
4.414062
3.979492
3.540039
3.046875
2.480469
1.918945
1.376953
0.888672
0.498047
0.151367
-0.073242
-0.224609
-0.297852
-0.219727
-0.073242
0.209961
0.541992
1.015625
1.464844
1.982422
2.509766
3.051758
3.574219
4.023438
4.433594
4.726562
4.960938
5.092773
5.102539
5.014648
4.799805
4.462891
4.106445
3.632812
3.154297
2.626953
2.075195
1.523438
1.093750
0.668945
0.278320
-0.019531
-0.205078
-0.288086
-0.239258
-0.112305
0.136719
0.463867
0.893555
1.352539
1.855469
2.397461
2.949219
3.496094
3.920898
4.340820
4.687500
4.936523
5.097656
5.156250
5.053711
4.853516
4.575195
4.218750
3.828125
3.339844
2.768555
2.236328
1.694336
1.176758
0.751953
0.405273
0.078125
-0.107422
-0.234375
-0.249023
-0.087891
0.117188
0.454102
0.844727
1.254883
1.782227
2.299805
2.880859
