2.133789
1.635742
1.074219
0.698242
0.327148
0.019531
-0.146484
-0.200195
-0.219727
-0.112305
0.175781
0.541992
0.947266
1.386719
1.875000
2.412109
2.958984
3.491211
3.959961
4.345703
4.702148
4.936523
5.058594
5.136719
5.078125
4.916992
4.653320
4.277344
3.862305
3.364258
2.846680
2.299805
1.762695
1.245117
0.795898
0.395508
0.058594
-0.141602
-0.253906
-0.253906
-0.122070
0.063477
0.395508
0.771484
1.220703
1.748047
2.250977
2.861328
3.310547
3.793945
4.233398
4.604492
4.912109
5.092773
5.107422
5.034180
4.902344
4.726562
4.350586
3.901367
3.452148
2.929688
2.382812
1.879883
1.342773
0.844727
0.449219
0.136719
-0.102539
-0.214844
-0.273438
-0.156250
-0.004883
0.268555
0.639648
1.093750
1.542969
2.143555
2.602539
3.144531
3.666992
4.116211
4.482422
4.780273
4.980469
5.043945
5.029297
4.965820
4.721680
4.414062
4.008789
3.564453
3.085938
2.524414
1.987305
1.464844
0.976562
0.585938
0.214844
-0.043945
-0.214844
-0.239258
-0.229492
-0.048828
0.195312
0.556641
0.947266
1.455078
1.967773
2.553711
3.071289
3.549805
3.989258
4.404297
4.765625
4.960938
5.068359
5.053711
4.941406
4.775391
4.501953
4.160156
3.691406
3.154297
2.666016
2.109375
1.586914
1.093750
0.659180
0.288086
-0.024414
-0.200195
-0.258789
-0.234375
-0.131836
0.161133
0.478516
0.854492
1.333008
1.826172
2.407227
2.944336
3.437500
3.959961
4.326172
4.687500
4.931641
5.097656
5.083008
5.043945
4.873047
4.609375
4.228516
3.818359
3.291016
2.807617
2.265625
1.728516
1.215820
0.776367
0.375977
0.058594
-0.122070
-0.273438
-0.244141
-0.141602
0.048828
0.390625
0.771484
1.215820
1.723633
2.231445
2.792969
3.325195
3.818359
4.228516
4.594727
4.868164
5.043945
5.092773
5.092773
4.941406
4.677734
4.360352
3.930664
3.466797
2.944336
2.402344
1.826172
1.337891
0.825195
0.454102
0.097656
-0.136719
-0.278320
-0.312500
-0.224609
-0.014648
0.244141
0.610352
1.074219
1.542969
2.084961
2.622070
3.154297
3.681641
4.135742
4.487305
4.799805
4.985352
5.078125
5.102539
4.951172
4.746094
4.409180
3.994141
3.579102
3.076172
2.548828
1.962891
1.450195
0.971680
0.561523
0.200195
-0.068359
-0.205078
-0.297852
-0.234375
-0.034180
0.195312
0.556641
0.966797
1.435547
1.972656
2.504883
3.061523
3.535156
4.013672
4.438477
4.707031
4.956055
5.097656
5.073242
5.009766
4.794922
4.516602
4.130859
3.715820
3.183594
2.680664
2.109375
1.611328
1.147461
0.703125
0.327148
0.043945
-0.190430
-0.268555
-0.268555
-0.078125
0.180664
0.493164
0.937500
1.313477
1.816406
2.382812
2.963867
3.476562
3.916016
4.316406
4.633789
4.965820
5.126953
5.170898
5.019531
4.843750
4.604492
4.287109
3.867188
3.334961
2.827148
2.275391
1.728516
1.230469
0.766602
0.395508
0.034180
-0.146484
-0.297852
-0.268555
-0.156250
0.083008
0.390625
0.742188
1.191406
1.728516
2.270508
2.797852
3.330078
3.793945
4.233398
4.624023
4.873047
5.058594
5.112305
5.009766
4.941406
4.672852
4.345703
3.940430
3.452148
2.895508
2.412109
1.835938
1.303711
0.839844
0.439453
0.107422
-0.156250
-0.219727
-0.302734
-0.224609
0.004883
0.273438
0.644531
1.064453
1.542969
2.084961
2.612305
3.178711
3.681641
4.111328
4.472656
4.775391
4.990234
5.053711
5.068359
4.960938
4.711914
4.409180
4.028320
3.583984
3.071289
2.519531
2.021484
1.450195
1.005859
0.571289
0.190430
-0.043945
-0.219727
-0.263672
-0.200195
-0.092773
0.219727
0.522461
0.996094
1.455078
1.967773
2.500000
3.022461
3.559570
3.994141
4.428711
4.711914
4.956055
5.117188
5.092773
5.000000
4.824219
4.501953
4.135742
3.662109
3.159180
2.631836
2.119141
1.601562
1.059570
0.634766
0.278320
0.004883
-0.166016
-0.244141
-0.249023
-0.112305
0.107422
0.483398
0.903320
1.347656
1.904297
2.363281
2.954102
3.452148
3.911133
4.335938
4.663086
4.951172
5.053711
5.083008
5.053711
4.819336
4.589844
4.223633
3.808594
3.295898
2.812500
2.260742
1.708984
1.201172
0.737305
0.346680
0.073242
-0.175781
-0.263672
-0.288086
-0.126953
0.043945
0.371094
0.771484
1.186523
1.704102
2.255859
2.792969
3.339844
3.789062
4.199219
4.594727
4.877930
5.043945
5.151367
5.073242
4.916992
4.658203
4.350586
3.955078
3.471680
2.949219
2.392578
1.831055
1.333008
0.854492
0.419922
0.097656
-0.146484
-0.273438
-0.302734
-0.258789
-0.043945
0.224609
0.600586
1.069336
1.557617
2.094727
2.597656
3.183594
3.647461
4.145508
4.501953
4.804688
4.975586
5.078125
5.063477
4.960938
4.746094
4.394531
4.018555
3.559570
3.061523
2.534180
1.967773
1.459961
0.996094
0.566406
0.205078
-0.063477
-0.209961
-0.297852
-0.224609
-0.058594
0.195312
0.571289
1.005859
1.469727
2.026367
2.509766
3.051758
3.564453
4.052734
4.423828
4.721680
4.951172
5.063477
5.068359
5.004883
4.804688
4.545898
4.145508
3.686523
3.168945
2.695312
2.128906
1.606445
1.103516
0.644531
0.297852
0.058594
-0.141602
-0.253906
-0.205078
-0.102539
0.180664
0.527344
0.893555
1.362305
1.860352
2.382812
2.905273
3.481445
3.916016
4.340820
4.716797
4.931641
5.136719
5.166016
5.073242
4.887695
4.599609
4.228516
3.867188
3.334961
2.846680
2.275391
1.767578
1.230469
0.771484
0.380859
0.063477
-0.146484
-0.239258
-0.273438
-0.136719
0.102539
0.419922
0.737305
1.250000
1.738281
2.250977
2.802734
3.320312
3.784180
4.267578
4.599609
4.868164
5.029297
5.058594
5.063477
4.921875
4.628906
4.326172
3.901367
3.427734
2.929688
2.387695
1.884766
1.337891
0.883789
0.444336
0.107422
-0.107422
-0.249023
-0.273438
-0.224609
0.000000
0.258789
0.649414
1.044922
1.552734
2.099609
2.612305
3.168945
3.647461
4.091797
4.487305
4.746094
4.936523
5.058594
5.078125
4.960938
4.721680
4.428711
4.018555
3.569336
3.100586
2.524414
1.987305
1.445312
0.976562
0.561523
0.205078
-0.024414
-0.209961
-0.292969
-0.219727
-0.058594
0.190430
0.556641
0.971680
1.455078
1.923828
2.500000
3.046875
3.559570
4.047852
4.433594
4.731445
4.956055
5.092773
5.092773
5.000000
4.794922
4.497070
4.130859
3.710938
3.168945
2.641602
2.138672
1.616211
1.103516
0.688477
0.283203
-0.043945
-0.209961
-0.253906
-0.234375
-0.087891
0.112305
0.419922
0.908203
1.376953
1.850586
2.382812
2.924805
3.466797
3.925781
4.340820
4.653320
4.902344
5.087891
5.097656
5.039062
4.877930
4.584961
4.252930
3.808594
3.310547
2.758789
2.241211
1.723633
1.225586
0.742188
0.385742
0.053711
-0.170898
-0.224609
-0.258789
-0.146484
0.048828
0.366211
0.761719
1.210938
1.723633
2.211914
2.822266
3.315430
3.798828
4.199219
4.594727
4.863281
5.009766
5.083008
5.087891
4.941406
4.707031
4.335938
3.916016
3.461914
2.973633
2.392578
1.850586
1.323242
0.864258
0.434570
0.107422
-0.141602
-0.258789
-0.253906
-0.214844
-0.034180
0.229492
0.600586
1.059570
1.518555
2.060547
2.631836
3.139648
3.671875
4.082031
4.472656
4.775391
4.960938
5.073242
5.048828
4.975586
4.716797
4.404297
4.033203
3.554688
3.071289
2.514648
1.977539
1.469727
0.947266
0.556641
0.190430
-0.078125
-0.219727
-0.273438
-0.234375
-0.078125
0.205078
0.532227
0.966797
1.474609
1.972656
2.504883
3.046875
3.540039
4.008789
4.384766
4.677734
4.936523
5.097656
5.087891
5.034180
4.804688
4.516602
4.130859
3.706055
3.173828
2.695312
2.099609
1.630859
1.123047
0.639648
0.278320
0.034180
-0.146484
-0.224609
-0.195312
-0.092773
0.161133
0.463867
0.927734
1.367188
1.840820
2.431641
2.988281
3.466797
3.925781
4.365234
4.697266
4.975586
5.117188
5.146484
5.068359
4.882812
4.604492
4.272461
3.828125
3.369141
2.832031
2.294922
1.728516
1.230469
0.761719
0.371094
0.043945
-0.170898
-0.249023
-0.253906
-0.161133
0.083008
0.361328
0.756836
1.210938
1.762695
2.250977
2.802734
3.310547
3.793945
4.204102
4.604492
4.892578
5.053711
5.097656
5.053711
4.941406
4.643555
4.345703
3.935547
3.452148
2.900391
2.358398
1.840820
1.333008
0.874023
0.439453
0.117188
-0.161133
-0.229492
-0.273438
-0.200195
0.004883
0.297852
0.610352
1.054688
1.567383
2.109375
2.626953
3.168945
3.637695
4.091797
4.506836
4.785156
4.975586
5.078125
5.078125
4.956055
4.731445
4.409180
3.999023
3.540039
3.066406
2.500000
2.021484
1.445312
0.937500
0.517578
0.214844
-0.063477
-0.229492
-0.268555
-0.219727
-0.097656
0.190430
0.532227
0.991211
1.445312
1.982422
2.490234
3.056641
3.535156
4.038086
4.404297
4.731445
4.965820
5.078125
5.117188
4.995117
4.770508
4.531250
4.145508
3.720703
3.188477
2.626953
2.089844
1.606445
1.118164
0.659180
0.244141
0.014648
-0.219727
-0.258789
-0.302734
-0.097656
0.136719
0.449219
0.874023
1.347656
1.831055
2.387695
2.924805
3.491211
3.940430
4.326172
4.653320
4.897461
5.058594
5.112305
5.063477
4.824219
4.589844
4.248047
3.823242
3.300781
2.778320
2.255859
1.694336
1.191406
0.761719
0.380859
0.034180
-0.190430
-0.263672
-0.239258
-0.180664
0.039062
0.400391
0.766602
1.225586
1.694336
2.231445
2.768555
3.305664
3.793945
4.248047
4.614258
4.848633
5.039062
5.122070
5.058594
4.936523
4.663086
4.335938
3.930664
3.422852
2.968750
2.402344
1.870117
1.328125
0.825195
0.473633
0.146484
-0.122070
-0.263672
-0.332031
-0.234375
-0.014648
0.249023
0.649414
1.040039
1.538086
2.075195
2.597656
3.173828
3.642578
4.135742
4.467773
4.780273
4.975586
5.073242
5.058594
4.956055
4.741211
4.423828
4.018555
3.549805
3.046875
2.500000
1.987305
1.430664
0.957031
0.571289
0.205078
-0.053711
-0.229492
-0.244141
-0.200195
-0.053711
0.209961
0.498047
0.981445
1.450195
1.938477
2.529297
3.046875
3.530273
4.008789
4.414062
4.677734
4.936523
5.078125
5.053711
4.995117
4.790039
4.497070
4.125977
3.715820
3.212891
2.675781
2.153320
1.621094
1.103516
0.668945
0.292969
0.029297
-0.141602
-0.234375
-0.219727
-0.063477
0.156250
0.512695
0.888672
1.342773
1.870117
2.377930
2.993164
3.452148
3.984375
4.365234
4.707031
4.941406
5.107422
5.097656
5.019531
4.887695
4.619141
4.291992
3.823242
3.349609
2.822266
2.290039
1.767578
1.225586
0.791016
0.395508
0.043945
-0.170898
-0.263672
-0.278320
-0.156250
0.063477
0.395508
0.766602
1.191406
1.704102
2.255859
2.812500
3.320312
3.798828
4.218750
4.604492
4.873047
5.058594
5.092773
5.073242
4.902344
4.643555
4.340820
3.945312
3.398438
2.924805
2.377930
1.894531
1.347656
0.859375
0.410156
0.122070
-0.078125
-0.253906
-0.273438
-0.205078
-0.019531
0.292969
0.639648
1.088867
1.533203
2.089844
2.636719
3.168945
3.632812
4.106445
4.487305
4.780273
4.975586
5.019531
5.063477
4.931641
4.721680
4.404297
4.023438
3.564453
3.081055
2.534180
1.977539
1.455078
0.986328
0.541992
0.175781
-0.068359
-0.195312
-0.283203
-0.229492
-0.058594
0.195312
0.546875
0.976562
1.425781
1.982422
2.509766
3.041992
3.574219
3.999023
4.389648
4.741211
4.946289
5.092773
5.122070
4.985352
4.775391
4.521484
4.135742
3.691406
3.168945
2.666016
2.084961
1.606445
1.103516
0.590820
0.268555
-0.014648
-0.195312
-0.268555
-0.268555
-0.122070
0.126953
0.449219
0.893555
1.308594
1.904297
2.421875
2.924805
3.447266
3.891602
4.316406
4.667969
4.921875
5.092773
5.078125
5.034180
4.897461
4.589844
4.257812
3.774414
3.300781
2.788086
2.241211
1.684570
1.201172
0.771484
0.375977
0.034180
-0.156250
-0.244141
-0.249023
-0.146484
0.053711
0.366211
0.766602
1.240234
1.708984
2.250977
2.778320
3.310547
3.808594
4.272461
4.599609
4.863281
5.029297
5.107422
5.102539
4.921875
4.702148
4.311523
3.959961
3.457031
2.958984
2.363281
1.855469
1.352539
0.844727
0.429688
0.112305
-0.170898
-0.249023
-0.317383
-0.234375
-0.039062
0.253906
0.605469
1.049805
1.586914
2.070312
2.675781
3.139648
3.657227
4.106445
4.487305
4.794922
5.000000
5.112305
5.092773
4.965820
4.721680
4.414062
4.013672
3.554688
3.061523
2.519531
1.982422
1.479492
0.966797
0.546875
0.229492
-0.087891
-0.239258
-0.253906
-0.224609
-0.043945
0.219727
0.541992
0.961914
1.474609
1.982422
2.509766
3.061523
3.574219
4.013672
4.418945
4.721680
4.887695
5.063477
5.126953
5.029297
4.790039
4.482422
4.125977
3.730469
3.183594
2.670898
2.128906
1.601562
1.118164
0.678711
0.322266
0.063477
-0.131836
-0.219727
-0.224609
-0.092773
0.131836
0.473633
0.903320
1.337891
1.914062
2.392578
2.988281
3.481445
3.959961
4.331055
4.663086
4.916992
5.117188
5.126953
5.083008
4.907227
4.555664
4.277344
3.818359
3.364258
2.817383
2.280273
1.694336
1.186523
0.756836
0.366211
0.063477
-0.146484
-0.263672
-0.268555
-0.141602
0.073242
0.371094
0.747070
1.196289
1.708984
2.280273
2.788086
3.295898
3.808594
4.252930
4.624023
4.858398
5.043945
5.117188
5.063477
4.907227
4.624023
4.370117
3.916016
3.403320
2.910156
2.353516
1.855469
1.337891
0.839844
0.458984
0.097656
-0.112305
-0.219727
-0.327148
-0.200195
-0.029297
0.288086
0.668945
1.083984
1.582031
2.075195
2.626953
3.144531
3.662109
4.130859
4.472656
4.770508
4.931641
5.029297
5.068359
4.975586
4.716797
4.399414
4.003906
3.530273
3.066406
2.529297
1.972656
1.464844
0.981445
0.541992
0.205078
-0.029297
-0.224609
-0.273438
-0.200195
-0.043945
0.195312
0.556641
0.937500
1.479492
1.982422
2.519531
3.027344
3.564453
4.033203
4.399414
4.750977
4.975586
5.073242
5.087891
5.000000
4.804688
4.521484
4.101562
3.642578
3.168945
2.661133
2.104492
1.591797
1.079102
0.654297
0.292969
0.000000
-0.200195
-0.249023
-0.297852
-0.092773
0.131836
0.458984
0.903320
1.391602
1.884766
2.382812
2.944336
3.481445
3.935547
4.340820
4.663086
4.912109
5.063477
5.107422
5.019531
4.892578
4.584961
4.233398
3.784180
3.310547
2.768555
2.270508
1.713867
1.186523
0.742188
0.341797
0.043945
-0.161133
-0.249023
-0.258789
-0.166016
0.097656
0.385742
0.737305
1.215820
1.713867
2.250977
2.797852
3.325195
3.793945
4.262695
4.609375
4.877930
5.053711
5.083008
5.063477
4.941406
4.663086
4.360352
3.950195
3.476562
2.944336
2.373047
1.855469
1.328125
0.844727
0.458984
0.097656
-0.166016
-0.288086
-0.312500
-0.185547
-0.019531
0.268555
0.605469
1.103516
1.572266
2.124023
2.612305
3.173828
3.647461
4.111328
4.477539
4.799805
4.980469
5.097656
5.117188
4.980469
4.750977
4.418945
4.023438
3.569336
3.105469
2.529297
2.006836
1.455078
0.947266
0.551758
0.205078
-0.043945
-0.219727
-0.283203
-0.244141
-0.034180
0.200195
0.551758
0.957031
1.445312
1.962891
2.480469
3.076172
3.535156
4.003906
4.453125
4.760742
4.946289
5.073242
5.112305
4.985352
4.785156
4.482422
4.150391
3.735352
3.203125
2.680664
2.158203
1.606445
1.123047
0.668945
0.332031
0.019531
-0.185547
-0.239258
-0.234375
-0.117188
0.175781
0.488281
0.893555
1.352539
1.889648
2.392578
2.958984
3.461914
3.920898
4.345703
4.721680
4.902344
5.083008
5.112305
5.034180
4.873047
4.614258
4.287109
3.789062
3.354492
2.792969
2.270508
1.718750
1.245117
0.771484
0.410156
0.073242
-0.156250
-0.239258
-0.278320
-0.170898
0.048828
0.385742
0.751953
1.201172
1.762695
2.294922
2.802734
3.300781
3.764648
4.238281
4.594727
4.858398
5.068359
5.122070
5.043945
4.916992
4.702148
4.360352
3.896484
3.413086
2.924805
2.441406
1.850586
1.362305
0.854492
0.439453
0.092773
-0.097656
-0.239258
-0.278320
-0.185547
-0.029297
0.288086
0.620117
1.049805
1.606445
2.119141
2.612305
3.159180
3.642578
4.121094
4.511719
4.819336
4.970703
5.029297
5.083008
4.936523
4.721680
4.394531
4.013672
3.554688
3.081055
2.534180
1.987305
1.450195
1.000977
0.527344
0.205078
-0.048828
-0.239258
-0.278320
-0.224609
-0.083008
0.200195
0.566406
0.981445
1.435547
1.938477
2.514648
3.027344
3.544922
4.013672
4.389648
4.760742
4.956055
5.073242
5.087891
4.985352
4.785156
4.526367
4.106445
3.691406
3.134766
2.661133
2.109375
1.577148
1.083984
0.620117
0.244141
-0.039062
-0.200195
-0.239258
-0.234375
-0.107422
0.131836
0.415039
0.878906
1.372070
1.875000
2.402344
2.929688
3.486328
3.955078
4.335938
4.697266
4.892578
5.078125
5.097656
5.024414
4.873047
4.575195
4.213867
3.769531
3.330078
2.753906
2.226562
1.694336
1.176758
0.756836
0.356445
0.043945
-0.141602
-0.268555
-0.258789
-0.146484
0.058594
0.356445
0.771484
1.206055
1.694336
2.250977
2.812500
3.320312
3.837891
4.228516
4.609375
4.843750
5.019531
5.126953
5.078125
4.902344
4.653320
4.331055
3.940430
3.457031
2.939453
2.392578
1.850586
1.313477
0.844727
0.473633
0.107422
-0.126953
-0.263672
-0.278320
-0.200195
-0.053711
0.278320
0.581055
1.083984
1.523438
2.084961
2.631836
3.139648
3.666992
4.101562
4.492188
4.804688
4.951172
5.073242
5.083008
4.965820
4.731445
4.438477
4.018555
3.569336
3.041992
2.529297
1.953125
1.435547
0.966797
0.551758
0.195312
-0.073242
-0.249023
-0.253906
-0.214844
-0.097656
0.219727
0.512695
0.981445
1.450195
2.006836
2.495117
3.056641
3.559570
4.013672
4.409180
4.746094
4.965820
5.097656
5.048828
4.970703
4.794922
4.555664
4.140625
3.696289
3.149414
2.675781
2.128906
1.547852
1.093750
0.644531
0.307617
0.034180
-0.200195
-0.302734
-0.214844
-0.083008
0.166016
0.483398
0.883789
1.342773
1.889648
2.407227
2.944336
3.471680
3.935547
4.340820
4.707031
4.951172
5.126953
5.122070
5.068359
4.916992
4.619141
4.282227
3.842773
3.349609
2.792969
2.294922
1.728516
1.230469
0.776367
0.356445
0.043945
-0.170898
-0.249023
-0.268555
-0.126953
0.083008
0.405273
0.781250
1.245117
1.728516
2.226562
2.744141
3.330078
3.828125
4.243164
4.604492
4.892578
5.034180
5.117188
5.034180
4.902344
4.667969
4.316406
3.930664
3.417969
2.929688
2.382812
1.870117
1.333008
0.844727
0.449219
0.146484
-0.107422
-0.268555
-0.322266
-0.161133
0.004883
0.244141
0.625000
1.054688
1.557617
2.089844
2.631836
3.139648
3.623047
4.116211
4.487305
4.765625
4.970703
5.063477
5.029297
4.956055
4.741211
4.418945
4.023438
3.540039
3.027344
2.529297
1.982422
1.425781
0.971680
0.571289
0.195312
-0.029297
-0.244141
-0.302734
-0.214844
-0.039062
0.166016
0.522461
0.957031
1.445312
1.958008
2.524414
3.056641
3.554688
4.003906
4.404297
4.731445
4.921875
5.058594
5.058594
4.985352
4.794922
4.511719
4.145508
3.652344
3.164062
2.685547
2.138672
1.572266
1.079102
0.664062
0.278320
0.000000
-0.195312
-0.273438
-0.263672
-0.068359
0.161133
0.429688
0.878906
1.333008
1.865234
2.397461
2.919922
3.461914
3.906250
4.350586
4.663086
4.887695
5.078125
5.107422
5.029297
4.853516
4.570312
4.243164
3.789062
3.349609
2.788086
2.231445
1.733398
1.201172
0.747070
0.336914
0.058594
-0.151367
-0.263672
-0.263672
-0.161133
0.068359
0.351562
0.771484
1.210938
1.699219
2.246094
2.802734
3.320312
3.789062
4.213867
4.594727
4.868164
5.039062
5.126953
5.073242
4.916992
4.658203
4.355469
3.959961
3.486328
2.983398
2.436523
1.855469
1.337891
0.844727
0.449219
0.102539
-0.083008
-0.244141
-0.312500
-0.234375
-0.048828
0.249023
0.625000
1.069336
1.538086
2.104492
2.656250
3.173828
3.632812
4.121094
4.448242
4.794922
4.985352
5.063477
5.058594
4.946289
4.731445
4.418945
4.018555
3.554688
3.066406
2.539062
1.943359
1.450195
0.957031
0.551758
0.219727
-0.048828
-0.219727
-0.258789
-0.224609
-0.043945
0.205078
0.522461
0.976562
1.430664
1.958008
2.514648
3.032227
3.569336
4.023438
4.409180
4.731445
4.946289
5.083008
5.112305
4.995117
4.794922
4.501953
4.121094
3.691406
3.237305
2.675781
2.094727
1.601562
1.108398
0.644531
0.288086
0.039062
-0.170898
-0.249023
-0.224609
-0.107422
0.087891
0.429688
0.839844
1.381836
1.899414
2.402344
2.919922
3.481445
3.940430
4.384766
4.677734
4.931641
5.083008
5.131836
5.019531
4.892578
4.599609
4.282227
3.833008
3.354492
2.807617
2.260742
1.699219
1.230469
0.771484
0.400391
0.068359
-0.156250
-0.239258
-0.263672
-0.156250
0.063477
0.390625
0.742188
1.210938
1.708984
2.250977
2.783203
