2.202148
1.669922
1.137695
0.737305
0.327148
0.058594
-0.166016
-0.224609
-0.253906
-0.122070
0.112305
0.375977
0.795898
1.284180
1.796875
2.285156
2.812500
3.330078
3.872070
4.267578
4.633789
4.892578
5.078125
5.112305
5.019531
4.892578
4.648438
4.287109
3.857422
3.388672
2.861328
2.333984
1.772461
1.269531
0.820312
0.380859
0.126953
-0.131836
-0.249023
-0.234375
-0.131836
0.097656
0.312500
0.708008
1.162109
1.660156
2.187500
2.734375
3.256836
3.750000
4.169922
4.536133
4.824219
5.029297
5.107422
5.068359
4.946289
4.711914
4.418945
4.013672
3.500977
3.002930
2.456055
1.933594
1.396484
0.947266
0.507812
0.166016
-0.092773
-0.209961
-0.268555
-0.180664
-0.048828
0.263672
0.605469
1.064453
1.557617
2.045898
2.602539
3.134766
3.608398
4.106445
4.438477
4.731445
5.014648
5.107422
5.126953
5.004883
4.799805
4.487305
4.130859
3.632812
3.115234
2.573242
2.045898
1.528320
1.015625
0.576172
0.214844
-0.048828
-0.249023
-0.273438
-0.283203
-0.097656
0.131836
0.478516
0.898438
1.347656
1.875000
2.441406
2.968750
3.496094
3.940430
4.355469
4.682617
4.912109
5.068359
5.083008
5.019531
4.838867
4.570312
4.174805
3.754883
3.261719
2.729492
2.221680
1.713867
1.171875
0.737305
0.322266
0.053711
-0.161133
-0.239258
-0.263672
-0.117188
0.097656
0.424805
0.820312
1.254883
1.767578
2.329102
2.846680
3.305664
3.852539
4.282227
4.663086
4.868164
5.058594
5.117188
5.058594
4.946289
4.677734
4.301758
3.916016
3.422852
2.939453
2.387695
1.811523
1.313477
0.830078
0.483398
0.117188
-0.092773
-0.195312
-0.229492
-0.097656
0.078125
0.332031
0.708008
1.176758
1.713867
2.260742
2.778320
3.305664
3.779297
4.213867
4.565430
4.873047
5.063477
5.122070
5.122070
5.000000
4.726562
4.389648
3.999023
3.525391
3.051758
2.460938
1.928711
1.372070
0.966797
0.527344
0.146484
-0.039062
-0.185547
-0.263672
-0.185547
0.034180
0.268555
0.576172
1.049805
1.538086
2.084961
2.597656
3.120117
3.623047
4.077148
4.511719
4.750977
4.960938
5.083008
5.112305
4.956055
4.809570
4.467773
4.072266
3.642578
3.149414
2.583008
2.089844
1.503906
1.049805
0.620117
0.249023
-0.024414
-0.185547
-0.268555
-0.244141
-0.048828
0.175781
0.498047
0.917969
1.406250
1.914062
2.421875
2.963867
3.457031
3.935547
4.365234
4.677734
4.936523
5.087891
5.097656
5.063477
4.843750
4.584961
4.213867
3.754883
3.251953
2.739258
2.197266
1.660156
1.152344
0.742188
0.327148
0.043945
-0.175781
-0.239258
-0.249023
-0.146484
0.083008
0.395508
0.795898
1.284180
1.777344
2.314453
2.851562
3.359375
3.857422
4.248047
4.633789
4.912109
5.073242
5.073242
5.029297
4.926758
4.643555
4.301758
3.886719
3.369141
2.866211
2.314453
1.806641
1.264648
0.810547
0.419922
0.107422
-0.112305
-0.253906
-0.253906
-0.131836
0.019531
0.351562
0.737305
1.181641
1.655273
2.148438
2.719727
3.242188
3.715820
4.184570
4.565430
4.799805
5.024414
5.131836
5.097656
4.912109
4.711914
4.384766
4.003906
3.520508
3.022461
2.441406
1.923828
1.416016
0.937500
0.537109
0.170898
-0.053711
-0.224609
-0.234375
-0.195312
-0.019531
0.249023
0.566406
1.064453
1.528320
2.031250
2.568359
3.110352
3.632812
4.106445
4.482422
4.760742
5.014648
5.117188
5.126953
5.029297
4.760742
4.497070
4.082031
3.627930
3.100586
2.548828
2.001953
1.508789
1.020508
0.576172
0.249023
-0.078125
-0.190430
-0.278320
-0.214844
-0.068359
0.117188
0.488281
0.883789
1.381836
1.899414
2.441406
3.002930
3.461914
3.955078
4.365234
4.687500
4.951172
5.097656
5.092773
5.043945
4.853516
4.560547
4.228516
3.769531
3.276367
2.768555
2.207031
1.684570
1.191406
0.737305
0.351562
0.029297
-0.141602
-0.234375
-0.224609
-0.126953
0.097656
0.415039
0.805664
1.254883
1.796875
2.304688
2.875977
3.354492
3.857422
4.257812
4.672852
4.907227
5.043945
5.102539
5.073242
4.946289
4.707031
4.360352
3.935547
3.427734
2.910156
2.373047
1.835938
1.337891
0.820312
0.434570
0.112305
-0.092773
-0.180664
-0.205078
-0.136719
0.058594
0.346680
0.751953
1.225586
1.699219
2.216797
2.773438
3.286133
3.803711
4.228516
4.599609
4.877930
5.034180
5.117188
5.112305
4.975586
4.726562
4.414062
3.994141
3.520508
2.998047
2.421875
1.953125
1.386719
0.927734
0.561523
0.195312
-0.068359
-0.234375
-0.214844
-0.205078
0.004883
0.249023
0.590820
1.069336
1.562500
2.011719
2.553711
3.168945
3.642578
4.067383
4.453125
4.785156
5.004883
5.092773
5.126953
5.009766
4.741211
4.501953
4.086914
3.691406
3.125000
2.578125
2.050781
1.547852
1.064453
0.605469
0.249023
-0.058594
-0.180664
-0.268555
-0.244141
-0.102539
0.161133
0.488281
0.922852
1.396484
1.889648
2.387695
2.949219
3.457031
3.940430
4.331055
4.658203
4.931641
5.078125
5.102539
5.043945
4.838867
4.550781
4.228516
3.784180
3.256836
2.734375
2.221680
1.704102
1.166992
0.712891
0.336914
0.029297
-0.161133
-0.263672
-0.273438
-0.156250
0.102539
0.449219
0.815430
1.274414
1.728516
2.309570
2.851562
3.383789
3.842773
4.272461
4.599609
4.892578
5.083008
5.170898
5.078125
4.877930
4.648438
4.311523
3.906250
3.393555
2.851562
2.290039
1.787109
1.279297
0.825195
0.449219
0.087891
-0.092773
-0.234375
-0.253906
-0.161133
0.068359
0.332031
0.732422
1.166992
1.655273
2.192383
2.734375
3.271484
3.701172
4.194336
4.560547
4.848633
5.014648
5.087891
5.092773
4.941406
4.726562
4.394531
3.979492
3.535156
3.012695
2.451172
1.904297
1.406250
0.942383
0.537109
0.166016
-0.078125
-0.244141
-0.258789
-0.185547
0.000000
0.234375
0.585938
1.020508
1.552734
2.026367
2.592773
3.115234
3.623047
4.101562
4.497070
4.760742
4.975586
5.097656
5.146484
5.019531
4.790039
4.438477
4.091797
3.652344
3.110352
2.622070
2.041016
1.538086
1.020508
0.561523
0.180664
-0.078125
-0.224609
-0.292969
-0.249023
-0.097656
0.166016
0.502930
0.898438
1.347656
1.879883
2.451172
2.988281
3.491211
3.940430
4.340820
4.697266
4.946289
5.112305
5.107422
5.029297
4.848633
4.594727
4.204102
3.754883
3.281250
2.744141
2.226562
1.650391
1.147461
0.732422
0.351562
0.024414
-0.156250
-0.258789
-0.263672
-0.122070
0.092773
0.429688
0.800781
1.269531
1.801758
2.304688
2.822266
3.359375
3.862305
4.262695
4.609375
4.912109
5.063477
5.102539
5.078125
4.912109
4.697266
4.326172
3.876953
3.413086
2.905273
2.373047
1.835938
1.347656
0.888672
0.458984
0.151367
-0.117188
-0.234375
-0.249023
-0.122070
0.068359
0.346680
0.722656
1.215820
1.669922
2.192383
2.758789
3.291016
3.774414
4.233398
4.604492
4.833984
5.034180
5.156250
5.117188
4.985352
4.721680
4.414062
4.003906
3.535156
3.017578
2.470703
1.914062
1.406250
0.937500
0.502930
0.175781
-0.058594
-0.195312
-0.234375
-0.175781
-0.029297
0.263672
0.644531
1.020508
1.533203
2.041016
2.597656
3.110352
3.666992
4.072266
4.497070
4.804688
4.956055
5.112305
5.097656
4.960938
4.799805
4.462891
4.096680
3.603516
3.115234
2.607422
2.065430
1.567383
1.079102
0.595703
0.253906
-0.039062
-0.229492
-0.283203
-0.253906
-0.092773
0.122070
0.483398
0.883789
1.381836
1.914062
2.416992
2.958984
3.505859
3.925781
4.345703
4.667969
4.921875
5.043945
5.107422
5.004883
4.824219
4.604492
4.160156
3.754883
3.281250
2.744141
2.167969
1.640625
1.186523
0.722656
0.322266
0.043945
-0.136719
-0.258789
-0.258789
-0.175781
0.092773
0.419922
0.810547
1.298828
1.777344
2.275391
2.875977
3.359375
3.862305
4.291992
4.648438
4.873047
5.029297
5.112305
5.019531
4.897461
4.658203
4.331055
3.876953
3.359375
2.866211
2.348633
1.787109
1.264648
0.795898
0.410156
0.112305
-0.092773
-0.229492
-0.234375
-0.156250
0.083008
0.327148
0.742188
1.157227
1.655273
2.197266
2.705078
3.242188
3.754883
4.155273
4.550781
4.838867
5.009766
5.131836
5.058594
4.926758
4.726562
4.370117
3.950195
3.510742
3.051758
2.465820
1.928711
1.401367
0.971680
0.551758
0.190430
-0.073242
-0.219727
-0.244141
-0.229492
-0.024414
0.258789
0.639648
1.040039
1.518555
2.070312
2.612305
3.159180
3.652344
4.091797
4.492188
4.790039
4.990234
5.122070
5.175781
5.004883
4.750977
4.501953
4.086914
3.613281
3.110352
2.563477
2.065430
1.552734
0.991211
0.595703
0.229492
-0.039062
-0.229492
-0.288086
-0.249023
-0.117188
0.151367
0.512695
0.869141
1.386719
1.889648
2.402344
2.973633
3.476562
3.979492
4.350586
4.687500
4.951172
5.097656
5.107422
5.048828
4.829102
4.550781
4.194336
3.774414
3.286133
2.758789
2.192383
1.650391
1.157227
0.688477
0.346680
0.024414
-0.122070
-0.283203
-0.249023
-0.136719
0.083008
0.429688
0.820312
1.220703
1.748047
2.314453
2.841797
3.393555
3.852539
4.238281
4.648438
4.941406
5.039062
5.117188
5.078125
4.897461
4.658203
4.301758
3.911133
3.432617
2.934570
2.338867
1.835938
1.357422
0.874023
0.498047
0.146484
-0.087891
-0.195312
-0.253906
-0.156250
0.034180
0.341797
0.742188
1.196289
1.699219
2.236328
2.739258
3.291016
3.774414
4.184570
4.599609
4.877930
5.068359
5.131836
5.097656
4.995117
4.716797
4.433594
4.028320
3.540039
3.032227
2.465820
1.918945
1.420898
0.957031
0.561523
0.166016
-0.078125
-0.214844
-0.244141
-0.219727
-0.004883
0.249023
0.668945
1.035156
1.499023
2.011719
2.587891
3.149414
3.618164
4.082031
4.492188
4.785156
5.000000
5.107422
5.092773
5.004883
4.750977
4.492188
4.062500
3.623047
3.125000
2.622070
2.094727
1.542969
1.030273
0.590820
0.234375
-0.043945
-0.185547
-0.258789
-0.263672
-0.112305
0.175781
0.517578
0.922852
1.386719
1.879883
2.402344
2.963867
3.461914
3.950195
4.340820
4.687500
4.951172
5.083008
5.112305
5.004883
4.858398
4.555664
4.184570
3.759766
3.251953
2.753906
2.187500
1.679688
1.152344
0.737305
0.366211
0.029297
-0.161133
-0.239258
-0.297852
-0.112305
0.112305
0.385742
0.771484
1.279297
1.791992
2.314453
2.851562
3.344727
3.833008
4.252930
4.653320
4.902344
5.029297
5.073242
5.019531
4.916992
4.648438
4.326172
3.886719
3.354492
2.890625
2.343750
1.845703
1.293945
0.751953
0.400391
0.166016
-0.102539
-0.200195
-0.214844
-0.141602
0.053711
0.336914
0.727539
1.186523
1.669922
2.182617
2.729492
3.251953
3.750000
4.194336
4.575195
4.829102
5.014648
5.107422
5.097656
4.956055
4.707031
4.384766
4.003906
3.540039
2.993164
2.470703
1.904297
1.435547
0.937500
0.488281
0.185547
-0.063477
-0.239258
-0.253906
-0.175781
-0.029297
0.268555
0.639648
1.054688
1.538086
2.021484
2.597656
3.159180
3.637695
4.091797
4.467773
4.790039
4.995117
5.078125
5.126953
5.004883
4.755859
4.477539
4.101562
3.637695
3.095703
2.573242
2.041016
1.523438
1.035156
0.581055
0.239258
-0.048828
-0.214844
-0.312500
-0.283203
-0.107422
0.161133
0.517578
0.947266
1.416016
1.889648
2.436523
2.949219
3.496094
3.916016
4.389648
4.687500
4.936523
5.068359
5.097656
5.009766
4.838867
4.575195
4.218750
3.745117
3.237305
2.739258
2.207031
1.669922
1.176758
0.693359
0.307617
0.034180
-0.156250
-0.249023
-0.263672
-0.146484
0.107422
0.419922
0.800781
1.259766
1.733398
2.333984
2.861328
3.354492
3.886719
4.233398
4.638672
4.907227
5.068359
5.136719
5.058594
4.921875
4.643555
4.360352
3.920898
3.432617
2.905273
2.353516
1.816406
1.303711
0.830078
0.458984
0.146484
-0.083008
-0.239258
-0.263672
-0.185547
0.063477
0.361328
0.771484
1.215820
1.674805
2.211914
2.714844
3.271484
3.784180
4.208984
4.589844
4.863281
5.039062
5.126953
5.092773
4.960938
4.711914
4.375000
3.994141
3.583984
3.017578
2.490234
1.923828
1.401367
0.947266
0.532227
0.185547
-0.092773
-0.229492
-0.229492
-0.190430
-0.019531
0.253906
0.629883
1.079102
1.552734
2.045898
2.578125
3.154297
3.681641
4.047852
4.433594
4.746094
5.019531
5.126953
5.126953
4.985352
4.785156
4.511719
4.111328
3.637695
3.105469
2.597656
2.089844
1.577148
1.074219
0.605469
0.229492
-0.034180
-0.219727
-0.234375
-0.234375
-0.083008
0.156250
0.473633
0.898438
1.381836
1.918945
2.412109
2.993164
3.510742
3.969727
4.370117
4.667969
4.931641
5.058594
5.136719
5.043945
4.853516
4.589844
4.184570
3.769531
3.291016
2.734375
2.236328
1.669922
1.210938
0.708008
0.327148
0.058594
-0.151367
-0.253906
-0.253906
-0.131836
0.068359
0.434570
0.830078
1.269531
1.752930
2.299805
2.905273
3.374023
3.842773
4.252930
4.628906
4.902344
5.078125
5.083008
5.053711
4.921875
4.658203
4.326172
3.857422
3.383789
2.905273
2.353516
1.831055
1.298828
0.810547
0.415039
0.102539
-0.107422
-0.209961
-0.205078
-0.112305
0.063477
0.332031
0.737305
1.142578
1.660156
2.187500
2.729492
3.242188
3.745117
4.160156
4.555664
4.838867
5.000000
5.092773
5.092773
4.965820
4.692383
4.404297
3.979492
3.549805
2.973633
2.431641
1.923828
1.386719
0.942383
0.561523
0.175781
-0.063477
-0.239258
-0.253906
-0.161133
-0.004883
0.224609
0.576172
1.025391
1.528320
2.045898
2.578125
3.120117
3.637695
4.101562
4.482422
4.785156
5.000000
5.117188
5.087891
5.009766
4.765625
4.492188
4.082031
3.593750
3.085938
2.587891
2.075195
1.538086
1.054688
0.610352
0.244141
-0.073242
-0.234375
-0.283203
-0.249023
-0.083008
0.136719
0.493164
0.903320
1.357422
1.914062
2.446289
3.007812
3.510742
3.969727
4.355469
4.687500
4.956055
5.078125
5.136719
5.009766
4.824219
4.570312
4.213867
3.745117
3.271484
2.714844
2.211914
1.684570
1.147461
0.708008
0.346680
0.053711
-0.185547
-0.234375
-0.249023
-0.131836
0.097656
0.429688
0.795898
1.245117
1.767578
2.309570
2.856445
3.369141
3.896484
4.267578
4.658203
4.887695
5.053711
5.117188
5.078125
4.941406
4.663086
4.316406
3.857422
3.403320
2.900391
2.377930
1.806641
1.318359
0.815430
0.468750
0.107422
-0.097656
-0.209961
-0.205078
-0.117188
0.029297
0.307617
0.683594
1.127930
1.679688
2.241211
2.792969
3.261719
3.764648
4.160156
4.565430
4.902344
5.048828
5.146484
5.126953
4.990234
4.741211
4.433594
3.984375
3.525391
3.017578
2.470703
1.909180
1.406250
0.942383
0.527344
0.151367
-0.073242
-0.205078
-0.244141
-0.180664
-0.014648
0.249023
0.659180
1.030273
1.484375
2.084961
2.617188
3.120117
3.627930
4.082031
4.531250
4.770508
4.980469
5.141602
5.073242
5.009766
4.760742
4.462891
4.101562
3.613281
3.120117
2.583008
2.060547
1.508789
1.020508
0.581055
0.268555
-0.034180
-0.175781
-0.283203
-0.234375
-0.107422
0.170898
0.498047
0.913086
1.386719
1.904297
2.431641
2.973633
3.461914
3.920898
4.360352
4.707031
4.941406
5.131836
5.102539
5.029297
4.873047
4.570312
4.189453
3.764648
3.286133
2.729492
2.202148
1.640625
1.166992
0.712891
0.346680
0.029297
-0.175781
-0.258789
-0.239258
-0.122070
0.107422
0.410156
0.786133
1.269531
1.748047
2.353516
2.885742
3.369141
3.833008
4.277344
4.599609
4.843750
5.087891
5.097656
5.058594
4.926758
4.663086
4.272461
3.867188
3.393555
2.851562
2.363281
1.782227
1.284180
0.786133
0.454102
0.107422
-0.102539
-0.258789
-0.224609
-0.136719
0.097656
0.361328
0.756836
1.152344
1.655273
2.197266
2.700195
3.247070
3.750000
4.169922
4.560547
4.833984
4.990234
5.107422
5.112305
4.951172
4.687500
4.389648
3.974609
3.520508
3.012695
2.436523
1.933594
1.425781
0.927734
0.507812
0.175781
-0.068359
-0.229492
-0.268555
-0.200195
-0.039062
0.273438
0.605469
1.040039
1.533203
2.060547
2.592773
3.095703
3.623047
4.091797
4.467773
4.741211
4.990234
5.131836
5.126953
4.995117
4.765625
4.472656
4.047852
3.613281
3.076172
2.583008
2.016602
1.508789
0.996094
0.576172
0.209961
-0.039062
-0.209961
-0.249023
-0.263672
-0.107422
0.117188
0.473633
0.922852
1.376953
1.923828
2.377930
2.978516
3.500977
3.984375
4.355469
4.682617
4.897461
5.063477
5.073242
5.004883
4.838867
4.545898
4.169922
3.750000
3.261719
2.729492
2.187500
1.645508
1.176758
0.712891
0.307617
0.039062
-0.161133
-0.249023
-0.229492
-0.122070
0.092773
0.429688
0.781250
1.284180
1.748047
2.299805
2.841797
3.349609
3.828125
4.267578
4.633789
4.892578
5.063477
5.102539
5.102539
4.902344
4.677734
4.331055
3.911133
3.408203
2.919922
2.368164
1.831055
1.318359
0.834961
0.463867
0.136719
-0.092773
-0.214844
-0.258789
-0.126953
0.092773
0.346680
0.727539
1.196289
1.645508
2.236328
2.768555
3.300781
3.754883
4.184570
4.584961
4.873047
5.063477
5.126953
5.122070
4.960938
4.746094
4.423828
4.018555
3.549805
3.007812
2.480469
1.938477
1.416016
0.917969
0.517578
0.185547
-0.053711
-0.175781
-0.214844
-0.185547
-0.019531
0.258789
0.595703
1.054688
1.542969
2.094727
2.583008
3.105469
3.637695
4.072266
4.482422
4.809570
4.956055
5.097656
5.087891
5.014648
4.780273
4.487305
4.111328
3.637695
3.110352
2.602539
2.055664
1.542969
1.040039
0.595703
0.239258
-0.039062
-0.185547
-0.244141
-0.249023
-0.102539
0.136719
0.512695
0.922852
1.367188
1.894531
2.397461
2.963867
3.476562
3.935547
4.345703
4.687500
4.956055
5.097656
5.097656
5.039062
4.833984
4.545898
4.208984
3.774414
3.251953
2.714844
2.207031
1.679688
1.186523
0.659180
0.322266
0.014648
-0.180664
-0.244141
-0.234375
-0.146484
0.112305
0.400391
0.810547
1.245117
1.757812
2.304688
2.861328
3.359375
3.823242
4.262695
4.624023
4.887695
5.058594
5.112305
5.058594
4.931641
4.648438
4.257812
3.862305
3.364258
2.856445
2.333984
1.762695
1.298828
0.815430
0.400391
0.126953
-0.122070
-0.229492
-0.219727
-0.146484
0.058594
0.351562
0.712891
1.166992
1.679688
2.182617
2.773438
3.247070
3.754883
4.189453
4.550781
4.863281
5.029297
5.112305
5.078125
4.960938
4.711914
4.399414
3.979492
3.530273
3.032227
2.456055
1.933594
1.425781
0.922852
0.522461
0.175781
-0.058594
-0.214844
-0.258789
-0.205078
-0.024414
0.253906
0.590820
1.035156
1.523438
2.031250
2.602539
3.115234
3.637695
4.072266
4.501953
4.819336
5.029297
5.092773
5.122070
5.000000
4.804688
4.492188
4.077148
3.623047
3.139648
2.592773
2.026367
1.484375
1.040039
0.605469
0.239258
-0.048828
-0.219727
-0.258789
-0.224609
-0.083008
0.156250
0.488281
0.908203
1.372070
1.875000
2.431641
2.993164
3.500977
3.930664
4.360352
4.677734
4.946289
5.083008
5.112305
5.048828
4.829102
4.560547
4.174805
3.750000
3.251953
2.719727
2.167969
1.689453
1.166992
0.727539
0.322266
0.058594
-0.161133
-0.273438
-0.239258
-0.097656
0.112305
0.419922
0.815430
1.298828
1.752930
2.299805
2.875977
3.383789
3.876953
4.291992
4.609375
4.892578
5.014648
5.112305
5.083008
4.887695
4.682617
4.267578
3.886719
3.422852
2.871094
2.338867
1.811523
1.303711
0.830078
0.429688
0.131836
-0.083008
-0.214844
-0.200195
-0.102539
0.063477
0.327148
0.737305
1.142578
1.699219
2.236328
2.768555
3.305664
3.764648
4.238281
4.589844
4.877930
5.014648
5.087891
5.087891
4.995117
4.702148
4.418945
3.994141
3.540039
3.007812
2.451172
1.923828
1.425781
0.908203
0.551758
0.180664
-0.063477
-0.219727
-0.244141
-0.195312
-0.034180
0.263672
0.615234
1.054688
1.499023
2.045898
2.607422
3.110352
3.623047
4.116211
4.511719
4.780273
4.985352
5.087891
5.097656
5.014648
4.755859
4.467773
4.130859
3.637695
3.100586
2.558594
2.065430
1.523438
1.079102
0.581055
0.224609
0.000000
-0.200195
-0.278320
-0.253906
-0.083008
0.180664
0.517578
0.893555
1.391602
1.894531
2.456055
2.963867
3.486328
3.955078
4.345703
4.721680
4.946289
5.087891
5.117188
5.058594
4.824219
4.560547
4.194336
3.784180
3.266602
2.729492
2.187500
1.669922
1.176758
0.708008
0.327148
0.029297
-0.161133
-0.249023
-0.253906
-0.151367
0.073242
0.395508
0.810547
1.289062
1.782227
2.314453
2.851562
3.359375
3.862305
4.267578
4.614258
4.941406
5.048828
5.073242
5.029297
4.882812
4.663086
4.291992
3.867188
3.398438
2.895508
2.382812
1.791992
1.264648
0.800781
0.419922
0.126953
-0.141602
-0.234375
-0.190430
-0.156250
0.073242
0.336914
0.722656
1.147461
1.679688
2.177734
2.724609
