2.075195
1.508789
1.040039
0.581055
0.224609
-0.009766
-0.205078
-0.307617
-0.283203
-0.126953
0.136719
0.454102
0.874023
1.342773
1.865234
2.377930
2.929688
3.442383
3.920898
4.316406
4.658203
4.892578
5.009766
5.068359
5.004883
4.843750
4.584961
4.184570
3.769531
3.286133
2.768555
2.177734
1.679688
1.152344
0.722656
0.346680
0.058594
-0.146484
-0.249023
-0.268555
-0.136719
0.083008
0.385742
0.776367
1.201172
1.738281
2.290039
2.817383
3.354492
3.842773
4.218750
4.580078
4.863281
5.053711
5.131836
5.029297
4.882812
4.653320
4.306641
3.916016
3.403320
2.866211
2.397461
1.796875
1.284180
0.883789
0.439453
0.112305
-0.092773
-0.268555
-0.234375
-0.131836
0.034180
0.341797
0.761719
1.196289
1.679688
2.177734
2.724609
3.227539
3.754883
4.169922
4.560547
4.868164
5.043945
5.136719
5.141602
4.995117
4.741211
4.423828
4.023438
3.608398
3.071289
2.485352
1.967773
1.464844
1.000977
0.546875
0.195312
-0.053711
-0.185547
-0.229492
-0.205078
0.019531
0.292969
0.595703
1.059570
1.538086
2.055664
2.597656
3.134766
3.623047
4.106445
4.467773
4.804688
5.034180
5.141602
5.136719
5.058594
4.809570
4.560547
4.165039
3.730469
3.193359
2.661133
2.128906
1.601562
1.079102
0.664062
0.302734
0.053711
-0.097656
-0.239258
-0.239258
-0.112305
0.131836
0.478516
0.917969
1.367188
1.899414
2.436523
3.002930
3.491211
3.959961
4.370117
4.707031
4.956055
5.126953
5.131836
5.063477
4.858398
4.609375
4.252930
3.808594
3.300781
2.778320
2.250977
1.684570
1.176758
0.766602
0.405273
0.073242
-0.146484
-0.234375
-0.268555
-0.136719
0.068359
0.439453
0.776367
1.279297
1.738281
2.290039
2.841797
3.330078
3.803711
4.267578
4.667969
4.873047
5.024414
5.136719
5.092773
4.916992
4.672852
4.335938
3.906250
3.452148
2.934570
2.407227
1.831055
1.328125
0.820312
0.444336
0.117188
-0.087891
-0.195312
-0.205078
-0.141602
0.034180
0.292969
0.673828
1.132812
1.621094
2.124023
2.670898
3.212891
3.754883
4.194336
4.584961
4.848633
5.019531
5.141602
5.097656
4.990234
4.736328
4.438477
4.003906
3.579102
3.012695
2.500000
1.943359
1.406250
0.947266
0.532227
0.185547
-0.058594
-0.263672
-0.253906
-0.190430
-0.014648
0.190430
0.610352
1.010742
1.474609
2.016602
2.519531
3.041992
3.632812
4.082031
4.423828
4.741211
4.946289
5.092773
5.063477
4.990234
4.794922
4.511719
4.106445
3.647461
3.110352
2.597656
2.089844
1.562500
1.044922
0.615234
0.288086
-0.043945
-0.239258
-0.263672
-0.258789
-0.097656
0.151367
0.454102
0.883789
1.337891
1.870117
2.382812
2.949219
3.466797
3.920898
4.316406
4.633789
4.882812
5.053711
5.078125
5.058594
4.809570
4.565430
4.184570
3.793945
3.291016
2.778320
2.246094
1.674805
1.186523
0.751953
0.366211
0.043945
-0.200195
-0.268555
-0.249023
-0.136719
0.058594
0.390625
0.766602
1.220703
1.772461
2.280273
2.797852
3.339844
3.823242
4.287109
4.643555
4.902344
5.039062
5.131836
5.039062
4.902344
4.619141
4.355469
3.920898
3.408203
2.871094
2.299805
1.826172
1.284180
0.830078
0.429688
0.122070
-0.087891
-0.229492
-0.253906
-0.146484
0.063477
0.371094
0.732422
1.152344
1.640625
2.167969
2.685547
3.222656
3.710938
4.160156
4.541016
4.829102
4.990234
5.122070
5.063477
4.941406
4.746094
4.399414
3.994141
3.559570
3.022461
2.500000
1.958008
1.455078
0.922852
0.488281
0.185547
-0.058594
-0.219727
-0.273438
-0.185547
-0.043945
0.258789
0.590820
0.996094
1.489258
2.011719
2.553711
3.085938
3.608398
4.052734
4.472656
4.755859
5.009766
5.107422
5.102539
5.029297
4.785156
4.516602
4.150391
3.671875
3.144531
2.607422
2.041016
1.533203
1.059570
0.649414
0.244141
-0.004883
-0.209961
-0.288086
-0.288086
-0.131836
0.122070
0.463867
0.908203
1.352539
1.855469
2.387695
2.939453
3.476562
3.930664
4.321289
4.658203
4.907227
5.068359
5.078125
5.039062
4.843750
4.565430
4.189453
3.779297
3.291016
2.749023
2.221680
1.694336
1.162109
0.761719
0.346680
0.048828
-0.156250
-0.297852
-0.244141
-0.136719
0.078125
0.385742
0.834961
1.235352
1.757812
2.280273
2.802734
3.320312
3.789062
4.248047
4.589844
4.892578
5.043945
5.058594
5.058594
4.936523
4.692383
4.335938
3.891602
3.417969
2.929688
2.363281
1.831055
1.303711
0.854492
0.478516
0.151367
-0.058594
-0.219727
-0.214844
-0.146484
0.083008
0.327148
0.693359
1.157227
1.635742
2.133789
2.719727
3.251953
3.750000
4.160156
4.570312
4.824219
5.063477
5.146484
5.131836
4.990234
4.765625
4.438477
4.008789
3.583984
3.051758
2.524414
1.982422
1.435547
0.971680
0.532227
0.205078
-0.092773
-0.200195
-0.253906
-0.214844
-0.019531
0.234375
0.585938
1.035156
1.523438
2.041016
2.583008
3.085938
3.583984
4.047852
4.433594
4.814453
4.985352
5.112305
5.058594
5.019531
4.775391
4.497070
4.135742
3.642578
3.178711
2.612305
2.080078
1.547852
1.093750
0.581055
0.258789
0.000000
-0.200195
-0.253906
-0.258789
-0.102539
0.151367
0.498047
0.874023
1.381836
1.840820
2.402344
2.949219
3.500977
3.940430
4.331055
4.682617
4.897461
5.034180
5.083008
5.029297
4.853516
4.628906
4.228516
3.789062
3.349609
2.758789
2.241211
1.684570
1.215820
0.737305
0.332031
0.039062
-0.136719
-0.239258
-0.249023
-0.141602
0.068359
0.385742
0.786133
1.235352
1.767578
2.304688
2.792969
3.320312
3.823242
4.252930
4.624023
4.897461
5.053711
5.117188
5.087891
4.892578
4.667969
4.365234
3.881836
3.413086
2.910156
2.382812
1.860352
1.308594
0.854492
0.434570
0.170898
-0.102539
-0.249023
-0.229492
-0.166016
0.048828
0.395508
0.756836
1.162109
1.655273
2.163086
2.724609
3.217773
3.710938
4.169922
4.521484
4.814453
5.004883
5.112305
5.102539
4.960938
4.760742
4.404297
4.008789
3.530273
3.041992
2.509766
1.962891
1.420898
0.971680
0.532227
0.195312
-0.034180
-0.219727
-0.253906
-0.219727
-0.043945
0.214844
0.595703
1.030273
1.499023
2.006836
2.529297
3.120117
3.618164
4.057617
4.438477
4.741211
4.965820
5.136719
5.112305
5.000000
4.785156
4.497070
4.140625
3.691406
3.144531
2.641602
2.050781
1.533203
1.035156
0.605469
0.249023
-0.043945
-0.200195
-0.327148
-0.302734
-0.141602
0.126953
0.444336
0.825195
1.303711
1.831055
2.373047
2.954102
3.452148
3.906250
4.370117
4.628906
4.946289
5.043945
5.112305
5.009766
4.833984
4.565430
4.204102
3.784180
3.271484
2.763672
2.197266
1.694336
1.176758
0.737305
0.346680
0.053711
-0.151367
-0.258789
-0.258789
-0.122070
0.097656
0.390625
0.781250
1.259766
1.777344
2.255859
2.832031
3.344727
3.789062
4.208984
4.609375
4.902344
5.053711
5.131836
5.053711
4.931641
4.658203
4.296875
3.886719
3.437500
2.954102
2.382812
1.831055
1.313477
0.854492
0.463867
0.170898
-0.083008
-0.224609
-0.239258
-0.122070
0.053711
0.366211
0.708008
1.157227
1.674805
2.226562
2.758789
3.232422
3.774414
4.184570
4.589844
4.858398
5.053711
5.131836
5.136719
5.019531
4.799805
4.458008
4.038086
3.588867
3.081055
2.534180
1.967773
1.459961
0.996094
0.532227
0.190430
-0.073242
-0.205078
-0.268555
-0.156250
0.000000
0.263672
0.615234
1.030273
1.528320
2.070312
2.583008
3.120117
3.623047
4.072266
4.472656
4.780273
5.000000
5.083008
5.083008
5.019531
4.819336
4.531250
4.121094
3.666992
3.164062
2.661133
2.104492
1.552734
1.049805
0.629883
0.263672
0.019531
-0.190430
-0.297852
-0.224609
-0.068359
0.156250
0.483398
0.883789
1.357422
1.884766
2.407227
2.963867
3.466797
3.955078
4.316406
4.667969
4.887695
5.053711
5.068359
5.043945
4.863281
4.604492
4.208984
3.808594
3.300781
2.763672
2.250977
1.684570
1.157227
0.737305
0.371094
0.058594
-0.170898
-0.263672
-0.239258
-0.146484
0.058594
0.424805
0.737305
1.225586
1.738281
2.304688
2.836914
3.325195
3.818359
4.267578
4.672852
4.882812
5.034180
5.097656
5.029297
4.951172
4.697266
4.345703
3.896484
3.408203
2.910156
2.377930
1.835938
1.284180
0.795898
0.444336
0.126953
-0.092773
-0.258789
-0.273438
-0.175781
0.029297
0.336914
0.698242
1.152344
1.645508
2.187500
2.705078
3.227539
3.745117
4.155273
4.521484
4.824219
5.004883
5.112305
5.068359
4.956055
4.711914
4.418945
3.989258
3.535156
3.056641
2.519531
1.953125
1.416016
0.981445
0.571289
0.156250
-0.073242
-0.249023
-0.244141
-0.200195
-0.024414
0.249023
0.620117
1.000977
1.523438
2.011719
2.534180
3.100586
3.637695
4.023438
4.433594
4.736328
4.970703
5.107422
5.122070
5.014648
4.770508
4.497070
4.116211
3.696289
3.149414
2.587891
2.060547
1.586914
1.035156
0.615234
0.253906
0.014648
-0.219727
-0.297852
-0.273438
-0.141602
0.112305
0.483398
0.878906
1.362305
1.860352
2.382812
2.963867
3.486328
3.940430
4.360352
4.667969
4.921875
5.058594
5.087891
5.014648
4.838867
4.589844
4.208984
3.779297
3.295898
2.724609
2.231445
1.694336
1.181641
0.727539
0.371094
0.087891
-0.166016
-0.239258
-0.258789
-0.092773
0.092773
0.390625
0.800781
1.235352
1.752930
2.280273
2.832031
3.349609
3.798828
4.238281
4.599609
4.863281
5.034180
5.068359
5.048828
4.907227
4.677734
4.316406
3.901367
3.413086
2.939453
2.392578
1.850586
1.337891
0.859375
0.458984
0.170898
-0.112305
-0.195312
-0.214844
-0.107422
0.063477
0.351562
0.732422
1.181641
1.674805
2.187500
2.744141
3.222656
3.754883
4.218750
4.545898
4.853516
4.980469
5.151367
5.136719
5.004883
4.750977
4.433594
4.008789
3.603516
3.046875
2.514648
1.933594
1.459961
0.937500
0.522461
0.185547
-0.073242
-0.229492
-0.268555
-0.200195
-0.043945
0.219727
0.585938
1.044922
1.542969
2.041016
2.563477
3.125000
3.593750
4.047852
4.462891
4.794922
4.990234
5.039062
5.073242
5.009766
4.824219
4.487305
4.116211
3.671875
3.139648
2.651367
2.065430
1.567383
1.079102
0.625000
0.268555
-0.009766
-0.195312
-0.268555
-0.234375
-0.083008
0.166016
0.468750
0.898438
1.352539
1.875000
2.407227
2.949219
3.461914
3.945312
4.350586
4.658203
4.887695
5.058594
5.097656
5.019531
4.838867
4.550781
4.218750
3.774414
3.295898
2.773438
2.221680
1.669922
1.191406
0.712891
0.351562
0.078125
-0.146484
-0.292969
-0.268555
-0.180664
0.087891
0.366211
0.766602
1.230469
1.743164
2.304688
2.812500
3.310547
3.818359
4.277344
4.614258
4.833984
5.009766
5.107422
5.097656
4.931641
4.643555
4.306641
3.862305
3.403320
2.861328
2.338867
1.821289
1.274414
0.815430
0.429688
0.107422
-0.151367
-0.253906
-0.253906
-0.195312
0.029297
0.317383
0.678711
1.176758
1.640625
2.177734
2.700195
3.247070
3.740234
4.140625
4.531250
4.819336
5.039062
5.083008
5.087891
4.970703
4.707031
4.384766
4.038086
3.549805
3.022461
2.485352
1.958008
1.425781
0.942383
0.532227
0.170898
-0.068359
-0.200195
-0.263672
-0.205078
-0.058594
0.200195
0.576172
1.035156
1.489258
2.026367
2.563477
3.095703
3.608398
4.067383
4.472656
4.775391
4.975586
5.092773
5.107422
5.029297
4.799805
4.541016
4.160156
3.696289
3.149414
2.612305
2.094727
1.533203
1.064453
0.634766
0.244141
0.000000
-0.185547
-0.302734
-0.253906
-0.097656
0.126953
0.458984
0.859375
1.347656
1.840820
2.402344
2.939453
3.466797
3.964844
4.360352
4.687500
4.916992
5.063477
5.092773
5.058594
4.833984
4.575195
4.194336
3.754883
3.266602
2.812500
2.255859
1.704102
1.176758
0.698242
0.351562
0.068359
-0.146484
-0.214844
-0.278320
-0.146484
0.078125
0.405273
0.810547
1.254883
1.752930
2.285156
2.807617
3.339844
3.823242
4.252930
4.672852
4.887695
5.009766
5.078125
5.073242
4.956055
4.702148
4.296875
3.916016
3.432617
2.949219
2.368164
1.850586
1.333008
0.859375
0.517578
0.161133
-0.043945
-0.175781
-0.185547
-0.126953
0.019531
0.327148
0.688477
1.127930
1.679688
2.216797
2.719727
3.256836
3.735352
4.155273
4.545898
4.887695
5.043945
5.131836
5.097656
4.936523
4.726562
4.418945
4.077148
3.544922
3.032227
2.485352
1.899414
1.459961
0.966797
0.517578
0.219727
-0.073242
-0.219727
-0.239258
-0.219727
0.009766
0.253906
0.620117
1.054688
1.499023
1.997070
2.592773
3.129883
3.583984
3.994141
4.453125
4.794922
4.975586
5.131836
5.092773
5.014648
4.829102
4.492188
4.116211
3.623047
3.188477
2.583008
2.075195
1.577148
1.049805
0.615234
0.253906
-0.009766
-0.195312
-0.288086
-0.244141
-0.126953
0.141602
0.488281
0.888672
1.362305
1.850586
2.397461
2.958984
3.486328
3.969727
4.311523
4.682617
4.897461
5.039062
5.092773
5.009766
4.863281
4.570312
4.213867
3.808594
3.310547
2.719727
2.221680
1.694336
1.206055
0.717773
0.351562
0.058594
-0.151367
-0.239258
-0.234375
-0.087891
0.112305
0.380859
0.771484
1.206055
1.777344
2.285156
2.836914
3.374023
3.823242
4.262695
4.599609
4.897461
5.068359
5.053711
5.063477
4.916992
4.687500
4.296875
3.886719
3.383789
2.885742
2.373047
1.821289
1.303711
0.825195
0.439453
0.117188
-0.122070
-0.249023
-0.258789
-0.166016
0.039062
0.297852
0.732422
1.166992
1.645508
2.158203
2.714844
3.242188
3.750000
4.184570
4.560547
4.814453
5.019531
5.122070
5.068359
4.985352
4.750977
4.394531
3.999023
3.535156
3.041992
2.465820
1.938477
1.435547
0.961914
0.522461
0.175781
-0.083008
-0.185547
-0.268555
-0.209961
-0.029297
0.195312
0.600586
1.044922
1.518555
2.006836
2.553711
3.115234
3.618164
4.023438
4.438477
4.760742
5.024414
5.131836
5.126953
4.985352
4.809570
4.531250
4.140625
3.676758
3.168945
2.607422
2.070312
1.538086
1.030273
0.581055
0.229492
-0.048828
-0.205078
-0.249023
-0.209961
-0.107422
0.107422
0.468750
0.883789
1.347656
1.879883
2.382812
2.963867
3.427734
3.935547
4.316406
4.672852
4.931641
5.063477
5.112305
5.019531
4.868164
4.570312
4.228516
3.793945
3.300781
2.788086
2.250977
1.689453
1.186523
0.732422
0.317383
0.053711
-0.146484
-0.263672
-0.249023
-0.097656
0.083008
0.419922
0.776367
1.235352
1.733398
2.285156
2.812500
3.320312
3.813477
4.257812
4.594727
4.907227
5.009766
5.117188
5.043945
4.936523
4.697266
4.306641
3.881836
3.403320
2.944336
2.436523
1.845703
1.337891
0.830078
0.444336
0.141602
-0.053711
-0.161133
-0.239258
-0.122070
0.078125
0.307617
0.747070
1.166992
1.655273
2.167969
2.719727
3.271484
3.769531
4.213867
4.565430
4.858398
5.058594
5.117188
5.122070
5.000000
4.741211
4.462891
4.052734
3.598633
3.056641
2.548828
1.972656
1.469727
0.981445
0.556641
0.175781
-0.073242
-0.209961
-0.249023
-0.185547
-0.039062
0.229492
0.590820
1.000977
1.533203
2.016602
2.583008
3.110352
3.613281
4.072266
4.462891
4.760742
5.024414
5.107422
5.063477
4.970703
4.775391
4.550781
4.140625
3.681641
3.125000
2.597656
2.084961
1.572266
1.064453
0.625000
0.258789
-0.024414
-0.175781
-0.249023
-0.258789
-0.136719
0.131836
0.512695
0.913086
1.342773
1.870117
2.377930
2.939453
3.437500
3.925781
4.326172
4.677734
4.907227
5.068359
5.053711
5.024414
4.873047
4.604492
4.218750
3.798828
3.281250
2.749023
2.226562
1.704102
1.215820
0.742188
0.366211
0.024414
-0.175781
-0.268555
-0.253906
-0.136719
0.083008
0.424805
0.747070
1.220703
1.748047
2.294922
2.812500
3.374023
3.793945
4.243164
4.619141
4.907227
5.083008
5.102539
5.034180
4.897461
4.628906
4.331055
3.906250
3.413086
2.871094
2.333984
1.826172
1.323242
0.820312
0.439453
0.126953
-0.122070
-0.214844
-0.253906
-0.200195
0.053711
0.351562
0.664062
1.176758
1.611328
2.202148
2.714844
3.256836
3.764648
4.184570
4.560547
4.833984
5.034180
5.053711
5.073242
4.960938
4.746094
4.384766
4.003906
3.579102
3.037109
2.504883
1.962891
1.445312
0.986328
0.517578
0.170898
-0.092773
-0.180664
-0.249023
-0.205078
-0.024414
0.195312
0.585938
1.035156
1.528320
2.041016
2.563477
3.066406
3.613281
4.086914
4.467773
4.750977
4.970703
5.126953
5.102539
5.039062
4.814453
4.487305
4.101562
3.691406
3.129883
2.631836
2.060547
1.523438
1.054688
0.605469
0.249023
-0.039062
-0.195312
-0.322266
-0.239258
-0.122070
0.151367
0.468750
0.898438
1.323242
1.850586
2.416992
2.939453
3.466797
3.925781
4.326172
4.682617
4.907227
5.039062
5.092773
5.014648
4.873047
4.565430
4.199219
3.745117
3.247070
2.749023
2.216797
1.699219
1.191406
0.703125
0.361328
0.048828
-0.161133
-0.263672
-0.278320
-0.146484
0.083008
0.351562
0.786133
1.240234
1.806641
2.280273
2.807617
3.369141
3.857422
4.204102
4.599609
4.868164
5.014648
5.117188
5.102539
4.921875
4.672852
4.326172
3.901367
3.452148
2.934570
2.392578
1.831055
1.342773
0.913086
0.473633
0.166016
-0.083008
-0.224609
-0.219727
-0.131836
0.048828
0.312500
0.688477
1.113281
1.650391
2.153320
2.753906
3.256836
3.774414
4.204102
4.541016
4.853516
5.043945
5.170898
5.146484
4.995117
4.755859
4.389648
4.033203
3.598633
3.066406
2.504883
2.006836
1.435547
0.961914
0.527344
0.229492
-0.068359
-0.200195
-0.239258
-0.175781
-0.029297
0.249023
0.590820
1.035156
1.508789
2.045898
2.524414
3.090820
3.588867
4.033203
4.482422
4.726562
4.956055
5.126953
5.087891
5.014648
4.770508
4.506836
4.067383
3.686523
3.149414
2.622070
2.089844
1.533203
1.069336
0.634766
0.283203
-0.004883
-0.239258
-0.297852
-0.263672
-0.092773
0.141602
0.458984
0.874023
1.333008
1.855469
2.377930
2.939453
3.447266
3.886719
4.306641
4.667969
4.912109
5.053711
5.092773
5.034180
4.829102
4.594727
4.228516
3.774414
3.281250
2.778320
2.241211
1.704102
1.201172
0.732422
0.351562
0.063477
-0.156250
-0.273438
-0.258789
-0.126953
0.083008
0.385742
0.771484
1.269531
1.718750
2.270508
2.812500
3.300781
3.784180
4.199219
4.628906
4.863281
5.009766
5.097656
5.058594
4.907227
4.589844
4.282227
3.891602
3.422852
2.919922
2.348633
1.835938
1.289062
0.810547
0.463867
0.151367
-0.131836
-0.253906
-0.263672
-0.195312
0.078125
0.356445
0.766602
1.147461
1.665039
2.197266
2.729492
3.237305
3.745117
4.174805
4.545898
4.833984
5.014648
5.097656
5.097656
4.931641
4.711914
4.404297
4.018555
3.549805
3.022461
2.500000
1.943359
1.445312
0.957031
0.498047
0.205078
-0.053711
-0.224609
-0.268555
-0.209961
-0.058594
0.200195
0.585938
1.010742
1.494141
2.011719
2.553711
3.110352
3.618164
4.042969
4.487305
4.770508
5.000000
5.097656
5.092773
5.019531
4.814453
4.521484
4.174805
3.671875
3.095703
2.597656
2.094727
1.567383
1.020508
0.600586
0.219727
-0.043945
-0.205078
-0.278320
-0.273438
-0.136719
0.122070
0.483398
0.878906
1.357422
1.870117
2.397461
2.934570
3.452148
3.940430
4.326172
4.677734
4.926758
5.043945
5.097656
5.039062
4.882812
4.555664
4.213867
3.774414
3.295898
2.773438
2.221680
1.665039
1.196289
0.742188
0.366211
0.048828
-0.156250
-0.253906
-0.249023
-0.131836
0.073242
0.405273
0.786133
1.259766
1.743164
2.265625
2.832031
3.359375
3.828125
4.252930
4.619141
4.916992
5.019531
5.097656
5.053711
4.912109
4.638672
4.340820
3.891602
3.393555
2.924805
2.392578
1.850586
1.342773
0.839844
0.449219
0.136719
-0.102539
-0.224609
-0.268555
-0.146484
0.039062
0.366211
0.712891
1.142578
1.689453
2.211914
2.709961
3.286133
3.774414
4.213867
4.594727
4.819336
5.068359
5.122070
5.170898
4.995117
4.780273
4.433594
4.077148
3.579102
3.076172
2.500000
1.967773
1.474609
0.932617
0.527344
0.190430
-0.078125
-0.205078
-0.239258
-0.195312
-0.048828
0.234375
0.644531
1.040039
1.474609
2.031250
2.578125
3.120117
3.608398
4.028320
4.453125
4.736328
5.004883
5.126953
5.043945
5.009766
4.775391
4.516602
4.106445
3.676758
3.120117
2.612305
2.099609
1.601562
1.064453
0.625000
0.224609
-0.004883
-0.185547
-0.273438
-0.258789
-0.102539
0.141602
0.488281
0.878906
1.342773
1.840820
2.426758
2.939453
3.461914
3.906250
4.345703
4.658203
4.873047
5.073242
5.087891
5.019531
4.863281
4.565430
4.243164
3.754883
3.330078
2.783203
2.231445
1.689453
1.186523
0.712891
0.366211
0.053711
-0.166016
-0.273438
-0.278320
-0.112305
0.073242
0.410156
0.776367
1.230469
1.743164
2.275391
2.827148
