2.080078
1.547852
1.083984
0.639648
0.253906
-0.043945
-0.209961
-0.253906
-0.229492
-0.097656
0.136719
0.463867
0.898438
1.372070
1.850586
2.368164
2.890625
3.471680
3.916016
4.355469
4.672852
4.931641
5.083008
5.126953
5.039062
4.838867
4.570312
4.223633
3.779297
3.310547
2.778320
2.202148
1.674805
1.206055
0.761719
0.375977
0.073242
-0.175781
-0.258789
-0.234375
-0.097656
0.078125
0.366211
0.751953
1.250000
1.743164
2.265625
2.802734
3.315430
3.789062
4.262695
4.609375
4.877930
5.014648
5.151367
5.097656
4.970703
4.741211
4.335938
3.920898
3.437500
2.905273
2.382812
1.821289
1.293945
0.869141
0.434570
0.122070
-0.107422
-0.219727
-0.292969
-0.156250
0.004883
0.312500
0.673828
1.103516
1.591797
2.172852
2.695312
3.198242
3.666992
4.169922
4.545898
4.853516
5.014648
5.141602
5.063477
4.975586
4.804688
4.438477
4.023438
3.535156
3.081055
2.534180
1.972656
1.479492
0.971680
0.576172
0.205078
-0.048828
-0.190430
-0.268555
-0.166016
-0.029297
0.253906
0.581055
1.005859
1.469727
2.031250
2.529297
3.066406
3.574219
4.013672
4.414062
4.731445
4.980469
5.058594
5.097656
5.014648
4.755859
4.472656
4.130859
3.666992
3.193359
2.641602
2.109375
1.562500
1.103516
0.654297
0.258789
-0.039062
-0.195312
-0.253906
-0.249023
-0.092773
0.141602
0.478516
0.874023
1.372070
1.870117
2.377930
2.934570
3.476562
3.920898
4.340820
4.682617
4.916992
5.083008
5.131836
5.034180
4.873047
4.594727
4.257812
3.793945
3.305664
2.788086
2.236328
1.708984
1.176758
0.742188
0.292969
0.053711
-0.180664
-0.253906
-0.258789
-0.156250
0.102539
0.415039
0.815430
1.240234
1.752930
2.294922
2.871094
3.393555
3.852539
4.277344
4.628906
4.912109
5.097656
5.175781
5.151367
4.980469
4.746094
4.355469
3.959961
3.447266
2.949219
2.431641
1.884766
1.391602
0.932617
0.478516
0.146484
-0.073242
-0.180664
-0.209961
-0.161133
0.048828
0.366211
0.703125
1.142578
1.621094
2.197266
2.705078
3.198242
3.730469
4.106445
4.526367
4.833984
5.014648
5.122070
5.097656
4.960938
4.775391
4.438477
4.042969
3.579102
3.071289
2.529297
2.016602
1.455078
0.996094
0.537109
0.185547
-0.024414
-0.195312
-0.249023
-0.239258
-0.053711
0.258789
0.629883
1.000977
1.503906
2.026367
2.519531
3.076172
3.583984
4.077148
4.448242
4.750977
4.941406
5.078125
5.117188
4.980469
4.785156
4.497070
4.116211
3.666992
3.149414
2.666016
2.124023
1.562500
1.088867
0.620117
0.278320
0.019531
-0.224609
-0.273438
-0.273438
-0.102539
0.185547
0.473633
0.869141
1.352539
1.875000
2.431641
2.958984
3.471680
3.925781
4.350586
4.667969
4.946289
5.087891
5.078125
5.014648
4.853516
4.594727
4.238281
3.813477
3.291016
2.753906
2.231445
1.723633
1.210938
0.727539
0.341797
0.063477
-0.131836
-0.273438
-0.239258
-0.156250
0.078125
0.405273
0.776367
1.235352
1.738281
2.241211
2.797852
3.320312
3.828125
4.228516
4.565430
4.912109
4.990234
5.097656
5.092773
4.960938
4.643555
4.350586
3.901367
3.452148
2.890625
2.382812
1.831055
1.333008
0.849609
0.458984
0.141602
-0.097656
-0.268555
-0.258789
-0.161133
0.029297
0.307617
0.654297
1.088867
1.625977
2.109375
2.685547
3.232422
3.686523
4.145508
4.526367
4.829102
5.024414
5.092773
5.083008
4.960938
4.760742
4.409180
3.984375
3.569336
3.081055
2.509766
1.972656
1.464844
0.986328
0.576172
0.229492
-0.053711
-0.214844
-0.268555
-0.200195
-0.014648
0.249023
0.566406
1.000977
1.503906
1.972656
2.514648
3.041992
3.569336
4.077148
4.414062
4.750977
4.921875
5.083008
5.083008
4.975586
4.794922
4.516602
4.082031
3.666992
3.159180
2.656250
2.065430
1.562500
1.074219
0.629883
0.263672
0.000000
-0.175781
-0.268555
-0.229492
-0.107422
0.136719
0.463867
0.908203
1.367188
1.870117
2.407227
2.939453
3.471680
3.925781
4.384766
4.702148
4.960938
5.083008
5.097656
5.063477
4.838867
4.594727
4.252930
3.803711
3.320312
2.773438
2.236328
1.694336
1.230469
0.727539
0.371094
0.058594
-0.131836
-0.288086
-0.239258
-0.112305
0.083008
0.458984
0.815430
1.220703
1.757812
2.275391
2.841797
3.364258
3.847656
4.287109
4.619141
4.951172
5.058594
5.136719
5.122070
4.965820
4.682617
4.350586
3.959961
3.496094
2.968750
2.446289
1.870117
1.323242
0.859375
0.468750
0.166016
-0.043945
-0.190430
-0.224609
-0.122070
0.024414
0.351562
0.712891
1.186523
1.640625
2.153320
2.685547
3.251953
3.706055
4.150391
4.560547
4.804688
5.034180
5.078125
5.156250
4.995117
4.760742
4.433594
4.023438
3.574219
3.066406
2.480469
2.001953
1.469727
0.966797
0.537109
0.205078
-0.048828
-0.205078
-0.209961
-0.234375
0.000000
0.229492
0.541992
1.020508
1.499023
2.006836
2.534180
3.037109
3.598633
4.047852
4.477539
4.794922
4.941406
5.097656
5.097656
5.034180
4.775391
4.526367
4.086914
3.662109
3.198242
2.675781
2.070312
1.572266
1.064453
0.620117
0.249023
-0.034180
-0.209961
-0.278320
-0.249023
-0.122070
0.136719
0.473633
0.908203
1.357422
1.875000
2.416992
2.924805
3.500977
3.940430
4.350586
4.711914
4.941406
5.068359
5.156250
5.039062
4.863281
4.594727
4.243164
3.793945
3.305664
2.788086
2.241211
1.733398
1.206055
0.717773
0.366211
0.058594
-0.141602
-0.234375
-0.234375
-0.107422
0.073242
0.380859
0.805664
1.254883
1.757812
2.260742
2.822266
3.344727
3.828125
4.223633
4.628906
4.887695
4.995117
5.126953
5.102539
4.951172
4.707031
4.340820
3.906250
3.432617
2.924805
2.382812
1.865234
1.347656
0.849609
0.429688
0.136719
-0.156250
-0.214844
-0.278320
-0.166016
0.004883
0.292969
0.683594
1.103516
1.601562
2.153320
2.685547
3.212891
3.725586
4.140625
4.550781
4.790039
5.048828
5.107422
5.102539
4.995117
4.736328
4.394531
4.047852
3.535156
3.081055
2.534180
2.001953
1.459961
0.957031
0.551758
0.190430
-0.034180
-0.209961
-0.258789
-0.175781
0.004883
0.258789
0.615234
1.015625
1.474609
1.992188
2.519531
3.056641
3.564453
4.033203
4.433594
4.746094
4.921875
5.058594
5.102539
4.970703
4.799805
4.472656
4.116211
3.662109
3.120117
2.612305
2.099609
1.542969
1.079102
0.615234
0.273438
-0.014648
-0.180664
-0.268555
-0.229492
-0.078125
0.156250
0.463867
0.878906
1.357422
1.889648
2.407227
2.963867
3.437500
3.930664
4.355469
4.697266
4.902344
5.087891
5.126953
5.034180
4.863281
4.609375
4.194336
3.798828
3.295898
2.783203
2.241211
1.708984
1.201172
0.712891
0.385742
0.058594
-0.151367
-0.273438
-0.214844
-0.141602
0.078125
0.405273
0.830078
1.308594
1.811523
2.290039
2.851562
3.354492
3.872070
4.331055
4.653320
4.902344
5.058594
5.141602
5.112305
4.941406
4.731445
4.379883
3.959961
3.471680
2.963867
2.402344
1.875000
1.352539
0.859375
0.488281
0.180664
-0.078125
-0.209961
-0.258789
-0.151367
0.034180
0.361328
0.717773
1.166992
1.645508
2.187500
2.700195
3.217773
3.725586
4.145508
4.550781
4.833984
5.043945
5.141602
5.146484
4.995117
4.765625
4.472656
4.023438
3.564453
3.041992
2.539062
1.977539
1.459961
0.991211
0.561523
0.190430
-0.083008
-0.219727
-0.263672
-0.200195
-0.029297
0.244141
0.546875
0.971680
1.499023
2.016602
2.543945
3.066406
3.544922
4.067383
4.448242
4.770508
4.956055
5.073242
5.078125
4.975586
4.755859
4.487305
4.135742
3.652344
3.193359
2.626953
2.119141
1.552734
1.064453
0.595703
0.244141
0.000000
-0.180664
-0.292969
-0.244141
-0.117188
0.141602
0.498047
0.878906
1.352539
1.899414
2.407227
2.958984
3.476562
3.964844
4.389648
4.677734
4.956055
5.078125
5.112305
5.068359
4.863281
4.580078
4.228516
3.823242
3.320312
2.812500
2.226562
1.694336
1.201172
0.751953
0.332031
0.053711
-0.166016
-0.258789
-0.263672
-0.122070
0.073242
0.366211
0.766602
1.225586
1.713867
2.270508
2.812500
3.291016
3.833008
4.272461
4.589844
4.887695
5.058594
5.083008
5.097656
4.985352
4.702148
4.326172
3.911133
3.461914
2.929688
2.397461
1.860352
1.328125
0.864258
0.488281
0.151367
-0.126953
-0.234375
-0.278320
-0.185547
0.024414
0.297852
0.664062
1.127930
1.640625
2.124023
2.714844
3.208008
3.691406
4.145508
4.511719
4.858398
5.039062
5.092773
5.087891
4.980469
4.770508
4.423828
4.038086
3.520508
3.095703
2.490234
1.977539
1.479492
0.966797
0.541992
0.209961
-0.014648
-0.180664
-0.263672
-0.180664
-0.039062
0.273438
0.605469
1.005859
1.445312
2.006836
2.529297
3.061523
3.559570
4.028320
4.433594
4.741211
4.960938
5.073242
5.112305
5.004883
4.765625
4.497070
4.111328
3.676758
3.164062
2.675781
2.094727
1.572266
1.069336
0.659180
0.249023
-0.004883
-0.175781
-0.263672
-0.224609
-0.083008
0.122070
0.483398
0.874023
1.323242
1.850586
2.397461
2.934570
3.457031
3.925781
4.340820
4.682617
4.916992
5.048828
5.112305
5.009766
4.873047
4.589844
4.238281
3.798828
3.281250
2.768555
2.231445
1.704102
1.166992
0.737305
0.346680
0.078125
-0.146484
-0.278320
-0.219727
-0.136719
0.048828
0.400391
0.791016
1.284180
1.718750
2.299805
2.851562
3.378906
3.867188
4.277344
4.628906
4.907227
5.102539
5.161133
5.107422
4.970703
4.711914
4.311523
3.935547
3.452148
2.978516
2.392578
1.889648
1.337891
0.859375
0.458984
0.136719
-0.029297
-0.190430
-0.209961
-0.175781
0.039062
0.327148
0.727539
1.157227
1.630859
2.153320
2.670898
3.193359
3.710938
4.204102
4.492188
4.838867
5.014648
5.136719
5.107422
4.995117
4.760742
4.453125
4.018555
3.593750
3.085938
2.495117
1.972656
1.430664
1.000977
0.556641
0.239258
-0.097656
-0.229492
-0.263672
-0.209961
-0.014648
0.209961
0.581055
0.996094
1.459961
2.011719
2.519531
3.090820
3.588867
4.047852
4.472656
4.726562
4.946289
5.097656
5.097656
5.000000
4.770508
4.501953
4.116211
3.666992
3.139648
2.641602
2.104492
1.542969
1.054688
0.639648
0.229492
0.009766
-0.209961
-0.268555
-0.249023
-0.102539
0.131836
0.488281
0.869141
1.372070
1.855469
2.402344
2.954102
3.466797
3.920898
4.345703
4.682617
4.916992
5.068359
5.112305
5.029297
4.858398
4.589844
4.248047
3.784180
3.320312
2.802734
2.211914
1.669922
1.191406
0.722656
0.341797
0.043945
-0.175781
-0.263672
-0.268555
-0.122070
0.078125
0.385742
0.766602
1.230469
1.728516
2.270508
2.807617
3.330078
3.837891
4.223633
4.584961
4.877930
5.053711
5.146484
5.107422
4.936523
4.687500
4.360352
3.925781
3.476562
2.885742
2.392578
1.840820
1.328125
0.869141
0.434570
0.117188
-0.087891
-0.268555
-0.229492
-0.166016
0.004883
0.307617
0.629883
1.103516
1.596680
2.148438
2.675781
3.198242
3.710938
4.125977
4.541016
4.838867
5.039062
5.107422
5.107422
4.990234
4.746094
4.428711
4.028320
3.574219
3.056641
2.543945
1.992188
1.474609
0.976562
0.566406
0.214844
-0.034180
-0.185547
-0.258789
-0.180664
-0.009766
0.268555
0.551758
0.996094
1.508789
1.987305
2.504883
3.027344
3.569336
3.994141
4.375000
4.697266
4.916992
5.068359
5.112305
5.000000
4.809570
4.462891
4.116211
3.652344
3.125000
2.631836
2.075195
1.577148
1.113281
0.639648
0.258789
-0.034180
-0.190430
-0.268555
-0.219727
-0.097656
0.141602
0.468750
0.883789
1.347656
1.884766
2.416992
2.929688
3.442383
3.955078
4.326172
4.653320
4.946289
5.043945
5.107422
5.034180
4.853516
4.570312
4.262695
3.818359
3.320312
2.768555
2.221680
1.713867
1.201172
0.761719
0.336914
0.019531
-0.131836
-0.253906
-0.263672
-0.122070
0.073242
0.429688
0.810547
1.269531
1.752930
2.280273
2.861328
3.378906
3.876953
4.287109
4.609375
4.882812
5.107422
5.170898
5.122070
4.951172
4.702148
4.326172
3.920898
3.461914
2.973633
2.421875
1.884766
1.357422
0.898438
0.512695
0.175781
-0.053711
-0.219727
-0.219727
-0.141602
0.058594
0.336914
0.737305
1.123047
1.665039
2.182617
2.729492
3.222656
3.710938
4.140625
4.506836
4.833984
5.058594
5.112305
5.087891
4.995117
4.775391
4.414062
4.057617
3.544922
3.071289
2.495117
1.972656
1.484375
0.966797
0.527344
0.175781
-0.039062
-0.224609
-0.224609
-0.239258
-0.048828
0.214844
0.556641
1.000977
1.513672
1.972656
2.524414
3.066406
3.569336
4.038086
4.453125
4.785156
4.956055
5.048828
5.117188
5.004883
4.799805
4.516602
4.072266
3.652344
3.134766
2.617188
2.080078
1.547852
1.059570
0.595703
0.263672
-0.029297
-0.234375
-0.273438
-0.244141
-0.048828
0.126953
0.488281
0.898438
1.347656
1.850586
2.407227
2.963867
3.476562
3.935547
4.355469
4.682617
4.931641
5.073242
5.087891
5.014648
4.853516
4.580078
4.252930
3.798828
3.286133
2.773438
2.211914
1.704102
1.196289
0.708008
0.322266
0.014648
-0.146484
-0.224609
-0.239258
-0.161133
0.043945
0.375977
0.810547
1.210938
1.728516
2.275391
2.792969
3.315430
3.828125
4.272461
4.638672
4.873047
5.039062
5.117188
5.083008
4.951172
4.697266
4.345703
3.930664
3.432617
2.944336
2.382812
1.831055
1.328125
0.869141
0.429688
0.102539
-0.092773
-0.273438
-0.268555
-0.190430
0.004883
0.292969
0.649414
1.079102
1.596680
2.119141
2.685547
3.232422
3.696289
4.155273
4.516602
4.838867
4.980469
5.083008
5.117188
4.960938
4.755859
4.379883
4.023438
3.569336
3.061523
2.509766
1.972656
1.440430
0.961914
0.546875
0.209961
-0.058594
-0.190430
-0.258789
-0.190430
-0.009766
0.239258
0.566406
0.996094
1.484375
1.967773
2.514648
3.061523
3.544922
4.047852
4.394531
4.721680
4.956055
5.043945
5.092773
5.004883
4.809570
4.472656
4.140625
3.676758
3.144531
2.636719
2.070312
1.577148
1.069336
0.654297
0.278320
0.000000
-0.214844
-0.273438
-0.229492
-0.083008
0.126953
0.458984
0.859375
1.347656
1.860352
2.387695
2.924805
3.452148
3.925781
4.340820
4.711914
4.946289
5.078125
5.156250
5.043945
4.848633
4.594727
4.243164
3.798828
3.295898
2.778320
2.231445
1.728516
1.191406
0.751953
0.361328
0.073242
-0.161133
-0.258789
-0.224609
-0.131836
0.078125
0.415039
0.805664
1.245117
1.782227
2.285156
2.871094
3.378906
3.862305
4.282227
4.638672
4.941406
5.043945
5.126953
5.117188
5.000000
4.741211
4.379883
3.940430
3.427734
2.910156
2.373047
1.855469
1.372070
0.917969
0.488281
0.166016
-0.073242
-0.205078
-0.195312
-0.102539
0.039062
0.346680
0.712891
1.152344
1.621094
2.192383
2.719727
3.232422
3.691406
4.145508
4.516602
4.838867
5.039062
5.122070
5.126953
5.000000
4.746094
4.438477
4.062500
3.554688
3.071289
2.534180
2.021484
1.416016
0.961914
0.527344
0.214844
-0.029297
-0.249023
-0.239258
-0.224609
-0.024414
0.253906
0.541992
1.010742
1.494141
2.006836
2.553711
3.046875
3.554688
4.038086
4.438477
4.746094
4.985352
5.097656
5.087891
5.004883
4.785156
4.482422
4.106445
3.657227
3.125000
2.602539
2.089844
1.542969
1.040039
0.600586
0.229492
-0.043945
-0.219727
-0.278320
-0.249023
-0.087891
0.166016
0.473633
0.883789
1.391602
1.870117
2.407227
2.949219
3.461914
3.920898
4.331055
4.672852
4.946289
5.073242
5.107422
4.990234
4.863281
4.599609
4.204102
3.774414
3.266602
2.763672
2.216797
1.679688
1.196289
0.712891
0.332031
0.043945
-0.146484
-0.239258
-0.244141
-0.136719
0.087891
0.375977
0.810547
1.269531
1.728516
2.246094
2.802734
3.344727
3.808594
4.238281
4.570312
4.858398
5.058594
5.141602
5.078125
4.936523
4.736328
4.345703
3.930664
3.437500
2.915039
2.387695
1.845703
1.313477
0.854492
0.429688
0.146484
-0.122070
-0.253906
-0.273438
-0.205078
-0.014648
0.307617
0.678711
1.108398
1.621094
2.128906
2.656250
3.203125
3.720703
4.145508
4.526367
4.824219
5.000000
5.078125
5.097656
4.965820
4.746094
4.423828
3.984375
3.540039
3.061523
2.509766
1.967773
1.459961
0.981445
0.556641
0.234375
-0.063477
-0.205078
-0.244141
-0.200195
-0.019531
0.278320
0.581055
0.991211
1.489258
1.982422
2.529297
3.051758
3.530273
4.008789
4.384766
4.707031
4.912109
5.019531
5.053711
4.970703
4.775391
4.492188
4.101562
3.652344
3.178711
2.636719
2.089844
1.557617
1.040039
0.620117
0.253906
-0.014648
-0.214844
-0.297852
-0.253906
-0.107422
0.107422
0.468750
0.913086
1.313477
1.879883
2.407227
2.929688
3.461914
3.935547
4.375000
4.667969
4.936523
5.068359
5.131836
5.039062
4.868164
4.565430
4.243164
3.789062
3.320312
2.744141
2.226562
1.699219
1.230469
0.737305
0.288086
0.073242
-0.141602
-0.244141
-0.239258
-0.146484
0.043945
0.429688
0.825195
1.274414
1.738281
2.299805
2.807617
3.330078
3.876953
4.311523
4.633789
4.926758
5.073242
5.136719
5.112305
4.912109
4.692383
4.335938
3.935547
3.466797
2.939453
2.460938
1.865234
1.342773
0.854492
0.454102
0.180664
-0.083008
-0.200195
-0.263672
-0.151367
0.063477
0.346680
0.698242
1.142578
1.650391
2.128906
2.695312
3.198242
3.701172
4.184570
4.526367
4.819336
5.019531
5.136719
5.102539
4.965820
4.746094
4.389648
4.023438
3.588867
3.051758
2.500000
1.977539
1.455078
0.966797
0.566406
0.170898
-0.053711
-0.219727
-0.249023
-0.224609
-0.039062
0.219727
0.537109
0.986328
1.523438
1.992188
2.558594
3.041992
3.554688
4.047852
4.438477
4.721680
4.936523
5.073242
5.078125
4.975586
4.765625
4.487305
4.106445
3.662109
3.173828
2.597656
2.075195
1.577148
1.049805
0.620117
0.239258
-0.039062
-0.195312
-0.253906
-0.249023
-0.092773
0.151367
0.473633
0.898438
1.347656
1.860352
2.382812
2.929688
3.491211
3.935547
4.360352
4.687500
4.916992
5.073242
5.126953
5.034180
4.833984
4.550781
4.243164
3.808594
3.310547
2.753906
2.216797
1.679688
1.206055
0.747070
0.361328
0.078125
-0.175781
-0.302734
-0.249023
-0.131836
0.073242
0.366211
0.751953
1.254883
1.782227
2.226562
2.773438
3.334961
3.818359
4.228516
4.589844
4.873047
5.063477
5.112305
5.087891
4.921875
4.731445
4.326172
3.916016
3.457031
2.924805
2.387695
1.835938
1.293945
0.839844
0.454102
0.136719
-0.122070
-0.239258
-0.307617
-0.190430
-0.004883
0.312500
0.659180
1.118164
1.596680
2.172852
2.695312
3.188477
3.706055
4.155273
4.526367
4.848633
5.039062
5.117188
5.078125
4.946289
4.746094
4.418945
4.038086
3.540039
3.051758
2.548828
1.992188
1.440430
0.952148
0.537109
0.209961
-0.058594
-0.219727
-0.249023
-0.195312
0.004883
0.205078
0.615234
1.020508
1.494141
2.016602
2.490234
3.027344
3.554688
3.999023
4.438477
4.750977
4.951172
5.039062
5.073242
4.956055
4.770508
4.472656
4.106445
3.657227
3.188477
2.617188
2.060547
1.572266
1.049805
0.615234
0.283203
-0.048828
-0.214844
-0.283203
-0.239258
-0.117188
0.122070
0.458984
0.874023
1.381836
1.870117
2.421875
2.924805
3.447266
3.925781
4.335938
4.687500
4.951172
5.102539
5.092773
5.043945
4.882812
4.624023
4.238281
3.784180
3.300781
2.783203
2.221680
1.679688
1.157227
0.751953
0.351562
0.039062
-0.190430
-0.253906
-0.224609
-0.136719
0.073242
0.371094
0.761719
1.250000
1.777344
2.294922
2.832031
3.374023
3.876953
4.316406
4.624023
4.931641
5.078125
5.146484
5.097656
4.960938
4.707031
4.384766
3.896484
3.481445
2.973633
2.412109
1.889648
1.381836
0.888672
0.454102
0.180664
-0.068359
-0.175781
-0.253906
-0.180664
0.039062
0.346680
0.727539
1.186523
1.650391
2.158203
2.680664
3.232422
3.706055
4.135742
4.516602
4.814453
5.068359
5.063477
5.087891
4.995117
4.780273
4.428711
4.042969
3.579102
3.081055
2.548828
1.992188
1.469727
0.937500
0.561523
0.209961
-0.078125
-0.224609
-0.268555
-0.214844
-0.024414
0.224609
0.556641
0.981445
1.479492
1.982422
2.573242
3.032227
3.554688
4.062500
4.462891
4.726562
4.985352
5.058594
5.087891
4.995117
4.790039
4.472656
4.086914
3.662109
3.139648
2.617188
2.080078
1.518555
1.054688
0.595703
0.268555
-0.019531
-0.234375
-0.288086
-0.249023
-0.092773
0.126953
0.463867
0.908203
1.333008
1.884766
2.407227
2.919922
3.447266
3.959961
4.355469
4.692383
4.902344
5.078125
5.092773
5.004883
4.863281
4.594727
4.238281
3.769531
3.300781
2.802734
2.226562
1.679688
1.181641
0.722656
0.366211
0.043945
-0.195312
-0.253906
-0.244141
-0.151367
0.078125
0.371094
0.776367
1.210938
1.733398
2.265625
2.827148
