2.275391
1.699219
1.225586
0.766602
0.375977
0.073242
-0.131836
-0.263672
-0.268555
-0.122070
0.053711
0.361328
0.751953
1.191406
1.689453
2.270508
2.807617
3.315430
3.789062
4.213867
4.555664
4.858398
5.058594
5.097656
5.063477
4.946289
4.624023
4.375000
3.940430
3.447266
2.944336
2.407227
1.855469
1.367188
0.903320
0.488281
0.151367
-0.087891
-0.239258
-0.273438
-0.205078
-0.043945
0.297852
0.683594
1.088867
1.606445
2.075195
2.670898
3.183594
3.681641
4.145508
4.526367
4.814453
5.039062
5.122070
5.083008
4.951172
4.741211
4.453125
4.033203
3.598633
3.066406
2.509766
1.962891
1.494141
1.000977
0.566406
0.219727
-0.048828
-0.185547
-0.263672
-0.209961
-0.029297
0.185547
0.527344
0.971680
1.464844
1.967773
2.514648
3.041992
3.549805
4.042969
4.443359
4.731445
4.985352
5.097656
5.112305
5.043945
4.804688
4.526367
4.179688
3.725586
3.217773
2.670898
2.143555
1.645508
1.103516
0.678711
0.278320
-0.014648
-0.175781
-0.244141
-0.239258
-0.102539
0.097656
0.415039
0.795898
1.289062
1.796875
2.299805
2.890625
3.398438
3.911133
4.301758
4.648438
4.877930
5.053711
5.097656
5.014648
4.873047
4.624023
4.248047
3.823242
3.330078
2.802734
2.265625
1.752930
1.245117
0.795898
0.346680
0.092773
-0.161133
-0.239258
-0.258789
-0.151367
0.053711
0.346680
0.776367
1.225586
1.718750
2.250977
2.788086
3.330078
3.764648
4.233398
4.580078
4.838867
5.024414
5.112305
5.068359
4.936523
4.687500
4.335938
3.911133
3.491211
2.939453
2.402344
1.904297
1.367188
0.908203
0.498047
0.190430
-0.068359
-0.200195
-0.219727
-0.185547
0.034180
0.327148
0.698242
1.108398
1.621094
2.143555
2.705078
3.242188
3.745117
4.184570
4.545898
4.824219
5.019531
5.156250
5.161133
5.014648
4.804688
4.467773
4.091797
3.603516
3.090820
2.592773
2.031250
1.528320
1.030273
0.605469
0.249023
-0.004883
-0.170898
-0.224609
-0.229492
-0.034180
0.234375
0.556641
0.996094
1.479492
2.011719
2.534180
3.061523
3.598633
4.042969
4.453125
4.770508
4.995117
5.073242
5.136719
5.009766
4.804688
4.541016
4.165039
3.706055
3.203125
2.661133
2.167969
1.577148
1.123047
0.644531
0.249023
0.024414
-0.151367
-0.273438
-0.268555
-0.122070
0.112305
0.449219
0.854492
1.303711
1.831055
2.338867
2.905273
3.447266
3.901367
4.321289
4.638672
4.877930
5.063477
5.068359
5.029297
4.824219
4.526367
4.208984
3.808594
3.320312
2.792969
2.275391
1.738281
1.230469
0.761719
0.366211
0.043945
-0.151367
-0.249023
-0.288086
-0.170898
0.073242
0.346680
0.747070
1.206055
1.713867
2.226562
2.763672
3.320312
3.828125
4.218750
4.560547
4.868164
5.043945
5.112305
5.048828
4.936523
4.716797
4.365234
3.935547
3.427734
2.939453
2.382812
1.879883
1.347656
0.844727
0.424805
0.102539
-0.092773
-0.200195
-0.268555
-0.205078
-0.024414
0.273438
0.659180
1.108398
1.621094
2.094727
2.685547
3.193359
3.691406
4.165039
4.497070
4.809570
5.034180
5.117188
5.073242
4.951172
4.731445
4.448242
4.013672
3.579102
3.085938
2.558594
1.997070
1.464844
0.981445
0.541992
0.214844
-0.024414
-0.224609
-0.258789
-0.229492
-0.004883
0.214844
0.566406
0.986328
1.459961
1.997070
2.500000
3.056641
3.554688
4.018555
4.438477
4.741211
4.980469
5.073242
5.083008
5.029297
4.848633
4.550781
4.169922
3.720703
3.217773
2.685547
2.138672
1.655273
1.123047
0.712891
0.312500
0.000000
-0.205078
-0.268555
-0.278320
-0.087891
0.102539
0.429688
0.830078
1.293945
1.796875
2.324219
2.895508
3.422852
3.896484
4.311523
4.667969
4.873047
5.063477
5.112305
5.048828
4.897461
4.604492
4.228516
3.813477
3.344727
2.807617
2.280273
1.708984
1.235352
0.781250
0.400391
0.097656
-0.146484
-0.258789
-0.258789
-0.146484
0.078125
0.366211
0.756836
1.206055
1.718750
2.250977
2.783203
3.310547
3.808594
4.248047
4.604492
4.873047
5.053711
5.083008
5.019531
4.892578
4.687500
4.326172
3.969727
3.496094
2.919922
2.373047
1.914062
1.386719
0.917969
0.488281
0.156250
-0.083008
-0.214844
-0.244141
-0.141602
0.073242
0.322266
0.712891
1.108398
1.572266
2.109375
2.714844
3.261719
3.730469
4.160156
4.545898
4.838867
5.083008
5.151367
5.166016
4.965820
4.794922
4.428711
4.072266
3.579102
3.120117
2.558594
2.036133
1.503906
1.025391
0.571289
0.214844
-0.039062
-0.161133
-0.263672
-0.200195
-0.053711
0.180664
0.566406
1.010742
1.474609
1.982422
2.514648
3.090820
3.574219
4.042969
4.453125
4.760742
4.970703
5.092773
5.136719
5.024414
4.829102
4.521484
4.140625
3.710938
3.203125
2.695312
2.114258
1.621094
1.079102
0.673828
0.322266
0.039062
-0.175781
-0.253906
-0.263672
-0.126953
0.122070
0.444336
0.878906
1.313477
1.831055
2.353516
2.919922
3.432617
3.940430
4.282227
4.658203
4.882812
5.063477
5.117188
5.039062
4.833984
4.555664
4.184570
3.818359
3.330078
2.822266
2.260742
1.723633
1.240234
0.756836
0.380859
0.078125
-0.161133
-0.239258
-0.244141
-0.156250
0.073242
0.356445
0.761719
1.250000
1.728516
2.211914
2.783203
3.281250
3.803711
4.223633
4.575195
4.829102
5.009766
5.112305
5.073242
4.936523
4.682617
4.331055
3.906250
3.476562
2.939453
2.377930
1.875000
1.303711
0.854492
0.439453
0.136719
-0.053711
-0.224609
-0.288086
-0.195312
-0.039062
0.278320
0.668945
1.064453
1.562500
2.094727
2.695312
3.222656
3.696289
4.165039
4.487305
4.794922
5.019531
5.102539
5.092773
4.995117
4.750977
4.414062
4.023438
3.569336
3.066406
2.534180
1.972656
1.484375
0.986328
0.546875
0.195312
-0.048828
-0.219727
-0.263672
-0.219727
-0.039062
0.205078
0.546875
0.971680
1.469727
1.982422
2.524414
3.066406
3.554688
4.023438
4.453125
4.750977
4.975586
5.117188
5.107422
5.019531
4.829102
4.545898
4.155273
3.696289
3.232422
2.700195
2.143555
1.591797
1.123047
0.688477
0.292969
-0.014648
-0.214844
-0.312500
-0.263672
-0.107422
0.092773
0.493164
0.859375
1.313477
1.777344
2.338867
2.885742
3.398438
3.901367
4.316406
4.648438
4.887695
5.034180
5.073242
5.039062
4.848633
4.594727
4.272461
3.818359
3.339844
2.812500
2.260742
1.728516
1.206055
0.781250
0.375977
0.043945
-0.170898
-0.273438
-0.234375
-0.156250
0.048828
0.371094
0.756836
1.235352
1.699219
2.265625
2.773438
3.281250
3.803711
4.257812
4.599609
4.829102
5.034180
5.126953
5.083008
4.941406
4.667969
4.340820
3.935547
3.461914
2.988281
2.416992
1.860352
1.372070
0.903320
0.522461
0.205078
-0.053711
-0.205078
-0.258789
-0.200195
0.004883
0.312500
0.717773
1.103516
1.577148
2.094727
2.626953
3.198242
3.725586
4.194336
4.555664
4.853516
5.029297
5.107422
5.122070
4.985352
4.780273
4.492188
4.106445
3.632812
3.134766
2.592773
2.045898
1.499023
1.015625
0.585938
0.229492
-0.019531
-0.185547
-0.258789
-0.229492
-0.083008
0.200195
0.585938
0.996094
1.445312
1.987305
2.529297
3.051758
3.540039
4.047852
4.453125
4.746094
4.941406
5.078125
5.107422
5.039062
4.848633
4.545898
4.130859
3.691406
3.222656
2.666016
2.148438
1.625977
1.113281
0.659180
0.268555
0.009766
-0.156250
-0.283203
-0.249023
-0.112305
0.151367
0.419922
0.830078
1.328125
1.821289
2.358398
2.910156
3.437500
3.920898
4.296875
4.638672
4.892578
5.029297
5.083008
5.043945
4.838867
4.584961
4.208984
3.798828
3.320312
2.802734
2.275391
1.718750
1.210938
0.786133
0.380859
0.053711
-0.151367
-0.209961
-0.258789
-0.161133
0.034180
0.390625
0.766602
1.196289
1.733398
2.241211
2.783203
3.300781
3.803711
4.213867
4.599609
4.814453
5.000000
5.107422
5.063477
4.907227
4.687500
4.340820
3.930664
3.427734
2.905273
2.412109
1.855469
1.367188
0.859375
0.478516
0.151367
-0.117188
-0.205078
-0.253906
-0.175781
-0.014648
0.263672
0.678711
1.103516
1.572266
2.089844
2.685547
3.203125
3.710938
4.145508
4.501953
4.804688
5.024414
5.126953
5.102539
4.970703
4.736328
4.433594
4.052734
3.564453
3.066406
2.553711
1.962891
1.464844
0.981445
0.566406
0.195312
-0.043945
-0.209961
-0.283203
-0.205078
-0.058594
0.214844
0.561523
1.000977
1.440430
1.982422
2.578125
3.066406
3.559570
4.042969
4.428711
4.804688
4.960938
5.058594
5.102539
5.000000
4.824219
4.526367
4.121094
3.691406
3.242188
2.666016
2.167969
1.591797
1.083984
0.698242
0.307617
-0.009766
-0.205078
-0.278320
-0.283203
-0.102539
0.117188
0.493164
0.874023
1.308594
1.826172
2.333984
2.890625
3.403320
3.901367
4.296875
4.628906
4.902344
5.063477
5.126953
5.039062
4.873047
4.599609
4.248047
3.803711
3.344727
2.802734
2.226562
1.718750
1.206055
0.781250
0.385742
0.053711
-0.126953
-0.258789
-0.258789
-0.161133
0.083008
0.361328
0.756836
1.176758
1.718750
2.241211
2.768555
3.310547
3.803711
4.223633
4.589844
4.863281
5.063477
5.107422
5.058594
4.897461
4.663086
4.321289
3.920898
3.505859
2.939453
2.402344
1.894531
1.396484
0.937500
0.483398
0.175781
-0.092773
-0.219727
-0.244141
-0.136719
0.029297
0.336914
0.708008
1.103516
1.562500
2.128906
2.685547
3.188477
3.671875
4.189453
4.541016
4.858398
5.078125
5.102539
5.117188
4.980469
4.799805
4.467773
4.086914
3.608398
3.105469
2.563477
2.001953
1.494141
1.020508
0.561523
0.219727
-0.034180
-0.190430
-0.292969
-0.200195
-0.043945
0.195312
0.541992
0.996094
1.503906
2.006836
2.543945
3.041992
3.569336
4.033203
4.453125
4.746094
4.985352
5.083008
5.107422
5.014648
4.838867
4.497070
4.145508
3.681641
3.227539
2.685547
2.109375
1.621094
1.127930
0.654297
0.263672
0.024414
-0.175781
-0.268555
-0.249023
-0.122070
0.146484
0.458984
0.825195
1.303711
1.796875
2.377930
2.929688
3.437500
3.906250
4.277344
4.658203
4.868164
5.014648
5.102539
5.053711
4.824219
4.570312
4.233398
3.789062
3.339844
2.832031
2.231445
1.728516
1.250000
0.786133
0.356445
0.063477
-0.141602
-0.253906
-0.253906
-0.170898
0.068359
0.366211
0.727539
1.210938
1.723633
2.221680
2.778320
3.271484
3.784180
4.238281
4.594727
4.814453
5.004883
5.151367
5.136719
4.916992
4.658203
4.355469
3.940430
3.413086
2.958984
2.402344
1.884766
1.323242
0.878906
0.449219
0.166016
-0.102539
-0.244141
-0.332031
-0.205078
0.024414
0.302734
0.654297
1.088867
1.572266
2.084961
2.656250
3.217773
3.701172
4.130859
4.555664
4.833984
5.039062
5.122070
5.068359
4.970703
4.760742
4.418945
4.042969
3.569336
3.085938
2.539062
1.967773
1.484375
0.981445
0.532227
0.219727
-0.004883
-0.200195
-0.268555
-0.214844
-0.039062
0.214844
0.561523
0.966797
1.450195
1.967773
2.534180
3.066406
3.579102
4.028320
4.448242
4.765625
4.975586
5.092773
5.102539
5.029297
4.790039
4.511719
4.184570
3.706055
3.203125
2.651367
2.124023
1.601562
1.137695
0.668945
0.263672
-0.014648
-0.200195
-0.249023
-0.258789
-0.136719
0.097656
0.415039
0.825195
1.313477
1.826172
2.348633
2.919922
3.413086
3.886719
4.306641
4.614258
4.892578
5.058594
5.083008
5.053711
4.858398
4.565430
4.213867
3.813477
3.344727
2.788086
2.265625
1.699219
1.181641
0.751953
0.380859
0.068359
-0.151367
-0.258789
-0.273438
-0.161133
0.073242
0.366211
0.747070
1.191406
1.699219
2.221680
2.768555
3.305664
3.837891
4.243164
4.619141
4.838867
5.048828
5.102539
5.087891
4.892578
4.682617
4.355469
3.916016
3.471680
2.880859
2.412109
1.865234
1.381836
0.854492
0.488281
0.180664
-0.078125
-0.185547
-0.224609
-0.161133
0.000000
0.297852
0.654297
1.098633
1.606445
2.163086
2.685547
3.212891
3.691406
4.130859
4.492188
4.848633
5.063477
5.107422
5.122070
4.951172
4.755859
4.492188
4.082031
3.579102
3.105469
2.543945
2.001953
1.533203
1.020508
0.566406
0.273438
-0.048828
-0.180664
-0.253906
-0.205078
-0.034180
0.229492
0.581055
1.030273
1.499023
1.982422
2.500000
3.085938
3.559570
4.028320
4.438477
4.770508
4.975586
5.092773
5.117188
5.019531
4.809570
4.501953
4.160156
3.710938
3.164062
2.695312
2.128906
1.621094
1.108398
0.664062
0.307617
0.000000
-0.200195
-0.283203
-0.244141
-0.083008
0.126953
0.473633
0.864258
1.313477
1.811523
2.363281
2.890625
3.417969
3.901367
4.311523
4.667969
4.892578
5.063477
5.102539
5.024414
4.804688
4.584961
4.213867
3.798828
3.334961
2.788086
2.260742
1.704102
1.210938
0.751953
0.380859
0.063477
-0.136719
-0.234375
-0.283203
-0.131836
0.034180
0.336914
0.766602
1.186523
1.699219
2.226562
2.797852
3.300781
3.813477
4.228516
4.584961
4.848633
5.029297
5.107422
5.048828
4.897461
4.687500
4.360352
3.916016
3.491211
2.944336
2.382812
1.855469
1.337891
0.913086
0.468750
0.146484
-0.122070
-0.244141
-0.288086
-0.214844
0.014648
0.263672
0.664062
1.098633
1.567383
2.138672
2.700195
3.212891
3.686523
4.135742
4.487305
4.809570
5.024414
5.097656
5.053711
4.956055
4.746094
4.433594
4.018555
3.544922
3.056641
2.534180
2.016602
1.469727
0.976562
0.537109
0.244141
-0.053711
-0.205078
-0.288086
-0.205078
-0.058594
0.209961
0.546875
0.981445
1.445312
1.938477
2.534180
3.017578
3.564453
4.033203
4.418945
4.731445
4.951172
5.122070
5.107422
5.019531
4.814453
4.541016
4.179688
3.691406
3.237305
2.675781
2.148438
1.655273
1.098633
0.693359
0.273438
-0.004883
-0.185547
-0.234375
-0.224609
-0.097656
0.112305
0.454102
0.825195
1.303711
1.791992
2.319336
2.885742
3.413086
3.891602
4.335938
4.643555
4.873047
5.039062
5.117188
5.048828
4.848633
4.604492
4.267578
3.818359
3.325195
2.792969
2.255859
1.748047
1.201172
0.771484
0.375977
0.063477
-0.170898
-0.278320
-0.234375
-0.117188
0.039062
0.346680
0.771484
1.201172
1.718750
2.255859
2.744141
3.320312
3.784180
4.233398
4.589844
4.877930
5.043945
5.112305
5.063477
4.902344
4.697266
4.321289
3.984375
3.437500
2.910156
2.426758
1.875000
1.376953
0.917969
0.444336
0.175781
-0.073242
-0.229492
-0.273438
-0.195312
0.024414
0.292969
0.620117
1.093750
1.621094
2.158203
2.680664
3.212891
3.730469
4.165039
4.526367
4.799805
5.000000
5.175781
5.117188
5.019531
4.765625
4.458008
4.047852
3.579102
3.090820
2.563477
2.041016
1.484375
1.010742
0.581055
0.205078
-0.009766
-0.195312
-0.244141
-0.234375
-0.068359
0.205078
0.532227
0.961914
1.474609
1.997070
2.543945
3.056641
3.623047
4.072266
4.453125
4.726562
4.931641
5.078125
5.136719
4.995117
4.809570
4.506836
4.194336
3.706055
3.178711
2.675781
2.133789
1.582031
1.054688
0.668945
0.249023
0.029297
-0.200195
-0.302734
-0.258789
-0.141602
0.131836
0.439453
0.854492
1.303711
1.826172
2.363281
2.880859
3.413086
3.886719
4.321289
4.677734
4.931641
5.029297
5.078125
5.014648
4.863281
4.604492
4.238281
3.774414
3.320312
2.788086
2.270508
1.723633
1.206055
0.761719
0.371094
0.068359
-0.131836
-0.244141
-0.239258
-0.161133
0.039062
0.356445
0.747070
1.201172
1.708984
2.216797
2.729492
3.300781
3.803711
4.223633
4.575195
4.853516
5.063477
5.122070
5.078125
4.907227
4.682617
4.335938
3.955078
3.422852
2.890625
2.412109
1.855469
1.303711
0.869141
0.468750
0.126953
-0.097656
-0.219727
-0.278320
-0.185547
-0.009766
0.268555
0.590820
1.074219
1.586914
2.114258
2.646484
3.188477
3.666992
4.150391
4.545898
4.794922
5.024414
5.102539
5.068359
4.960938
4.765625
4.462891
4.033203
3.569336
3.076172
2.553711
1.958008
1.459961
0.971680
0.571289
0.195312
-0.043945
-0.209961
-0.268555
-0.205078
-0.058594
0.209961
0.546875
0.961914
1.420898
1.982422
2.534180
3.037109
3.544922
4.023438
4.443359
4.716797
4.995117
5.083008
5.131836
5.029297
4.799805
4.501953
4.145508
3.750000
3.222656
2.695312
2.153320
1.621094
1.113281
0.683594
0.283203
0.004883
-0.200195
-0.297852
-0.249023
-0.122070
0.117188
0.390625
0.834961
1.293945
1.831055
2.363281
2.880859
3.393555
3.881836
4.291992
4.628906
4.916992
5.039062
5.117188
5.014648
4.848633
4.604492
4.233398
3.823242
3.300781
2.797852
2.246094
1.738281
1.225586
0.771484
0.356445
0.087891
-0.156250
-0.258789
-0.258789
-0.156250
0.073242
0.395508
0.747070
1.215820
1.713867
2.260742
2.768555
3.286133
3.823242
4.228516
4.584961
4.863281
5.014648
5.136719
5.039062
4.916992
4.663086
4.360352
3.901367
3.471680
2.944336
2.373047
1.879883
1.372070
0.917969
0.458984
0.141602
-0.102539
-0.195312
-0.200195
-0.146484
0.034180
0.288086
0.644531
1.093750
1.621094
2.143555
2.700195
3.203125
3.691406
4.125977
4.511719
4.814453
5.058594
5.112305
5.117188
4.951172
4.785156
4.448242
4.067383
3.598633
3.090820
2.539062
2.001953
1.494141
0.986328
0.581055
0.273438
-0.024414
-0.214844
-0.234375
-0.219727
-0.048828
0.214844
0.527344
1.015625
1.469727
1.992188
2.519531
3.066406
3.583984
4.023438
4.418945
4.741211
4.946289
5.083008
5.117188
5.009766
4.804688
4.487305
4.179688
3.681641
3.193359
2.680664
2.094727
1.562500
1.093750
0.664062
0.307617
0.029297
-0.205078
-0.288086
-0.249023
-0.107422
0.156250
0.439453
0.869141
1.328125
1.845703
2.377930
2.885742
3.461914
3.886719
4.316406
4.667969
4.907227
5.078125
5.087891
5.043945
4.868164
4.604492
4.228516
3.803711
3.295898
2.807617
2.241211
1.723633
1.225586
0.761719
0.371094
0.073242
-0.161133
-0.258789
-0.263672
-0.146484
0.073242
0.361328
0.751953
1.230469
1.708984
2.197266
2.758789
3.310547
3.818359
4.223633
4.565430
4.858398
5.039062
5.112305
5.053711
4.912109
4.697266
4.326172
3.896484
3.471680
2.949219
2.402344
1.840820
1.342773
0.903320
0.454102
0.117188
-0.107422
-0.273438
-0.292969
-0.190430
-0.014648
0.234375
0.664062
1.088867
1.572266
2.094727
2.675781
3.203125
3.710938
4.150391
4.521484
4.819336
5.024414
5.122070
5.068359
4.951172
4.750977
4.453125
4.047852
3.559570
3.061523
2.543945
1.962891
1.464844
1.010742
0.571289
0.219727
-0.053711
-0.200195
-0.244141
-0.253906
-0.048828
0.209961
0.522461
0.957031
1.455078
1.948242
2.539062
3.027344
3.544922
4.008789
4.418945
4.750977
4.980469
5.126953
5.073242
5.009766
4.858398
4.526367
4.160156
3.706055
3.203125
2.705078
2.119141
1.616211
1.113281
0.678711
0.273438
-0.053711
-0.205078
-0.292969
-0.258789
-0.102539
0.131836
0.419922
0.864258
1.245117
1.806641
2.329102
2.875977
3.378906
3.911133
4.296875
4.633789
4.892578
5.058594
5.092773
5.024414
4.873047
4.570312
4.252930
3.798828
3.354492
2.768555
2.241211
1.699219
1.230469
0.786133
0.356445
0.053711
-0.180664
-0.253906
-0.258789
-0.131836
0.063477
0.336914
0.727539
1.245117
1.689453
2.241211
2.744141
3.320312
3.789062
4.199219
4.604492
4.819336
5.048828
5.107422
5.053711
4.916992
4.638672
4.350586
3.925781
3.452148
2.929688
2.421875
1.875000
1.416016
0.854492
0.473633
0.126953
-0.102539
-0.214844
-0.214844
-0.151367
0.039062
0.307617
0.698242
1.079102
1.616211
2.119141
2.695312
3.227539
3.725586
4.150391
4.575195
4.824219
5.034180
5.136719
5.146484
4.985352
4.760742
4.482422
4.086914
3.579102
3.120117
2.573242
2.006836
1.459961
0.976562
0.590820
0.224609
0.004883
-0.209961
-0.278320
-0.214844
-0.063477
0.190430
0.566406
0.986328
1.450195
2.001953
2.534180
3.056641
3.564453
4.038086
4.433594
4.760742
4.970703
5.068359
5.097656
4.970703
4.829102
4.550781
4.169922
3.666992
3.178711
2.690430
2.148438
1.601562
1.074219
0.664062
0.258789
0.009766
-0.175781
-0.273438
-0.253906
-0.117188
0.136719
0.449219
0.859375
1.298828
1.845703
2.373047
2.915039
3.408203
3.886719
4.277344
4.628906
4.892578
5.053711
5.107422
5.043945
4.877930
4.589844
4.174805
3.764648
3.300781
2.788086
2.236328
1.748047
1.215820
0.751953
0.380859
0.058594
-0.131836
-0.273438
-0.263672
-0.136719
0.078125
0.366211
0.756836
1.215820
1.708984
2.241211
2.739258
3.320312
3.813477
4.228516
4.570312
4.858398
5.043945
5.097656
5.063477
4.936523
4.702148
4.350586
3.881836
3.413086
2.934570
2.421875
1.894531
1.352539
0.830078
0.429688
0.156250
-0.083008
-0.205078
-0.302734
-0.170898
-0.043945
0.288086
0.625000
1.093750
1.606445
2.133789
2.690430
