2.138672
1.591797
1.083984
0.673828
0.312500
0.029297
-0.175781
-0.283203
-0.253906
-0.092773
0.170898
0.473633
0.878906
1.333008
1.826172
2.402344
2.944336
3.452148
3.945312
4.340820
4.663086
4.936523
5.058594
5.122070
5.043945
4.873047
4.658203
4.282227
3.823242
3.403320
2.812500
2.319336
1.733398
1.235352
0.766602
0.410156
0.063477
-0.122070
-0.239258
-0.263672
-0.146484
0.063477
0.400391
0.761719
1.206055
1.704102
2.285156
2.788086
3.330078
3.813477
4.238281
4.589844
4.877930
5.063477
5.146484
5.087891
4.931641
4.697266
4.389648
3.930664
3.471680
2.929688
2.412109
1.875000
1.396484
0.903320
0.483398
0.156250
-0.048828
-0.185547
-0.200195
-0.175781
0.034180
0.288086
0.664062
1.118164
1.650391
2.119141
2.690430
3.173828
3.662109
4.116211
4.560547
4.824219
4.965820
5.087891
5.039062
4.946289
4.746094
4.443359
4.023438
3.583984
3.056641
2.495117
1.967773
1.459961
1.020508
0.581055
0.239258
-0.058594
-0.209961
-0.258789
-0.205078
-0.039062
0.200195
0.561523
0.996094
1.489258
1.992188
2.519531
3.041992
3.593750
4.023438
4.414062
4.755859
4.985352
5.087891
5.136719
5.024414
4.819336
4.550781
4.169922
3.710938
3.198242
2.670898
2.133789
1.625977
1.088867
0.678711
0.273438
-0.009766
-0.156250
-0.263672
-0.239258
-0.083008
0.175781
0.449219
0.903320
1.381836
1.855469
2.402344
2.944336
3.457031
3.945312
4.340820
4.702148
5.009766
5.126953
5.180664
5.092773
4.921875
4.667969
4.272461
3.862305
3.325195
2.822266
2.304688
1.748047
1.259766
0.786133
0.424805
0.131836
-0.053711
-0.175781
-0.195312
-0.058594
0.126953
0.415039
0.800781
1.254883
1.752930
2.329102
2.817383
3.349609
3.852539
4.296875
4.628906
4.897461
5.053711
5.117188
5.073242
4.956055
4.682617
4.360352
3.950195
3.457031
2.954102
2.416992
1.875000
1.362305
0.874023
0.502930
0.112305
-0.092773
-0.180664
-0.268555
-0.170898
0.019531
0.297852
0.717773
1.088867
1.557617
2.099609
2.666016
3.232422
3.750000
4.101562
4.477539
4.829102
4.995117
5.146484
5.097656
4.975586
4.721680
4.443359
4.038086
3.569336
3.100586
2.519531
1.987305
1.455078
0.966797
0.561523
0.175781
-0.073242
-0.214844
-0.268555
-0.219727
-0.078125
0.205078
0.546875
1.015625
1.489258
1.992188
2.543945
3.076172
3.559570
4.042969
4.433594
4.755859
4.936523
5.107422
5.131836
5.019531
4.829102
4.506836
4.145508
3.730469
3.193359
2.651367
2.114258
1.606445
1.088867
0.644531
0.322266
-0.024414
-0.141602
-0.253906
-0.253906
-0.117188
0.117188
0.478516
0.883789
1.293945
1.845703
2.402344
2.905273
3.486328
3.925781
4.291992
4.663086
4.941406
5.122070
5.097656
5.053711
4.877930
4.653320
4.272461
3.823242
3.320312
2.802734
2.275391
1.748047
1.230469
0.805664
0.390625
0.073242
-0.126953
-0.258789
-0.244141
-0.141602
0.063477
0.400391
0.781250
1.220703
1.718750
2.226562
2.832031
3.320312
3.813477
4.228516
4.609375
4.897461
5.039062
5.136719
5.083008
4.951172
4.672852
4.365234
3.930664
3.481445
2.973633
2.426758
1.845703
1.386719
0.913086
0.502930
0.146484
-0.087891
-0.205078
-0.244141
-0.170898
0.034180
0.292969
0.668945
1.137695
1.630859
2.128906
2.656250
3.203125
3.686523
4.125977
4.526367
4.809570
5.000000
5.107422
5.063477
4.975586
4.760742
4.414062
4.033203
3.564453
3.056641
2.519531
1.992188
1.455078
0.986328
0.576172
0.214844
-0.058594
-0.214844
-0.268555
-0.214844
-0.029297
0.214844
0.546875
0.991211
1.464844
1.967773
2.509766
3.051758
3.593750
4.028320
4.487305
4.760742
4.975586
5.112305
5.122070
5.019531
4.809570
4.516602
4.150391
3.725586
3.198242
2.695312
2.109375
1.606445
1.113281
0.644531
0.297852
0.014648
-0.141602
-0.214844
-0.258789
-0.112305
0.117188
0.507812
0.913086
1.318359
1.855469
2.436523
2.968750
3.491211
3.964844
4.384766
4.711914
5.004883
5.131836
5.161133
5.107422
4.921875
4.633789
4.306641
3.852539
3.359375
2.827148
2.285156
1.777344
1.269531
0.820312
0.405273
0.141602
-0.102539
-0.195312
-0.209961
-0.117188
0.131836
0.410156
0.830078
1.264648
1.738281
2.255859
2.836914
3.354492
3.818359
4.262695
4.604492
4.863281
5.063477
5.112305
5.107422
4.965820
4.711914
4.345703
3.955078
3.461914
2.944336
2.412109
1.855469
1.357422
0.869141
0.439453
0.126953
-0.117188
-0.205078
-0.249023
-0.205078
0.029297
0.283203
0.659180
1.093750
1.586914
2.128906
2.670898
3.212891
3.691406
4.155273
4.555664
4.790039
5.024414
5.097656
5.078125
4.946289
4.755859
4.438477
4.033203
3.564453
3.061523
2.524414
1.987305
1.445312
0.961914
0.551758
0.175781
-0.078125
-0.209961
-0.297852
-0.205078
-0.043945
0.214844
0.576172
1.000977
1.469727
2.011719
2.529297
3.076172
3.544922
4.028320
4.428711
4.741211
4.980469
5.083008
5.141602
5.000000
4.814453
4.521484
4.135742
3.696289
3.173828
2.666016
2.128906
1.582031
1.108398
0.654297
0.288086
0.004883
-0.185547
-0.234375
-0.244141
-0.087891
0.112305
0.439453
0.878906
1.372070
1.855469
2.333984
2.954102
3.481445
3.925781
4.340820
4.624023
4.916992
5.083008
5.107422
5.014648
4.887695
4.643555
4.296875
3.857422
3.334961
2.763672
2.231445
1.718750
1.240234
0.771484
0.351562
0.087891
-0.136719
-0.219727
-0.249023
-0.141602
0.087891
0.366211
0.761719
1.225586
1.733398
2.285156
2.802734
3.315430
3.803711
4.204102
4.633789
4.892578
5.039062
5.117188
5.083008
4.931641
4.702148
4.355469
3.940430
3.457031
2.949219
2.382812
1.870117
1.318359
0.869141
0.507812
0.151367
-0.083008
-0.244141
-0.239258
-0.146484
0.024414
0.292969
0.698242
1.162109
1.650391
2.128906
2.631836
3.212891
3.681641
4.121094
4.501953
4.794922
4.985352
5.058594
5.087891
4.951172
4.780273
4.428711
4.023438
3.544922
3.037109
2.519531
1.982422
1.494141
1.020508
0.566406
0.205078
-0.048828
-0.219727
-0.229492
-0.205078
-0.063477
0.224609
0.537109
0.976562
1.459961
1.962891
2.504883
3.090820
3.564453
4.033203
4.438477
4.746094
4.970703
5.092773
5.117188
5.004883
4.838867
4.521484
4.145508
3.715820
3.217773
2.685547
2.124023
1.582031
1.098633
0.654297
0.307617
-0.048828
-0.195312
-0.214844
-0.209961
-0.117188
0.131836
0.463867
0.898438
1.328125
1.855469
2.392578
2.958984
3.476562
3.959961
4.384766
4.667969
4.931641
5.078125
5.146484
5.102539
4.936523
4.648438
4.282227
3.847656
3.339844
2.822266
2.285156
1.777344
1.225586
0.839844
0.429688
0.122070
-0.083008
-0.205078
-0.214844
-0.141602
0.117188
0.400391
0.795898
1.250000
1.772461
2.299805
2.832031
3.310547
3.833008
4.228516
4.570312
4.877930
5.048828
5.083008
5.063477
4.931641
4.721680
4.360352
3.916016
3.461914
3.002930
2.421875
1.884766
1.337891
0.844727
0.488281
0.185547
-0.102539
-0.249023
-0.312500
-0.146484
0.019531
0.312500
0.649414
1.108398
1.586914
2.182617
2.661133
3.178711
3.642578
4.155273
4.516602
4.829102
4.995117
5.102539
5.097656
4.985352
4.750977
4.448242
3.984375
3.574219
3.061523
2.519531
1.977539
1.469727
0.986328
0.561523
0.180664
-0.073242
-0.224609
-0.278320
-0.224609
-0.092773
0.205078
0.537109
0.991211
1.459961
1.977539
2.563477
3.041992
3.598633
4.033203
4.409180
4.765625
4.960938
5.112305
5.097656
4.995117
4.804688
4.516602
4.179688
3.730469
3.212891
2.675781
2.153320
1.586914
1.103516
0.649414
0.327148
0.019531
-0.195312
-0.249023
-0.234375
-0.102539
0.170898
0.454102
0.864258
1.362305
1.860352
2.363281
2.929688
3.461914
3.872070
4.301758
4.648438
4.951172
5.107422
5.107422
5.039062
4.809570
4.638672
4.287109
3.833008
3.330078
2.797852
2.280273
1.733398
1.254883
0.751953
0.400391
0.058594
-0.146484
-0.229492
-0.229492
-0.126953
0.087891
0.375977
0.781250
1.220703
1.718750
2.260742
2.802734
3.300781
3.789062
4.252930
4.604492
4.858398
5.053711
5.112305
5.097656
4.902344
4.707031
4.360352
3.945312
3.427734
2.939453
2.431641
1.816406
1.357422
0.878906
0.454102
0.126953
-0.078125
-0.224609
-0.253906
-0.200195
-0.004883
0.288086
0.659180
1.132812
1.616211
2.148438
2.719727
3.164062
3.686523
4.145508
4.531250
4.824219
4.980469
5.068359
5.043945
4.956055
4.731445
4.418945
4.033203
3.554688
3.100586
2.514648
1.967773
1.430664
0.947266
0.551758
0.195312
-0.039062
-0.195312
-0.268555
-0.209961
-0.043945
0.209961
0.546875
0.986328
1.474609
1.972656
2.495117
3.046875
3.574219
4.038086
4.443359
4.741211
4.980469
5.102539
5.112305
5.014648
4.819336
4.521484
4.140625
3.725586
3.203125
2.700195
2.163086
1.567383
1.118164
0.654297
0.278320
0.043945
-0.151367
-0.258789
-0.273438
-0.107422
0.180664
0.502930
0.869141
1.362305
1.855469
2.397461
2.963867
3.466797
3.974609
4.340820
4.702148
4.980469
5.131836
5.136719
5.053711
4.873047
4.648438
4.296875
3.886719
3.393555
2.832031
2.270508
1.782227
1.196289
0.781250
0.405273
0.073242
-0.117188
-0.224609
-0.253906
-0.087891
0.087891
0.429688
0.776367
1.215820
1.762695
2.304688
2.846680
3.364258
3.833008
4.267578
4.594727
4.853516
5.043945
5.122070
5.024414
4.931641
4.692383
4.409180
3.964844
3.471680
2.929688
2.382812
1.894531
1.376953
0.878906
0.493164
0.161133
-0.087891
-0.234375
-0.273438
-0.185547
0.053711
0.288086
0.668945
1.118164
1.650391
2.089844
2.631836
3.193359
3.701172
4.145508
4.501953
4.780273
5.043945
5.083008
5.107422
4.990234
4.736328
4.438477
4.018555
3.544922
3.041992
2.524414
2.006836
1.435547
0.971680
0.517578
0.195312
-0.014648
-0.258789
-0.302734
-0.200195
-0.083008
0.205078
0.546875
0.996094
1.484375
1.972656
2.534180
3.027344
3.574219
4.038086
4.418945
4.765625
4.985352
5.102539
5.087891
5.043945
4.819336
4.550781
4.150391
3.696289
3.212891
2.670898
2.153320
1.601562
1.108398
0.688477
0.297852
-0.034180
-0.161133
-0.200195
-0.249023
-0.097656
0.122070
0.444336
0.893555
1.367188
1.826172
2.348633
2.944336
3.476562
3.906250
4.335938
4.663086
4.941406
5.063477
5.112305
5.000000
4.873047
4.594727
4.287109
3.842773
3.330078
2.792969
2.280273
1.718750
1.245117
0.771484
0.405273
0.078125
-0.092773
-0.229492
-0.239258
-0.146484
0.078125
0.371094
0.761719
1.230469
1.723633
2.231445
2.788086
3.325195
3.818359
4.252930
4.604492
4.853516
5.034180
5.112305
5.083008
4.936523
4.692383
4.350586
3.901367
3.461914
2.958984
2.382812
1.875000
1.328125
0.864258
0.488281
0.161133
-0.122070
-0.219727
-0.249023
-0.161133
0.043945
0.307617
0.639648
1.132812
1.611328
2.143555
2.651367
3.227539
3.676758
4.121094
4.506836
4.785156
4.970703
5.092773
5.058594
4.960938
4.741211
4.414062
4.008789
3.544922
3.041992
2.524414
1.977539
1.450195
0.986328
0.551758
0.224609
-0.048828
-0.200195
-0.288086
-0.195312
-0.078125
0.214844
0.561523
0.971680
1.474609
1.987305
2.514648
3.071289
3.549805
4.013672
4.428711
4.765625
4.965820
5.092773
5.136719
5.000000
4.838867
4.541016
4.140625
3.735352
3.188477
2.690430
2.119141
1.596680
1.088867
0.664062
0.278320
0.009766
-0.214844
-0.268555
-0.268555
-0.078125
0.180664
0.424805
0.898438
1.347656
1.875000
2.412109
2.963867
3.500977
3.969727
4.375000
4.711914
4.941406
5.126953
5.141602
5.097656
4.902344
4.643555
4.277344
3.813477
3.325195
2.861328
2.314453
1.748047
1.215820
0.795898
0.380859
0.122070
-0.117188
-0.258789
-0.234375
-0.097656
0.122070
0.424805
0.805664
1.225586
1.748047
2.250977
2.817383
3.339844
3.842773
4.257812
4.599609
4.873047
5.024414
5.131836
5.097656
4.912109
4.726562
4.414062
3.969727
3.481445
2.944336
2.402344
1.865234
1.362305
0.869141
0.449219
0.175781
-0.112305
-0.180664
-0.253906
-0.126953
0.039062
0.258789
0.678711
1.079102
1.577148
2.138672
2.636719
3.203125
3.691406
4.169922
4.487305
4.809570
4.995117
5.063477
5.102539
4.985352
4.746094
4.438477
4.023438
3.564453
3.066406
2.504883
2.001953
1.425781
0.976562
0.546875
0.175781
-0.073242
-0.258789
-0.317383
-0.185547
-0.078125
0.205078
0.517578
1.000977
1.494141
1.997070
2.514648
3.056641
3.569336
4.023438
4.443359
4.726562
4.975586
5.083008
5.112305
5.004883
4.819336
4.511719
4.121094
3.701172
3.193359
2.680664
2.128906
1.601562
1.113281
0.659180
0.273438
-0.009766
-0.190430
-0.258789
-0.244141
-0.112305
0.112305
0.458984
0.859375
1.376953
1.875000
2.373047
2.905273
3.447266
3.930664
4.335938
4.604492
4.921875
5.083008
5.102539
5.053711
4.853516
4.614258
4.291992
3.867188
3.344727
2.773438
2.270508
1.752930
1.254883
0.815430
0.400391
0.068359
-0.131836
-0.239258
-0.249023
-0.156250
0.029297
0.380859
0.776367
1.225586
1.708984
2.260742
2.827148
3.330078
3.789062
4.223633
4.614258
4.863281
5.034180
5.117188
5.083008
4.921875
4.682617
4.340820
3.906250
3.491211
2.939453
2.382812
1.855469
1.352539
0.874023
0.473633
0.151367
-0.087891
-0.219727
-0.278320
-0.141602
0.043945
0.336914
0.668945
1.083984
1.616211
2.163086
2.690430
3.193359
3.710938
4.116211
4.506836
4.794922
4.980469
5.097656
5.083008
4.926758
4.687500
4.428711
3.999023
3.564453
3.046875
2.524414
1.987305
1.455078
0.971680
0.576172
0.146484
-0.068359
-0.253906
-0.278320
-0.185547
-0.024414
0.209961
0.566406
1.000977
1.479492
1.997070
2.514648
3.061523
3.554688
4.047852
4.423828
4.746094
4.941406
5.097656
5.131836
5.034180
4.794922
4.501953
4.145508
3.691406
3.168945
2.661133
2.128906
1.591797
1.108398
0.659180
0.263672
-0.014648
-0.170898
-0.258789
-0.224609
-0.087891
0.131836
0.483398
0.854492
1.347656
1.840820
2.363281
2.954102
3.476562
3.955078
4.345703
4.702148
4.916992
5.107422
5.107422
5.092773
4.882812
4.619141
4.291992
3.813477
3.320312
2.851562
2.304688
1.772461
1.235352
0.800781
0.410156
0.078125
-0.092773
-0.229492
-0.249023
-0.126953
0.092773
0.434570
0.800781
1.250000
1.752930
2.280273
2.827148
3.354492
3.867188
4.272461
4.638672
4.887695
5.043945
5.102539
5.048828
4.970703
4.682617
4.321289
3.950195
3.457031
2.968750
2.407227
1.850586
1.362305
0.854492
0.449219
0.156250
-0.063477
-0.224609
-0.253906
-0.214844
-0.009766
0.312500
0.688477
1.049805
1.567383
2.119141
2.661133
3.232422
3.676758
4.160156
4.487305
4.819336
5.009766
5.107422
5.078125
4.970703
4.716797
4.414062
3.999023
3.549805
3.056641
2.514648
1.992188
1.464844
0.957031
0.546875
0.205078
-0.058594
-0.244141
-0.336914
-0.224609
-0.087891
0.190430
0.537109
0.976562
1.459961
1.982422
2.543945
3.056641
3.554688
4.033203
4.448242
4.755859
4.985352
5.068359
5.107422
4.990234
4.833984
4.501953
4.155273
3.740234
3.222656
2.675781
2.099609
1.591797
1.108398
0.664062
0.258789
0.039062
-0.175781
-0.239258
-0.268555
-0.122070
0.107422
0.444336
0.908203
1.303711
1.811523
2.382812
2.949219
3.432617
3.930664
4.316406
4.663086
4.892578
5.092773
5.131836
5.048828
4.848633
4.599609
4.282227
3.862305
3.398438
2.817383
2.260742
1.772461
1.206055
0.791016
0.375977
0.063477
-0.146484
-0.249023
-0.258789
-0.117188
0.058594
0.380859
0.776367
1.196289
1.694336
2.265625
2.807617
3.295898
3.789062
4.218750
4.584961
4.907227
5.048828
5.112305
5.073242
4.951172
4.672852
4.340820
3.935547
3.437500
2.944336
2.421875
1.870117
1.347656
0.913086
0.458984
0.151367
-0.092773
-0.224609
-0.229492
-0.156250
0.024414
0.297852
0.683594
1.113281
1.640625
2.148438
2.661133
3.164062
3.671875
4.116211
4.492188
4.755859
4.956055
5.112305
5.102539
4.951172
4.755859
4.384766
4.008789
3.574219
3.095703
2.485352
1.943359
1.420898
0.961914
0.561523
0.209961
-0.058594
-0.195312
-0.283203
-0.224609
-0.048828
0.209961
0.537109
0.976562
1.450195
1.982422
2.495117
3.076172
3.569336
4.047852
4.438477
4.746094
4.956055
5.112305
5.117188
5.048828
4.838867
4.550781
4.130859
3.706055
3.217773
2.685547
2.138672
1.606445
1.098633
0.678711
0.263672
-0.009766
-0.166016
-0.253906
-0.195312
-0.043945
0.097656
0.502930
0.859375
1.347656
1.840820
2.412109
2.968750
3.466797
3.955078
4.345703
4.707031
4.980469
5.131836
5.136719
5.034180
4.858398
4.638672
4.296875
3.872070
3.374023
2.832031
2.250977
1.752930
1.274414
0.800781
0.419922
0.058594
-0.141602
-0.249023
-0.224609
-0.107422
0.107422
0.429688
0.810547
1.225586
1.723633
2.280273
2.792969
3.388672
3.774414
4.272461
4.580078
4.853516
5.024414
5.107422
5.102539
4.921875
4.716797
4.365234
3.940430
3.481445
2.983398
2.431641
1.875000
1.342773
0.849609
0.488281
0.166016
-0.092773
-0.278320
-0.249023
-0.156250
-0.034180
0.273438
0.644531
1.152344
1.572266
2.138672
2.636719
3.183594
3.706055
4.135742
4.536133
4.799805
5.009766
5.078125
5.083008
4.995117
4.721680
4.418945
4.023438
3.540039
3.081055
2.504883
1.962891
1.440430
0.966797
0.566406
0.190430
-0.058594
-0.258789
-0.332031
-0.258789
-0.078125
0.209961
0.571289
0.976562
1.479492
1.977539
2.504883
3.056641
3.588867
4.042969
4.423828
4.746094
4.985352
5.073242
5.097656
5.039062
4.814453
4.501953
4.125977
3.720703
3.178711
2.680664
2.128906
1.577148
1.132812
0.644531
0.234375
-0.014648
-0.161133
-0.263672
-0.283203
-0.102539
0.126953
0.463867
0.874023
1.337891
1.860352
2.363281
2.949219
3.471680
3.925781
4.345703
4.667969
4.916992
5.048828
5.107422
5.034180
4.882812
4.628906
4.277344
3.872070
3.344727
2.792969
2.246094
1.708984
1.206055
0.781250
0.366211
0.053711
-0.166016
-0.258789
-0.273438
-0.122070
0.073242
0.371094
0.747070
1.210938
1.738281
2.231445
2.817383
3.354492
3.813477
4.213867
4.599609
4.902344
5.058594
5.107422
5.063477
4.936523
4.716797
4.350586
3.955078
3.457031
2.924805
2.436523
1.855469
1.367188
0.893555
0.463867
0.180664
-0.092773
-0.234375
-0.244141
-0.151367
0.024414
0.297852
0.673828
1.103516
1.611328
2.153320
2.646484
3.188477
3.681641
4.121094
4.516602
4.804688
5.029297
5.048828
5.063477
4.946289
4.731445
4.399414
4.028320
3.593750
3.046875
2.514648
1.962891
1.464844
0.986328
0.532227
0.195312
-0.058594
-0.234375
-0.263672
-0.180664
-0.034180
0.200195
0.581055
0.971680
1.459961
1.953125
2.539062
3.041992
3.564453
4.013672
4.394531
4.726562
4.990234
5.097656
5.112305
5.004883
4.819336
4.506836
4.165039
3.671875
3.212891
2.680664
2.148438
1.582031
1.103516
0.659180
0.292969
-0.004883
-0.180664
-0.278320
-0.239258
-0.083008
0.141602
0.463867
0.864258
1.347656
1.889648
2.407227
2.939453
3.432617
3.955078
4.355469
4.667969
4.970703
5.083008
5.107422
5.043945
4.892578
4.604492
4.277344
3.847656
3.383789
2.832031
2.324219
1.782227
1.259766
0.820312
0.419922
0.087891
-0.092773
-0.205078
-0.219727
-0.092773
0.078125
0.375977
0.786133
1.230469
1.723633
2.275391
2.792969
3.305664
3.842773
4.267578
4.604492
4.882812
5.024414
5.092773
5.083008
4.931641
4.658203
4.375000
3.940430
3.491211
2.939453
2.382812
1.914062
1.362305
0.864258
0.449219
0.122070
-0.107422
-0.205078
-0.292969
-0.156250
0.024414
0.336914
0.639648
1.093750
1.582031
2.119141
2.690430
3.164062
3.676758
4.101562
4.482422
4.799805
5.004883
5.097656
5.058594
4.956055
4.731445
4.394531
4.003906
3.544922
3.051758
2.470703
1.972656
1.450195
0.942383
0.527344
0.190430
-0.083008
-0.239258
-0.288086
-0.239258
-0.058594
0.200195
0.546875
0.961914
1.474609
1.958008
2.524414
3.056641
3.530273
4.042969
4.423828
4.746094
4.956055
5.058594
5.097656
5.034180
4.799805
4.526367
4.150391
3.710938
3.178711
2.626953
2.114258
1.582031
1.079102
0.629883
0.263672
0.024414
-0.214844
-0.288086
-0.253906
-0.112305
0.166016
0.483398
0.878906
1.289062
1.850586
2.392578
2.905273
3.432617
3.916016
4.311523
4.682617
4.931641
5.029297
5.156250
5.014648
4.868164
4.624023
4.291992
3.867188
3.339844
2.797852
2.290039
1.733398
1.264648
0.776367
0.371094
0.058594
-0.122070
-0.278320
-0.249023
-0.146484
0.058594
0.366211
0.771484
1.191406
1.728516
2.260742
2.792969
