1.733398
1.206055
0.712891
0.336914
0.053711
-0.136719
-0.239258
-0.244141
-0.117188
0.063477
0.400391
0.776367
1.191406
1.752930
2.265625
2.812500
3.315430
3.828125
4.199219
4.560547
4.868164
5.034180
5.092773
5.087891
4.936523
4.648438
4.301758
3.925781
3.437500
2.905273
2.348633
1.782227
1.333008
0.791016
0.454102
0.107422
-0.092773
-0.234375
-0.249023
-0.209961
0.014648
0.317383
0.668945
1.123047
1.591797
2.167969
2.714844
3.203125
3.701172
4.179688
4.545898
4.833984
5.029297
5.107422
5.083008
4.980469
4.726562
4.414062
3.999023
3.510742
3.037109
2.456055
1.918945
1.391602
0.966797
0.483398
0.175781
-0.122070
-0.297852
-0.317383
-0.249023
-0.058594
0.170898
0.512695
0.971680
1.440430
1.948242
2.519531
3.056641
3.569336
4.047852
4.423828
4.755859
4.946289
5.092773
5.083008
4.995117
4.790039
4.506836
4.101562
3.671875
3.173828
2.631836
2.119141
1.557617
1.064453
0.644531
0.249023
-0.019531
-0.175781
-0.253906
-0.244141
-0.102539
0.170898
0.498047
0.903320
1.333008
1.865234
2.358398
2.919922
3.466797
3.906250
4.331055
4.687500
4.916992
5.083008
5.136719
5.034180
4.868164
4.624023
4.282227
3.813477
3.315430
2.773438
2.221680
1.713867
1.240234
0.781250
0.375977
0.063477
-0.112305
-0.205078
-0.205078
-0.107422
0.092773
0.410156
0.776367
1.274414
1.752930
2.338867
2.851562
3.403320
3.842773
4.282227
4.653320
4.916992
5.068359
5.175781
5.078125
4.936523
4.716797
4.355469
3.925781
3.457031
2.929688
2.387695
1.806641
1.308594
0.859375
0.434570
0.117188
-0.092773
-0.214844
-0.234375
-0.185547
0.014648
0.307617
0.678711
1.074219
1.621094
2.128906
2.656250
3.183594
3.710938
4.169922
4.506836
4.794922
4.970703
5.097656
5.063477
4.946289
4.702148
4.414062
4.008789
3.530273
3.041992
2.451172
1.933594
1.455078
0.952148
0.556641
0.156250
-0.107422
-0.249023
-0.263672
-0.224609
-0.058594
0.180664
0.532227
0.947266
1.450195
1.967773
2.500000
3.046875
3.554688
3.984375
4.423828
4.721680
4.936523
5.097656
5.097656
5.024414
4.794922
4.497070
4.130859
3.681641
3.168945
2.636719
2.084961
1.577148
1.069336
0.620117
0.283203
-0.004883
-0.185547
-0.292969
-0.244141
-0.073242
0.136719
0.444336
0.888672
1.337891
1.845703
2.377930
2.929688
3.471680
3.920898
4.335938
4.648438
4.887695
5.068359
5.107422
5.014648
4.833984
4.560547
4.204102
3.803711
3.325195
2.778320
2.241211
1.708984
1.230469
0.771484
0.341797
0.024414
-0.151367
-0.224609
-0.205078
-0.102539
0.078125
0.390625
0.766602
1.225586
1.748047
2.255859
2.802734
3.339844
3.823242
4.223633
4.599609
4.877930
5.048828
5.092773
5.063477
4.926758
4.653320
4.282227
3.876953
3.447266
2.924805
2.348633
1.855469
1.298828
0.849609
0.419922
0.102539
-0.087891
-0.229492
-0.292969
-0.185547
0.053711
0.322266
0.644531
1.103516
1.630859
2.158203
2.700195
3.212891
3.720703
4.150391
4.545898
4.829102
5.039062
5.112305
5.092773
4.990234
4.721680
4.389648
4.013672
3.559570
3.041992
2.441406
1.904297
1.430664
0.942383
0.566406
0.209961
-0.087891
-0.283203
-0.317383
-0.234375
-0.087891
0.200195
0.537109
0.947266
1.450195
2.006836
2.500000
3.071289
3.564453
4.038086
4.404297
4.746094
4.931641
5.078125
5.068359
5.024414
4.799805
4.501953
4.106445
3.662109
3.144531
2.651367
2.094727
1.557617
1.083984
0.605469
0.288086
-0.034180
-0.190430
-0.278320
-0.249023
-0.097656
0.126953
0.478516
0.878906
1.342773
1.850586
2.377930
2.929688
3.471680
3.911133
4.311523
4.687500
4.912109
5.083008
5.126953
5.029297
4.858398
4.584961
4.233398
3.837891
3.295898
2.788086
2.246094
1.708984
1.225586
0.805664
0.419922
0.117188
-0.117188
-0.214844
-0.244141
-0.107422
0.097656
0.424805
0.786133
1.230469
1.738281
2.324219
2.875977
3.393555
3.881836
4.243164
4.628906
4.956055
5.131836
5.190430
5.083008
4.956055
4.721680
4.331055
3.896484
3.408203
2.919922
2.363281
1.811523
1.313477
0.869141
0.429688
0.126953
-0.107422
-0.249023
-0.229492
-0.146484
0.024414
0.288086
0.703125
1.152344
1.621094
2.158203
2.695312
3.203125
3.710938
4.179688
4.526367
4.819336
4.995117
5.087891
5.097656
4.970703
4.750977
4.414062
3.979492
3.544922
3.027344
2.514648
1.982422
1.435547
0.937500
0.551758
0.180664
-0.058594
-0.239258
-0.302734
-0.249023
-0.063477
0.209961
0.541992
0.981445
1.445312
1.953125
2.529297
3.051758
3.564453
4.003906
4.394531
4.721680
4.936523
5.063477
5.097656
4.985352
4.804688
4.497070
4.130859
3.681641
3.183594
2.661133
2.099609
1.552734
1.044922
0.610352
0.273438
-0.039062
-0.214844
-0.273438
-0.234375
-0.126953
0.156250
0.498047
0.898438
1.342773
1.840820
2.363281
2.915039
3.437500
3.886719
4.335938
4.682617
4.887695
5.048828
5.083008
5.053711
4.829102
4.570312
4.223633
3.803711
3.271484
2.778320
2.246094
1.679688
1.166992
0.722656
0.371094
0.014648
-0.126953
-0.205078
-0.239258
-0.107422
0.107422
0.375977
0.795898
1.206055
1.733398
2.250977
2.802734
3.339844
3.823242
4.213867
4.565430
4.843750
5.043945
5.146484
5.048828
4.882812
4.638672
4.326172
3.920898
3.413086
2.890625
2.353516
1.806641
1.308594
0.874023
0.419922
0.112305
-0.078125
-0.249023
-0.263672
-0.161133
0.019531
0.322266
0.698242
1.108398
1.596680
2.143555
2.700195
3.203125
3.701172
4.150391
4.570312
4.833984
5.019531
5.097656
5.107422
5.000000
4.746094
4.423828
3.974609
3.510742
3.012695
2.475586
1.967773
1.381836
0.903320
0.493164
0.166016
-0.126953
-0.268555
-0.312500
-0.224609
-0.058594
0.249023
0.571289
0.971680
1.479492
1.982422
2.539062
3.032227
3.549805
4.003906
4.399414
4.765625
4.975586
5.102539
5.063477
4.995117
4.794922
4.501953
4.116211
3.671875
3.154297
2.626953
2.084961
1.562500
1.103516
0.654297
0.278320
-0.009766
-0.209961
-0.273438
-0.229492
-0.107422
0.122070
0.488281
0.874023
1.337891
1.855469
2.382812
2.978516
3.471680
3.886719
4.350586
4.697266
4.916992
5.078125
5.063477
5.053711
4.843750
4.604492
4.252930
3.808594
3.354492
2.778320
2.265625
1.738281
1.235352
0.776367
0.400391
0.097656
-0.180664
-0.209961
-0.219727
-0.092773
0.122070
0.385742
0.805664
1.235352
1.752930
2.304688
2.880859
3.383789
3.876953
4.301758
4.653320
4.921875
5.078125
5.107422
5.107422
4.956055
4.711914
4.321289
3.945312
3.417969
2.929688
2.377930
1.831055
1.274414
0.839844
0.419922
0.117188
-0.102539
-0.258789
-0.258789
-0.146484
0.014648
0.361328
0.698242
1.103516
1.596680
2.128906
2.680664
3.242188
3.671875
4.150391
4.541016
4.790039
5.009766
5.048828
5.092773
4.975586
4.702148
4.428711
4.013672
3.540039
3.056641
2.548828
1.923828
1.455078
0.957031
0.517578
0.219727
-0.097656
-0.263672
-0.273438
-0.205078
-0.087891
0.229492
0.517578
0.966797
1.450195
1.972656
2.514648
3.061523
3.540039
4.003906
4.409180
4.716797
4.931641
5.083008
5.107422
5.004883
4.785156
4.501953
4.121094
3.710938
3.164062
2.607422
2.099609
1.572266
1.088867
0.620117
0.253906
0.000000
-0.195312
-0.273438
-0.239258
-0.126953
0.112305
0.463867
0.883789
1.342773
1.831055
2.407227
2.885742
3.471680
3.950195
4.350586
4.643555
4.887695
5.029297
5.097656
5.058594
4.848633
4.589844
4.194336
3.774414
3.281250
2.797852
2.197266
1.679688
1.166992
0.732422
0.341797
0.058594
-0.156250
-0.239258
-0.200195
-0.117188
0.063477
0.390625
0.742188
1.264648
1.733398
2.290039
2.792969
3.320312
3.813477
4.257812
4.604492
4.848633
5.048828
5.112305
5.053711
4.916992
4.638672
4.316406
3.886719
3.403320
2.890625
2.387695
1.801758
1.308594
0.834961
0.444336
0.107422
-0.117188
-0.229492
-0.258789
-0.209961
0.024414
0.312500
0.664062
1.103516
1.586914
2.158203
2.680664
3.227539
3.686523
4.121094
4.526367
4.838867
5.063477
5.107422
5.073242
4.980469
4.775391
4.418945
4.023438
3.535156
3.002930
2.460938
1.909180
1.396484
0.947266
0.522461
0.136719
-0.097656
-0.258789
-0.292969
-0.253906
-0.092773
0.175781
0.561523
0.961914
1.455078
1.943359
2.500000
3.046875
3.569336
4.013672
4.448242
4.697266
4.970703
5.087891
5.083008
4.995117
4.775391
4.492188
4.125977
3.662109
3.164062
2.646484
2.089844
1.572266
1.069336
0.615234
0.283203
-0.014648
-0.205078
-0.258789
-0.229492
-0.087891
0.166016
0.488281
0.898438
1.347656
1.855469
2.368164
2.905273
3.457031
3.886719
4.365234
4.697266
4.941406
5.068359
5.122070
5.048828
4.863281
4.594727
4.257812
3.813477
3.320312
2.768555
2.246094
1.733398
1.235352
0.747070
0.371094
0.083008
-0.156250
-0.175781
-0.239258
-0.136719
0.092773
0.449219
0.849609
1.240234
1.757812
2.265625
2.866211
3.388672
3.852539
4.272461
4.604492
4.912109
5.083008
5.161133
5.136719
4.897461
4.692383
4.335938
3.872070
3.437500
2.939453
2.353516
1.806641
1.303711
0.849609
0.434570
0.131836
-0.097656
-0.253906
-0.253906
-0.170898
0.039062
0.297852
0.678711
1.118164
1.635742
2.138672
2.695312
3.242188
3.691406
4.174805
4.565430
4.775391
5.009766
5.097656
5.097656
4.931641
4.716797
4.414062
4.028320
3.554688
3.027344
2.514648
1.918945
1.445312
0.971680
0.537109
0.166016
-0.092773
-0.244141
-0.307617
-0.224609
-0.073242
0.195312
0.546875
0.966797
1.445312
1.972656
2.500000
3.046875
3.535156
4.008789
4.404297
4.702148
4.941406
5.092773
5.102539
5.009766
4.814453
4.511719
4.130859
3.652344
3.183594
2.636719
2.124023
1.547852
1.049805
0.610352
0.273438
-0.048828
-0.205078
-0.283203
-0.234375
-0.117188
0.126953
0.493164
0.903320
1.333008
1.865234
2.373047
2.949219
3.461914
3.906250
4.340820
4.638672
4.892578
5.063477
5.107422
5.029297
4.838867
4.570312
4.257812
3.828125
3.251953
2.749023
2.241211
1.704102
1.181641
0.732422
0.312500
0.078125
-0.151367
-0.253906
-0.258789
-0.131836
0.063477
0.400391
0.800781
1.230469
1.752930
2.255859
2.827148
3.330078
3.823242
4.248047
4.604492
4.877930
5.043945
5.122070
5.078125
4.892578
4.692383
4.311523
3.881836
3.442383
2.924805
2.377930
1.821289
1.308594
0.844727
0.439453
0.097656
-0.112305
-0.244141
-0.283203
-0.200195
0.024414
0.288086
0.673828
1.108398
1.611328
2.153320
2.680664
3.208008
3.701172
4.125977
4.555664
4.814453
4.985352
5.092773
5.102539
4.995117
4.721680
4.418945
4.033203
3.530273
3.022461
2.490234
1.982422
1.455078
0.952148
0.502930
0.151367
-0.102539
-0.288086
-0.292969
-0.273438
-0.087891
0.170898
0.522461
0.971680
1.464844
1.987305
2.504883
3.037109
3.559570
4.018555
4.399414
4.711914
4.951172
5.073242
5.083008
5.000000
4.794922
4.492188
4.106445
3.662109
3.188477
2.636719
2.075195
1.577148
1.074219
0.664062
0.263672
0.009766
-0.195312
-0.258789
-0.244141
-0.107422
0.126953
0.454102
0.903320
1.362305
1.865234
2.402344
2.910156
3.452148
3.920898
4.287109
4.677734
4.970703
5.053711
5.078125
5.053711
4.897461
4.565430
4.243164
3.803711
3.320312
2.822266
2.294922
1.767578
1.250000
0.742188
0.375977
0.068359
-0.087891
-0.185547
-0.200195
-0.117188
0.102539
0.400391
0.820312
1.250000
1.762695
2.265625
2.807617
3.315430
3.862305
4.291992
4.648438
4.941406
5.063477
5.087891
5.078125
4.936523
4.707031
4.379883
3.920898
3.417969
2.939453
2.387695
1.806641
1.303711
0.839844
0.449219
0.117188
-0.117188
-0.253906
-0.234375
-0.180664
0.034180
0.332031
0.668945
1.118164
1.625977
2.114258
2.700195
3.237305
3.715820
4.116211
4.526367
4.824219
5.024414
5.097656
5.073242
4.970703
4.697266
4.418945
4.013672
3.496094
3.051758
2.460938
1.962891
1.425781
0.961914
0.566406
0.166016
-0.087891
-0.229492
-0.312500
-0.175781
-0.053711
0.205078
0.512695
0.986328
1.479492
1.982422
2.500000
3.056641
3.535156
4.003906
4.414062
4.736328
4.941406
5.107422
5.083008
5.004883
4.799805
4.501953
4.121094
3.666992
3.159180
2.636719
2.070312
1.562500
1.079102
0.639648
0.283203
-0.009766
-0.205078
-0.219727
-0.258789
-0.097656
0.151367
0.488281
0.893555
1.367188
1.894531
2.363281
2.944336
3.461914
3.906250
4.311523
4.658203
4.936523
5.078125
5.112305
5.034180
4.809570
4.565430
4.213867
3.818359
3.300781
2.768555
2.207031
1.689453
1.157227
0.737305
0.366211
0.014648
-0.166016
-0.234375
-0.253906
-0.126953
0.097656
0.449219
0.795898
1.269531
1.767578
2.275391
2.807617
3.334961
3.823242
4.248047
4.633789
4.877930
5.034180
5.097656
5.078125
4.897461
4.677734
4.316406
3.901367
3.408203
2.905273
2.333984
1.831055
1.284180
0.859375
0.454102
0.107422
-0.078125
-0.249023
-0.258789
-0.185547
0.000000
0.297852
0.668945
1.108398
1.616211
2.128906
2.666016
3.208008
3.715820
4.145508
4.541016
4.838867
5.004883
5.097656
5.102539
4.965820
4.760742
4.414062
4.018555
3.540039
3.022461
2.475586
1.933594
1.396484
0.903320
0.517578
0.151367
-0.126953
-0.249023
-0.351562
-0.219727
-0.102539
0.156250
0.532227
0.957031
1.445312
1.943359
2.509766
3.071289
3.608398
4.028320
4.409180
4.711914
4.936523
5.078125
5.083008
5.014648
4.804688
4.506836
4.111328
3.662109
3.168945
2.612305
2.089844
1.547852
1.064453
0.634766
0.253906
-0.004883
-0.205078
-0.258789
-0.209961
-0.078125
0.146484
0.473633
0.898438
1.357422
1.835938
2.387695
2.944336
3.466797
3.906250
4.326172
4.653320
4.931641
5.097656
5.126953
5.029297
4.858398
4.594727
4.257812
3.818359
3.266602
2.778320
2.246094
1.704102
1.240234
0.791016
0.380859
0.058594
-0.161133
-0.239258
-0.239258
-0.117188
0.126953
0.424805
0.815430
1.235352
1.777344
2.270508
2.841797
3.417969
3.833008
4.262695
4.619141
4.897461
5.102539
5.078125
5.107422
4.926758
4.687500
4.370117
3.935547
3.432617
2.915039
2.373047
1.806641
1.318359
0.815430
0.449219
0.122070
-0.097656
-0.205078
-0.209961
-0.170898
0.083008
0.312500
0.668945
1.103516
1.611328
2.158203
2.656250
3.212891
3.696289
4.150391
4.526367
4.809570
4.970703
5.078125
5.063477
4.956055
4.667969
4.384766
3.979492
3.535156
3.090820
2.504883
1.948242
1.406250
0.922852
0.527344
0.185547
-0.078125
-0.244141
-0.273438
-0.190430
-0.039062
0.190430
0.576172
0.991211
1.469727
1.938477
2.504883
3.022461
3.549805
3.969727
4.443359
4.726562
4.970703
5.078125
5.097656
4.975586
4.780273
4.506836
4.130859
3.671875
3.183594
2.617188
2.089844
1.542969
1.083984
0.634766
0.253906
-0.014648
-0.156250
-0.273438
-0.273438
-0.117188
0.141602
0.517578
0.869141
1.357422
1.806641
2.377930
2.934570
3.476562
3.955078
4.326172
4.624023
4.873047
5.053711
5.083008
5.019531
4.853516
4.560547
4.223633
3.803711
3.300781
2.758789
2.216797
1.674805
1.152344
0.722656
0.400391
0.043945
-0.156250
-0.224609
-0.263672
-0.146484
0.058594
0.410156
0.834961
1.240234
1.757812
2.265625
2.822266
3.300781
3.837891
4.238281
4.628906
4.858398
5.034180
5.112305
5.078125
4.907227
4.658203
4.301758
3.891602
3.461914
2.871094
2.363281
1.806641
1.323242
0.830078
0.449219
0.131836
-0.136719
-0.234375
-0.292969
-0.161133
0.004883
0.302734
0.659180
1.103516
1.606445
2.163086
2.651367
3.208008
3.706055
4.150391
4.511719
4.833984
5.019531
5.073242
5.131836
5.000000
4.716797
4.423828
4.013672
3.554688
3.056641
2.480469
1.948242
1.396484
0.917969
0.507812
0.156250
-0.126953
-0.263672
-0.302734
-0.249023
-0.068359
0.166016
0.537109
0.971680
1.445312
2.011719
2.495117
3.056641
3.530273
4.013672
4.428711
4.750977
5.000000
5.068359
5.087891
4.980469
4.765625
4.492188
4.135742
3.691406
3.139648
2.617188
2.080078
1.562500
1.079102
0.644531
0.219727
0.004883
-0.190430
-0.258789
-0.239258
-0.117188
0.122070
0.488281
0.874023
1.352539
1.850586
2.407227
2.919922
3.461914
3.925781
4.384766
4.672852
4.887695
5.083008
5.073242
5.048828
4.843750
4.594727
4.252930
3.793945
3.310547
2.792969
2.236328
1.738281
1.230469
0.756836
0.371094
0.097656
-0.112305
-0.200195
-0.219727
-0.087891
0.053711
0.390625
0.825195
1.240234
1.748047
2.309570
2.797852
3.330078
3.803711
4.301758
4.619141
4.921875
5.058594
5.112305
5.053711
4.936523
4.682617
4.335938
3.891602
3.476562
2.929688
2.373047
1.845703
1.298828
0.878906
0.419922
0.136719
-0.087891
-0.249023
-0.209961
-0.180664
0.000000
0.288086
0.659180
1.123047
1.616211
2.158203
2.617188
3.217773
3.715820
4.194336
4.526367
4.809570
5.004883
5.107422
5.063477
4.980469
4.711914
4.389648
4.018555
3.544922
3.022461
2.509766
1.938477
1.450195
0.942383
0.551758
0.200195
-0.068359
-0.234375
-0.297852
-0.224609
-0.058594
0.195312
0.522461
0.966797
1.440430
1.977539
2.539062
3.022461
3.574219
4.018555
4.414062
4.736328
4.936523
5.053711
5.097656
5.000000
4.790039
4.536133
4.106445
3.686523
3.178711
2.636719
2.124023
1.567383
1.088867
0.629883
0.268555
-0.014648
-0.170898
-0.273438
-0.224609
-0.087891
0.136719
0.502930
0.893555
1.372070
1.835938
2.397461
2.939453
3.457031
3.964844
4.321289
4.648438
4.897461
5.063477
5.122070
5.014648
4.868164
4.570312
4.218750
3.784180
3.295898
2.758789
2.221680
1.679688
1.201172
0.751953
0.371094
0.034180
-0.131836
-0.224609
-0.283203
-0.126953
0.083008
0.390625
0.815430
1.230469
1.748047
2.290039
2.792969
3.325195
3.833008
4.252930
4.599609
4.877930
5.039062
5.078125
5.058594
4.907227
4.667969
4.321289
3.881836
3.422852
2.900391
2.363281
1.806641
1.313477
0.864258
0.468750
0.141602
-0.122070
-0.263672
-0.263672
-0.185547
0.029297
0.307617
0.649414
1.118164
1.616211
2.138672
2.670898
3.173828
3.710938
4.179688
4.541016
4.838867
5.024414
5.097656
5.083008
4.995117
4.726562
4.443359
4.003906
3.544922
2.998047
2.495117
1.933594
1.420898
0.961914
0.512695
0.141602
-0.107422
-0.253906
-0.302734
-0.205078
-0.043945
0.209961
0.546875
0.996094
1.464844
1.987305
2.514648
3.046875
3.583984
4.057617
4.428711
4.736328
4.956055
5.078125
5.126953
5.029297
4.814453
4.477539
4.096680
3.706055
3.183594
2.631836
2.124023
1.562500
1.083984
0.625000
0.292969
-0.009766
-0.219727
-0.268555
-0.239258
-0.068359
0.126953
0.512695
0.898438
1.342773
1.865234
2.377930
2.924805
3.466797
3.930664
4.360352
4.677734
4.921875
5.073242
5.097656
5.063477
4.916992
4.599609
4.233398
3.789062
3.295898
2.783203
2.250977
1.728516
1.196289
0.747070
0.351562
0.107422
-0.117188
-0.224609
-0.205078
-0.092773
0.136719
0.429688
0.781250
1.215820
1.791992
2.265625
2.861328
3.334961
3.828125
4.301758
4.624023
4.907227
5.083008
5.102539
5.092773
4.931641
4.711914
4.331055
3.920898
3.457031
2.919922
2.377930
1.811523
1.333008
0.859375
0.415039
0.117188
-0.102539
-0.224609
-0.273438
-0.170898
-0.014648
0.312500
0.664062
1.127930
1.635742
2.148438
2.656250
3.183594
3.710938
4.106445
4.501953
4.843750
4.970703
5.092773
5.092773
4.980469
4.711914
4.409180
4.028320
3.535156
3.046875
2.500000
1.948242
1.430664
0.932617
0.541992
0.195312
-0.083008
-0.205078
-0.292969
-0.205078
-0.078125
0.195312
0.512695
0.961914
1.459961
1.982422
2.519531
3.017578
3.564453
4.028320
4.414062
4.726562
4.941406
5.068359
5.102539
5.019531
4.804688
4.487305
4.086914
3.730469
3.168945
2.612305
2.089844
1.557617
1.059570
0.644531
0.258789
0.000000
-0.166016
-0.263672
-0.239258
-0.112305
0.136719
0.439453
0.859375
1.357422
1.850586
2.397461
2.939453
3.471680
3.906250
4.331055
4.633789
4.956055
5.102539
5.058594
5.039062
4.833984
4.580078
4.243164
3.833008
3.295898
2.783203
2.226562
1.674805
1.171875
0.737305
0.390625
0.058594
-0.175781
-0.234375
-0.258789
-0.136719
0.068359
0.366211
0.791016
1.240234
1.733398
2.260742
2.832031
3.334961
3.813477
4.272461
4.589844
4.877930
5.058594
5.073242
5.058594
4.882812
4.667969
4.345703
3.911133
3.403320
2.929688
2.377930
1.816406
1.284180
0.839844
0.478516
0.122070
-0.097656
-0.249023
-0.253906
-0.166016
-0.014648
0.346680
0.678711
1.103516
1.621094
2.143555
2.685547
3.208008
