80.000000
980.000000
2296.000000
3552.000000
4612.000000
5220.000000
5356.000000
4992.000000
4164.000000
2944.000000
1456.000000
-124.000000
-1728.000000
-3168.000000
-4352.000000
-5132.000000
-5464.000000
-5304.000000
-4640.000000
-3632.000000
-2264.000000
-680.000000
960.000000
2512.000000
3784.000000
4772.000000
5280.000000
5280.000000
4840.000000
3904.000000
2672.000000
1192.000000
-428.000000
-1992.000000
-3412.000000
-4528.000000
-5204.000000
-5476.000000
-5228.000000
-4532.000000
-3420.000000
-2008.000000
-384.000000
1236.000000
2748.000000
4000.000000
4908.000000
5328.000000
5268.000000
4712.000000
3756.000000
2444.000000
956.000000
-660.000000
-2228.000000
-3592.000000
-4684.000000
-5280.000000
-5472.000000
-5184.000000
-4408.000000
-3224.000000
-1804.000000
-616.000000
-176.000000
-56.000000
-40.000000
-64.000000
-48.000000
-64.000000
-72.000000
-72.000000
-64.000000
-60.000000
-56.000000
-60.000000
-64.000000
-84.000000
-40.000000
-80.000000
-56.000000
-52.000000
-88.000000
-44.000000
-36.000000
-64.000000
-40.000000
-32.000000
-28.000000
-48.000000
-52.000000
-56.000000
-52.000000
-36.000000
-40.000000
-60.000000
-64.000000
-64.000000
-44.000000
-44.000000
-32.000000
-48.000000
-36.000000
-52.000000
-44.000000
-52.000000
-72.000000
-88.000000
-88.000000
-92.000000
-96.000000
-56.000000
-52.000000
-68.000000
-64.000000
-48.000000
-76.000000
-60.000000
-56.000000
-68.000000
-24.000000
-36.000000
-32.000000
-28.000000
-28.000000
-36.000000
-28.000000
-32.000000
-36.000000
-12.000000
-72.000000
-44.000000
-60.000000
-40.000000
-36.000000
-32.000000
-28.000000
-48.000000
-36.000000
-36.000000
-60.000000
-32.000000
-48.000000
-40.000000
-76.000000
-44.000000
-44.000000
-52.000000
-48.000000
-64.000000
-72.000000
-60.000000
-52.000000
-32.000000
-44.000000
-72.000000
-80.000000
-40.000000
-44.000000
-76.000000
-44.000000
-64.000000
-52.000000
-48.000000
-16.000000
-32.000000
-32.000000
-76.000000
-28.000000
-60.000000
-52.000000
-64.000000
-76.000000
-32.000000
-88.000000
-80.000000
-40.000000
-68.000000
-72.000000
-68.000000
-72.000000
-64.000000
-104.000000
-88.000000
-84.000000
-72.000000
-72.000000
-48.000000
-112.000000
-88.000000
-76.000000
-52.000000
-76.000000
-68.000000
-80.000000
-72.000000
-64.000000
-84.000000
-96.000000
-108.000000
-80.000000
-88.000000
-84.000000
-116.000000
-92.000000
-96.000000
-80.000000
-56.000000
-28.000000
-52.000000
-52.000000
-76.000000
-36.000000
-64.000000
-84.000000
-72.000000
-68.000000
-80.000000
-60.000000
-88.000000
-80.000000
-52.000000
-68.000000
-60.000000
-56.000000
-76.000000
-64.000000
-80.000000
-84.000000
-92.000000
-88.000000
-88.000000
-68.000000
-64.000000
-100.000000
-80.000000
-52.000000
-76.000000
-64.000000
-84.000000
-64.000000
-32.000000
-80.000000
-72.000000
-92.000000
-76.000000
-52.000000
-60.000000
-16.000000
-88.000000
-68.000000
-48.000000
-56.000000
-56.000000
-72.000000
-64.000000
-64.000000
-40.000000
-12.000000
-44.000000
-28.000000
-40.000000
-48.000000
-32.000000
-32.000000
-72.000000
-60.000000
-60.000000
-76.000000
-84.000000
-72.000000
-72.000000
-80.000000
-48.000000
-52.000000
-76.000000
-56.000000
-88.000000
-48.000000
-84.000000
-80.000000
-52.000000
-68.000000
-56.000000
-64.000000
-88.000000
-60.000000
-52.000000
-68.000000
-76.000000
-80.000000
-76.000000
-44.000000
-52.000000
-68.000000
-44.000000
-60.000000
-72.000000
-52.000000
-52.000000
-64.000000
-44.000000
-48.000000
-56.000000
-48.000000
-60.000000
-24.000000
-60.000000
-72.000000
-60.000000
-56.000000
-96.000000
-80.000000
-76.000000
-120.000000
-100.000000
-52.000000
-104.000000
-84.000000
-100.000000
-92.000000
-72.000000
-60.000000
-56.000000
-48.000000
-36.000000
-52.000000
-72.000000
-48.000000
-64.000000
-56.000000
-64.000000
-40.000000
-44.000000
-16.000000
-56.000000
-60.000000
-48.000000
-60.000000
-44.000000
-48.000000
-36.000000
-48.000000
-56.000000
-48.000000
-28.000000
-36.000000
-44.000000
-44.000000
-44.000000
-64.000000
-40.000000
-64.000000
-48.000000
-80.000000
-64.000000
-52.000000
-80.000000
-76.000000
-96.000000
-60.000000
-60.000000
-76.000000
-72.000000
-64.000000
-64.000000
-32.000000
-64.000000
-36.000000
-36.000000
-36.000000
-44.000000
-32.000000
-44.000000
-20.000000
-40.000000
-36.000000
-24.000000
-40.000000
-44.000000
-16.000000
-40.000000
-44.000000
-48.000000
-72.000000
-56.000000
-56.000000
-24.000000
-52.000000
-64.000000
-28.000000
-40.000000
-48.000000
-20.000000
-28.000000
-44.000000
-52.000000
-60.000000
-72.000000
-40.000000
-80.000000
-44.000000
-64.000000
-40.000000
-48.000000
-72.000000
-72.000000
-72.000000
-60.000000
-56.000000
-56.000000
-44.000000
-28.000000
-28.000000
-36.000000
-28.000000
-32.000000
-48.000000
-40.000000
-52.000000
-88.000000
-44.000000
-72.000000
-52.000000
-64.000000
-80.000000
-72.000000
-52.000000
-72.000000
-40.000000
-76.000000
-88.000000
-84.000000
-80.000000
-76.000000
-80.000000
-72.000000
-84.000000
-80.000000
-96.000000
-84.000000
-72.000000
-88.000000
-88.000000
-68.000000
-76.000000
-76.000000
-100.000000
-72.000000
-100.000000
-100.000000
-88.000000
-88.000000
-104.000000
-100.000000
-88.000000
-80.000000
-72.000000
-20.000000
-44.000000
-40.000000
-52.000000
-40.000000
-84.000000
-44.000000
-92.000000
-92.000000
-76.000000
-92.000000
-68.000000
-80.000000
-80.000000
-64.000000
-60.000000
-96.000000
-92.000000
-80.000000
-80.000000
-72.000000
-60.000000
-104.000000
-76.000000
-80.000000
-88.000000
-60.000000
-80.000000
-80.000000
-92.000000
-80.000000
-84.000000
-92.000000
-88.000000
-80.000000
-76.000000
-112.000000
-88.000000
-80.000000
-92.000000
-60.000000
-76.000000
-92.000000
-80.000000
-52.000000
-60.000000
-52.000000
-72.000000
-44.000000
-20.000000
-36.000000
-36.000000
-28.000000
-40.000000
-40.000000
-52.000000
-60.000000
-52.000000
-72.000000
-52.000000
-64.000000
-84.000000
-68.000000
-92.000000
-88.000000
-60.000000
-52.000000
-88.000000
-88.000000
-68.000000
-80.000000
-72.000000
-72.000000
-72.000000
-80.000000
-52.000000
-60.000000
-48.000000
-64.000000
-60.000000
-60.000000
-60.000000
-44.000000
-88.000000
-64.000000
-40.000000
-36.000000
-56.000000
-60.000000
-52.000000
-60.000000
-64.000000
-48.000000
-40.000000
-32.000000
-44.000000
-48.000000
-40.000000
-32.000000
-44.000000
-76.000000
-92.000000
-88.000000
-116.000000
-52.000000
-100.000000
-92.000000
-84.000000
-64.000000
-92.000000
-40.000000
-48.000000
-64.000000
-68.000000
-56.000000
-88.000000
-48.000000
-52.000000
-68.000000
-32.000000
-32.000000
-36.000000
-52.000000
-32.000000
-36.000000
-52.000000
-24.000000
-20.000000
-44.000000
-44.000000
-48.000000
-36.000000
-60.000000
-56.000000
-72.000000
-52.000000
-44.000000
-64.000000
-44.000000
-48.000000
-76.000000
-52.000000
-64.000000
-28.000000
-84.000000
-36.000000
-64.000000
-52.000000
-72.000000
-92.000000
-92.000000
-84.000000
-84.000000
-96.000000
-64.000000
-56.000000
-44.000000
-40.000000
-20.000000
-44.000000
-24.000000
-24.000000
-40.000000
-24.000000
-36.000000
-44.000000
-16.000000
-52.000000
-28.000000
-40.000000
-52.000000
-20.000000
-24.000000
-52.000000
-32.000000
-16.000000
-52.000000
-48.000000
-28.000000
-48.000000
-44.000000
-28.000000
-48.000000
-88.000000
-32.000000
-40.000000
-64.000000
-36.000000
-56.000000
-52.000000
-36.000000
-40.000000
-40.000000
-32.000000
-68.000000
-36.000000
-40.000000
-56.000000
-72.000000
-80.000000
-52.000000
-64.000000
-64.000000
-72.000000
-44.000000
-16.000000
-36.000000
-32.000000
-80.000000
-48.000000
-48.000000
-40.000000
-36.000000
-84.000000
-28.000000
-40.000000
-76.000000
-36.000000
-64.000000
-76.000000
-88.000000
-48.000000
-72.000000
-44.000000
-84.000000
-44.000000
-48.000000
-40.000000
-64.000000
-64.000000
-80.000000
-76.000000
-76.000000
-88.000000
-100.000000
-96.000000
-104.000000
-88.000000
-100.000000
-76.000000
-84.000000
-96.000000
-96.000000
-92.000000
-92.000000
-76.000000
-88.000000
-92.000000
-80.000000
-44.000000
-40.000000
-16.000000
-72.000000
-36.000000
-56.000000
-60.000000
-48.000000
-88.000000
-48.000000
-72.000000
-60.000000
-72.000000
-76.000000
-72.000000
-40.000000
-92.000000
-84.000000
-108.000000
-92.000000
-72.000000
-56.000000
-96.000000
-80.000000
-88.000000
-60.000000
-76.000000
-44.000000
-64.000000
-96.000000
-64.000000
-72.000000
-96.000000
-84.000000
-80.000000
-64.000000
-76.000000
-72.000000
-56.000000
-52.000000
-88.000000
-48.000000
-84.000000
-52.000000
-64.000000
-40.000000
-60.000000
-40.000000
-92.000000
-48.000000
-44.000000
-36.000000
-12.000000
-48.000000
-56.000000
-72.000000
-72.000000
-68.000000
-64.000000
-52.000000
-76.000000
-64.000000
-88.000000
-72.000000
-68.000000
-76.000000
-68.000000
-64.000000
-80.000000
-56.000000
-68.000000
-48.000000
-48.000000
-56.000000
-80.000000
-52.000000
-64.000000
-80.000000
-64.000000
-60.000000
-48.000000
-32.000000
-72.000000
-48.000000
-44.000000
-60.000000
-44.000000
-60.000000
-64.000000
-32.000000
-52.000000
-64.000000
-44.000000
-44.000000
-44.000000
-48.000000
-56.000000
-32.000000
-56.000000
-32.000000
-52.000000
-76.000000
-72.000000
-56.000000
-112.000000
-72.000000
-64.000000
-92.000000
-64.000000
-60.000000
-68.000000
-32.000000
-68.000000
-48.000000
-64.000000
-48.000000
-52.000000
-48.000000
-44.000000
-40.000000
-40.000000
-36.000000
-36.000000
-32.000000
-32.000000
-20.000000
-20.000000
-36.000000
-60.000000
-28.000000
-20.000000
-28.000000
-36.000000
-68.000000
-72.000000
-52.000000
-32.000000
-60.000000
-48.000000
-56.000000
-56.000000
-44.000000
-48.000000
-40.000000
-52.000000
-52.000000
-72.000000
-76.000000
-48.000000
-52.000000
-60.000000
-80.000000
-76.000000
-92.000000
-60.000000
-72.000000
-48.000000
-68.000000
-60.000000
-48.000000
-48.000000
-24.000000
-52.000000
-32.000000
-40.000000
-48.000000
-28.000000
-60.000000
-48.000000
-36.000000
-36.000000
-24.000000
-52.000000
-48.000000
-44.000000
-40.000000
-48.000000
-48.000000
-24.000000
-68.000000
-28.000000
-48.000000
-40.000000
-52.000000
-44.000000
-44.000000
-40.000000
-40.000000
-40.000000
-36.000000
-72.000000
-56.000000
-36.000000
-80.000000
-56.000000
-88.000000
-72.000000
-48.000000
-56.000000
-76.000000
-56.000000
-56.000000
-64.000000
-48.000000
-84.000000
-60.000000
-40.000000
-56.000000
-52.000000
-44.000000
-52.000000
-32.000000
-44.000000
-60.000000
-52.000000
-76.000000
-32.000000
-76.000000
-68.000000
-56.000000
-52.000000
-72.000000
-80.000000
-76.000000
-48.000000
-64.000000
-60.000000
-88.000000
-92.000000
-96.000000
-96.000000
-76.000000
-88.000000
-80.000000
-104.000000
-104.000000
-80.000000
-80.000000
-92.000000
-104.000000
-88.000000
-100.000000
-76.000000
-112.000000
-92.000000
-108.000000
-80.000000
-64.000000
-108.000000
-72.000000
-64.000000
-64.000000
-40.000000
-40.000000
-52.000000
-48.000000
-60.000000
-68.000000
-68.000000
-68.000000
-68.000000
-96.000000
-76.000000
-92.000000
-72.000000
-64.000000
-72.000000
-44.000000
-56.000000
-44.000000
-80.000000
-60.000000
-88.000000
-108.000000
-76.000000
-64.000000
-76.000000
-84.000000
-92.000000
-76.000000
-76.000000
-84.000000
-72.000000
-72.000000
-84.000000
-88.000000
-68.000000
-28.000000
-96.000000
-64.000000
-80.000000
-72.000000
-60.000000
-72.000000
-48.000000
-64.000000
-60.000000
-44.000000
-60.000000
-48.000000
-40.000000
-16.000000
-20.000000
-56.000000
-44.000000
-68.000000
-52.000000
-52.000000
-88.000000
-68.000000
-64.000000
-76.000000
-68.000000
-72.000000
-64.000000
-52.000000
-52.000000
-88.000000
-60.000000
-52.000000
-60.000000
-60.000000
-52.000000
-84.000000
-48.000000
-48.000000
-56.000000
-36.000000
-76.000000
-60.000000
-60.000000
-44.000000
-52.000000
-68.000000
-60.000000
-48.000000
-52.000000
-44.000000
-44.000000
-80.000000
-88.000000
-56.000000
-76.000000
-60.000000
-48.000000
-44.000000
-32.000000
-48.000000
-52.000000
-60.000000
-60.000000
-68.000000
-72.000000
-84.000000
-76.000000
-108.000000
-72.000000
-80.000000
-104.000000
-40.000000
-84.000000
-52.000000
-68.000000
-68.000000
-52.000000
-44.000000
-56.000000
-68.000000
-64.000000
-52.000000
-60.000000
-48.000000
-56.000000
-32.000000
-40.000000
-44.000000
-24.000000
-76.000000
-60.000000
-52.000000
-52.000000
-36.000000
-56.000000
-44.000000
-40.000000
-48.000000
-20.000000
-48.000000
-48.000000
-52.000000
-72.000000
-80.000000
-52.000000
-92.000000
-48.000000
-64.000000
-52.000000
-36.000000
-76.000000
-60.000000
-80.000000
-72.000000
-108.000000
-48.000000
-64.000000
-48.000000
-80.000000
-68.000000
-56.000000
-40.000000
-52.000000
-40.000000
-44.000000
-52.000000
-20.000000
-16.000000
-32.000000
-52.000000
-40.000000
-44.000000
-40.000000
-44.000000
-36.000000
-32.000000
-32.000000
-44.000000
-76.000000
-60.000000
-36.000000
-36.000000
-44.000000
-28.000000
-56.000000
-24.000000
-28.000000
-44.000000
-40.000000
-64.000000
-56.000000
-52.000000
-60.000000
-48.000000
-48.000000
-64.000000
-52.000000
-72.000000
-40.000000
-52.000000
-60.000000
-92.000000
-72.000000
-68.000000
-68.000000
-56.000000
-64.000000
-48.000000
-32.000000
-28.000000
-36.000000
-56.000000
-60.000000
-52.000000
-48.000000
-72.000000
-48.000000
-36.000000
-44.000000
-52.000000
-60.000000
-64.000000
-80.000000
-72.000000
-56.000000
-80.000000
-60.000000
-48.000000
-76.000000
-68.000000
-76.000000
-104.000000
-80.000000
-72.000000
-84.000000
-96.000000
-76.000000
-76.000000
-96.000000
-96.000000
-92.000000
-92.000000
-112.000000
-72.000000
-84.000000
-80.000000
-104.000000
-116.000000
-92.000000
-80.000000
-80.000000
-80.000000
-48.000000
-28.000000
-68.000000
-40.000000
-32.000000
-48.000000
-40.000000
-76.000000
-60.000000
-76.000000
-60.000000
-72.000000
-56.000000
-52.000000
-96.000000
-84.000000
-84.000000
-92.000000
-92.000000
-84.000000
-80.000000
-68.000000
-80.000000
-80.000000
-92.000000
-88.000000
-52.000000
-108.000000
-80.000000
-56.000000
-76.000000
-64.000000
-88.000000
-100.000000
-64.000000
-60.000000
-72.000000
-40.000000
-64.000000
-80.000000
-64.000000
-52.000000
-88.000000
-60.000000
-56.000000
-80.000000
-60.000000
-56.000000
-72.000000
-28.000000
-56.000000
-36.000000
-12.000000
-28.000000
-40.000000
-52.000000
-32.000000
-60.000000
-56.000000
-36.000000
-44.000000
-52.000000
-80.000000
-64.000000
-68.000000
-76.000000
-60.000000
-76.000000
-72.000000
-60.000000
-48.000000
-64.000000
-68.000000
-80.000000
-36.000000
-52.000000
-64.000000
-60.000000
-76.000000
-60.000000
-56.000000
-68.000000
-60.000000
-44.000000
-52.000000
-48.000000
-48.000000
-52.000000
-64.000000
-40.000000
-52.000000
-44.000000
-60.000000
-64.000000
-44.000000
-44.000000
-32.000000
-36.000000
-72.000000
-32.000000
-60.000000
-68.000000
-64.000000
-64.000000
-60.000000
-72.000000
-72.000000
-76.000000
-84.000000
-60.000000
-80.000000
-72.000000
-72.000000
-60.000000
-60.000000
-64.000000
-44.000000
-60.000000
-60.000000
-40.000000
-60.000000
-40.000000
-64.000000
-48.000000
-36.000000
-80.000000
-44.000000
-48.000000
-72.000000
-56.000000
-44.000000
-40.000000
-40.000000
-36.000000
-48.000000
-52.000000
-40.000000
-36.000000
-48.000000
-52.000000
-52.000000
-32.000000
-48.000000
-44.000000
-60.000000
-80.000000
-52.000000
-44.000000
-52.000000
-60.000000
-80.000000
-80.000000
-72.000000
-92.000000
-48.000000
-64.000000
-60.000000
-52.000000
-72.000000
-28.000000
-32.000000
-56.000000
-48.000000
-52.000000
-28.000000
-40.000000
-40.000000
-44.000000
-40.000000
-28.000000
-40.000000
-56.000000
-52.000000
-32.000000
-24.000000
-24.000000
-20.000000
-60.000000
-44.000000
-40.000000
-36.000000
-44.000000
-48.000000
-48.000000
-28.000000
-36.000000
-60.000000
-40.000000
-52.000000
-60.000000
-48.000000
-36.000000
-28.000000
-60.000000
-48.000000
-76.000000
-52.000000
-56.000000
-72.000000
-68.000000
-72.000000
-72.000000
-52.000000
-44.000000
-44.000000
-52.000000
-36.000000
-20.000000
-68.000000
-64.000000
-20.000000
-32.000000
-32.000000
-60.000000
-60.000000
-48.000000
-52.000000
-56.000000
-44.000000
-60.000000
-76.000000
-80.000000
-76.000000
-76.000000
-68.000000
-72.000000
-56.000000
-76.000000
-80.000000
-80.000000
-72.000000
-84.000000
-64.000000
-84.000000
-84.000000
-88.000000
-88.000000
-76.000000
-72.000000
-104.000000
-92.000000
-64.000000
-80.000000
-96.000000
-76.000000
-52.000000
-72.000000
-72.000000
-80.000000
-92.000000
-60.000000
-40.000000
-28.000000
-28.000000
-64.000000
-28.000000
-64.000000
-64.000000
-60.000000
-44.000000
-76.000000
-80.000000
-76.000000
-92.000000
-72.000000
-88.000000
-80.000000
-52.000000
-96.000000
-60.000000
-60.000000
-80.000000
-88.000000
-76.000000
-100.000000
-76.000000
-100.000000
-116.000000
-88.000000
-72.000000
-88.000000
-84.000000
-80.000000
-104.000000
-100.000000
-80.000000
-60.000000
-80.000000
-92.000000
-72.000000
-60.000000
-72.000000
-48.000000
-88.000000
-68.000000
-44.000000
-40.000000
-76.000000
-60.000000
-44.000000
-72.000000
-24.000000
-44.000000
-60.000000
-56.000000
-68.000000
-48.000000
-52.000000
-48.000000
-68.000000
-60.000000
-68.000000
-80.000000
-88.000000
-64.000000
-64.000000
-68.000000
-52.000000
-76.000000
-44.000000
-60.000000
-52.000000
-60.000000
-64.000000
-76.000000
-44.000000
-60.000000
-72.000000
-52.000000
-64.000000
-60.000000
-64.000000
-56.000000
-92.000000
-52.000000
-60.000000
-36.000000
-40.000000
-76.000000
-52.000000
-40.000000
-40.000000
-40.000000
-68.000000
-44.000000
-64.000000
-56.000000
-52.000000
-52.000000
-32.000000
-52.000000
-64.000000
-60.000000
-84.000000
-76.000000
-100.000000
-80.000000
-88.000000
-100.000000
-72.000000
-60.000000
-92.000000
-68.000000
-64.000000
-56.000000
-64.000000
-44.000000
-68.000000
-48.000000
-68.000000
-44.000000
-52.000000
-56.000000
-60.000000
-52.000000
-20.000000
-36.000000
-60.000000
-40.000000
-64.000000
-40.000000
-64.000000
-48.000000
-52.000000
-60.000000
-52.000000
-40.000000
-32.000000
-60.000000
-52.000000
-48.000000
-36.000000
-40.000000
-56.000000
-68.000000
-76.000000
-36.000000
-48.000000
-56.000000
-76.000000
-60.000000
-68.000000
-92.000000
-116.000000
-92.000000
-76.000000
-60.000000
-40.000000
-44.000000
-24.000000
-40.000000
-28.000000
-28.000000
-36.000000
-36.000000
-40.000000
-56.000000
-32.000000
-44.000000
-48.000000
-40.000000
-36.000000
-48.000000
-56.000000
-28.000000
-28.000000
-32.000000
-32.000000
-60.000000
-24.000000
-44.000000
-28.000000
-64.000000
-52.000000
-44.000000
-56.000000
-60.000000
-52.000000
-68.000000
-60.000000
-36.000000
-64.000000
-56.000000
-48.000000
-64.000000
-60.000000
-24.000000
-88.000000
-52.000000
-76.000000
-76.000000
-76.000000
-76.000000
-56.000000
-48.000000
-56.000000
-32.000000
-64.000000
-28.000000
-36.000000
-56.000000
-60.000000
-36.000000
-72.000000
-48.000000
-40.000000
-60.000000
-76.000000
-68.000000
-76.000000
-72.000000
-76.000000
-76.000000
-88.000000
-80.000000
-72.000000
-76.000000
-88.000000
-96.000000
-64.000000
-76.000000
-88.000000
-84.000000
-76.000000
-96.000000
-72.000000
-104.000000
-84.000000
-84.000000
-100.000000
-72.000000
-92.000000
-88.000000
-88.000000
-68.000000
-92.000000
-76.000000
-36.000000
-84.000000
-68.000000
-44.000000
-52.000000
-48.000000
-56.000000
-44.000000
-48.000000
-48.000000
-56.000000
-88.000000
-80.000000
-68.000000
-96.000000
-104.000000
-84.000000
-64.000000
-84.000000
-36.000000
-80.000000
-68.000000
-76.000000
-80.000000
-40.000000
-48.000000
-80.000000
-88.000000
-80.000000
-76.000000
-72.000000
-100.000000
-64.000000
-60.000000
-68.000000
-68.000000
-96.000000
-88.000000
-76.000000
-80.000000
-64.000000
-84.000000
-64.000000
-52.000000
-48.000000
-60.000000
-60.000000
-92.000000
-72.000000
-44.000000
-68.000000
-48.000000
-44.000000
-36.000000
-24.000000
-24.000000
-40.000000
-52.000000
-56.000000
-56.000000
-84.000000
-80.000000
-72.000000
-72.000000
-52.000000
-80.000000
-80.000000
-80.000000
-60.000000
-76.000000
-96.000000
-84.000000
-72.000000
-76.000000
-52.000000
-72.000000
-60.000000
-40.000000
-64.000000
-48.000000
-48.000000
-72.000000
-48.000000
-72.000000
-72.000000
-64.000000
-68.000000
-60.000000
-68.000000
-36.000000
-40.000000
-68.000000
-52.000000
-72.000000
-48.000000
-72.000000
-68.000000
-28.000000
-28.000000
-56.000000
-48.000000
-36.000000
-56.000000
-72.000000
-76.000000
-80.000000
-92.000000
-88.000000
-88.000000
-104.000000
-76.000000
-72.000000
-84.000000
-76.000000
-72.000000
-96.000000
-88.000000
-64.000000
-56.000000
-28.000000
-92.000000
-52.000000
-44.000000
-60.000000
-48.000000
-28.000000
-60.000000
-60.000000
-20.000000
-40.000000
-48.000000
-56.000000
-60.000000
-56.000000
-20.000000
-48.000000
-44.000000
-56.000000
-48.000000
-24.000000
-36.000000
-44.000000
-52.000000
-48.000000
-56.000000
-20.000000
-40.000000
-32.000000
-56.000000
-44.000000
-40.000000
-64.000000
-64.000000
-72.000000
-76.000000
-76.000000
-80.000000
-80.000000
-72.000000
-52.000000
-36.000000
-40.000000
-40.000000
-44.000000
-64.000000
-24.000000
-32.000000
-36.000000
-32.000000
-20.000000
-48.000000
-24.000000
-12.000000
-52.000000
-60.000000
-28.000000
-44.000000
-56.000000
-52.000000
-20.000000
-40.000000
-56.000000
-52.000000
-56.000000
-24.000000
-36.000000
-68.000000
-56.000000
-64.000000
-56.000000
-48.000000
-72.000000
-28.000000
-48.000000
-44.000000
-40.000000
-52.000000
-68.000000
-52.000000
-44.000000
-80.000000
-68.000000
-48.000000
-88.000000
-56.000000
-44.000000
-72.000000
-48.000000
-36.000000
-36.000000
-32.000000
-64.000000
-56.000000
-40.000000
-72.000000
-48.000000
-60.000000
-76.000000
-60.000000
-72.000000
-48.000000
-76.000000
-64.000000
-56.000000
-80.000000
-76.000000
-80.000000
-76.000000
-64.000000
-72.000000
-84.000000
-92.000000
-80.000000
-80.000000
-96.000000
-80.000000
-92.000000
-88.000000
-72.000000
-64.000000
-100.000000
-76.000000
-88.000000
-84.000000
-76.000000
-88.000000
-88.000000
-100.000000
-96.000000
-72.000000
-104.000000
-80.000000
-88.000000
-64.000000
-28.000000
-52.000000
-52.000000
-48.000000
-32.000000
-40.000000
-72.000000
-68.000000
-64.000000
-84.000000
-48.000000
-72.000000
-84.000000
-72.000000
-76.000000
-40.000000
-56.000000
-60.000000
-76.000000
-100.000000
-44.000000
-56.000000
-80.000000
-72.000000
-84.000000
-60.000000
-68.000000
-88.000000
-88.000000
-72.000000
-56.000000
-76.000000
-72.000000
-76.000000
-60.000000
-60.000000
-60.000000
-64.000000
-84.000000
-68.000000
-72.000000
-64.000000
-52.000000
-80.000000
-52.000000
-60.000000
-48.000000
-52.000000
-36.000000
-28.000000
-28.000000
-24.000000
-36.000000
-44.000000
-40.000000
-48.000000
-44.000000
-80.000000
-60.000000
-76.000000
-44.000000
-32.000000
-76.000000
-72.000000
-76.000000
-88.000000
-76.000000
-60.000000
-84.000000
-64.000000
-64.000000
-60.000000
-72.000000
-92.000000
-64.000000
-64.000000
-56.000000
-64.000000
-60.000000
-72.000000
-56.000000
-48.000000
-52.000000
-48.000000
-60.000000
-60.000000
-56.000000
-68.000000
-52.000000
-60.000000
