80.000000
900.000000
2240.000000
3504.000000
4568.000000
5196.000000
5336.000000
4984.000000
4168.000000
2968.000000
1508.000000
-92.000000
-1684.000000
-3104.000000
-4304.000000
-5080.000000
-5420.000000
-5300.000000
-4700.000000
-3644.000000
-2312.000000
-736.000000
884.000000
2420.000000
3748.000000
4720.000000
5228.000000
5296.000000
4864.000000
3976.000000
2724.000000
1228.000000
-364.000000
-1948.000000
-3388.000000
-4488.000000
-5240.000000
-5460.000000
-5256.000000
-4552.000000
-3472.000000
-2040.000000
-456.000000
1196.000000
2720.000000
3968.000000
4896.000000
5320.000000
5304.000000
4764.000000
3788.000000
2516.000000
1016.000000
-620.000000
-2200.000000
-3564.000000
-4624.000000
-5256.000000
-5424.000000
-5148.000000
-4400.000000
-3256.000000
-1792.000000
-620.000000
-172.000000
-44.000000
8.000000
-36.000000
-68.000000
-84.000000
-104.000000
-92.000000
-96.000000
-88.000000
-64.000000
-60.000000
-64.000000
-68.000000
-88.000000
-72.000000
-60.000000
-44.000000
-60.000000
-48.000000
-60.000000
-40.000000
-44.000000
-28.000000
-44.000000
-44.000000
-44.000000
-60.000000
-32.000000
-32.000000
-36.000000
-52.000000
-36.000000
-36.000000
4.000000
-24.000000
-12.000000
-28.000000
-48.000000
-28.000000
-48.000000
-60.000000
-68.000000
-40.000000
-40.000000
-48.000000
-44.000000
-28.000000
-48.000000
-44.000000
-56.000000
-40.000000
-84.000000
-52.000000
-84.000000
-88.000000
-64.000000
-84.000000
-36.000000
-40.000000
-52.000000
-48.000000
-20.000000
-64.000000
-44.000000
-44.000000
-44.000000
-44.000000
-24.000000
-36.000000
-52.000000
-48.000000
-40.000000
-76.000000
-40.000000
-32.000000
-80.000000
-64.000000
-72.000000
-64.000000
-64.000000
-84.000000
-64.000000
-64.000000
-80.000000
-88.000000
-72.000000
-84.000000
-68.000000
-36.000000
-60.000000
-92.000000
-96.000000
-92.000000
-60.000000
-80.000000
-80.000000
-60.000000
-80.000000
-76.000000
-108.000000
-104.000000
-96.000000
-92.000000
-108.000000
-92.000000
-52.000000
-24.000000
-32.000000
-60.000000
-40.000000
-68.000000
-56.000000
-52.000000
-72.000000
-72.000000
-72.000000
-72.000000
-88.000000
-40.000000
-84.000000
-96.000000
-76.000000
-72.000000
-48.000000
-68.000000
-92.000000
-44.000000
-92.000000
-36.000000
-52.000000
-92.000000
-76.000000
-68.000000
-64.000000
-76.000000
-60.000000
-88.000000
-60.000000
-52.000000
-88.000000
-84.000000
-60.000000
-80.000000
-60.000000
-48.000000
-80.000000
-68.000000
-60.000000
-64.000000
-68.000000
-72.000000
-52.000000
-56.000000
-24.000000
-20.000000
-32.000000
-36.000000
-44.000000
-52.000000
-52.000000
-72.000000
-48.000000
-44.000000
-68.000000
-64.000000
-68.000000
-64.000000
-68.000000
-68.000000
-64.000000
-44.000000
-72.000000
-68.000000
-64.000000
-84.000000
-80.000000
-48.000000
-68.000000
-40.000000
-40.000000
-60.000000
-60.000000
-64.000000
-56.000000
-56.000000
-64.000000
-40.000000
-64.000000
-52.000000
-60.000000
-60.000000
-40.000000
-48.000000
-44.000000
-60.000000
-60.000000
-40.000000
-36.000000
-36.000000
-44.000000
-60.000000
-32.000000
-36.000000
-36.000000
-28.000000
-56.000000
-68.000000
-92.000000
-72.000000
-80.000000
-80.000000
-72.000000
-72.000000
-60.000000
-72.000000
-68.000000
-60.000000
-92.000000
-52.000000
-56.000000
-72.000000
-52.000000
-44.000000
-56.000000
-72.000000
-52.000000
-48.000000
-68.000000
-68.000000
-28.000000
-72.000000
-28.000000
-36.000000
-32.000000
-52.000000
-60.000000
-28.000000
-52.000000
-48.000000
-60.000000
-52.000000
-68.000000
-44.000000
-40.000000
-44.000000
-48.000000
-52.000000
-36.000000
-48.000000
-60.000000
-80.000000
-48.000000
-56.000000
-48.000000
-76.000000
-92.000000
-96.000000
-80.000000
-60.000000
-80.000000
-52.000000
-64.000000
-40.000000
-52.000000
-52.000000
-52.000000
-60.000000
-32.000000
-36.000000
-56.000000
-60.000000
-44.000000
-60.000000
-52.000000
-24.000000
-32.000000
-36.000000
-44.000000
-28.000000
-52.000000
-60.000000
-40.000000
-44.000000
-48.000000
-44.000000
-88.000000
-52.000000
-48.000000
-44.000000
-52.000000
-72.000000
-44.000000
-60.000000
-64.000000
-64.000000
-44.000000
-56.000000
-56.000000
-60.000000
-32.000000
-56.000000
-48.000000
-48.000000
-64.000000
-72.000000
-60.000000
-48.000000
-32.000000
-24.000000
-36.000000
-40.000000
-56.000000
-40.000000
-40.000000
-52.000000
-28.000000
-40.000000
-48.000000
-68.000000
-56.000000
-56.000000
-56.000000
-52.000000
-48.000000
-52.000000
-40.000000
-56.000000
-72.000000
-60.000000
-88.000000
-88.000000
-52.000000
-56.000000
-92.000000
-72.000000
-80.000000
-64.000000
-60.000000
-60.000000
-68.000000
-60.000000
-60.000000
-72.000000
-100.000000
-92.000000
-92.000000
-96.000000
-88.000000
-124.000000
-92.000000
-88.000000
-96.000000
-96.000000
-88.000000
-64.000000
-48.000000
-64.000000
-24.000000
-48.000000
-68.000000
-72.000000
-76.000000
-72.000000
-68.000000
-56.000000
-72.000000
-88.000000
-76.000000
-88.000000
-56.000000
-64.000000
-76.000000
-64.000000
-84.000000
-52.000000
-60.000000
-64.000000
-80.000000
-72.000000
-64.000000
-64.000000
-72.000000
-76.000000
-76.000000
-56.000000
-52.000000
-76.000000
-92.000000
-76.000000
-60.000000
-88.000000
-80.000000
-56.000000
-88.000000
-76.000000
-88.000000
-108.000000
-76.000000
-72.000000
-80.000000
-60.000000
-64.000000
-68.000000
-40.000000
-28.000000
-48.000000
-40.000000
-36.000000
-36.000000
-28.000000
-56.000000
-64.000000
-48.000000
-68.000000
-64.000000
-88.000000
-76.000000
-68.000000
-52.000000
-60.000000
-76.000000
-68.000000
-84.000000
-48.000000
-60.000000
-80.000000
-72.000000
-64.000000
-60.000000
-68.000000
-76.000000
-56.000000
-60.000000
-40.000000
-48.000000
-48.000000
-56.000000
-48.000000
-72.000000
-40.000000
-52.000000
-44.000000
-56.000000
-36.000000
-64.000000
-88.000000
-28.000000
-44.000000
-52.000000
-40.000000
-48.000000
-44.000000
-44.000000
-32.000000
-72.000000
-64.000000
-72.000000
-80.000000
-92.000000
-80.000000
-52.000000
-80.000000
-88.000000
-56.000000
-92.000000
-68.000000
-52.000000
-64.000000
-48.000000
-44.000000
-36.000000
-36.000000
-36.000000
-52.000000
-68.000000
-48.000000
-64.000000
-60.000000
-36.000000
-52.000000
-64.000000
-32.000000
-32.000000
-32.000000
-24.000000
-60.000000
-40.000000
-24.000000
-44.000000
-48.000000
-40.000000
-40.000000
-44.000000
-36.000000
-64.000000
-44.000000
-48.000000
-44.000000
-40.000000
-60.000000
-52.000000
-68.000000
-68.000000
-76.000000
-56.000000
-104.000000
-100.000000
-80.000000
-84.000000
-48.000000
-72.000000
-44.000000
-48.000000
-36.000000
-36.000000
-52.000000
-28.000000
-44.000000
-24.000000
-28.000000
-32.000000
-32.000000
-24.000000
-60.000000
-64.000000
-36.000000
-32.000000
-40.000000
-40.000000
-52.000000
-52.000000
-52.000000
-16.000000
-44.000000
-40.000000
-44.000000
-48.000000
-40.000000
-28.000000
-76.000000
-68.000000
-48.000000
-76.000000
-36.000000
-56.000000
-56.000000
-72.000000
-56.000000
-48.000000
-76.000000
-64.000000
-48.000000
-68.000000
-48.000000
-44.000000
-40.000000
-56.000000
-52.000000
-36.000000
-48.000000
-52.000000
-40.000000
-44.000000
-16.000000
-40.000000
-56.000000
-48.000000
-48.000000
-56.000000
-48.000000
-60.000000
-48.000000
-76.000000
-64.000000
-80.000000
-68.000000
-76.000000
-72.000000
-84.000000
-52.000000
-92.000000
-60.000000
-68.000000
-72.000000
-100.000000
-80.000000
-80.000000
-88.000000
-72.000000
-80.000000
-76.000000
-84.000000
-96.000000
-96.000000
-92.000000
-96.000000
-100.000000
-88.000000
-76.000000
-88.000000
-104.000000
-96.000000
-96.000000
-76.000000
-72.000000
-48.000000
-48.000000
-28.000000
-48.000000
-60.000000
-52.000000
-56.000000
-84.000000
-52.000000
-56.000000
-60.000000
-72.000000
-64.000000
-56.000000
-60.000000
-76.000000
-48.000000
-60.000000
-92.000000
-64.000000
-84.000000
-80.000000
-48.000000
-56.000000
-88.000000
-48.000000
-48.000000
-32.000000
-88.000000
-72.000000
-72.000000
-64.000000
-64.000000
-80.000000
-64.000000
-92.000000
-72.000000
-52.000000
-52.000000
-72.000000
-76.000000
-72.000000
-72.000000
-76.000000
-68.000000
-84.000000
-64.000000
-44.000000
-40.000000
-20.000000
-12.000000
-44.000000
0.000000
-48.000000
-16.000000
-72.000000
-56.000000
-52.000000
-48.000000
-44.000000
-72.000000
-56.000000
-64.000000
-60.000000
-80.000000
-72.000000
-88.000000
-68.000000
-52.000000
-48.000000
-72.000000
-60.000000
-60.000000
-72.000000
-72.000000
-48.000000
-76.000000
-60.000000
-56.000000
-60.000000
-108.000000
-92.000000
-64.000000
-52.000000
-68.000000
-64.000000
-48.000000
-76.000000
-52.000000
-60.000000
-68.000000
-52.000000
-36.000000
-52.000000
-48.000000
-40.000000
-80.000000
-60.000000
-8.000000
-52.000000
-84.000000
-72.000000
-92.000000
-84.000000
-84.000000
-44.000000
-96.000000
-72.000000
-52.000000
-88.000000
-68.000000
-60.000000
-64.000000
-44.000000
-56.000000
-60.000000
-52.000000
-40.000000
-40.000000
-24.000000
-48.000000
-32.000000
-32.000000
-28.000000
-44.000000
-24.000000
-44.000000
-28.000000
-24.000000
-52.000000
-40.000000
-44.000000
-12.000000
-24.000000
-48.000000
-16.000000
-44.000000
-24.000000
-32.000000
-28.000000
-24.000000
-24.000000
-24.000000
-36.000000
-32.000000
-48.000000
-24.000000
-60.000000
-52.000000
-60.000000
-56.000000
-52.000000
-60.000000
-68.000000
-32.000000
-48.000000
4.000000
-64.000000
-44.000000
-16.000000
-48.000000
-32.000000
-32.000000
-12.000000
-36.000000
-16.000000
-8.000000
-16.000000
-32.000000
-24.000000
-32.000000
-32.000000
-40.000000
-24.000000
-32.000000
-32.000000
-36.000000
4.000000
-36.000000
-12.000000
-32.000000
-32.000000
-32.000000
-12.000000
-12.000000
-28.000000
-24.000000
-52.000000
-8.000000
-48.000000
-36.000000
-44.000000
-16.000000
-32.000000
-32.000000
-40.000000
-56.000000
-28.000000
-72.000000
-44.000000
-48.000000
-76.000000
-48.000000
-36.000000
-40.000000
-40.000000
-56.000000
-32.000000
-16.000000
-36.000000
-72.000000
-68.000000
-72.000000
-44.000000
-72.000000
-40.000000
-80.000000
-84.000000
-72.000000
-44.000000
-52.000000
-80.000000
-52.000000
-48.000000
-80.000000
-104.000000
-84.000000
-104.000000
-68.000000
-88.000000
-80.000000
-64.000000
-80.000000
-68.000000
-76.000000
-88.000000
-88.000000
-84.000000
-88.000000
-116.000000
-120.000000
-92.000000
-104.000000
-92.000000
-88.000000
-112.000000
-80.000000
-112.000000
-88.000000
-80.000000
-76.000000
-52.000000
-52.000000
-52.000000
-60.000000
-84.000000
-64.000000
-60.000000
-84.000000
-64.000000
-96.000000
-88.000000
-68.000000
-108.000000
-88.000000
-112.000000
-92.000000
-92.000000
-72.000000
-88.000000
-100.000000
-80.000000
-88.000000
-88.000000
-84.000000
-96.000000
-96.000000
-80.000000
-104.000000
-96.000000
-112.000000
-92.000000
-84.000000
-100.000000
-88.000000
-52.000000
-104.000000
-76.000000
-88.000000
-96.000000
-104.000000
-88.000000
-84.000000
-76.000000
-76.000000
-76.000000
-100.000000
-84.000000
-48.000000
-60.000000
-52.000000
-52.000000
-20.000000
-48.000000
-60.000000
-68.000000
-72.000000
-80.000000
-68.000000
-68.000000
-80.000000
-104.000000
-84.000000
-80.000000
-72.000000
-132.000000
-72.000000
-76.000000
-88.000000
-76.000000
-72.000000
-76.000000
-68.000000
-80.000000
-88.000000
-76.000000
-56.000000
-76.000000
-40.000000
-64.000000
-64.000000
-68.000000
-52.000000
-72.000000
-68.000000
-68.000000
-76.000000
-44.000000
-68.000000
-60.000000
-68.000000
-60.000000
-52.000000
-48.000000
-44.000000
-48.000000
-44.000000
-60.000000
-40.000000
-56.000000
-88.000000
-64.000000
-80.000000
-88.000000
-72.000000
-100.000000
-84.000000
-84.000000
-80.000000
-52.000000
-56.000000
-48.000000
-44.000000
-16.000000
-52.000000
-28.000000
-28.000000
-28.000000
-32.000000
-16.000000
-44.000000
-44.000000
-64.000000
-28.000000
-16.000000
-32.000000
-28.000000
-28.000000
-32.000000
-52.000000
-32.000000
-40.000000
-24.000000
-16.000000
-32.000000
-8.000000
-12.000000
-28.000000
-32.000000
-20.000000
-20.000000
-28.000000
-24.000000
-32.000000
-36.000000
-48.000000
-32.000000
-36.000000
-36.000000
-56.000000
-76.000000
-72.000000
-60.000000
-40.000000
-52.000000
-68.000000
-28.000000
-44.000000
-40.000000
-52.000000
-20.000000
-28.000000
-28.000000
-24.000000
-32.000000
-28.000000
-16.000000
-16.000000
-8.000000
-52.000000
-32.000000
-20.000000
-48.000000
-24.000000
-36.000000
-68.000000
-60.000000
-44.000000
-60.000000
-24.000000
-48.000000
-28.000000
-44.000000
-40.000000
-44.000000
-40.000000
-48.000000
-48.000000
-40.000000
-32.000000
-48.000000
-48.000000
-52.000000
-40.000000
-52.000000
-28.000000
-24.000000
-16.000000
-56.000000
-56.000000
-52.000000
-76.000000
-24.000000
-52.000000
-60.000000
-32.000000
-48.000000
-44.000000
-36.000000
-36.000000
-48.000000
-60.000000
-40.000000
-44.000000
-52.000000
-52.000000
-52.000000
-44.000000
-60.000000
-52.000000
-52.000000
-56.000000
-44.000000
-52.000000
-72.000000
-84.000000
-52.000000
-52.000000
-64.000000
-76.000000
-72.000000
-84.000000
-80.000000
-76.000000
-80.000000
-108.000000
-92.000000
-72.000000
-60.000000
-80.000000
-108.000000
-76.000000
-64.000000
-92.000000
-88.000000
-84.000000
-76.000000
-92.000000
-72.000000
-60.000000
-28.000000
-20.000000
-16.000000
-32.000000
-24.000000
-72.000000
-44.000000
-52.000000
-52.000000
-72.000000
-60.000000
-80.000000
-52.000000
-80.000000
-64.000000
-32.000000
-76.000000
-64.000000
-84.000000
-64.000000
-100.000000
-80.000000
-60.000000
-64.000000
-68.000000
-88.000000
-88.000000
-80.000000
-44.000000
-72.000000
-72.000000
-52.000000
-64.000000
-64.000000
-76.000000
-56.000000
-72.000000
-88.000000
-52.000000
-76.000000
-64.000000
-72.000000
-44.000000
-72.000000
-52.000000
-80.000000
-56.000000
-60.000000
-36.000000
-20.000000
-24.000000
-36.000000
-28.000000
-44.000000
-48.000000
-64.000000
-68.000000
-56.000000
-88.000000
-80.000000
-80.000000
-76.000000
-84.000000
-64.000000
-84.000000
-72.000000
-108.000000
-64.000000
-48.000000
-64.000000
-72.000000
-88.000000
-68.000000
-48.000000
-72.000000
-72.000000
-76.000000
-64.000000
-52.000000
-80.000000
-60.000000
-52.000000
-48.000000
-32.000000
-44.000000
-76.000000
-64.000000
-68.000000
-52.000000
-60.000000
-60.000000
-40.000000
-20.000000
-40.000000
-44.000000
-48.000000
-64.000000
-68.000000
-28.000000
-36.000000
-48.000000
-72.000000
-96.000000
-80.000000
-84.000000
-112.000000
-92.000000
-72.000000
-72.000000
-84.000000
-80.000000
-32.000000
-64.000000
-56.000000
-76.000000
-72.000000
-68.000000
-76.000000
-60.000000
-60.000000
-12.000000
-32.000000
-56.000000
-28.000000
-68.000000
-64.000000
-80.000000
-60.000000
-68.000000
-64.000000
-48.000000
-68.000000
-52.000000
-32.000000
-36.000000
-32.000000
-68.000000
-52.000000
-40.000000
-64.000000
-56.000000
-80.000000
-44.000000
-52.000000
-44.000000
-32.000000
-68.000000
-40.000000
-48.000000
-76.000000
-68.000000
-100.000000
-92.000000
-72.000000
-56.000000
-32.000000
-60.000000
-36.000000
-64.000000
-44.000000
-60.000000
-28.000000
-60.000000
-44.000000
-40.000000
-40.000000
-52.000000
-36.000000
-52.000000
-36.000000
-32.000000
-36.000000
-44.000000
-28.000000
-36.000000
-48.000000
-36.000000
-52.000000
-12.000000
-20.000000
-60.000000
-52.000000
-44.000000
-44.000000
-28.000000
-32.000000
-52.000000
-44.000000
-36.000000
-48.000000
-68.000000
-40.000000
-64.000000
-44.000000
-56.000000
-48.000000
-40.000000
-48.000000
-60.000000
-84.000000
-64.000000
-40.000000
-60.000000
-16.000000
-28.000000
-52.000000
-32.000000
-28.000000
-60.000000
-44.000000
-36.000000
-20.000000
-48.000000
0.000000
-68.000000
-60.000000
-28.000000
-32.000000
-48.000000
-36.000000
-52.000000
-60.000000
-44.000000
-32.000000
-68.000000
-16.000000
-68.000000
-64.000000
-44.000000
-44.000000
-68.000000
-68.000000
-36.000000
-44.000000
-68.000000
-52.000000
-80.000000
-20.000000
-32.000000
-56.000000
-44.000000
-84.000000
-72.000000
-64.000000
-84.000000
-96.000000
-52.000000
-48.000000
-48.000000
-60.000000
-32.000000
-16.000000
-40.000000
-12.000000
-28.000000
-64.000000
-52.000000
-44.000000
-40.000000
-44.000000
-56.000000
-48.000000
-56.000000
-44.000000
-60.000000
-100.000000
-56.000000
-60.000000
-84.000000
-56.000000
-60.000000
-48.000000
-60.000000
-88.000000
-48.000000
-60.000000
-48.000000
-80.000000
-60.000000
-56.000000
-68.000000
-72.000000
-68.000000
-68.000000
-60.000000
-44.000000
-56.000000
-60.000000
-40.000000
-76.000000
-52.000000
-48.000000
-52.000000
-64.000000
-28.000000
-60.000000
-40.000000
-72.000000
-36.000000
-48.000000
-28.000000
-52.000000
-36.000000
-32.000000
-52.000000
-32.000000
-44.000000
-64.000000
-48.000000
-80.000000
-44.000000
-40.000000
-72.000000
-52.000000
-64.000000
-80.000000
-52.000000
-52.000000
-52.000000
-52.000000
-72.000000
-56.000000
-64.000000
-48.000000
-60.000000
-56.000000
-52.000000
-48.000000
-52.000000
-48.000000
-60.000000
-48.000000
-72.000000
-52.000000
-48.000000
-60.000000
-40.000000
-48.000000
-48.000000
-52.000000
-48.000000
-68.000000
-56.000000
-60.000000
-56.000000
-48.000000
-56.000000
-64.000000
-28.000000
-36.000000
-28.000000
-80.000000
-80.000000
-68.000000
-60.000000
-64.000000
-40.000000
-80.000000
-76.000000
-64.000000
-64.000000
-64.000000
-80.000000
-76.000000
-52.000000
-56.000000
-56.000000
-56.000000
-56.000000
-28.000000
-72.000000
-44.000000
-48.000000
-56.000000
-48.000000
-52.000000
-56.000000
-56.000000
-40.000000
-48.000000
-40.000000
-52.000000
-48.000000
-44.000000
-36.000000
-20.000000
-44.000000
-40.000000
-16.000000
-36.000000
-32.000000
-28.000000
-32.000000
-36.000000
-64.000000
-64.000000
-72.000000
-48.000000
-36.000000
-64.000000
-88.000000
-100.000000
-80.000000
-60.000000
-32.000000
-92.000000
-64.000000
-72.000000
-60.000000
-44.000000
-56.000000
-32.000000
-52.000000
-52.000000
-32.000000
-36.000000
-48.000000
-44.000000
-24.000000
-32.000000
-64.000000
-24.000000
-36.000000
-44.000000
-40.000000
-24.000000
-44.000000
-40.000000
-44.000000
-40.000000
-56.000000
-48.000000
-80.000000
-40.000000
-60.000000
-40.000000
-48.000000
-72.000000
-36.000000
-68.000000
-48.000000
-76.000000
-56.000000
-56.000000
-64.000000
-68.000000
-80.000000
-52.000000
-52.000000
-80.000000
-76.000000
-52.000000
-72.000000
-48.000000
-72.000000
-56.000000
-48.000000
-36.000000
-32.000000
-84.000000
-36.000000
-76.000000
-44.000000
-92.000000
-60.000000
-68.000000
-80.000000
-52.000000
-72.000000
-52.000000
-72.000000
-52.000000
-56.000000
-80.000000
-80.000000
-56.000000
-100.000000
-68.000000
-64.000000
-64.000000
-88.000000
-84.000000
-68.000000
-64.000000
-56.000000
-64.000000
-64.000000
-88.000000
-96.000000
-88.000000
-104.000000
-96.000000
-84.000000
-56.000000
-108.000000
-96.000000
-92.000000
-84.000000
-76.000000
-64.000000
-68.000000
-28.000000
-60.000000
-60.000000
-28.000000
-68.000000
-56.000000
-44.000000
-68.000000
-60.000000
-92.000000
-60.000000
-76.000000
-44.000000
-88.000000
-76.000000
-92.000000
-64.000000
-76.000000
-72.000000
-60.000000
-68.000000
-52.000000
-56.000000
-68.000000
-88.000000
-56.000000
-68.000000
-52.000000
-84.000000
-76.000000
-76.000000
-60.000000
-52.000000
-92.000000
-68.000000
-76.000000
-80.000000
-52.000000
-68.000000
-64.000000
-92.000000
-72.000000
-48.000000
-56.000000
-72.000000
-72.000000
-60.000000
-80.000000
-60.000000
-36.000000
-40.000000
-48.000000
-52.000000
-56.000000
-72.000000
-56.000000
-64.000000
-92.000000
-64.000000
-96.000000
-48.000000
-56.000000
-56.000000
-88.000000
-76.000000
-64.000000
-68.000000
-76.000000
-56.000000
-68.000000
-68.000000
-72.000000
-64.000000
-56.000000
-64.000000
-60.000000
-72.000000
-44.000000
-52.000000
-104.000000
-52.000000
-56.000000
-40.000000
-52.000000
-72.000000
-48.000000
-40.000000
-56.000000
-48.000000
-32.000000
-44.000000
-68.000000
-60.000000
-48.000000
-60.000000
-44.000000
-44.000000
-52.000000
-60.000000
-92.000000
-84.000000
-96.000000
-88.000000
-72.000000
-76.000000
-76.000000
-56.000000
-84.000000
-64.000000
-64.000000
-36.000000
-64.000000
-60.000000
-68.000000
-72.000000
-56.000000
-36.000000
-48.000000
-56.000000
-32.000000
-24.000000
-32.000000
-20.000000
-48.000000
-44.000000
-28.000000
-44.000000
-40.000000
-48.000000
-48.000000
-48.000000
-52.000000
-64.000000
-52.000000
-56.000000
-32.000000
-40.000000
-44.000000
-52.000000
-40.000000
-64.000000
-32.000000
-48.000000
-56.000000
-60.000000
-44.000000
-40.000000
-84.000000
-80.000000
-88.000000
-80.000000
-64.000000
-80.000000
-64.000000
-68.000000
-32.000000
-76.000000
-36.000000
-32.000000
-56.000000
-24.000000
-28.000000
-36.000000
-12.000000
-36.000000
-44.000000
-28.000000
-28.000000
-16.000000
-48.000000
-32.000000
-8.000000
-36.000000
-8.000000
-44.000000
-20.000000
-36.000000
-48.000000
-44.000000
-84.000000
-72.000000
-32.000000
-56.000000
-56.000000
-64.000000
-44.000000
-44.000000
-52.000000
-60.000000
-36.000000
-48.000000
-56.000000
-68.000000
-24.000000
-68.000000
-64.000000
-48.000000
-64.000000
-72.000000
-72.000000
-80.000000
-64.000000
-36.000000
-24.000000
-64.000000
-36.000000
-56.000000
-36.000000
-32.000000
-72.000000
-64.000000
-48.000000
-88.000000
-52.000000
-68.000000
-76.000000
-44.000000
-56.000000
-52.000000
-60.000000
-76.000000
-76.000000
-68.000000
-72.000000
-56.000000
-96.000000
-56.000000
-44.000000
-72.000000
-92.000000
-88.000000
-112.000000
-84.000000
-76.000000
-88.000000
-100.000000
-76.000000
-32.000000
-92.000000
-92.000000
-64.000000
-92.000000
-68.000000
-108.000000
-112.000000
-112.000000
-132.000000
-88.000000
-56.000000
-64.000000
-68.000000
-36.000000
-40.000000
-80.000000
-80.000000
-56.000000
-92.000000
-56.000000
-84.000000
-88.000000
-56.000000
-92.000000
-56.000000
-76.000000
-80.000000
-92.000000
-84.000000
-96.000000
-84.000000
-88.000000
-68.000000
-68.000000
-52.000000
-64.000000
-96.000000
-92.000000
-76.000000
-72.000000
-96.000000
-64.000000
-88.000000
-88.000000
-100.000000
-88.000000
-80.000000
-84.000000
-48.000000
-60.000000
-52.000000
-88.000000
-76.000000
-64.000000
-72.000000
-64.000000
-60.000000
-52.000000
-68.000000
-24.000000
-44.000000
-60.000000
-20.000000
-64.000000
-20.000000
-68.000000
-72.000000
-80.000000
-56.000000
-60.000000
-52.000000
-76.000000
-52.000000
-72.000000
-52.000000
-68.000000
-80.000000
-92.000000
-88.000000
-60.000000
-60.000000
-40.000000
-64.000000
-60.000000
-52.000000
-44.000000
-56.000000
-64.000000
-52.000000
-52.000000
-64.000000
-56.000000
-64.000000
-56.000000
-40.000000
-60.000000
-64.000000
-24.000000
-60.000000
-68.000000
-40.000000
-64.000000
-56.000000
-52.000000
-60.000000
-28.000000
-48.000000
-52.000000
-56.000000
-48.000000
-48.000000
-64.000000
-60.000000
-64.000000
-88.000000
-76.000000
-80.000000
-52.000000
-72.000000
-76.000000
-80.000000
-64.000000
-76.000000
-52.000000
-44.000000
-56.000000
-52.000000
-48.000000
-76.000000
-36.000000
-32.000000
-64.000000
-60.000000
-44.000000
-68.000000
-32.000000
-36.000000
-40.000000
-40.000000
