84.000000
904.000000
2236.000000
3508.000000
4572.000000
5236.000000
5340.000000
5008.000000
4208.000000
2980.000000
1568.000000
-64.000000
-1640.000000
-3092.000000
-4304.000000
-5072.000000
-5424.000000
-5272.000000
-4676.000000
-3672.000000
-2304.000000
-732.000000
888.000000
2456.000000
3776.000000
4720.000000
5276.000000
5316.000000
4868.000000
4000.000000
2720.000000
1280.000000
-332.000000
-1912.000000
-3360.000000
-4464.000000
-5184.000000
-5456.000000
-5236.000000
-4576.000000
-3460.000000
-2052.000000
-452.000000
1176.000000
2712.000000
3980.000000
4856.000000
5312.000000
5284.000000
4788.000000
3804.000000
2552.000000
1008.000000
-600.000000
-2152.000000
-3544.000000
-4616.000000
-5268.000000
-5440.000000
-5188.000000
-4424.000000
-3260.000000
-1832.000000
-644.000000
-164.000000
-24.000000
16.000000
-20.000000
-64.000000
-52.000000
-76.000000
-76.000000
-52.000000
-48.000000
-56.000000
-76.000000
-48.000000
-72.000000
-72.000000
-88.000000
-60.000000
-52.000000
-48.000000
-52.000000
-36.000000
-76.000000
-64.000000
-16.000000
-24.000000
-28.000000
-64.000000
-52.000000
-48.000000
-56.000000
-28.000000
-88.000000
-48.000000
-52.000000
-72.000000
-40.000000
-72.000000
-56.000000
-48.000000
-48.000000
-76.000000
-76.000000
-76.000000
-60.000000
-84.000000
-60.000000
-80.000000
-64.000000
-72.000000
-76.000000
-96.000000
-108.000000
-84.000000
-56.000000
-84.000000
-64.000000
-52.000000
-32.000000
-20.000000
-76.000000
-72.000000
-88.000000
-40.000000
-48.000000
-44.000000
-52.000000
-32.000000
-52.000000
-48.000000
-72.000000
-52.000000
-48.000000
-52.000000
-40.000000
-76.000000
-84.000000
-80.000000
-96.000000
-80.000000
-60.000000
-96.000000
-60.000000
-48.000000
-68.000000
-52.000000
-88.000000
-92.000000
-96.000000
-92.000000
-68.000000
-60.000000
-76.000000
-64.000000
-92.000000
-48.000000
-72.000000
-60.000000
-68.000000
-80.000000
-56.000000
-80.000000
-68.000000
-60.000000
-64.000000
-60.000000
-60.000000
-72.000000
-64.000000
-52.000000
-44.000000
-80.000000
-44.000000
-52.000000
-56.000000
-12.000000
-48.000000
-48.000000
-48.000000
-52.000000
-36.000000
-84.000000
-48.000000
-72.000000
-80.000000
-84.000000
-68.000000
-48.000000
-60.000000
-100.000000
-48.000000
-88.000000
-64.000000
-56.000000
-60.000000
-76.000000
-64.000000
-80.000000
-60.000000
-60.000000
-40.000000
-80.000000
-64.000000
-56.000000
-64.000000
-64.000000
-72.000000
-80.000000
-44.000000
-72.000000
-52.000000
-64.000000
-64.000000
-32.000000
-88.000000
-64.000000
-76.000000
-88.000000
-76.000000
-72.000000
-64.000000
-48.000000
-72.000000
-36.000000
-52.000000
-56.000000
-72.000000
-96.000000
-60.000000
-76.000000
-92.000000
-104.000000
-64.000000
-72.000000
-56.000000
-40.000000
-64.000000
-52.000000
-64.000000
-48.000000
-36.000000
-88.000000
-60.000000
-40.000000
-36.000000
-48.000000
-32.000000
-64.000000
-40.000000
-20.000000
-40.000000
-32.000000
-20.000000
-16.000000
-12.000000
-68.000000
-40.000000
-36.000000
-40.000000
-8.000000
-8.000000
-60.000000
-40.000000
8.000000
4.000000
-12.000000
-28.000000
-28.000000
-28.000000
-20.000000
-4.000000
-4.000000
-20.000000
-8.000000
-28.000000
-16.000000
-44.000000
-44.000000
12.000000
0.000000
-12.000000
-24.000000
-16.000000
4.000000
20.000000
8.000000
-8.000000
-8.000000
-8.000000
4.000000
12.000000
12.000000
-8.000000
-8.000000
12.000000
20.000000
4.000000
-12.000000
4.000000
20.000000
12.000000
12.000000
-20.000000
4.000000
0.000000
16.000000
0.000000
12.000000
8.000000
28.000000
8.000000
4.000000
0.000000
-4.000000
-24.000000
16.000000
-12.000000
-32.000000
32.000000
-8.000000
16.000000
-16.000000
12.000000
-16.000000
-44.000000
20.000000
-16.000000
-12.000000
16.000000
24.000000
16.000000
12.000000
28.000000
-4.000000
-16.000000
-12.000000
-28.000000
0.000000
12.000000
-24.000000
0.000000
4.000000
24.000000
-8.000000
-36.000000
4.000000
-20.000000
-24.000000
-44.000000
-32.000000
-24.000000
-36.000000
-52.000000
-36.000000
-20.000000
-36.000000
-52.000000
-12.000000
-28.000000
-60.000000
-52.000000
-44.000000
-44.000000
-40.000000
8.000000
4.000000
-8.000000
-28.000000
-12.000000
-28.000000
-16.000000
-24.000000
-8.000000
-8.000000
-20.000000
-12.000000
-12.000000
16.000000
-20.000000
-20.000000
-16.000000
-28.000000
-56.000000
-48.000000
-32.000000
-40.000000
-44.000000
-52.000000
-40.000000
-20.000000
-36.000000
-52.000000
-68.000000
-56.000000
-32.000000
-16.000000
-48.000000
-68.000000
-28.000000
-32.000000
-16.000000
-68.000000
-60.000000
-40.000000
-64.000000
-28.000000
-52.000000
-72.000000
-12.000000
-44.000000
-40.000000
-72.000000
-28.000000
-44.000000
-80.000000
-64.000000
-80.000000
-76.000000
-56.000000
-40.000000
-104.000000
-52.000000
-68.000000
-40.000000
-56.000000
-68.000000
-44.000000
-36.000000
-76.000000
-80.000000
-88.000000
-80.000000
-100.000000
-104.000000
-92.000000
-60.000000
-108.000000
-96.000000
-72.000000
-112.000000
-88.000000
-104.000000
-96.000000
-80.000000
-96.000000
-104.000000
-112.000000
-96.000000
-96.000000
-96.000000
-120.000000
-104.000000
-172.000000
-112.000000
-108.000000
-104.000000
-148.000000
-144.000000
-112.000000
-116.000000
-120.000000
-116.000000
-124.000000
-136.000000
-152.000000
-108.000000
-140.000000
-156.000000
-136.000000
-128.000000
-160.000000
-148.000000
-152.000000
-140.000000
-152.000000
-136.000000
-192.000000
-192.000000
-184.000000
-180.000000
-156.000000
-180.000000
-192.000000
-156.000000
-196.000000
-148.000000
-140.000000
-172.000000
-168.000000
-156.000000
-132.000000
-164.000000
-156.000000
-132.000000
-152.000000
-140.000000
-160.000000
-152.000000
-136.000000
-124.000000
-160.000000
-124.000000
-144.000000
-140.000000
-128.000000
-128.000000
-120.000000
-124.000000
-116.000000
-116.000000
-104.000000
-100.000000
-96.000000
-128.000000
-80.000000
-108.000000
-104.000000
-100.000000
-120.000000
-120.000000
-92.000000
-96.000000
-144.000000
-116.000000
-108.000000
-148.000000
-140.000000
-148.000000
-112.000000
-104.000000
-96.000000
-116.000000
-116.000000
-108.000000
-88.000000
-116.000000
-92.000000
-92.000000
-88.000000
-96.000000
-104.000000
-88.000000
-128.000000
-88.000000
-80.000000
-92.000000
-72.000000
-68.000000
-84.000000
-72.000000
-72.000000
-72.000000
-96.000000
-108.000000
-76.000000
-76.000000
-68.000000
-96.000000
-104.000000
-84.000000
-92.000000
-76.000000
-120.000000
-96.000000
-92.000000
-104.000000
-88.000000
-72.000000
-108.000000
-92.000000
-88.000000
-72.000000
-108.000000
-104.000000
-80.000000
-84.000000
-72.000000
-72.000000
-52.000000
-72.000000
-88.000000
-36.000000
-60.000000
-36.000000
-36.000000
-36.000000
-60.000000
-48.000000
-32.000000
-76.000000
-28.000000
-48.000000
-76.000000
-44.000000
-56.000000
-48.000000
-28.000000
-64.000000
-44.000000
-60.000000
-44.000000
-40.000000
-32.000000
-60.000000
-56.000000
-76.000000
-60.000000
-60.000000
-56.000000
-44.000000
-48.000000
-76.000000
-76.000000
-36.000000
-68.000000
-72.000000
-80.000000
-72.000000
-84.000000
-84.000000
-84.000000
-76.000000
-76.000000
-56.000000
-20.000000
-36.000000
-56.000000
-32.000000
-24.000000
-40.000000
-52.000000
-48.000000
-52.000000
-64.000000
-56.000000
-68.000000
-36.000000
-48.000000
-48.000000
-48.000000
-40.000000
-72.000000
-48.000000
-60.000000
-56.000000
-40.000000
-52.000000
-48.000000
-32.000000
-48.000000
-44.000000
-44.000000
-64.000000
-68.000000
-52.000000
-40.000000
-32.000000
-36.000000
-48.000000
-72.000000
-60.000000
-52.000000
-52.000000
-32.000000
-64.000000
-52.000000
-76.000000
-60.000000
-44.000000
-40.000000
-64.000000
-44.000000
-80.000000
-16.000000
-32.000000
-28.000000
-56.000000
-56.000000
-72.000000
-28.000000
-44.000000
-64.000000
-88.000000
-76.000000
-64.000000
-68.000000
-76.000000
-72.000000
-92.000000
-64.000000
-60.000000
-88.000000
-72.000000
-68.000000
-80.000000
-84.000000
-72.000000
-76.000000
-92.000000
-48.000000
-72.000000
-56.000000
-96.000000
-64.000000
-68.000000
-64.000000
-60.000000
-76.000000
-92.000000
-72.000000
-72.000000
-64.000000
-36.000000
-60.000000
-44.000000
-52.000000
-36.000000
-36.000000
-48.000000
-68.000000
-52.000000
-68.000000
-32.000000
-44.000000
-52.000000
-60.000000
-48.000000
-44.000000
-88.000000
-100.000000
-88.000000
-76.000000
-76.000000
-76.000000
-52.000000
-60.000000
-72.000000
-56.000000
-48.000000
-44.000000
-56.000000
-48.000000
-44.000000
-44.000000
-40.000000
-28.000000
-48.000000
-40.000000
-24.000000
-28.000000
-20.000000
-36.000000
-40.000000
-32.000000
-24.000000
-40.000000
-36.000000
-52.000000
-24.000000
-20.000000
-8.000000
-4.000000
-32.000000
-28.000000
-32.000000
-52.000000
-12.000000
-24.000000
-28.000000
-20.000000
-32.000000
-60.000000
-52.000000
-64.000000
-76.000000
-32.000000
-48.000000
-32.000000
-24.000000
-44.000000
-32.000000
-16.000000
4.000000
-36.000000
24.000000
4.000000
16.000000
-16.000000
4.000000
4.000000
8.000000
8.000000
-16.000000
-8.000000
24.000000
12.000000
4.000000
16.000000
0.000000
8.000000
4.000000
0.000000
-24.000000
12.000000
-4.000000
12.000000
0.000000
-8.000000
-24.000000
-4.000000
4.000000
24.000000
-28.000000
4.000000
-12.000000
4.000000
12.000000
-28.000000
-4.000000
0.000000
-12.000000
4.000000
-60.000000
-4.000000
8.000000
-32.000000
-20.000000
0.000000
-16.000000
-16.000000
16.000000
-4.000000
-28.000000
8.000000
-40.000000
-32.000000
-28.000000
-24.000000
-44.000000
-28.000000
-24.000000
-24.000000
-52.000000
-40.000000
-20.000000
-36.000000
-44.000000
-32.000000
-64.000000
-24.000000
-84.000000
-28.000000
-56.000000
-72.000000
-36.000000
-24.000000
-72.000000
-52.000000
-60.000000
-72.000000
-52.000000
-52.000000
-48.000000
-72.000000
-52.000000
-36.000000
-52.000000
-72.000000
-68.000000
-68.000000
-56.000000
-80.000000
-84.000000
-20.000000
-32.000000
-28.000000
-44.000000
-40.000000
-44.000000
-48.000000
-32.000000
-36.000000
-52.000000
-60.000000
-80.000000
-80.000000
-52.000000
-44.000000
-52.000000
-40.000000
-52.000000
-60.000000
-76.000000
-44.000000
-64.000000
-60.000000
-88.000000
-60.000000
-76.000000
-72.000000
-64.000000
-60.000000
-96.000000
-72.000000
-96.000000
-64.000000
-76.000000
-84.000000
-68.000000
-88.000000
-92.000000
-60.000000
-76.000000
-64.000000
-64.000000
-60.000000
-100.000000
-64.000000
-64.000000
-76.000000
-44.000000
-72.000000
-48.000000
-44.000000
-32.000000
4.000000
-32.000000
-72.000000
-40.000000
-60.000000
-52.000000
-60.000000
-60.000000
-80.000000
-60.000000
-60.000000
-76.000000
-64.000000
-60.000000
-64.000000
-64.000000
-60.000000
-56.000000
-56.000000
-60.000000
-52.000000
-72.000000
-64.000000
-52.000000
-40.000000
-56.000000
-56.000000
-52.000000
-48.000000
-52.000000
-44.000000
-52.000000
-28.000000
-44.000000
-48.000000
-20.000000
-32.000000
-28.000000
-32.000000
-32.000000
-20.000000
8.000000
-32.000000
-48.000000
-56.000000
-12.000000
-44.000000
-32.000000
-28.000000
-32.000000
-56.000000
-32.000000
-88.000000
-52.000000
-44.000000
-60.000000
-60.000000
-44.000000
-44.000000
-24.000000
-20.000000
-48.000000
-52.000000
-24.000000
-28.000000
8.000000
-20.000000
-16.000000
-16.000000
-20.000000
-12.000000
-8.000000
-24.000000
-16.000000
-12.000000
-16.000000
-16.000000
-12.000000
4.000000
4.000000
0.000000
-12.000000
-24.000000
-20.000000
-28.000000
-20.000000
-28.000000
-20.000000
-32.000000
-32.000000
-16.000000
-28.000000
-32.000000
-12.000000
-24.000000
-32.000000
-32.000000
-16.000000
-72.000000
-60.000000
-88.000000
-20.000000
-32.000000
-28.000000
-16.000000
-32.000000
-20.000000
-28.000000
-36.000000
0.000000
-24.000000
-16.000000
-28.000000
-16.000000
-20.000000
-32.000000
-12.000000
-28.000000
-8.000000
-20.000000
-24.000000
-8.000000
-32.000000
-40.000000
-32.000000
4.000000
-56.000000
-12.000000
-28.000000
-32.000000
-16.000000
-40.000000
-32.000000
-76.000000
-28.000000
-36.000000
-60.000000
-52.000000
-36.000000
-52.000000
-20.000000
-48.000000
-60.000000
-44.000000
-52.000000
-36.000000
-56.000000
-68.000000
-64.000000
-64.000000
-48.000000
-64.000000
-36.000000
-32.000000
-48.000000
-44.000000
-16.000000
-48.000000
-68.000000
-64.000000
-28.000000
-72.000000
-36.000000
-40.000000
-52.000000
-44.000000
-48.000000
-72.000000
-52.000000
-72.000000
-64.000000
-52.000000
-64.000000
-68.000000
-72.000000
-52.000000
-68.000000
-72.000000
-72.000000
-32.000000
-80.000000
-60.000000
-100.000000
-100.000000
-60.000000
-80.000000
-64.000000
-88.000000
-88.000000
-68.000000
-88.000000
-84.000000
-100.000000
-92.000000
-96.000000
-88.000000
-116.000000
-104.000000
-56.000000
-56.000000
-52.000000
-32.000000
-84.000000
-64.000000
-68.000000
-88.000000
-60.000000
-80.000000
-80.000000
-72.000000
-64.000000
-80.000000
-76.000000
-84.000000
-72.000000
-96.000000
-88.000000
-88.000000
-88.000000
-80.000000
-76.000000
-68.000000
-80.000000
-96.000000
-84.000000
-76.000000
-76.000000
-88.000000
-76.000000
-64.000000
-92.000000
-68.000000
-72.000000
-72.000000
-72.000000
-88.000000
-72.000000
-44.000000
-60.000000
-96.000000
-92.000000
-72.000000
-72.000000
-88.000000
-80.000000
-68.000000
-64.000000
-48.000000
-40.000000
-28.000000
-28.000000
-40.000000
-36.000000
-60.000000
-36.000000
-56.000000
-68.000000
-80.000000
-60.000000
-68.000000
-44.000000
-48.000000
-80.000000
-88.000000
-80.000000
-56.000000
-68.000000
-60.000000
-76.000000
-52.000000
-88.000000
-68.000000
-60.000000
-76.000000
-88.000000
-76.000000
-92.000000
-60.000000
-80.000000
-64.000000
-40.000000
-64.000000
-64.000000
-72.000000
-72.000000
-64.000000
-76.000000
-88.000000
-72.000000
-64.000000
-44.000000
-64.000000
-80.000000
-72.000000
-64.000000
-48.000000
-92.000000
-60.000000
-60.000000
-76.000000
-92.000000
-116.000000
-104.000000
-124.000000
-92.000000
-104.000000
-96.000000
-96.000000
-72.000000
-100.000000
-76.000000
-72.000000
-96.000000
-88.000000
-64.000000
-52.000000
-92.000000
-84.000000
-64.000000
-84.000000
-64.000000
-56.000000
-72.000000
-76.000000
-52.000000
-40.000000
-48.000000
-48.000000
-68.000000
-76.000000
-64.000000
-52.000000
-60.000000
-88.000000
-56.000000
-92.000000
-64.000000
-76.000000
-72.000000
-72.000000
-56.000000
-72.000000
-84.000000
-52.000000
-96.000000
-76.000000
-68.000000
-92.000000
-104.000000
-100.000000
-116.000000
-88.000000
-108.000000
-92.000000
-84.000000
-88.000000
-60.000000
-56.000000
-92.000000
-80.000000
-48.000000
-40.000000
-72.000000
-84.000000
-72.000000
-68.000000
-68.000000
-72.000000
-84.000000
-48.000000
-88.000000
-56.000000
-44.000000
-68.000000
-52.000000
-72.000000
-52.000000
-88.000000
-72.000000
-52.000000
-88.000000
-52.000000
-72.000000
-68.000000
-36.000000
-56.000000
-72.000000
-76.000000
-52.000000
-64.000000
-80.000000
-60.000000
-104.000000
-84.000000
-60.000000
-80.000000
-84.000000
-108.000000
-80.000000
-108.000000
-84.000000
-72.000000
-92.000000
-76.000000
-56.000000
-56.000000
-64.000000
-60.000000
-76.000000
-84.000000
-56.000000
-60.000000
-72.000000
-76.000000
-80.000000
-80.000000
-76.000000
-68.000000
-88.000000
-72.000000
-80.000000
-64.000000
-96.000000
-68.000000
-96.000000
-92.000000
-84.000000
-96.000000
-72.000000
-92.000000
-100.000000
-80.000000
-84.000000
-80.000000
-100.000000
-92.000000
-76.000000
-104.000000
-96.000000
-96.000000
-84.000000
-112.000000
-88.000000
-80.000000
-52.000000
-72.000000
-112.000000
-84.000000
-52.000000
-44.000000
-48.000000
-28.000000
-48.000000
-40.000000
-20.000000
-52.000000
-32.000000
-56.000000
-52.000000
-60.000000
-56.000000
-40.000000
-80.000000
-36.000000
-56.000000
-40.000000
-64.000000
-48.000000
-52.000000
-56.000000
-52.000000
-64.000000
-52.000000
-64.000000
-72.000000
-60.000000
-80.000000
-60.000000
-48.000000
-52.000000
-56.000000
-52.000000
-40.000000
-64.000000
-68.000000
-72.000000
-40.000000
-44.000000
-60.000000
-40.000000
-44.000000
-52.000000
-48.000000
-32.000000
-36.000000
-60.000000
-16.000000
-28.000000
4.000000
12.000000
0.000000
-12.000000
0.000000
0.000000
-20.000000
-32.000000
-12.000000
-48.000000
-60.000000
-24.000000
-72.000000
-48.000000
-56.000000
-40.000000
-28.000000
-28.000000
-48.000000
-44.000000
-40.000000
-20.000000
-16.000000
-44.000000
-44.000000
-36.000000
-4.000000
-8.000000
-16.000000
-36.000000
-36.000000
-8.000000
-20.000000
-24.000000
-20.000000
-32.000000
-12.000000
8.000000
-20.000000
0.000000
-28.000000
-20.000000
-8.000000
-20.000000
-16.000000
4.000000
-8.000000
-20.000000
-36.000000
-12.000000
-28.000000
-24.000000
-28.000000
-40.000000
-44.000000
-32.000000
-52.000000
-36.000000
-56.000000
-48.000000
-32.000000
-52.000000
-12.000000
-32.000000
-28.000000
-24.000000
-16.000000
0.000000
-32.000000
-4.000000
-8.000000
-12.000000
-24.000000
-16.000000
-20.000000
-20.000000
-40.000000
-8.000000
-8.000000
-36.000000
12.000000
-24.000000
4.000000
-12.000000
-16.000000
-4.000000
-24.000000
-12.000000
-8.000000
-20.000000
-8.000000
-12.000000
-4.000000
4.000000
-28.000000
-32.000000
-8.000000
-4.000000
-24.000000
-40.000000
-32.000000
-44.000000
-12.000000
-64.000000
-36.000000
-56.000000
-36.000000
-8.000000
-36.000000
-40.000000
-12.000000
-12.000000
-4.000000
-28.000000
-12.000000
-32.000000
-20.000000
12.000000
-4.000000
-4.000000
-8.000000
-20.000000
-4.000000
0.000000
8.000000
-12.000000
-8.000000
-16.000000
-8.000000
12.000000
-24.000000
0.000000
0.000000
-8.000000
-12.000000
-16.000000
-36.000000
16.000000
-40.000000
-28.000000
8.000000
-28.000000
-8.000000
-20.000000
-28.000000
-12.000000
-28.000000
-8.000000
-16.000000
-36.000000
-20.000000
-40.000000
-20.000000
-20.000000
-44.000000
-16.000000
-20.000000
-32.000000
-40.000000
-20.000000
-12.000000
4.000000
0.000000
-16.000000
-28.000000
-36.000000
-20.000000
-12.000000
-20.000000
-56.000000
-56.000000
-20.000000
-40.000000
-52.000000
-60.000000
-60.000000
-72.000000
-40.000000
-44.000000
-48.000000
-64.000000
-64.000000
-56.000000
-52.000000
-80.000000
-36.000000
-56.000000
-72.000000
-72.000000
-72.000000
-68.000000
-60.000000
-64.000000
-52.000000
-56.000000
-72.000000
-64.000000
-72.000000
-60.000000
-72.000000
-48.000000
-24.000000
-12.000000
-24.000000
-16.000000
-16.000000
-8.000000
-48.000000
-36.000000
-48.000000
-32.000000
-64.000000
-56.000000
-44.000000
-44.000000
-56.000000
-56.000000
-64.000000
-48.000000
-76.000000
-76.000000
-88.000000
-48.000000
-64.000000
-52.000000
-64.000000
-76.000000
-68.000000
-40.000000
-88.000000
-60.000000
-56.000000
-76.000000
-52.000000
-64.000000
-64.000000
-48.000000
-68.000000
-52.000000
-76.000000
-92.000000
-52.000000
-60.000000
-72.000000
-48.000000
-68.000000
-56.000000
-52.000000
-56.000000
-40.000000
-32.000000
-28.000000
-12.000000
-16.000000
-56.000000
-24.000000
-48.000000
-52.000000
-52.000000
-64.000000
-72.000000
-56.000000
-40.000000
-96.000000
-76.000000
-64.000000
-56.000000
-104.000000
-48.000000
-76.000000
-52.000000
-80.000000
-60.000000
-72.000000
-84.000000
-60.000000
-64.000000
-76.000000
-80.000000
-80.000000
-56.000000
-64.000000
-52.000000
-52.000000
-72.000000
-72.000000
-52.000000
-64.000000
-72.000000
-84.000000
-76.000000
-72.000000
-64.000000
-60.000000
-48.000000
-60.000000
-60.000000
-40.000000
-48.000000
-44.000000
-68.000000
-92.000000
-92.000000
-104.000000
-96.000000
-108.000000
-104.000000
-84.000000
-104.000000
-96.000000
-92.000000
-92.000000
-64.000000
-76.000000
-80.000000
-96.000000
-76.000000
-64.000000
-80.000000
-60.000000
-60.000000
-96.000000
-64.000000
-88.000000
-76.000000
-64.000000
-76.000000
-48.000000
-76.000000
-64.000000
-84.000000
-48.000000
-64.000000
-64.000000
-76.000000
-60.000000
-76.000000
-68.000000
-64.000000
-88.000000
-64.000000
-64.000000
-80.000000
-84.000000
-68.000000
-60.000000
-72.000000
-52.000000
-64.000000
-92.000000
-108.000000
-88.000000
-72.000000
-104.000000
-108.000000
-80.000000
-96.000000
-80.000000
-44.000000
-112.000000
-84.000000
-92.000000
-52.000000
-72.000000
-80.000000
-64.000000
-72.000000
-64.000000
-56.000000
-52.000000
-44.000000
-56.000000
-40.000000
-56.000000
-56.000000
-56.000000
-44.000000
-44.000000
-68.000000
-84.000000
-48.000000
-68.000000
-64.000000
-76.000000
-64.000000
-64.000000
-52.000000
-52.000000
-72.000000
-52.000000
-88.000000
-60.000000
-52.000000
-56.000000
-76.000000
-72.000000
-72.000000
-76.000000
-76.000000
-92.000000
-108.000000
-100.000000
-72.000000
-100.000000
-60.000000
-64.000000
-84.000000
-44.000000
-40.000000
-76.000000
-56.000000
-60.000000
-88.000000
-76.000000
-68.000000
-48.000000
-56.000000
-64.000000
-84.000000
-96.000000
-68.000000
-92.000000
-80.000000
-72.000000
-80.000000
-96.000000
-104.000000
-104.000000
-88.000000
-112.000000
-120.000000
-104.000000
-104.000000
-108.000000
-104.000000
-124.000000
-128.000000
-104.000000
-100.000000
-108.000000
-96.000000
-84.000000
-108.000000
-100.000000
-80.000000
-104.000000
-100.000000
-76.000000
-116.000000
-108.000000
-72.000000
-60.000000
-48.000000
-60.000000
-56.000000
-44.000000
-80.000000
-80.000000
-72.000000
-76.000000
-96.000000
-76.000000
-108.000000
-96.000000
-108.000000
-84.000000
-84.000000
-116.000000
-108.000000
-112.000000
-92.000000
-100.000000
-96.000000
-112.000000
-96.000000
-96.000000
-92.000000
-76.000000
-112.000000
-112.000000
-96.000000
-72.000000
-88.000000
-56.000000
-100.000000
-100.000000
-108.000000
-96.000000
-88.000000
-96.000000
-96.000000
-76.000000
-92.000000
-56.000000
-104.000000
-80.000000
-76.000000
-96.000000
-92.000000
-80.000000
-64.000000
-32.000000
-32.000000
-64.000000
-72.000000
-72.000000
-76.000000
-52.000000
-100.000000
-88.000000
-120.000000
-116.000000
-108.000000
-76.000000
-100.000000
-88.000000
-72.000000
-64.000000
-80.000000
-76.000000
-72.000000
-76.000000
-84.000000
-88.000000
-76.000000
-72.000000
-88.000000
-60.000000
-72.000000
-72.000000
-68.000000
-56.000000
-72.000000
-72.000000
-68.000000
-84.000000
-52.000000
-68.000000
-56.000000
-76.000000
-44.000000
-64.000000
-60.000000
-72.000000
-72.000000
-64.000000
-52.000000
-60.000000
-56.000000
-52.000000
-60.000000
-84.000000
-64.000000
-96.000000
-120.000000
-96.000000
-104.000000
-88.000000
-80.000000
-116.000000
-84.000000
-80.000000
-68.000000
-60.000000
-48.000000
-64.000000
-48.000000
-44.000000
-56.000000
-72.000000
-52.000000
-72.000000
-44.000000
-56.000000
-44.000000
-40.000000
-48.000000
-48.000000
-56.000000
-48.000000
-44.000000
-48.000000
-32.000000
-64.000000
-48.000000
-20.000000
-40.000000
-28.000000
-20.000000
-32.000000
-36.000000
-32.000000
-48.000000
-28.000000
-48.000000
-76.000000
-52.000000
-48.000000
-44.000000
-72.000000
-64.000000
-92.000000
-76.000000
-48.000000
-72.000000
-64.000000
-72.000000
-64.000000
-44.000000
-52.000000
-24.000000
-24.000000
-36.000000
-40.000000
-20.000000
-28.000000
-32.000000
-24.000000
-32.000000
-24.000000
-48.000000
-16.000000
