88.000000
932.000000
2256.000000
3552.000000
4620.000000
5244.000000
5356.000000
5028.000000
4180.000000
2980.000000
1560.000000
-40.000000
-1648.000000
-3088.000000
-4280.000000
-5080.000000
-5412.000000
-5276.000000
-4652.000000
-3640.000000
-2324.000000
-716.000000
924.000000
2484.000000
3788.000000
4776.000000
5300.000000
5332.000000
4896.000000
3984.000000
2756.000000
1276.000000
-364.000000
-1924.000000
-3336.000000
-4476.000000
-5192.000000
-5448.000000
-5268.000000
-4548.000000
-3428.000000
-2040.000000
-420.000000
1228.000000
2712.000000
3972.000000
4892.000000
5340.000000
5316.000000
4784.000000
3832.000000
2552.000000
1020.000000
-584.000000
-2148.000000
-3512.000000
-4584.000000
-5220.000000
-5428.000000
-5144.000000
-4368.000000
-3216.000000
-1784.000000
-612.000000
-152.000000
40.000000
36.000000
-24.000000
-12.000000
-28.000000
-36.000000
-40.000000
-52.000000
-72.000000
-36.000000
-60.000000
-64.000000
-36.000000
-60.000000
-84.000000
-64.000000
-60.000000
-72.000000
-44.000000
-44.000000
-56.000000
-44.000000
-8.000000
-36.000000
-20.000000
-36.000000
-60.000000
-12.000000
-32.000000
-36.000000
-16.000000
-64.000000
-60.000000
-20.000000
-40.000000
-44.000000
-56.000000
-48.000000
-44.000000
-64.000000
-92.000000
-64.000000
-80.000000
-60.000000
-84.000000
-68.000000
-72.000000
-80.000000
-76.000000
-60.000000
-80.000000
-88.000000
-96.000000
-48.000000
-72.000000
-120.000000
-96.000000
-72.000000
-92.000000
-88.000000
-96.000000
-68.000000
-68.000000
-88.000000
-80.000000
-56.000000
-60.000000
-56.000000
-56.000000
-32.000000
-20.000000
-40.000000
-28.000000
-36.000000
-60.000000
-88.000000
-64.000000
-60.000000
-64.000000
-40.000000
-92.000000
-64.000000
-76.000000
-72.000000
-56.000000
-56.000000
-96.000000
-60.000000
-68.000000
-92.000000
-64.000000
-84.000000
-60.000000
-44.000000
-68.000000
-96.000000
-72.000000
-76.000000
-76.000000
-80.000000
-64.000000
-84.000000
-108.000000
-60.000000
-80.000000
-52.000000
-36.000000
-80.000000
-72.000000
-80.000000
-80.000000
-64.000000
-88.000000
-96.000000
-56.000000
-52.000000
-48.000000
-28.000000
-36.000000
-60.000000
-44.000000
-32.000000
-88.000000
-60.000000
-88.000000
-72.000000
-80.000000
-56.000000
-88.000000
-64.000000
-100.000000
-60.000000
-64.000000
-72.000000
-56.000000
-88.000000
-92.000000
-84.000000
-68.000000
-72.000000
-80.000000
-72.000000
-72.000000
-68.000000
-80.000000
-84.000000
-72.000000
-72.000000
-80.000000
-80.000000
-56.000000
-64.000000
-72.000000
-80.000000
-76.000000
-56.000000
-80.000000
-72.000000
-100.000000
-72.000000
-64.000000
-92.000000
-52.000000
-76.000000
-56.000000
-44.000000
-72.000000
-72.000000
-76.000000
-96.000000
-116.000000
-96.000000
-88.000000
-96.000000
-108.000000
-44.000000
-72.000000
-68.000000
-72.000000
-68.000000
-84.000000
-96.000000
-68.000000
-84.000000
-72.000000
-72.000000
-64.000000
-60.000000
-36.000000
-52.000000
-68.000000
-72.000000
-56.000000
-88.000000
-48.000000
-76.000000
-56.000000
-52.000000
-44.000000
-44.000000
-44.000000
-44.000000
-64.000000
-32.000000
-92.000000
-88.000000
-64.000000
-76.000000
-60.000000
-40.000000
-64.000000
-48.000000
-64.000000
-88.000000
-48.000000
-96.000000
-72.000000
-84.000000
-116.000000
-76.000000
-72.000000
-108.000000
-68.000000
-72.000000
-68.000000
-44.000000
-56.000000
-44.000000
-60.000000
-52.000000
-36.000000
-40.000000
-56.000000
-72.000000
-44.000000
-92.000000
-44.000000
-60.000000
-52.000000
-52.000000
-56.000000
-52.000000
-64.000000
-60.000000
-52.000000
-48.000000
-72.000000
-60.000000
-48.000000
-92.000000
-68.000000
-76.000000
-76.000000
-44.000000
-68.000000
-68.000000
-68.000000
-72.000000
-36.000000
-76.000000
-64.000000
-72.000000
-68.000000
-80.000000
-56.000000
-76.000000
-100.000000
-80.000000
-56.000000
-56.000000
-64.000000
-56.000000
-72.000000
-56.000000
-56.000000
-56.000000
-60.000000
-80.000000
-68.000000
-60.000000
-56.000000
-48.000000
-64.000000
-64.000000
-96.000000
-80.000000
-72.000000
-60.000000
-44.000000
-104.000000
-84.000000
-64.000000
-92.000000
-64.000000
-88.000000
-76.000000
-76.000000
-104.000000
-84.000000
-88.000000
-80.000000
-68.000000
-92.000000
-72.000000
-76.000000
-88.000000
-76.000000
-100.000000
-84.000000
-108.000000
-96.000000
-84.000000
-100.000000
-84.000000
-64.000000
-96.000000
-52.000000
-48.000000
-60.000000
-44.000000
-44.000000
-40.000000
-48.000000
-40.000000
-64.000000
-72.000000
-80.000000
-56.000000
-64.000000
-84.000000
-72.000000
-44.000000
-104.000000
-68.000000
-76.000000
-68.000000
-96.000000
-80.000000
-44.000000
-60.000000
-88.000000
-96.000000
-68.000000
-88.000000
-76.000000
-80.000000
-92.000000
-60.000000
-60.000000
-60.000000
-80.000000
-84.000000
-72.000000
-84.000000
-88.000000
-80.000000
-72.000000
-60.000000
-64.000000
-56.000000
-56.000000
-80.000000
-76.000000
-36.000000
-80.000000
-24.000000
-28.000000
-20.000000
-56.000000
-32.000000
-40.000000
-56.000000
-28.000000
-48.000000
-32.000000
-76.000000
-56.000000
-36.000000
-64.000000
-56.000000
-72.000000
-52.000000
-52.000000
-40.000000
-44.000000
-56.000000
-48.000000
-72.000000
-68.000000
-48.000000
-72.000000
-64.000000
-64.000000
-56.000000
-68.000000
-44.000000
-40.000000
-40.000000
-32.000000
-36.000000
-48.000000
-52.000000
-48.000000
-32.000000
-20.000000
-32.000000
-48.000000
-44.000000
-32.000000
-16.000000
-36.000000
-44.000000
-24.000000
-48.000000
-40.000000
0.000000
-32.000000
-56.000000
-24.000000
-72.000000
-60.000000
-68.000000
-60.000000
-60.000000
-76.000000
-88.000000
-52.000000
-60.000000
-36.000000
-60.000000
-52.000000
-24.000000
-44.000000
-44.000000
-40.000000
-36.000000
-12.000000
-36.000000
-40.000000
-36.000000
-36.000000
-36.000000
-28.000000
-28.000000
-60.000000
0.000000
-40.000000
-32.000000
-32.000000
-32.000000
-52.000000
-44.000000
-8.000000
-20.000000
-40.000000
-28.000000
-36.000000
-24.000000
-44.000000
-40.000000
-44.000000
-28.000000
-32.000000
-32.000000
-36.000000
-68.000000
-32.000000
-48.000000
-44.000000
-60.000000
-64.000000
-44.000000
-80.000000
-32.000000
-68.000000
-40.000000
-12.000000
-28.000000
0.000000
-20.000000
-36.000000
-8.000000
-12.000000
0.000000
-16.000000
-28.000000
-52.000000
-44.000000
-40.000000
-64.000000
-16.000000
-32.000000
-32.000000
-24.000000
-20.000000
-44.000000
-16.000000
-16.000000
-32.000000
-40.000000
-36.000000
-32.000000
-28.000000
-44.000000
-8.000000
-16.000000
-44.000000
-36.000000
-28.000000
-44.000000
-32.000000
-24.000000
-64.000000
-8.000000
-56.000000
-48.000000
-36.000000
-44.000000
-52.000000
-44.000000
-36.000000
-28.000000
-24.000000
-40.000000
-64.000000
-32.000000
-24.000000
-36.000000
-48.000000
-24.000000
-40.000000
-36.000000
-52.000000
-44.000000
-52.000000
-40.000000
-32.000000
-56.000000
-76.000000
-76.000000
-52.000000
-76.000000
-44.000000
-64.000000
-88.000000
-52.000000
-56.000000
-76.000000
-32.000000
-44.000000
-72.000000
-56.000000
-52.000000
-96.000000
-48.000000
-84.000000
-88.000000
-68.000000
-88.000000
-96.000000
-56.000000
-52.000000
-84.000000
-60.000000
-80.000000
-68.000000
-52.000000
-36.000000
-32.000000
-32.000000
-20.000000
-28.000000
-48.000000
-20.000000
-44.000000
-80.000000
-28.000000
-76.000000
-56.000000
-76.000000
-60.000000
-72.000000
-60.000000
-40.000000
-60.000000
-48.000000
-52.000000
-76.000000
-48.000000
-44.000000
-80.000000
-80.000000
-72.000000
-44.000000
-64.000000
-68.000000
-44.000000
-64.000000
-64.000000
-60.000000
-60.000000
-76.000000
-76.000000
-72.000000
-56.000000
-52.000000
-60.000000
-40.000000
-52.000000
-56.000000
-40.000000
-36.000000
-28.000000
-48.000000
-32.000000
-48.000000
-16.000000
-4.000000
4.000000
-24.000000
-40.000000
-48.000000
-40.000000
-60.000000
-44.000000
-68.000000
-44.000000
-72.000000
-52.000000
-68.000000
-48.000000
-72.000000
-52.000000
-64.000000
-60.000000
-72.000000
-60.000000
-68.000000
-56.000000
-80.000000
-36.000000
-36.000000
-52.000000
-32.000000
-52.000000
-60.000000
-44.000000
-72.000000
-40.000000
-48.000000
-48.000000
-44.000000
-64.000000
-40.000000
-52.000000
-56.000000
-40.000000
-32.000000
-28.000000
-24.000000
-40.000000
-28.000000
-36.000000
-24.000000
-32.000000
-16.000000
-44.000000
-52.000000
-60.000000
-68.000000
-92.000000
-84.000000
-80.000000
-84.000000
-60.000000
-76.000000
-88.000000
-52.000000
-56.000000
-60.000000
-48.000000
-76.000000
-64.000000
-64.000000
-56.000000
-60.000000
-68.000000
-52.000000
-44.000000
-32.000000
-40.000000
-76.000000
-76.000000
-24.000000
-52.000000
-80.000000
-24.000000
-36.000000
-28.000000
-56.000000
-44.000000
-44.000000
-48.000000
-52.000000
-48.000000
-52.000000
-76.000000
-48.000000
-48.000000
-64.000000
-52.000000
-52.000000
-84.000000
-64.000000
-64.000000
-72.000000
-104.000000
-100.000000
-60.000000
-60.000000
-80.000000
-80.000000
-64.000000
-48.000000
-52.000000
-76.000000
-44.000000
-48.000000
-32.000000
-48.000000
-44.000000
-36.000000
-16.000000
-36.000000
-36.000000
-44.000000
-48.000000
-44.000000
-48.000000
-56.000000
-84.000000
-76.000000
-48.000000
-36.000000
-56.000000
-56.000000
-52.000000
-56.000000
-76.000000
-48.000000
-92.000000
-52.000000
-40.000000
-76.000000
-84.000000
-56.000000
-40.000000
-68.000000
-32.000000
-88.000000
-80.000000
-64.000000
-64.000000
-36.000000
-84.000000
-108.000000
-76.000000
-64.000000
-56.000000
-84.000000
-56.000000
-44.000000
-64.000000
-64.000000
-76.000000
-72.000000
-80.000000
-64.000000
-60.000000
-60.000000
-68.000000
-88.000000
-72.000000
-68.000000
-72.000000
-96.000000
-64.000000
-104.000000
-88.000000
-92.000000
-108.000000
-100.000000
-68.000000
-96.000000
-80.000000
-104.000000
-108.000000
-116.000000
-80.000000
-96.000000
-92.000000
-108.000000
-88.000000
-108.000000
-104.000000
-116.000000
-96.000000
-120.000000
-108.000000
-100.000000
-124.000000
-116.000000
-112.000000
-112.000000
-92.000000
-72.000000
-72.000000
-64.000000
-56.000000
-72.000000
-60.000000
-44.000000
-64.000000
-60.000000
-72.000000
-96.000000
-60.000000
-76.000000
-92.000000
-56.000000
-88.000000
-112.000000
-84.000000
-100.000000
-80.000000
-88.000000
-64.000000
-84.000000
-104.000000
-96.000000
-68.000000
-80.000000
-108.000000
-108.000000
-72.000000
-108.000000
-100.000000
-72.000000
-112.000000
-92.000000
-76.000000
-80.000000
-52.000000
-64.000000
-80.000000
-100.000000
-88.000000
-84.000000
-96.000000
-96.000000
-44.000000
-92.000000
-72.000000
-64.000000
-60.000000
-60.000000
-40.000000
-36.000000
-44.000000
-64.000000
-56.000000
-68.000000
-68.000000
-60.000000
-60.000000
-80.000000
-60.000000
-80.000000
-88.000000
-72.000000
-100.000000
-76.000000
-60.000000
-104.000000
-76.000000
-68.000000
-88.000000
-88.000000
-88.000000
-84.000000
-80.000000
-64.000000
-92.000000
-72.000000
-84.000000
-72.000000
-72.000000
-56.000000
-60.000000
-72.000000
-80.000000
-76.000000
-28.000000
-24.000000
-36.000000
-64.000000
-76.000000
-52.000000
-76.000000
-56.000000
-44.000000
-68.000000
-76.000000
-56.000000
-80.000000
-92.000000
-40.000000
-64.000000
-92.000000
-88.000000
-116.000000
-88.000000
-104.000000
-80.000000
-64.000000
-96.000000
-80.000000
-84.000000
-76.000000
-84.000000
-72.000000
-56.000000
-72.000000
-56.000000
-40.000000
-72.000000
-60.000000
-60.000000
-52.000000
-72.000000
-32.000000
-40.000000
-52.000000
-56.000000
-48.000000
-60.000000
-48.000000
-64.000000
-52.000000
-68.000000
-36.000000
-44.000000
-32.000000
-32.000000
-64.000000
-48.000000
-52.000000
-36.000000
-52.000000
-60.000000
-36.000000
-60.000000
-48.000000
-60.000000
-52.000000
-72.000000
-72.000000
-68.000000
-56.000000
-72.000000
-76.000000
-52.000000
-68.000000
-60.000000
-88.000000
-60.000000
-60.000000
-24.000000
-36.000000
-52.000000
-36.000000
-28.000000
-48.000000
0.000000
-36.000000
-60.000000
-28.000000
-44.000000
-40.000000
-16.000000
-40.000000
-44.000000
-24.000000
-12.000000
-28.000000
-32.000000
-16.000000
-36.000000
-44.000000
-40.000000
-48.000000
-32.000000
-60.000000
-36.000000
-32.000000
-68.000000
-44.000000
-48.000000
-28.000000
-36.000000
-60.000000
-56.000000
-36.000000
-32.000000
-56.000000
-40.000000
-32.000000
-64.000000
-68.000000
-52.000000
-72.000000
-56.000000
-32.000000
-8.000000
-40.000000
-40.000000
-36.000000
-20.000000
-44.000000
-40.000000
-48.000000
-36.000000
-80.000000
-80.000000
-52.000000
-52.000000
-48.000000
-52.000000
-64.000000
-52.000000
-80.000000
-56.000000
-28.000000
-52.000000
-44.000000
-76.000000
-76.000000
-60.000000
-52.000000
-48.000000
-80.000000
-72.000000
-84.000000
-44.000000
-68.000000
-72.000000
-96.000000
-52.000000
-64.000000
-84.000000
-76.000000
-72.000000
-88.000000
-48.000000
-52.000000
-60.000000
-48.000000
-36.000000
-32.000000
-16.000000
-16.000000
-48.000000
-60.000000
-20.000000
-56.000000
-32.000000
-64.000000
-60.000000
-36.000000
-44.000000
-48.000000
-56.000000
-68.000000
-48.000000
-56.000000
-64.000000
-52.000000
-72.000000
-52.000000
-44.000000
-92.000000
-56.000000
-60.000000
-56.000000
-56.000000
-56.000000
-48.000000
-60.000000
-72.000000
-32.000000
-40.000000
-80.000000
-84.000000
-52.000000
-76.000000
-32.000000
-72.000000
-48.000000
-20.000000
-52.000000
-28.000000
-56.000000
-60.000000
-48.000000
-48.000000
-28.000000
-20.000000
-36.000000
-32.000000
-48.000000
-52.000000
-56.000000
-48.000000
-40.000000
-32.000000
-76.000000
-40.000000
-32.000000
-44.000000
-72.000000
-48.000000
-44.000000
-72.000000
-32.000000
-52.000000
-68.000000
-44.000000
-72.000000
-24.000000
-56.000000
-76.000000
-52.000000
-40.000000
-28.000000
-40.000000
-44.000000
-32.000000
-48.000000
-20.000000
-48.000000
-48.000000
-36.000000
-48.000000
-32.000000
-32.000000
-48.000000
-24.000000
-32.000000
-20.000000
-36.000000
-64.000000
-40.000000
-20.000000
-28.000000
-20.000000
-44.000000
-44.000000
-64.000000
-48.000000
-60.000000
-100.000000
-88.000000
-48.000000
-60.000000
-64.000000
-68.000000
-64.000000
-72.000000
-44.000000
-60.000000
-44.000000
-28.000000
-60.000000
-44.000000
-44.000000
-44.000000
-32.000000
-48.000000
-24.000000
-48.000000
-16.000000
-36.000000
-28.000000
-8.000000
-40.000000
-36.000000
-40.000000
-28.000000
-20.000000
-60.000000
-44.000000
-24.000000
-32.000000
-28.000000
-16.000000
-64.000000
-48.000000
-28.000000
-36.000000
-16.000000
-44.000000
-44.000000
-36.000000
-28.000000
-52.000000
-64.000000
-52.000000
-80.000000
-52.000000
-60.000000
-56.000000
-48.000000
-60.000000
-4.000000
-48.000000
-16.000000
-28.000000
-24.000000
-16.000000
-32.000000
-40.000000
-16.000000
-44.000000
-12.000000
-20.000000
-36.000000
-36.000000
-28.000000
-12.000000
-68.000000
-44.000000
-32.000000
-40.000000
-16.000000
-52.000000
-32.000000
-60.000000
-12.000000
-32.000000
-52.000000
-28.000000
-32.000000
-36.000000
-20.000000
-24.000000
-24.000000
-32.000000
-44.000000
-40.000000
-48.000000
-40.000000
-12.000000
-32.000000
-32.000000
-52.000000
-88.000000
-52.000000
-60.000000
-60.000000
-40.000000
-48.000000
-44.000000
-24.000000
-20.000000
-40.000000
-56.000000
-40.000000
-40.000000
-40.000000
-48.000000
-48.000000
-40.000000
-52.000000
-32.000000
-52.000000
-52.000000
-24.000000
-52.000000
-52.000000
-60.000000
-76.000000
-64.000000
-56.000000
-44.000000
-68.000000
-52.000000
-60.000000
-72.000000
-56.000000
-84.000000
-92.000000
-76.000000
-88.000000
-60.000000
-88.000000
-80.000000
-56.000000
-112.000000
-100.000000
-96.000000
-68.000000
-76.000000
-108.000000
-80.000000
-56.000000
-60.000000
-64.000000
-48.000000
-24.000000
-84.000000
-36.000000
-40.000000
-44.000000
-60.000000
-52.000000
-64.000000
-80.000000
-36.000000
-76.000000
-64.000000
-40.000000
-64.000000
-76.000000
-64.000000
-52.000000
-100.000000
-64.000000
-56.000000
-56.000000
-52.000000
-88.000000
-72.000000
-84.000000
-64.000000
-84.000000
-92.000000
-108.000000
-80.000000
-60.000000
-72.000000
-68.000000
-60.000000
-76.000000
-52.000000
-92.000000
-40.000000
-88.000000
-68.000000
-72.000000
-36.000000
-80.000000
-80.000000
-68.000000
-68.000000
-52.000000
-48.000000
-28.000000
-32.000000
-36.000000
-56.000000
-72.000000
-64.000000
-32.000000
-68.000000
-76.000000
-52.000000
-88.000000
-80.000000
-76.000000
-64.000000
-76.000000
-72.000000
-80.000000
-76.000000
-80.000000
-56.000000
-60.000000
-88.000000
-52.000000
-56.000000
-64.000000
-68.000000
-60.000000
-76.000000
-56.000000
-68.000000
-60.000000
-60.000000
-44.000000
-60.000000
-52.000000
-72.000000
-56.000000
-72.000000
-52.000000
-68.000000
-68.000000
-52.000000
-60.000000
-48.000000
-60.000000
-72.000000
-92.000000
-68.000000
-52.000000
-76.000000
-52.000000
-80.000000
-72.000000
-100.000000
-108.000000
-92.000000
-100.000000
-104.000000
-76.000000
-88.000000
-92.000000
-64.000000
-60.000000
-52.000000
-76.000000
-52.000000
-80.000000
-64.000000
-52.000000
-84.000000
-72.000000
-52.000000
-44.000000
-56.000000
-52.000000
-76.000000
-72.000000
-76.000000
-60.000000
-64.000000
-52.000000
-56.000000
-44.000000
-40.000000
-48.000000
-96.000000
-60.000000
-16.000000
-80.000000
-44.000000
-60.000000
-72.000000
-32.000000
-56.000000
-72.000000
-48.000000
-60.000000
-72.000000
-68.000000
-96.000000
-72.000000
-100.000000
-76.000000
-80.000000
-84.000000
-72.000000
-56.000000
-56.000000
-68.000000
-96.000000
-44.000000
-56.000000
-60.000000
-40.000000
-52.000000
-52.000000
-44.000000
-12.000000
-36.000000
-60.000000
-28.000000
-52.000000
-72.000000
-60.000000
-44.000000
-60.000000
-52.000000
-40.000000
-96.000000
-24.000000
-48.000000
-44.000000
-36.000000
-84.000000
-60.000000
-44.000000
-36.000000
-60.000000
-60.000000
-40.000000
-72.000000
-52.000000
-52.000000
-56.000000
-84.000000
-52.000000
-56.000000
-36.000000
-64.000000
-92.000000
-68.000000
-76.000000
-48.000000
-56.000000
-72.000000
-60.000000
-44.000000
-64.000000
-16.000000
-52.000000
-44.000000
-48.000000
-40.000000
-72.000000
-44.000000
-76.000000
-44.000000
-40.000000
-84.000000
-48.000000
-56.000000
-60.000000
-88.000000
-64.000000
-80.000000
-96.000000
-84.000000
-88.000000
-56.000000
-52.000000
-80.000000
-104.000000
-84.000000
-72.000000
-56.000000
-76.000000
-104.000000
-92.000000
-92.000000
-104.000000
-72.000000
-112.000000
-100.000000
-96.000000
-96.000000
-76.000000
-80.000000
-56.000000
-92.000000
-72.000000
-44.000000
-44.000000
-32.000000
-52.000000
-48.000000
-36.000000
-28.000000
-56.000000
-64.000000
-64.000000
-80.000000
-64.000000
-52.000000
-68.000000
-60.000000
-48.000000
-76.000000
-72.000000
-96.000000
-80.000000
-92.000000
-68.000000
-60.000000
-56.000000
-96.000000
-52.000000
-60.000000
-68.000000
-84.000000
-104.000000
-80.000000
-72.000000
-48.000000
-72.000000
-60.000000
-56.000000
-92.000000
-64.000000
-76.000000
-72.000000
-80.000000
-48.000000
-72.000000
-64.000000
-64.000000
-48.000000
-72.000000
-36.000000
-76.000000
-28.000000
-40.000000
0.000000
-16.000000
-52.000000
-48.000000
-52.000000
-48.000000
-36.000000
-84.000000
-60.000000
-72.000000
-72.000000
-56.000000
-48.000000
-72.000000
-20.000000
-48.000000
-60.000000
-48.000000
-40.000000
-92.000000
-44.000000
-60.000000
-52.000000
-72.000000
-72.000000
-68.000000
-36.000000
-60.000000
-60.000000
-40.000000
-56.000000
-44.000000
-64.000000
-48.000000
-36.000000
-60.000000
-48.000000
-60.000000
-64.000000
-40.000000
-60.000000
-12.000000
-48.000000
-72.000000
-48.000000
-44.000000
-68.000000
-52.000000
-48.000000
-40.000000
-48.000000
-48.000000
-80.000000
-72.000000
-76.000000
-64.000000
-104.000000
-68.000000
-60.000000
-92.000000
-52.000000
-80.000000
-68.000000
-60.000000
-64.000000
-40.000000
-40.000000
-48.000000
-40.000000
-44.000000
-64.000000
-32.000000
-60.000000
-40.000000
-56.000000
-24.000000
-32.000000
-76.000000
-36.000000
-40.000000
-44.000000
-28.000000
-64.000000
-32.000000
-32.000000
-52.000000
-48.000000
-36.000000
-20.000000
-44.000000
-20.000000
-56.000000
-32.000000
-44.000000
-44.000000
-32.000000
-52.000000
-72.000000
-44.000000
-76.000000
-64.000000
-76.000000
-60.000000
-64.000000
-64.000000
-56.000000
-28.000000
-48.000000
-44.000000
-40.000000
-40.000000
-12.000000
-12.000000
-20.000000
-16.000000
-40.000000
-40.000000
-20.000000
-16.000000
-16.000000
-32.000000
-24.000000
-40.000000
-24.000000
-28.000000
-16.000000
-20.000000
-32.000000
-44.000000
-56.000000
-52.000000
-28.000000
-36.000000
-32.000000
-24.000000
-28.000000
-24.000000
-32.000000
-48.000000
-40.000000
-32.000000
-36.000000
-32.000000
-48.000000
-48.000000
-52.000000
-28.000000
-48.000000
-40.000000
-48.000000
-72.000000
-48.000000
-44.000000
-48.000000
-52.000000
-32.000000
-40.000000
-24.000000
-36.000000
-24.000000
-16.000000
-20.000000
-64.000000
-40.000000
-48.000000
-36.000000
-56.000000
-28.000000
-52.000000
-60.000000
-64.000000
-56.000000
-52.000000
-92.000000
-76.000000
-52.000000
-72.000000
-68.000000
-60.000000
-76.000000
-72.000000
-80.000000
-80.000000
-60.000000
-72.000000
-88.000000
-76.000000
-52.000000
-80.000000
-100.000000
-88.000000
-60.000000
-68.000000
-68.000000
-92.000000
-88.000000
-92.000000
-72.000000
-88.000000
-52.000000
-52.000000
-60.000000
-32.000000
-24.000000
-40.000000
-36.000000
-52.000000
-76.000000
-72.000000
-76.000000
-40.000000
-64.000000
-88.000000
-56.000000
-80.000000
-92.000000
-60.000000
-84.000000
-80.000000
-96.000000
-68.000000
-56.000000
-76.000000
-88.000000
-64.000000
-64.000000
-52.000000
-68.000000
-68.000000
-80.000000
-108.000000
-88.000000
-84.000000
-80.000000
-60.000000
-92.000000
-60.000000
-52.000000
-76.000000
-60.000000
-44.000000
-84.000000
-52.000000
-92.000000
-80.000000
-48.000000
-44.000000
-64.000000
-56.000000
-16.000000
-24.000000
-28.000000
-24.000000
-44.000000
-44.000000
-60.000000
-44.000000
-40.000000
-64.000000
-80.000000
-64.000000
-36.000000
-52.000000
-88.000000
-60.000000
-76.000000
-28.000000
-80.000000
-48.000000
-88.000000
-48.000000
-60.000000
-56.000000
-64.000000
-72.000000
-72.000000
-48.000000
-60.000000
-68.000000
-64.000000
-40.000000
-64.000000
-56.000000
-72.000000
-72.000000
-52.000000
-52.000000
-64.000000
-64.000000
-48.000000
-48.000000
-60.000000
-32.000000
-44.000000
-56.000000
-52.000000
-24.000000
-52.000000
-52.000000
-24.000000
-76.000000
-68.000000
-68.000000
-64.000000
-60.000000
-76.000000
-72.000000
-72.000000
-76.000000
-80.000000
-88.000000
-52.000000
-56.000000
-88.000000
-64.000000
-44.000000
-40.000000
-36.000000
-36.000000
-56.000000
-44.000000
-24.000000
-48.000000
-56.000000
-56.000000
-44.000000
-64.000000
-40.000000
-60.000000
-44.000000
-48.000000
-24.000000
-48.000000
-48.000000
-52.000000
-36.000000
-32.000000
-48.000000
-88.000000
-72.000000
-48.000000
-64.000000
-52.000000
-64.000000
-68.000000
-52.000000
-32.000000
-88.000000
-84.000000
-68.000000
-80.000000
-96.000000
-80.000000
-104.000000
-80.000000
-48.000000
-56.000000
-48.000000
-56.000000
-68.000000
-60.000000
-16.000000
-44.000000
-48.000000
-44.000000
-24.000000
