84.000000
944.000000
2236.000000
3512.000000
4596.000000
5220.000000
5352.000000
4976.000000
4200.000000
3000.000000
1560.000000
-44.000000
-1644.000000
-3096.000000
-4268.000000
-5096.000000
-5456.000000
-5308.000000
-4692.000000
-3700.000000
-2344.000000
-752.000000
884.000000
2424.000000
3780.000000
4748.000000
5292.000000
5332.000000
4920.000000
4024.000000
2780.000000
1308.000000
-292.000000
-1884.000000
-3320.000000
-4440.000000
-5160.000000
-5452.000000
-5236.000000
-4548.000000
-3492.000000
-2056.000000
-456.000000
1184.000000
2696.000000
3980.000000
4872.000000
5324.000000
5300.000000
4824.000000
3856.000000
2532.000000
1040.000000
-604.000000
-2140.000000
-3544.000000
-4600.000000
-5280.000000
-5440.000000
-5192.000000
-4432.000000
-3244.000000
-1856.000000
-640.000000
-188.000000
-28.000000
0.000000
-52.000000
-72.000000
-52.000000
-48.000000
-48.000000
-60.000000
-36.000000
-44.000000
-64.000000
-100.000000
-64.000000
-100.000000
-80.000000
-100.000000
-52.000000
-64.000000
-72.000000
-64.000000
-64.000000
-80.000000
-44.000000
-64.000000
-92.000000
-80.000000
-80.000000
-80.000000
-64.000000
-88.000000
-68.000000
-76.000000
-76.000000
-84.000000
-80.000000
-80.000000
-76.000000
-76.000000
-56.000000
-84.000000
-104.000000
-84.000000
-84.000000
-88.000000
-96.000000
-84.000000
-76.000000
-80.000000
-64.000000
-100.000000
-76.000000
-88.000000
-56.000000
-40.000000
-40.000000
-80.000000
-36.000000
-40.000000
-48.000000
-52.000000
-72.000000
-60.000000
-64.000000
-72.000000
-52.000000
-92.000000
-88.000000
-64.000000
-48.000000
-76.000000
-60.000000
-60.000000
-96.000000
-84.000000
-68.000000
-84.000000
-76.000000
-80.000000
-76.000000
-56.000000
-72.000000
-88.000000
-56.000000
-68.000000
-88.000000
-72.000000
-88.000000
-72.000000
-64.000000
-72.000000
-76.000000
-80.000000
-60.000000
-44.000000
-48.000000
-60.000000
-80.000000
-56.000000
-48.000000
-52.000000
-56.000000
-56.000000
-24.000000
-36.000000
-12.000000
-40.000000
-24.000000
-44.000000
-24.000000
-48.000000
-44.000000
-72.000000
-80.000000
-76.000000
-80.000000
-84.000000
-76.000000
-48.000000
-64.000000
-60.000000
-76.000000
-52.000000
-76.000000
-52.000000
-44.000000
-64.000000
-48.000000
-36.000000
-36.000000
-40.000000
-48.000000
-44.000000
-68.000000
-64.000000
-64.000000
-48.000000
-52.000000
-60.000000
-52.000000
-68.000000
-40.000000
-44.000000
-40.000000
-48.000000
-56.000000
-44.000000
-52.000000
-52.000000
-56.000000
-56.000000
-56.000000
-36.000000
-52.000000
-80.000000
-84.000000
-84.000000
-72.000000
-76.000000
-96.000000
-76.000000
-76.000000
-80.000000
-56.000000
-44.000000
-60.000000
-56.000000
-44.000000
-64.000000
-64.000000
-48.000000
-56.000000
-48.000000
-36.000000
-60.000000
-52.000000
-48.000000
-48.000000
-32.000000
-36.000000
-56.000000
-32.000000
-36.000000
-48.000000
-28.000000
-28.000000
-68.000000
-52.000000
-44.000000
-32.000000
-56.000000
-52.000000
-28.000000
-64.000000
-28.000000
-40.000000
-40.000000
-52.000000
-28.000000
-40.000000
-56.000000
-76.000000
-80.000000
-88.000000
-92.000000
-92.000000
-80.000000
-52.000000
-44.000000
-64.000000
-40.000000
-52.000000
-44.000000
-28.000000
-48.000000
-24.000000
-60.000000
-60.000000
-32.000000
-36.000000
-20.000000
-28.000000
-20.000000
-24.000000
-36.000000
-36.000000
-16.000000
-12.000000
-20.000000
-32.000000
-64.000000
-36.000000
-20.000000
-36.000000
-20.000000
-28.000000
-48.000000
-40.000000
-40.000000
-36.000000
-76.000000
-32.000000
-48.000000
-40.000000
-20.000000
-48.000000
-36.000000
-56.000000
-52.000000
-52.000000
-48.000000
-76.000000
-76.000000
-60.000000
-80.000000
-72.000000
-60.000000
-56.000000
-48.000000
-16.000000
-44.000000
-52.000000
-24.000000
-36.000000
-48.000000
-56.000000
-40.000000
-40.000000
-40.000000
-32.000000
-52.000000
-44.000000
-68.000000
-76.000000
-64.000000
-60.000000
-56.000000
-48.000000
-52.000000
-64.000000
-72.000000
-76.000000
-76.000000
-64.000000
-96.000000
-80.000000
-80.000000
-76.000000
-76.000000
-84.000000
-112.000000
-76.000000
-64.000000
-76.000000
-76.000000
-104.000000
-96.000000
-92.000000
-96.000000
-84.000000
-88.000000
-96.000000
-76.000000
-48.000000
-44.000000
-52.000000
-32.000000
-32.000000
-52.000000
-44.000000
-44.000000
-64.000000
-60.000000
-68.000000
-36.000000
-60.000000
-80.000000
-48.000000
-84.000000
-68.000000
-44.000000
-64.000000
-64.000000
-60.000000
-68.000000
-60.000000
-56.000000
-72.000000
-84.000000
-80.000000
-76.000000
-64.000000
-76.000000
-84.000000
-72.000000
-80.000000
-88.000000
-56.000000
-72.000000
-80.000000
-80.000000
-72.000000
-48.000000
-56.000000
-68.000000
-64.000000
-52.000000
-88.000000
-68.000000
-84.000000
-64.000000
-76.000000
-28.000000
-20.000000
-24.000000
-32.000000
-68.000000
-44.000000
-56.000000
-44.000000
-48.000000
-68.000000
-76.000000
-76.000000
-72.000000
-80.000000
-68.000000
-64.000000
-88.000000
-56.000000
-60.000000
-80.000000
-76.000000
-68.000000
-52.000000
-64.000000
-64.000000
-44.000000
-48.000000
-60.000000
-72.000000
-68.000000
-68.000000
-56.000000
-64.000000
-60.000000
-64.000000
-52.000000
-48.000000
-40.000000
-52.000000
-64.000000
-52.000000
-68.000000
-52.000000
-76.000000
-60.000000
-40.000000
-40.000000
-56.000000
-52.000000
-36.000000
-48.000000
-48.000000
-60.000000
-52.000000
-92.000000
-80.000000
-92.000000
-84.000000
-76.000000
-100.000000
-76.000000
-64.000000
-52.000000
-60.000000
-56.000000
-92.000000
-40.000000
-56.000000
-76.000000
-36.000000
-44.000000
-36.000000
-44.000000
-28.000000
-64.000000
-60.000000
-56.000000
-52.000000
-60.000000
-72.000000
-44.000000
-48.000000
-28.000000
-48.000000
-72.000000
-68.000000
-60.000000
-36.000000
-44.000000
-28.000000
-52.000000
-40.000000
-48.000000
-40.000000
-52.000000
-28.000000
-68.000000
-28.000000
-64.000000
-68.000000
-52.000000
-84.000000
-64.000000
-60.000000
-88.000000
-48.000000
-64.000000
-72.000000
-44.000000
-72.000000
-44.000000
-32.000000
-20.000000
-36.000000
-16.000000
-44.000000
-52.000000
-52.000000
-28.000000
-48.000000
-44.000000
-24.000000
-32.000000
-48.000000
-36.000000
-44.000000
-12.000000
-16.000000
-36.000000
-36.000000
-40.000000
-36.000000
-20.000000
-32.000000
-32.000000
-36.000000
-32.000000
-56.000000
-24.000000
-32.000000
-36.000000
-52.000000
-72.000000
-48.000000
-52.000000
-80.000000
-48.000000
-36.000000
-60.000000
-52.000000
-68.000000
-64.000000
-60.000000
-68.000000
-60.000000
-52.000000
-52.000000
-56.000000
-28.000000
-60.000000
-36.000000
-20.000000
-44.000000
-48.000000
-48.000000
-52.000000
-40.000000
-68.000000
-56.000000
-52.000000
-72.000000
-60.000000
-52.000000
-68.000000
-72.000000
-60.000000
-60.000000
-68.000000
-88.000000
-88.000000
-88.000000
-64.000000
-76.000000
-92.000000
-92.000000
-88.000000
-72.000000
-84.000000
-92.000000
-104.000000
-92.000000
-64.000000
-88.000000
-96.000000
-92.000000
-108.000000
-76.000000
-52.000000
-96.000000
-72.000000
-76.000000
-48.000000
-52.000000
-20.000000
-72.000000
-52.000000
-60.000000
-56.000000
-48.000000
-76.000000
-44.000000
-80.000000
-52.000000
-52.000000
-56.000000
-32.000000
-40.000000
-48.000000
-44.000000
-92.000000
-80.000000
-56.000000
-76.000000
-64.000000
-92.000000
-76.000000
-80.000000
-68.000000
-72.000000
-100.000000
-92.000000
-76.000000
-60.000000
-60.000000
-92.000000
-64.000000
-64.000000
-60.000000
-72.000000
-44.000000
-72.000000
-60.000000
-68.000000
-88.000000
-60.000000
-52.000000
-64.000000
-40.000000
-80.000000
-60.000000
-28.000000
-48.000000
-44.000000
-56.000000
-52.000000
-28.000000
-68.000000
-68.000000
-52.000000
-76.000000
-88.000000
-64.000000
-80.000000
-76.000000
-64.000000
-64.000000
-44.000000
-84.000000
-60.000000
-52.000000
-60.000000
-64.000000
-44.000000
-60.000000
-84.000000
-64.000000
-52.000000
-76.000000
-72.000000
-52.000000
-56.000000
-64.000000
-56.000000
-56.000000
-84.000000
-56.000000
-60.000000
-60.000000
-60.000000
-72.000000
-80.000000
-52.000000
-48.000000
-60.000000
-44.000000
-64.000000
-64.000000
-28.000000
-36.000000
-52.000000
-32.000000
-60.000000
-48.000000
-72.000000
-104.000000
-80.000000
-92.000000
-72.000000
-76.000000
-84.000000
-88.000000
-80.000000
-76.000000
-60.000000
-64.000000
-68.000000
-56.000000
-44.000000
-64.000000
-60.000000
-44.000000
-44.000000
-24.000000
-72.000000
-52.000000
-40.000000
-24.000000
-44.000000
-64.000000
-36.000000
-72.000000
-52.000000
-32.000000
-24.000000
-52.000000
-52.000000
-36.000000
-48.000000
-16.000000
-44.000000
-48.000000
-48.000000
-48.000000
-60.000000
-48.000000
-40.000000
-36.000000
-44.000000
-44.000000
-64.000000
-76.000000
-72.000000
-96.000000
-80.000000
-84.000000
-72.000000
-92.000000
-40.000000
-68.000000
-76.000000
-28.000000
-40.000000
-32.000000
-36.000000
-32.000000
-52.000000
-24.000000
-16.000000
-48.000000
-20.000000
-32.000000
-44.000000
-40.000000
-40.000000
-20.000000
-32.000000
-8.000000
-48.000000
-60.000000
-36.000000
-40.000000
-44.000000
-72.000000
-52.000000
-40.000000
-36.000000
-40.000000
-56.000000
-36.000000
-48.000000
-64.000000
-36.000000
-68.000000
-20.000000
-52.000000
-48.000000
-48.000000
-52.000000
-52.000000
-60.000000
-64.000000
-76.000000
-96.000000
-56.000000
-44.000000
-60.000000
-28.000000
-24.000000
-44.000000
-48.000000
-28.000000
-48.000000
-32.000000
-28.000000
-76.000000
-44.000000
-52.000000
-40.000000
-44.000000
-60.000000
-60.000000
-68.000000
-68.000000
-76.000000
-80.000000
-72.000000
-72.000000
-88.000000
-96.000000
-96.000000
-92.000000
-88.000000
-100.000000
-96.000000
-80.000000
-76.000000
-104.000000
-96.000000
-80.000000
-96.000000
-88.000000
-72.000000
-88.000000
-72.000000
-104.000000
-80.000000
-92.000000
-96.000000
-88.000000
-96.000000
-76.000000
-60.000000
-52.000000
-44.000000
-52.000000
-64.000000
-36.000000
-28.000000
-80.000000
-72.000000
-64.000000
-72.000000
-60.000000
-72.000000
-76.000000
-60.000000
-80.000000
-52.000000
-80.000000
-80.000000
-80.000000
-92.000000
-64.000000
-64.000000
-80.000000
-84.000000
-96.000000
-48.000000
-48.000000
-72.000000
-60.000000
-44.000000
-88.000000
-64.000000
-60.000000
-84.000000
-60.000000
-64.000000
-64.000000
-72.000000
-68.000000
-84.000000
-48.000000
-72.000000
-80.000000
-96.000000
-84.000000
-48.000000
-76.000000
-64.000000
-60.000000
-60.000000
-24.000000
-28.000000
-60.000000
-36.000000
-56.000000
-20.000000
-52.000000
-76.000000
-60.000000
-52.000000
-72.000000
-64.000000
-60.000000
-68.000000
-68.000000
-64.000000
-64.000000
-80.000000
-52.000000
-76.000000
-52.000000
-60.000000
-60.000000
-56.000000
-64.000000
-64.000000
-48.000000
-60.000000
-76.000000
-68.000000
-52.000000
-56.000000
-52.000000
-72.000000
-60.000000
-56.000000
-48.000000
-52.000000
-52.000000
-76.000000
-52.000000
-52.000000
-40.000000
-52.000000
-44.000000
-56.000000
-60.000000
-44.000000
-28.000000
-72.000000
-48.000000
-36.000000
-80.000000
-88.000000
-80.000000
-52.000000
-72.000000
-100.000000
-68.000000
-76.000000
-68.000000
-80.000000
-64.000000
-68.000000
-64.000000
-68.000000
-64.000000
-64.000000
-48.000000
-44.000000
-40.000000
-60.000000
-64.000000
-20.000000
-48.000000
-48.000000
-40.000000
-60.000000
-64.000000
-4.000000
-36.000000
-24.000000
-48.000000
-32.000000
-16.000000
-60.000000
-40.000000
-52.000000
-44.000000
-28.000000
-52.000000
-16.000000
-60.000000
-28.000000
-68.000000
-48.000000
-52.000000
-72.000000
-52.000000
-64.000000
-76.000000
-64.000000
-80.000000
-80.000000
-64.000000
-56.000000
-64.000000
-32.000000
-56.000000
-68.000000
-48.000000
-20.000000
-40.000000
-48.000000
-12.000000
-24.000000
-28.000000
-36.000000
-48.000000
-36.000000
-32.000000
-28.000000
-12.000000
-52.000000
-32.000000
-24.000000
-64.000000
-72.000000
-44.000000
-40.000000
-28.000000
-44.000000
-60.000000
-60.000000
-48.000000
-52.000000
-48.000000
-48.000000
-44.000000
-36.000000
-36.000000
-56.000000
-72.000000
-76.000000
-44.000000
-68.000000
-48.000000
-76.000000
-88.000000
-28.000000
-52.000000
-52.000000
-24.000000
-36.000000
-48.000000
-16.000000
-28.000000
-44.000000
-32.000000
-60.000000
-60.000000
-12.000000
-48.000000
-32.000000
-52.000000
-76.000000
-36.000000
-68.000000
-76.000000
-48.000000
-68.000000
-56.000000
-48.000000
-76.000000
-68.000000
-52.000000
-88.000000
-72.000000
-48.000000
-80.000000
-60.000000
-64.000000
-56.000000
-28.000000
-28.000000
-24.000000
-52.000000
-56.000000
-44.000000
-72.000000
-76.000000
-48.000000
-36.000000
-48.000000
-32.000000
-64.000000
-52.000000
-28.000000
-48.000000
0.000000
-12.000000
-4.000000
4.000000
-36.000000
8.000000
-20.000000
-20.000000
-36.000000
-24.000000
-16.000000
-40.000000
-36.000000
-28.000000
-44.000000
-52.000000
-12.000000
0.000000
-32.000000
-32.000000
-16.000000
-32.000000
-52.000000
-40.000000
-16.000000
-32.000000
-32.000000
-16.000000
-48.000000
-20.000000
-16.000000
-44.000000
-24.000000
-20.000000
-20.000000
-36.000000
4.000000
-28.000000
-44.000000
-8.000000
-8.000000
-28.000000
-16.000000
-40.000000
-16.000000
-32.000000
0.000000
-16.000000
-16.000000
16.000000
-8.000000
32.000000
16.000000
4.000000
4.000000
4.000000
0.000000
-12.000000
-16.000000
-4.000000
-12.000000
-12.000000
-36.000000
-24.000000
-48.000000
-32.000000
-24.000000
-24.000000
-32.000000
-12.000000
-32.000000
-24.000000
4.000000
-16.000000
-52.000000
-28.000000
-12.000000
-36.000000
-28.000000
-28.000000
-24.000000
-24.000000
-20.000000
-36.000000
-16.000000
-36.000000
-48.000000
-4.000000
-32.000000
-24.000000
-12.000000
-4.000000
-32.000000
-44.000000
-20.000000
-4.000000
16.000000
-16.000000
-24.000000
-12.000000
-24.000000
-48.000000
-32.000000
-56.000000
-68.000000
-56.000000
-72.000000
-52.000000
-32.000000
-60.000000
-60.000000
-44.000000
-52.000000
-44.000000
-32.000000
-28.000000
-44.000000
-44.000000
-56.000000
-36.000000
-36.000000
-40.000000
-52.000000
-36.000000
-48.000000
-12.000000
-16.000000
-4.000000
-48.000000
-56.000000
-36.000000
-8.000000
-44.000000
-44.000000
-32.000000
-40.000000
-40.000000
-32.000000
-36.000000
-64.000000
-52.000000
-28.000000
-32.000000
-68.000000
-52.000000
-68.000000
-64.000000
-60.000000
-68.000000
-68.000000
-52.000000
-88.000000
-80.000000
-80.000000
-76.000000
-68.000000
-60.000000
-52.000000
-64.000000
-48.000000
-44.000000
-48.000000
-52.000000
-52.000000
-60.000000
-64.000000
-52.000000
-76.000000
-72.000000
-76.000000
-68.000000
-56.000000
-72.000000
-72.000000
-64.000000
-64.000000
-72.000000
-52.000000
-80.000000
-100.000000
-76.000000
-52.000000
-88.000000
-96.000000
-108.000000
-108.000000
-88.000000
-72.000000
-124.000000
-92.000000
-100.000000
-128.000000
-92.000000
-104.000000
-88.000000
-116.000000
-108.000000
-116.000000
-140.000000
-128.000000
-136.000000
-120.000000
-124.000000
-128.000000
-124.000000
-124.000000
-112.000000
-112.000000
-108.000000
-116.000000
-132.000000
-108.000000
-124.000000
-116.000000
-136.000000
-128.000000
-104.000000
-144.000000
-104.000000
-140.000000
-140.000000
-116.000000
-156.000000
-156.000000
-140.000000
-140.000000
-132.000000
-136.000000
-136.000000
-136.000000
-124.000000
-120.000000
-128.000000
-144.000000
-120.000000
-140.000000
-108.000000
-128.000000
-128.000000
-132.000000
-124.000000
-116.000000
-92.000000
-104.000000
-100.000000
-144.000000
-140.000000
-120.000000
-148.000000
-128.000000
-112.000000
-80.000000
-96.000000
-104.000000
-80.000000
-104.000000
-96.000000
-100.000000
-116.000000
-128.000000
-112.000000
-88.000000
-116.000000
-140.000000
-112.000000
-108.000000
-108.000000
-136.000000
-120.000000
-112.000000
-108.000000
-112.000000
-104.000000
-144.000000
-128.000000
-124.000000
-120.000000
-116.000000
-144.000000
-124.000000
-124.000000
-112.000000
-108.000000
-152.000000
-112.000000
-92.000000
-112.000000
-124.000000
-120.000000
-136.000000
-112.000000
-96.000000
-104.000000
-120.000000
-124.000000
-100.000000
-108.000000
-92.000000
-104.000000
-92.000000
-88.000000
-48.000000
-64.000000
-80.000000
-76.000000
-64.000000
-80.000000
-92.000000
-92.000000
-92.000000
-108.000000
-88.000000
-112.000000
-104.000000
-72.000000
-84.000000
-84.000000
-80.000000
-84.000000
-88.000000
-96.000000
-60.000000
-92.000000
-72.000000
-72.000000
-64.000000
-60.000000
-56.000000
-68.000000
-56.000000
-64.000000
-60.000000
-68.000000
-64.000000
-44.000000
-52.000000
-36.000000
-60.000000
-52.000000
-32.000000
-64.000000
-56.000000
-60.000000
-48.000000
-48.000000
-40.000000
-56.000000
-44.000000
-56.000000
-48.000000
-52.000000
-60.000000
-64.000000
-108.000000
-108.000000
-92.000000
-80.000000
-64.000000
-112.000000
-76.000000
-88.000000
-80.000000
-48.000000
-52.000000
-56.000000
-52.000000
-60.000000
-56.000000
-84.000000
-20.000000
-44.000000
-44.000000
-44.000000
-48.000000
-44.000000
-60.000000
-24.000000
-28.000000
-44.000000
-44.000000
-72.000000
-52.000000
-40.000000
-60.000000
-52.000000
-64.000000
-36.000000
-32.000000
-36.000000
-44.000000
-68.000000
-36.000000
-60.000000
-40.000000
-48.000000
-60.000000
-52.000000
-64.000000
-56.000000
-64.000000
-84.000000
-104.000000
-76.000000
-80.000000
-52.000000
-76.000000
-80.000000
-80.000000
-60.000000
-60.000000
-44.000000
-52.000000
-84.000000
-52.000000
-56.000000
-36.000000
-52.000000
-52.000000
-72.000000
-60.000000
-48.000000
-64.000000
-80.000000
-68.000000
-52.000000
-68.000000
-64.000000
-48.000000
-72.000000
-92.000000
-44.000000
-72.000000
-32.000000
-60.000000
-80.000000
-56.000000
-52.000000
-76.000000
-72.000000
-64.000000
-48.000000
-52.000000
-48.000000
-64.000000
-56.000000
-64.000000
-56.000000
-80.000000
-72.000000
-84.000000
-72.000000
-32.000000
-68.000000
-48.000000
-44.000000
-60.000000
-36.000000
-32.000000
-76.000000
-60.000000
-88.000000
-48.000000
-44.000000
-52.000000
-56.000000
-76.000000
-60.000000
-48.000000
-56.000000
-76.000000
-76.000000
-76.000000
-80.000000
-76.000000
-76.000000
-88.000000
-64.000000
-80.000000
-88.000000
-64.000000
-64.000000
-84.000000
-100.000000
-88.000000
-88.000000
-80.000000
-76.000000
-80.000000
-100.000000
-108.000000
-108.000000
-80.000000
-88.000000
-96.000000
-100.000000
-88.000000
-76.000000
-80.000000
-68.000000
-64.000000
-72.000000
-56.000000
-32.000000
-48.000000
-36.000000
-40.000000
-24.000000
-48.000000
-44.000000
-60.000000
-32.000000
-36.000000
-68.000000
-48.000000
-48.000000
-72.000000
-44.000000
-28.000000
-88.000000
-72.000000
-52.000000
-48.000000
-44.000000
-24.000000
-28.000000
-40.000000
-32.000000
-48.000000
-76.000000
-32.000000
-28.000000
-8.000000
-32.000000
0.000000
-28.000000
-44.000000
-28.000000
-52.000000
-52.000000
-48.000000
-32.000000
-52.000000
-8.000000
-16.000000
-48.000000
-28.000000
-36.000000
-40.000000
-24.000000
-28.000000
0.000000
-8.000000
-16.000000
-12.000000
-12.000000
-12.000000
-28.000000
-20.000000
-40.000000
-40.000000
-28.000000
-32.000000
-48.000000
-32.000000
-24.000000
-60.000000
-16.000000
-60.000000
-24.000000
-52.000000
-44.000000
-40.000000
-68.000000
-48.000000
-52.000000
-52.000000
-28.000000
-36.000000
-20.000000
-44.000000
-8.000000
-32.000000
-48.000000
-32.000000
-40.000000
-24.000000
-28.000000
-28.000000
-16.000000
-32.000000
-28.000000
-36.000000
-24.000000
-24.000000
-28.000000
-24.000000
-8.000000
-24.000000
-52.000000
-32.000000
-8.000000
-40.000000
-48.000000
-64.000000
-72.000000
-56.000000
-84.000000
-36.000000
-64.000000
-76.000000
-60.000000
-60.000000
-48.000000
-44.000000
-48.000000
-60.000000
-8.000000
-44.000000
-48.000000
-28.000000
-36.000000
-44.000000
-36.000000
-36.000000
-48.000000
-28.000000
-52.000000
-32.000000
-56.000000
-40.000000
-16.000000
-20.000000
-44.000000
-68.000000
-56.000000
-28.000000
-28.000000
-44.000000
-48.000000
-40.000000
-48.000000
-28.000000
-48.000000
-48.000000
-44.000000
-48.000000
-68.000000
-72.000000
-40.000000
-84.000000
-76.000000
-56.000000
-96.000000
-104.000000
-48.000000
-80.000000
-60.000000
-60.000000
-56.000000
-28.000000
-72.000000
-32.000000
-16.000000
-64.000000
-32.000000
-52.000000
-52.000000
-52.000000
-40.000000
-40.000000
-32.000000
-28.000000
-40.000000
-60.000000
-52.000000
-52.000000
-24.000000
-24.000000
-32.000000
-20.000000
-44.000000
-28.000000
-28.000000
-56.000000
-64.000000
-48.000000
-56.000000
-24.000000
-48.000000
-52.000000
-48.000000
-52.000000
-52.000000
-48.000000
-52.000000
-52.000000
-64.000000
-68.000000
-40.000000
-48.000000
-64.000000
-80.000000
-44.000000
-40.000000
-48.000000
-44.000000
-48.000000
-44.000000
-40.000000
-20.000000
-48.000000
-60.000000
-24.000000
-44.000000
-40.000000
-48.000000
-76.000000
-36.000000
-32.000000
-40.000000
-40.000000
-44.000000
-60.000000
-68.000000
-52.000000
-52.000000
-48.000000
-84.000000
-64.000000
-92.000000
-68.000000
-48.000000
-56.000000
-68.000000
-68.000000
-64.000000
-48.000000
-60.000000
-80.000000
-88.000000
-64.000000
-88.000000
-80.000000
-64.000000
-96.000000
-84.000000
-60.000000
-52.000000
-100.000000
-80.000000
-64.000000
-56.000000
-36.000000
-40.000000
-32.000000
-16.000000
-32.000000
-36.000000
-60.000000
-52.000000
-44.000000
-52.000000
-68.000000
-52.000000
-40.000000
-52.000000
-80.000000
-60.000000
-36.000000
-72.000000
-44.000000
-60.000000
-72.000000
-52.000000
-40.000000
-68.000000
-56.000000
-64.000000
-80.000000
-44.000000
-64.000000
-64.000000
-64.000000
-72.000000
-68.000000
-44.000000
-48.000000
-52.000000
-64.000000
-20.000000
-40.000000
-32.000000
-48.000000
-64.000000
-56.000000
-44.000000
-60.000000
-52.000000
-28.000000
-44.000000
-28.000000
-44.000000
-12.000000
-28.000000
-36.000000
-36.000000
-48.000000
-52.000000
-32.000000
-52.000000
-64.000000
-76.000000
-76.000000
-92.000000
-88.000000
-76.000000
-44.000000
-64.000000
-56.000000
-52.000000
-60.000000
-76.000000
-48.000000
-44.000000
-52.000000
-40.000000
-24.000000
-48.000000
-64.000000
-64.000000
-24.000000
-28.000000
-44.000000
-60.000000
-52.000000
-48.000000
-40.000000
-32.000000
-56.000000
-68.000000
-52.000000
-52.000000
-32.000000
-56.000000
-36.000000
-48.000000
-60.000000
-48.000000
-32.000000
-32.000000
-64.000000
-52.000000
-80.000000
-64.000000
-68.000000
-96.000000
-52.000000
-76.000000
-88.000000
-72.000000
-88.000000
-52.000000
-48.000000
-68.000000
-72.000000
-52.000000
-56.000000
-60.000000
-76.000000
-68.000000
-56.000000
-28.000000
-56.000000
-16.000000
-40.000000
-52.000000
-40.000000
-40.000000
-80.000000
-80.000000
-40.000000
-60.000000
-76.000000
-52.000000
-72.000000
-32.000000
-64.000000
-24.000000
-60.000000
-44.000000
-60.000000
-64.000000
-68.000000
-60.000000
-76.000000
-68.000000
-40.000000
-72.000000
-64.000000
-92.000000
-64.000000
-60.000000
-72.000000
-88.000000
-92.000000
-60.000000
-64.000000
-72.000000
-52.000000
-92.000000
-72.000000
-48.000000
-48.000000
-64.000000
-52.000000
-64.000000
-60.000000
-68.000000
-80.000000
-36.000000
-32.000000
-32.000000
-52.000000
-72.000000
-60.000000
-48.000000
-36.000000
-44.000000
-64.000000
-44.000000
-44.000000
