2.382812
1.337891
-0.253906
-1.801758
-3.115234
-3.867188
-4.008789
-3.574219
-2.573242
-1.079102
0.703125
2.636719
4.604492
6.333008
7.773438
8.730469
9.116211
8.935547
8.178711
6.948242
5.292969
3.349609
1.342773
-0.551758
-2.109375
-3.315430
-3.940430
-3.994141
-3.466797
-2.373047
-0.800781
1.020508
2.968750
4.882812
6.596680
8.002930
8.886719
9.179688
8.862305
8.071289
6.704102
4.970703
3.007812
1.035156
-0.825195
-2.363281
-3.466797
-3.999023
-3.940430
-3.281250
-2.080078
-0.507812
1.333008
3.300781
5.219727
6.879883
8.173828
8.959961
9.155273
8.833008
7.851562
6.440430
4.677734
3.286133
2.705078
2.539062
2.485352
2.583008
2.573242
2.587891
2.607422
2.568359
2.578125
2.612305
2.553711
2.573242
2.602539
2.578125
2.597656
2.622070
2.597656
2.597656
2.587891
2.578125
2.553711
2.573242
2.568359
2.548828
2.592773
2.631836
2.587891
2.568359
2.578125
2.578125
2.592773
2.597656
2.612305
2.568359
2.563477
2.597656
2.592773
2.578125
2.583008
2.578125
2.592773
2.607422
2.583008
2.587891
2.573242
2.558594
2.578125
2.587891
2.573242
2.573242
2.573242
2.587891
2.568359
2.578125
2.573242
2.578125
2.597656
2.524414
2.583008
2.558594
2.563477
2.578125
2.548828
2.578125
2.553711
2.539062
2.583008
2.558594
2.583008
2.563477
2.563477
2.587891
2.563477
2.553711
2.573242
2.573242
2.573242
2.612305
2.558594
2.578125
2.568359
2.583008
2.578125
2.578125
2.587891
2.583008
2.548828
2.587891
2.568359
2.568359
2.602539
2.568359
2.558594
2.578125
2.543945
2.563477
2.592773
2.534180
2.583008
2.587891
2.578125
2.563477
2.558594
2.597656
2.587891
2.587891
2.587891
2.578125
2.578125
2.597656
2.573242
2.602539
2.592773
2.578125
2.568359
2.563477
2.568359
2.592773
2.548828
2.558594
2.568359
2.602539
2.563477
2.612305
2.587891
2.602539
2.578125
2.583008
2.563477
2.563477
2.578125
2.573242
2.568359
2.573242
2.539062
2.592773
2.563477
2.573242
2.578125
2.563477
2.568359
2.563477
2.568359
2.558594
2.578125
2.563477
2.602539
2.563477
2.578125
2.578125
2.592773
2.583008
2.587891
2.592773
2.573242
2.568359
2.558594
2.539062
2.587891
2.583008
2.583008
2.568359
2.568359
2.573242
2.573242
2.558594
2.583008
2.592773
2.563477
2.592773
2.563477
2.597656
2.583008
2.583008
2.592773
2.553711
2.583008
2.573242
2.563477
2.563477
2.587891
2.587891
2.587891
2.548828
2.563477
2.592773
2.607422
2.563477
2.587891
2.534180
2.578125
2.592773
2.563477
2.583008
2.573242
2.558594
2.568359
2.573242
2.587891
2.548828
2.563477
2.573242
2.573242
2.578125
2.587891
2.548828
2.587891
2.558594
2.573242
2.548828
2.553711
2.563477
2.583008
2.573242
2.548828
2.563477
2.587891
2.597656
2.592773
2.543945
2.578125
2.573242
2.563477
2.568359
2.578125
2.573242
2.583008
2.597656
2.578125
2.568359
2.568359
2.558594
2.578125
2.578125
2.578125
2.597656
2.573242
2.573242
2.573242
2.578125
2.583008
2.563477
2.587891
2.587891
2.578125
2.578125
2.553711
2.578125
2.573242
2.578125
2.597656
2.587891
2.578125
2.587891
2.573242
2.583008
2.583008
2.563477
2.558594
2.563477
2.573242
2.573242
2.568359
2.607422
2.553711
2.578125
2.578125
2.568359
2.543945
2.568359
2.578125
2.563477
2.578125
2.573242
2.553711
2.558594
2.587891
2.573242
2.573242
2.553711
2.563477
2.563477
2.587891
2.553711
2.578125
2.602539
2.612305
2.597656
2.592773
2.553711
2.573242
2.597656
2.592773
2.573242
2.563477
2.592773
2.563477
2.573242
2.612305
2.558594
2.578125
2.573242
2.558594
2.563477
2.548828
2.568359
2.607422
2.514648
2.558594
2.558594
2.563477
2.583008
2.558594
2.573242
2.573242
2.597656
2.592773
2.592773
2.558594
2.573242
2.578125
2.587891
2.529297
2.587891
2.553711
2.587891
2.587891
2.587891
2.583008
2.568359
2.573242
2.612305
2.597656
2.607422
2.563477
2.592773
2.568359
2.573242
2.573242
2.563477
2.563477
2.568359
2.568359
2.568359
2.573242
2.578125
2.573242
2.587891
2.583008
2.558594
2.568359
2.578125
2.558594
2.539062
2.617188
2.587891
2.597656
2.617188
2.631836
2.563477
2.587891
2.573242
2.587891
2.597656
2.602539
2.578125
2.578125
2.578125
2.573242
2.563477
2.578125
2.583008
2.583008
2.563477
2.548828
2.578125
2.573242
2.568359
2.578125
2.558594
2.592773
2.578125
2.578125
2.592773
2.583008
2.578125
2.583008
2.553711
2.573242
2.612305
2.583008
2.534180
2.597656
2.578125
2.563477
2.592773
2.573242
2.553711
2.592773
2.563477
2.578125
2.592773
2.563477
2.568359
2.568359
2.563477
2.568359
2.587891
2.568359
2.583008
2.524414
2.583008
2.563477
2.573242
2.563477
2.578125
2.558594
2.578125
2.558594
2.558594
2.553711
2.578125
2.563477
2.568359
2.573242
2.578125
2.583008
2.534180
2.583008
2.578125
2.587891
2.583008
2.553711
2.553711
2.553711
2.529297
2.553711
2.548828
2.563477
2.543945
2.553711
2.548828
2.568359
2.573242
2.548828
2.568359
2.563477
2.558594
2.539062
2.578125
2.558594
2.583008
2.529297
2.539062
2.578125
2.573242
2.573242
2.573242
2.563477
2.587891
2.553711
2.578125
2.597656
2.578125
2.539062
2.573242
2.578125
2.568359
2.553711
2.543945
2.573242
2.568359
2.578125
2.592773
2.563477
2.558594
2.597656
2.573242
2.568359
2.563477
2.558594
2.583008
2.568359
2.558594
2.543945
2.563477
2.563477
2.602539
2.583008
2.558594
2.563477
2.578125
2.583008
2.592773
2.573242
2.583008
2.597656
2.553711
2.592773
2.607422
2.587891
2.587891
2.583008
2.578125
2.583008
2.583008
2.583008
2.583008
2.573242
2.568359
2.597656
2.563477
2.602539
2.558594
2.578125
2.597656
2.607422
2.587891
2.558594
2.573242
2.578125
2.578125
2.573242
2.587891
2.573242
2.578125
2.592773
2.578125
2.602539
2.602539
2.578125
2.612305
2.563477
2.578125
2.587891
2.583008
2.563477
2.568359
2.578125
2.548828
2.597656
2.548828
2.583008
2.558594
2.597656
2.583008
2.587891
2.578125
2.548828
2.543945
2.573242
2.573242
2.529297
2.583008
2.573242
2.539062
2.578125
2.563477
2.592773
2.539062
2.563477
2.558594
2.578125
2.563477
2.558594
2.558594
2.558594
2.587891
2.573242
2.573242
2.573242
2.573242
2.587891
2.558594
2.568359
2.592773
2.573242
2.568359
2.597656
2.587891
2.592773
2.587891
2.573242
2.583008
2.539062
2.568359
2.573242
2.578125
2.573242
2.573242
2.563477
2.573242
2.578125
2.568359
2.592773
2.568359
2.573242
2.578125
2.548828
2.573242
2.568359
2.592773
2.573242
2.573242
2.578125
2.587891
2.597656
2.583008
2.543945
2.573242
2.587891
2.587891
2.587891
2.583008
2.592773
2.583008
2.573242
2.578125
2.563477
2.563477
2.578125
2.602539
2.602539
2.607422
2.573242
2.573242
2.568359
2.568359
2.573242
2.597656
2.578125
2.543945
2.573242
2.573242
2.553711
2.563477
2.578125
2.578125
2.597656
2.558594
2.553711
2.578125
2.563477
2.578125
2.558594
2.558594
2.573242
2.587891
2.587891
2.568359
2.573242
2.578125
2.573242
2.583008
2.553711
2.573242
2.597656
2.558594
2.568359
2.558594
2.587891
2.563477
2.573242
2.548828
2.587891
2.563477
2.568359
2.568359
2.573242
2.563477
2.563477
2.587891
2.583008
2.583008
2.558594
2.553711
2.568359
2.553711
2.558594
2.558594
2.543945
2.548828
2.592773
2.597656
2.578125
2.568359
2.558594
2.548828
2.568359
2.534180
2.539062
2.573242
2.534180
2.563477
2.573242
2.563477
2.553711
2.543945
2.558594
2.543945
2.543945
2.563477
2.597656
2.548828
2.548828
2.587891
2.587891
2.592773
2.563477
2.543945
2.578125
2.563477
2.573242
2.568359
2.578125
2.573242
2.573242
2.583008
2.578125
2.587891
2.578125
2.553711
2.568359
2.558594
2.568359
2.563477
2.573242
2.573242
2.597656
2.558594
2.578125
2.573242
2.573242
2.573242
2.568359
2.558594
2.587891
2.563477
2.558594
2.558594
2.573242
2.592773
2.597656
2.578125
2.553711
2.563477
2.597656
2.592773
2.587891
2.592773
2.573242
2.578125
2.597656
2.597656
2.568359
2.558594
2.553711
2.573242
2.602539
2.563477
2.583008
2.583008
2.592773
2.607422
2.578125
2.568359
2.587891
2.587891
2.622070
2.597656
2.587891
2.568359
2.558594
2.573242
2.543945
2.563477
2.558594
2.587891
2.583008
2.568359
2.578125
2.578125
2.583008
2.563477
2.563477
2.573242
2.568359
2.592773
2.578125
2.602539
2.558594
2.548828
2.587891
2.548828
2.578125
2.563477
2.534180
2.578125
2.558594
2.563477
2.583008
2.573242
2.578125
2.573242
2.558594
2.578125
2.558594
2.563477
2.578125
2.553711
2.578125
2.548828
2.583008
2.563477
2.573242
2.553711
2.519531
2.553711
2.568359
2.543945
2.602539
2.563477
2.592773
2.558594
2.597656
2.558594
2.578125
2.578125
2.578125
2.563477
2.563477
2.568359
2.587891
2.563477
2.587891
2.592773
2.592773
2.587891
2.578125
2.568359
2.597656
2.534180
2.548828
2.524414
2.563477
2.578125
2.592773
2.573242
2.583008
2.578125
2.607422
2.573242
2.583008
2.578125
2.543945
2.563477
2.592773
2.573242
2.587891
2.592773
2.558594
2.583008
2.583008
2.563477
2.563477
2.563477
2.597656
2.578125
2.583008
2.568359
2.573242
2.578125
2.587891
2.568359
2.578125
2.553711
2.573242
2.553711
2.568359
2.568359
2.568359
2.626953
2.553711
2.587891
2.573242
2.558594
2.553711
2.587891
2.553711
2.578125
2.558594
2.597656
2.587891
2.587891
2.578125
2.558594
2.563477
2.568359
2.543945
2.558594
2.558594
2.568359
2.563477
2.573242
2.583008
2.568359
2.568359
2.573242
2.543945
2.553711
2.573242
2.548828
2.597656
2.578125
2.592773
2.587891
2.587891
2.553711
2.543945
2.587891
2.573242
2.578125
2.578125
2.553711
2.558594
2.543945
2.548828
2.553711
2.568359
2.553711
2.563477
2.568359
2.587891
2.563477
2.558594
2.553711
2.563477
2.563477
2.558594
2.563477
2.568359
2.563477
2.573242
2.573242
2.553711
2.568359
2.558594
2.573242
2.553711
2.539062
2.553711
2.563477
2.573242
2.568359
2.573242
2.617188
2.573242
2.534180
2.563477
2.529297
2.587891
2.534180
2.543945
2.587891
2.573242
2.558594
2.597656
2.563477
2.548828
2.553711
2.563477
2.578125
2.543945
2.558594
2.558594
2.578125
2.573242
2.553711
2.558594
2.558594
2.558594
2.578125
2.587891
2.587891
2.553711
2.578125
2.568359
2.563477
2.553711
2.587891
2.587891
2.573242
2.573242
2.592773
2.573242
2.568359
2.558594
2.578125
2.583008
2.563477
2.553711
2.578125
2.592773
2.568359
2.587891
2.534180
2.563477
2.573242
2.573242
2.568359
2.563477
2.573242
2.568359
2.592773
2.558594
2.578125
2.583008
2.592773
2.568359
2.563477
2.578125
2.592773
2.583008
2.583008
2.558594
2.583008
2.587891
2.563477
2.602539
2.573242
2.539062
2.553711
2.578125
2.578125
2.573242
2.563477
2.592773
2.573242
2.568359
2.563477
2.568359
2.587891
2.558594
2.578125
2.568359
2.578125
2.573242
2.568359
2.563477
2.558594
2.558594
2.583008
2.558594
2.553711
2.583008
2.558594
2.578125
2.563477
2.597656
2.578125
2.568359
2.543945
2.563477
2.568359
2.568359
2.558594
2.573242
2.534180
2.553711
2.578125
2.563477
2.573242
2.548828
2.573242
2.558594
2.548828
2.543945
2.553711
2.563477
2.558594
2.563477
2.568359
2.573242
2.568359
2.568359
2.563477
2.573242
2.587891
2.558594
2.563477
2.558594
2.568359
2.578125
2.563477
2.553711
2.573242
2.563477
2.568359
2.558594
2.543945
2.558594
2.592773
2.573242
2.563477
2.568359
2.573242
2.558594
2.568359
2.558594
2.573242
2.583008
2.607422
2.597656
2.548828
2.568359
2.578125
2.583008
2.578125
2.553711
2.548828
2.558594
2.553711
2.563477
2.592773
2.563477
2.568359
2.597656
2.563477
2.578125
2.553711
2.558594
2.587891
2.534180
2.543945
2.534180
2.548828
2.568359
2.539062
2.568359
2.563477
2.553711
2.578125
2.578125
2.524414
2.543945
2.543945
2.573242
2.553711
2.553711
2.563477
2.568359
2.592773
2.563477
2.578125
2.558594
2.553711
2.568359
2.587891
2.587891
2.578125
2.587891
2.607422
2.573242
2.573242
2.592773
2.597656
2.583008
2.592773
2.573242
2.529297
2.573242
2.534180
2.539062
2.558594
2.553711
2.539062
2.568359
2.568359
2.573242
2.548828
2.543945
2.563477
2.558594
2.553711
2.558594
2.578125
2.553711
2.573242
2.539062
2.548828
2.587891
2.563477
2.578125
2.592773
2.539062
2.573242
2.568359
2.568359
2.558594
2.558594
2.568359
2.573242
2.578125
2.563477
2.568359
2.597656
2.578125
2.578125
2.558594
2.558594
2.573242
2.573242
2.597656
2.558594
2.578125
2.583008
2.592773
2.568359
2.578125
2.568359
2.563477
2.553711
2.563477
2.543945
2.548828
2.568359
2.587891
2.597656
2.573242
2.558594
2.558594
2.578125
2.583008
2.563477
2.558594
2.607422
2.597656
2.612305
2.558594
2.573242
2.563477
2.578125
2.568359
2.612305
2.573242
2.578125
2.573242
2.607422
2.583008
2.553711
2.587891
2.592773
2.607422
2.578125
2.578125
2.563477
2.578125
2.583008
2.558594
2.553711
2.573242
2.602539
2.578125
2.568359
2.558594
2.583008
2.578125
2.587891
2.587891
2.558594
2.587891
2.597656
2.578125
2.558594
2.583008
2.573242
2.563477
2.563477
2.553711
2.524414
2.558594
2.587891
2.597656
2.553711
2.568359
2.573242
2.578125
2.563477
2.578125
2.568359
2.553711
2.578125
2.558594
2.583008
2.583008
2.553711
2.578125
2.573242
2.583008
2.597656
2.573242
2.558594
2.573242
2.607422
2.563477
2.587891
2.617188
2.573242
2.587891
2.558594
2.548828
2.573242
2.558594
2.592773
2.563477
2.573242
2.573242
2.592773
2.558594
2.563477
2.578125
2.558594
2.573242
2.568359
2.553711
2.573242
2.583008
2.573242
2.568359
2.578125
2.573242
2.573242
2.578125
2.578125
2.558594
2.583008
2.587891
2.573242
2.578125
2.592773
2.583008
2.583008
2.573242
2.568359
2.587891
2.573242
2.558594
2.568359
2.578125
2.573242
2.587891
2.563477
2.587891
2.539062
2.578125
2.587891
2.578125
2.558594
2.553711
2.563477
2.587891
2.612305
2.568359
2.573242
2.597656
2.558594
2.583008
2.563477
2.563477
2.563477
2.592773
2.573242
2.578125
2.587891
2.587891
2.563477
2.568359
2.563477
2.573242
2.543945
2.534180
2.587891
2.573242
2.592773
2.539062
2.539062
2.573242
2.573242
2.558594
2.543945
2.553711
2.583008
2.583008
2.563477
2.543945
2.568359
2.568359
2.592773
2.583008
2.548828
2.553711
2.558594
2.587891
2.587891
2.563477
2.568359
2.553711
2.587891
2.563477
2.563477
2.563477
2.563477
2.587891
2.573242
2.548828
2.553711
2.558594
2.587891
2.573242
2.568359
2.548828
2.573242
2.568359
2.529297
2.543945
2.553711
2.568359
2.548828
2.568359
2.573242
2.553711
2.573242
2.563477
2.558594
2.548828
2.558594
2.573242
2.558594
2.573242
2.573242
2.578125
2.587891
2.568359
2.587891
2.578125
2.563477
2.578125
2.573242
2.548828
2.539062
2.558594
2.587891
2.539062
2.553711
2.578125
2.553711
2.558594
2.568359
2.553711
2.563477
2.568359
2.573242
2.587891
2.568359
2.563477
2.543945
2.587891
2.578125
2.578125
2.573242
2.548828
2.587891
2.568359
2.548828
2.573242
2.534180
2.568359
2.558594
2.578125
2.583008
2.583008
2.583008
2.587891
2.578125
2.592773
2.578125
2.583008
2.558594
2.568359
2.578125
2.583008
2.563477
2.573242
2.597656
2.578125
2.612305
2.602539
2.558594
2.578125
2.587891
2.587891
2.573242
2.583008
2.558594
2.568359
2.573242
2.583008
2.578125
2.553711
2.578125
2.573242
2.578125
2.539062
2.548828
2.573242
2.617188
2.592773
2.563477
2.578125
2.563477
2.553711
2.587891
2.602539
2.558594
2.583008
2.558594
2.568359
2.553711
2.568359
2.587891
2.587891
2.568359
2.568359
2.583008
2.568359
2.539062
2.578125
2.587891
2.558594
2.558594
2.563477
2.568359
2.578125
2.558594
2.553711
2.592773
2.592773
2.563477
2.548828
2.583008
2.592773
2.568359
2.578125
2.558594
2.548828
2.553711
2.617188
2.558594
2.578125
2.553711
2.573242
2.553711
2.568359
2.558594
2.563477
2.558594
2.573242
2.543945
2.543945
2.539062
2.539062
2.573242
2.573242
2.558594
2.573242
2.553711
2.553711
2.568359
2.568359
2.563477
2.563477
2.602539
2.578125
2.558594
2.558594
2.573242
2.578125
2.592773
2.558594
2.578125
2.563477
2.573242
2.587891
2.602539
2.563477
2.563477
2.583008
2.573242
2.573242
2.558594
2.573242
2.548828
2.563477
2.573242
2.553711
2.573242
2.578125
2.548828
2.548828
2.587891
2.568359
2.597656
2.602539
2.583008
2.587891
2.563477
2.587891
2.602539
2.573242
2.563477
2.563477
2.578125
2.578125
2.587891
2.543945
2.568359
2.578125
2.583008
2.563477
2.553711
2.573242
2.592773
2.568359
2.563477
2.563477
2.583008
2.583008
2.573242
2.543945
2.583008
2.578125
2.597656
2.558594
2.573242
2.539062
2.568359
2.578125
2.578125
2.548828
2.568359
2.578125
2.573242
2.578125
2.597656
2.597656
2.592773
2.587891
2.573242
2.592773
2.563477
2.563477
2.553711
2.563477
2.568359
2.558594
2.568359
2.563477
2.583008
2.587891
2.543945
2.578125
2.578125
2.548828
2.553711
2.573242
2.592773
2.587891
2.587891
2.558594
2.558594
2.568359
2.553711
2.573242
2.558594
2.534180
2.583008
2.597656
2.568359
2.573242
2.583008
2.583008
2.578125
2.568359
2.573242
2.558594
2.563477
2.578125
2.573242
2.548828
2.558594
2.548828
2.578125
2.548828
2.583008
2.573242
2.548828
2.573242
2.602539
2.587891
2.558594
2.563477
2.602539
2.558594
2.578125
2.568359
2.548828
2.568359
2.578125
2.573242
2.573242
2.563477
2.592773
2.578125
2.587891
2.558594
2.607422
2.578125
2.583008
2.592773
2.573242
2.539062
2.578125
2.558594
2.573242
2.558594
2.573242
2.578125
2.558594
2.578125
2.558594
2.587891
2.587891
2.573242
2.578125
2.573242
2.558594
2.573242
2.587891
2.587891
2.587891
2.568359
2.563477
2.563477
2.573242
2.548828
2.553711
2.607422
2.578125
2.568359
2.578125
2.548828
2.583008
2.558594
2.558594
2.587891
2.573242
2.573242
2.578125
2.578125
2.573242
2.607422
2.587891
2.563477
2.573242
2.543945
2.578125
2.568359
2.573242
2.568359
2.558594
2.573242
2.553711
2.573242
2.553711
2.573242
2.578125
2.578125
2.587891
2.563477
2.578125
2.583008
2.578125
2.573242
2.573242
2.587891
2.563477
2.553711
2.587891
2.592773
2.583008
2.553711
2.592773
2.563477
2.573242
2.539062
2.578125
2.563477
2.553711
2.568359
2.558594
2.573242
2.573242
2.553711
2.587891
2.573242
2.573242
2.573242
2.558594
2.558594
2.587891
2.583008
2.553711
2.578125
2.573242
2.553711
2.563477
2.573242
2.592773
2.563477
2.563477
2.558594
2.578125
2.587891
2.578125
2.573242
2.539062
2.587891
2.553711
2.573242
2.548828
2.573242
2.558594
2.568359
2.563477
2.568359
2.568359
2.578125
2.568359
2.578125
2.558594
2.573242
2.578125
2.563477
2.578125
2.563477
2.553711
2.592773
2.587891
2.539062
2.553711
2.553711
2.578125
2.592773
2.548828
2.587891
2.563477
2.573242
2.583008
2.539062
2.583008
2.578125
2.548828
2.563477
2.548828
2.578125
2.543945
2.568359
2.587891
2.553711
2.587891
2.539062
2.578125
2.548828
2.573242
2.558594
2.539062
2.587891
2.587891
2.553711
2.563477
2.573242
2.558594
2.578125
2.587891
2.568359
2.553711
2.568359
2.597656
2.573242
2.583008
2.587891
2.568359
2.583008
2.563477
2.568359
2.568359
2.568359
2.587891
2.568359
2.553711
2.578125
2.587891
2.578125
2.568359
2.558594
2.578125
2.583008
2.558594
2.568359
2.548828
2.558594
2.563477
2.573242
2.583008
2.539062
2.578125
2.578125
2.573242
2.568359
2.563477
2.592773
2.592773
2.597656
2.578125
2.583008
2.578125
2.558594
2.563477
2.573242
2.573242
2.548828
2.568359
2.558594
2.587891
2.534180
2.568359
2.563477
2.563477
2.573242
2.548828
2.563477
2.563477
2.573242
2.597656
2.578125
2.558594
2.573242
2.587891
2.578125
2.558594
2.558594
2.592773
2.592773
2.568359
2.592773
2.592773
2.573242
2.573242
2.578125
2.558594
2.573242
2.568359
2.583008
2.583008
2.568359
2.543945
2.568359
2.573242
2.543945
2.573242
2.583008
2.592773
2.558594
2.587891
