2.148438
0.844727
-0.771484
-2.294922
-3.427734
-3.994141
-3.930664
-3.310547
-2.114258
-0.571289
1.284180
3.281250
5.175781
6.831055
8.100586
8.901367
9.155273
8.779297
7.841797
6.391602
4.672852
2.714844
0.717773
-1.093750
-2.587891
-3.583984
-4.038086
-3.867188
-3.120117
-1.923828
-0.249023
1.621094
3.588867
5.488281
7.104492
8.315430
9.023438
9.160156
8.706055
7.661133
6.176758
4.365234
2.382812
0.405273
-1.376953
-2.802734
-3.671875
-4.062500
-3.798828
-2.958984
-1.669922
0.034180
1.962891
3.925781
5.771484
7.333984
8.476562
9.082031
9.116211
8.496094
7.436523
5.903320
4.160156
3.012695
2.622070
2.485352
2.504883
2.543945
2.578125
2.578125
2.563477
2.578125
2.578125
2.583008
2.592773
2.553711
2.573242
2.622070
2.597656
2.568359
2.602539
2.607422
2.558594
2.548828
2.543945
2.558594
2.548828
2.568359
2.583008
2.578125
2.558594
2.583008
2.587891
2.563477
2.563477
2.558594
2.558594
2.563477
2.578125
2.568359
2.553711
2.553711
2.573242
2.548828
2.558594
2.563477
2.558594
2.558594
2.514648
2.573242
2.548828
2.568359
2.573242
2.578125
2.543945
2.578125
2.548828
2.548828
2.548828
2.563477
2.529297
2.587891
2.558594
2.578125
2.548828
2.563477
2.553711
2.558594
2.573242
2.563477
2.573242
2.583008
2.568359
2.578125
2.568359
2.587891
2.587891
2.519531
2.563477
2.558594
2.534180
2.543945
2.592773
2.539062
2.592773
2.563477
2.563477
2.568359
2.583008
2.553711
2.558594
2.568359
2.587891
2.553711
2.558594
2.558594
2.548828
2.563477
2.558594
2.548828
2.558594
2.548828
2.563477
2.568359
2.563477
2.539062
2.583008
2.583008
2.553711
2.568359
2.587891
2.587891
2.563477
2.573242
2.558594
2.548828
2.573242
2.563477
2.578125
2.587891
2.587891
2.563477
2.563477
2.553711
2.558594
2.563477
2.568359
2.568359
2.587891
2.543945
2.583008
2.553711
2.563477
2.573242
2.558594
2.543945
2.587891
2.539062
2.563477
2.573242
2.563477
2.553711
2.548828
2.568359
2.578125
2.553711
2.573242
2.568359
2.543945
2.543945
2.548828
2.553711
2.558594
2.597656
2.583008
2.558594
2.573242
2.597656
2.573242
2.563477
2.563477
2.568359
2.563477
2.568359
2.568359
2.563477
2.563477
2.573242
2.592773
2.548828
2.578125
2.568359
2.548828
2.563477
2.558594
2.563477
2.548828
2.573242
2.578125
2.578125
2.592773
2.558594
2.548828
2.573242
2.597656
2.543945
2.578125
2.573242
2.539062
2.563477
2.568359
2.553711
2.558594
2.529297
2.519531
2.573242
2.568359
2.539062
2.543945
2.563477
2.529297
2.587891
2.587891
2.568359
2.553711
2.578125
2.587891
2.573242
2.573242
2.563477
2.573242
2.573242
2.573242
2.558594
2.578125
2.587891
2.558594
2.587891
2.578125
2.568359
2.548828
2.548828
2.558594
2.568359
2.558594
2.573242
2.568359
2.563477
2.534180
2.539062
2.558594
2.553711
2.548828
2.568359
2.568359
2.548828
2.597656
2.558594
2.568359
2.529297
2.534180
2.543945
2.563477
2.573242
2.553711
2.558594
2.563477
2.543945
2.578125
2.543945
2.563477
2.587891
2.573242
2.563477
2.548828
2.548828
2.534180
2.578125
2.592773
2.597656
2.558594
2.539062
2.563477
2.558594
2.558594
2.573242
2.592773
2.563477
2.543945
2.573242
2.578125
2.553711
2.578125
2.553711
2.573242
2.558594
2.558594
2.558594
2.568359
2.558594
2.578125
2.597656
2.568359
2.563477
2.587891
2.602539
2.607422
2.573242
2.573242
2.553711
2.539062
2.553711
2.553711
2.548828
2.573242
2.583008
2.563477
2.573242
2.563477
2.568359
2.553711
2.568359
2.553711
2.539062
2.558594
2.563477
2.573242
2.563477
2.558594
2.563477
2.578125
2.568359
2.568359
2.573242
2.558594
2.553711
2.578125
2.578125
2.597656
2.553711
2.578125
2.578125
2.573242
2.558594
2.563477
2.553711
2.568359
2.563477
2.578125
2.539062
2.578125
2.573242
2.578125
2.553711
2.578125
2.587891
2.548828
2.568359
2.548828
2.529297
2.573242
2.558594
2.587891
2.563477
2.568359
2.568359
2.573242
2.558594
2.578125
2.558594
2.573242
2.558594
2.553711
2.573242
2.578125
2.553711
2.548828
2.568359
2.558594
2.553711
2.568359
2.583008
2.568359
2.553711
2.568359
2.558594
2.573242
2.573242
2.573242
2.553711
2.558594
2.568359
2.548828
2.568359
2.558594
2.563477
2.573242
2.583008
2.553711
2.534180
2.568359
2.548828
2.568359
2.568359
2.573242
2.568359
2.587891
2.587891
2.548828
2.573242
2.558594
2.563477
2.583008
2.578125
2.548828
2.573242
2.553711
2.568359
2.592773
2.563477
2.568359
2.548828
2.587891
2.568359
2.563477
2.558594
2.587891
2.543945
2.568359
2.583008
2.583008
2.597656
2.583008
2.563477
2.573242
2.558594
2.563477
2.592773
2.568359
2.548828
2.573242
2.573242
2.583008
2.583008
2.558594
2.578125
2.597656
2.573242
2.558594
2.568359
2.558594
2.548828
2.568359
2.568359
2.568359
2.568359
2.539062
2.573242
2.563477
2.553711
2.592773
2.583008
2.573242
2.568359
2.587891
2.543945
2.587891
2.597656
2.558594
2.553711
2.587891
2.573242
2.563477
2.587891
2.578125
2.548828
2.573242
2.573242
2.568359
2.573242
2.548828
2.558594
2.563477
2.558594
2.539062
2.563477
2.543945
2.543945
2.563477
2.558594
2.563477
2.583008
2.553711
2.573242
2.543945
2.548828
2.573242
2.568359
2.563477
2.548828
2.558594
2.553711
2.587891
2.553711
2.509766
2.514648
2.563477
2.563477
2.563477
2.568359
2.563477
2.573242
2.558594
2.548828
2.583008
2.573242
2.573242
2.563477
2.578125
2.558594
2.573242
2.587891
2.539062
2.558594
2.592773
2.553711
2.592773
2.573242
2.548828
2.558594
2.543945
2.563477
2.563477
2.563477
2.578125
2.553711
2.568359
2.558594
2.607422
2.553711
2.563477
2.568359
2.573242
2.587891
2.568359
2.587891
2.578125
2.597656
2.587891
2.563477
2.578125
2.573242
2.578125
2.578125
2.548828
2.568359
2.573242
2.573242
2.617188
2.568359
2.543945
2.568359
2.578125
2.558594
2.563477
2.592773
2.597656
2.587891
2.563477
2.548828
2.587891
2.573242
2.568359
2.548828
2.563477
2.578125
2.587891
2.563477
2.563477
2.573242
2.573242
2.573242
2.573242
2.558594
2.558594
2.592773
2.592773
2.558594
2.568359
2.539062
2.558594
2.568359
2.573242
2.578125
2.573242
2.563477
2.563477
2.578125
2.563477
2.578125
2.573242
2.568359
2.568359
2.553711
2.534180
2.583008
2.548828
2.563477
2.573242
2.592773
2.558594
2.573242
2.587891
2.548828
2.592773
2.568359
2.592773
2.573242
2.548828
2.558594
2.587891
2.587891
2.548828
2.563477
2.583008
2.548828
2.558594
2.558594
2.558594
2.583008
2.573242
2.539062
2.568359
2.539062
2.558594
2.597656
2.558594
2.553711
2.553711
2.578125
2.553711
2.583008
2.563477
2.568359
2.573242
2.578125
2.573242
2.563477
2.553711
2.548828
2.529297
2.558594
2.558594
2.573242
2.539062
2.568359
2.578125
2.548828
2.539062
2.578125
2.543945
2.578125
2.597656
2.578125
2.534180
2.558594
2.558594
2.563477
2.558594
2.543945
2.563477
2.563477
2.553711
2.558594
2.558594
2.553711
2.578125
2.578125
2.568359
2.578125
2.553711
2.563477
2.558594
2.568359
2.553711
2.563477
2.597656
2.563477
2.548828
2.553711
2.568359
2.563477
2.563477
2.578125
2.568359
2.558594
2.573242
2.553711
2.558594
2.568359
2.563477
2.563477
2.524414
2.563477
2.563477
2.548828
2.558594
2.539062
2.553711
2.553711
2.539062
2.578125
2.553711
2.543945
2.573242
2.563477
2.573242
2.548828
2.578125
2.583008
2.568359
2.602539
2.612305
2.563477
2.563477
2.573242
2.583008
2.563477
2.553711
2.553711
2.553711
2.548828
2.548828
2.573242
2.578125
2.558594
2.563477
2.573242
2.558594
2.529297
2.573242
2.563477
2.553711
2.578125
2.558594
2.563477
2.543945
2.578125
2.548828
2.568359
2.568359
2.563477
2.568359
2.587891
2.558594
2.558594
2.568359
2.543945
2.543945
2.583008
2.553711
2.563477
2.558594
2.573242
2.548828
2.558594
2.573242
2.558594
2.583008
2.573242
2.563477
2.597656
2.568359
2.553711
2.563477
2.553711
2.578125
2.558594
2.558594
2.558594
2.558594
2.573242
2.568359
2.583008
2.543945
2.597656
2.548828
2.548828
2.558594
2.558594
2.563477
2.578125
2.578125
2.558594
2.573242
2.553711
2.558594
2.553711
2.563477
2.568359
2.543945
2.592773
2.573242
2.568359
2.548828
2.553711
2.568359
2.578125
2.578125
2.568359
2.583008
2.563477
2.553711
2.578125
2.563477
2.578125
2.607422
2.573242
2.587891
2.563477
2.558594
2.578125
2.578125
2.573242
2.578125
2.553711
2.602539
2.558594
2.573242
2.587891
2.568359
2.587891
2.573242
2.578125
2.563477
2.563477
2.563477
2.573242
2.587891
2.553711
2.563477
2.558594
2.578125
2.563477
2.558594
2.563477
2.568359
2.558594
2.568359
2.578125
2.558594
2.587891
2.558594
2.583008
2.578125
2.578125
2.563477
2.578125
2.563477
2.543945
2.558594
2.587891
2.583008
2.568359
2.573242
2.583008
2.602539
2.612305
2.573242
2.583008
2.563477
2.548828
2.558594
2.563477
2.548828
2.573242
2.558594
2.563477
2.558594
2.563477
2.573242
2.539062
2.553711
2.573242
2.563477
2.553711
2.568359
2.573242
2.578125
2.553711
2.563477
2.568359
2.583008
2.563477
2.578125
2.578125
2.597656
2.563477
2.568359
2.553711
2.592773
2.592773
2.583008
2.578125
2.568359
2.568359
2.587891
2.583008
2.553711
2.563477
2.587891
2.578125
2.587891
2.548828
2.563477
2.568359
2.573242
2.539062
2.553711
2.563477
2.568359
2.587891
2.568359
2.578125
2.583008
2.548828
2.583008
2.573242
2.563477
2.578125
2.573242
2.587891
2.573242
2.578125
2.568359
2.602539
2.597656
2.573242
2.563477
2.558594
2.553711
2.558594
2.578125
2.548828
2.568359
2.519531
2.602539
2.573242
2.553711
2.587891
2.563477
2.578125
2.578125
2.568359
2.573242
2.558594
2.548828
2.578125
2.573242
2.573242
2.573242
2.573242
2.563477
2.578125
2.573242
2.573242
2.573242
2.563477
2.578125
2.578125
2.587891
2.573242
2.592773
2.568359
2.568359
2.573242
2.563477
2.573242
2.583008
2.568359
2.553711
2.543945
2.548828
2.578125
2.539062
2.583008
2.558594
2.558594
2.573242
2.553711
2.558594
2.587891
2.568359
2.568359
2.553711
2.568359
2.553711
2.568359
2.548828
2.553711
2.558594
2.583008
2.573242
2.543945
2.568359
2.563477
2.553711
2.578125
2.563477
2.568359
2.583008
2.568359
2.592773
2.583008
2.548828
2.543945
2.573242
2.578125
2.548828
2.553711
2.587891
2.548828
2.563477
2.553711
2.587891
2.592773
2.558594
2.558594
2.563477
2.563477
2.563477
2.543945
2.597656
2.578125
2.568359
2.573242
2.563477
2.568359
2.583008
2.548828
2.568359
2.568359
2.578125
2.548828
2.578125
2.568359
2.573242
2.568359
2.553711
2.563477
2.563477
2.597656
2.553711
2.563477
2.568359
2.597656
2.578125
2.573242
2.558594
2.558594
2.553711
2.573242
2.578125
2.578125
2.553711
2.568359
2.578125
2.558594
2.563477
2.553711
2.573242
2.592773
2.587891
2.563477
2.568359
2.553711
2.597656
2.587891
2.578125
2.558594
2.568359
2.563477
2.578125
2.587891
2.558594
2.563477
2.534180
2.578125
2.587891
2.553711
2.558594
2.578125
2.578125
2.563477
2.563477
2.558594
2.568359
2.592773
2.563477
2.558594
2.587891
2.597656
2.578125
2.563477
2.558594
2.578125
2.597656
2.587891
2.578125
2.558594
2.587891
2.563477
2.578125
2.573242
2.553711
2.563477
2.578125
2.558594
2.553711
2.587891
2.548828
2.543945
2.578125
2.573242
2.543945
2.568359
2.553711
2.553711
2.568359
2.568359
2.558594
2.558594
2.583008
2.553711
2.568359
2.563477
2.548828
2.602539
2.548828
2.578125
2.539062
2.578125
2.592773
2.587891
2.558594
2.592773
2.597656
2.568359
2.587891
2.539062
2.568359
2.573242
2.548828
2.587891
2.563477
2.553711
2.573242
2.563477
2.583008
2.553711
2.568359
2.592773
2.563477
2.563477
2.553711
2.573242
2.558594
2.573242
2.563477
2.563477
2.553711
2.573242
2.587891
2.597656
2.563477
2.558594
2.578125
2.597656
2.578125
2.578125
2.597656
2.568359
2.578125
2.573242
2.592773
2.563477
2.558594
2.563477
2.573242
2.563477
2.563477
2.573242
2.578125
2.592773
2.543945
2.573242
2.587891
2.563477
2.578125
2.563477
2.543945
2.534180
2.592773
2.578125
2.583008
2.563477
2.573242
2.592773
2.553711
2.587891
2.563477
2.607422
2.563477
2.563477
2.578125
2.563477
2.578125
2.548828
2.587891
2.558594
2.558594
2.568359
2.563477
2.587891
2.597656
2.597656
2.583008
2.578125
2.563477
2.573242
2.548828
2.573242
2.529297
2.573242
2.548828
2.553711
2.568359
2.573242
2.563477
2.592773
2.563477
2.573242
2.592773
2.558594
2.548828
2.587891
2.592773
2.583008
2.578125
2.558594
2.558594
2.597656
2.563477
2.573242
2.553711
2.553711
2.583008
2.568359
2.563477
2.578125
2.548828
2.573242
2.568359
2.539062
2.578125
2.563477
2.563477
2.524414
2.563477
2.563477
2.558594
2.563477
2.583008
2.592773
2.563477
2.558594
2.573242
2.578125
2.563477
2.578125
2.568359
2.583008
2.583008
2.558594
2.563477
2.568359
2.583008
2.543945
2.568359
2.597656
2.543945
2.578125
2.558594
2.578125
2.578125
2.548828
2.587891
2.592773
2.553711
2.563477
2.592773
2.612305
2.558594
2.602539
2.583008
2.563477
2.578125
2.578125
2.558594
2.583008
2.543945
2.563477
2.568359
2.573242
2.553711
2.568359
2.558594
2.563477
2.563477
2.578125
2.553711
2.578125
2.573242
2.553711
2.573242
2.578125
2.578125
2.563477
2.597656
2.573242
2.558594
2.573242
2.573242
2.573242
2.568359
2.558594
2.592773
2.592773
2.553711
2.563477
2.548828
2.587891
2.597656
2.612305
2.587891
2.534180
2.583008
2.578125
2.543945
2.568359
2.583008
2.583008
2.558594
2.573242
2.558594
2.573242
2.587891
2.573242
2.578125
2.553711
2.583008
2.583008
2.583008
2.602539
2.568359
2.563477
2.587891
2.573242
2.548828
2.578125
2.539062
2.573242
2.558594
2.539062
2.558594
2.524414
2.553711
2.558594
2.573242
2.563477
2.578125
2.578125
2.568359
2.563477
2.573242
2.573242
2.573242
2.568359
2.563477
2.563477
2.583008
2.548828
2.587891
2.548828
2.573242
2.583008
2.568359
2.583008
2.573242
2.548828
2.568359
2.563477
2.573242
2.558594
2.563477
2.563477
2.583008
2.573242
2.573242
2.563477
2.558594
2.573242
2.597656
2.602539
2.578125
2.548828
2.573242
2.568359
2.587891
2.573242
2.553711
2.568359
2.573242
2.568359
2.592773
2.573242
2.578125
2.592773
2.587891
2.553711
2.578125
2.568359
2.548828
2.563477
2.573242
2.578125
2.592773
2.568359
2.563477
2.568359
2.578125
2.573242
2.563477
2.543945
2.553711
2.568359
2.583008
2.592773
2.587891
2.587891
2.553711
2.568359
2.573242
2.597656
2.573242
2.558594
2.578125
2.563477
2.602539
2.578125
2.558594
2.548828
2.578125
2.558594
2.543945
2.558594
2.568359
2.573242
2.558594
2.583008
2.563477
2.578125
2.558594
2.558594
2.543945
2.573242
2.583008
2.592773
2.578125
2.543945
2.573242
2.563477
2.573242
2.587891
2.548828
2.573242
2.548828
2.558594
2.578125
2.553711
2.573242
2.578125
2.587891
2.583008
2.578125
2.573242
2.563477
2.563477
2.558594
2.558594
2.548828
2.563477
2.573242
2.558594
2.573242
2.548828
2.558594
2.573242
2.553711
2.548828
2.558594
2.573242
2.553711
2.553711
2.578125
2.563477
2.548828
2.553711
2.573242
2.563477
2.558594
2.563477
2.529297
2.539062
2.553711
2.553711
2.578125
2.587891
2.587891
2.548828
2.578125
2.573242
2.543945
2.602539
2.548828
2.587891
2.563477
2.563477
2.573242
2.568359
2.548828
2.553711
2.553711
2.573242
2.578125
2.539062
2.583008
2.573242
2.573242
2.592773
2.578125
2.583008
2.602539
2.578125
2.563477
2.563477
2.568359
2.587891
2.587891
2.573242
2.573242
2.573242
2.573242
2.583008
2.578125
2.578125
2.626953
2.592773
2.592773
2.587891
2.573242
2.568359
2.578125
2.558594
2.583008
2.534180
2.558594
2.558594
2.573242
2.558594
2.563477
2.563477
2.539062
2.592773
2.592773
2.568359
2.597656
2.583008
2.597656
2.548828
2.587891
2.568359
2.587891
2.602539
2.583008
2.592773
2.592773
2.573242
2.573242
2.587891
2.578125
2.578125
2.558594
2.573242
2.573242
2.568359
2.539062
2.563477
2.587891
2.592773
2.578125
2.592773
2.597656
2.592773
2.573242
2.548828
2.583008
2.568359
2.563477
2.573242
2.553711
2.563477
2.592773
2.543945
2.563477
2.587891
2.573242
2.553711
2.563477
2.563477
2.578125
2.592773
2.558594
2.548828
2.578125
2.543945
2.568359
2.578125
2.553711
2.548828
2.558594
2.568359
2.578125
2.578125
2.583008
2.563477
2.553711
2.553711
2.578125
2.558594
2.578125
2.573242
2.568359
2.587891
2.553711
2.558594
2.578125
2.563477
2.573242
2.558594
2.578125
2.558594
2.568359
2.553711
2.592773
2.563477
2.573242
2.573242
2.529297
2.563477
2.558594
2.573242
2.568359
2.563477
2.563477
2.573242
2.553711
2.558594
2.573242
2.558594
2.558594
2.573242
2.592773
2.568359
2.548828
2.568359
2.587891
2.563477
2.558594
2.553711
2.568359
2.553711
2.563477
2.553711
2.578125
2.558594
2.558594
2.573242
2.558594
2.558594
2.573242
2.563477
2.587891
2.573242
2.573242
2.568359
2.568359
2.548828
2.583008
2.583008
2.573242
2.563477
2.553711
2.568359
2.543945
2.563477
2.587891
2.583008
2.563477
2.558594
2.539062
2.573242
2.568359
2.563477
2.568359
2.548828
2.558594
2.597656
2.573242
2.573242
2.548828
2.573242
2.553711
2.568359
2.578125
2.587891
2.587891
2.602539
2.597656
2.578125
2.592773
2.573242
2.563477
2.553711
2.573242
2.563477
2.548828
2.558594
2.573242
2.563477
2.548828
2.587891
2.563477
2.548828
2.563477
2.573242
2.592773
2.568359
2.558594
2.558594
2.558594
2.597656
2.578125
2.563477
2.553711
2.563477
2.578125
2.578125
2.573242
2.568359
2.563477
2.578125
2.573242
2.573242
2.578125
2.573242
2.578125
2.578125
2.587891
2.558594
2.534180
2.558594
2.568359
2.558594
2.563477
2.539062
2.548828
2.563477
2.597656
2.563477
2.553711
2.553711
2.548828
2.568359
2.553711
2.539062
2.573242
2.573242
2.558594
2.563477
2.573242
2.578125
2.587891
2.553711
2.543945
2.583008
2.597656
2.578125
2.578125
2.558594
2.573242
2.597656
2.563477
2.563477
2.553711
2.548828
2.592773
2.578125
2.568359
2.573242
2.578125
2.587891
2.568359
2.553711
2.583008
2.553711
2.568359
2.578125
2.548828
2.578125
2.558594
2.583008
2.568359
2.563477
2.568359
2.578125
2.578125
2.578125
2.592773
2.578125
2.563477
2.583008
2.597656
2.578125
2.524414
2.568359
2.548828
2.563477
2.592773
2.558594
2.548828
2.573242
2.587891
2.573242
2.587891
2.558594
2.583008
2.563477
2.558594
2.573242
2.553711
2.563477
2.548828
2.578125
2.553711
2.568359
2.553711
2.592773
2.563477
2.597656
2.548828
2.568359
2.558594
2.558594
2.573242
2.548828
2.568359
2.578125
2.563477
2.563477
2.563477
2.573242
2.548828
2.573242
2.578125
2.573242
2.543945
2.563477
2.568359
2.592773
2.553711
2.568359
2.578125
2.558594
2.558594
2.558594
2.592773
2.573242
2.553711
2.558594
2.558594
2.558594
2.568359
2.587891
2.553711
2.563477
2.553711
2.573242
2.568359
2.543945
2.578125
2.553711
2.578125
2.573242
2.553711
2.568359
2.563477
2.563477
2.587891
2.578125
2.548828
2.592773
2.583008
2.563477
2.578125
2.548828
2.573242
2.578125
2.558594
2.563477
2.568359
2.578125
2.568359
2.553711
2.573242
2.548828
2.578125
2.573242
2.558594
2.568359
2.548828
2.592773
2.563477
2.558594
2.553711
2.563477
2.587891
2.543945
2.563477
2.558594
2.553711
2.573242
2.568359
2.553711
2.563477
2.529297
2.558594
2.553711
2.578125
2.539062
2.558594
2.587891
2.568359
2.553711
2.568359
2.578125
2.563477
2.558594
2.587891
2.573242
2.529297
2.587891
2.607422
2.578125
2.563477
2.558594
2.573242
2.573242
2.568359
2.568359
2.558594
2.592773
2.563477
2.543945
2.563477
2.578125
2.573242
2.573242
2.573242
2.543945
2.558594
2.578125
2.568359
2.583008
2.563477
2.563477
2.568359
2.553711
2.553711
2.563477
2.578125
2.573242
2.548828
2.553711
2.573242
2.563477
2.563477
2.578125
