2.436523
1.464844
-0.156250
-1.713867
-3.051758
-3.852539
-4.008789
-3.618164
-2.656250
-1.186523
0.561523
2.509766
4.453125
6.240234
7.666016
8.657227
9.155273
8.955078
8.266602
7.021484
5.366211
3.481445
1.464844
-0.439453
-2.055664
-3.261719
-3.925781
-4.018555
-3.486328
-2.412109
-0.927734
0.878906
2.832031
4.760742
6.503906
7.919922
8.828125
9.179688
8.920898
8.139648
6.791992
5.078125
3.134766
1.147461
-0.698242
-2.285156
-3.378906
-3.969727
-3.950195
-3.339844
-2.177734
-0.639648
1.201172
3.173828
5.083008
6.777344
8.081055
8.901367
9.160156
8.847656
7.905273
6.533203
4.809570
3.349609
2.729492
2.539062
2.475586
2.548828
2.558594
2.563477
2.602539
2.568359
2.568359
2.563477
2.563477
2.573242
2.587891
2.568359
2.597656
2.607422
2.612305
2.597656
2.587891
2.568359
2.558594
2.548828
2.573242
2.568359
2.583008
2.568359
2.578125
2.563477
2.578125
2.548828
2.573242
2.578125
2.573242
2.558594
2.578125
2.573242
2.563477
2.558594
2.563477
2.558594
2.534180
2.548828
2.578125
2.539062
2.563477
2.597656
2.578125
2.592773
2.573242
2.548828
2.597656
2.607422
2.548828
2.578125
2.553711
2.578125
2.553711
2.539062
2.558594
2.558594
2.548828
2.583008
2.583008
2.568359
2.558594
2.583008
2.573242
2.587891
2.553711
2.529297
2.568359
2.568359
2.587891
2.568359
2.563477
2.543945
2.573242
2.573242
2.548828
2.563477
2.563477
2.543945
2.573242
2.558594
2.534180
2.592773
2.597656
2.578125
2.568359
2.558594
2.534180
2.558594
2.583008
2.519531
2.563477
2.563477
2.563477
2.563477
2.553711
2.592773
2.568359
2.587891
2.543945
2.548828
2.578125
2.587891
2.558594
2.583008
2.573242
2.539062
2.573242
2.612305
2.548828
2.568359
2.563477
2.578125
2.573242
2.587891
2.553711
2.563477
2.573242
2.558594
2.573242
2.587891
2.563477
2.578125
2.587891
2.568359
2.568359
2.558594
2.568359
2.568359
2.553711
2.578125
2.578125
2.573242
2.578125
2.578125
2.553711
2.548828
2.558594
2.558594
2.553711
2.553711
2.563477
2.583008
2.597656
2.548828
2.558594
2.553711
2.563477
2.583008
2.573242
2.543945
2.563477
2.578125
2.597656
2.602539
2.558594
2.568359
2.573242
2.568359
2.597656
2.548828
2.558594
2.558594
2.563477
2.578125
2.553711
2.563477
2.568359
2.573242
2.568359
2.548828
2.558594
2.553711
2.548828
2.558594
2.563477
2.573242
2.553711
2.578125
2.568359
2.568359
2.568359
2.568359
2.573242
2.563477
2.568359
2.558594
2.568359
2.563477
2.573242
2.568359
2.558594
2.597656
2.573242
2.553711
2.553711
2.563477
2.558594
2.573242
2.558594
2.568359
2.558594
2.602539
2.573242
2.568359
2.563477
2.563477
2.578125
2.597656
2.587891
2.573242
2.563477
2.548828
2.583008
2.563477
2.558594
2.578125
2.573242
2.573242
2.563477
2.563477
2.573242
2.607422
2.558594
2.563477
2.587891
2.583008
2.573242
2.592773
2.592773
2.558594
2.563477
2.583008
2.592773
2.583008
2.573242
2.558594
2.548828
2.592773
2.558594
2.553711
2.553711
2.573242
2.548828
2.568359
2.578125
2.563477
2.587891
2.597656
2.563477
2.543945
2.553711
2.568359
2.592773
2.558594
2.568359
2.578125
2.573242
2.592773
2.558594
2.573242
2.568359
2.583008
2.558594
2.563477
2.563477
2.553711
2.573242
2.578125
2.578125
2.563477
2.592773
2.578125
2.587891
2.563477
2.558594
2.578125
2.563477
2.548828
2.563477
2.563477
2.558594
2.539062
2.558594
2.548828
2.539062
2.553711
2.592773
2.563477
2.583008
2.563477
2.573242
2.563477
2.543945
2.563477
2.553711
2.583008
2.553711
2.548828
2.558594
2.573242
2.543945
2.563477
2.558594
2.534180
2.568359
2.529297
2.563477
2.573242
2.524414
2.534180
2.558594
2.558594
2.548828
2.563477
2.548828
2.548828
2.563477
2.568359
2.587891
2.543945
2.548828
2.548828
2.578125
2.563477
2.573242
2.548828
2.573242
2.543945
2.578125
2.587891
2.558594
2.568359
2.568359
2.563477
2.563477
2.553711
2.553711
2.568359
2.558594
2.573242
2.563477
2.568359
2.568359
2.553711
2.587891
2.563477
2.563477
2.563477
2.587891
2.597656
2.583008
2.587891
2.597656
2.597656
2.592773
2.573242
2.592773
2.573242
2.573242
2.578125
2.583008
2.573242
2.578125
2.587891
2.592773
2.573242
2.573242
2.573242
2.548828
2.563477
2.529297
2.573242
2.573242
2.568359
2.558594
2.553711
2.592773
2.573242
2.573242
2.573242
2.553711
2.563477
2.548828
2.563477
2.583008
2.563477
2.573242
2.578125
2.587891
2.568359
2.558594
2.587891
2.563477
2.563477
2.578125
2.558594
2.573242
2.573242
2.573242
2.558594
2.563477
2.568359
2.558594
2.573242
2.558594
2.548828
2.578125
2.573242
2.578125
2.558594
2.568359
2.568359
2.592773
2.539062
2.548828
2.553711
2.568359
2.548828
2.558594
2.568359
2.548828
2.568359
2.592773
2.578125
2.558594
2.553711
2.558594
2.553711
2.568359
2.563477
2.558594
2.563477
2.587891
2.578125
2.558594
2.558594
2.568359
2.548828
2.578125
2.592773
2.553711
2.592773
2.563477
2.548828
2.573242
2.548828
2.568359
2.563477
2.563477
2.573242
2.563477
2.578125
2.563477
2.568359
2.563477
2.563477
2.587891
2.563477
2.578125
2.558594
2.558594
2.587891
2.558594
2.548828
2.578125
2.578125
2.563477
2.587891
2.563477
2.573242
2.558594
2.563477
2.587891
2.587891
2.548828
2.553711
2.573242
2.573242
2.553711
2.568359
2.548828
2.563477
2.583008
2.583008
2.592773
2.568359
2.573242
2.578125
2.548828
2.573242
2.583008
2.543945
2.587891
2.548828
2.553711
2.568359
2.558594
2.578125
2.587891
2.602539
2.583008
2.592773
2.573242
2.568359
2.597656
2.573242
2.578125
2.592773
2.553711
2.543945
2.553711
2.573242
2.553711
2.568359
2.568359
2.553711
2.568359
2.558594
2.563477
2.558594
2.543945
2.587891
2.573242
2.553711
2.543945
2.563477
2.543945
2.573242
2.592773
2.539062
2.578125
2.563477
2.578125
2.563477
2.558594
2.534180
2.573242
2.573242
2.568359
2.548828
2.553711
2.583008
2.553711
2.578125
2.553711
2.539062
2.543945
2.539062
2.578125
2.568359
2.539062
2.553711
2.558594
2.553711
2.563477
2.548828
2.543945
2.553711
2.543945
2.578125
2.543945
2.558594
2.553711
2.568359
2.563477
2.539062
2.587891
2.587891
2.583008
2.543945
2.573242
2.553711
2.524414
2.553711
2.578125
2.573242
2.563477
2.558594
2.558594
2.553711
2.543945
2.573242
2.563477
2.539062
2.558594
2.553711
2.563477
2.578125
2.558594
2.558594
2.563477
2.563477
2.553711
2.573242
2.578125
2.548828
2.563477
2.587891
2.587891
2.597656
2.558594
2.558594
2.568359
2.563477
2.573242
2.587891
2.573242
2.587891
2.587891
2.583008
2.568359
2.568359
2.568359
2.563477
2.553711
2.553711
2.573242
2.548828
2.553711
2.558594
2.573242
2.568359
2.568359
2.563477
2.568359
2.573242
2.592773
2.558594
2.578125
2.563477
2.553711
2.578125
2.568359
2.578125
2.573242
2.568359
2.573242
2.578125
2.583008
2.587891
2.563477
2.548828
2.587891
2.578125
2.597656
2.573242
2.583008
2.563477
2.558594
2.573242
2.529297
2.558594
2.573242
2.587891
2.568359
2.558594
2.573242
2.583008
2.563477
2.558594
2.548828
2.587891
2.553711
2.553711
2.568359
2.529297
2.563477
2.583008
2.553711
2.553711
2.543945
2.558594
2.553711
2.578125
2.573242
2.563477
2.558594
2.573242
2.573242
2.558594
2.583008
2.553711
2.583008
2.587891
2.578125
2.543945
2.573242
2.578125
2.548828
2.568359
2.553711
2.583008
2.568359
2.553711
2.578125
2.558594
2.563477
2.548828
2.563477
2.558594
2.563477
2.583008
2.583008
2.583008
2.573242
2.553711
2.592773
2.558594
2.568359
2.558594
2.543945
2.563477
2.558594
2.568359
2.568359
2.578125
2.563477
2.558594
2.558594
2.548828
2.548828
2.578125
2.563477
2.597656
2.578125
2.558594
2.543945
2.568359
2.568359
2.558594
2.539062
2.558594
2.558594
2.578125
2.563477
2.539062
2.578125
2.583008
2.578125
2.558594
2.563477
2.568359
2.558594
2.558594
2.543945
2.543945
2.568359
2.558594
2.563477
2.563477
2.543945
2.539062
2.578125
2.563477
2.524414
2.539062
2.558594
2.558594
2.558594
2.548828
2.558594
2.548828
2.568359
2.573242
2.592773
2.553711
2.592773
2.563477
2.597656
2.583008
2.568359
2.563477
2.558594
2.573242
2.587891
2.543945
2.578125
2.558594
2.563477
2.587891
2.553711
2.573242
2.563477
2.573242
2.553711
2.543945
2.548828
2.568359
2.578125
2.553711
2.558594
2.553711
2.578125
2.548828
2.558594
2.558594
2.558594
2.573242
2.534180
2.578125
2.563477
2.578125
2.563477
2.553711
2.539062
2.563477
2.583008
2.568359
2.553711
2.573242
2.553711
2.573242
2.578125
2.573242
2.573242
2.548828
2.563477
2.583008
2.568359
2.592773
2.553711
2.578125
2.578125
2.578125
2.563477
2.563477
2.543945
2.553711
2.583008
2.563477
2.558594
2.587891
2.558594
2.573242
2.558594
2.587891
2.558594
2.563477
2.558594
2.558594
2.558594
2.563477
2.583008
2.573242
2.563477
2.563477
2.568359
2.563477
2.568359
2.563477
2.534180
2.568359
2.558594
2.568359
2.573242
2.578125
2.587891
2.578125
2.568359
2.573242
2.548828
2.553711
2.534180
2.543945
2.548828
2.553711
2.553711
2.548828
2.548828
2.558594
2.563477
2.573242
2.553711
2.573242
2.573242
2.534180
2.568359
2.568359
2.587891
2.563477
2.587891
2.553711
2.573242
2.573242
2.558594
2.563477
2.568359
2.553711
2.573242
2.568359
2.583008
2.578125
2.583008
2.563477
2.553711
2.539062
2.558594
2.568359
2.553711
2.563477
2.573242
2.553711
2.592773
2.548828
2.568359
2.568359
2.553711
2.573242
2.553711
2.573242
2.563477
2.587891
2.563477
2.578125
2.543945
2.563477
2.519531
2.568359
2.534180
2.548828
2.539062
2.539062
2.563477
2.529297
2.558594
2.543945
2.548828
2.578125
2.583008
2.558594
2.573242
2.578125
2.548828
2.578125
2.568359
2.583008
2.553711
2.553711
2.548828
2.563477
2.543945
2.592773
2.583008
2.543945
2.568359
2.534180
2.543945
2.587891
2.553711
2.563477
2.563477
2.563477
2.587891
2.573242
2.558594
2.534180
2.573242
2.558594
2.558594
2.553711
2.563477
2.548828
2.558594
2.563477
2.548828
2.529297
2.539062
2.573242
2.548828
2.578125
2.568359
2.553711
2.573242
2.568359
2.539062
2.553711
2.578125
2.558594
2.583008
2.534180
2.573242
2.578125
2.573242
2.568359
2.553711
2.568359
2.553711
2.548828
2.539062
2.558594
2.524414
2.573242
2.563477
2.558594
2.548828
2.543945
2.553711
2.558594
2.548828
2.558594
2.553711
2.543945
2.573242
2.563477
2.553711
2.553711
2.548828
2.534180
2.543945
2.558594
2.553711
2.568359
2.558594
2.558594
2.578125
2.558594
2.578125
2.573242
2.587891
2.548828
2.573242
2.568359
2.568359
2.578125
2.563477
2.573242
2.563477
2.534180
2.524414
2.558594
2.568359
2.539062
2.543945
2.534180
2.553711
2.543945
2.578125
2.568359
2.553711
2.563477
2.568359
2.548828
2.568359
2.553711
2.543945
2.543945
2.543945
2.553711
2.529297
2.539062
2.558594
2.548828
2.558594
2.587891
2.548828
2.539062
2.553711
2.553711
2.568359
2.529297
2.558594
2.563477
2.578125
2.553711
2.553711
2.558594
2.578125
2.573242
2.548828
2.563477
2.548828
2.548828
2.578125
2.558594
2.568359
2.578125
2.563477
2.553711
2.573242
2.573242
2.578125
2.568359
2.578125
2.587891
2.539062
2.563477
2.573242
2.568359
2.573242
2.553711
2.539062
2.592773
2.573242
2.592773
2.543945
2.553711
2.553711
2.587891
2.587891
2.592773
2.558594
2.558594
2.548828
2.597656
2.568359
2.563477
2.568359
2.573242
2.553711
2.563477
2.548828
2.607422
2.573242
2.573242
2.563477
2.568359
2.592773
2.553711
2.563477
2.563477
2.553711
2.563477
2.583008
2.587891
2.548828
2.568359
2.578125
2.573242
2.573242
2.578125
2.553711
2.573242
2.602539
2.563477
2.578125
2.578125
2.563477
2.558594
2.607422
2.539062
2.553711
2.573242
2.592773
2.573242
2.529297
2.578125
2.519531
2.587891
2.578125
2.553711
2.558594
2.578125
2.563477
2.583008
2.519531
2.573242
2.553711
2.592773
2.578125
2.558594
2.578125
2.563477
2.568359
2.573242
2.558594
2.563477
2.553711
2.553711
2.548828
2.592773
2.573242
2.573242
2.558594
2.558594
2.548828
2.548828
2.553711
2.573242
2.519531
2.563477
2.558594
2.583008
2.563477
2.558594
2.543945
2.578125
2.583008
2.553711
2.553711
2.553711
2.558594
2.573242
2.587891
2.587891
2.573242
2.558594
2.553711
2.568359
2.558594
2.558594
2.543945
2.548828
2.587891
2.578125
2.548828
2.592773
2.573242
2.587891
2.587891
2.568359
2.548828
2.573242
2.592773
2.553711
2.548828
2.563477
2.587891
2.578125
2.573242
2.563477
2.553711
2.543945
2.573242
2.583008
2.597656
2.578125
2.587891
2.578125
2.583008
2.573242
2.578125
2.573242
2.583008
2.543945
2.563477
2.563477
2.558594
2.573242
2.543945
2.583008
2.558594
2.587891
2.578125
2.563477
2.534180
2.563477
2.553711
2.563477
2.573242
2.563477
2.573242
2.568359
2.573242
2.558594
2.543945
2.568359
2.568359
2.553711
2.563477
2.563477
2.568359
2.553711
2.578125
2.553711
2.578125
2.548828
2.573242
2.578125
2.597656
2.587891
2.558594
2.558594
2.573242
2.587891
2.578125
2.563477
2.563477
2.563477
2.573242
2.539062
2.548828
2.548828
2.548828
2.563477
2.543945
2.543945
2.558594
2.563477
2.563477
2.514648
2.539062
2.578125
2.539062
2.543945
2.573242
2.563477
2.543945
2.568359
2.539062
2.519531
2.563477
2.558594
2.548828
2.568359
2.543945
2.548828
2.563477
2.568359
2.548828
2.583008
2.563477
2.543945
2.558594
2.558594
2.573242
2.558594
2.573242
2.553711
2.592773
2.548828
2.563477
2.558594
2.587891
2.558594
2.563477
2.568359
2.563477
2.548828
2.568359
2.514648
2.563477
2.573242
2.548828
2.548828
2.529297
2.534180
2.578125
2.563477
2.563477
2.543945
2.558594
2.568359
2.548828
2.573242
2.578125
2.578125
2.573242
2.563477
2.578125
2.553711
2.553711
2.563477
2.558594
2.568359
2.563477
2.578125
2.592773
2.568359
2.587891
2.558594
2.573242
2.578125
2.563477
2.558594
2.578125
2.568359
2.587891
2.592773
2.587891
2.592773
2.563477
2.602539
2.602539
2.583008
2.592773
2.539062
2.587891
2.587891
2.573242
2.563477
2.568359
2.558594
2.558594
2.573242
2.558594
2.553711
2.578125
2.578125
2.558594
2.539062
2.563477
2.597656
2.592773
2.568359
2.558594
2.558594
2.578125
2.587891
2.592773
2.543945
2.553711
2.558594
2.578125
2.563477
2.568359
2.553711
2.583008
2.563477
2.563477
2.558594
2.539062
2.568359
2.548828
2.578125
2.568359
2.573242
2.573242
2.558594
2.568359
2.553711
2.539062
2.553711
2.543945
2.558594
2.553711
2.553711
2.568359
2.583008
2.568359
2.568359
2.563477
2.573242
2.553711
2.558594
2.587891
2.553711
2.573242
2.592773
2.568359
2.568359
2.543945
2.583008
2.558594
2.539062
2.558594
2.563477
2.558594
2.573242
2.563477
2.553711
2.568359
2.568359
2.583008
2.563477
2.553711
2.573242
2.558594
2.578125
2.573242
2.578125
2.563477
2.573242
2.563477
2.568359
2.578125
2.578125
2.573242
2.573242
2.573242
2.587891
2.587891
2.587891
2.578125
2.568359
2.578125
2.587891
2.602539
2.583008
2.553711
2.573242
2.573242
2.573242
2.558594
2.563477
2.563477
2.558594
2.558594
2.587891
2.558594
2.583008
2.553711
2.568359
2.573242
2.563477
2.558594
2.553711
2.543945
2.573242
2.558594
2.543945
2.563477
2.534180
2.553711
2.568359
2.553711
2.573242
2.578125
2.568359
2.573242
2.558594
2.578125
2.573242
2.587891
2.568359
2.592773
2.592773
2.573242
2.573242
2.563477
2.583008
2.568359
2.583008
2.573242
2.578125
2.597656
2.563477
2.587891
2.578125
2.583008
2.563477
2.587891
2.558594
2.558594
2.543945
2.553711
2.568359
2.558594
2.548828
2.553711
2.553711
2.543945
2.548828
2.587891
2.558594
2.578125
2.548828
2.563477
2.587891
2.548828
2.558594
2.553711
2.548828
2.568359
2.597656
2.558594
2.568359
2.558594
2.573242
2.558594
2.543945
2.534180
2.563477
2.534180
2.558594
2.558594
2.568359
2.553711
2.553711
2.578125
2.563477
2.558594
2.548828
2.558594
2.583008
2.563477
2.558594
2.553711
2.548828
2.607422
2.587891
2.563477
2.563477
2.568359
2.592773
2.558594
2.558594
2.568359
2.583008
2.539062
2.543945
2.534180
2.548828
2.583008
2.573242
2.558594
2.558594
2.568359
2.592773
2.548828
2.583008
2.583008
2.553711
2.578125
2.568359
2.592773
2.573242
2.558594
2.607422
2.563477
2.583008
2.558594
2.563477
2.607422
2.568359
2.592773
2.583008
2.578125
2.578125
2.573242
2.578125
2.563477
2.578125
2.578125
2.553711
2.558594
2.548828
2.573242
2.578125
2.568359
2.573242
2.573242
2.578125
2.573242
2.558594
2.587891
2.587891
2.578125
2.558594
2.578125
2.553711
2.553711
2.563477
2.573242
2.583008
2.558594
2.563477
2.558594
2.612305
2.548828
2.587891
2.573242
2.558594
2.592773
2.568359
2.597656
2.563477
2.553711
2.568359
2.573242
2.573242
2.587891
2.563477
2.573242
2.583008
2.568359
2.563477
2.563477
2.558594
2.592773
2.548828
2.553711
2.568359
2.563477
2.558594
2.553711
2.548828
2.587891
2.578125
2.568359
2.583008
2.587891
2.548828
2.573242
2.568359
2.583008
2.597656
2.573242
2.568359
2.583008
2.573242
2.563477
2.573242
2.578125
2.563477
2.563477
2.568359
2.568359
2.568359
2.587891
2.583008
2.558594
2.563477
2.578125
2.568359
2.578125
2.592773
2.583008
2.578125
2.578125
2.573242
2.558594
2.568359
2.539062
2.573242
2.587891
2.553711
2.548828
2.578125
2.607422
2.607422
2.587891
2.612305
2.568359
2.548828
2.573242
2.578125
2.558594
2.583008
2.558594
2.563477
2.573242
2.558594
2.587891
2.568359
2.558594
2.519531
2.573242
2.573242
2.553711
2.558594
2.558594
2.578125
2.563477
2.573242
2.563477
2.583008
2.573242
2.568359
2.578125
2.553711
2.553711
2.587891
2.607422
2.563477
2.578125
2.587891
2.597656
2.578125
2.578125
2.568359
2.578125
2.587891
2.573242
2.553711
2.583008
2.563477
2.578125
2.587891
2.578125
2.553711
2.553711
2.563477
2.558594
2.568359
2.568359
2.553711
2.543945
2.578125
2.558594
2.563477
2.573242
2.563477
2.568359
2.568359
2.568359
2.563477
2.583008
2.578125
2.558594
2.568359
2.587891
2.573242
2.602539
2.573242
2.558594
2.539062
2.583008
2.578125
2.592773
2.563477
2.548828
2.539062
2.573242
2.573242
2.568359
2.563477
2.568359
2.573242
2.578125
2.558594
2.553711
2.548828
2.568359
2.578125
2.543945
2.558594
2.553711
2.543945
2.548828
2.573242
2.573242
2.568359
2.573242
2.553711
2.558594
2.587891
2.568359
2.578125
2.553711
2.558594
2.587891
2.563477
2.563477
2.568359
2.563477
2.563477
2.597656
2.553711
2.587891
2.558594
2.573242
2.568359
2.587891
2.558594
2.573242
2.553711
2.543945
2.573242
2.558594
2.592773
2.578125
2.563477
2.563477
2.592773
2.558594
2.578125
2.563477
2.587891
2.583008
2.563477
2.578125
2.573242
2.592773
2.583008
2.592773
2.568359
2.568359
2.583008
2.534180
2.568359
2.587891
2.543945
2.573242
2.568359
2.573242
2.558594
2.563477
2.553711
2.568359
2.553711
2.539062
2.548828
2.568359
2.573242
2.583008
2.583008
2.563477
2.573242
2.578125
2.573242
2.587891
2.573242
2.597656
2.587891
2.558594
2.578125
2.592773
2.548828
2.558594
2.563477
2.553711
2.573242
2.573242
2.568359
2.573242
2.587891
2.578125
2.578125
2.578125
2.573242
2.563477
2.597656
2.568359
2.539062
2.558594
2.568359
2.602539
2.573242
2.548828
2.578125
2.539062
2.568359
2.563477
2.548828
2.573242
2.558594
2.558594
2.592773
2.524414
2.563477
2.578125
2.558594
2.578125
2.587891
2.587891
2.548828
2.587891
2.558594
2.548828
2.578125
2.548828
2.578125
2.573242
2.573242
2.558594
2.539062
2.578125
2.578125
2.548828
2.587891
2.578125
2.578125
2.578125
2.573242
2.578125
2.563477
2.583008
2.573242
2.568359
2.563477
2.563477
2.558594
2.578125
2.563477
2.563477
2.583008
2.573242
2.592773
2.563477
2.597656
2.573242
2.573242
2.578125
2.563477
2.597656
2.578125
2.583008
2.578125
2.587891
2.563477
