2.285156
1.083984
-0.546875
-2.094727
-3.310547
-3.935547
-3.964844
-3.398438
-2.309570
-0.781250
1.064453
3.017578
4.946289
6.645508
7.978516
8.862305
9.130859
8.857422
7.983398
6.616211
4.916992
2.963867
0.971680
-0.874023
-2.392578
-3.457031
-3.994141
-3.925781
-3.256836
-2.084961
-0.483398
1.386719
3.349609
5.263672
6.923828
8.183594
8.964844
9.174805
8.784180
7.832031
6.420898
4.624023
2.626953
0.644531
-1.176758
-2.622070
-3.613281
-4.018555
-3.842773
-3.095703
-1.835938
-0.180664
1.689453
3.662109
5.546875
7.128906
8.344727
9.047852
9.125977
8.686523
7.636719
6.132812
4.360352
3.110352
2.641602
2.519531
2.504883
2.597656
2.583008
2.578125
2.607422
2.568359
2.563477
2.563477
2.553711
2.563477
2.592773
2.587891
2.602539
2.592773
2.583008
2.597656
2.592773
2.548828
2.563477
2.597656
2.568359
2.568359
2.578125
2.583008
2.553711
2.563477
2.583008
2.553711
2.573242
2.573242
2.592773
2.587891
2.578125
2.583008
2.543945
2.573242
2.578125
2.548828
2.578125
2.587891
2.578125
2.534180
2.592773
2.587891
2.592773
2.592773
2.587891
2.592773
2.563477
2.573242
2.578125
2.563477
2.558594
2.543945
2.583008
2.578125
2.563477
2.563477
2.587891
2.553711
2.597656
2.573242
2.573242
2.568359
2.578125
2.592773
2.597656
2.558594
2.583008
2.592773
2.592773
2.583008
2.558594
2.558594
2.578125
2.578125
2.573242
2.548828
2.573242
2.573242
2.568359
2.558594
2.563477
2.592773
2.563477
2.573242
2.568359
2.548828
2.558594
2.583008
2.568359
2.563477
2.553711
2.568359
2.573242
2.558594
2.587891
2.558594
2.548828
2.573242
2.568359
2.573242
2.568359
2.573242
2.587891
2.602539
2.587891
2.558594
2.568359
2.583008
2.583008
2.563477
2.602539
2.568359
2.573242
2.583008
2.568359
2.568359
2.573242
2.553711
2.587891
2.553711
2.543945
2.529297
2.587891
2.558594
2.573242
2.563477
2.563477
2.563477
2.553711
2.568359
2.563477
2.553711
2.578125
2.587891
2.602539
2.578125
2.558594
2.563477
2.568359
2.563477
2.553711
2.558594
2.553711
2.592773
2.539062
2.578125
2.553711
2.548828
2.548828
2.553711
2.548828
2.573242
2.563477
2.558594
2.558594
2.543945
2.587891
2.573242
2.587891
2.587891
2.558594
2.563477
2.558594
2.568359
2.563477
2.563477
2.573242
2.558594
2.563477
2.578125
2.553711
2.558594
2.587891
2.583008
2.563477
2.568359
2.553711
2.587891
2.573242
2.558594
2.583008
2.578125
2.578125
2.568359
2.563477
2.573242
2.558594
2.587891
2.548828
2.548828
2.568359
2.558594
2.573242
2.592773
2.553711
2.553711
2.578125
2.563477
2.553711
2.568359
2.573242
2.607422
2.612305
2.578125
2.553711
2.578125
2.558594
2.578125
2.568359
2.539062
2.587891
2.558594
2.592773
2.592773
2.592773
2.553711
2.553711
2.573242
2.573242
2.592773
2.558594
2.548828
2.558594
2.573242
2.563477
2.583008
2.568359
2.548828
2.563477
2.539062
2.543945
2.573242
2.587891
2.573242
2.563477
2.558594
2.583008
2.578125
2.592773
2.592773
2.573242
2.597656
2.543945
2.578125
2.573242
2.573242
2.583008
2.558594
2.587891
2.578125
2.583008
2.568359
2.568359
2.563477
2.558594
2.558594
2.553711
2.568359
2.553711
2.558594
2.558594
2.553711
2.578125
2.563477
2.568359
2.548828
2.543945
2.558594
2.578125
2.563477
2.578125
2.563477
2.583008
2.583008
2.553711
2.578125
2.563477
2.587891
2.558594
2.563477
2.573242
2.558594
2.592773
2.553711
2.553711
2.573242
2.587891
2.597656
2.578125
2.563477
2.563477
2.558594
2.563477
2.573242
2.573242
2.583008
2.563477
2.543945
2.553711
2.583008
2.558594
2.548828
2.553711
2.563477
2.573242
2.563477
2.587891
2.568359
2.563477
2.548828
2.573242
2.568359
2.563477
2.578125
2.558594
2.587891
2.573242
2.583008
2.578125
2.563477
2.578125
2.573242
2.568359
2.553711
2.558594
2.558594
2.558594
2.558594
2.592773
2.568359
2.573242
2.578125
2.563477
2.578125
2.553711
2.573242
2.558594
2.573242
2.583008
2.568359
2.592773
2.578125
2.587891
2.597656
2.592773
2.568359
2.563477
2.587891
2.573242
2.568359
2.568359
2.563477
2.568359
2.578125
2.553711
2.568359
2.563477
2.587891
2.573242
2.583008
2.553711
2.553711
2.573242
2.573242
2.568359
2.578125
2.548828
2.578125
2.573242
2.558594
2.587891
2.548828
2.568359
2.587891
2.563477
2.558594
2.543945
2.558594
2.592773
2.563477
2.587891
2.558594
2.563477
2.578125
2.573242
2.568359
2.543945
2.578125
2.597656
2.558594
2.573242
2.592773
2.558594
2.578125
2.578125
2.553711
2.534180
2.548828
2.563477
2.548828
2.558594
2.568359
2.558594
2.543945
2.568359
2.553711
2.548828
2.587891
2.597656
2.563477
2.548828
2.539062
2.558594
2.587891
2.558594
2.563477
2.558594
2.563477
2.568359
2.583008
2.558594
2.573242
2.573242
2.573242
2.553711
2.573242
2.568359
2.568359
2.548828
2.568359
2.558594
2.553711
2.578125
2.568359
2.563477
2.553711
2.563477
2.592773
2.548828
2.568359
2.568359
2.568359
2.578125
2.558594
2.553711
2.587891
2.573242
2.578125
2.592773
2.597656
2.587891
2.563477
2.578125
2.553711
2.553711
2.573242
2.553711
2.573242
2.548828
2.553711
2.573242
2.587891
2.578125
2.592773
2.583008
2.578125
2.558594
2.573242
2.548828
2.578125
2.548828
2.578125
2.553711
2.548828
2.568359
2.573242
2.568359
2.573242
2.558594
2.578125
2.563477
2.573242
2.607422
2.592773
2.592773
2.548828
2.568359
2.597656
2.592773
2.587891
2.583008
2.568359
2.587891
2.587891
2.558594
2.592773
2.568359
2.553711
2.578125
2.568359
2.558594
2.587891
2.563477
2.578125
2.578125
2.558594
2.568359
2.568359
2.573242
2.548828
2.548828
2.553711
2.548828
2.563477
2.548828
2.553711
2.563477
2.573242
2.578125
2.587891
2.558594
2.553711
2.558594
2.583008
2.583008
2.558594
2.573242
2.587891
2.553711
2.578125
2.587891
2.573242
2.568359
2.592773
2.568359
2.597656
2.558594
2.563477
2.583008
2.592773
2.558594
2.563477
2.563477
2.587891
2.573242
2.558594
2.534180
2.573242
2.568359
2.553711
2.578125
2.578125
2.578125
2.563477
2.578125
2.558594
2.553711
2.553711
2.563477
2.553711
2.587891
2.587891
2.587891
2.573242
2.568359
2.592773
2.568359
2.558594
2.568359
2.563477
2.568359
2.563477
2.568359
2.592773
2.563477
2.568359
2.563477
2.568359
2.573242
2.568359
2.568359
2.548828
2.578125
2.563477
2.573242
2.568359
2.553711
2.568359
2.587891
2.563477
2.563477
2.553711
2.568359
2.563477
2.563477
2.587891
2.558594
2.573242
2.578125
2.597656
2.573242
2.558594
2.558594
2.573242
2.583008
2.563477
2.592773
2.587891
2.573242
2.563477
2.583008
2.558594
2.578125
2.587891
2.558594
2.573242
2.597656
2.539062
2.573242
2.573242
2.568359
2.539062
2.578125
2.583008
2.558594
2.578125
2.573242
2.578125
2.587891
2.583008
2.578125
2.558594
2.583008
2.583008
2.568359
2.568359
2.558594
2.568359
2.563477
2.558594
2.568359
2.543945
2.558594
2.568359
2.543945
2.573242
2.563477
2.558594
2.573242
2.553711
2.543945
2.553711
2.548828
2.563477
2.578125
2.563477
2.553711
2.587891
2.568359
2.597656
2.568359
2.573242
2.612305
2.548828
2.563477
2.583008
2.563477
2.568359
2.558594
2.578125
2.568359
2.529297
2.578125
2.568359
2.558594
2.602539
2.553711
2.558594
2.568359
2.568359
2.568359
2.548828
2.568359
2.587891
2.573242
2.573242
2.558594
2.563477
2.573242
2.548828
2.592773
2.558594
2.617188
2.573242
2.573242
2.578125
2.573242
2.587891
2.563477
2.573242
2.543945
2.553711
2.563477
2.563477
2.563477
2.583008
2.563477
2.563477
2.563477
2.563477
2.558594
2.568359
2.573242
2.583008
2.563477
2.563477
2.553711
2.563477
2.578125
2.587891
2.563477
2.553711
2.568359
2.548828
2.612305
2.563477
2.573242
2.592773
2.583008
2.587891
2.548828
2.563477
2.573242
2.578125
2.563477
2.592773
2.563477
2.573242
2.583008
2.563477
2.573242
2.573242
2.597656
2.568359
2.573242
2.587891
2.578125
2.558594
2.558594
2.558594
2.578125
2.568359
2.583008
2.563477
2.568359
2.583008
2.573242
2.583008
2.568359
2.543945
2.573242
2.563477
2.573242
2.563477
2.578125
2.548828
2.587891
2.558594
2.568359
2.587891
2.587891
2.563477
2.607422
2.592773
2.617188
2.568359
2.573242
2.573242
2.583008
2.573242
2.558594
2.543945
2.568359
2.587891
2.553711
2.548828
2.573242
2.563477
2.587891
2.573242
2.539062
2.563477
2.568359
2.587891
2.578125
2.578125
2.568359
2.553711
2.587891
2.563477
2.558594
2.563477
2.548828
2.573242
2.568359
2.563477
2.578125
2.573242
2.563477
2.573242
2.587891
2.597656
2.578125
2.578125
2.578125
2.563477
2.583008
2.558594
2.583008
2.573242
2.558594
2.587891
2.568359
2.583008
2.578125
2.573242
2.568359
2.578125
2.558594
2.578125
2.573242
2.587891
2.602539
2.573242
2.563477
2.563477
2.548828
2.558594
2.573242
2.558594
2.553711
2.583008
2.587891
2.612305
2.573242
2.578125
2.553711
2.543945
2.524414
2.573242
2.568359
2.558594
2.543945
2.563477
2.548828
2.558594
2.563477
2.548828
2.578125
2.578125
2.578125
2.597656
2.539062
2.558594
2.563477
2.592773
2.573242
2.558594
2.583008
2.573242
2.553711
2.568359
2.573242
2.573242
2.558594
2.563477
2.573242
2.568359
2.553711
2.573242
2.573242
2.563477
2.558594
2.573242
2.558594
2.553711
2.558594
2.558594
2.568359
2.563477
2.558594
2.573242
2.568359
2.573242
2.558594
2.573242
2.573242
2.578125
2.548828
2.563477
2.573242
2.578125
2.558594
2.578125
2.553711
2.563477
2.543945
2.583008
2.578125
2.592773
2.563477
2.578125
2.558594
2.587891
2.558594
2.578125
2.583008
2.607422
2.587891
2.587891
2.548828
2.548828
2.583008
2.568359
2.597656
2.558594
2.543945
2.548828
2.578125
2.583008
2.553711
2.558594
2.563477
2.568359
2.573242
2.573242
2.543945
2.573242
2.592773
2.568359
2.563477
2.583008
2.602539
2.568359
2.568359
2.558594
2.573242
2.568359
2.573242
2.568359
2.543945
2.563477
2.578125
2.578125
2.558594
2.573242
2.548828
2.592773
2.583008
2.568359
2.539062
2.578125
2.583008
2.578125
2.558594
2.563477
2.587891
2.578125
2.558594
2.553711
2.573242
2.548828
2.553711
2.573242
2.592773
2.539062
2.563477
2.578125
2.563477
2.578125
2.578125
2.558594
2.573242
2.563477
2.583008
2.558594
2.573242
2.587891
2.587891
2.563477
2.548828
2.558594
2.543945
2.539062
2.558594
2.543945
2.553711
2.548828
2.587891
2.573242
2.587891
2.573242
2.573242
2.553711
2.558594
2.578125
2.578125
2.558594
2.573242
2.548828
2.553711
2.583008
2.583008
2.563477
2.558594
2.563477
2.539062
2.553711
2.578125
2.563477
2.573242
2.578125
2.558594
2.578125
2.553711
2.563477
2.558594
2.558594
2.573242
2.592773
2.553711
2.563477
2.602539
2.587891
2.587891
2.573242
2.592773
2.563477
2.553711
2.563477
2.563477
2.548828
2.573242
2.573242
2.553711
2.573242
2.578125
2.563477
2.573242
2.563477
2.583008
2.553711
2.592773
2.553711
2.573242
2.563477
2.573242
2.578125
2.563477
2.563477
2.568359
2.553711
2.573242
2.578125
2.578125
2.553711
2.563477
2.573242
2.578125
2.578125
2.568359
2.558594
2.563477
2.568359
2.553711
2.558594
2.578125
2.563477
2.578125
2.578125
2.563477
2.558594
2.563477
2.563477
2.543945
2.573242
2.553711
2.597656
2.573242
2.578125
2.558594
2.587891
2.563477
2.578125
2.578125
2.558594
2.583008
2.587891
2.583008
2.583008
2.558594
2.548828
2.568359
2.587891
2.553711
2.573242
2.587891
2.583008
2.568359
2.592773
2.548828
2.568359
2.583008
2.592773
2.597656
2.563477
2.553711
2.592773
2.587891
2.583008
2.539062
2.573242
2.558594
2.587891
2.587891
2.578125
2.568359
2.553711
2.573242
2.568359
2.553711
2.543945
2.539062
2.563477
2.563477
2.568359
2.534180
2.539062
2.548828
2.558594
2.563477
2.534180
2.563477
2.573242
2.563477
2.558594
2.563477
2.553711
2.583008
2.563477
2.558594
2.553711
2.578125
2.587891
2.548828
2.568359
2.539062
2.573242
2.558594
2.568359
2.553711
2.573242
2.568359
2.563477
2.568359
2.553711
2.563477
2.573242
2.563477
2.529297
2.578125
2.553711
2.597656
2.563477
2.553711
2.548828
2.539062
2.578125
2.563477
2.558594
2.573242
2.558594
2.563477
2.607422
2.548828
2.543945
2.568359
2.578125
2.568359
2.548828
2.558594
2.583008
2.568359
2.563477
2.578125
2.553711
2.587891
2.558594
2.568359
2.558594
2.563477
2.587891
2.587891
2.573242
2.587891
2.563477
2.558594
2.578125
2.573242
2.573242
2.563477
2.558594
2.592773
2.563477
2.563477
2.583008
2.539062
2.568359
2.568359
2.583008
2.573242
2.558594
2.583008
2.578125
2.573242
2.578125
2.553711
2.568359
2.573242
2.553711
2.578125
2.573242
2.573242
2.587891
2.563477
2.568359
2.558594
2.568359
2.558594
2.573242
2.573242
2.548828
2.563477
2.583008
2.553711
2.568359
2.529297
2.597656
2.563477
2.578125
2.568359
2.553711
2.573242
2.592773
2.563477
2.597656
2.553711
2.563477
2.578125
2.563477
2.568359
2.558594
2.568359
2.568359
2.563477
2.568359
2.539062
2.558594
2.578125
2.558594
2.553711
2.548828
2.578125
2.578125
2.558594
2.534180
2.563477
2.563477
2.578125
2.563477
2.573242
2.573242
2.568359
2.529297
2.553711
2.568359
2.558594
2.558594
2.578125
2.578125
2.587891
2.563477
2.563477
2.553711
2.573242
2.578125
2.587891
2.587891
2.578125
2.568359
2.563477
2.573242
2.578125
2.573242
2.543945
2.568359
2.563477
2.568359
2.573242
2.548828
2.563477
2.548828
2.568359
2.617188
2.558594
2.553711
2.578125
2.583008
2.592773
2.597656
2.563477
2.558594
2.578125
2.583008
2.597656
2.558594
2.573242
2.568359
2.568359
2.563477
2.602539
2.543945
2.583008
2.548828
2.573242
2.573242
2.578125
2.558594
2.558594
2.563477
2.558594
2.553711
2.573242
2.597656
2.578125
2.543945
2.553711
2.558594
2.573242
2.578125
2.568359
2.568359
2.578125
2.587891
2.558594
2.607422
2.573242
2.558594
2.578125
2.573242
2.583008
2.573242
2.573242
2.578125
2.578125
2.578125
2.563477
2.578125
2.573242
2.583008
2.553711
2.587891
2.553711
2.587891
2.573242
2.568359
2.548828
2.563477
2.587891
2.563477
2.573242
2.563477
2.558594
2.558594
2.563477
2.573242
2.563477
2.563477
2.553711
2.558594
2.568359
2.548828
2.568359
2.583008
2.568359
2.568359
2.563477
2.573242
2.568359
2.578125
2.573242
2.558594
2.578125
2.568359
2.568359
2.563477
2.587891
2.573242
2.568359
2.568359
2.573242
2.539062
2.548828
2.558594
2.568359
2.587891
2.563477
2.553711
2.563477
2.563477
2.592773
2.573242
2.573242
2.583008
2.558594
2.558594
2.558594
2.563477
2.568359
2.543945
2.548828
2.563477
2.563477
2.578125
2.573242
2.568359
2.573242
2.558594
2.597656
2.578125
2.583008
2.563477
2.558594
2.587891
2.568359
2.563477
2.563477
2.558594
2.578125
2.568359
2.543945
2.592773
2.563477
2.558594
2.592773
2.543945
2.558594
2.568359
2.568359
2.558594
2.563477
2.558594
2.563477
2.587891
2.578125
2.568359
2.553711
2.578125
2.583008
2.568359
2.578125
2.553711
2.587891
2.578125
2.568359
2.543945
2.573242
2.597656
2.583008
2.553711
2.573242
2.558594
2.573242
2.597656
2.578125
2.568359
2.539062
2.568359
2.553711
2.573242
2.573242
2.563477
2.553711
2.578125
2.587891
2.573242
2.578125
2.553711
2.592773
2.597656
2.592773
2.583008
2.583008
2.578125
2.558594
2.553711
2.553711
2.568359
2.568359
2.553711
2.548828
2.568359
2.583008
2.563477
2.578125
2.592773
2.573242
2.583008
2.597656
2.568359
2.587891
2.563477
2.529297
2.597656
2.573242
2.563477
2.548828
2.563477
2.587891
2.568359
2.558594
2.573242
2.568359
2.597656
2.587891
2.563477
2.573242
2.573242
2.583008
2.578125
2.568359
2.573242
2.578125
2.578125
2.558594
2.587891
2.583008
2.553711
2.568359
2.558594
2.563477
2.553711
2.539062
2.558594
2.563477
2.568359
2.553711
2.583008
2.548828
2.578125
2.573242
2.568359
2.573242
2.548828
2.553711
2.568359
2.602539
2.558594
2.563477
2.602539
2.553711
2.587891
2.558594
2.543945
2.553711
2.543945
2.573242
2.563477
2.553711
2.573242
2.573242
2.568359
2.548828
2.583008
2.553711
2.514648
2.583008
2.563477
2.539062
2.524414
2.573242
2.548828
2.553711
2.558594
2.553711
2.543945
2.563477
2.568359
2.558594
2.563477
2.558594
2.573242
2.558594
2.583008
2.568359
2.568359
2.563477
2.563477
2.573242
2.548828
2.568359
2.543945
2.573242
2.568359
2.568359
2.558594
2.568359
2.558594
2.573242
2.568359
2.558594
2.553711
2.558594
2.583008
2.573242
2.558594
2.524414
2.553711
2.578125
2.539062
2.563477
2.563477
2.558594
2.553711
2.553711
2.563477
2.558594
2.539062
2.592773
2.563477
2.568359
2.548828
2.539062
2.592773
2.558594
2.583008
2.563477
2.563477
2.563477
2.553711
2.568359
2.548828
2.563477
2.578125
2.578125
2.539062
2.558594
2.529297
2.573242
2.548828
2.553711
2.543945
2.548828
2.587891
2.563477
2.548828
2.558594
2.548828
2.568359
2.568359
2.568359
2.573242
2.563477
2.573242
2.578125
2.573242
2.558594
2.558594
2.568359
2.592773
2.539062
2.543945
2.563477
2.553711
2.558594
2.568359
2.539062
2.553711
2.563477
2.573242
2.573242
2.583008
2.553711
2.587891
2.558594
2.587891
2.583008
2.573242
2.592773
2.583008
2.568359
2.563477
2.563477
2.558594
2.568359
2.568359
2.563477
2.558594
2.592773
2.587891
2.587891
2.568359
2.548828
2.578125
2.563477
2.578125
2.597656
2.578125
2.573242
2.558594
2.602539
2.563477
2.587891
2.592773
2.583008
2.563477
2.558594
2.539062
2.558594
2.573242
2.563477
2.558594
2.568359
2.558594
2.583008
2.573242
2.563477
2.563477
2.578125
2.573242
2.573242
2.563477
2.578125
2.583008
2.578125
2.563477
2.558594
2.553711
2.563477
2.573242
2.578125
2.529297
2.597656
2.558594
2.578125
2.558594
2.587891
2.558594
2.568359
2.573242
2.548828
2.573242
2.578125
2.568359
2.573242
2.543945
2.568359
2.558594
2.578125
2.563477
2.568359
2.553711
2.558594
2.563477
2.573242
2.573242
2.563477
2.568359
2.592773
2.568359
2.558594
2.563477
2.573242
2.583008
2.563477
2.553711
2.548828
2.548828
2.592773
2.578125
2.592773
2.597656
2.548828
2.578125
2.578125
2.548828
2.558594
2.578125
2.573242
2.573242
2.558594
2.548828
2.578125
2.548828
2.573242
2.587891
2.529297
2.568359
2.563477
2.563477
2.553711
2.558594
2.568359
2.587891
2.573242
2.548828
2.587891
2.578125
2.597656
2.578125
2.543945
2.578125
2.539062
2.573242
2.583008
2.578125
2.548828
2.583008
2.568359
2.573242
2.587891
2.548828
2.578125
2.568359
2.573242
2.553711
2.558594
2.573242
2.558594
2.578125
2.553711
2.568359
2.578125
2.568359
2.568359
2.573242
2.563477
2.558594
2.558594
2.592773
2.558594
2.553711
2.573242
2.578125
2.563477
2.563477
2.563477
2.553711
2.563477
2.573242
2.558594
2.563477
2.587891
2.543945
2.553711
2.539062
2.583008
2.568359
2.568359
2.553711
2.553711
2.568359
2.568359
2.563477
2.578125
2.553711
2.573242
2.548828
2.573242
2.563477
2.563477
2.583008
2.558594
2.597656
2.592773
2.558594
2.592773
2.573242
2.558594
2.553711
2.563477
2.558594
2.573242
2.553711
2.543945
2.568359
2.548828
2.563477
2.573242
2.587891
2.558594
2.587891
2.553711
2.573242
2.558594
2.573242
2.563477
2.578125
2.578125
2.587891
2.539062
2.553711
2.563477
2.568359
2.578125
2.587891
2.548828
2.578125
2.573242
2.592773
2.548828
2.543945
2.578125
2.558594
2.534180
2.558594
2.553711
2.543945
2.573242
2.597656
2.543945
2.583008
2.578125
2.573242
2.563477
2.558594
2.573242
2.568359
2.563477
2.568359
2.578125
2.558594
2.553711
2.587891
2.578125
2.573242
2.573242
2.583008
2.563477
2.563477
2.587891
2.568359
2.548828
2.578125
2.578125
2.587891
2.563477
2.583008
2.573242
2.568359
2.558594
2.558594
2.553711
2.587891
2.578125
2.587891
2.573242
2.568359
2.578125
2.568359
2.558594
2.578125
2.568359
2.563477
2.563477
2.568359
2.548828
2.563477
2.568359
2.573242
