2.475586
1.621094
0.083008
-1.528320
-2.900391
-3.793945
-4.033203
-3.740234
-2.792969
-1.420898
0.322266
2.231445
4.184570
6.035156
7.524414
8.574219
9.096680
9.038086
8.417969
7.202148
5.595703
3.769531
1.762695
-0.180664
-1.831055
-3.110352
-3.847656
-4.033203
-3.569336
-2.578125
-1.132812
0.654297
2.568359
4.531250
6.308594
7.749023
8.730469
9.160156
9.008789
8.281250
7.016602
5.361328
3.427734
1.416016
-0.473633
-2.060547
-3.271484
-3.945312
-3.999023
-3.437500
-2.392578
-0.903320
0.932617
2.905273
4.838867
6.596680
7.944336
8.852539
9.150391
8.950195
8.066406
6.733398
5.019531
3.476562
2.758789
2.519531
2.495117
2.548828
2.583008
2.592773
2.612305
2.587891
2.583008
2.607422
2.578125
2.587891
2.607422
2.587891
2.622070
2.612305
2.631836
2.592773
2.602539
2.602539
2.592773
2.592773
2.578125
2.568359
2.607422
2.563477
2.583008
2.553711
2.548828
2.587891
2.592773
2.592773
2.573242
2.553711
2.592773
2.563477
2.583008
2.543945
2.558594
2.558594
2.563477
2.558594
2.568359
2.563477
2.587891
2.583008
2.568359
2.583008
2.563477
2.578125
2.607422
2.587891
2.563477
2.578125
2.558594
2.558594
2.553711
2.563477
2.568359
2.563477
2.563477
2.573242
2.534180
2.583008
2.553711
2.583008
2.578125
2.553711
2.558594
2.563477
2.558594
2.553711
2.553711
2.543945
2.563477
2.553711
2.558594
2.558594
2.553711
2.568359
2.563477
2.578125
2.583008
2.573242
2.553711
2.578125
2.563477
2.573242
2.553711
2.573242
2.578125
2.583008
2.534180
2.558594
2.558594
2.563477
2.558594
2.558594
2.568359
2.568359
2.558594
2.558594
2.539062
2.578125
2.563477
2.558594
2.563477
2.548828
2.558594
2.563477
2.563477
2.583008
2.563477
2.534180
2.539062
2.563477
2.558594
2.558594
2.548828
2.568359
2.583008
2.563477
2.563477
2.543945
2.558594
2.578125
2.553711
2.563477
2.558594
2.558594
2.558594
2.548828
2.563477
2.553711
2.568359
2.587891
2.592773
2.578125
2.543945
2.563477
2.573242
2.539062
2.568359
2.568359
2.558594
2.563477
2.563477
2.558594
2.553711
2.573242
2.578125
2.578125
2.563477
2.587891
2.553711
2.592773
2.568359
2.597656
2.592773
2.578125
2.563477
2.558594
2.568359
2.573242
2.583008
2.583008
2.578125
2.573242
2.583008
2.573242
2.587891
2.592773
2.568359
2.558594
2.583008
2.602539
2.558594
2.578125
2.583008
2.573242
2.573242
2.587891
2.573242
2.543945
2.563477
2.592773
2.543945
2.578125
2.543945
2.573242
2.578125
2.587891
2.578125
2.578125
2.558594
2.602539
2.583008
2.587891
2.592773
2.563477
2.568359
2.578125
2.568359
2.553711
2.578125
2.602539
2.597656
2.578125
2.583008
2.578125
2.563477
2.568359
2.558594
2.548828
2.592773
2.587891
2.548828
2.602539
2.553711
2.568359
2.543945
2.578125
2.587891
2.563477
2.543945
2.578125
2.578125
2.583008
2.578125
2.548828
2.548828
2.558594
2.534180
2.568359
2.553711
2.568359
2.558594
2.563477
2.563477
2.558594
2.568359
2.568359
2.563477
2.548828
2.568359
2.578125
2.563477
2.553711
2.558594
2.563477
2.558594
2.568359
2.553711
2.553711
2.548828
2.553711
2.578125
2.558594
2.553711
2.573242
2.558594
2.568359
2.573242
2.563477
2.563477
2.563477
2.563477
2.548828
2.553711
2.553711
2.568359
2.553711
2.573242
2.548828
2.568359
2.558594
2.558594
2.558594
2.558594
2.563477
2.548828
2.543945
2.558594
2.558594
2.573242
2.553711
2.558594
2.583008
2.587891
2.558594
2.578125
2.573242
2.553711
2.563477
2.558594
2.583008
2.563477
2.553711
2.553711
2.548828
2.553711
2.558594
2.563477
2.578125
2.563477
2.553711
2.563477
2.568359
2.558594
2.529297
2.548828
2.519531
2.578125
2.534180
2.548828
2.568359
2.553711
2.543945
2.568359
2.539062
2.578125
2.539062
2.553711
2.539062
2.539062
2.578125
2.563477
2.553711
2.543945
2.553711
2.568359
2.548828
2.548828
2.573242
2.539062
2.573242
2.558594
2.587891
2.558594
2.548828
2.563477
2.568359
2.558594
2.553711
2.553711
2.558594
2.548828
2.553711
2.553711
2.548828
2.563477
2.553711
2.548828
2.539062
2.578125
2.529297
2.553711
2.558594
2.568359
2.553711
2.534180
2.583008
2.553711
2.558594
2.568359
2.602539
2.587891
2.539062
2.553711
2.568359
2.568359
2.553711
2.543945
2.587891
2.539062
2.573242
2.534180
2.539062
2.563477
2.573242
2.573242
2.578125
2.558594
2.563477
2.558594
2.592773
2.573242
2.578125
2.573242
2.568359
2.578125
2.568359
2.558594
2.568359
2.568359
2.553711
2.558594
2.563477
2.573242
2.563477
2.563477
2.563477
2.548828
2.563477
2.583008
2.573242
2.583008
2.587891
2.548828
2.563477
2.558594
2.568359
2.573242
2.587891
2.543945
2.563477
2.583008
2.573242
2.568359
2.578125
2.573242
2.587891
2.548828
2.573242
2.583008
2.563477
2.583008
2.568359
2.578125
2.563477
2.578125
2.597656
2.587891
2.558594
2.573242
2.568359
2.578125
2.568359
2.568359
2.563477
2.563477
2.558594
2.568359
2.583008
2.592773
2.558594
2.573242
2.592773
2.612305
2.587891
2.583008
2.563477
2.563477
2.548828
2.558594
2.563477
2.534180
2.568359
2.539062
2.592773
2.578125
2.553711
2.563477
2.534180
2.578125
2.578125
2.583008
2.563477
2.563477
2.587891
2.583008
2.568359
2.573242
2.558594
2.583008
2.578125
2.583008
2.578125
2.563477
2.587891
2.578125
2.563477
2.568359
2.578125
2.563477
2.573242
2.568359
2.568359
2.548828
2.568359
2.592773
2.563477
2.578125
2.548828
2.568359
2.563477
2.563477
2.558594
2.553711
2.543945
2.573242
2.568359
2.573242
2.553711
2.587891
2.573242
2.534180
2.587891
2.553711
2.558594
2.592773
2.563477
2.587891
2.558594
2.558594
2.578125
2.558594
2.587891
2.587891
2.573242
2.548828
2.558594
2.558594
2.573242
2.573242
2.578125
2.587891
2.578125
2.553711
2.558594
2.563477
2.597656
2.583008
2.534180
2.587891
2.548828
2.548828
2.583008
2.573242
2.592773
2.607422
2.587891
2.592773
2.578125
2.563477
2.592773
2.543945
2.587891
2.573242
2.587891
2.573242
2.573242
2.573242
2.573242
2.539062
2.578125
2.583008
2.578125
2.563477
2.558594
2.583008
2.558594
2.563477
2.597656
2.568359
2.607422
2.587891
2.558594
2.573242
2.573242
2.573242
2.558594
2.573242
2.558594
2.587891
2.587891
2.568359
2.563477
2.578125
2.602539
2.597656
2.573242
2.578125
2.578125
2.578125
2.583008
2.583008
2.592773
2.553711
2.573242
2.617188
2.592773
2.578125
2.553711
2.587891
2.573242
2.573242
2.578125
2.587891
2.553711
2.578125
2.573242
2.558594
2.553711
2.587891
2.578125
2.573242
2.573242
2.558594
2.583008
2.573242
2.597656
2.573242
2.578125
2.587891
2.592773
2.578125
2.583008
2.543945
2.568359
2.563477
2.563477
2.568359
2.578125
2.587891
2.573242
2.573242
2.578125
2.558594
2.602539
2.587891
2.597656
2.568359
2.592773
2.563477
2.592773
2.602539
2.612305
2.568359
2.568359
2.607422
2.592773
2.568359
2.568359
2.578125
2.587891
2.587891
2.607422
2.592773
2.587891
2.583008
2.583008
2.558594
2.573242
2.558594
2.578125
2.563477
2.612305
2.592773
2.563477
2.597656
2.587891
2.602539
2.573242
2.587891
2.592773
2.573242
2.573242
2.568359
2.583008
2.578125
2.587891
2.597656
2.583008
2.563477
2.592773
2.583008
2.563477
2.597656
2.578125
2.592773
2.587891
2.578125
2.578125
2.578125
2.597656
2.578125
2.548828
2.592773
2.573242
2.563477
2.617188
2.558594
2.597656
2.563477
2.578125
2.597656
2.568359
2.597656
2.573242
2.607422
2.563477
2.563477
2.583008
2.573242
2.597656
2.583008
2.583008
2.583008
2.578125
2.573242
2.602539
2.563477
2.583008
2.568359
2.602539
2.592773
2.573242
2.573242
2.597656
2.573242
2.563477
2.587891
2.587891
2.568359
2.563477
2.583008
2.573242
2.573242
2.597656
2.573242
2.573242
2.573242
2.558594
2.553711
2.563477
2.563477
2.578125
2.563477
2.578125
2.568359
2.578125
2.573242
2.548828
2.568359
2.587891
2.578125
2.583008
2.548828
2.563477
2.578125
2.558594
2.553711
2.568359
2.573242
2.583008
2.578125
2.578125
2.563477
2.568359
2.592773
2.578125
2.583008
2.553711
2.587891
2.587891
2.602539
2.558594
2.558594
2.573242
2.578125
2.539062
2.563477
2.583008
2.568359
2.573242
2.592773
2.573242
2.568359
2.568359
2.553711
2.578125
2.578125
2.543945
2.534180
2.597656
2.558594
2.553711
2.563477
2.568359
2.587891
2.587891
2.568359
2.578125
2.553711
2.558594
2.587891
2.558594
2.558594
2.563477
2.563477
2.558594
2.587891
2.558594
2.568359
2.563477
2.539062
2.583008
2.558594
2.563477
2.553711
2.539062
2.543945
2.539062
2.563477
2.553711
2.543945
2.558594
2.558594
2.583008
2.563477
2.563477
2.573242
2.563477
2.573242
2.558594
2.583008
2.573242
2.558594
2.543945
2.568359
2.578125
2.573242
2.573242
2.568359
2.578125
2.558594
2.563477
2.583008
2.543945
2.592773
2.539062
2.539062
2.568359
2.568359
2.592773
2.568359
2.573242
2.543945
2.553711
2.563477
2.558594
2.573242
2.563477
2.563477
2.573242
2.553711
2.563477
2.553711
2.563477
2.558594
2.573242
2.573242
2.553711
2.563477
2.553711
2.583008
2.578125
2.587891
2.558594
2.543945
2.587891
2.534180
2.558594
2.558594
2.534180
2.563477
2.553711
2.548828
2.563477
2.558594
2.578125
2.578125
2.583008
2.583008
2.573242
2.578125
2.583008
2.578125
2.573242
2.592773
2.573242
2.573242
2.558594
2.539062
2.568359
2.563477
2.529297
2.534180
2.587891
2.539062
2.578125
2.563477
2.563477
2.558594
2.578125
2.568359
2.563477
2.563477
2.578125
2.563477
2.568359
2.568359
2.563477
2.558594
2.558594
2.578125
2.548828
2.558594
2.568359
2.583008
2.568359
2.578125
2.558594
2.583008
2.578125
2.587891
2.563477
2.587891
2.563477
2.563477
2.568359
2.573242
2.548828
2.592773
2.568359
2.563477
2.563477
2.558594
2.543945
2.558594
2.568359
2.548828
2.558594
2.573242
2.573242
2.558594
2.553711
2.553711
2.543945
2.597656
2.578125
2.568359
2.568359
2.592773
2.553711
2.563477
2.553711
2.534180
2.548828
2.578125
2.563477
2.578125
2.558594
2.553711
2.592773
2.578125
2.592773
2.548828
2.558594
2.558594
2.587891
2.583008
2.602539
2.534180
2.568359
2.548828
2.573242
2.558594
2.548828
2.573242
2.548828
2.553711
2.548828
2.548828
2.539062
2.578125
2.543945
2.539062
2.573242
2.563477
2.568359
2.573242
2.539062
2.553711
2.553711
2.578125
2.568359
2.543945
2.578125
2.563477
2.563477
2.563477
2.553711
2.563477
2.578125
2.583008
2.553711
2.563477
2.553711
2.578125
2.563477
2.558594
2.563477
2.553711
2.568359
2.558594
2.543945
2.558594
2.573242
2.587891
2.578125
2.563477
2.573242
2.573242
2.539062
2.563477
2.568359
2.587891
2.592773
2.597656
2.587891
2.583008
2.563477
2.568359
2.568359
2.568359
2.563477
2.553711
2.558594
2.578125
2.607422
2.558594
2.592773
2.558594
2.568359
2.573242
2.583008
2.558594
2.553711
2.553711
2.578125
2.578125
2.558594
2.553711
2.563477
2.592773
2.568359
2.573242
2.578125
2.573242
2.563477
2.553711
2.558594
2.573242
2.568359
2.563477
2.573242
2.587891
2.578125
2.568359
2.558594
2.563477
2.573242
2.548828
2.573242
2.573242
2.558594
2.583008
2.558594
2.583008
2.583008
2.578125
2.553711
2.548828
2.568359
2.553711
2.568359
2.578125
2.568359
2.553711
2.573242
2.578125
2.573242
2.578125
2.563477
2.558594
2.543945
2.602539
2.563477
2.573242
2.553711
2.534180
2.553711
2.573242
2.573242
2.592773
2.583008
2.543945
2.563477
2.539062
2.548828
2.568359
2.548828
2.553711
2.583008
2.558594
2.553711
2.563477
2.553711
2.553711
2.583008
2.553711
2.573242
2.583008
2.558594
2.573242
2.592773
2.558594
2.563477
2.568359
2.583008
2.573242
2.563477
2.568359
2.597656
2.539062
2.587891
2.573242
2.583008
2.573242
2.548828
2.553711
2.568359
2.558594
2.587891
2.578125
2.578125
2.563477
2.568359
2.578125
2.597656
2.563477
2.563477
2.573242
2.563477
2.563477
2.583008
2.563477
2.587891
2.568359
2.592773
2.578125
2.558594
2.583008
2.573242
2.578125
2.563477
2.563477
2.592773
2.573242
2.573242
2.597656
2.597656
2.607422
2.607422
2.563477
2.583008
2.583008
2.583008
2.587891
2.563477
2.568359
2.568359
2.543945
2.597656
2.568359
2.553711
2.553711
2.568359
2.573242
2.578125
2.553711
2.573242
2.573242
2.578125
2.583008
2.592773
2.563477
2.548828
2.573242
2.558594
2.558594
2.583008
2.578125
2.607422
2.592773
2.587891
2.583008
2.573242
2.548828
2.573242
2.587891
2.568359
2.563477
2.592773
2.583008
2.612305
2.592773
2.573242
2.597656
2.573242
2.578125
2.568359
2.563477
2.583008
2.558594
2.578125
2.573242
2.563477
2.573242
2.602539
2.583008
2.539062
2.568359
2.573242
2.578125
2.568359
2.553711
2.587891
2.568359
2.578125
2.568359
2.568359
2.573242
2.578125
2.578125
2.583008
2.558594
2.543945
2.553711
2.592773
2.563477
2.563477
2.548828
2.578125
2.617188
2.563477
2.553711
2.587891
2.563477
2.553711
2.563477
2.573242
2.573242
2.573242
2.578125
2.563477
2.558594
2.558594
2.573242
2.573242
2.568359
2.563477
2.597656
2.573242
2.583008
2.563477
2.568359
2.563477
2.587891
2.558594
2.568359
2.568359
2.563477
2.568359
2.563477
2.607422
2.592773
2.617188
2.578125
2.587891
2.587891
2.578125
2.583008
2.578125
2.563477
2.587891
2.573242
2.578125
2.563477
2.573242
2.583008
2.583008
2.587891
2.583008
2.558594
2.573242
2.568359
2.607422
2.592773
2.563477
2.583008
2.548828
2.573242
2.573242
2.578125
2.573242
2.578125
2.612305
2.597656
2.597656
2.563477
2.578125
2.592773
2.578125
2.587891
2.587891
2.558594
2.573242
2.578125
2.578125
2.563477
2.563477
2.568359
2.578125
2.592773
2.578125
2.568359
2.573242
2.573242
2.568359
2.558594
2.563477
2.573242
2.597656
2.597656
2.583008
2.573242
2.597656
2.592773
2.578125
2.592773
2.563477
2.558594
2.587891
2.583008
2.563477
2.573242
2.558594
2.592773
2.578125
2.568359
2.563477
2.578125
2.597656
2.573242
2.563477
2.553711
2.578125
2.568359
2.568359
2.558594
2.578125
2.558594
2.587891
2.583008
2.563477
2.573242
2.597656
2.597656
2.587891
2.573242
2.578125
2.548828
2.573242
2.578125
2.573242
2.583008
2.543945
2.587891
2.587891
2.558594
2.543945
2.514648
2.583008
2.597656
2.563477
2.573242
2.602539
2.583008
2.578125
2.583008
2.553711
2.587891
2.563477
2.568359
2.587891
2.583008
2.558594
2.568359
2.587891
2.587891
2.573242
2.558594
2.578125
2.568359
2.558594
2.553711
2.587891
2.563477
2.607422
2.573242
2.558594
2.558594
2.548828
2.568359
2.573242
2.578125
2.558594
2.563477
2.573242
2.534180
2.563477
2.563477
2.583008
2.543945
2.563477
2.568359
2.563477
2.558594
2.563477
2.563477
2.553711
2.578125
2.553711
2.539062
2.563477
2.563477
2.563477
2.592773
2.568359
2.578125
2.568359
2.587891
2.558594
2.548828
2.578125
2.543945
2.578125
2.563477
2.558594
2.553711
2.563477
2.583008
2.573242
2.573242
2.558594
2.573242
2.563477
2.583008
2.563477
2.548828
2.563477
2.558594
2.553711
2.573242
2.553711
2.563477
2.558594
2.573242
2.573242
2.558594
2.578125
2.539062
2.568359
2.573242
2.563477
2.558594
2.592773
2.573242
2.558594
2.548828
2.553711
2.563477
2.558594
2.524414
2.578125
2.548828
2.539062
2.592773
2.563477
2.553711
2.553711
2.563477
2.558594
2.558594
2.548828
2.558594
2.548828
2.568359
2.587891
2.573242
2.573242
2.558594
2.563477
2.583008
2.563477
2.568359
2.568359
2.578125
2.563477
2.568359
2.587891
2.568359
2.578125
2.563477
2.573242
2.573242
2.558594
2.563477
2.573242
2.573242
2.568359
2.563477
2.563477
2.578125
2.543945
2.553711
2.558594
2.568359
2.563477
2.568359
2.578125
2.539062
2.578125
2.592773
2.553711
2.563477
2.578125
2.578125
2.578125
2.583008
2.543945
2.558594
2.592773
2.587891
2.558594
2.587891
2.568359
2.563477
2.553711
2.583008
2.548828
2.548828
2.578125
2.553711
2.568359
2.543945
2.597656
2.578125
2.578125
2.573242
2.553711
2.573242
2.568359
2.534180
2.568359
2.548828
2.558594
2.578125
2.553711
2.587891
2.578125
2.563477
2.553711
2.578125
2.553711
2.568359
2.548828
2.563477
2.578125
2.558594
2.543945
2.578125
2.587891
2.587891
2.573242
2.539062
2.563477
2.563477
2.573242
2.563477
2.553711
2.563477
2.553711
2.558594
2.568359
2.568359
2.573242
2.607422
2.578125
2.568359
2.563477
2.573242
2.578125
2.587891
2.583008
2.548828
2.563477
2.578125
2.592773
2.548828
2.583008
2.553711
2.563477
2.573242
2.553711
2.539062
2.597656
2.573242
2.578125
2.558594
2.563477
2.563477
2.563477
2.568359
2.573242
2.568359
2.568359
2.558594
2.563477
2.543945
2.578125
2.578125
2.583008
2.563477
2.563477
2.524414
2.573242
2.587891
2.573242
2.548828
2.568359
2.583008
2.573242
2.592773
2.548828
2.573242
2.563477
2.573242
2.587891
2.583008
2.568359
2.568359
2.592773
2.583008
2.558594
2.563477
2.553711
2.558594
2.602539
2.553711
2.592773
2.568359
2.578125
2.568359
2.592773
2.563477
2.578125
2.578125
2.578125
2.583008
2.558594
2.563477
2.558594
2.573242
2.563477
2.563477
2.587891
2.563477
2.573242
2.587891
2.573242
2.578125
2.592773
2.558594
2.558594
2.558594
2.578125
2.587891
2.568359
2.587891
2.578125
2.573242
2.558594
2.573242
2.563477
2.563477
2.573242
2.592773
2.573242
2.578125
2.573242
2.597656
2.568359
2.573242
2.563477
2.587891
2.587891
2.583008
2.597656
2.587891
2.587891
2.568359
2.563477
2.592773
2.592773
2.573242
2.592773
2.553711
2.573242
2.563477
2.578125
2.597656
2.578125
2.553711
2.553711
2.553711
2.563477
2.568359
2.573242
2.568359
2.548828
2.578125
2.573242
2.578125
2.573242
2.568359
2.568359
2.573242
2.563477
2.563477
2.568359
2.587891
2.583008
2.573242
2.597656
2.563477
2.592773
2.563477
2.587891
2.587891
2.553711
2.573242
2.587891
2.573242
2.578125
2.553711
2.578125
2.578125
2.587891
2.578125
2.548828
2.563477
2.583008
2.568359
2.597656
2.563477
2.583008
2.573242
2.592773
2.583008
2.539062
2.543945
2.597656
2.573242
2.583008
2.573242
2.612305
2.568359
2.636719
2.568359
2.563477
2.592773
2.587891
2.573242
2.578125
2.573242
2.573242
2.592773
2.578125
2.592773
2.573242
2.568359
2.597656
2.578125
2.592773
2.592773
2.558594
2.548828
2.558594
2.573242
2.592773
2.573242
2.573242
2.573242
2.563477
2.548828
2.578125
2.543945
2.573242
2.558594
2.578125
2.568359
2.602539
2.597656
2.597656
2.543945
2.568359
2.558594
2.578125
2.578125
2.587891
2.573242
2.617188
2.583008
2.578125
2.587891
2.592773
2.578125
2.578125
2.583008
2.573242
2.578125
2.597656
2.587891
2.568359
2.583008
2.563477
2.592773
2.587891
2.558594
2.553711
2.568359
2.578125
2.553711
2.573242
2.583008
2.553711
2.558594
2.587891
2.587891
2.563477
2.573242
2.563477
2.563477
2.587891
2.558594
2.563477
2.602539
2.568359
2.568359
2.583008
2.563477
2.583008
2.583008
2.573242
2.558594
2.573242
2.548828
2.568359
2.587891
2.578125
2.543945
2.597656
2.592773
2.578125
2.587891
2.568359
2.558594
2.583008
2.558594
2.568359
2.578125
2.587891
2.578125
2.587891
2.583008
2.597656
2.592773
2.587891
2.597656
2.568359
2.568359
2.592773
2.607422
2.583008
2.578125
2.578125
2.592773
2.592773
2.568359
2.573242
2.573242
2.597656
2.587891
2.587891
2.563477
2.578125
2.587891
2.597656
2.583008
2.563477
2.568359
2.573242
2.587891
2.568359
2.578125
2.568359
2.568359
2.578125
2.592773
2.573242
2.587891
2.587891
2.592773
2.563477
2.597656
2.592773
2.553711
2.602539
2.583008
2.597656
2.578125
2.563477
2.578125
2.578125
2.573242
2.558594
2.573242
2.612305
2.602539
2.568359
2.563477
2.553711
2.587891
2.578125
2.568359
2.568359
2.578125
2.563477
2.568359
2.587891
2.573242
2.568359
2.587891
2.578125
2.573242
2.592773
2.592773
2.578125
2.583008
2.573242
2.558594
2.558594
2.607422
2.568359
2.587891
2.583008
2.578125
2.587891
2.568359
2.548828
