2.124023
0.874023
-0.800781
-2.299805
-3.432617
-3.989258
-3.950195
-3.300781
-2.138672
-0.571289
1.284180
3.266602
5.185547
6.811523
8.115234
8.891602
9.140625
8.774414
7.851562
6.391602
4.648438
2.675781
0.708008
-1.113281
-2.592773
-3.608398
-4.023438
-3.891602
-3.164062
-1.904297
-0.239258
1.630859
3.603516
5.483398
7.089844
8.305664
9.013672
9.130859
8.647461
7.641602
6.181641
4.335938
2.358398
0.356445
-1.396484
-2.807617
-3.720703
-4.086914
-3.798828
-2.983398
-1.650391
0.039062
1.948242
3.920898
5.751953
7.324219
8.457031
9.052734
9.111328
8.520508
7.431641
5.888672
4.155273
2.998047
2.617188
2.485352
2.500000
2.558594
2.568359
2.558594
2.563477
2.563477
2.548828
2.548828
2.539062
2.553711
2.573242
2.583008
2.553711
2.587891
2.607422
2.587891
2.548828
2.539062
2.534180
2.524414
2.548828
2.558594
2.563477
2.568359
2.548828
2.548828
2.553711
2.548828
2.534180
2.558594
2.563477
2.553711
2.539062
2.534180
2.548828
2.548828
2.534180
2.534180
2.553711
2.568359
2.543945
2.568359
2.558594
2.553711
2.534180
2.563477
2.558594
2.558594
2.548828
2.534180
2.524414
2.539062
2.558594
2.524414
2.524414
2.543945
2.558594
2.543945
2.548828
2.558594
2.529297
2.534180
2.563477
2.548828
2.548828
2.587891
2.587891
2.558594
2.553711
2.548828
2.563477
2.553711
2.553711
2.524414
2.539062
2.543945
2.558594
2.553711
2.548828
2.543945
2.534180
2.539062
2.543945
2.539062
2.524414
2.539062
2.539062
2.519531
2.543945
2.563477
2.568359
2.563477
2.519531
2.553711
2.543945
2.539062
2.539062
2.558594
2.539062
2.568359
2.578125
2.543945
2.558594
2.548828
2.539062
2.563477
2.558594
2.543945
2.529297
2.519531
2.543945
2.558594
2.553711
2.563477
2.553711
2.539062
2.553711
2.558594
2.539062
2.543945
2.548828
2.529297
2.543945
2.529297
2.529297
2.548828
2.553711
2.539062
2.558594
2.543945
2.524414
2.563477
2.543945
2.543945
2.539062
2.548828
2.558594
2.558594
2.548828
2.548828
2.558594
2.539062
2.553711
2.563477
2.539062
2.534180
2.553711
2.553711
2.558594
2.553711
2.548828
2.539062
2.534180
2.539062
2.558594
2.558594
2.539062
2.534180
2.543945
2.548828
2.548828
2.539062
2.534180
2.529297
2.529297
2.524414
2.539062
2.519531
2.534180
2.553711
2.578125
2.539062
2.548828
2.553711
2.558594
2.539062
2.558594
2.539062
2.534180
2.519531
2.534180
2.558594
2.543945
2.534180
2.568359
2.568359
2.548828
2.563477
2.534180
2.558594
2.578125
2.548828
2.558594
2.558594
2.558594
2.568359
2.539062
2.548828
2.583008
2.539062
2.573242
2.573242
2.519531
2.534180
2.539062
2.548828
2.548828
2.529297
2.553711
2.558594
2.568359
2.563477
2.583008
2.534180
2.543945
2.539062
2.539062
2.539062
2.548828
2.553711
2.539062
2.548828
2.534180
2.583008
2.539062
2.543945
2.548828
2.553711
2.553711
2.553711
2.553711
2.558594
2.583008
2.563477
2.573242
2.597656
2.583008
2.587891
2.539062
2.543945
2.597656
2.568359
2.573242
2.573242
2.543945
2.578125
2.563477
2.558594
2.553711
2.548828
2.597656
2.568359
2.563477
2.539062
2.583008
2.573242
2.553711
2.587891
2.553711
2.558594
2.597656
2.573242
2.548828
2.563477
2.573242
2.578125
2.592773
2.583008
2.578125
2.578125
2.563477
2.587891
2.573242
2.587891
2.563477
2.568359
2.563477
2.592773
2.578125
2.597656
2.587891
2.587891
2.587891
2.587891
2.578125
2.587891
2.583008
2.573242
2.558594
2.573242
2.573242
2.592773
2.539062
2.548828
2.563477
2.587891
2.563477
2.573242
2.558594
2.568359
2.597656
2.597656
2.568359
2.558594
2.578125
2.578125
2.592773
2.573242
2.568359
2.563477
2.578125
2.558594
2.587891
2.543945
2.612305
2.578125
2.568359
2.573242
2.563477
2.587891
2.583008
2.563477
2.578125
2.592773
2.602539
2.612305
2.592773
2.587891
2.548828
2.568359
2.592773
2.592773
2.573242
2.597656
2.563477
2.592773
2.568359
2.578125
2.578125
2.583008
2.568359
2.583008
2.597656
2.553711
2.568359
2.587891
2.597656
2.597656
2.578125
2.597656
2.617188
2.573242
2.592773
2.592773
2.563477
2.578125
2.573242
2.587891
2.573242
2.578125
2.583008
2.587891
2.602539
2.587891
2.563477
2.617188
2.597656
2.578125
2.583008
2.592773
2.568359
2.597656
2.612305
2.587891
2.602539
2.597656
2.583008
2.617188
2.592773
2.592773
2.631836
2.597656
2.607422
2.597656
2.583008
2.592773
2.597656
2.592773
2.583008
2.597656
2.612305
2.592773
2.573242
2.592773
2.583008
2.587891
2.597656
2.592773
2.602539
2.592773
2.597656
2.607422
2.568359
2.587891
2.597656
2.617188
2.592773
2.592773
2.597656
2.602539
2.587891
2.587891
2.592773
2.578125
2.597656
2.597656
2.587891
2.597656
2.587891
2.607422
2.583008
2.587891
2.597656
2.583008
2.607422
2.602539
2.597656
2.597656
2.592773
2.587891
2.587891
2.612305
2.573242
2.587891
2.602539
2.602539
2.597656
2.602539
2.597656
2.578125
2.592773
2.587891
2.597656
2.568359
2.597656
2.587891
2.573242
2.597656
2.602539
2.558594
2.592773
2.602539
2.592773
2.573242
2.563477
2.583008
2.558594
2.587891
2.592773
2.568359
2.573242
2.573242
2.592773
2.587891
2.583008
2.573242
2.607422
2.563477
2.568359
2.553711
2.563477
2.587891
2.568359
2.578125
2.592773
2.568359
2.583008
2.573242
2.578125
2.578125
2.578125
2.578125
2.597656
2.563477
2.583008
2.607422
2.592773
2.573242
2.587891
2.568359
2.583008
2.587891
2.583008
2.583008
2.553711
2.558594
2.568359
2.578125
2.573242
2.563477
2.587891
2.583008
2.578125
2.558594
2.568359
2.597656
2.568359
2.578125
2.583008
2.568359
2.563477
2.573242
2.573242
2.573242
2.573242
2.578125
2.568359
2.578125
2.578125
2.558594
2.592773
2.592773
2.578125
2.578125
2.587891
2.592773
2.602539
2.578125
2.558594
2.558594
2.563477
2.587891
2.578125
2.553711
2.563477
2.568359
2.573242
2.548828
2.553711
2.573242
2.563477
2.558594
2.558594
2.553711
2.558594
2.568359
2.563477
2.568359
2.573242
2.587891
2.548828
2.553711
2.548828
2.558594
2.583008
2.573242
2.543945
2.558594
2.563477
2.563477
2.563477
2.548828
2.553711
2.558594
2.563477
2.558594
2.563477
2.573242
2.539062
2.558594
2.578125
2.548828
2.563477
2.524414
2.558594
2.539062
2.543945
2.563477
2.543945
2.558594
2.539062
2.553711
2.558594
2.534180
2.548828
2.548828
2.548828
2.553711
2.539062
2.558594
2.583008
2.553711
2.524414
2.563477
2.553711
2.553711
2.558594
2.553711
2.534180
2.524414
2.543945
2.524414
2.543945
2.548828
2.548828
2.548828
2.563477
2.543945
2.519531
2.553711
2.563477
2.529297
2.548828
2.543945
2.529297
2.548828
2.563477
2.539062
2.534180
2.539062
2.534180
2.529297
2.558594
2.548828
2.578125
2.568359
2.553711
2.534180
2.543945
2.558594
2.553711
2.563477
2.548828
2.548828
2.524414
2.558594
2.539062
2.543945
2.568359
2.543945
2.543945
2.563477
2.553711
2.539062
2.553711
2.543945
2.543945
2.553711
2.539062
2.548828
2.548828
2.548828
2.543945
2.539062
2.553711
2.539062
2.524414
2.563477
2.539062
2.543945
2.568359
2.539062
2.539062
2.558594
2.563477
2.558594
2.553711
2.563477
2.539062
2.534180
2.543945
2.563477
2.548828
2.539062
2.534180
2.543945
2.524414
2.534180
2.529297
2.543945
2.539062
2.504883
2.548828
2.529297
2.524414
2.524414
2.543945
2.548828
2.539062
2.539062
2.543945
2.543945
2.563477
2.543945
2.539062
2.548828
2.563477
2.539062
2.539062
2.568359
2.553711
2.548828
2.558594
2.539062
2.539062
2.553711
2.529297
2.514648
2.534180
2.543945
2.553711
2.539062
2.519531
2.514648
2.519531
2.539062
2.539062
2.529297
2.519531
2.543945
2.548828
2.548828
2.548828
2.539062
2.548828
2.539062
2.543945
2.539062
2.543945
2.519531
2.548828
2.534180
2.524414
2.558594
2.583008
2.563477
2.548828
2.529297
2.539062
2.548828
2.558594
2.539062
2.543945
2.548828
2.519531
2.519531
2.539062
2.500000
2.543945
2.529297
2.534180
2.543945
2.534180
2.543945
2.553711
2.548828
2.548828
2.548828
2.553711
2.553711
2.548828
2.553711
2.529297
2.543945
2.543945
2.563477
2.563477
2.543945
2.553711
2.558594
2.563477
2.563477
2.558594
2.534180
2.539062
2.563477
2.558594
2.553711
2.558594
2.543945
2.548828
2.553711
2.558594
2.529297
2.553711
2.563477
2.548828
2.558594
2.539062
2.539062
2.543945
2.553711
2.548828
2.558594
2.539062
2.548828
2.548828
2.568359
2.558594
2.543945
2.573242
2.548828
2.543945
2.553711
2.563477
2.543945
2.553711
2.543945
2.543945
2.543945
2.539062
2.543945
2.568359
2.548828
2.573242
2.578125
2.563477
2.543945
2.563477
2.543945
2.563477
2.539062
2.553711
2.563477
2.583008
2.583008
2.578125
2.563477
2.558594
2.558594
2.573242
2.573242
2.563477
2.529297
2.548828
2.558594
2.553711
2.553711
2.548828
2.553711
2.543945
2.543945
2.553711
2.553711
2.543945
2.578125
2.553711
2.568359
2.548828
2.558594
2.578125
2.553711
2.563477
2.543945
2.573242
2.558594
2.548828
2.563477
2.558594
2.563477
2.553711
2.563477
2.568359
2.573242
2.573242
2.587891
2.573242
2.568359
2.553711
2.568359
2.583008
2.587891
2.558594
2.558594
2.578125
2.548828
2.573242
2.548828
2.539062
2.558594
2.558594
2.592773
2.558594
2.558594
2.563477
2.587891
2.583008
2.578125
2.573242
2.563477
2.558594
2.543945
2.558594
2.573242
2.563477
2.553711
2.597656
2.548828
2.578125
2.568359
2.563477
2.568359
2.553711
2.558594
2.573242
2.583008
2.568359
2.548828
2.548828
2.578125
2.563477
2.583008
2.573242
2.558594
2.548828
2.583008
2.568359
2.563477
2.563477
2.568359
2.573242
2.578125
2.587891
2.563477
2.529297
2.592773
2.558594
2.578125
2.558594
2.553711
2.578125
2.583008
2.587891
2.573242
2.583008
2.568359
2.578125
2.583008
2.568359
2.558594
2.583008
2.578125
2.592773
2.558594
2.587891
2.578125
2.563477
2.578125
2.548828
2.578125
2.568359
2.573242
2.592773
2.578125
2.563477
2.573242
2.568359
2.543945
2.563477
2.568359
2.597656
2.587891
2.568359
2.583008
2.558594
2.563477
2.563477
2.578125
2.563477
2.602539
2.563477
2.578125
2.578125
2.587891
2.578125
2.597656
2.587891
2.573242
2.558594
2.597656
2.578125
2.563477
2.558594
2.568359
2.578125
2.587891
2.578125
2.563477
2.587891
2.568359
2.587891
2.583008
2.578125
2.568359
2.563477
2.597656
2.568359
2.568359
2.558594
2.563477
2.612305
2.597656
2.558594
2.558594
2.597656
2.587891
2.578125
2.587891
2.548828
2.592773
2.597656
2.592773
2.578125
2.587891
2.573242
2.597656
2.587891
2.587891
2.573242
2.558594
2.568359
2.597656
2.612305
2.568359
2.573242
2.573242
2.592773
2.597656
2.578125
2.583008
2.578125
2.578125
2.578125
2.597656
2.553711
2.558594
2.553711
2.558594
2.558594
2.587891
2.587891
2.573242
2.568359
2.558594
2.587891
2.612305
2.587891
2.583008
2.587891
2.607422
2.592773
2.583008
2.568359
2.587891
2.592773
2.587891
2.592773
2.578125
2.592773
2.578125
2.607422
2.587891
2.578125
2.578125
2.587891
2.583008
2.583008
2.583008
2.553711
2.578125
2.587891
2.587891
2.587891
2.592773
2.612305
2.558594
2.597656
2.592773
2.592773
2.602539
2.592773
2.602539
2.602539
2.563477
2.592773
2.573242
2.578125
2.587891
2.578125
2.558594
2.573242
2.587891
2.607422
2.578125
2.573242
2.558594
2.563477
2.587891
2.583008
2.583008
2.578125
2.583008
2.583008
2.568359
2.563477
2.612305
2.573242
2.612305
2.607422
2.607422
2.568359
2.597656
2.587891
2.592773
2.587891
2.612305
2.578125
2.583008
2.573242
2.583008
2.583008
2.578125
2.578125
2.578125
2.553711
2.578125
2.578125
2.587891
2.573242
2.578125
2.578125
2.573242
2.563477
2.563477
2.578125
2.578125
2.568359
2.587891
2.578125
2.573242
2.607422
2.597656
2.578125
2.583008
2.573242
2.583008
2.573242
2.568359
2.573242
2.563477
2.592773
2.583008
2.558594
2.558594
2.597656
2.607422
2.578125
2.553711
2.548828
2.583008
2.558594
2.583008
2.578125
2.568359
2.573242
2.583008
2.578125
2.578125
2.587891
2.573242
2.563477
2.573242
2.558594
2.583008
2.587891
2.578125
2.568359
2.587891
2.563477
2.563477
2.568359
2.539062
2.558594
2.568359
2.563477
2.573242
2.558594
2.583008
2.563477
2.597656
2.578125
2.583008
2.587891
2.558594
2.553711
2.573242
2.578125
2.568359
2.573242
2.563477
2.568359
2.578125
2.558594
2.578125
2.592773
2.587891
2.548828
2.553711
2.563477
2.578125
2.563477
2.573242
2.568359
2.548828
2.553711
2.558594
2.573242
2.558594
2.568359
2.558594
2.592773
2.573242
2.578125
2.558594
2.578125
2.587891
2.539062
2.558594
2.558594
2.573242
2.558594
2.587891
2.563477
2.587891
2.573242
2.592773
2.558594
2.558594
2.563477
2.578125
2.573242
2.568359
2.558594
2.563477
2.553711
2.573242
2.548828
2.578125
2.553711
2.563477
2.558594
2.592773
2.583008
2.592773
2.573242
2.578125
2.578125
2.568359
2.563477
2.587891
2.578125
2.568359
2.573242
2.573242
2.558594
2.558594
2.568359
2.578125
2.563477
2.573242
2.573242
2.587891
2.573242
2.548828
2.558594
2.548828
2.573242
2.583008
2.578125
2.568359
2.587891
2.592773
2.578125
2.573242
2.563477
2.583008
2.548828
2.548828
2.578125
2.563477
2.587891
2.568359
2.568359
2.563477
2.573242
2.587891
2.573242
2.548828
2.587891
2.539062
2.563477
2.563477
2.558594
2.539062
2.563477
2.568359
2.607422
2.563477
2.568359
2.543945
2.583008
2.583008
2.573242
2.573242
2.558594
2.563477
2.592773
2.568359
2.578125
2.553711
2.587891
2.578125
2.558594
2.563477
2.553711
2.558594
2.534180
2.558594
2.534180
2.568359
2.563477
2.553711
2.548828
2.558594
2.558594
2.539062
2.548828
2.563477
2.558594
2.543945
2.573242
2.558594
2.573242
2.578125
2.539062
2.563477
2.529297
2.553711
2.558594
2.539062
2.543945
2.573242
2.558594
2.558594
2.558594
2.563477
2.573242
2.568359
2.558594
2.553711
2.578125
2.558594
2.568359
2.553711
2.558594
2.563477
2.578125
2.573242
2.543945
2.553711
2.563477
2.563477
2.573242
2.558594
2.558594
2.578125
2.563477
2.558594
2.558594
2.543945
2.558594
2.563477
2.573242
2.578125
2.553711
2.573242
2.578125
2.548828
2.568359
2.568359
2.563477
2.563477
2.558594
2.573242
2.573242
2.553711
2.548828
2.583008
2.587891
2.573242
2.573242
2.563477
2.558594
2.543945
2.543945
2.573242
2.573242
2.563477
2.553711
2.558594
2.568359
2.563477
2.573242
2.558594
2.558594
2.587891
2.539062
2.539062
2.558594
2.553711
2.563477
2.587891
2.568359
2.573242
2.553711
2.578125
2.573242
2.563477
2.573242
2.592773
2.597656
2.578125
2.573242
2.583008
2.573242
2.578125
2.563477
2.573242
2.578125
2.587891
2.539062
2.568359
2.578125
2.548828
2.573242
2.573242
2.553711
2.548828
2.583008
2.563477
2.578125
2.578125
2.563477
2.558594
2.558594
2.592773
2.587891
2.553711
2.548828
2.573242
2.558594
2.573242
2.568359
2.553711
2.568359
2.578125
2.573242
2.573242
2.558594
2.587891
2.587891
2.558594
2.548828
2.543945
2.539062
2.573242
2.587891
2.573242
2.548828
2.553711
2.568359
2.578125
2.558594
2.553711
2.573242
2.592773
2.553711
2.573242
2.558594
2.558594
2.568359
2.597656
2.573242
2.578125
2.558594
2.568359
2.573242
2.563477
2.558594
2.563477
2.587891
2.563477
2.563477
2.568359
2.583008
2.587891
2.597656
2.539062
2.592773
2.563477
2.587891
2.578125
2.583008
2.573242
2.587891
2.573242
2.597656
2.573242
2.578125
2.573242
2.578125
2.583008
2.573242
2.568359
2.573242
2.553711
2.592773
2.592773
2.573242
2.573242
2.602539
2.587891
2.578125
2.573242
2.573242
2.573242
2.578125
2.587891
2.568359
2.602539
2.607422
2.583008
2.617188
2.583008
2.597656
2.612305
2.568359
2.578125
2.578125
2.573242
2.587891
2.568359
2.583008
2.583008
2.583008
2.568359
2.583008
2.592773
2.578125
2.578125
2.587891
2.597656
2.607422
2.587891
2.592773
2.592773
2.578125
2.568359
2.573242
2.583008
2.602539
2.602539
2.573242
2.568359
2.587891
2.607422
2.568359
2.558594
2.587891
2.578125
2.587891
2.568359
2.607422
2.583008
2.568359
2.592773
2.597656
2.578125
2.568359
2.548828
2.578125
2.573242
2.583008
2.587891
2.578125
2.602539
2.587891
2.573242
2.578125
2.597656
2.578125
2.563477
2.573242
2.563477
2.578125
2.592773
2.568359
2.573242
2.563477
2.602539
2.573242
2.612305
2.563477
2.568359
2.592773
2.597656
2.553711
2.583008
2.534180
2.587891
2.578125
2.558594
2.592773
2.587891
2.587891
2.597656
2.573242
2.587891
2.592773
2.583008
2.578125
2.592773
2.578125
2.602539
2.578125
2.583008
2.607422
2.602539
2.617188
2.587891
2.597656
2.592773
2.607422
2.558594
2.587891
2.607422
2.592773
2.583008
2.573242
2.578125
2.597656
2.592773
2.612305
2.563477
2.568359
2.612305
2.592773
2.587891
2.573242
2.592773
2.592773
2.578125
2.592773
2.573242
2.587891
2.607422
2.597656
2.587891
2.568359
2.573242
2.587891
2.587891
2.587891
2.558594
2.568359
2.583008
2.592773
2.617188
2.563477
2.587891
2.563477
2.578125
2.597656
2.578125
2.573242
2.592773
2.607422
2.622070
2.597656
2.573242
2.617188
2.587891
2.602539
2.578125
2.592773
2.573242
2.612305
2.602539
2.597656
2.587891
2.587891
2.578125
2.583008
2.607422
2.578125
2.573242
2.553711
2.558594
2.583008
2.563477
2.602539
2.568359
2.578125
2.587891
2.592773
2.592773
2.583008
2.583008
2.578125
2.573242
2.597656
2.578125
2.602539
2.563477
2.583008
2.573242
2.568359
2.573242
2.573242
2.578125
2.583008
2.583008
2.568359
2.568359
2.553711
2.612305
2.602539
2.597656
2.563477
2.563477
2.583008
2.597656
2.583008
2.573242
2.558594
2.592773
2.597656
2.578125
2.568359
2.583008
2.563477
2.573242
2.587891
2.587891
2.539062
2.563477
2.592773
2.587891
2.573242
2.578125
2.578125
2.587891
2.558594
2.563477
2.578125
2.568359
2.563477
2.592773
2.592773
2.607422
2.587891
2.592773
2.597656
2.583008
2.573242
2.573242
2.578125
2.563477
2.587891
2.583008
2.607422
2.587891
2.578125
2.573242
2.597656
2.573242
2.612305
2.578125
2.592773
2.568359
2.592773
2.583008
2.587891
2.592773
2.583008
2.578125
2.587891
2.573242
2.592773
2.578125
2.587891
2.563477
2.573242
2.563477
2.587891
2.578125
2.597656
2.573242
2.548828
2.587891
2.583008
2.558594
2.563477
2.587891
2.573242
2.587891
2.597656
2.558594
2.558594
2.587891
2.592773
2.553711
2.578125
2.553711
2.568359
2.583008
2.597656
2.578125
2.558594
2.548828
2.597656
2.592773
2.578125
2.573242
2.592773
2.617188
2.568359
2.563477
2.568359
2.578125
2.587891
2.578125
2.548828
2.592773
2.573242
2.578125
2.592773
2.553711
2.534180
2.583008
2.597656
2.578125
2.578125
2.578125
2.578125
2.583008
2.573242
2.563477
2.573242
2.573242
2.568359
2.573242
2.578125
2.534180
2.568359
2.583008
2.587891
2.573242
2.578125
2.558594
2.563477
2.563477
2.597656
2.543945
2.578125
2.597656
2.583008
2.563477
2.553711
2.553711
2.587891
2.558594
2.578125
2.568359
2.568359
2.587891
2.602539
2.558594
2.578125
2.578125
2.573242
2.578125
2.553711
2.563477
2.558594
2.553711
2.568359
2.563477
2.568359
2.558594
2.578125
2.607422
2.573242
2.568359
2.568359
2.587891
2.539062
2.534180
2.539062
2.519531
2.548828
2.583008
2.573242
2.548828
2.573242
2.548828
2.578125
2.573242
2.568359
2.573242
2.587891
2.583008
2.543945
2.543945
2.558594
2.573242
2.597656
2.558594
2.573242
2.548828
2.592773
2.553711
2.587891
2.578125
2.558594
2.587891
2.558594
2.558594
2.568359
2.563477
2.583008
2.563477
2.563477
2.563477
2.553711
2.563477
2.592773
2.573242
2.553711
2.553711
2.558594
2.558594
2.563477
2.563477
2.578125
2.592773
2.573242
2.568359
2.573242
2.583008
2.583008
2.548828
2.534180
2.563477
2.553711
2.563477
2.553711
2.573242
2.534180
2.539062
2.573242
2.558594
2.558594
2.534180
2.563477
2.543945
2.543945
2.548828
2.548828
2.558594
2.587891
2.578125
