516.000000
780.000000
1044.000000
1236.000000
1316.000000
1376.000000
1268.000000
1140.000000
820.000000
448.000000
16.000000
-448.000000
-952.000000
-1404.000000
-1788.000000
-2116.000000
-2224.000000
-2256.000000
-2160.000000
-1832.000000
-1428.000000
-924.000000
-320.000000
276.000000
872.000000
1360.000000
1772.000000
2052.000000
2176.000000
2144.000000
1976.000000
1716.000000
1336.000000
852.000000
404.000000
-88.000000
-536.000000
-876.000000
-1160.000000
-1348.000000
-1428.000000
-1388.000000
-1264.000000
-1056.000000
-848.000000
-596.000000
-332.000000
-128.000000
-24.000000
-4.000000
-4.000000
-16.000000
-36.000000
0.000000
-20.000000
-48.000000
-28.000000
-44.000000
-44.000000
-48.000000
-84.000000
-80.000000
-72.000000
-56.000000
-52.000000
-48.000000
-48.000000
-40.000000
-44.000000
-40.000000
-16.000000
-52.000000
-52.000000
-20.000000
-20.000000
-24.000000
-20.000000
-64.000000
-20.000000
-32.000000
-20.000000
-32.000000
-4.000000
-20.000000
-48.000000
-40.000000
-52.000000
-28.000000
-24.000000
-32.000000
-36.000000
-36.000000
-48.000000
-44.000000
-24.000000
-36.000000
-32.000000
-44.000000
-56.000000
-44.000000
-16.000000
-36.000000
-48.000000
-56.000000
-52.000000
-80.000000
-80.000000
-36.000000
-52.000000
-36.000000
-40.000000
-36.000000
-20.000000
-36.000000
-16.000000
-20.000000
-28.000000
0.000000
-28.000000
-56.000000
-40.000000
-12.000000
-52.000000
-44.000000
-20.000000
-20.000000
-40.000000
-12.000000
-20.000000
-20.000000
-28.000000
-24.000000
-32.000000
-40.000000
-16.000000
-60.000000
-24.000000
-36.000000
-16.000000
-52.000000
-36.000000
-32.000000
-20.000000
-68.000000
-32.000000
-48.000000
-20.000000
-24.000000
-48.000000
-28.000000
-28.000000
-44.000000
-40.000000
-52.000000
-36.000000
-56.000000
-44.000000
-48.000000
-36.000000
-40.000000
-8.000000
-44.000000
-12.000000
4.000000
-4.000000
-20.000000
-32.000000
-48.000000
-44.000000
-36.000000
-68.000000
-52.000000
-56.000000
-48.000000
-52.000000
-60.000000
-60.000000
-80.000000
-44.000000
-60.000000
-60.000000
-40.000000
-68.000000
-44.000000
-60.000000
-60.000000
-52.000000
-80.000000
-48.000000
-40.000000
-56.000000
-48.000000
-68.000000
-84.000000
-56.000000
-76.000000
-88.000000
-44.000000
-80.000000
-48.000000
-48.000000
-64.000000
-64.000000
-44.000000
-64.000000
-44.000000
-44.000000
-28.000000
-4.000000
-48.000000
-44.000000
-32.000000
-52.000000
-48.000000
-28.000000
-72.000000
-44.000000
-48.000000
-60.000000
-52.000000
-60.000000
-52.000000
-32.000000
-64.000000
-72.000000
-44.000000
-56.000000
-52.000000
-32.000000
-68.000000
-52.000000
-88.000000
-64.000000
-36.000000
-44.000000
-40.000000
-20.000000
-72.000000
-40.000000
-64.000000
-16.000000
-40.000000
-76.000000
-36.000000
-64.000000
-52.000000
-36.000000
-20.000000
-48.000000
-20.000000
-32.000000
-40.000000
-56.000000
-24.000000
-32.000000
-40.000000
-8.000000
-4.000000
-32.000000
-36.000000
-28.000000
-48.000000
-52.000000
-64.000000
-56.000000
-64.000000
-48.000000
-40.000000
-56.000000
-56.000000
-24.000000
-32.000000
-48.000000
-40.000000
-52.000000
-60.000000
-36.000000
-48.000000
-52.000000
-28.000000
-36.000000
-36.000000
-40.000000
-16.000000
-36.000000
-32.000000
-20.000000
-32.000000
-20.000000
-32.000000
-12.000000
-24.000000
-12.000000
-44.000000
-28.000000
-32.000000
-56.000000
-12.000000
-8.000000
-36.000000
-4.000000
-20.000000
-20.000000
-24.000000
4.000000
-52.000000
-60.000000
-60.000000
-80.000000
-84.000000
-44.000000
-64.000000
-72.000000
-60.000000
-32.000000
-52.000000
-40.000000
-36.000000
-36.000000
-28.000000
-28.000000
-40.000000
-20.000000
-32.000000
-36.000000
-28.000000
-28.000000
-28.000000
-28.000000
-36.000000
-28.000000
-28.000000
-28.000000
-12.000000
-32.000000
0.000000
-32.000000
-56.000000
-36.000000
-16.000000
-36.000000
-40.000000
-4.000000
-20.000000
-24.000000
-40.000000
-64.000000
-36.000000
-40.000000
-40.000000
-24.000000
-28.000000
-44.000000
-44.000000
-48.000000
-60.000000
-32.000000
-60.000000
-52.000000
-60.000000
-48.000000
-48.000000
-20.000000
-24.000000
-36.000000
-24.000000
-40.000000
-16.000000
-24.000000
-20.000000
4.000000
-16.000000
4.000000
-32.000000
-44.000000
-40.000000
-16.000000
-24.000000
-20.000000
-4.000000
-36.000000
-24.000000
-28.000000
-28.000000
-24.000000
-40.000000
-8.000000
-12.000000
-16.000000
-36.000000
-28.000000
-40.000000
-16.000000
-20.000000
-32.000000
0.000000
-56.000000
-24.000000
-40.000000
-32.000000
-56.000000
-40.000000
-32.000000
-44.000000
-32.000000
-52.000000
-24.000000
-16.000000
-64.000000
-44.000000
-16.000000
-40.000000
-12.000000
-20.000000
-24.000000
-40.000000
-32.000000
-48.000000
-12.000000
-48.000000
-68.000000
-28.000000
-16.000000
-72.000000
-44.000000
-64.000000
-60.000000
-44.000000
-44.000000
-64.000000
-72.000000
-48.000000
-68.000000
-84.000000
-60.000000
-72.000000
-56.000000
-64.000000
-52.000000
-48.000000
-72.000000
-64.000000
-64.000000
-28.000000
-80.000000
-76.000000
-92.000000
-56.000000
-72.000000
-76.000000
-36.000000
-88.000000
-52.000000
-76.000000
-48.000000
-60.000000
-52.000000
-20.000000
-44.000000
-40.000000
-24.000000
-44.000000
-48.000000
-64.000000
-52.000000
-48.000000
-28.000000
-72.000000
-72.000000
-48.000000
-48.000000
-44.000000
-80.000000
-52.000000
-60.000000
-56.000000
-60.000000
-52.000000
-44.000000
-60.000000
-52.000000
-36.000000
-56.000000
-32.000000
-32.000000
-12.000000
-36.000000
-48.000000
-32.000000
-64.000000
-32.000000
-48.000000
-52.000000
-28.000000
-36.000000
-56.000000
-28.000000
-28.000000
-68.000000
-44.000000
-20.000000
-36.000000
-44.000000
-36.000000
-20.000000
0.000000
-36.000000
-28.000000
8.000000
-32.000000
-52.000000
-36.000000
-80.000000
-52.000000
-44.000000
-56.000000
-52.000000
-48.000000
-32.000000
-36.000000
-52.000000
-36.000000
-44.000000
-32.000000
-24.000000
-44.000000
-40.000000
-24.000000
-36.000000
-44.000000
-32.000000
-36.000000
-12.000000
-20.000000
-24.000000
-48.000000
-32.000000
-36.000000
-36.000000
-20.000000
-8.000000
-12.000000
-28.000000
-12.000000
-28.000000
-4.000000
-24.000000
-56.000000
-28.000000
-44.000000
8.000000
-28.000000
-28.000000
-16.000000
0.000000
-56.000000
-72.000000
-20.000000
-60.000000
-52.000000
-76.000000
-80.000000
-48.000000
-56.000000
-52.000000
-52.000000
-16.000000
-32.000000
-32.000000
-36.000000
-36.000000
-20.000000
-28.000000
-8.000000
-20.000000
-24.000000
-8.000000
-24.000000
-8.000000
-20.000000
-32.000000
-20.000000
-28.000000
-16.000000
-52.000000
-20.000000
-32.000000
-44.000000
-28.000000
-44.000000
-32.000000
-20.000000
-44.000000
-44.000000
-36.000000
-24.000000
-20.000000
-36.000000
-40.000000
-28.000000
-32.000000
-36.000000
-44.000000
-44.000000
-64.000000
-36.000000
-60.000000
-80.000000
-44.000000
-44.000000
-60.000000
-12.000000
-36.000000
-36.000000
-16.000000
-20.000000
-12.000000
-32.000000
8.000000
-20.000000
0.000000
-16.000000
4.000000
-28.000000
-44.000000
-8.000000
-32.000000
-8.000000
-8.000000
4.000000
-12.000000
-24.000000
0.000000
-8.000000
-20.000000
-20.000000
-20.000000
-8.000000
-28.000000
-16.000000
0.000000
-48.000000
-12.000000
-32.000000
-16.000000
-28.000000
-16.000000
-40.000000
-32.000000
-28.000000
-44.000000
-44.000000
-32.000000
-32.000000
-36.000000
-44.000000
-40.000000
-32.000000
-36.000000
-16.000000
-8.000000
-44.000000
-28.000000
-44.000000
0.000000
-36.000000
-56.000000
-32.000000
-40.000000
-28.000000
-60.000000
-32.000000
-52.000000
-56.000000
-32.000000
-52.000000
-24.000000
-40.000000
-60.000000
-76.000000
-72.000000
-56.000000
-28.000000
-44.000000
-76.000000
-64.000000
-88.000000
-60.000000
-12.000000
-76.000000
-60.000000
-76.000000
-72.000000
-52.000000
-68.000000
-40.000000
-76.000000
-60.000000
-80.000000
-60.000000
-72.000000
-60.000000
-88.000000
-60.000000
-52.000000
-48.000000
-40.000000
-16.000000
-36.000000
-20.000000
-36.000000
-56.000000
-48.000000
-60.000000
-28.000000
-64.000000
-32.000000
-56.000000
-40.000000
-32.000000
-80.000000
-64.000000
-48.000000
-32.000000
-32.000000
-44.000000
-24.000000
-60.000000
-32.000000
-52.000000
-60.000000
-44.000000
-60.000000
-52.000000
-44.000000
-36.000000
-40.000000
-8.000000
-44.000000
-72.000000
-56.000000
-56.000000
-44.000000
-36.000000
-32.000000
-28.000000
-52.000000
-24.000000
-20.000000
-32.000000
-56.000000
-32.000000
-36.000000
-36.000000
-32.000000
-4.000000
-20.000000
-8.000000
-12.000000
-24.000000
-32.000000
-8.000000
-36.000000
-40.000000
-40.000000
-44.000000
-28.000000
-32.000000
-40.000000
-36.000000
-32.000000
-28.000000
-32.000000
-28.000000
-28.000000
-20.000000
-28.000000
-36.000000
-44.000000
-36.000000
-28.000000
-36.000000
-16.000000
-20.000000
-48.000000
-32.000000
-36.000000
-16.000000
-28.000000
-24.000000
-28.000000
-36.000000
-32.000000
-48.000000
-16.000000
-20.000000
-28.000000
-52.000000
-32.000000
-52.000000
-20.000000
-16.000000
-16.000000
-32.000000
-24.000000
-20.000000
-60.000000
-32.000000
-28.000000
-48.000000
-76.000000
-60.000000
-68.000000
-52.000000
-44.000000
-64.000000
-36.000000
-36.000000
-28.000000
-12.000000
-32.000000
-16.000000
-24.000000
-20.000000
-28.000000
-44.000000
-44.000000
-40.000000
0.000000
-52.000000
-44.000000
-20.000000
-56.000000
-24.000000
-8.000000
-32.000000
-16.000000
-32.000000
-32.000000
-24.000000
-40.000000
-32.000000
-12.000000
-32.000000
-36.000000
-32.000000
-56.000000
-28.000000
-36.000000
-32.000000
-32.000000
-48.000000
-28.000000
-32.000000
-28.000000
-68.000000
-56.000000
-76.000000
-52.000000
-40.000000
-28.000000
-20.000000
-28.000000
-8.000000
-12.000000
-8.000000
-16.000000
-20.000000
-8.000000
-52.000000
-20.000000
-20.000000
-32.000000
-28.000000
0.000000
-8.000000
-12.000000
-24.000000
-4.000000
0.000000
-20.000000
-20.000000
-20.000000
-16.000000
-12.000000
-32.000000
-16.000000
-4.000000
-4.000000
-20.000000
-20.000000
-16.000000
-16.000000
-32.000000
-36.000000
-28.000000
-20.000000
-40.000000
-36.000000
-32.000000
-28.000000
-16.000000
-52.000000
-48.000000
-44.000000
-48.000000
-20.000000
-36.000000
-40.000000
-32.000000
-20.000000
-24.000000
0.000000
-40.000000
-32.000000
-16.000000
-44.000000
4.000000
-48.000000
-32.000000
-20.000000
-40.000000
-32.000000
-24.000000
-48.000000
-44.000000
-32.000000
-72.000000
-44.000000
-60.000000
-40.000000
-56.000000
-64.000000
-68.000000
-72.000000
-80.000000
-60.000000
-76.000000
-88.000000
-64.000000
-68.000000
-68.000000
-52.000000
-40.000000
-64.000000
-76.000000
-52.000000
-44.000000
-56.000000
-52.000000
-76.000000
-72.000000
-68.000000
-64.000000
-56.000000
-48.000000
-28.000000
-24.000000
-24.000000
-4.000000
-32.000000
-32.000000
-36.000000
-40.000000
-68.000000
-24.000000
-64.000000
-68.000000
-52.000000
-28.000000
-40.000000
-48.000000
-48.000000
-48.000000
-40.000000
-40.000000
-20.000000
-44.000000
-72.000000
-52.000000
-60.000000
-64.000000
-80.000000
-48.000000
-44.000000
-48.000000
-44.000000
-32.000000
-40.000000
-28.000000
-8.000000
-80.000000
-48.000000
-40.000000
-20.000000
-56.000000
-32.000000
-40.000000
-40.000000
-52.000000
-28.000000
-20.000000
-72.000000
-44.000000
-16.000000
-4.000000
0.000000
8.000000
-28.000000
-8.000000
-32.000000
-40.000000
-32.000000
-44.000000
-16.000000
-28.000000
-40.000000
-32.000000
-40.000000
-44.000000
-36.000000
-24.000000
-32.000000
-36.000000
-36.000000
-24.000000
-20.000000
-44.000000
-24.000000
-24.000000
-44.000000
-24.000000
-4.000000
-16.000000
-20.000000
-28.000000
-24.000000
-16.000000
-24.000000
-24.000000
-16.000000
-20.000000
-8.000000
-36.000000
-60.000000
-8.000000
-28.000000
0.000000
-8.000000
0.000000
0.000000
8.000000
-8.000000
-28.000000
-12.000000
-20.000000
-36.000000
-32.000000
-40.000000
-68.000000
-52.000000
-32.000000
-72.000000
-36.000000
-40.000000
-32.000000
-16.000000
-32.000000
-20.000000
-24.000000
-24.000000
-32.000000
-16.000000
-24.000000
-36.000000
-28.000000
-16.000000
-28.000000
-28.000000
-4.000000
-32.000000
-32.000000
-20.000000
-28.000000
-28.000000
-24.000000
-24.000000
-40.000000
0.000000
-16.000000
-16.000000
-16.000000
-28.000000
-24.000000
-36.000000
-12.000000
-32.000000
-24.000000
-28.000000
-28.000000
-32.000000
-16.000000
-32.000000
-24.000000
-24.000000
-52.000000
-52.000000
-76.000000
-20.000000
-52.000000
-24.000000
-16.000000
-8.000000
-12.000000
-32.000000
20.000000
-28.000000
-24.000000
16.000000
-4.000000
8.000000
4.000000
8.000000
4.000000
-4.000000
12.000000
-36.000000
-12.000000
-28.000000
4.000000
-32.000000
-24.000000
-16.000000
-4.000000
-20.000000
4.000000
-60.000000
-36.000000
-36.000000
-32.000000
-16.000000
-36.000000
-20.000000
-16.000000
-36.000000
-20.000000
-32.000000
-24.000000
-12.000000
-24.000000
-44.000000
-32.000000
-32.000000
-40.000000
-20.000000
-20.000000
-32.000000
-44.000000
-20.000000
-20.000000
-20.000000
4.000000
-28.000000
-12.000000
-20.000000
-36.000000
-36.000000
8.000000
-28.000000
-20.000000
-48.000000
-60.000000
-40.000000
-68.000000
-4.000000
-56.000000
-48.000000
-24.000000
-40.000000
-60.000000
-76.000000
-64.000000
-76.000000
-48.000000
-52.000000
-40.000000
-76.000000
-52.000000
-68.000000
-44.000000
-96.000000
-52.000000
-52.000000
-76.000000
-56.000000
-80.000000
-76.000000
-8.000000
-48.000000
-48.000000
-72.000000
-52.000000
-72.000000
-48.000000
-52.000000
-52.000000
-16.000000
-20.000000
-8.000000
-12.000000
-24.000000
-12.000000
-36.000000
-48.000000
-68.000000
-44.000000
-52.000000
-52.000000
-64.000000
-48.000000
-48.000000
-56.000000
-44.000000
-44.000000
-36.000000
-48.000000
-44.000000
-60.000000
-72.000000
-40.000000
-48.000000
-48.000000
-48.000000
-52.000000
-8.000000
-56.000000
-32.000000
-44.000000
-28.000000
-24.000000
-40.000000
-52.000000
-48.000000
-44.000000
-12.000000
-64.000000
-20.000000
-52.000000
-36.000000
-28.000000
-24.000000
-32.000000
-36.000000
-48.000000
-8.000000
-52.000000
-8.000000
-16.000000
-28.000000
-32.000000
-56.000000
-52.000000
-28.000000
-4.000000
-44.000000
-44.000000
-44.000000
-60.000000
-28.000000
-32.000000
-44.000000
-16.000000
-36.000000
-32.000000
-28.000000
-24.000000
-24.000000
-32.000000
-28.000000
-28.000000
-24.000000
-56.000000
-40.000000
-52.000000
-48.000000
-8.000000
-8.000000
-20.000000
-32.000000
-36.000000
-16.000000
-28.000000
-24.000000
-28.000000
-20.000000
-28.000000
-20.000000
-32.000000
-12.000000
-16.000000
0.000000
-48.000000
-32.000000
-32.000000
-36.000000
-32.000000
-64.000000
-36.000000
-36.000000
-44.000000
-48.000000
-48.000000
-36.000000
-60.000000
-52.000000
-20.000000
-32.000000
-36.000000
-28.000000
-32.000000
-8.000000
-16.000000
-28.000000
-24.000000
-36.000000
-28.000000
-20.000000
-12.000000
-32.000000
-24.000000
-24.000000
-32.000000
-20.000000
-12.000000
-36.000000
-4.000000
-28.000000
-24.000000
-48.000000
-44.000000
-12.000000
-28.000000
-20.000000
-36.000000
-20.000000
-32.000000
-24.000000
-20.000000
-36.000000
-16.000000
-32.000000
-36.000000
-36.000000
-28.000000
-40.000000
-32.000000
-32.000000
-20.000000
-60.000000
-52.000000
-20.000000
-20.000000
-28.000000
-8.000000
-36.000000
0.000000
-8.000000
-28.000000
8.000000
-16.000000
-24.000000
-16.000000
-12.000000
12.000000
-28.000000
24.000000
-16.000000
-32.000000
-4.000000
-24.000000
0.000000
-16.000000
-4.000000
-24.000000
-12.000000
-8.000000
-32.000000
-20.000000
-8.000000
-44.000000
-28.000000
-28.000000
-32.000000
-32.000000
-28.000000
-20.000000
-52.000000
-40.000000
-48.000000
-20.000000
-20.000000
-52.000000
-16.000000
-8.000000
-28.000000
-20.000000
-24.000000
-32.000000
-44.000000
-20.000000
-12.000000
-20.000000
0.000000
-40.000000
-24.000000
-20.000000
-20.000000
-20.000000
-36.000000
-24.000000
-24.000000
-28.000000
-44.000000
-32.000000
-48.000000
-32.000000
-48.000000
-76.000000
-84.000000
-60.000000
-48.000000
-52.000000
-64.000000
-76.000000
-64.000000
-48.000000
-60.000000
-36.000000
-48.000000
-32.000000
-36.000000
-40.000000
-64.000000
-48.000000
-60.000000
-92.000000
-48.000000
-44.000000
-56.000000
-52.000000
-20.000000
-56.000000
-28.000000
-40.000000
-72.000000
-24.000000
-36.000000
-12.000000
-8.000000
-52.000000
-16.000000
-48.000000
-48.000000
-48.000000
-64.000000
-48.000000
-52.000000
-64.000000
-56.000000
-68.000000
-40.000000
-76.000000
-40.000000
-36.000000
-76.000000
-48.000000
-56.000000
-80.000000
-16.000000
-48.000000
-48.000000
-52.000000
-36.000000
-32.000000
-72.000000
-36.000000
-48.000000
-48.000000
-52.000000
-8.000000
-36.000000
-68.000000
-32.000000
-52.000000
-36.000000
-52.000000
-40.000000
-48.000000
-28.000000
-72.000000
-20.000000
-20.000000
-32.000000
-48.000000
-28.000000
-8.000000
0.000000
-32.000000
-12.000000
-32.000000
-28.000000
-44.000000
-56.000000
-52.000000
-28.000000
-36.000000
-20.000000
-36.000000
-28.000000
-16.000000
-52.000000
-12.000000
-32.000000
-28.000000
-40.000000
-32.000000
-32.000000
-28.000000
-24.000000
-20.000000
-28.000000
-20.000000
-32.000000
-24.000000
-16.000000
-28.000000
-44.000000
-28.000000
-32.000000
-8.000000
0.000000
-4.000000
-36.000000
-44.000000
-24.000000
-12.000000
-8.000000
-32.000000
-44.000000
4.000000
-36.000000
0.000000
-12.000000
-20.000000
-12.000000
-28.000000
-28.000000
-60.000000
-80.000000
-60.000000
-40.000000
-60.000000
-48.000000
-48.000000
-36.000000
-84.000000
-12.000000
-20.000000
-20.000000
16.000000
-48.000000
-16.000000
0.000000
-40.000000
-36.000000
-16.000000
-24.000000
-12.000000
-36.000000
-8.000000
-4.000000
-44.000000
-16.000000
-24.000000
-40.000000
-36.000000
-12.000000
-24.000000
-48.000000
-48.000000
-20.000000
-44.000000
-32.000000
-8.000000
-44.000000
-40.000000
-24.000000
-44.000000
-8.000000
-36.000000
-32.000000
-16.000000
-36.000000
-24.000000
-20.000000
-60.000000
-72.000000
-52.000000
-44.000000
-16.000000
-60.000000
-52.000000
-40.000000
0.000000
-20.000000
0.000000
4.000000
-16.000000
0.000000
-16.000000
-24.000000
-28.000000
-20.000000
-24.000000
-24.000000
-32.000000
-24.000000
-8.000000
-16.000000
-4.000000
-20.000000
0.000000
-32.000000
-16.000000
-12.000000
-28.000000
-16.000000
-20.000000
-24.000000
-16.000000
-16.000000
-32.000000
-16.000000
-36.000000
-28.000000
-40.000000
-12.000000
0.000000
-8.000000
-44.000000
-24.000000
-56.000000
-32.000000
-24.000000
-44.000000
-72.000000
-28.000000
-16.000000
-12.000000
-52.000000
-32.000000
-36.000000
-20.000000
-28.000000
-8.000000
-28.000000
-36.000000
-20.000000
-32.000000
-52.000000
-56.000000
-44.000000
-36.000000
-36.000000
-48.000000
-32.000000
-76.000000
-64.000000
-44.000000
-20.000000
-36.000000
-56.000000
-52.000000
-44.000000
-80.000000
-32.000000
-64.000000
-44.000000
-68.000000
-52.000000
-60.000000
-64.000000
-48.000000
-48.000000
-48.000000
-68.000000
-48.000000
-72.000000
-52.000000
-72.000000
-68.000000
-32.000000
-52.000000
-40.000000
-48.000000
-44.000000
0.000000
-32.000000
-28.000000
-28.000000
-32.000000
-56.000000
-36.000000
-76.000000
-60.000000
-60.000000
-64.000000
-56.000000
-40.000000
-76.000000
-48.000000
-72.000000
-60.000000
-32.000000
-72.000000
-60.000000
-36.000000
-68.000000
-24.000000
-48.000000
-28.000000
-36.000000
-36.000000
-48.000000
-16.000000
-44.000000
-60.000000
-16.000000
-60.000000
-20.000000
-12.000000
-56.000000
-8.000000
-64.000000
-4.000000
-52.000000
-20.000000
-24.000000
-32.000000
-20.000000
-20.000000
-12.000000
-32.000000
-16.000000
-40.000000
-8.000000
-44.000000
-4.000000
-28.000000
-28.000000
-20.000000
-20.000000
-44.000000
-60.000000
-36.000000
-40.000000
-16.000000
-28.000000
-32.000000
-32.000000
-32.000000
-28.000000
-40.000000
-24.000000
-24.000000
-12.000000
-68.000000
-24.000000
-52.000000
-4.000000
-32.000000
-16.000000
-48.000000
-8.000000
-24.000000
-12.000000
-28.000000
4.000000
-16.000000
-16.000000
-28.000000
-12.000000
-12.000000
-12.000000
-8.000000
-40.000000
4.000000
-20.000000
-36.000000
-12.000000
0.000000
-28.000000
-8.000000
-20.000000
-28.000000
-20.000000
-12.000000
-52.000000
-84.000000
-48.000000
-72.000000
-52.000000
-60.000000
-48.000000
-32.000000
-44.000000
-24.000000
-36.000000
-20.000000
-12.000000
-36.000000
-44.000000
-12.000000
-32.000000
-44.000000
-20.000000
-16.000000
-28.000000
-36.000000
-32.000000
-44.000000
-40.000000
-32.000000
-16.000000
-32.000000
-16.000000
-12.000000
-12.000000
-20.000000
-16.000000
-20.000000
-32.000000
-16.000000
-28.000000
-20.000000
-28.000000
-44.000000
-40.000000
-16.000000
-40.000000
-24.000000
-36.000000
-48.000000
-36.000000
-44.000000
-72.000000
-72.000000
-36.000000
-52.000000
-32.000000
-60.000000
-24.000000
-16.000000
-24.000000
-32.000000
-4.000000
-16.000000
4.000000
-28.000000
-32.000000
-36.000000
20.000000
0.000000
-16.000000
-4.000000
-16.000000
-24.000000
-16.000000
-8.000000
-20.000000
-16.000000
-16.000000
-32.000000
-20.000000
-16.000000
-28.000000
-24.000000
-12.000000
-20.000000
-28.000000
-16.000000
-44.000000
-32.000000
-36.000000
-44.000000
-44.000000
-32.000000
-20.000000
-16.000000
-52.000000
-32.000000
-52.000000
-24.000000
-36.000000
-28.000000
-44.000000
-40.000000
-24.000000
-28.000000
0.000000
-40.000000
-44.000000
-16.000000
-36.000000
-12.000000
-16.000000
-44.000000
-12.000000
-72.000000
-20.000000
-48.000000
-56.000000
-64.000000
-48.000000
-48.000000
-40.000000
-52.000000
-44.000000
-52.000000
-72.000000
-40.000000
-60.000000
-48.000000
-76.000000
-80.000000
-36.000000
-20.000000
-52.000000
-40.000000
-40.000000
-56.000000
-44.000000
-52.000000
-52.000000
-36.000000
-64.000000
-68.000000
-72.000000
-60.000000
-60.000000
-32.000000
-76.000000
-48.000000
-48.000000
-60.000000
-28.000000
-24.000000
-8.000000
-36.000000
-28.000000
-56.000000
-40.000000
-36.000000
-28.000000
-52.000000
-44.000000
-56.000000
-24.000000
-68.000000
-60.000000
-56.000000
-40.000000
-40.000000
-28.000000
-52.000000
-44.000000
-40.000000
-48.000000
-56.000000
-12.000000
-40.000000
-36.000000
-60.000000
-16.000000
-52.000000
-52.000000
-60.000000
-16.000000
-88.000000
4.000000
-48.000000
-32.000000
-44.000000
-16.000000
-56.000000
-52.000000
-12.000000
-20.000000
-44.000000
-20.000000
-48.000000
-28.000000
-20.000000
-32.000000
-28.000000
-20.000000
12.000000
-4.000000
-16.000000
-36.000000
-48.000000
-32.000000
-28.000000
-28.000000
-36.000000
0.000000
-68.000000
-16.000000
-48.000000
-32.000000
-28.000000
-44.000000
-36.000000
-36.000000
-28.000000
-16.000000
-20.000000
-28.000000
-32.000000
-16.000000
-20.000000
-28.000000
-24.000000
-16.000000
-16.000000
-24.000000
-8.000000
-32.000000
-28.000000
-12.000000
-44.000000
-32.000000
-28.000000
-52.000000
-36.000000
-24.000000
-8.000000
-44.000000
