592.000000
816.000000
1068.000000
1204.000000
1300.000000
1316.000000
1196.000000
1016.000000
692.000000
324.000000
-132.000000
-628.000000
-1084.000000
-1544.000000
-1880.000000
-2180.000000
-2284.000000
-2264.000000
-2064.000000
-1752.000000
-1316.000000
-784.000000
-244.000000
388.000000
984.000000
1440.000000
1816.000000
2076.000000
2176.000000
2116.000000
1928.000000
1604.000000
1204.000000
756.000000
256.000000
-208.000000
-636.000000
-984.000000
-1196.000000
-1356.000000
-1384.000000
-1352.000000
-1220.000000
-1024.000000
-796.000000
-532.000000
-328.000000
-132.000000
-52.000000
-28.000000
-36.000000
-68.000000
-40.000000
-36.000000
-44.000000
-28.000000
-60.000000
-48.000000
-40.000000
-32.000000
-16.000000
-52.000000
-24.000000
-32.000000
-32.000000
4.000000
-48.000000
-36.000000
-32.000000
-44.000000
-28.000000
-44.000000
-20.000000
-28.000000
-32.000000
0.000000
-32.000000
-44.000000
-48.000000
-20.000000
-36.000000
-44.000000
-36.000000
-20.000000
-4.000000
-40.000000
-40.000000
-40.000000
-24.000000
-36.000000
-56.000000
-40.000000
-60.000000
-80.000000
-52.000000
-56.000000
-84.000000
-64.000000
-40.000000
-44.000000
-36.000000
-44.000000
-36.000000
-48.000000
-20.000000
0.000000
-76.000000
-32.000000
-44.000000
-44.000000
-20.000000
-40.000000
-40.000000
-40.000000
-64.000000
-36.000000
-32.000000
-32.000000
-24.000000
-16.000000
-20.000000
-44.000000
-24.000000
-24.000000
-28.000000
-28.000000
-56.000000
-32.000000
-24.000000
-44.000000
-24.000000
-48.000000
-48.000000
-56.000000
-52.000000
-64.000000
-36.000000
-72.000000
-60.000000
-68.000000
-52.000000
-80.000000
-52.000000
-64.000000
-48.000000
-28.000000
-36.000000
-12.000000
-32.000000
-12.000000
-12.000000
-32.000000
-8.000000
-36.000000
-24.000000
-24.000000
-28.000000
-12.000000
-32.000000
-40.000000
-40.000000
-28.000000
-16.000000
-28.000000
-20.000000
-44.000000
-12.000000
-28.000000
-12.000000
-28.000000
-28.000000
-56.000000
-36.000000
-36.000000
-20.000000
-20.000000
-52.000000
-36.000000
-12.000000
-40.000000
-52.000000
-28.000000
-44.000000
-28.000000
-40.000000
-32.000000
-28.000000
-48.000000
-52.000000
-52.000000
-48.000000
-32.000000
-28.000000
-36.000000
0.000000
-28.000000
-36.000000
-24.000000
-16.000000
-48.000000
-52.000000
-32.000000
-40.000000
-52.000000
-32.000000
-60.000000
-44.000000
-64.000000
-44.000000
-52.000000
-40.000000
-60.000000
-72.000000
-48.000000
-28.000000
-76.000000
-72.000000
-64.000000
-84.000000
-76.000000
-64.000000
-64.000000
-60.000000
-68.000000
-68.000000
-68.000000
-20.000000
-76.000000
-60.000000
-88.000000
-72.000000
-76.000000
-56.000000
-40.000000
-84.000000
-72.000000
-84.000000
-100.000000
-40.000000
-32.000000
-44.000000
-36.000000
-32.000000
-48.000000
-52.000000
-44.000000
-64.000000
-64.000000
-48.000000
-72.000000
-56.000000
-56.000000
-52.000000
-48.000000
-40.000000
-52.000000
-40.000000
-60.000000
-60.000000
-80.000000
-48.000000
-44.000000
-76.000000
-60.000000
-28.000000
-44.000000
-40.000000
-64.000000
-24.000000
-48.000000
-48.000000
-60.000000
-24.000000
-56.000000
-48.000000
-32.000000
-52.000000
-44.000000
-32.000000
-60.000000
-72.000000
-60.000000
-92.000000
-32.000000
-60.000000
-28.000000
-76.000000
-32.000000
-40.000000
-8.000000
-36.000000
-40.000000
-20.000000
-28.000000
-48.000000
-16.000000
-68.000000
-88.000000
-44.000000
-48.000000
-64.000000
-52.000000
-72.000000
-12.000000
-52.000000
-40.000000
-36.000000
-56.000000
-32.000000
-40.000000
-60.000000
-36.000000
-44.000000
-36.000000
-16.000000
-44.000000
-44.000000
-32.000000
-40.000000
-40.000000
-52.000000
-32.000000
-36.000000
-36.000000
-36.000000
-28.000000
-28.000000
-24.000000
-24.000000
-20.000000
-36.000000
-40.000000
-16.000000
-44.000000
-28.000000
-32.000000
-20.000000
-4.000000
-28.000000
-44.000000
-76.000000
-56.000000
-48.000000
-68.000000
-60.000000
-68.000000
-72.000000
-68.000000
-44.000000
-64.000000
-52.000000
-32.000000
-44.000000
-44.000000
-24.000000
4.000000
-32.000000
-36.000000
-32.000000
-52.000000
-40.000000
-24.000000
-44.000000
-40.000000
-16.000000
0.000000
-40.000000
-24.000000
-48.000000
-36.000000
-28.000000
-28.000000
-64.000000
-44.000000
-52.000000
-44.000000
-40.000000
-48.000000
-40.000000
-28.000000
-44.000000
-56.000000
-56.000000
-24.000000
-24.000000
-36.000000
-28.000000
-32.000000
-84.000000
-72.000000
-80.000000
-40.000000
-56.000000
-44.000000
-40.000000
-52.000000
-40.000000
-36.000000
-16.000000
-28.000000
-16.000000
-20.000000
-24.000000
-8.000000
-32.000000
-40.000000
-12.000000
-60.000000
-36.000000
-52.000000
-28.000000
-24.000000
-44.000000
4.000000
-32.000000
0.000000
-40.000000
-44.000000
-36.000000
-32.000000
-32.000000
-60.000000
-32.000000
-40.000000
-52.000000
-52.000000
-52.000000
-52.000000
-48.000000
-40.000000
-40.000000
-44.000000
-36.000000
-36.000000
-28.000000
-28.000000
-44.000000
-56.000000
-56.000000
-44.000000
-36.000000
-48.000000
-44.000000
-52.000000
-28.000000
-24.000000
-56.000000
-8.000000
-52.000000
-44.000000
-28.000000
-56.000000
-64.000000
-52.000000
-48.000000
-48.000000
-32.000000
-52.000000
-64.000000
-48.000000
-76.000000
-48.000000
-60.000000
-88.000000
-64.000000
-88.000000
-64.000000
-72.000000
-76.000000
-44.000000
-64.000000
-76.000000
-36.000000
-60.000000
-92.000000
-48.000000
-64.000000
-80.000000
-92.000000
-76.000000
-64.000000
-80.000000
-72.000000
-76.000000
-44.000000
-60.000000
-44.000000
-76.000000
-40.000000
-28.000000
-52.000000
-16.000000
-24.000000
-44.000000
-64.000000
-32.000000
-72.000000
-72.000000
-72.000000
-56.000000
-48.000000
-48.000000
-80.000000
-76.000000
-56.000000
-60.000000
-76.000000
-76.000000
-52.000000
-76.000000
-80.000000
-52.000000
-72.000000
-60.000000
-76.000000
-52.000000
-64.000000
-84.000000
-60.000000
-52.000000
-36.000000
-52.000000
-48.000000
-72.000000
-48.000000
-32.000000
-64.000000
-40.000000
-76.000000
-44.000000
-28.000000
-52.000000
-44.000000
-40.000000
-40.000000
-72.000000
-24.000000
-56.000000
-28.000000
-20.000000
-12.000000
-28.000000
-48.000000
-24.000000
-40.000000
-72.000000
-44.000000
-64.000000
-40.000000
-56.000000
-48.000000
-40.000000
-52.000000
-68.000000
-48.000000
-52.000000
-48.000000
-48.000000
-52.000000
-48.000000
-32.000000
-64.000000
-36.000000
-36.000000
-48.000000
-32.000000
-48.000000
-44.000000
-32.000000
-36.000000
-44.000000
-44.000000
-44.000000
-40.000000
-36.000000
-32.000000
-36.000000
-40.000000
-72.000000
-52.000000
-20.000000
-40.000000
-48.000000
-20.000000
-20.000000
-64.000000
-56.000000
-24.000000
-40.000000
-40.000000
-52.000000
-80.000000
-80.000000
-36.000000
-68.000000
-68.000000
-56.000000
-52.000000
-40.000000
-80.000000
-44.000000
-52.000000
-60.000000
-32.000000
-48.000000
-28.000000
-24.000000
-28.000000
-24.000000
-64.000000
-40.000000
-36.000000
-24.000000
-52.000000
-52.000000
-56.000000
-44.000000
-28.000000
-36.000000
-44.000000
-44.000000
-64.000000
-24.000000
-32.000000
-28.000000
-28.000000
-60.000000
-60.000000
-44.000000
-40.000000
-64.000000
-28.000000
-52.000000
-32.000000
-40.000000
-32.000000
-44.000000
-56.000000
-80.000000
-80.000000
-68.000000
-64.000000
-68.000000
-32.000000
-28.000000
-8.000000
-20.000000
-28.000000
-44.000000
-36.000000
-8.000000
-20.000000
-20.000000
-28.000000
-24.000000
-28.000000
-12.000000
-48.000000
-28.000000
-28.000000
-8.000000
-32.000000
-40.000000
-40.000000
-32.000000
-40.000000
-48.000000
-64.000000
-20.000000
-32.000000
-48.000000
-40.000000
-28.000000
-48.000000
-40.000000
-28.000000
-40.000000
-56.000000
-36.000000
-40.000000
-56.000000
-12.000000
-48.000000
-32.000000
-24.000000
-40.000000
-44.000000
-56.000000
-64.000000
-28.000000
-36.000000
-36.000000
-32.000000
-52.000000
-28.000000
-28.000000
-36.000000
-44.000000
-24.000000
-32.000000
-60.000000
-60.000000
-36.000000
-56.000000
-52.000000
-52.000000
-72.000000
-80.000000
-80.000000
-80.000000
-72.000000
-60.000000
-60.000000
-76.000000
-96.000000
-76.000000
-100.000000
-64.000000
-80.000000
-88.000000
-80.000000
-48.000000
-64.000000
-72.000000
-76.000000
-64.000000
-92.000000
-68.000000
-76.000000
-76.000000
-68.000000
-76.000000
-64.000000
-80.000000
-80.000000
-48.000000
-80.000000
-68.000000
-28.000000
-32.000000
-20.000000
-28.000000
-44.000000
-48.000000
-52.000000
-52.000000
-64.000000
-52.000000
-76.000000
-52.000000
-52.000000
-76.000000
-64.000000
-80.000000
-84.000000
-68.000000
-72.000000
-64.000000
-76.000000
-44.000000
-60.000000
-52.000000
-88.000000
-52.000000
-60.000000
-72.000000
-40.000000
-56.000000
-48.000000
-32.000000
-56.000000
-44.000000
-60.000000
-44.000000
-64.000000
-48.000000
-40.000000
-68.000000
-48.000000
-48.000000
-60.000000
-40.000000
-52.000000
-64.000000
-32.000000
-36.000000
-72.000000
-40.000000
-20.000000
-20.000000
4.000000
-28.000000
-48.000000
-44.000000
-60.000000
-60.000000
-64.000000
-60.000000
-48.000000
-52.000000
-40.000000
-52.000000
-44.000000
-44.000000
-64.000000
-40.000000
-52.000000
-40.000000
-28.000000
-44.000000
-76.000000
-40.000000
-60.000000
-24.000000
-44.000000
-52.000000
-60.000000
-44.000000
-20.000000
-48.000000
-60.000000
-32.000000
-44.000000
-16.000000
-44.000000
-28.000000
-32.000000
-52.000000
-32.000000
-48.000000
-48.000000
-36.000000
-40.000000
-24.000000
-36.000000
-12.000000
-32.000000
-48.000000
-32.000000
-52.000000
-52.000000
-64.000000
-68.000000
-56.000000
-36.000000
-60.000000
-48.000000
-48.000000
-48.000000
-68.000000
-56.000000
-60.000000
-56.000000
-44.000000
-32.000000
-76.000000
-32.000000
-56.000000
-48.000000
-36.000000
-60.000000
-76.000000
-52.000000
-64.000000
-44.000000
-52.000000
-36.000000
-28.000000
-48.000000
-32.000000
-28.000000
-32.000000
-52.000000
-8.000000
-32.000000
-28.000000
-52.000000
-52.000000
-32.000000
-24.000000
-24.000000
-36.000000
-64.000000
-28.000000
-48.000000
-28.000000
-64.000000
-24.000000
-84.000000
-40.000000
-52.000000
-48.000000
-36.000000
-44.000000
-48.000000
-24.000000
-48.000000
-56.000000
-28.000000
-16.000000
-12.000000
-32.000000
-8.000000
-32.000000
-36.000000
-40.000000
-24.000000
-40.000000
-4.000000
-40.000000
-24.000000
-28.000000
-32.000000
-32.000000
-36.000000
-32.000000
-24.000000
-32.000000
-20.000000
-52.000000
-48.000000
-32.000000
-36.000000
-52.000000
-56.000000
-44.000000
-40.000000
-44.000000
-24.000000
-32.000000
-36.000000
-48.000000
-44.000000
-44.000000
-44.000000
-28.000000
-24.000000
-60.000000
-44.000000
-32.000000
-32.000000
-48.000000
-8.000000
-32.000000
-32.000000
-44.000000
-24.000000
-60.000000
-8.000000
-40.000000
-24.000000
-48.000000
-40.000000
-44.000000
-40.000000
-60.000000
-44.000000
-48.000000
-48.000000
-60.000000
-68.000000
-56.000000
-72.000000
-44.000000
-44.000000
-60.000000
-72.000000
-60.000000
-68.000000
-84.000000
-76.000000
-96.000000
-68.000000
-64.000000
-52.000000
-48.000000
-84.000000
-44.000000
-72.000000
-44.000000
-40.000000
-104.000000
-60.000000
-72.000000
-64.000000
-48.000000
-84.000000
-32.000000
-68.000000
-40.000000
-24.000000
-52.000000
-44.000000
-40.000000
-56.000000
-68.000000
-40.000000
-96.000000
-64.000000
-64.000000
-96.000000
-52.000000
-56.000000
-52.000000
-92.000000
-96.000000
-48.000000
-56.000000
-60.000000
-36.000000
-56.000000
-44.000000
-76.000000
-40.000000
-68.000000
-44.000000
-84.000000
-60.000000
-12.000000
-80.000000
-56.000000
-32.000000
-68.000000
-48.000000
-48.000000
-88.000000
0.000000
-48.000000
-64.000000
-48.000000
-60.000000
-28.000000
-76.000000
-20.000000
-40.000000
-60.000000
-24.000000
-40.000000
-16.000000
0.000000
-48.000000
-24.000000
-60.000000
-48.000000
-32.000000
-44.000000
-60.000000
-44.000000
-56.000000
-52.000000
-40.000000
-56.000000
-72.000000
-16.000000
-60.000000
-36.000000
-32.000000
-44.000000
-44.000000
-28.000000
-64.000000
-44.000000
-44.000000
-40.000000
-28.000000
-48.000000
-24.000000
-64.000000
-40.000000
-12.000000
-16.000000
-28.000000
-44.000000
-48.000000
-28.000000
-32.000000
-40.000000
-20.000000
-68.000000
-32.000000
12.000000
-24.000000
-40.000000
-36.000000
-44.000000
-24.000000
-52.000000
-48.000000
-28.000000
-40.000000
-76.000000
-56.000000
-52.000000
-64.000000
-64.000000
-64.000000
-52.000000
-40.000000
-32.000000
-28.000000
-48.000000
-64.000000
-24.000000
-68.000000
-36.000000
-56.000000
-64.000000
-28.000000
-60.000000
-32.000000
-36.000000
-48.000000
-28.000000
-52.000000
-64.000000
-60.000000
-36.000000
-48.000000
-36.000000
-28.000000
-56.000000
-28.000000
-48.000000
-32.000000
-36.000000
-52.000000
-20.000000
-56.000000
-28.000000
-48.000000
-20.000000
-40.000000
-52.000000
-44.000000
-52.000000
-32.000000
-52.000000
-40.000000
-84.000000
-84.000000
-88.000000
-64.000000
-48.000000
-24.000000
-64.000000
-40.000000
-32.000000
-44.000000
-44.000000
-20.000000
-64.000000
-40.000000
-24.000000
-40.000000
-4.000000
-44.000000
-44.000000
-20.000000
-48.000000
-8.000000
-60.000000
-36.000000
-12.000000
-28.000000
-48.000000
-36.000000
-36.000000
-28.000000
-28.000000
-44.000000
-60.000000
-16.000000
-20.000000
-40.000000
-56.000000
-40.000000
-40.000000
-64.000000
-48.000000
-60.000000
-44.000000
-48.000000
-44.000000
-36.000000
-40.000000
-40.000000
-36.000000
-48.000000
-40.000000
-44.000000
-44.000000
-36.000000
-40.000000
-40.000000
-8.000000
-32.000000
-28.000000
-20.000000
-64.000000
-36.000000
-28.000000
-64.000000
-60.000000
-36.000000
-52.000000
-64.000000
-76.000000
-36.000000
-68.000000
-64.000000
-80.000000
-68.000000
-80.000000
-84.000000
-64.000000
-72.000000
-76.000000
-92.000000
-52.000000
-60.000000
-68.000000
-72.000000
-68.000000
-56.000000
-52.000000
-64.000000
-20.000000
-64.000000
-88.000000
-36.000000
-48.000000
-76.000000
-84.000000
-64.000000
-48.000000
-68.000000
-64.000000
-60.000000
-60.000000
-12.000000
-60.000000
-36.000000
-56.000000
-48.000000
-20.000000
-60.000000
-68.000000
-52.000000
-104.000000
-56.000000
-48.000000
-32.000000
-60.000000
-56.000000
-60.000000
-48.000000
-40.000000
-76.000000
-52.000000
-60.000000
-36.000000
-64.000000
-56.000000
-48.000000
-44.000000
-68.000000
-60.000000
-60.000000
-44.000000
-72.000000
-72.000000
-48.000000
-36.000000
-76.000000
-48.000000
-24.000000
-48.000000
-64.000000
-36.000000
-52.000000
-52.000000
-32.000000
-52.000000
-32.000000
-72.000000
-52.000000
-44.000000
-44.000000
-36.000000
-32.000000
-24.000000
-36.000000
-36.000000
-56.000000
-40.000000
-56.000000
-60.000000
-72.000000
-64.000000
-64.000000
-36.000000
-36.000000
-60.000000
-20.000000
-60.000000
-36.000000
-48.000000
-56.000000
-48.000000
-48.000000
-44.000000
-24.000000
-40.000000
-48.000000
-48.000000
-48.000000
-48.000000
-40.000000
-20.000000
-44.000000
-48.000000
-40.000000
-40.000000
-48.000000
-44.000000
-40.000000
-52.000000
-44.000000
-48.000000
-32.000000
-36.000000
-16.000000
-16.000000
-28.000000
-56.000000
-20.000000
-36.000000
-32.000000
-56.000000
-60.000000
-44.000000
-84.000000
-88.000000
-36.000000
-88.000000
-48.000000
-64.000000
-52.000000
-48.000000
-52.000000
-52.000000
-36.000000
-64.000000
-36.000000
-48.000000
-20.000000
-32.000000
-44.000000
-40.000000
-32.000000
-44.000000
-28.000000
-48.000000
-60.000000
-52.000000
-40.000000
-36.000000
-56.000000
-24.000000
-36.000000
-28.000000
-8.000000
-52.000000
-36.000000
-40.000000
-40.000000
-56.000000
-24.000000
-48.000000
-32.000000
-52.000000
-12.000000
-40.000000
-60.000000
-56.000000
-32.000000
-56.000000
-60.000000
-80.000000
-60.000000
-88.000000
-80.000000
-48.000000
-44.000000
-44.000000
-52.000000
-48.000000
-60.000000
-68.000000
-40.000000
-16.000000
-32.000000
-32.000000
-16.000000
-64.000000
-28.000000
-28.000000
-16.000000
-32.000000
-28.000000
-32.000000
-40.000000
-36.000000
-52.000000
-40.000000
-44.000000
-56.000000
-32.000000
-40.000000
-44.000000
-48.000000
-52.000000
-52.000000
-20.000000
-52.000000
-44.000000
-24.000000
-52.000000
-24.000000
-52.000000
-24.000000
-52.000000
-36.000000
-60.000000
-60.000000
-40.000000
-40.000000
-64.000000
-44.000000
-32.000000
-48.000000
-68.000000
-60.000000
-36.000000
-44.000000
-36.000000
-16.000000
-44.000000
-28.000000
-68.000000
-36.000000
-32.000000
-72.000000
-52.000000
-44.000000
-60.000000
-72.000000
-64.000000
-44.000000
-64.000000
-48.000000
-72.000000
-92.000000
-64.000000
-76.000000
-64.000000
-80.000000
-64.000000
-52.000000
-64.000000
-64.000000
-64.000000
-76.000000
-52.000000
-28.000000
-84.000000
-56.000000
-60.000000
-68.000000
-44.000000
-80.000000
-72.000000
-48.000000
-48.000000
-72.000000
-40.000000
-72.000000
-24.000000
-76.000000
-44.000000
-48.000000
-32.000000
-40.000000
-56.000000
-44.000000
-76.000000
-52.000000
-64.000000
-56.000000
-48.000000
-72.000000
-40.000000
-76.000000
-88.000000
-68.000000
-52.000000
-84.000000
-48.000000
-52.000000
-64.000000
-60.000000
-40.000000
-52.000000
-44.000000
-52.000000
-24.000000
-32.000000
-44.000000
-44.000000
-60.000000
-48.000000
-44.000000
-64.000000
-44.000000
-36.000000
-52.000000
-36.000000
-56.000000
-44.000000
-32.000000
-56.000000
-60.000000
-28.000000
-68.000000
-32.000000
-60.000000
-44.000000
-36.000000
-36.000000
-44.000000
-32.000000
-52.000000
-32.000000
-32.000000
-28.000000
-36.000000
-32.000000
-76.000000
-68.000000
-64.000000
-52.000000
-60.000000
-52.000000
-52.000000
-64.000000
-28.000000
-48.000000
-36.000000
-44.000000
-40.000000
-36.000000
-44.000000
-64.000000
-28.000000
-36.000000
-36.000000
-32.000000
-48.000000
-36.000000
-56.000000
-32.000000
-52.000000
-16.000000
-52.000000
-44.000000
-28.000000
-16.000000
-32.000000
-60.000000
-36.000000
-20.000000
-56.000000
-40.000000
-44.000000
-48.000000
-28.000000
-68.000000
-36.000000
-48.000000
-56.000000
-76.000000
-68.000000
-60.000000
-40.000000
-52.000000
-52.000000
-52.000000
-48.000000
-20.000000
-48.000000
-64.000000
-36.000000
-52.000000
-20.000000
-48.000000
-12.000000
-44.000000
-44.000000
-24.000000
-52.000000
-64.000000
-24.000000
-16.000000
-20.000000
-28.000000
-32.000000
-36.000000
-52.000000
-24.000000
-44.000000
-48.000000
-44.000000
-48.000000
-56.000000
-24.000000
-44.000000
-44.000000
-64.000000
-20.000000
-52.000000
-44.000000
-60.000000
-28.000000
-36.000000
-48.000000
-36.000000
-56.000000
-88.000000
-60.000000
-60.000000
-72.000000
-56.000000
-68.000000
-36.000000
-40.000000
-44.000000
-44.000000
-32.000000
-20.000000
-32.000000
-8.000000
-36.000000
-24.000000
-12.000000
-44.000000
-28.000000
-48.000000
-48.000000
-40.000000
-16.000000
-28.000000
-28.000000
-24.000000
-20.000000
-28.000000
-36.000000
-52.000000
-56.000000
-44.000000
-32.000000
-32.000000
-48.000000
-48.000000
-44.000000
-48.000000
-16.000000
-60.000000
-40.000000
-72.000000
-52.000000
-44.000000
-32.000000
-76.000000
-48.000000
-28.000000
-40.000000
-68.000000
-40.000000
-48.000000
-48.000000
-56.000000
-36.000000
-32.000000
-64.000000
-36.000000
-32.000000
-48.000000
-40.000000
-48.000000
-48.000000
-36.000000
-64.000000
-44.000000
-32.000000
-60.000000
-64.000000
-72.000000
-64.000000
-76.000000
-56.000000
-40.000000
-80.000000
-68.000000
-92.000000
-48.000000
-48.000000
-72.000000
-60.000000
-64.000000
-48.000000
-72.000000
-48.000000
-48.000000
-84.000000
-68.000000
-56.000000
-40.000000
-72.000000
-76.000000
-64.000000
-36.000000
-92.000000
-96.000000
-60.000000
-84.000000
-72.000000
-32.000000
-60.000000
-64.000000
-28.000000
-32.000000
-48.000000
-68.000000
-56.000000
-44.000000
-68.000000
-48.000000
-76.000000
-40.000000
-68.000000
-52.000000
-64.000000
-76.000000
-64.000000
-52.000000
-80.000000
-48.000000
-60.000000
-36.000000
-76.000000
-64.000000
-44.000000
-44.000000
-52.000000
-52.000000
-60.000000
-60.000000
-36.000000
-60.000000
-36.000000
-40.000000
-36.000000
-40.000000
-64.000000
-20.000000
-64.000000
-12.000000
-52.000000
-52.000000
-36.000000
-48.000000
-36.000000
-40.000000
-40.000000
-44.000000
-32.000000
-32.000000
-48.000000
4.000000
-36.000000
-16.000000
-36.000000
-40.000000
-36.000000
-48.000000
-48.000000
-28.000000
-60.000000
-48.000000
-36.000000
-44.000000
-64.000000
-60.000000
-20.000000
-40.000000
-28.000000
-28.000000
-12.000000
-28.000000
-40.000000
-44.000000
-32.000000
-36.000000
-28.000000
-40.000000
-24.000000
-44.000000
-40.000000
-32.000000
-56.000000
-40.000000
-44.000000
-44.000000
-44.000000
-20.000000
-32.000000
-16.000000
-20.000000
-36.000000
-36.000000
-16.000000
-16.000000
-32.000000
-16.000000
-36.000000
-32.000000
-24.000000
-36.000000
-56.000000
-56.000000
-60.000000
-40.000000
-60.000000
-64.000000
-52.000000
-60.000000
-76.000000
-48.000000
-48.000000
-32.000000
-60.000000
-56.000000
-72.000000
-28.000000
-60.000000
-28.000000
-52.000000
-40.000000
-32.000000
-28.000000
-48.000000
-40.000000
-40.000000
-48.000000
-48.000000
-40.000000
-32.000000
-20.000000
-40.000000
-48.000000
-16.000000
-48.000000
-60.000000
-48.000000
-36.000000
-32.000000
-60.000000
-64.000000
-40.000000
-76.000000
-36.000000
-44.000000
-48.000000
-40.000000
-36.000000
-48.000000
-16.000000
-60.000000
-52.000000
-72.000000
-40.000000
-24.000000
-52.000000
-48.000000
-52.000000
-36.000000
-68.000000
-32.000000
-36.000000
-24.000000
-24.000000
-12.000000
-44.000000
-64.000000
-44.000000
-36.000000
-36.000000
-16.000000
-32.000000
-8.000000
-36.000000
-16.000000
-28.000000
-40.000000
-32.000000
-36.000000
-32.000000
-24.000000
-48.000000
-36.000000
-48.000000
-24.000000
-48.000000
-32.000000
-28.000000
-40.000000
-32.000000
-36.000000
-44.000000
-36.000000
-40.000000
-40.000000
-28.000000
-56.000000
-72.000000
-28.000000
-28.000000
-56.000000
-32.000000
-40.000000
-32.000000
-36.000000
-48.000000
-32.000000
0.000000
-24.000000
-12.000000
-52.000000
-32.000000
-36.000000
-28.000000
-20.000000
-44.000000
-60.000000
-48.000000
-28.000000
-60.000000
-52.000000
-68.000000
-60.000000
-48.000000
-64.000000
-56.000000
-40.000000
-76.000000
-76.000000
-36.000000
-68.000000
-84.000000
-88.000000
-56.000000
-60.000000
-60.000000
-92.000000
-60.000000
-68.000000
-80.000000
-48.000000
-88.000000
-80.000000
-48.000000
-56.000000
-48.000000
-72.000000
-48.000000
-52.000000
-60.000000
-92.000000
-48.000000
-60.000000
-24.000000
-28.000000
-36.000000
-64.000000
-20.000000
-60.000000
-60.000000
-56.000000
-16.000000
-36.000000
-52.000000
-68.000000
-40.000000
-64.000000
-76.000000
-60.000000
-84.000000
-64.000000
-52.000000
-80.000000
-60.000000
-64.000000
-44.000000
-36.000000
-20.000000
-36.000000
-52.000000
-40.000000
-56.000000
-40.000000
-36.000000
-76.000000
-64.000000
-72.000000
-48.000000
-64.000000
-36.000000
-52.000000
-64.000000
-48.000000
-48.000000
-44.000000
-44.000000
-32.000000
-60.000000
-48.000000
-36.000000
-56.000000
-24.000000
-28.000000
-28.000000
-52.000000
-44.000000
-48.000000
-60.000000
-32.000000
-68.000000
-72.000000
