488.000000
768.000000
1012.000000
1200.000000
1316.000000
1356.000000
1268.000000
1124.000000
828.000000
488.000000
48.000000
-448.000000
-928.000000
-1340.000000
-1780.000000
-2036.000000
-2248.000000
-2264.000000
-2128.000000
-1844.000000
-1456.000000
-948.000000
-376.000000
236.000000
820.000000
1304.000000
1724.000000
2032.000000
2156.000000
2136.000000
2012.000000
1716.000000
1352.000000
920.000000
440.000000
-20.000000
-456.000000
-872.000000
-1156.000000
-1348.000000
-1388.000000
-1356.000000
-1292.000000
-1076.000000
-864.000000
-628.000000
-368.000000
-168.000000
-44.000000
-8.000000
-4.000000
-28.000000
-40.000000
-40.000000
-24.000000
-20.000000
-36.000000
-32.000000
-36.000000
-36.000000
-24.000000
8.000000
-40.000000
-32.000000
-36.000000
-36.000000
-40.000000
-32.000000
-32.000000
-44.000000
-32.000000
-44.000000
-32.000000
-28.000000
-28.000000
-48.000000
-48.000000
-64.000000
-16.000000
-16.000000
-36.000000
-44.000000
-20.000000
-44.000000
-12.000000
-24.000000
-16.000000
-48.000000
-16.000000
-28.000000
-60.000000
-24.000000
-56.000000
-48.000000
-28.000000
-52.000000
-36.000000
-64.000000
-60.000000
-48.000000
-80.000000
-72.000000
-60.000000
-84.000000
-72.000000
-68.000000
-68.000000
-76.000000
-72.000000
-68.000000
-68.000000
-48.000000
-84.000000
-48.000000
-80.000000
-48.000000
-60.000000
-72.000000
-72.000000
-60.000000
-72.000000
-64.000000
-64.000000
-60.000000
-76.000000
-68.000000
-60.000000
-36.000000
-36.000000
-28.000000
-28.000000
-80.000000
-64.000000
-52.000000
-56.000000
-60.000000
-40.000000
-36.000000
-48.000000
-32.000000
-72.000000
-44.000000
-40.000000
-48.000000
-60.000000
-48.000000
-44.000000
-52.000000
-68.000000
-52.000000
-44.000000
-72.000000
-40.000000
-44.000000
-60.000000
-64.000000
-52.000000
-40.000000
-32.000000
-56.000000
-48.000000
-28.000000
-40.000000
-36.000000
-20.000000
-44.000000
-24.000000
-60.000000
-40.000000
-72.000000
-28.000000
-72.000000
-20.000000
-32.000000
-32.000000
-24.000000
8.000000
-24.000000
-8.000000
12.000000
-64.000000
-48.000000
-40.000000
-44.000000
-28.000000
-56.000000
-40.000000
-28.000000
-44.000000
-44.000000
-44.000000
-40.000000
-64.000000
-44.000000
-32.000000
-52.000000
-44.000000
-24.000000
-28.000000
-36.000000
-32.000000
-12.000000
-32.000000
-20.000000
-32.000000
-32.000000
-16.000000
-12.000000
-36.000000
-12.000000
-16.000000
-16.000000
-32.000000
-56.000000
-20.000000
-28.000000
-20.000000
-8.000000
-4.000000
-24.000000
-32.000000
-8.000000
4.000000
-16.000000
-40.000000
-24.000000
-44.000000
-40.000000
-64.000000
-28.000000
-88.000000
-56.000000
-56.000000
-64.000000
-36.000000
-56.000000
-48.000000
-64.000000
-28.000000
-32.000000
-56.000000
-40.000000
-12.000000
-48.000000
-8.000000
-40.000000
-24.000000
-32.000000
-56.000000
-28.000000
-32.000000
-20.000000
-40.000000
-40.000000
-20.000000
-24.000000
-20.000000
-20.000000
-28.000000
-8.000000
-24.000000
-32.000000
-44.000000
-28.000000
-28.000000
-36.000000
-28.000000
-44.000000
-36.000000
-24.000000
-48.000000
-20.000000
-40.000000
-32.000000
-40.000000
-48.000000
-60.000000
-88.000000
-60.000000
-40.000000
-44.000000
-48.000000
-44.000000
-32.000000
-36.000000
-8.000000
-32.000000
-8.000000
-8.000000
-16.000000
-44.000000
-36.000000
-4.000000
-44.000000
-20.000000
-44.000000
-32.000000
-32.000000
-32.000000
-28.000000
-32.000000
-36.000000
-16.000000
-48.000000
-8.000000
-36.000000
-28.000000
-28.000000
-24.000000
-36.000000
-48.000000
-36.000000
-32.000000
-36.000000
-32.000000
-44.000000
-48.000000
-28.000000
-44.000000
-32.000000
-64.000000
-40.000000
-64.000000
-32.000000
-48.000000
-48.000000
-40.000000
-52.000000
-24.000000
-52.000000
-68.000000
-24.000000
-16.000000
-48.000000
-40.000000
-16.000000
-28.000000
-24.000000
-48.000000
-28.000000
-40.000000
-52.000000
-44.000000
-56.000000
-44.000000
-64.000000
-56.000000
-44.000000
-72.000000
-64.000000
-76.000000
-60.000000
-44.000000
-48.000000
-72.000000
-56.000000
-72.000000
-76.000000
-72.000000
-44.000000
-88.000000
-72.000000
-64.000000
-72.000000
-72.000000
-68.000000
-84.000000
-72.000000
-44.000000
-44.000000
-52.000000
-40.000000
-60.000000
-44.000000
-76.000000
-44.000000
-48.000000
-24.000000
-16.000000
-12.000000
-40.000000
-52.000000
-48.000000
-84.000000
-44.000000
-68.000000
-80.000000
-64.000000
-52.000000
-60.000000
-52.000000
-52.000000
-44.000000
-60.000000
-64.000000
-64.000000
-52.000000
-48.000000
-20.000000
-60.000000
-60.000000
-56.000000
-64.000000
-44.000000
-32.000000
-80.000000
-40.000000
-72.000000
-24.000000
-60.000000
-28.000000
-92.000000
-16.000000
-48.000000
-24.000000
-52.000000
-24.000000
-48.000000
-36.000000
-44.000000
-40.000000
-44.000000
-36.000000
-56.000000
-28.000000
-32.000000
4.000000
-24.000000
-28.000000
-40.000000
-60.000000
-60.000000
-32.000000
-32.000000
-76.000000
-36.000000
-48.000000
-52.000000
-40.000000
-36.000000
-20.000000
-48.000000
-28.000000
-32.000000
-36.000000
-44.000000
-48.000000
-24.000000
-36.000000
-24.000000
-40.000000
-44.000000
-32.000000
-16.000000
-36.000000
-20.000000
-52.000000
-40.000000
-12.000000
-12.000000
-28.000000
-24.000000
-20.000000
-44.000000
-12.000000
-24.000000
-16.000000
4.000000
-28.000000
-16.000000
-24.000000
-16.000000
-20.000000
-48.000000
-24.000000
-48.000000
-40.000000
-36.000000
-24.000000
-44.000000
-72.000000
-64.000000
-68.000000
-36.000000
-48.000000
-28.000000
-32.000000
-20.000000
-52.000000
-12.000000
-36.000000
-16.000000
-48.000000
-16.000000
-12.000000
16.000000
0.000000
-28.000000
-8.000000
-4.000000
-16.000000
-28.000000
-16.000000
-16.000000
-52.000000
-16.000000
-36.000000
-20.000000
-16.000000
-24.000000
-12.000000
-24.000000
-32.000000
-8.000000
-32.000000
-24.000000
-28.000000
-28.000000
-32.000000
-32.000000
-28.000000
-52.000000
-28.000000
-36.000000
-32.000000
-40.000000
-56.000000
-60.000000
-48.000000
-68.000000
-28.000000
-44.000000
-20.000000
0.000000
-16.000000
-12.000000
-20.000000
-4.000000
-8.000000
-16.000000
12.000000
-12.000000
-12.000000
0.000000
0.000000
0.000000
-20.000000
-24.000000
-32.000000
-20.000000
0.000000
-16.000000
-24.000000
-20.000000
-12.000000
-28.000000
-36.000000
-16.000000
-12.000000
-20.000000
-28.000000
0.000000
-36.000000
-36.000000
-28.000000
-32.000000
-24.000000
-44.000000
-36.000000
-32.000000
-32.000000
-20.000000
-32.000000
-44.000000
-24.000000
-36.000000
-28.000000
-40.000000
-28.000000
-28.000000
-28.000000
-40.000000
-24.000000
12.000000
-32.000000
-36.000000
-28.000000
-64.000000
-36.000000
-44.000000
4.000000
-64.000000
-48.000000
-48.000000
-60.000000
-72.000000
-68.000000
-44.000000
-64.000000
-80.000000
-64.000000
-72.000000
-72.000000
-80.000000
-72.000000
-80.000000
-76.000000
-88.000000
-76.000000
-80.000000
-92.000000
-96.000000
-56.000000
-64.000000
-80.000000
-64.000000
-52.000000
-44.000000
-56.000000
-80.000000
-64.000000
-40.000000
-96.000000
-64.000000
-60.000000
-56.000000
-52.000000
-40.000000
-24.000000
-60.000000
-40.000000
-44.000000
-44.000000
-76.000000
-76.000000
-72.000000
-56.000000
-64.000000
-56.000000
-80.000000
-68.000000
-80.000000
-36.000000
-52.000000
-68.000000
-72.000000
-52.000000
-76.000000
-76.000000
-64.000000
-80.000000
-60.000000
-28.000000
-108.000000
-48.000000
-80.000000
-64.000000
-72.000000
-56.000000
-76.000000
-80.000000
-84.000000
-64.000000
-56.000000
-64.000000
-92.000000
-80.000000
-72.000000
-80.000000
-72.000000
-80.000000
-80.000000
-72.000000
-72.000000
-72.000000
-48.000000
-48.000000
-48.000000
-44.000000
-60.000000
-56.000000
-88.000000
-60.000000
-56.000000
-104.000000
-76.000000
-72.000000
-56.000000
-88.000000
-92.000000
-72.000000
-76.000000
-88.000000
-60.000000
-92.000000
-76.000000
-76.000000
-60.000000
-84.000000
-64.000000
-48.000000
-76.000000
-68.000000
-64.000000
-68.000000
-52.000000
-56.000000
-60.000000
-56.000000
-52.000000
-60.000000
-60.000000
-76.000000
-48.000000
-80.000000
-80.000000
-32.000000
-60.000000
-60.000000
-40.000000
-48.000000
-60.000000
-56.000000
-32.000000
-68.000000
-52.000000
-52.000000
-76.000000
-84.000000
-88.000000
-60.000000
-100.000000
-112.000000
-76.000000
-72.000000
-68.000000
-52.000000
-80.000000
-72.000000
-52.000000
-40.000000
-64.000000
-56.000000
-80.000000
-72.000000
-48.000000
-44.000000
-48.000000
-48.000000
-44.000000
-48.000000
-32.000000
-72.000000
-36.000000
-52.000000
-68.000000
-48.000000
-56.000000
-48.000000
-48.000000
-64.000000
-56.000000
-20.000000
-16.000000
-48.000000
-44.000000
-44.000000
-16.000000
-16.000000
-56.000000
-12.000000
-48.000000
-36.000000
-28.000000
-24.000000
-20.000000
-60.000000
-44.000000
-60.000000
-52.000000
-28.000000
-20.000000
-24.000000
0.000000
-8.000000
16.000000
20.000000
32.000000
16.000000
12.000000
4.000000
-12.000000
-16.000000
0.000000
20.000000
12.000000
4.000000
12.000000
12.000000
20.000000
12.000000
8.000000
-8.000000
12.000000
0.000000
-8.000000
16.000000
-16.000000
12.000000
8.000000
8.000000
12.000000
-12.000000
8.000000
0.000000
8.000000
8.000000
0.000000
-8.000000
16.000000
-12.000000
-16.000000
-12.000000
12.000000
-12.000000
4.000000
4.000000
-12.000000
-16.000000
12.000000
24.000000
24.000000
12.000000
4.000000
8.000000
0.000000
24.000000
12.000000
-24.000000
-16.000000
-8.000000
-8.000000
-28.000000
0.000000
-32.000000
-24.000000
-20.000000
-32.000000
-32.000000
-36.000000
-40.000000
-44.000000
-32.000000
-28.000000
-44.000000
-48.000000
-60.000000
-52.000000
-76.000000
-80.000000
-60.000000
-52.000000
-40.000000
-32.000000
-44.000000
-44.000000
-64.000000
-36.000000
-48.000000
-48.000000
-68.000000
-80.000000
-48.000000
-80.000000
-80.000000
-64.000000
-24.000000
-64.000000
-8.000000
-32.000000
-56.000000
-32.000000
-32.000000
-32.000000
-52.000000
-48.000000
-76.000000
-88.000000
-80.000000
-76.000000
-80.000000
-68.000000
-84.000000
-60.000000
-72.000000
-80.000000
-52.000000
-64.000000
-72.000000
-56.000000
-44.000000
-28.000000
-64.000000
-60.000000
-60.000000
-60.000000
-84.000000
-80.000000
-76.000000
-80.000000
-72.000000
-36.000000
-80.000000
-60.000000
-56.000000
-68.000000
-56.000000
-60.000000
-72.000000
-72.000000
-32.000000
-72.000000
-40.000000
-84.000000
-48.000000
-80.000000
-12.000000
-44.000000
-40.000000
-32.000000
-36.000000
-68.000000
-16.000000
-40.000000
-84.000000
-52.000000
-64.000000
-72.000000
-72.000000
-60.000000
-52.000000
-72.000000
-44.000000
-52.000000
-44.000000
-28.000000
-48.000000
-52.000000
-48.000000
-56.000000
-44.000000
-68.000000
-68.000000
-44.000000
-24.000000
-32.000000
-44.000000
-24.000000
-16.000000
-32.000000
-28.000000
-36.000000
-20.000000
-8.000000
-28.000000
-36.000000
-36.000000
-20.000000
-36.000000
-36.000000
-20.000000
-20.000000
-4.000000
-8.000000
-32.000000
-16.000000
4.000000
-52.000000
-64.000000
-64.000000
-80.000000
-60.000000
-56.000000
-80.000000
-44.000000
-36.000000
-20.000000
-36.000000
-52.000000
-52.000000
-8.000000
-68.000000
-24.000000
-24.000000
-20.000000
-20.000000
-44.000000
-8.000000
-20.000000
4.000000
-40.000000
-44.000000
-20.000000
-28.000000
-48.000000
-32.000000
-32.000000
-28.000000
-16.000000
-12.000000
-36.000000
-32.000000
-16.000000
-28.000000
-4.000000
-32.000000
-36.000000
-48.000000
-24.000000
-20.000000
-28.000000
-28.000000
-12.000000
-32.000000
-28.000000
-36.000000
-60.000000
-68.000000
-28.000000
-72.000000
-36.000000
-32.000000
-36.000000
-40.000000
-8.000000
-40.000000
-16.000000
-24.000000
-16.000000
-12.000000
-32.000000
-20.000000
0.000000
-4.000000
-44.000000
-24.000000
-48.000000
-24.000000
-44.000000
-28.000000
-56.000000
-20.000000
-40.000000
-36.000000
-12.000000
-40.000000
-32.000000
-32.000000
-32.000000
-48.000000
-48.000000
-44.000000
-44.000000
-36.000000
-68.000000
-40.000000
-48.000000
-52.000000
-44.000000
-44.000000
-76.000000
-60.000000
-60.000000
-52.000000
-72.000000
-64.000000
-84.000000
-32.000000
-48.000000
-32.000000
-52.000000
-40.000000
-48.000000
-48.000000
-48.000000
-40.000000
-32.000000
-36.000000
-72.000000
-36.000000
-80.000000
-28.000000
-72.000000
-80.000000
-56.000000
-84.000000
-72.000000
-84.000000
-92.000000
-72.000000
-92.000000
-88.000000
-96.000000
-84.000000
-100.000000
-72.000000
-64.000000
-92.000000
-80.000000
-76.000000
-92.000000
-104.000000
-108.000000
-108.000000
-92.000000
-100.000000
-96.000000
-112.000000
-96.000000
-76.000000
-104.000000
-100.000000
-104.000000
-92.000000
-100.000000
-104.000000
-80.000000
-48.000000
-40.000000
-60.000000
-56.000000
-52.000000
-72.000000
-72.000000
-48.000000
-60.000000
-80.000000
-80.000000
-96.000000
-68.000000
-88.000000
-72.000000
-60.000000
-112.000000
-88.000000
-72.000000
-64.000000
-52.000000
-68.000000
-76.000000
-88.000000
-84.000000
-64.000000
-60.000000
-72.000000
-88.000000
-60.000000
-56.000000
-84.000000
-60.000000
-44.000000
-76.000000
-44.000000
-48.000000
-48.000000
-72.000000
-44.000000
-24.000000
-44.000000
-44.000000
-40.000000
-36.000000
-28.000000
-48.000000
-44.000000
-60.000000
-4.000000
-16.000000
0.000000
-40.000000
-16.000000
-32.000000
-32.000000
-36.000000
-60.000000
-36.000000
-56.000000
-32.000000
-28.000000
-40.000000
-36.000000
-40.000000
-32.000000
-32.000000
-32.000000
-24.000000
-24.000000
-28.000000
-24.000000
-32.000000
-24.000000
-32.000000
0.000000
-36.000000
-16.000000
-32.000000
-20.000000
-24.000000
-24.000000
-32.000000
-4.000000
-4.000000
-12.000000
-28.000000
4.000000
-32.000000
-40.000000
-20.000000
-24.000000
-36.000000
-16.000000
-32.000000
16.000000
20.000000
8.000000
12.000000
-24.000000
-24.000000
-48.000000
-52.000000
-76.000000
-28.000000
-64.000000
-52.000000
-56.000000
-32.000000
-48.000000
-24.000000
-32.000000
-28.000000
-20.000000
-44.000000
-4.000000
-36.000000
-16.000000
-28.000000
-36.000000
0.000000
-32.000000
0.000000
-4.000000
-28.000000
-8.000000
-16.000000
-32.000000
-36.000000
-8.000000
-40.000000
-16.000000
-44.000000
-28.000000
-28.000000
-36.000000
-40.000000
-28.000000
-32.000000
-20.000000
-40.000000
-40.000000
-16.000000
-32.000000
-28.000000
-44.000000
-36.000000
-44.000000
-40.000000
-72.000000
-56.000000
-84.000000
-64.000000
-56.000000
-44.000000
-32.000000
-12.000000
-24.000000
-12.000000
-16.000000
-32.000000
0.000000
-4.000000
-24.000000
-28.000000
-16.000000
-32.000000
-44.000000
-28.000000
-36.000000
-16.000000
-44.000000
-28.000000
-28.000000
-24.000000
-24.000000
-36.000000
-48.000000
-20.000000
-40.000000
-28.000000
-20.000000
-32.000000
-20.000000
-36.000000
-32.000000
-48.000000
-36.000000
-16.000000
-56.000000
-28.000000
-36.000000
-32.000000
-28.000000
-60.000000
-48.000000
-32.000000
-44.000000
-20.000000
-56.000000
-80.000000
-36.000000
-32.000000
-40.000000
-44.000000
-12.000000
-64.000000
-12.000000
-24.000000
-16.000000
-28.000000
-44.000000
-56.000000
-32.000000
-40.000000
-36.000000
-52.000000
-52.000000
-60.000000
-68.000000
-52.000000
-48.000000
-52.000000
-60.000000
-84.000000
-64.000000
-48.000000
-64.000000
-44.000000
-48.000000
-84.000000
-84.000000
-52.000000
-40.000000
-48.000000
-84.000000
-40.000000
-56.000000
-64.000000
-44.000000
-64.000000
-68.000000
-48.000000
-52.000000
-72.000000
-72.000000
-64.000000
-60.000000
-44.000000
-60.000000
-28.000000
-28.000000
-20.000000
-28.000000
-24.000000
-56.000000
-48.000000
-60.000000
-40.000000
-48.000000
-80.000000
-52.000000
-40.000000
-40.000000
-56.000000
-72.000000
-92.000000
-92.000000
-48.000000
-12.000000
-68.000000
-80.000000
-60.000000
-52.000000
-76.000000
-48.000000
-68.000000
-32.000000
-44.000000
-60.000000
-52.000000
-56.000000
-28.000000
-60.000000
-44.000000
-56.000000
-48.000000
-44.000000
-24.000000
-64.000000
-56.000000
-52.000000
-56.000000
-12.000000
-48.000000
-44.000000
-44.000000
-32.000000
-52.000000
-28.000000
-28.000000
-16.000000
-20.000000
-48.000000
-32.000000
-44.000000
-52.000000
-44.000000
-56.000000
-20.000000
-56.000000
-56.000000
-44.000000
-68.000000
-60.000000
-44.000000
-52.000000
-44.000000
-48.000000
-48.000000
-36.000000
-36.000000
-40.000000
-52.000000
-28.000000
-24.000000
-52.000000
-40.000000
-40.000000
-28.000000
-32.000000
-36.000000
-40.000000
-32.000000
-24.000000
-28.000000
-32.000000
-12.000000
-36.000000
-52.000000
-8.000000
-28.000000
-32.000000
-36.000000
-24.000000
-36.000000
-44.000000
-48.000000
-16.000000
-16.000000
-52.000000
-76.000000
-52.000000
-76.000000
-76.000000
-80.000000
-32.000000
-56.000000
-52.000000
-40.000000
-64.000000
-48.000000
-40.000000
-56.000000
-24.000000
-52.000000
-40.000000
-48.000000
-8.000000
-52.000000
-52.000000
-8.000000
-20.000000
-40.000000
-72.000000
-20.000000
-48.000000
-44.000000
-36.000000
-68.000000
-24.000000
-44.000000
-32.000000
-20.000000
-24.000000
-32.000000
-24.000000
0.000000
-16.000000
-32.000000
-52.000000
-48.000000
0.000000
-52.000000
-40.000000
-28.000000
-52.000000
-44.000000
-64.000000
-84.000000
-80.000000
-76.000000
-64.000000
-32.000000
-36.000000
-20.000000
-36.000000
-20.000000
-16.000000
-8.000000
-12.000000
-28.000000
-36.000000
-12.000000
-28.000000
-28.000000
-20.000000
-8.000000
-28.000000
-24.000000
-24.000000
-32.000000
-32.000000
-20.000000
-24.000000
-32.000000
-36.000000
-24.000000
-48.000000
-40.000000
-52.000000
-40.000000
-36.000000
-52.000000
-40.000000
-48.000000
-52.000000
-44.000000
-44.000000
-52.000000
-40.000000
-24.000000
-36.000000
-48.000000
-36.000000
-36.000000
-56.000000
-64.000000
-44.000000
-24.000000
-44.000000
-36.000000
-24.000000
-20.000000
-36.000000
-12.000000
-44.000000
-52.000000
-16.000000
-60.000000
-40.000000
-32.000000
-52.000000
-52.000000
-44.000000
-48.000000
-56.000000
-64.000000
-84.000000
-76.000000
-56.000000
-72.000000
-48.000000
-68.000000
-60.000000
-80.000000
-80.000000
-48.000000
-52.000000
-76.000000
-60.000000
-76.000000
-76.000000
-56.000000
-32.000000
-64.000000
-60.000000
-40.000000
-96.000000
-68.000000
-52.000000
-88.000000
-44.000000
-72.000000
-72.000000
-60.000000
-64.000000
-52.000000
-80.000000
-44.000000
-52.000000
-16.000000
-24.000000
-40.000000
-60.000000
-40.000000
-44.000000
-52.000000
-68.000000
-60.000000
-68.000000
-44.000000
-32.000000
-64.000000
-32.000000
-64.000000
-72.000000
-56.000000
-44.000000
-72.000000
-60.000000
-56.000000
-40.000000
-64.000000
-44.000000
-68.000000
-60.000000
-52.000000
-44.000000
-40.000000
-72.000000
-16.000000
-40.000000
-48.000000
-40.000000
-24.000000
-64.000000
-16.000000
-72.000000
-32.000000
-72.000000
-20.000000
-48.000000
-56.000000
-16.000000
-48.000000
-60.000000
-28.000000
-32.000000
-8.000000
0.000000
-28.000000
-40.000000
-28.000000
-40.000000
-48.000000
-56.000000
-48.000000
-52.000000
-56.000000
-68.000000
-28.000000
-48.000000
-32.000000
-40.000000
-72.000000
-44.000000
-48.000000
-36.000000
-32.000000
-36.000000
-68.000000
-16.000000
-44.000000
-48.000000
-36.000000
-24.000000
-24.000000
-32.000000
-40.000000
-28.000000
-12.000000
-52.000000
-56.000000
-32.000000
-44.000000
-16.000000
-32.000000
-24.000000
-20.000000
-48.000000
-28.000000
-24.000000
-32.000000
-24.000000
-44.000000
-32.000000
-32.000000
-44.000000
-44.000000
-52.000000
-64.000000
-100.000000
-88.000000
-64.000000
-88.000000
-56.000000
-32.000000
-76.000000
-56.000000
-64.000000
-48.000000
-48.000000
-24.000000
-48.000000
-44.000000
-40.000000
-40.000000
-24.000000
-36.000000
-32.000000
-40.000000
-44.000000
-24.000000
-40.000000
-44.000000
-36.000000
-36.000000
-36.000000
-56.000000
-48.000000
-16.000000
-36.000000
-44.000000
-28.000000
-40.000000
-28.000000
-44.000000
-48.000000
-44.000000
-52.000000
-48.000000
-52.000000
-36.000000
-72.000000
-36.000000
-48.000000
-64.000000
-36.000000
-68.000000
-84.000000
-56.000000
-32.000000
-64.000000
-52.000000
-28.000000
-24.000000
-64.000000
-28.000000
-24.000000
-20.000000
-16.000000
-16.000000
-12.000000
-16.000000
-24.000000
-28.000000
-24.000000
-16.000000
-16.000000
-16.000000
-16.000000
-8.000000
-4.000000
-28.000000
-16.000000
-36.000000
-28.000000
-20.000000
-16.000000
-24.000000
-16.000000
-32.000000
-16.000000
-48.000000
-40.000000
-32.000000
-24.000000
-36.000000
-36.000000
-28.000000
-52.000000
-36.000000
-36.000000
-40.000000
-24.000000
-32.000000
-36.000000
-28.000000
-56.000000
-36.000000
-12.000000
-4.000000
-44.000000
-28.000000
-28.000000
-8.000000
-28.000000
-36.000000
-12.000000
-48.000000
-40.000000
-52.000000
-12.000000
-52.000000
-56.000000
-56.000000
-24.000000
-56.000000
-48.000000
-80.000000
-60.000000
-52.000000
-80.000000
-80.000000
-60.000000
-80.000000
-64.000000
-68.000000
-60.000000
-60.000000
-44.000000
-56.000000
-48.000000
-72.000000
-64.000000
-68.000000
-36.000000
-36.000000
-56.000000
-68.000000
-64.000000
-40.000000
-88.000000
-80.000000
-40.000000
-64.000000
-36.000000
-80.000000
-64.000000
-60.000000
-16.000000
-28.000000
-20.000000
-52.000000
-32.000000
-72.000000
-60.000000
-80.000000
-64.000000
-28.000000
-12.000000
-48.000000
-60.000000
-44.000000
-44.000000
-52.000000
-80.000000
-60.000000
-56.000000
-48.000000
-44.000000
-48.000000
-64.000000
-88.000000
-60.000000
-48.000000
-44.000000
-96.000000
-60.000000
-68.000000
-48.000000
-32.000000
-60.000000
-68.000000
-44.000000
-36.000000
-28.000000
-12.000000
-72.000000
-44.000000
-44.000000
-32.000000
-32.000000
-68.000000
-36.000000
-20.000000
-40.000000
-44.000000
-44.000000
-28.000000
-16.000000
-36.000000
-36.000000
-40.000000
-68.000000
-36.000000
-52.000000
-44.000000
-44.000000
-60.000000
-44.000000
-40.000000
-56.000000
-28.000000
-60.000000
-48.000000
-24.000000
-32.000000
-24.000000
-40.000000
-52.000000
-32.000000
-8.000000
-16.000000
-64.000000
-16.000000
-60.000000
-40.000000
-28.000000
-28.000000
-32.000000
-32.000000
-16.000000
-32.000000
-28.000000
-24.000000
-44.000000
-24.000000
-24.000000
-24.000000
-16.000000
-12.000000
-16.000000
-44.000000
-24.000000
-28.000000
-36.000000
-52.000000
-24.000000
-44.000000
-68.000000
-32.000000
-72.000000
-72.000000
-76.000000
-48.000000
-56.000000
-60.000000
-36.000000
-52.000000
-20.000000
-52.000000
-36.000000
-52.000000
-20.000000
-52.000000
-44.000000
-8.000000
-40.000000
-16.000000
-40.000000
-44.000000
-44.000000
-32.000000
-20.000000
-28.000000
-28.000000
-12.000000
-28.000000
-44.000000
-24.000000
-40.000000
-28.000000
-20.000000
-16.000000
-24.000000
-32.000000
-24.000000
-44.000000
-24.000000
-32.000000
-64.000000
-64.000000
-56.000000
-64.000000
-44.000000
-64.000000
-44.000000
-44.000000
-60.000000
-44.000000
-32.000000
-20.000000
-36.000000
-12.000000
-20.000000
-24.000000
-40.000000
-28.000000
-32.000000
-16.000000
-40.000000
-12.000000
-60.000000
0.000000
-24.000000
-24.000000
-12.000000
-28.000000
-44.000000
