424.000000
676.000000
968.000000
1160.000000
1288.000000
1360.000000
1316.000000
1208.000000
932.000000
584.000000
176.000000
-308.000000
-780.000000
-1252.000000
-1680.000000
-2000.000000
-2216.000000
-2256.000000
-2184.000000
-1952.000000
-1592.000000
-1116.000000
-564.000000
24.000000
640.000000
1156.000000
1604.000000
1944.000000
2128.000000
2180.000000
2060.000000
1804.000000
1432.000000
1032.000000
560.000000
52.000000
-416.000000
-788.000000
-1104.000000
-1296.000000
-1440.000000
-1464.000000
-1360.000000
-1192.000000
-976.000000
-712.000000
-464.000000
-236.000000
-96.000000
-40.000000
-48.000000
-32.000000
-32.000000
-36.000000
-44.000000
-44.000000
-36.000000
-40.000000
-48.000000
-36.000000
-40.000000
-36.000000
-52.000000
-56.000000
-60.000000
-60.000000
-56.000000
-48.000000
-60.000000
-52.000000
-72.000000
-52.000000
-64.000000
-60.000000
-60.000000
-52.000000
-52.000000
-60.000000
-40.000000
-80.000000
-40.000000
-40.000000
-40.000000
-60.000000
-48.000000
-72.000000
-56.000000
-48.000000
-28.000000
-56.000000
-24.000000
-36.000000
-24.000000
-40.000000
-36.000000
-72.000000
-64.000000
-40.000000
-44.000000
-20.000000
-28.000000
0.000000
-4.000000
-4.000000
-36.000000
-36.000000
-60.000000
-36.000000
-56.000000
-48.000000
-36.000000
-16.000000
-52.000000
-52.000000
-16.000000
-48.000000
-32.000000
-32.000000
-36.000000
-36.000000
-36.000000
-32.000000
-28.000000
-36.000000
-28.000000
-64.000000
-20.000000
-20.000000
-16.000000
-24.000000
-32.000000
-36.000000
-24.000000
-48.000000
-28.000000
-20.000000
-24.000000
-16.000000
-24.000000
-44.000000
-40.000000
-32.000000
-36.000000
-8.000000
-32.000000
-28.000000
-32.000000
-36.000000
0.000000
-12.000000
-40.000000
-28.000000
-52.000000
-60.000000
-40.000000
-52.000000
-36.000000
-60.000000
-52.000000
-52.000000
-36.000000
-68.000000
-20.000000
-52.000000
-40.000000
-16.000000
-40.000000
-40.000000
-36.000000
-32.000000
-56.000000
-40.000000
-24.000000
-32.000000
-24.000000
-48.000000
-40.000000
-32.000000
-8.000000
-28.000000
-20.000000
-24.000000
-20.000000
-48.000000
-24.000000
-32.000000
-8.000000
-36.000000
-4.000000
-32.000000
-40.000000
-20.000000
-28.000000
-16.000000
-32.000000
-40.000000
-40.000000
-40.000000
-40.000000
-60.000000
-48.000000
-72.000000
-44.000000
-60.000000
-48.000000
-48.000000
-52.000000
-24.000000
-8.000000
-16.000000
-24.000000
-32.000000
-4.000000
-12.000000
-4.000000
-16.000000
-20.000000
-8.000000
-16.000000
-20.000000
-28.000000
-12.000000
-20.000000
-40.000000
-16.000000
-8.000000
-40.000000
-28.000000
-44.000000
-28.000000
-36.000000
-8.000000
-28.000000
-28.000000
-16.000000
-20.000000
-12.000000
-28.000000
-16.000000
-32.000000
-36.000000
-36.000000
-16.000000
-48.000000
-32.000000
-32.000000
-36.000000
-52.000000
-24.000000
-44.000000
-44.000000
-72.000000
-52.000000
-28.000000
-28.000000
-32.000000
-16.000000
-16.000000
-24.000000
-20.000000
-24.000000
-36.000000
-32.000000
-24.000000
-44.000000
-24.000000
-72.000000
-28.000000
-36.000000
-52.000000
-64.000000
-68.000000
-56.000000
-72.000000
-48.000000
-40.000000
-48.000000
-64.000000
-44.000000
-56.000000
-60.000000
-52.000000
-44.000000
-72.000000
-80.000000
-72.000000
-40.000000
-72.000000
-76.000000
-56.000000
-60.000000
-68.000000
-72.000000
-80.000000
-84.000000
-76.000000
-60.000000
-68.000000
-68.000000
-48.000000
-56.000000
-32.000000
-24.000000
-36.000000
-20.000000
-48.000000
-36.000000
-40.000000
-40.000000
-72.000000
-56.000000
-68.000000
-36.000000
-60.000000
-44.000000
-60.000000
-32.000000
-48.000000
-40.000000
-88.000000
-52.000000
-56.000000
-60.000000
-48.000000
-20.000000
-32.000000
-52.000000
-32.000000
-64.000000
-28.000000
-32.000000
-60.000000
-28.000000
-36.000000
-48.000000
-44.000000
-64.000000
-16.000000
-36.000000
-36.000000
-60.000000
-16.000000
-56.000000
-8.000000
-52.000000
-36.000000
-40.000000
-32.000000
-28.000000
-8.000000
-20.000000
-36.000000
20.000000
-4.000000
-32.000000
-36.000000
-56.000000
-40.000000
-40.000000
-36.000000
-44.000000
-40.000000
-44.000000
-40.000000
-48.000000
-24.000000
-68.000000
-16.000000
-52.000000
-56.000000
-28.000000
-28.000000
-36.000000
-28.000000
-44.000000
-32.000000
-40.000000
-24.000000
-32.000000
-32.000000
-36.000000
-32.000000
-44.000000
-32.000000
-16.000000
-40.000000
-16.000000
-28.000000
-44.000000
-4.000000
-36.000000
-16.000000
-16.000000
-36.000000
-24.000000
-32.000000
-28.000000
-24.000000
-12.000000
-28.000000
-44.000000
-48.000000
-32.000000
-36.000000
-56.000000
-72.000000
-56.000000
-36.000000
-64.000000
-28.000000
-48.000000
-36.000000
-32.000000
-36.000000
-32.000000
-36.000000
0.000000
-12.000000
0.000000
-28.000000
-28.000000
-24.000000
-8.000000
-24.000000
-48.000000
-56.000000
-4.000000
-48.000000
-40.000000
-24.000000
-36.000000
-28.000000
-20.000000
-48.000000
-16.000000
-44.000000
-64.000000
-28.000000
-52.000000
-40.000000
-32.000000
-20.000000
-48.000000
-28.000000
-32.000000
-48.000000
-36.000000
-32.000000
-40.000000
-44.000000
-40.000000
-44.000000
-36.000000
-48.000000
-36.000000
-32.000000
-24.000000
-32.000000
-28.000000
-48.000000
-32.000000
-20.000000
-36.000000
-16.000000
-16.000000
-4.000000
-32.000000
-20.000000
-28.000000
-4.000000
0.000000
-16.000000
-12.000000
-32.000000
-28.000000
-36.000000
-16.000000
-28.000000
-12.000000
-28.000000
-16.000000
-32.000000
-36.000000
-32.000000
-36.000000
-12.000000
-44.000000
-8.000000
-16.000000
-48.000000
-32.000000
-36.000000
-36.000000
-32.000000
-40.000000
-56.000000
-28.000000
-36.000000
-32.000000
-36.000000
-76.000000
-32.000000
-32.000000
-24.000000
0.000000
-40.000000
-16.000000
-36.000000
-40.000000
-8.000000
-24.000000
-36.000000
-32.000000
-36.000000
-52.000000
-56.000000
-24.000000
-32.000000
-68.000000
-44.000000
-72.000000
-76.000000
-76.000000
-56.000000
-72.000000
-76.000000
-64.000000
-76.000000
-72.000000
-64.000000
-72.000000
-32.000000
-84.000000
-92.000000
-64.000000
-80.000000
-56.000000
-52.000000
-60.000000
-76.000000
-72.000000
-84.000000
-56.000000
-40.000000
-88.000000
-80.000000
-76.000000
-36.000000
-68.000000
-20.000000
-60.000000
-12.000000
-16.000000
-40.000000
-12.000000
-56.000000
-36.000000
-52.000000
-36.000000
-64.000000
-52.000000
-76.000000
-52.000000
-76.000000
-32.000000
-52.000000
-72.000000
-64.000000
-32.000000
-44.000000
-52.000000
-60.000000
-36.000000
0.000000
-56.000000
-48.000000
-56.000000
-24.000000
-36.000000
-52.000000
-60.000000
-32.000000
-56.000000
-24.000000
-40.000000
-44.000000
-44.000000
-44.000000
-28.000000
-60.000000
-28.000000
-40.000000
-44.000000
-24.000000
-36.000000
-28.000000
-32.000000
-24.000000
-48.000000
-12.000000
4.000000
4.000000
4.000000
-24.000000
-16.000000
-36.000000
-36.000000
-28.000000
-72.000000
-48.000000
-28.000000
-48.000000
-24.000000
-52.000000
-12.000000
-28.000000
-24.000000
-44.000000
-28.000000
-28.000000
-48.000000
-28.000000
-36.000000
-24.000000
-52.000000
-28.000000
-28.000000
-48.000000
-12.000000
-28.000000
-12.000000
-32.000000
-20.000000
-12.000000
-28.000000
-28.000000
-20.000000
-40.000000
8.000000
-12.000000
-16.000000
-16.000000
-36.000000
-32.000000
-28.000000
-12.000000
-16.000000
-40.000000
-32.000000
-12.000000
-44.000000
-44.000000
-56.000000
-72.000000
-60.000000
-84.000000
-52.000000
-24.000000
-48.000000
-36.000000
-36.000000
-44.000000
-20.000000
-28.000000
-36.000000
-28.000000
-12.000000
-32.000000
-24.000000
-28.000000
-32.000000
-20.000000
-20.000000
-12.000000
-20.000000
-16.000000
-28.000000
-28.000000
-20.000000
-36.000000
-28.000000
-32.000000
-20.000000
-24.000000
-32.000000
-40.000000
-48.000000
-44.000000
-44.000000
-12.000000
-44.000000
-44.000000
-8.000000
-32.000000
-32.000000
-40.000000
-20.000000
-44.000000
-44.000000
-56.000000
-80.000000
-72.000000
-72.000000
-12.000000
-64.000000
-28.000000
-20.000000
-28.000000
-12.000000
4.000000
-36.000000
0.000000
-12.000000
-8.000000
8.000000
-24.000000
-32.000000
12.000000
-24.000000
-16.000000
-12.000000
-48.000000
12.000000
-56.000000
-40.000000
-4.000000
-20.000000
-36.000000
8.000000
-16.000000
-24.000000
-36.000000
-16.000000
-32.000000
-32.000000
-16.000000
-20.000000
-48.000000
-32.000000
-28.000000
-40.000000
-28.000000
-32.000000
-36.000000
-44.000000
-32.000000
-12.000000
-28.000000
-28.000000
-32.000000
-48.000000
-32.000000
-44.000000
-16.000000
-40.000000
-24.000000
4.000000
-28.000000
-28.000000
-36.000000
12.000000
-16.000000
-52.000000
-32.000000
-52.000000
-48.000000
-52.000000
-52.000000
-48.000000
-72.000000
-60.000000
-72.000000
-40.000000
-48.000000
-60.000000
-48.000000
-56.000000
-60.000000
-44.000000
-72.000000
-44.000000
-92.000000
-56.000000
-64.000000
-28.000000
-64.000000
-72.000000
-60.000000
-36.000000
-80.000000
-48.000000
-48.000000
-84.000000
-68.000000
-88.000000
-60.000000
-60.000000
-48.000000
-76.000000
-60.000000
-44.000000
-40.000000
-44.000000
-8.000000
-28.000000
-48.000000
-52.000000
-28.000000
-48.000000
-68.000000
-64.000000
-32.000000
-28.000000
-44.000000
-88.000000
-60.000000
-52.000000
-76.000000
-40.000000
-76.000000
-32.000000
-44.000000
-76.000000
-52.000000
-48.000000
-28.000000
-36.000000
-68.000000
-52.000000
-56.000000
-48.000000
-48.000000
-48.000000
-100.000000
-52.000000
-44.000000
-52.000000
-36.000000
-40.000000
-40.000000
-52.000000
-32.000000
-48.000000
-48.000000
-48.000000
-44.000000
-44.000000
-28.000000
-28.000000
-32.000000
-28.000000
-12.000000
-16.000000
-4.000000
-12.000000
-36.000000
-56.000000
-24.000000
-48.000000
-52.000000
-40.000000
-32.000000
-40.000000
-44.000000
-72.000000
-24.000000
-40.000000
-44.000000
-24.000000
-48.000000
-28.000000
-36.000000
-24.000000
-28.000000
-44.000000
-40.000000
-20.000000
-20.000000
-68.000000
-44.000000
-68.000000
-24.000000
-24.000000
-16.000000
-28.000000
-36.000000
-44.000000
-4.000000
-28.000000
-28.000000
-24.000000
-16.000000
-28.000000
-52.000000
-36.000000
-32.000000
-28.000000
-20.000000
-8.000000
-28.000000
-8.000000
-72.000000
-48.000000
-60.000000
-60.000000
-64.000000
-44.000000
-48.000000
-36.000000
-48.000000
-32.000000
-48.000000
-48.000000
-12.000000
-44.000000
-20.000000
-36.000000
-24.000000
-52.000000
-12.000000
-4.000000
-40.000000
-40.000000
-68.000000
-32.000000
-32.000000
-20.000000
-36.000000
-20.000000
-24.000000
-36.000000
-20.000000
-40.000000
-52.000000
-12.000000
-20.000000
-36.000000
-12.000000
-40.000000
-12.000000
-48.000000
-40.000000
-36.000000
-32.000000
-48.000000
-36.000000
-52.000000
-52.000000
-44.000000
-32.000000
-40.000000
-40.000000
-36.000000
-48.000000
-36.000000
-28.000000
-48.000000
-12.000000
-28.000000
-44.000000
-4.000000
-12.000000
-24.000000
4.000000
-4.000000
-20.000000
4.000000
-12.000000
-12.000000
-20.000000
-28.000000
-36.000000
4.000000
4.000000
-12.000000
-4.000000
-36.000000
-32.000000
-52.000000
-52.000000
-28.000000
-24.000000
-24.000000
-32.000000
-12.000000
-28.000000
-32.000000
-8.000000
-40.000000
-28.000000
-48.000000
-40.000000
-28.000000
-28.000000
-40.000000
-68.000000
-36.000000
-24.000000
-28.000000
-48.000000
-40.000000
-28.000000
-32.000000
-28.000000
-24.000000
-28.000000
-12.000000
-32.000000
-12.000000
-16.000000
-16.000000
-28.000000
-12.000000
-20.000000
-24.000000
-32.000000
-64.000000
-32.000000
-48.000000
-48.000000
-32.000000
-36.000000
-60.000000
-72.000000
-64.000000
-80.000000
-48.000000
-56.000000
-56.000000
-48.000000
-56.000000
-88.000000
-20.000000
-64.000000
-64.000000
-60.000000
-40.000000
-44.000000
-20.000000
-68.000000
-52.000000
-48.000000
-52.000000
-60.000000
-92.000000
-40.000000
-72.000000
-60.000000
-76.000000
-44.000000
-32.000000
-12.000000
-48.000000
0.000000
-28.000000
-52.000000
-16.000000
-56.000000
-36.000000
-60.000000
-12.000000
-44.000000
-52.000000
-44.000000
-40.000000
-60.000000
-64.000000
-68.000000
-48.000000
-40.000000
-28.000000
-60.000000
-28.000000
-52.000000
-44.000000
-52.000000
-72.000000
-48.000000
-40.000000
-60.000000
-64.000000
-64.000000
-28.000000
-32.000000
-44.000000
-32.000000
-28.000000
-28.000000
-48.000000
-40.000000
-40.000000
-28.000000
-24.000000
-36.000000
-32.000000
-28.000000
-24.000000
-24.000000
-72.000000
-12.000000
-48.000000
-12.000000
-16.000000
-4.000000
-52.000000
-12.000000
-44.000000
-24.000000
-48.000000
-28.000000
-72.000000
-12.000000
-28.000000
-44.000000
-52.000000
-28.000000
-32.000000
-52.000000
-32.000000
-36.000000
-40.000000
-36.000000
-52.000000
-56.000000
-48.000000
-12.000000
-44.000000
-16.000000
-28.000000
-20.000000
-16.000000
-36.000000
-28.000000
-8.000000
-36.000000
-52.000000
-28.000000
-28.000000
-16.000000
-28.000000
-20.000000
-8.000000
-24.000000
-8.000000
-16.000000
-28.000000
-4.000000
-56.000000
-28.000000
-8.000000
-28.000000
-44.000000
-52.000000
-40.000000
-72.000000
-64.000000
-20.000000
-44.000000
-52.000000
-48.000000
-40.000000
-20.000000
-44.000000
-16.000000
-52.000000
-20.000000
-28.000000
4.000000
-20.000000
-44.000000
-24.000000
-40.000000
-40.000000
-32.000000
-36.000000
-24.000000
-24.000000
-8.000000
-48.000000
-40.000000
-60.000000
-20.000000
-28.000000
-40.000000
-12.000000
-32.000000
-28.000000
-24.000000
-12.000000
-32.000000
-32.000000
-36.000000
-36.000000
-20.000000
-52.000000
-40.000000
-12.000000
-28.000000
-48.000000
-36.000000
-72.000000
-80.000000
-48.000000
-72.000000
-48.000000
-8.000000
-40.000000
-28.000000
-28.000000
8.000000
0.000000
-8.000000
-8.000000
-8.000000
-20.000000
-28.000000
-20.000000
-24.000000
-28.000000
0.000000
-12.000000
-16.000000
-8.000000
-44.000000
-12.000000
-12.000000
-12.000000
-28.000000
-24.000000
-28.000000
-44.000000
-12.000000
-12.000000
0.000000
-40.000000
-16.000000
-20.000000
-28.000000
-32.000000
-36.000000
-12.000000
-28.000000
-28.000000
-40.000000
-20.000000
-40.000000
-20.000000
-8.000000
-16.000000
-52.000000
-28.000000
-36.000000
-32.000000
-8.000000
-12.000000
-20.000000
-36.000000
-28.000000
-12.000000
-36.000000
-48.000000
0.000000
-24.000000
-28.000000
-52.000000
-60.000000
-40.000000
-88.000000
-64.000000
-56.000000
-52.000000
-48.000000
-72.000000
-36.000000
-48.000000
-56.000000
-48.000000
-64.000000
-52.000000
-56.000000
-76.000000
-48.000000
-48.000000
-64.000000
-64.000000
-60.000000
-64.000000
-48.000000
-48.000000
-52.000000
-32.000000
-76.000000
-56.000000
-40.000000
-60.000000
-28.000000
-64.000000
-76.000000
-48.000000
-84.000000
-28.000000
-48.000000
-16.000000
-20.000000
-20.000000
-44.000000
-24.000000
-52.000000
-8.000000
-56.000000
-56.000000
-56.000000
-40.000000
-36.000000
-52.000000
-32.000000
-52.000000
-64.000000
-60.000000
-52.000000
-32.000000
-48.000000
-44.000000
-56.000000
-32.000000
-28.000000
-24.000000
-40.000000
-64.000000
-36.000000
-20.000000
-60.000000
-32.000000
-52.000000
-48.000000
-48.000000
-24.000000
-56.000000
-52.000000
-44.000000
-24.000000
-56.000000
-8.000000
-12.000000
-40.000000
-40.000000
-60.000000
-20.000000
-24.000000
-20.000000
-20.000000
-8.000000
-20.000000
-20.000000
-24.000000
-36.000000
-24.000000
-32.000000
-16.000000
-52.000000
-36.000000
-32.000000
-32.000000
-48.000000
-32.000000
-36.000000
-36.000000
-52.000000
-16.000000
-52.000000
-40.000000
-16.000000
-28.000000
-28.000000
-44.000000
-52.000000
-36.000000
-36.000000
-40.000000
-12.000000
-36.000000
-36.000000
-20.000000
-20.000000
-16.000000
-20.000000
-32.000000
-20.000000
-36.000000
0.000000
-12.000000
-36.000000
-24.000000
-32.000000
-48.000000
-12.000000
-36.000000
-8.000000
-12.000000
-12.000000
-20.000000
-44.000000
-64.000000
-48.000000
-68.000000
-36.000000
-44.000000
-64.000000
-52.000000
-52.000000
-36.000000
-48.000000
-64.000000
-44.000000
-44.000000
-36.000000
-24.000000
-28.000000
-36.000000
-36.000000
-24.000000
-44.000000
-24.000000
-44.000000
-20.000000
-12.000000
0.000000
-32.000000
-20.000000
-44.000000
-20.000000
-32.000000
-36.000000
-20.000000
-40.000000
-24.000000
-52.000000
-24.000000
-16.000000
-68.000000
-32.000000
-52.000000
-52.000000
-48.000000
-24.000000
-28.000000
-44.000000
-40.000000
-20.000000
-40.000000
-40.000000
-76.000000
-48.000000
-48.000000
-56.000000
-28.000000
-28.000000
-24.000000
-12.000000
-8.000000
-16.000000
-8.000000
-36.000000
-32.000000
-16.000000
-16.000000
0.000000
-4.000000
-20.000000
-20.000000
-20.000000
-44.000000
-40.000000
-20.000000
-24.000000
-32.000000
-44.000000
-32.000000
-28.000000
0.000000
-28.000000
-12.000000
-24.000000
-20.000000
-12.000000
-16.000000
-8.000000
-24.000000
-8.000000
-32.000000
-28.000000
-12.000000
-36.000000
0.000000
-32.000000
-16.000000
-28.000000
-32.000000
-20.000000
-36.000000
-48.000000
-48.000000
-32.000000
-32.000000
-16.000000
-28.000000
-32.000000
20.000000
-12.000000
-24.000000
-44.000000
-40.000000
-64.000000
-40.000000
-20.000000
-36.000000
-24.000000
-32.000000
-52.000000
-24.000000
-52.000000
-56.000000
-44.000000
-44.000000
-56.000000
-80.000000
-64.000000
-48.000000
-44.000000
-40.000000
-64.000000
-32.000000
-60.000000
-64.000000
-52.000000
-56.000000
-44.000000
-56.000000
-52.000000
-60.000000
-84.000000
-76.000000
-72.000000
-60.000000
-48.000000
-64.000000
-52.000000
-76.000000
-40.000000
-40.000000
-40.000000
-24.000000
-24.000000
-20.000000
-20.000000
-24.000000
-48.000000
-60.000000
-44.000000
-48.000000
-44.000000
-32.000000
-36.000000
-36.000000
-52.000000
-72.000000
-60.000000
-60.000000
-44.000000
-56.000000
-48.000000
-48.000000
-44.000000
-32.000000
-36.000000
-44.000000
-48.000000
-48.000000
-36.000000
-68.000000
-44.000000
-48.000000
-52.000000
-40.000000
-48.000000
-32.000000
-40.000000
-48.000000
-28.000000
-64.000000
-56.000000
-28.000000
-60.000000
-24.000000
-60.000000
-28.000000
-28.000000
-36.000000
-24.000000
-44.000000
-32.000000
8.000000
-28.000000
-28.000000
-24.000000
-52.000000
-12.000000
-48.000000
-32.000000
-40.000000
-68.000000
-32.000000
-32.000000
-44.000000
-32.000000
-40.000000
-44.000000
-40.000000
-52.000000
-36.000000
-28.000000
-36.000000
-32.000000
-24.000000
-20.000000
-36.000000
-44.000000
-32.000000
-28.000000
-44.000000
-16.000000
-16.000000
8.000000
12.000000
-28.000000
-16.000000
-20.000000
-32.000000
-36.000000
-44.000000
-24.000000
4.000000
-28.000000
-40.000000
-36.000000
-32.000000
16.000000
12.000000
-36.000000
-20.000000
-32.000000
-32.000000
-24.000000
-48.000000
-60.000000
-20.000000
-40.000000
-56.000000
-44.000000
-44.000000
-48.000000
-36.000000
-8.000000
-32.000000
-44.000000
-36.000000
-12.000000
-32.000000
-16.000000
-4.000000
-32.000000
-32.000000
-32.000000
-4.000000
-16.000000
-36.000000
-8.000000
-40.000000
-32.000000
-44.000000
-20.000000
-28.000000
-36.000000
-28.000000
-24.000000
-44.000000
-24.000000
-16.000000
-32.000000
-48.000000
-24.000000
-16.000000
-36.000000
-28.000000
-32.000000
-12.000000
-12.000000
-28.000000
-40.000000
-32.000000
-44.000000
-32.000000
-64.000000
-60.000000
-52.000000
-40.000000
-12.000000
0.000000
4.000000
-20.000000
-16.000000
16.000000
12.000000
12.000000
-8.000000
-20.000000
4.000000
-32.000000
4.000000
-16.000000
-24.000000
8.000000
-24.000000
-24.000000
-40.000000
-12.000000
-16.000000
-20.000000
-32.000000
-24.000000
-28.000000
-32.000000
-24.000000
-28.000000
-8.000000
-20.000000
-20.000000
-24.000000
-12.000000
-24.000000
-32.000000
-24.000000
-48.000000
-40.000000
-12.000000
-24.000000
-28.000000
-32.000000
-12.000000
-24.000000
-56.000000
-36.000000
-36.000000
-48.000000
-32.000000
-40.000000
-28.000000
0.000000
-24.000000
-16.000000
-36.000000
-24.000000
-44.000000
-36.000000
-40.000000
-28.000000
-44.000000
-48.000000
-52.000000
-44.000000
-56.000000
-24.000000
-20.000000
-44.000000
-60.000000
-28.000000
-24.000000
-40.000000
-4.000000
-56.000000
-28.000000
-32.000000
-32.000000
-44.000000
-56.000000
-48.000000
-64.000000
-80.000000
-36.000000
-60.000000
-44.000000
-36.000000
-60.000000
-88.000000
-52.000000
-60.000000
-44.000000
-28.000000
-48.000000
-48.000000
-52.000000
-32.000000
-28.000000
-32.000000
-28.000000
-24.000000
-44.000000
-16.000000
-56.000000
-64.000000
-16.000000
-52.000000
-48.000000
-32.000000
-44.000000
-64.000000
-76.000000
-52.000000
-68.000000
-36.000000
-68.000000
-48.000000
-12.000000
-36.000000
-52.000000
-32.000000
-28.000000
-76.000000
-64.000000
-56.000000
-24.000000
-56.000000
-72.000000
-60.000000
-40.000000
-40.000000
-44.000000
-32.000000
-44.000000
-44.000000
-28.000000
-40.000000
-32.000000
-44.000000
-40.000000
-36.000000
-48.000000
-52.000000
-52.000000
-16.000000
-20.000000
-48.000000
-24.000000
0.000000
-44.000000
-48.000000
-32.000000
-24.000000
-60.000000
-40.000000
-48.000000
-44.000000
-24.000000
-36.000000
-48.000000
-40.000000
-20.000000
-32.000000
-36.000000
-28.000000
-24.000000
-36.000000
-32.000000
0.000000
-24.000000
-16.000000
-32.000000
0.000000
-44.000000
-20.000000
-16.000000
-12.000000
-28.000000
-16.000000
-44.000000
-12.000000
-4.000000
-28.000000
-48.000000
-20.000000
-20.000000
-20.000000
-24.000000
-20.000000
-24.000000
0.000000
-40.000000
-40.000000
-12.000000
-32.000000
-28.000000
-56.000000
-40.000000
-32.000000
-56.000000
-44.000000
-48.000000
-56.000000
-32.000000
-52.000000
-36.000000
-36.000000
-40.000000
-40.000000
-16.000000
-32.000000
-32.000000
-16.000000
-36.000000
-16.000000
-28.000000
-28.000000
-16.000000
-20.000000
-36.000000
-32.000000
-16.000000
-60.000000
-36.000000
4.000000
-44.000000
-28.000000
-40.000000
-52.000000
-16.000000
-20.000000
-20.000000
-20.000000
-44.000000
0.000000
-12.000000
-28.000000
-44.000000
-28.000000
-48.000000
-36.000000
-12.000000
-36.000000
-20.000000
-52.000000
-60.000000
-64.000000
-28.000000
-24.000000
-72.000000
-24.000000
-28.000000
-36.000000
-16.000000
-32.000000
-40.000000
-8.000000
0.000000
20.000000
-24.000000
-32.000000
-4.000000
-8.000000
-20.000000
4.000000
-16.000000
-32.000000
-20.000000
-8.000000
-16.000000
-28.000000
-24.000000
-4.000000
-20.000000
-16.000000
0.000000
-16.000000
-12.000000
-32.000000
-36.000000
-12.000000
-20.000000
-32.000000
-24.000000
-16.000000
-36.000000
-32.000000
-44.000000
-40.000000
-28.000000
-60.000000
-12.000000
-48.000000
-32.000000
-32.000000
-32.000000
-12.000000
-36.000000
-28.000000
-28.000000
-48.000000
-16.000000
0.000000
4.000000
-32.000000
-20.000000
-28.000000
-44.000000
-24.000000
-20.000000
-44.000000
-36.000000
-20.000000
-40.000000
-60.000000
-64.000000
-44.000000
-32.000000
-84.000000
-52.000000
-48.000000
-28.000000
-16.000000
-36.000000
-44.000000
-52.000000
-68.000000
-20.000000
-64.000000
-44.000000
-40.000000
-88.000000
-48.000000
-76.000000
-52.000000
-80.000000
-52.000000
-28.000000
-76.000000
-56.000000
-48.000000
-36.000000
-64.000000
