504.000000
760.000000
1008.000000
1224.000000
1304.000000
1372.000000
1268.000000
1116.000000
828.000000
460.000000
16.000000
-500.000000
-968.000000
-1392.000000
-1800.000000
-2072.000000
-2236.000000
-2280.000000
-2132.000000
-1864.000000
-1428.000000
-944.000000
-396.000000
220.000000
824.000000
1308.000000
1724.000000
2000.000000
2156.000000
2164.000000
2000.000000
1708.000000
1360.000000
868.000000
408.000000
-100.000000
-520.000000
-896.000000
-1196.000000
-1316.000000
-1448.000000
-1384.000000
-1264.000000
-1112.000000
-888.000000
-628.000000
-364.000000
-156.000000
-40.000000
0.000000
-32.000000
-48.000000
-24.000000
-52.000000
-8.000000
-52.000000
-48.000000
-44.000000
-48.000000
-52.000000
-52.000000
-60.000000
-36.000000
-28.000000
-60.000000
-52.000000
-52.000000
-24.000000
-36.000000
-36.000000
-28.000000
-44.000000
-40.000000
-36.000000
-32.000000
-64.000000
-32.000000
-44.000000
-12.000000
-36.000000
-32.000000
-28.000000
-44.000000
-48.000000
-32.000000
-28.000000
-8.000000
-24.000000
-36.000000
-20.000000
-40.000000
-28.000000
-32.000000
-20.000000
-36.000000
-32.000000
-28.000000
-32.000000
-28.000000
0.000000
-24.000000
-4.000000
-24.000000
-64.000000
-60.000000
-52.000000
-48.000000
-68.000000
-60.000000
-44.000000
-44.000000
-52.000000
-44.000000
-56.000000
-56.000000
-24.000000
-48.000000
-28.000000
-24.000000
-36.000000
-52.000000
-16.000000
-48.000000
-32.000000
-12.000000
-48.000000
-32.000000
-32.000000
-40.000000
-20.000000
-40.000000
-20.000000
-32.000000
-28.000000
-36.000000
-44.000000
-32.000000
-28.000000
-20.000000
-48.000000
-44.000000
-8.000000
-20.000000
-48.000000
-36.000000
-40.000000
-32.000000
-36.000000
-28.000000
-52.000000
-36.000000
-56.000000
-44.000000
-40.000000
-80.000000
-48.000000
-44.000000
-56.000000
-12.000000
-8.000000
-28.000000
-48.000000
-24.000000
-32.000000
-12.000000
-12.000000
-12.000000
-28.000000
-20.000000
-28.000000
-8.000000
-8.000000
-20.000000
-32.000000
-28.000000
-28.000000
-32.000000
-16.000000
-28.000000
-52.000000
0.000000
-44.000000
-12.000000
-36.000000
-36.000000
-36.000000
-40.000000
-36.000000
-36.000000
-44.000000
-32.000000
-40.000000
-28.000000
-36.000000
-40.000000
-40.000000
-32.000000
-24.000000
-44.000000
-52.000000
-36.000000
-52.000000
-64.000000
-8.000000
-36.000000
-28.000000
-20.000000
-32.000000
-20.000000
-16.000000
-36.000000
-24.000000
-16.000000
-52.000000
-20.000000
-48.000000
-44.000000
-44.000000
-48.000000
-48.000000
-32.000000
-60.000000
-68.000000
-48.000000
-60.000000
-60.000000
-56.000000
-44.000000
-72.000000
-60.000000
-44.000000
-84.000000
-44.000000
-28.000000
-56.000000
-40.000000
-76.000000
-64.000000
-72.000000
-88.000000
-76.000000
-60.000000
-68.000000
-32.000000
-56.000000
-84.000000
-44.000000
-40.000000
-76.000000
-68.000000
-64.000000
-68.000000
-44.000000
-40.000000
-12.000000
-36.000000
-32.000000
-48.000000
-44.000000
-56.000000
-60.000000
-64.000000
-68.000000
-52.000000
-52.000000
-56.000000
-52.000000
-60.000000
-48.000000
-60.000000
-72.000000
-32.000000
-60.000000
-64.000000
-76.000000
-60.000000
-88.000000
-36.000000
-52.000000
-44.000000
-52.000000
-84.000000
-44.000000
-80.000000
-44.000000
-44.000000
-60.000000
-32.000000
-64.000000
-40.000000
-48.000000
-80.000000
-36.000000
-64.000000
-32.000000
-44.000000
-20.000000
-52.000000
-48.000000
-60.000000
0.000000
-32.000000
-12.000000
-12.000000
0.000000
-20.000000
-32.000000
-8.000000
-40.000000
-48.000000
-44.000000
-52.000000
-44.000000
-72.000000
-44.000000
-32.000000
-52.000000
-48.000000
-52.000000
-60.000000
-44.000000
-52.000000
-48.000000
-32.000000
-12.000000
-44.000000
-48.000000
-44.000000
-40.000000
-36.000000
-44.000000
-12.000000
-32.000000
-44.000000
-64.000000
-32.000000
-36.000000
-48.000000
-32.000000
-16.000000
-56.000000
-44.000000
-28.000000
-36.000000
-28.000000
-32.000000
-8.000000
-20.000000
-40.000000
-28.000000
-48.000000
-28.000000
-32.000000
-52.000000
-44.000000
-68.000000
-60.000000
-104.000000
-40.000000
-64.000000
-72.000000
-40.000000
-44.000000
-52.000000
-36.000000
-64.000000
-16.000000
-12.000000
-32.000000
-24.000000
-52.000000
-28.000000
-36.000000
-40.000000
-52.000000
-12.000000
-36.000000
-44.000000
-20.000000
-44.000000
-24.000000
-20.000000
-40.000000
-28.000000
-32.000000
-28.000000
-28.000000
-32.000000
-68.000000
-40.000000
-44.000000
-24.000000
-52.000000
4.000000
-52.000000
-24.000000
-36.000000
-48.000000
-44.000000
-32.000000
-48.000000
-52.000000
-60.000000
-88.000000
-56.000000
-52.000000
-72.000000
-32.000000
-32.000000
-16.000000
-12.000000
4.000000
-12.000000
-20.000000
-40.000000
-20.000000
-28.000000
-8.000000
-52.000000
-28.000000
-44.000000
-12.000000
-28.000000
-24.000000
-12.000000
-12.000000
-20.000000
-52.000000
-24.000000
-20.000000
-36.000000
-20.000000
-32.000000
-24.000000
-28.000000
-24.000000
-48.000000
-44.000000
-36.000000
-36.000000
-16.000000
-60.000000
-48.000000
-40.000000
-32.000000
-52.000000
-24.000000
-28.000000
-32.000000
-40.000000
-48.000000
-40.000000
-28.000000
-64.000000
-36.000000
-44.000000
-24.000000
-52.000000
12.000000
-8.000000
-32.000000
-28.000000
-20.000000
-68.000000
-52.000000
-68.000000
-52.000000
-44.000000
-52.000000
-64.000000
-44.000000
-52.000000
-48.000000
-72.000000
-60.000000
-60.000000
-68.000000
-76.000000
-52.000000
-44.000000
-68.000000
-56.000000
-52.000000
-88.000000
-88.000000
-88.000000
-88.000000
-76.000000
-92.000000
-84.000000
-72.000000
-60.000000
-76.000000
-88.000000
-48.000000
-80.000000
-48.000000
-72.000000
-52.000000
-60.000000
-76.000000
-52.000000
-28.000000
-48.000000
-40.000000
-48.000000
-32.000000
-44.000000
-40.000000
-76.000000
-60.000000
-80.000000
-60.000000
-40.000000
-32.000000
-80.000000
-84.000000
-80.000000
-64.000000
-96.000000
-60.000000
-64.000000
-80.000000
-60.000000
-48.000000
-24.000000
-60.000000
-60.000000
-48.000000
-68.000000
-52.000000
-40.000000
-64.000000
-60.000000
-64.000000
-56.000000
-44.000000
-64.000000
-20.000000
-36.000000
-60.000000
-36.000000
-56.000000
-48.000000
-48.000000
-48.000000
-32.000000
-28.000000
-44.000000
-44.000000
-52.000000
-24.000000
-28.000000
4.000000
-12.000000
-32.000000
-12.000000
-44.000000
-36.000000
-52.000000
-40.000000
-44.000000
-64.000000
-56.000000
-36.000000
-36.000000
-44.000000
-32.000000
-52.000000
-32.000000
-52.000000
-36.000000
-64.000000
-40.000000
-44.000000
-36.000000
-32.000000
-56.000000
-16.000000
-32.000000
-28.000000
-28.000000
-20.000000
-36.000000
-36.000000
0.000000
-32.000000
-44.000000
-16.000000
-44.000000
-52.000000
-28.000000
-28.000000
-20.000000
-28.000000
-48.000000
-36.000000
-32.000000
-28.000000
-24.000000
-16.000000
-36.000000
-36.000000
-40.000000
-64.000000
-88.000000
-72.000000
-36.000000
-60.000000
-80.000000
-76.000000
-56.000000
-40.000000
-24.000000
-48.000000
-28.000000
-28.000000
-52.000000
-32.000000
-56.000000
-36.000000
-36.000000
-32.000000
-36.000000
-44.000000
-48.000000
-28.000000
-44.000000
-24.000000
-20.000000
-20.000000
-32.000000
-24.000000
-40.000000
-36.000000
-36.000000
-44.000000
-16.000000
-28.000000
-44.000000
-24.000000
-52.000000
-40.000000
-4.000000
-36.000000
-52.000000
-28.000000
-48.000000
-28.000000
-48.000000
-52.000000
-48.000000
-48.000000
-52.000000
-76.000000
-76.000000
-44.000000
-28.000000
-48.000000
-32.000000
-28.000000
-44.000000
-44.000000
-12.000000
-8.000000
-12.000000
4.000000
-24.000000
-16.000000
-16.000000
-32.000000
-20.000000
-64.000000
-4.000000
-16.000000
-36.000000
-28.000000
-12.000000
-40.000000
-36.000000
-36.000000
-4.000000
-24.000000
-16.000000
-8.000000
-20.000000
-20.000000
-20.000000
-24.000000
-44.000000
-44.000000
-40.000000
-40.000000
-20.000000
-44.000000
-24.000000
-36.000000
-44.000000
-24.000000
-40.000000
-44.000000
-28.000000
-80.000000
-40.000000
-44.000000
-44.000000
-32.000000
-44.000000
-24.000000
0.000000
-44.000000
-44.000000
-44.000000
-44.000000
-16.000000
-36.000000
-60.000000
-48.000000
-60.000000
-60.000000
-48.000000
-64.000000
-56.000000
-52.000000
-40.000000
-48.000000
-40.000000
-48.000000
-36.000000
-48.000000
-56.000000
-56.000000
-64.000000
-68.000000
-44.000000
-48.000000
-64.000000
-44.000000
-68.000000
-52.000000
-84.000000
-100.000000
-76.000000
-88.000000
-44.000000
-68.000000
-100.000000
-64.000000
-64.000000
-100.000000
-40.000000
-76.000000
-56.000000
-20.000000
-48.000000
-52.000000
-60.000000
-40.000000
-52.000000
-56.000000
-80.000000
-64.000000
-48.000000
-40.000000
-76.000000
-80.000000
-64.000000
-72.000000
-48.000000
-56.000000
-76.000000
-64.000000
-60.000000
-76.000000
-52.000000
-68.000000
-20.000000
-64.000000
-48.000000
-48.000000
-64.000000
-92.000000
-40.000000
-48.000000
-56.000000
-52.000000
-76.000000
-20.000000
-48.000000
-36.000000
-72.000000
-52.000000
-56.000000
-60.000000
-36.000000
-52.000000
-16.000000
-68.000000
-48.000000
-28.000000
-68.000000
-48.000000
-28.000000
-12.000000
-16.000000
-24.000000
-20.000000
-40.000000
-60.000000
-32.000000
-56.000000
-52.000000
-44.000000
-64.000000
-68.000000
-44.000000
-60.000000
-52.000000
-32.000000
-48.000000
-32.000000
-40.000000
-24.000000
-28.000000
-32.000000
-48.000000
-28.000000
-24.000000
-32.000000
-24.000000
-16.000000
-44.000000
-28.000000
-20.000000
-36.000000
-28.000000
-20.000000
-44.000000
-52.000000
-52.000000
-20.000000
-20.000000
-24.000000
-16.000000
-32.000000
-32.000000
-24.000000
-28.000000
-28.000000
-12.000000
-48.000000
-16.000000
-20.000000
-52.000000
-60.000000
-48.000000
-76.000000
-60.000000
-40.000000
-100.000000
-56.000000
-40.000000
-72.000000
-32.000000
-20.000000
-60.000000
-32.000000
-32.000000
-28.000000
-8.000000
-16.000000
-52.000000
-48.000000
-16.000000
-28.000000
-28.000000
-24.000000
-44.000000
-20.000000
-44.000000
-48.000000
-28.000000
-28.000000
-64.000000
-40.000000
-56.000000
-40.000000
-36.000000
-28.000000
-84.000000
-16.000000
-52.000000
-56.000000
-40.000000
-32.000000
-52.000000
-32.000000
-44.000000
-56.000000
-60.000000
-72.000000
-56.000000
-64.000000
-80.000000
-68.000000
-48.000000
-56.000000
-44.000000
-52.000000
-20.000000
-20.000000
-20.000000
-24.000000
0.000000
-20.000000
-16.000000
-8.000000
-16.000000
-28.000000
-4.000000
-20.000000
-12.000000
-44.000000
0.000000
-44.000000
-32.000000
-28.000000
-28.000000
-12.000000
-32.000000
-36.000000
-32.000000
-28.000000
-20.000000
-36.000000
-32.000000
-28.000000
-8.000000
-32.000000
-48.000000
-20.000000
-44.000000
-36.000000
-20.000000
-56.000000
-44.000000
-48.000000
-32.000000
-36.000000
-36.000000
-36.000000
-28.000000
-68.000000
-24.000000
-36.000000
-44.000000
-52.000000
-28.000000
-16.000000
-16.000000
-28.000000
-16.000000
-32.000000
-52.000000
-52.000000
-36.000000
-56.000000
-44.000000
-72.000000
-64.000000
-64.000000
-76.000000
-68.000000
-60.000000
-24.000000
-28.000000
-84.000000
-64.000000
-64.000000
-76.000000
-76.000000
-92.000000
-64.000000
-64.000000
-92.000000
-52.000000
-84.000000
-88.000000
-72.000000
-80.000000
-80.000000
-68.000000
-72.000000
-80.000000
-48.000000
-84.000000
-88.000000
-52.000000
-80.000000
-60.000000
-40.000000
-68.000000
-36.000000
-24.000000
-32.000000
-32.000000
-28.000000
-44.000000
-68.000000
-44.000000
-60.000000
-44.000000
-60.000000
-32.000000
-60.000000
-52.000000
-60.000000
-72.000000
-56.000000
-60.000000
-40.000000
-48.000000
-52.000000
-76.000000
-40.000000
-60.000000
-36.000000
-52.000000
-64.000000
-48.000000
-52.000000
-56.000000
-84.000000
-32.000000
-32.000000
-60.000000
-8.000000
-56.000000
-72.000000
-20.000000
-60.000000
-32.000000
-48.000000
-40.000000
-48.000000
-40.000000
-68.000000
-64.000000
-36.000000
-36.000000
-40.000000
-12.000000
12.000000
-36.000000
-20.000000
-20.000000
-60.000000
-24.000000
-56.000000
-40.000000
-60.000000
-16.000000
-56.000000
-32.000000
-48.000000
-64.000000
-36.000000
-56.000000
-40.000000
-40.000000
-32.000000
-56.000000
-36.000000
-52.000000
-8.000000
-60.000000
-40.000000
-32.000000
-24.000000
-48.000000
-48.000000
-40.000000
-40.000000
-32.000000
-44.000000
-64.000000
-32.000000
-40.000000
-36.000000
-36.000000
-16.000000
-44.000000
-36.000000
-20.000000
-28.000000
-12.000000
-48.000000
-32.000000
-28.000000
-36.000000
-36.000000
-40.000000
-40.000000
-60.000000
-52.000000
-68.000000
-48.000000
-48.000000
-84.000000
-80.000000
-56.000000
-52.000000
-32.000000
-48.000000
-32.000000
-64.000000
-36.000000
-48.000000
-28.000000
-28.000000
-12.000000
-16.000000
-28.000000
-76.000000
-32.000000
-32.000000
-68.000000
-16.000000
-16.000000
-36.000000
-28.000000
-24.000000
-32.000000
-16.000000
-32.000000
-24.000000
-56.000000
-36.000000
-36.000000
-40.000000
-48.000000
-32.000000
-36.000000
-36.000000
-24.000000
-40.000000
-40.000000
-40.000000
-28.000000
-28.000000
-56.000000
-24.000000
-80.000000
-88.000000
-76.000000
-64.000000
-44.000000
-36.000000
-40.000000
-36.000000
-16.000000
-12.000000
-44.000000
-32.000000
-28.000000
-20.000000
-8.000000
-16.000000
-24.000000
-16.000000
-20.000000
-32.000000
-4.000000
-20.000000
-24.000000
-28.000000
-44.000000
-28.000000
-32.000000
-32.000000
4.000000
-36.000000
-24.000000
-36.000000
-28.000000
-20.000000
-28.000000
-24.000000
-28.000000
-36.000000
-8.000000
-52.000000
-52.000000
-28.000000
-32.000000
-20.000000
-32.000000
-48.000000
-32.000000
-32.000000
-44.000000
-40.000000
-68.000000
-24.000000
-44.000000
-48.000000
-16.000000
-28.000000
-36.000000
-20.000000
-24.000000
-36.000000
-28.000000
-28.000000
-28.000000
-36.000000
-24.000000
-72.000000
-52.000000
-24.000000
-52.000000
-44.000000
-56.000000
-64.000000
-60.000000
-52.000000
-56.000000
-72.000000
-52.000000
-76.000000
-80.000000
-60.000000
-64.000000
-68.000000
-64.000000
-88.000000
-80.000000
-72.000000
-52.000000
-76.000000
-64.000000
-68.000000
-76.000000
-64.000000
-64.000000
-84.000000
-64.000000
-56.000000
-80.000000
-48.000000
-68.000000
-88.000000
-60.000000
-24.000000
-44.000000
-16.000000
-24.000000
-40.000000
-52.000000
-48.000000
-48.000000
-84.000000
-72.000000
-36.000000
-56.000000
-44.000000
-44.000000
-64.000000
-52.000000
-72.000000
-60.000000
-36.000000
-40.000000
-60.000000
-52.000000
-64.000000
-36.000000
-64.000000
-64.000000
-36.000000
-40.000000
-72.000000
-36.000000
-84.000000
-76.000000
-72.000000
-48.000000
-48.000000
-52.000000
-92.000000
-36.000000
-48.000000
-28.000000
-60.000000
-52.000000
-52.000000
-36.000000
-36.000000
-52.000000
-72.000000
-28.000000
-44.000000
-32.000000
4.000000
-16.000000
-12.000000
-16.000000
-28.000000
-16.000000
-52.000000
-56.000000
-36.000000
-56.000000
-44.000000
-56.000000
-28.000000
-24.000000
-48.000000
-40.000000
-44.000000
-44.000000
-12.000000
-32.000000
-44.000000
-4.000000
-40.000000
-52.000000
-24.000000
-40.000000
-36.000000
-36.000000
-48.000000
-32.000000
-40.000000
-32.000000
-36.000000
-52.000000
-40.000000
-28.000000
-28.000000
-28.000000
-68.000000
-52.000000
-44.000000
-16.000000
-40.000000
-40.000000
-36.000000
-32.000000
-16.000000
-44.000000
-16.000000
-36.000000
-40.000000
-72.000000
-48.000000
-72.000000
-64.000000
-28.000000
-56.000000
-72.000000
-64.000000
-60.000000
-44.000000
-56.000000
-48.000000
-64.000000
-48.000000
-32.000000
-28.000000
-24.000000
-48.000000
-64.000000
-20.000000
-20.000000
-28.000000
-48.000000
-36.000000
-44.000000
-40.000000
-40.000000
-32.000000
-48.000000
-48.000000
-24.000000
-32.000000
-24.000000
-20.000000
-28.000000
-48.000000
-52.000000
-48.000000
-60.000000
-40.000000
-52.000000
-40.000000
-60.000000
-56.000000
-20.000000
-56.000000
-80.000000
-44.000000
-64.000000
-100.000000
-68.000000
-44.000000
-48.000000
-52.000000
-32.000000
-44.000000
12.000000
-8.000000
-36.000000
-16.000000
-28.000000
-16.000000
-16.000000
-16.000000
-48.000000
-20.000000
-56.000000
-36.000000
-36.000000
-36.000000
-32.000000
-44.000000
-24.000000
-20.000000
-44.000000
-48.000000
-24.000000
-32.000000
-36.000000
-24.000000
-16.000000
-40.000000
-40.000000
-56.000000
-16.000000
-36.000000
-28.000000
-20.000000
-44.000000
-32.000000
-44.000000
-40.000000
-40.000000
-28.000000
-44.000000
-52.000000
-44.000000
-64.000000
-52.000000
-32.000000
-56.000000
-24.000000
-28.000000
-44.000000
-28.000000
-20.000000
-12.000000
-44.000000
-28.000000
-32.000000
-68.000000
-52.000000
-24.000000
-48.000000
-52.000000
-32.000000
-52.000000
-48.000000
-52.000000
-60.000000
-64.000000
-80.000000
-36.000000
4.000000
-84.000000
-84.000000
-76.000000
-76.000000
-80.000000
-80.000000
-80.000000
-80.000000
-48.000000
-68.000000
-76.000000
-84.000000
-88.000000
-76.000000
-52.000000
-64.000000
-92.000000
-48.000000
-72.000000
-88.000000
-44.000000
-76.000000
-44.000000
-80.000000
-60.000000
-28.000000
-20.000000
-20.000000
-52.000000
-32.000000
-56.000000
-36.000000
-52.000000
-68.000000
-68.000000
-76.000000
-72.000000
-40.000000
-48.000000
-76.000000
-80.000000
-76.000000
-40.000000
-24.000000
-60.000000
-48.000000
-76.000000
-28.000000
-44.000000
-60.000000
-28.000000
-80.000000
-52.000000
-40.000000
-60.000000
-44.000000
-60.000000
-76.000000
-36.000000
-24.000000
-80.000000
-44.000000
-48.000000
-60.000000
-36.000000
-44.000000
-40.000000
-56.000000
-12.000000
-44.000000
-24.000000
-44.000000
-36.000000
-48.000000
-24.000000
-24.000000
-44.000000
-8.000000
0.000000
-20.000000
-48.000000
-44.000000
-20.000000
-64.000000
-28.000000
-36.000000
-52.000000
-40.000000
-40.000000
-52.000000
-48.000000
-28.000000
-52.000000
-44.000000
-64.000000
-52.000000
-44.000000
-48.000000
-32.000000
-64.000000
-44.000000
-40.000000
-48.000000
-32.000000
-36.000000
-44.000000
-48.000000
-36.000000
-68.000000
-12.000000
-28.000000
-32.000000
-44.000000
-36.000000
-32.000000
-44.000000
-48.000000
-32.000000
-44.000000
-36.000000
-28.000000
-36.000000
-12.000000
12.000000
-32.000000
-48.000000
-80.000000
-88.000000
-60.000000
-64.000000
-44.000000
-84.000000
-56.000000
-48.000000
-56.000000
-52.000000
-40.000000
-44.000000
-48.000000
-24.000000
-44.000000
-32.000000
-40.000000
-40.000000
-44.000000
-20.000000
-32.000000
-48.000000
-56.000000
-32.000000
-48.000000
-64.000000
-56.000000
-12.000000
-28.000000
-44.000000
-52.000000
-40.000000
-28.000000
-52.000000
-28.000000
-44.000000
-48.000000
-44.000000
-52.000000
-56.000000
-32.000000
-40.000000
-48.000000
-20.000000
-44.000000
-44.000000
-36.000000
-52.000000
-72.000000
-48.000000
-60.000000
-64.000000
-44.000000
-36.000000
-52.000000
-36.000000
-36.000000
-32.000000
-36.000000
-56.000000
-52.000000
-32.000000
-28.000000
-16.000000
-12.000000
-12.000000
-20.000000
-36.000000
-32.000000
-28.000000
-8.000000
-36.000000
-28.000000
-32.000000
-28.000000
-32.000000
-8.000000
-28.000000
-56.000000
-24.000000
-24.000000
-40.000000
-40.000000
-44.000000
-36.000000
-20.000000
-28.000000
-32.000000
-20.000000
-40.000000
-28.000000
-20.000000
-36.000000
-32.000000
-24.000000
-48.000000
-56.000000
-16.000000
-36.000000
-36.000000
-24.000000
-52.000000
-32.000000
-24.000000
-40.000000
-52.000000
-12.000000
-44.000000
-40.000000
-40.000000
-48.000000
-32.000000
-28.000000
-44.000000
-48.000000
-48.000000
-44.000000
-64.000000
-64.000000
-72.000000
-60.000000
-40.000000
-92.000000
-60.000000
-64.000000
-84.000000
-80.000000
-84.000000
-68.000000
-52.000000
-56.000000
-48.000000
-80.000000
-64.000000
-36.000000
-80.000000
-88.000000
-44.000000
-68.000000
-44.000000
-40.000000
-36.000000
-64.000000
-44.000000
-64.000000
-52.000000
-80.000000
-76.000000
-80.000000
-28.000000
-20.000000
-56.000000
-24.000000
-52.000000
-40.000000
-64.000000
-20.000000
-80.000000
-48.000000
-56.000000
-76.000000
-64.000000
-64.000000
-40.000000
-36.000000
-68.000000
-44.000000
-64.000000
-64.000000
-60.000000
-60.000000
-48.000000
-40.000000
-48.000000
-28.000000
-88.000000
-56.000000
-60.000000
-68.000000
-52.000000
-48.000000
-88.000000
-8.000000
-64.000000
-80.000000
-16.000000
-32.000000
-44.000000
-32.000000
-52.000000
-48.000000
-8.000000
-76.000000
-32.000000
-16.000000
-48.000000
-32.000000
-64.000000
-20.000000
-16.000000
-32.000000
-28.000000
-44.000000
-48.000000
-48.000000
-36.000000
-36.000000
-52.000000
-76.000000
-56.000000
-28.000000
-56.000000
-48.000000
-52.000000
-56.000000
-32.000000
-36.000000
-52.000000
-36.000000
-36.000000
-56.000000
-32.000000
-24.000000
-48.000000
-44.000000
-24.000000
-36.000000
-44.000000
-24.000000
-16.000000
-32.000000
-36.000000
-48.000000
-28.000000
-48.000000
-28.000000
-40.000000
-24.000000
-16.000000
-32.000000
-40.000000
-32.000000
-12.000000
8.000000
-16.000000
-28.000000
-28.000000
-4.000000
-64.000000
-32.000000
-72.000000
-88.000000
-52.000000
-44.000000
-76.000000
-56.000000
-64.000000
-28.000000
-64.000000
-28.000000
-44.000000
-36.000000
-68.000000
-64.000000
-36.000000
-52.000000
-16.000000
-40.000000
-28.000000
-36.000000
-32.000000
-28.000000
-48.000000
-32.000000
-24.000000
-48.000000
-32.000000
-40.000000
-36.000000
-52.000000
-16.000000
-36.000000
-36.000000
-56.000000
-28.000000
-48.000000
-56.000000
-32.000000
-36.000000
-52.000000
-12.000000
-48.000000
-40.000000
-44.000000
-44.000000
-32.000000
-32.000000
-44.000000
-36.000000
-52.000000
-72.000000
-56.000000
-24.000000
-44.000000
-40.000000
-24.000000
-24.000000
-28.000000
-28.000000
4.000000
-32.000000
-16.000000
-20.000000
-40.000000
-28.000000
-44.000000
-32.000000
-36.000000
-48.000000
-20.000000
-40.000000
-12.000000
-20.000000
-20.000000
-12.000000
-24.000000
-20.000000
-32.000000
-44.000000
-32.000000
-32.000000
-36.000000
-32.000000
-36.000000
-36.000000
-32.000000
-52.000000
-48.000000
-16.000000
-52.000000
-20.000000
-44.000000
-44.000000
-16.000000
-28.000000
-64.000000
-44.000000
-60.000000
-44.000000
-44.000000
-48.000000
-48.000000
-52.000000
-32.000000
-32.000000
-12.000000
-64.000000
-44.000000
-12.000000
-60.000000
-4.000000
-48.000000
-56.000000
-32.000000
-48.000000
-72.000000
-56.000000
-60.000000
-56.000000
-48.000000
-72.000000
-72.000000
-64.000000
-64.000000
-60.000000
-44.000000
-92.000000
-76.000000
-44.000000
-48.000000
-92.000000
-44.000000
-88.000000
-76.000000
-56.000000
-76.000000
-64.000000
-60.000000
-60.000000
-48.000000
-88.000000
-32.000000
-88.000000
-60.000000
-80.000000
-52.000000
-72.000000
-32.000000
-68.000000
-36.000000
-32.000000
-36.000000
-44.000000
-48.000000
-52.000000
-64.000000
-60.000000
-36.000000
-56.000000
-44.000000
-44.000000
-84.000000
-52.000000
-68.000000
-72.000000
-32.000000
-44.000000
-52.000000
-56.000000
-88.000000
-36.000000
-52.000000
-60.000000
-52.000000
-60.000000
-64.000000
-56.000000
-48.000000
-60.000000
-80.000000
-16.000000
-48.000000
-24.000000
-16.000000
-80.000000
-48.000000
-40.000000
-36.000000
-48.000000
-72.000000
-44.000000
-32.000000
-48.000000
-36.000000
