624.000000
916.000000
1088.000000
1256.000000
1324.000000
1316.000000
1156.000000
956.000000
660.000000
204.000000
-248.000000
-732.000000
-1240.000000
-1640.000000
-1964.000000
-2172.000000
-2300.000000
-2208.000000
-2008.000000
-1612.000000
-1196.000000
-616.000000
-56.000000
544.000000
1096.000000
1560.000000
1916.000000
2116.000000
2188.000000
2124.000000
1892.000000
1544.000000
1112.000000
648.000000
148.000000
-312.000000
-748.000000
-1048.000000
-1276.000000
-1416.000000
-1428.000000
-1352.000000
-1208.000000
-988.000000
-756.000000
-476.000000
-228.000000
-88.000000
-32.000000
-24.000000
-44.000000
-40.000000
-40.000000
-36.000000
-48.000000
-44.000000
-12.000000
-32.000000
-32.000000
-24.000000
-52.000000
-36.000000
-32.000000
-44.000000
-40.000000
-20.000000
-36.000000
-20.000000
-28.000000
-32.000000
-20.000000
-32.000000
-28.000000
-44.000000
-16.000000
-20.000000
-36.000000
-16.000000
-28.000000
-36.000000
-16.000000
-44.000000
-56.000000
-48.000000
-8.000000
-60.000000
-40.000000
-40.000000
-28.000000
-48.000000
-40.000000
-56.000000
-44.000000
-56.000000
-24.000000
-44.000000
-32.000000
-24.000000
-40.000000
-48.000000
-20.000000
-36.000000
-28.000000
-12.000000
-36.000000
-52.000000
-8.000000
-36.000000
-24.000000
-28.000000
-44.000000
-40.000000
-44.000000
-40.000000
-32.000000
-24.000000
-24.000000
-48.000000
-32.000000
-32.000000
-24.000000
-40.000000
-24.000000
-28.000000
-40.000000
-32.000000
-16.000000
-40.000000
-40.000000
-52.000000
-84.000000
-80.000000
-52.000000
-48.000000
-20.000000
-52.000000
-12.000000
-32.000000
-28.000000
-12.000000
-4.000000
-8.000000
-4.000000
-16.000000
-20.000000
-16.000000
-16.000000
-16.000000
-28.000000
-8.000000
-16.000000
-24.000000
-20.000000
-8.000000
-20.000000
-24.000000
-24.000000
-32.000000
-60.000000
-20.000000
-44.000000
-28.000000
-48.000000
-36.000000
-32.000000
-44.000000
-8.000000
-28.000000
-32.000000
-28.000000
-52.000000
-36.000000
-32.000000
-40.000000
-60.000000
-44.000000
-24.000000
-32.000000
-48.000000
-32.000000
-48.000000
-40.000000
-16.000000
-48.000000
-44.000000
-32.000000
-32.000000
-32.000000
-24.000000
-16.000000
-24.000000
-32.000000
-48.000000
-8.000000
-36.000000
-32.000000
-40.000000
-48.000000
-64.000000
-72.000000
-64.000000
-52.000000
-84.000000
-56.000000
-52.000000
-56.000000
-40.000000
-72.000000
-44.000000
-64.000000
-56.000000
-80.000000
-72.000000
-44.000000
-20.000000
-56.000000
-56.000000
-76.000000
-64.000000
-80.000000
-80.000000
-60.000000
-64.000000
-68.000000
-84.000000
-92.000000
-48.000000
-56.000000
-60.000000
-72.000000
-40.000000
4.000000
-20.000000
-44.000000
-28.000000
-44.000000
-64.000000
-56.000000
-76.000000
-52.000000
-72.000000
-56.000000
-56.000000
-68.000000
-60.000000
-56.000000
-52.000000
-60.000000
-84.000000
-52.000000
-64.000000
-44.000000
-52.000000
-84.000000
-48.000000
-24.000000
-48.000000
-68.000000
-68.000000
-44.000000
-44.000000
-24.000000
-60.000000
-64.000000
-44.000000
-44.000000
-52.000000
-44.000000
-20.000000
-48.000000
-8.000000
-48.000000
-40.000000
-48.000000
-48.000000
-40.000000
-28.000000
-48.000000
-40.000000
-24.000000
-32.000000
-4.000000
16.000000
-32.000000
-28.000000
-36.000000
-36.000000
-60.000000
-68.000000
-40.000000
-44.000000
-44.000000
-48.000000
-76.000000
-32.000000
-60.000000
-52.000000
-40.000000
-40.000000
-52.000000
-52.000000
-24.000000
-60.000000
-48.000000
-28.000000
-16.000000
-16.000000
-28.000000
-24.000000
-16.000000
-32.000000
-32.000000
-28.000000
-28.000000
-28.000000
-32.000000
-12.000000
-16.000000
-36.000000
-24.000000
-24.000000
-28.000000
-20.000000
4.000000
-20.000000
-12.000000
-24.000000
-20.000000
-44.000000
-48.000000
-28.000000
-40.000000
-36.000000
-52.000000
-48.000000
-76.000000
-56.000000
-52.000000
-36.000000
-64.000000
-56.000000
-32.000000
-32.000000
-52.000000
-24.000000
-32.000000
-28.000000
-36.000000
-32.000000
-60.000000
-20.000000
-56.000000
-8.000000
-20.000000
-28.000000
-16.000000
-32.000000
-12.000000
-8.000000
-48.000000
-4.000000
-32.000000
-40.000000
-52.000000
-8.000000
-32.000000
-32.000000
-28.000000
-44.000000
-28.000000
-28.000000
-48.000000
-32.000000
-40.000000
-44.000000
-16.000000
-16.000000
-28.000000
-36.000000
-36.000000
-88.000000
-44.000000
-52.000000
-52.000000
-48.000000
-32.000000
-28.000000
-16.000000
-8.000000
-8.000000
16.000000
-4.000000
-20.000000
-12.000000
12.000000
-4.000000
4.000000
-44.000000
-12.000000
-40.000000
0.000000
-44.000000
-20.000000
-28.000000
-32.000000
-44.000000
-16.000000
-28.000000
-28.000000
-40.000000
-24.000000
-28.000000
-28.000000
-44.000000
-24.000000
-36.000000
-32.000000
-44.000000
-56.000000
-20.000000
-40.000000
-28.000000
-24.000000
-40.000000
-48.000000
-24.000000
-28.000000
-40.000000
-32.000000
-24.000000
-48.000000
-32.000000
-40.000000
-36.000000
-48.000000
-8.000000
-16.000000
-44.000000
-32.000000
-20.000000
-4.000000
-36.000000
-8.000000
-40.000000
-44.000000
-52.000000
-28.000000
-60.000000
-56.000000
-68.000000
-48.000000
-48.000000
-64.000000
-64.000000
-80.000000
-80.000000
-68.000000
-64.000000
-52.000000
-76.000000
-92.000000
-56.000000
-80.000000
-84.000000
-60.000000
-60.000000
-52.000000
-68.000000
-64.000000
-56.000000
-76.000000
-68.000000
-56.000000
-72.000000
-60.000000
-60.000000
-56.000000
-64.000000
-60.000000
-64.000000
-32.000000
-44.000000
-40.000000
-44.000000
-48.000000
-20.000000
-68.000000
-56.000000
-36.000000
-48.000000
-44.000000
-52.000000
-52.000000
-52.000000
-60.000000
-48.000000
-60.000000
-60.000000
-76.000000
-52.000000
-64.000000
-52.000000
-64.000000
-64.000000
-64.000000
-52.000000
-64.000000
-60.000000
-52.000000
-88.000000
-44.000000
-48.000000
-52.000000
-48.000000
-52.000000
-36.000000
-48.000000
-44.000000
-36.000000
-44.000000
-76.000000
-24.000000
4.000000
-40.000000
-52.000000
-36.000000
-40.000000
-36.000000
-48.000000
-20.000000
-12.000000
-8.000000
12.000000
-20.000000
-20.000000
-32.000000
-44.000000
-52.000000
-48.000000
-72.000000
-44.000000
-44.000000
-56.000000
-24.000000
-40.000000
-52.000000
-28.000000
-48.000000
-44.000000
-52.000000
-44.000000
-44.000000
-32.000000
-24.000000
-40.000000
-32.000000
-24.000000
-20.000000
-36.000000
-12.000000
-32.000000
-24.000000
-16.000000
-24.000000
-36.000000
-24.000000
-32.000000
-32.000000
-48.000000
-32.000000
-16.000000
-20.000000
-24.000000
-32.000000
-20.000000
-20.000000
12.000000
-36.000000
-24.000000
-28.000000
-48.000000
-52.000000
-44.000000
-80.000000
-68.000000
-64.000000
-48.000000
-60.000000
-52.000000
-32.000000
-28.000000
-44.000000
-36.000000
-72.000000
-40.000000
-32.000000
-28.000000
-32.000000
-32.000000
-40.000000
-24.000000
-24.000000
-16.000000
-48.000000
-4.000000
-36.000000
-20.000000
-36.000000
-40.000000
-44.000000
-16.000000
-44.000000
-44.000000
-16.000000
-44.000000
-20.000000
-32.000000
-32.000000
-32.000000
-44.000000
-36.000000
-28.000000
-52.000000
-48.000000
-48.000000
-36.000000
-24.000000
-52.000000
-40.000000
-64.000000
-52.000000
-76.000000
-60.000000
-56.000000
-52.000000
-28.000000
-36.000000
-32.000000
-20.000000
0.000000
-8.000000
-20.000000
4.000000
-32.000000
-8.000000
12.000000
-24.000000
-16.000000
-8.000000
-12.000000
-24.000000
4.000000
-16.000000
-12.000000
-12.000000
-28.000000
-16.000000
-24.000000
-28.000000
-24.000000
-32.000000
-36.000000
-36.000000
-24.000000
-16.000000
-16.000000
-24.000000
-24.000000
-12.000000
-36.000000
-32.000000
-40.000000
-48.000000
-24.000000
-48.000000
-28.000000
-36.000000
-44.000000
-56.000000
-68.000000
-56.000000
-32.000000
-44.000000
-32.000000
-28.000000
-8.000000
-28.000000
-8.000000
-36.000000
-32.000000
-28.000000
-40.000000
-40.000000
-48.000000
-36.000000
-60.000000
-36.000000
-52.000000
-72.000000
-48.000000
-56.000000
-48.000000
-52.000000
-68.000000
-68.000000
-52.000000
-48.000000
-76.000000
-60.000000
-76.000000
-92.000000
-76.000000
-88.000000
-56.000000
-64.000000
-48.000000
-64.000000
-64.000000
-76.000000
-80.000000
-80.000000
-76.000000
-52.000000
-88.000000
-60.000000
-60.000000
-76.000000
-88.000000
-84.000000
-44.000000
-52.000000
-32.000000
-32.000000
-12.000000
-48.000000
-24.000000
-36.000000
-72.000000
-44.000000
-96.000000
-88.000000
-64.000000
-76.000000
-72.000000
-64.000000
-64.000000
-56.000000
-80.000000
-60.000000
-40.000000
-76.000000
-52.000000
-28.000000
-48.000000
-56.000000
-36.000000
-60.000000
-56.000000
-56.000000
-52.000000
-52.000000
-44.000000
-40.000000
-52.000000
-56.000000
-64.000000
-40.000000
-60.000000
-52.000000
-48.000000
-56.000000
-56.000000
-36.000000
-48.000000
-28.000000
-44.000000
-40.000000
-40.000000
-20.000000
-8.000000
-8.000000
-20.000000
-12.000000
-52.000000
0.000000
-52.000000
-32.000000
-44.000000
-52.000000
-64.000000
-44.000000
-40.000000
-40.000000
-32.000000
-40.000000
-60.000000
-48.000000
-40.000000
-24.000000
-44.000000
-36.000000
-36.000000
-48.000000
-40.000000
-48.000000
-48.000000
-40.000000
-40.000000
-56.000000
-28.000000
-44.000000
-40.000000
-8.000000
-20.000000
-24.000000
-20.000000
-36.000000
-44.000000
-8.000000
-16.000000
-44.000000
-40.000000
-20.000000
-12.000000
-16.000000
-44.000000
-8.000000
-44.000000
-24.000000
-28.000000
0.000000
-52.000000
-64.000000
-68.000000
-64.000000
-64.000000
-84.000000
-32.000000
-60.000000
-40.000000
-36.000000
-52.000000
-48.000000
-48.000000
-52.000000
-28.000000
-32.000000
-28.000000
-32.000000
-8.000000
-28.000000
-36.000000
-28.000000
-20.000000
-36.000000
-40.000000
-24.000000
-36.000000
-32.000000
-16.000000
-28.000000
-40.000000
-40.000000
4.000000
-24.000000
-52.000000
-20.000000
-32.000000
-24.000000
-24.000000
-24.000000
-32.000000
-12.000000
-8.000000
-36.000000
-32.000000
-40.000000
-36.000000
-44.000000
-48.000000
-72.000000
-56.000000
-68.000000
-76.000000
-76.000000
-72.000000
-32.000000
-28.000000
-28.000000
-8.000000
-8.000000
-32.000000
-20.000000
-12.000000
-32.000000
0.000000
0.000000
-8.000000
-24.000000
-32.000000
-32.000000
-8.000000
0.000000
-44.000000
-16.000000
-12.000000
-44.000000
-28.000000
-24.000000
-28.000000
-12.000000
-20.000000
-24.000000
-24.000000
-20.000000
-48.000000
-24.000000
-52.000000
-52.000000
-48.000000
-40.000000
-32.000000
-36.000000
-40.000000
-40.000000
-24.000000
-36.000000
-24.000000
-20.000000
-48.000000
-84.000000
-40.000000
-36.000000
-40.000000
-44.000000
-36.000000
-8.000000
-12.000000
-12.000000
-12.000000
-20.000000
-28.000000
-44.000000
-24.000000
-24.000000
-48.000000
-44.000000
-60.000000
-44.000000
-52.000000
-28.000000
-60.000000
-64.000000
-48.000000
-60.000000
-60.000000
-44.000000
-40.000000
-72.000000
-52.000000
-92.000000
-80.000000
-68.000000
-56.000000
-56.000000
-56.000000
-68.000000
-64.000000
-76.000000
-92.000000
-52.000000
-80.000000
-68.000000
-88.000000
-44.000000
-68.000000
-52.000000
-84.000000
-80.000000
-60.000000
-36.000000
-20.000000
-8.000000
-20.000000
-16.000000
-32.000000
-44.000000
-28.000000
-40.000000
-68.000000
-72.000000
-44.000000
-60.000000
-88.000000
-60.000000
-52.000000
-72.000000
-32.000000
-60.000000
-64.000000
-48.000000
-44.000000
-60.000000
-32.000000
-60.000000
-64.000000
-56.000000
-56.000000
-64.000000
-44.000000
-48.000000
-28.000000
-36.000000
-28.000000
-64.000000
-56.000000
-8.000000
-72.000000
-28.000000
-48.000000
-56.000000
-32.000000
-52.000000
-28.000000
-36.000000
-40.000000
-28.000000
-48.000000
-40.000000
-48.000000
-4.000000
-36.000000
-28.000000
-32.000000
-36.000000
-44.000000
-44.000000
-44.000000
-60.000000
-32.000000
-44.000000
-48.000000
-40.000000
-28.000000
-36.000000
-32.000000
-44.000000
-32.000000
-36.000000
-24.000000
-24.000000
-44.000000
-28.000000
-28.000000
-44.000000
-40.000000
-36.000000
-32.000000
-32.000000
-36.000000
-44.000000
-8.000000
-32.000000
-28.000000
-12.000000
-24.000000
-48.000000
-28.000000
-28.000000
-20.000000
0.000000
-24.000000
-4.000000
-24.000000
-32.000000
-16.000000
-16.000000
-24.000000
-20.000000
-36.000000
-12.000000
-44.000000
-56.000000
-44.000000
-36.000000
-64.000000
-60.000000
-52.000000
-76.000000
-28.000000
-36.000000
-60.000000
-48.000000
-48.000000
-40.000000
-24.000000
-44.000000
-44.000000
-64.000000
-44.000000
-36.000000
-20.000000
-12.000000
-16.000000
0.000000
-36.000000
-56.000000
-32.000000
-44.000000
-32.000000
-36.000000
-44.000000
-48.000000
-52.000000
-20.000000
-36.000000
-44.000000
-32.000000
-28.000000
-24.000000
-48.000000
-48.000000
-12.000000
-32.000000
-48.000000
-28.000000
-44.000000
-40.000000
-40.000000
-36.000000
-72.000000
-88.000000
-60.000000
-56.000000
-40.000000
-48.000000
-44.000000
-24.000000
-28.000000
-16.000000
-20.000000
8.000000
-28.000000
-20.000000
-8.000000
-4.000000
-24.000000
-12.000000
-20.000000
-28.000000
-32.000000
-36.000000
-12.000000
-20.000000
-16.000000
-28.000000
-20.000000
-16.000000
-24.000000
-20.000000
-24.000000
-28.000000
-28.000000
-20.000000
-56.000000
-36.000000
-60.000000
-36.000000
-52.000000
-52.000000
-28.000000
-24.000000
-52.000000
-32.000000
-56.000000
-56.000000
-60.000000
-48.000000
-48.000000
-40.000000
-52.000000
-36.000000
-48.000000
-48.000000
-60.000000
-32.000000
-32.000000
-24.000000
-12.000000
-36.000000
-36.000000
-28.000000
-44.000000
-52.000000
-52.000000
-40.000000
-68.000000
-44.000000
-48.000000
-36.000000
-68.000000
-72.000000
-80.000000
-72.000000
-84.000000
-84.000000
-88.000000
-76.000000
-84.000000
-88.000000
-64.000000
-60.000000
-76.000000
-72.000000
-56.000000
-64.000000
-84.000000
-48.000000
-92.000000
-56.000000
-52.000000
-84.000000
-84.000000
-72.000000
-68.000000
-76.000000
-52.000000
-72.000000
-80.000000
-92.000000
-40.000000
-20.000000
-48.000000
-32.000000
-20.000000
-32.000000
-72.000000
-44.000000
-56.000000
-80.000000
-28.000000
-84.000000
-60.000000
-84.000000
-24.000000
-40.000000
-64.000000
-76.000000
-48.000000
-28.000000
-60.000000
-60.000000
-48.000000
-80.000000
-48.000000
-48.000000
-60.000000
-24.000000
-64.000000
-52.000000
-32.000000
-80.000000
-72.000000
-64.000000
-68.000000
-52.000000
-48.000000
-36.000000
-36.000000
-44.000000
-48.000000
-52.000000
-36.000000
-60.000000
-44.000000
-32.000000
-60.000000
-44.000000
-52.000000
-28.000000
-8.000000
-24.000000
-12.000000
-8.000000
-40.000000
-24.000000
-36.000000
-36.000000
-36.000000
-60.000000
-28.000000
-72.000000
-28.000000
-24.000000
-40.000000
-28.000000
-60.000000
-36.000000
-24.000000
-28.000000
-60.000000
-28.000000
-28.000000
-32.000000
-44.000000
-52.000000
-40.000000
-32.000000
-44.000000
-52.000000
-32.000000
-52.000000
-28.000000
-20.000000
-32.000000
-24.000000
-20.000000
-28.000000
-20.000000
-40.000000
-60.000000
-28.000000
-24.000000
-16.000000
-36.000000
-40.000000
-36.000000
-36.000000
-28.000000
-44.000000
-12.000000
-60.000000
-60.000000
-76.000000
-72.000000
-80.000000
-64.000000
-56.000000
-32.000000
-84.000000
-44.000000
-48.000000
-24.000000
-56.000000
-52.000000
-24.000000
-20.000000
-20.000000
-32.000000
-32.000000
-28.000000
-20.000000
-56.000000
-56.000000
-28.000000
-24.000000
-28.000000
-36.000000
-44.000000
-24.000000
-28.000000
-40.000000
-24.000000
-48.000000
-16.000000
-20.000000
-4.000000
-32.000000
-32.000000
-16.000000
-32.000000
-8.000000
-44.000000
-28.000000
-20.000000
-20.000000
-36.000000
-32.000000
-44.000000
-48.000000
-72.000000
-88.000000
-60.000000
-76.000000
-48.000000
-52.000000
-56.000000
-28.000000
-32.000000
-32.000000
-12.000000
-24.000000
-28.000000
-16.000000
-12.000000
-8.000000
-8.000000
-32.000000
0.000000
-24.000000
-28.000000
-16.000000
-8.000000
-12.000000
-20.000000
-28.000000
4.000000
-24.000000
-32.000000
-52.000000
-28.000000
-40.000000
-16.000000
-36.000000
-36.000000
-32.000000
-48.000000
-44.000000
-16.000000
-32.000000
-28.000000
-24.000000
-44.000000
-20.000000
-40.000000
-40.000000
-52.000000
-44.000000
-40.000000
-32.000000
-32.000000
-40.000000
-48.000000
-64.000000
-28.000000
-48.000000
-16.000000
-32.000000
-16.000000
-12.000000
-28.000000
-32.000000
-28.000000
-36.000000
-48.000000
-44.000000
-44.000000
-48.000000
-28.000000
-72.000000
-48.000000
-64.000000
-40.000000
-64.000000
-52.000000
-52.000000
-48.000000
-84.000000
-60.000000
-36.000000
-72.000000
-60.000000
-76.000000
-60.000000
-92.000000
-68.000000
-80.000000
-100.000000
-52.000000
-76.000000
-76.000000
-72.000000
-72.000000
-60.000000
-56.000000
-96.000000
-88.000000
-84.000000
-80.000000
-64.000000
-64.000000
-48.000000
-32.000000
-40.000000
-32.000000
-44.000000
-52.000000
-64.000000
-48.000000
-72.000000
-52.000000
-84.000000
-60.000000
-72.000000
-36.000000
-64.000000
-64.000000
-68.000000
-68.000000
-28.000000
-44.000000
-64.000000
-60.000000
-32.000000
-72.000000
-68.000000
-44.000000
-52.000000
-56.000000
-52.000000
-64.000000
-16.000000
-60.000000
-32.000000
-60.000000
-52.000000
-32.000000
-36.000000
-64.000000
-40.000000
-32.000000
-52.000000
-32.000000
-44.000000
-64.000000
-32.000000
-52.000000
-48.000000
-52.000000
-40.000000
-24.000000
0.000000
-8.000000
-40.000000
-44.000000
-32.000000
-36.000000
-56.000000
-44.000000
-32.000000
-28.000000
-40.000000
-20.000000
-72.000000
-60.000000
-44.000000
-52.000000
-28.000000
-64.000000
-48.000000
-40.000000
-40.000000
-24.000000
-52.000000
-24.000000
-36.000000
-16.000000
-36.000000
-52.000000
-28.000000
-24.000000
-24.000000
-20.000000
-24.000000
-36.000000
-28.000000
-24.000000
-20.000000
-52.000000
-20.000000
-24.000000
-16.000000
-16.000000
-8.000000
-64.000000
-44.000000
-44.000000
-56.000000
-24.000000
-20.000000
-32.000000
-72.000000
-36.000000
-88.000000
-72.000000
-72.000000
-72.000000
-44.000000
-64.000000
-56.000000
-44.000000
-36.000000
-40.000000
-44.000000
-40.000000
-20.000000
-48.000000
-56.000000
-16.000000
-36.000000
-48.000000
-60.000000
-72.000000
-24.000000
-44.000000
-44.000000
0.000000
-44.000000
-36.000000
-36.000000
-52.000000
-48.000000
-44.000000
-48.000000
-28.000000
-36.000000
-28.000000
-44.000000
-32.000000
-36.000000
-20.000000
-32.000000
-48.000000
-24.000000
-52.000000
-32.000000
-36.000000
-36.000000
-32.000000
-36.000000
-76.000000
-60.000000
-64.000000
-60.000000
-28.000000
-60.000000
-48.000000
-36.000000
-16.000000
-8.000000
-12.000000
-12.000000
-12.000000
-12.000000
-20.000000
-20.000000
-28.000000
-20.000000
-44.000000
-8.000000
-40.000000
-20.000000
-36.000000
-24.000000
-36.000000
-28.000000
-32.000000
-24.000000
-28.000000
-36.000000
-40.000000
-48.000000
-32.000000
-24.000000
-52.000000
-24.000000
-60.000000
-36.000000
-28.000000
-48.000000
-24.000000
-64.000000
-40.000000
-64.000000
-52.000000
-32.000000
-36.000000
-44.000000
-20.000000
-48.000000
-48.000000
-20.000000
-28.000000
-32.000000
-24.000000
-36.000000
-8.000000
16.000000
-44.000000
-32.000000
-40.000000
-52.000000
-28.000000
-44.000000
-48.000000
-64.000000
-52.000000
-52.000000
-44.000000
-72.000000
-64.000000
-52.000000
-60.000000
-80.000000
-56.000000
-84.000000
-60.000000
-72.000000
-68.000000
-60.000000
-80.000000
-72.000000
-64.000000
-84.000000
-52.000000
-84.000000
-72.000000
-36.000000
-76.000000
-100.000000
-80.000000
-76.000000
-64.000000
-96.000000
-60.000000
-72.000000
-88.000000
-76.000000
-80.000000
-52.000000
-36.000000
-48.000000
-44.000000
-60.000000
-36.000000
-56.000000
-52.000000
-36.000000
-52.000000
-32.000000
-52.000000
-32.000000
-60.000000
-56.000000
-52.000000
-80.000000
-68.000000
-72.000000
-40.000000
-32.000000
-48.000000
-64.000000
-48.000000
-48.000000
-44.000000
-48.000000
-56.000000
-88.000000
-44.000000
-16.000000
-72.000000
-48.000000
-44.000000
-52.000000
-60.000000
-40.000000
-28.000000
-36.000000
-40.000000
-28.000000
-32.000000
-48.000000
-32.000000
-44.000000
-32.000000
-48.000000
-52.000000
-40.000000
-32.000000
-24.000000
-32.000000
-4.000000
-20.000000
-28.000000
-24.000000
-48.000000
0.000000
-64.000000
-64.000000
-64.000000
-40.000000
-36.000000
-32.000000
-48.000000
-48.000000
-32.000000
-24.000000
-28.000000
-36.000000
-48.000000
-36.000000
-24.000000
-36.000000
-32.000000
-32.000000
-16.000000
-32.000000
-32.000000
-40.000000
-36.000000
-44.000000
-44.000000
-28.000000
-16.000000
-20.000000
-20.000000
-28.000000
-36.000000
-36.000000
-12.000000
-8.000000
-24.000000
-24.000000
-24.000000
-36.000000
-20.000000
-12.000000
-28.000000
-24.000000
-32.000000
-12.000000
-40.000000
-44.000000
-48.000000
-68.000000
-84.000000
-52.000000
-72.000000
-60.000000
-64.000000
-48.000000
-36.000000
-32.000000
-32.000000
-32.000000
-36.000000
-32.000000
-36.000000
-16.000000
-28.000000
-24.000000
-28.000000
-20.000000
-44.000000
-52.000000
-28.000000
-32.000000
-36.000000
-36.000000
-48.000000
-40.000000
-20.000000
-48.000000
-16.000000
-36.000000
-20.000000
-48.000000
-40.000000
-40.000000
-32.000000
-32.000000
-40.000000
-48.000000
-60.000000
-28.000000
-44.000000
-48.000000
-28.000000
-32.000000
-40.000000
-68.000000
-52.000000
-72.000000
-76.000000
-44.000000
-28.000000
-32.000000
-48.000000
-36.000000
-32.000000
0.000000
-8.000000
-32.000000
-12.000000
-24.000000
16.000000
-16.000000
-28.000000
-24.000000
-20.000000
-24.000000
-24.000000
-16.000000
-56.000000
-60.000000
-24.000000
-36.000000
-8.000000
-20.000000
-40.000000
-24.000000
-28.000000
-32.000000
-56.000000
-20.000000
-52.000000
-16.000000
-48.000000
-40.000000
-40.000000
-48.000000
-32.000000
-44.000000
-12.000000
-32.000000
-4.000000
-24.000000
-48.000000
-56.000000
-44.000000
-56.000000
-32.000000
-48.000000
-32.000000
-12.000000
-72.000000
-44.000000
-40.000000
-28.000000
-8.000000
-24.000000
-44.000000
-40.000000
-32.000000
-36.000000
-56.000000
-44.000000
-48.000000
-40.000000
-32.000000
-64.000000
-20.000000
-76.000000
-60.000000
-80.000000
-72.000000
-60.000000
-76.000000
-60.000000
-52.000000
-72.000000
-56.000000
-64.000000
-64.000000
-68.000000
-44.000000
-80.000000
-44.000000
-72.000000
-72.000000
-52.000000
-72.000000
-80.000000
-32.000000
-48.000000
-68.000000
-44.000000
-32.000000
-56.000000
-80.000000
-40.000000
-36.000000
-12.000000
-48.000000
-52.000000
-48.000000
-28.000000
-60.000000
-44.000000
-84.000000
-80.000000
-68.000000
-40.000000
-88.000000
-64.000000
-52.000000
-40.000000
-76.000000
-60.000000
-80.000000
-36.000000
-28.000000
-48.000000
-56.000000
-52.000000
-40.000000
-72.000000
-84.000000
-60.000000
-84.000000
-52.000000
-60.000000
-76.000000
-48.000000
-72.000000
-36.000000
-72.000000
-64.000000
-64.000000
-36.000000
-40.000000
-48.000000
-52.000000
-60.000000
-44.000000
-44.000000
-36.000000
-40.000000
-36.000000
-32.000000
-16.000000
-16.000000
-20.000000
-20.000000
-44.000000
-40.000000
-28.000000
-48.000000
-80.000000
-32.000000
-80.000000
-48.000000
-56.000000
-44.000000
-40.000000
-32.000000
-52.000000
-60.000000
