456.000000
736.000000
968.000000
1180.000000
1316.000000
1336.000000
1308.000000
1120.000000
904.000000
536.000000
96.000000
-368.000000
-864.000000
-1348.000000
-1716.000000
-2032.000000
-2236.000000
-2232.000000
-2140.000000
-1884.000000
-1500.000000
-996.000000
-448.000000
152.000000
768.000000
1272.000000
1700.000000
2016.000000
2164.000000
2168.000000
2048.000000
1760.000000
1384.000000
960.000000
468.000000
4.000000
-464.000000
-828.000000
-1148.000000
-1344.000000
-1420.000000
-1416.000000
-1348.000000
-1144.000000
-924.000000
-660.000000
-412.000000
-156.000000
-24.000000
16.000000
-4.000000
-28.000000
-12.000000
-48.000000
-12.000000
-28.000000
-56.000000
-28.000000
-52.000000
-28.000000
-32.000000
-12.000000
-12.000000
-32.000000
0.000000
-48.000000
-24.000000
-20.000000
-16.000000
-8.000000
-36.000000
-20.000000
-20.000000
-4.000000
-36.000000
-12.000000
-44.000000
-36.000000
-32.000000
-48.000000
-36.000000
-52.000000
-56.000000
-20.000000
-28.000000
-36.000000
-36.000000
-40.000000
-36.000000
-32.000000
-44.000000
-64.000000
-36.000000
-48.000000
-4.000000
-36.000000
-40.000000
-4.000000
-24.000000
-32.000000
-56.000000
-16.000000
-28.000000
-52.000000
-52.000000
-16.000000
-52.000000
-52.000000
-40.000000
-48.000000
-52.000000
-60.000000
-60.000000
-72.000000
-60.000000
-44.000000
-80.000000
-60.000000
-60.000000
-84.000000
-88.000000
-52.000000
-20.000000
-72.000000
-88.000000
-72.000000
-40.000000
-48.000000
-72.000000
-96.000000
-68.000000
-92.000000
-60.000000
-80.000000
-36.000000
-72.000000
-56.000000
-72.000000
-64.000000
-84.000000
-52.000000
-60.000000
-20.000000
-20.000000
-52.000000
-12.000000
-16.000000
-36.000000
-64.000000
-48.000000
-80.000000
-52.000000
-36.000000
-68.000000
-72.000000
-36.000000
-44.000000
-56.000000
-92.000000
-60.000000
-52.000000
-64.000000
-56.000000
-56.000000
-28.000000
-52.000000
-32.000000
-72.000000
-44.000000
-48.000000
-52.000000
-52.000000
-56.000000
-28.000000
-76.000000
-44.000000
-20.000000
-60.000000
-32.000000
-52.000000
-44.000000
-40.000000
-64.000000
-28.000000
-48.000000
-16.000000
-40.000000
8.000000
-28.000000
-20.000000
-32.000000
-4.000000
-8.000000
-8.000000
0.000000
-16.000000
-36.000000
-52.000000
-52.000000
-40.000000
-68.000000
-16.000000
-32.000000
-28.000000
-44.000000
-32.000000
-44.000000
-36.000000
-32.000000
-64.000000
-40.000000
-40.000000
-48.000000
-28.000000
-28.000000
-44.000000
-28.000000
-8.000000
-40.000000
-40.000000
-16.000000
-32.000000
-16.000000
-16.000000
-32.000000
-24.000000
-28.000000
-28.000000
-36.000000
-32.000000
-16.000000
-20.000000
-36.000000
-44.000000
-24.000000
-12.000000
-28.000000
-16.000000
-8.000000
-36.000000
-36.000000
-8.000000
-60.000000
-60.000000
-56.000000
-44.000000
-24.000000
-88.000000
-52.000000
-52.000000
-48.000000
-44.000000
-36.000000
-52.000000
-28.000000
-24.000000
-36.000000
-16.000000
-36.000000
-32.000000
-36.000000
-28.000000
-4.000000
-40.000000
-40.000000
-28.000000
-56.000000
-48.000000
-20.000000
-36.000000
-8.000000
-20.000000
-40.000000
-28.000000
-36.000000
-16.000000
-28.000000
-32.000000
-32.000000
-28.000000
-20.000000
-36.000000
-20.000000
-60.000000
-44.000000
-28.000000
-40.000000
-40.000000
-40.000000
-40.000000
-36.000000
-44.000000
-72.000000
-72.000000
-52.000000
-44.000000
-32.000000
-24.000000
-40.000000
4.000000
-24.000000
-48.000000
0.000000
-8.000000
-20.000000
-8.000000
-8.000000
-32.000000
0.000000
-4.000000
0.000000
-40.000000
-28.000000
-8.000000
-32.000000
-8.000000
-12.000000
-8.000000
-36.000000
-20.000000
-32.000000
-16.000000
-16.000000
-44.000000
-12.000000
-40.000000
-24.000000
-40.000000
-36.000000
-44.000000
-44.000000
-36.000000
-52.000000
-36.000000
-32.000000
-32.000000
-20.000000
-16.000000
-48.000000
-36.000000
-16.000000
-52.000000
-28.000000
-40.000000
-24.000000
-48.000000
-44.000000
-24.000000
-28.000000
-32.000000
-12.000000
-64.000000
-20.000000
-52.000000
-44.000000
-52.000000
-60.000000
-40.000000
-52.000000
-88.000000
-56.000000
-72.000000
-64.000000
-64.000000
-52.000000
-72.000000
-52.000000
-52.000000
-44.000000
-76.000000
-80.000000
-60.000000
-60.000000
-84.000000
-52.000000
-52.000000
-88.000000
-60.000000
-80.000000
-76.000000
-40.000000
-68.000000
-56.000000
-56.000000
-64.000000
-84.000000
-32.000000
-68.000000
-28.000000
-64.000000
-52.000000
-48.000000
-60.000000
-24.000000
-40.000000
-48.000000
-20.000000
-44.000000
-60.000000
-52.000000
-40.000000
-48.000000
-64.000000
-60.000000
-64.000000
-52.000000
-60.000000
-84.000000
-76.000000
-64.000000
-56.000000
-88.000000
-56.000000
-76.000000
-32.000000
-52.000000
-84.000000
-60.000000
-60.000000
-12.000000
-48.000000
-40.000000
-60.000000
-36.000000
-84.000000
-28.000000
-72.000000
-52.000000
-64.000000
-24.000000
-60.000000
-32.000000
-24.000000
-28.000000
-28.000000
-32.000000
-40.000000
-24.000000
-32.000000
-32.000000
-12.000000
-40.000000
8.000000
-8.000000
-12.000000
-24.000000
-36.000000
-52.000000
-32.000000
-44.000000
-48.000000
-40.000000
-48.000000
-20.000000
-44.000000
-56.000000
-44.000000
-44.000000
-40.000000
-44.000000
-40.000000
-36.000000
-28.000000
-16.000000
-44.000000
-48.000000
-48.000000
-28.000000
-24.000000
-36.000000
-20.000000
-44.000000
-28.000000
-24.000000
-32.000000
-24.000000
-28.000000
-32.000000
-12.000000
-32.000000
-12.000000
-32.000000
-20.000000
-4.000000
-16.000000
-12.000000
0.000000
-24.000000
-36.000000
-28.000000
-24.000000
-8.000000
-68.000000
-20.000000
-60.000000
-72.000000
-28.000000
-52.000000
-60.000000
-44.000000
-40.000000
-56.000000
-20.000000
-48.000000
-20.000000
-36.000000
-32.000000
-16.000000
-24.000000
-12.000000
-20.000000
0.000000
-24.000000
-44.000000
-16.000000
-36.000000
-12.000000
-28.000000
-48.000000
4.000000
-52.000000
-20.000000
-32.000000
-36.000000
-36.000000
-4.000000
-40.000000
-40.000000
-28.000000
-36.000000
-44.000000
-40.000000
-40.000000
-52.000000
-40.000000
-40.000000
-32.000000
-32.000000
-32.000000
-28.000000
-48.000000
-72.000000
-84.000000
-68.000000
-44.000000
-24.000000
-40.000000
-16.000000
-36.000000
16.000000
-12.000000
-16.000000
-20.000000
16.000000
-16.000000
-44.000000
-24.000000
-12.000000
-36.000000
-20.000000
-8.000000
-20.000000
-28.000000
-16.000000
-36.000000
-24.000000
-36.000000
-16.000000
-32.000000
-32.000000
-28.000000
-40.000000
-32.000000
-16.000000
-36.000000
-24.000000
-20.000000
-24.000000
-32.000000
-40.000000
-28.000000
-28.000000
-44.000000
-60.000000
-28.000000
-44.000000
-28.000000
-20.000000
-52.000000
-28.000000
-36.000000
-32.000000
-44.000000
-36.000000
-16.000000
-56.000000
-52.000000
-24.000000
4.000000
-28.000000
-28.000000
-24.000000
-48.000000
-16.000000
-44.000000
-60.000000
-52.000000
-40.000000
-64.000000
-52.000000
-52.000000
-44.000000
-72.000000
-64.000000
-64.000000
-76.000000
-76.000000
-84.000000
-80.000000
-64.000000
-72.000000
-76.000000
-44.000000
-60.000000
-52.000000
-84.000000
-72.000000
-92.000000
-76.000000
-44.000000
-64.000000
-76.000000
-44.000000
-60.000000
-64.000000
-60.000000
-80.000000
-80.000000
-76.000000
-76.000000
-44.000000
-48.000000
-16.000000
-24.000000
-28.000000
-28.000000
-52.000000
-28.000000
-52.000000
-36.000000
-44.000000
-72.000000
-48.000000
-44.000000
-44.000000
-60.000000
-48.000000
-64.000000
-20.000000
-40.000000
-52.000000
-76.000000
-52.000000
-56.000000
-32.000000
-72.000000
-60.000000
-64.000000
-8.000000
-56.000000
-44.000000
-40.000000
-76.000000
-28.000000
-52.000000
-28.000000
-40.000000
12.000000
-76.000000
-48.000000
-48.000000
-44.000000
-36.000000
-20.000000
-32.000000
-32.000000
-48.000000
-40.000000
-40.000000
-60.000000
-12.000000
0.000000
0.000000
-16.000000
-4.000000
-28.000000
-40.000000
-44.000000
-28.000000
-36.000000
-28.000000
-52.000000
-40.000000
-48.000000
-32.000000
-24.000000
-44.000000
-40.000000
-20.000000
-52.000000
-32.000000
-32.000000
-28.000000
-36.000000
-20.000000
-44.000000
-8.000000
-16.000000
-24.000000
-28.000000
-40.000000
-8.000000
-16.000000
-36.000000
-32.000000
-20.000000
-40.000000
-20.000000
-28.000000
-28.000000
-24.000000
-48.000000
-16.000000
-8.000000
0.000000
-44.000000
-52.000000
-8.000000
-44.000000
16.000000
-28.000000
-24.000000
-48.000000
-60.000000
-60.000000
-48.000000
-68.000000
-48.000000
-40.000000
-44.000000
-36.000000
-20.000000
-20.000000
-36.000000
-16.000000
-48.000000
-28.000000
-24.000000
-20.000000
-64.000000
-28.000000
-4.000000
-32.000000
-4.000000
-8.000000
-40.000000
-48.000000
-8.000000
-20.000000
-36.000000
-60.000000
-28.000000
-24.000000
-4.000000
-20.000000
12.000000
-16.000000
-16.000000
-24.000000
-48.000000
-20.000000
-12.000000
-44.000000
-28.000000
-24.000000
-12.000000
-28.000000
-24.000000
-40.000000
-24.000000
-36.000000
-60.000000
-68.000000
-60.000000
-48.000000
-44.000000
-40.000000
-32.000000
-12.000000
-24.000000
-12.000000
-20.000000
4.000000
-12.000000
-16.000000
0.000000
-24.000000
0.000000
-28.000000
-16.000000
4.000000
-24.000000
-12.000000
-20.000000
-28.000000
-36.000000
-24.000000
-32.000000
-12.000000
-28.000000
-12.000000
-12.000000
-32.000000
-4.000000
-8.000000
-24.000000
-20.000000
-32.000000
-16.000000
-32.000000
-44.000000
-20.000000
-44.000000
-32.000000
-24.000000
-44.000000
-56.000000
-28.000000
-28.000000
-32.000000
-32.000000
-72.000000
-24.000000
-16.000000
-36.000000
-28.000000
-32.000000
-64.000000
-36.000000
-16.000000
-32.000000
-24.000000
-32.000000
-24.000000
-40.000000
-36.000000
-44.000000
-44.000000
-40.000000
-44.000000
-52.000000
-36.000000
-44.000000
-56.000000
-52.000000
-52.000000
-64.000000
-52.000000
-56.000000
-40.000000
-40.000000
-68.000000
-68.000000
-76.000000
-32.000000
-52.000000
-60.000000
-60.000000
-60.000000
-48.000000
-84.000000
-64.000000
-64.000000
-52.000000
-76.000000
-60.000000
-68.000000
-56.000000
-52.000000
-84.000000
-48.000000
-52.000000
-8.000000
-8.000000
-20.000000
-36.000000
-24.000000
-52.000000
-40.000000
-72.000000
-52.000000
-44.000000
-36.000000
-60.000000
-72.000000
-60.000000
-64.000000
-68.000000
-28.000000
-84.000000
-72.000000
-40.000000
-36.000000
-52.000000
-52.000000
-52.000000
-28.000000
-88.000000
-56.000000
-56.000000
-44.000000
-12.000000
-32.000000
-28.000000
-48.000000
-76.000000
-24.000000
-44.000000
-56.000000
-36.000000
-52.000000
-32.000000
-52.000000
-36.000000
-52.000000
-44.000000
-32.000000
-28.000000
-36.000000
-32.000000
-48.000000
8.000000
-4.000000
-32.000000
-28.000000
-36.000000
-52.000000
-24.000000
-52.000000
-40.000000
-36.000000
-32.000000
-44.000000
-48.000000
-48.000000
-36.000000
-56.000000
-36.000000
-32.000000
-44.000000
-28.000000
-48.000000
-32.000000
-36.000000
-48.000000
-24.000000
-36.000000
-28.000000
-36.000000
-28.000000
-48.000000
0.000000
-24.000000
-32.000000
-20.000000
-32.000000
-32.000000
-32.000000
0.000000
-24.000000
-20.000000
-12.000000
-20.000000
-20.000000
-32.000000
-72.000000
-44.000000
-24.000000
-12.000000
-28.000000
-32.000000
-16.000000
-92.000000
-40.000000
-96.000000
-40.000000
-40.000000
-88.000000
-56.000000
-48.000000
-24.000000
-36.000000
-52.000000
-24.000000
-36.000000
-20.000000
-8.000000
-60.000000
-28.000000
-24.000000
-24.000000
-44.000000
-24.000000
-8.000000
-32.000000
-16.000000
-16.000000
-24.000000
-44.000000
-32.000000
-20.000000
-32.000000
-48.000000
-4.000000
-28.000000
-24.000000
-4.000000
-44.000000
-20.000000
-40.000000
-36.000000
-24.000000
-32.000000
-40.000000
-44.000000
-44.000000
-52.000000
-56.000000
-44.000000
-32.000000
-48.000000
-60.000000
-52.000000
-80.000000
-36.000000
-56.000000
-52.000000
-44.000000
-40.000000
-8.000000
-20.000000
-40.000000
-12.000000
-32.000000
-40.000000
-12.000000
-12.000000
-36.000000
-8.000000
-28.000000
-16.000000
-28.000000
-16.000000
-20.000000
-24.000000
-8.000000
0.000000
-16.000000
-28.000000
-16.000000
-36.000000
-36.000000
-20.000000
-16.000000
-16.000000
-40.000000
-28.000000
-32.000000
-32.000000
-40.000000
-44.000000
-28.000000
-40.000000
-28.000000
-44.000000
-40.000000
-44.000000
-32.000000
-52.000000
-24.000000
-24.000000
-60.000000
-24.000000
-48.000000
-36.000000
-20.000000
-24.000000
-24.000000
-24.000000
20.000000
-32.000000
-20.000000
-40.000000
-52.000000
-36.000000
-44.000000
-24.000000
-60.000000
-44.000000
-52.000000
-44.000000
-60.000000
-56.000000
-52.000000
-60.000000
-76.000000
-64.000000
-40.000000
-44.000000
-76.000000
-36.000000
-52.000000
-60.000000
-64.000000
-60.000000
-88.000000
-64.000000
-72.000000
-64.000000
-52.000000
-48.000000
-56.000000
-68.000000
-68.000000
-88.000000
-88.000000
-88.000000
-64.000000
-100.000000
-92.000000
-76.000000
-52.000000
-40.000000
-16.000000
-20.000000
-36.000000
-40.000000
-48.000000
-20.000000
-60.000000
-76.000000
-60.000000
-28.000000
-16.000000
-68.000000
-52.000000
-64.000000
-44.000000
-44.000000
-64.000000
-56.000000
-80.000000
-48.000000
-48.000000
-60.000000
-56.000000
-52.000000
-60.000000
-60.000000
-64.000000
-48.000000
-72.000000
-56.000000
-72.000000
-56.000000
-40.000000
-68.000000
-32.000000
-40.000000
-24.000000
-64.000000
-28.000000
-60.000000
-28.000000
-44.000000
-52.000000
-88.000000
-48.000000
-48.000000
-32.000000
-28.000000
-36.000000
-20.000000
-24.000000
-4.000000
-28.000000
-40.000000
-44.000000
-44.000000
-40.000000
-60.000000
-52.000000
-32.000000
-32.000000
-52.000000
-24.000000
-48.000000
-28.000000
-28.000000
-44.000000
-52.000000
-36.000000
-24.000000
-12.000000
-48.000000
-56.000000
-40.000000
-44.000000
-40.000000
-32.000000
-36.000000
-36.000000
-8.000000
-36.000000
-32.000000
-36.000000
-24.000000
-16.000000
-20.000000
-24.000000
-44.000000
-28.000000
-48.000000
-32.000000
-24.000000
-12.000000
-40.000000
-36.000000
4.000000
-36.000000
-8.000000
-24.000000
-56.000000
-44.000000
-52.000000
-56.000000
-64.000000
-40.000000
-40.000000
-52.000000
-44.000000
-40.000000
-44.000000
-20.000000
-28.000000
-48.000000
-40.000000
-20.000000
-36.000000
-32.000000
-28.000000
-16.000000
-48.000000
-8.000000
-8.000000
-36.000000
-24.000000
-48.000000
-32.000000
-16.000000
-20.000000
-36.000000
-24.000000
-20.000000
-4.000000
-40.000000
-12.000000
-28.000000
-40.000000
-52.000000
-36.000000
-40.000000
-32.000000
-64.000000
-52.000000
-20.000000
-48.000000
-44.000000
-36.000000
-36.000000
-52.000000
-84.000000
-92.000000
-72.000000
-72.000000
-44.000000
-28.000000
-40.000000
-40.000000
-16.000000
-20.000000
0.000000
0.000000
-12.000000
-32.000000
-8.000000
-36.000000
-8.000000
-4.000000
-20.000000
-20.000000
-20.000000
0.000000
-36.000000
-28.000000
-32.000000
-48.000000
4.000000
-32.000000
-16.000000
-36.000000
-28.000000
-32.000000
-24.000000
-52.000000
-40.000000
-36.000000
-56.000000
-24.000000
-28.000000
-40.000000
-48.000000
-52.000000
-36.000000
-24.000000
-36.000000
-72.000000
-40.000000
-32.000000
-32.000000
-36.000000
-32.000000
-36.000000
-44.000000
-28.000000
-32.000000
-32.000000
-44.000000
-8.000000
-48.000000
-12.000000
-44.000000
-20.000000
-20.000000
-16.000000
-44.000000
-64.000000
0.000000
-48.000000
-36.000000
-68.000000
-60.000000
-68.000000
-92.000000
-92.000000
-88.000000
-68.000000
-44.000000
-76.000000
-68.000000
-60.000000
-72.000000
-72.000000
-84.000000
-68.000000
-64.000000
-60.000000
-44.000000
-40.000000
-80.000000
-40.000000
-84.000000
-80.000000
-56.000000
-40.000000
-64.000000
-40.000000
-68.000000
-68.000000
-56.000000
-60.000000
-44.000000
-16.000000
-44.000000
-44.000000
-36.000000
-24.000000
-60.000000
-48.000000
-60.000000
-68.000000
-68.000000
-48.000000
-52.000000
-60.000000
-52.000000
-76.000000
-64.000000
-52.000000
-72.000000
-88.000000
-44.000000
-48.000000
-64.000000
-40.000000
-60.000000
-40.000000
-20.000000
-48.000000
-72.000000
-60.000000
-16.000000
-32.000000
-56.000000
-32.000000
-68.000000
-60.000000
-24.000000
-64.000000
-32.000000
-68.000000
-24.000000
-28.000000
-44.000000
-24.000000
-40.000000
-28.000000
-32.000000
-24.000000
-40.000000
-32.000000
-16.000000
-20.000000
-32.000000
-28.000000
-16.000000
-32.000000
-32.000000
-68.000000
-60.000000
-24.000000
-60.000000
-28.000000
-20.000000
-40.000000
-48.000000
-28.000000
-52.000000
-28.000000
-44.000000
-40.000000
-36.000000
-32.000000
-36.000000
-24.000000
-36.000000
-24.000000
-36.000000
-36.000000
-32.000000
-28.000000
-28.000000
-36.000000
-28.000000
-48.000000
-40.000000
-40.000000
-20.000000
-20.000000
-48.000000
-12.000000
-20.000000
-52.000000
-36.000000
-12.000000
-44.000000
-52.000000
0.000000
-40.000000
-32.000000
-56.000000
-44.000000
-12.000000
-48.000000
-52.000000
-44.000000
-80.000000
-52.000000
-40.000000
-60.000000
-40.000000
-16.000000
-20.000000
-16.000000
-32.000000
-32.000000
-24.000000
-24.000000
-60.000000
-20.000000
-32.000000
-36.000000
-48.000000
-8.000000
-32.000000
-32.000000
-48.000000
-40.000000
-28.000000
-8.000000
-28.000000
-16.000000
-36.000000
-28.000000
-8.000000
-20.000000
-52.000000
-20.000000
-36.000000
-36.000000
-28.000000
-24.000000
-36.000000
-24.000000
-48.000000
-28.000000
-28.000000
-12.000000
-44.000000
-60.000000
-64.000000
-64.000000
-64.000000
-84.000000
-48.000000
-48.000000
-44.000000
-20.000000
-36.000000
-28.000000
-44.000000
12.000000
-28.000000
-32.000000
-36.000000
4.000000
-40.000000
4.000000
-8.000000
-44.000000
-8.000000
-12.000000
-20.000000
-28.000000
-12.000000
-12.000000
-36.000000
-28.000000
-32.000000
-32.000000
-12.000000
-28.000000
-16.000000
-52.000000
-48.000000
-56.000000
-40.000000
-20.000000
-24.000000
-48.000000
-16.000000
-48.000000
-28.000000
-36.000000
-32.000000
-36.000000
-60.000000
-32.000000
-36.000000
-28.000000
-28.000000
-28.000000
-60.000000
-40.000000
-40.000000
-32.000000
-20.000000
-28.000000
-32.000000
-24.000000
-8.000000
-16.000000
-32.000000
-28.000000
-40.000000
-60.000000
-68.000000
-40.000000
-40.000000
-32.000000
-80.000000
-28.000000
-72.000000
-48.000000
-40.000000
-64.000000
-52.000000
-56.000000
-72.000000
-80.000000
-44.000000
-80.000000
-76.000000
-76.000000
-76.000000
-72.000000
-84.000000
-48.000000
-56.000000
-84.000000
-56.000000
-76.000000
-68.000000
-76.000000
-72.000000
-68.000000
-32.000000
-72.000000
-100.000000
-52.000000
-52.000000
-48.000000
-48.000000
-16.000000
-28.000000
-28.000000
-20.000000
-32.000000
-36.000000
-16.000000
-56.000000
-48.000000
-36.000000
-44.000000
-44.000000
-16.000000
-44.000000
-36.000000
-40.000000
-80.000000
-68.000000
-52.000000
-44.000000
-44.000000
-44.000000
-36.000000
-44.000000
-36.000000
-44.000000
-32.000000
-44.000000
-60.000000
-76.000000
-24.000000
-44.000000
-28.000000
-68.000000
-64.000000
-36.000000
-28.000000
-40.000000
-88.000000
-32.000000
-40.000000
-32.000000
-40.000000
-48.000000
-28.000000
-68.000000
-44.000000
-20.000000
-28.000000
8.000000
-36.000000
-48.000000
-20.000000
-48.000000
-52.000000
-52.000000
-52.000000
-52.000000
-44.000000
-52.000000
-40.000000
-56.000000
-20.000000
-48.000000
-60.000000
-20.000000
-36.000000
-36.000000
-24.000000
-32.000000
-28.000000
-32.000000
-40.000000
-20.000000
-36.000000
-40.000000
-76.000000
-48.000000
-12.000000
-16.000000
-36.000000
-24.000000
-36.000000
-48.000000
-20.000000
-40.000000
-28.000000
-44.000000
-40.000000
-24.000000
-20.000000
-16.000000
-36.000000
-20.000000
-36.000000
-4.000000
16.000000
-32.000000
-32.000000
-44.000000
-52.000000
-80.000000
-44.000000
-80.000000
-36.000000
-60.000000
-56.000000
-52.000000
-32.000000
-44.000000
-24.000000
-20.000000
-44.000000
-44.000000
-16.000000
-48.000000
-44.000000
-48.000000
-36.000000
-16.000000
-48.000000
-28.000000
-24.000000
-32.000000
-44.000000
-24.000000
-36.000000
-28.000000
-36.000000
-28.000000
-40.000000
-24.000000
-12.000000
-48.000000
-28.000000
-44.000000
-28.000000
-40.000000
-40.000000
-24.000000
-52.000000
-24.000000
-52.000000
-48.000000
-32.000000
-36.000000
-40.000000
-48.000000
-44.000000
-32.000000
-8.000000
-52.000000
-36.000000
-60.000000
-28.000000
-16.000000
-16.000000
-48.000000
-20.000000
-44.000000
-8.000000
-28.000000
-4.000000
-28.000000
-24.000000
-36.000000
-28.000000
-24.000000
-32.000000
-24.000000
-16.000000
-40.000000
-32.000000
-24.000000
-16.000000
-16.000000
-36.000000
-32.000000
-24.000000
-48.000000
-32.000000
-36.000000
-32.000000
-48.000000
-16.000000
-32.000000
-32.000000
-44.000000
-32.000000
-44.000000
-36.000000
-36.000000
-36.000000
-32.000000
-44.000000
-32.000000
-36.000000
-48.000000
-28.000000
-60.000000
-32.000000
-40.000000
-36.000000
-28.000000
-32.000000
-8.000000
-44.000000
-28.000000
-32.000000
-36.000000
-36.000000
-32.000000
-40.000000
-60.000000
-20.000000
-64.000000
-32.000000
-56.000000
-72.000000
-48.000000
-76.000000
-72.000000
-36.000000
-60.000000
-72.000000
-40.000000
-48.000000
-56.000000
-52.000000
-72.000000
-56.000000
-76.000000
-68.000000
-64.000000
-88.000000
-56.000000
-76.000000
-76.000000
-56.000000
-44.000000
-76.000000
-52.000000
-76.000000
-84.000000
-72.000000
-64.000000
-60.000000
-80.000000
-48.000000
-12.000000
-28.000000
-24.000000
-8.000000
-52.000000
-52.000000
-60.000000
-60.000000
-48.000000
-64.000000
-48.000000
-36.000000
-84.000000
-80.000000
-64.000000
-76.000000
-48.000000
-64.000000
-80.000000
-56.000000
-52.000000
-76.000000
-64.000000
-72.000000
-64.000000
-48.000000
-76.000000
-36.000000
-40.000000
-48.000000
-40.000000
-8.000000
-84.000000
-52.000000
-52.000000
-36.000000
-32.000000
-40.000000
-52.000000
-8.000000
-60.000000
-56.000000
-44.000000
-32.000000
-36.000000
-16.000000
-36.000000
0.000000
-44.000000
-32.000000
-12.000000
-8.000000
8.000000
-40.000000
-40.000000
-64.000000
-36.000000
-44.000000
-32.000000
-52.000000
-44.000000
-20.000000
-40.000000
-44.000000
-24.000000
-48.000000
-36.000000
-44.000000
-48.000000
-28.000000
-24.000000
-36.000000
-20.000000
-12.000000
-12.000000
-36.000000
-44.000000
-28.000000
-16.000000
-20.000000
-12.000000
-8.000000
-44.000000
0.000000
-16.000000
-16.000000
-28.000000
-32.000000
0.000000
-12.000000
-20.000000
-12.000000
-24.000000
-44.000000
0.000000
-8.000000
-16.000000
-28.000000
-12.000000
-44.000000
-12.000000
-44.000000
-28.000000
-64.000000
-60.000000
-60.000000
-60.000000
-36.000000
-36.000000
-28.000000
-12.000000
-20.000000
-20.000000
-36.000000
-36.000000
-12.000000
-36.000000
-16.000000
-60.000000
-48.000000
-8.000000
-32.000000
-4.000000
-8.000000
-20.000000
-28.000000
0.000000
-4.000000
-44.000000
-20.000000
4.000000
-24.000000
-12.000000
-16.000000
-36.000000
-16.000000
-36.000000
-20.000000
-20.000000
-28.000000
-24.000000
-44.000000
-64.000000
-24.000000
-32.000000
-52.000000
-28.000000
-36.000000
-32.000000
-48.000000
-68.000000
-72.000000
-60.000000
-52.000000
-44.000000
-24.000000
