580.000000
820.000000
1044.000000
1216.000000
1312.000000
1328.000000
1252.000000
1072.000000
756.000000
396.000000
-40.000000
-548.000000
-1040.000000
-1464.000000
-1860.000000
-2112.000000
-2284.000000
-2260.000000
-2112.000000
-1812.000000
-1376.000000
-852.000000
-268.000000
364.000000
920.000000
1428.000000
1812.000000
2080.000000
2184.000000
2168.000000
1956.000000
1684.000000
1280.000000
828.000000
336.000000
-156.000000
-580.000000
-936.000000
-1188.000000
-1348.000000
-1416.000000
-1380.000000
-1232.000000
-1076.000000
-812.000000
-572.000000
-316.000000
-132.000000
-48.000000
-36.000000
-16.000000
-32.000000
-48.000000
-64.000000
-20.000000
-52.000000
-40.000000
-44.000000
-48.000000
-64.000000
-52.000000
-76.000000
-32.000000
-44.000000
-44.000000
-40.000000
-44.000000
-20.000000
-32.000000
-36.000000
-20.000000
-52.000000
-20.000000
-52.000000
-44.000000
-4.000000
-80.000000
-36.000000
-72.000000
-8.000000
-40.000000
-40.000000
-40.000000
-44.000000
-64.000000
-44.000000
-68.000000
-36.000000
-72.000000
-64.000000
-52.000000
-80.000000
-72.000000
-76.000000
-80.000000
-84.000000
-76.000000
-52.000000
-36.000000
-64.000000
-84.000000
-52.000000
-40.000000
-72.000000
-76.000000
-80.000000
-88.000000
-92.000000
-100.000000
-84.000000
-76.000000
-40.000000
-64.000000
-64.000000
-64.000000
-48.000000
-60.000000
-24.000000
-44.000000
-24.000000
-52.000000
-68.000000
-40.000000
-64.000000
-60.000000
-56.000000
-44.000000
-56.000000
-60.000000
-40.000000
-64.000000
-88.000000
-40.000000
-84.000000
-40.000000
-52.000000
-76.000000
-60.000000
-40.000000
-100.000000
-52.000000
-64.000000
-52.000000
-88.000000
-28.000000
-52.000000
-56.000000
-64.000000
-48.000000
-32.000000
-36.000000
-16.000000
-32.000000
-60.000000
-36.000000
-56.000000
-24.000000
-32.000000
-28.000000
-48.000000
-52.000000
-44.000000
-44.000000
-40.000000
-44.000000
-32.000000
-36.000000
-16.000000
-20.000000
-12.000000
-32.000000
-28.000000
-32.000000
-52.000000
-56.000000
-52.000000
-48.000000
-28.000000
-36.000000
-52.000000
-44.000000
-40.000000
-40.000000
-28.000000
-20.000000
-44.000000
-32.000000
-44.000000
-48.000000
-32.000000
-32.000000
-24.000000
-56.000000
-36.000000
-36.000000
-24.000000
-24.000000
-28.000000
-44.000000
-52.000000
-48.000000
-28.000000
-36.000000
-28.000000
-60.000000
-24.000000
0.000000
-32.000000
-28.000000
-28.000000
-64.000000
-20.000000
4.000000
0.000000
-36.000000
-16.000000
-40.000000
-44.000000
-60.000000
-56.000000
-60.000000
-80.000000
-68.000000
-52.000000
-80.000000
-64.000000
-36.000000
-80.000000
-48.000000
-44.000000
-32.000000
-32.000000
-12.000000
-32.000000
-44.000000
-56.000000
-32.000000
-36.000000
-32.000000
-36.000000
-36.000000
-44.000000
-60.000000
-40.000000
-48.000000
-60.000000
-28.000000
-36.000000
-40.000000
-40.000000
-36.000000
-52.000000
-12.000000
-36.000000
-28.000000
-52.000000
-24.000000
-40.000000
-48.000000
-32.000000
-44.000000
-40.000000
-44.000000
-56.000000
-48.000000
-56.000000
-64.000000
-36.000000
-64.000000
-72.000000
-48.000000
-64.000000
-72.000000
-36.000000
-28.000000
-36.000000
-32.000000
-4.000000
-44.000000
-44.000000
-16.000000
-16.000000
-20.000000
-32.000000
-48.000000
-40.000000
-32.000000
-48.000000
-4.000000
-44.000000
-24.000000
-40.000000
-32.000000
-24.000000
-48.000000
-36.000000
-28.000000
-68.000000
-48.000000
-36.000000
-48.000000
-32.000000
-32.000000
-48.000000
-28.000000
-28.000000
-44.000000
-44.000000
-60.000000
-40.000000
-24.000000
-32.000000
-44.000000
-56.000000
-44.000000
-48.000000
-44.000000
-32.000000
-32.000000
-68.000000
-44.000000
-36.000000
-44.000000
-36.000000
-40.000000
-44.000000
-28.000000
-40.000000
-44.000000
-52.000000
-44.000000
-52.000000
-52.000000
-64.000000
-72.000000
-76.000000
-52.000000
-76.000000
-64.000000
-76.000000
-72.000000
-88.000000
-80.000000
-76.000000
-92.000000
-60.000000
-88.000000
-36.000000
-80.000000
-84.000000
-32.000000
-72.000000
-92.000000
-44.000000
-72.000000
-92.000000
-52.000000
-56.000000
-60.000000
-60.000000
-56.000000
-72.000000
-64.000000
-84.000000
-80.000000
-68.000000
-40.000000
-32.000000
-32.000000
-64.000000
0.000000
-24.000000
-60.000000
-60.000000
-44.000000
-84.000000
-44.000000
-68.000000
-84.000000
-56.000000
-48.000000
-80.000000
-52.000000
-44.000000
-72.000000
-72.000000
-60.000000
-88.000000
-44.000000
-64.000000
-48.000000
-64.000000
-40.000000
-52.000000
-36.000000
-56.000000
-36.000000
-56.000000
-20.000000
-40.000000
-40.000000
-76.000000
-48.000000
-56.000000
-32.000000
-60.000000
-52.000000
-40.000000
-48.000000
-36.000000
-24.000000
-56.000000
-60.000000
-16.000000
-32.000000
-20.000000
-20.000000
-20.000000
-16.000000
-24.000000
-36.000000
-48.000000
-44.000000
-52.000000
-24.000000
-32.000000
-40.000000
-44.000000
-56.000000
-40.000000
-80.000000
-72.000000
-28.000000
-44.000000
-28.000000
-40.000000
-28.000000
-36.000000
-32.000000
-52.000000
-44.000000
-44.000000
-32.000000
-48.000000
-28.000000
-20.000000
-24.000000
-28.000000
-24.000000
-44.000000
-12.000000
-16.000000
-28.000000
-32.000000
-16.000000
-20.000000
-4.000000
-20.000000
-28.000000
-60.000000
-32.000000
-28.000000
-8.000000
-16.000000
-28.000000
-32.000000
-44.000000
-52.000000
-72.000000
-92.000000
-48.000000
-100.000000
-52.000000
-60.000000
-64.000000
-52.000000
-52.000000
-36.000000
-36.000000
-36.000000
-80.000000
-36.000000
-44.000000
-24.000000
-36.000000
-36.000000
-32.000000
-28.000000
-28.000000
-36.000000
-28.000000
-36.000000
-36.000000
-60.000000
-24.000000
-24.000000
-36.000000
-44.000000
-40.000000
-20.000000
-64.000000
-52.000000
-52.000000
-36.000000
-28.000000
-32.000000
-44.000000
-32.000000
-52.000000
-56.000000
-48.000000
-56.000000
-48.000000
-76.000000
-48.000000
-60.000000
-80.000000
-52.000000
-52.000000
-48.000000
-72.000000
-52.000000
-36.000000
-40.000000
-44.000000
-44.000000
-28.000000
0.000000
-28.000000
-32.000000
-4.000000
-32.000000
-36.000000
-24.000000
-44.000000
-32.000000
-32.000000
-44.000000
-48.000000
-32.000000
-44.000000
-36.000000
4.000000
-52.000000
-24.000000
-20.000000
-28.000000
-32.000000
-52.000000
-52.000000
-52.000000
-44.000000
-32.000000
-48.000000
-60.000000
-40.000000
-28.000000
-60.000000
-32.000000
-52.000000
-40.000000
-28.000000
-52.000000
-48.000000
-48.000000
-76.000000
-92.000000
-48.000000
-40.000000
-56.000000
-40.000000
-48.000000
-20.000000
-56.000000
-40.000000
-64.000000
-32.000000
-68.000000
-36.000000
-52.000000
-68.000000
-64.000000
-52.000000
-76.000000
-64.000000
-60.000000
-84.000000
-52.000000
-72.000000
-72.000000
-60.000000
-64.000000
-96.000000
-88.000000
-104.000000
-64.000000
-84.000000
-96.000000
-80.000000
-76.000000
-60.000000
-108.000000
-88.000000
-60.000000
-88.000000
-116.000000
-84.000000
-96.000000
-60.000000
-72.000000
-68.000000
-92.000000
-100.000000
-92.000000
-76.000000
-72.000000
-60.000000
-52.000000
-32.000000
-48.000000
-48.000000
-32.000000
-36.000000
-88.000000
-56.000000
-80.000000
-60.000000
-96.000000
-76.000000
-80.000000
-36.000000
-60.000000
-64.000000
-64.000000
-76.000000
-48.000000
-48.000000
-60.000000
-64.000000
-44.000000
-64.000000
-32.000000
-80.000000
-76.000000
-52.000000
-44.000000
-88.000000
-52.000000
-48.000000
-32.000000
-44.000000
-44.000000
-56.000000
-48.000000
-48.000000
-36.000000
-36.000000
-36.000000
-52.000000
-56.000000
-40.000000
-52.000000
-44.000000
-56.000000
-40.000000
-36.000000
-8.000000
-8.000000
-12.000000
-32.000000
-20.000000
-48.000000
-32.000000
-32.000000
-40.000000
-36.000000
-56.000000
-24.000000
-48.000000
-48.000000
-32.000000
-64.000000
-48.000000
-24.000000
-32.000000
-40.000000
-52.000000
-28.000000
-44.000000
-32.000000
-28.000000
-36.000000
-48.000000
-20.000000
-40.000000
-24.000000
-12.000000
-16.000000
-36.000000
-40.000000
-40.000000
-44.000000
4.000000
-36.000000
-44.000000
-28.000000
4.000000
-20.000000
-20.000000
-32.000000
-48.000000
-44.000000
-8.000000
-16.000000
-8.000000
-28.000000
-36.000000
-16.000000
-44.000000
-104.000000
-76.000000
-88.000000
-84.000000
-48.000000
-44.000000
-52.000000
-48.000000
-44.000000
-40.000000
-48.000000
-44.000000
-48.000000
4.000000
-56.000000
-28.000000
-28.000000
-32.000000
-28.000000
-20.000000
-28.000000
-8.000000
-16.000000
-8.000000
-12.000000
-36.000000
-12.000000
-48.000000
-44.000000
-12.000000
-44.000000
-12.000000
-44.000000
-40.000000
-48.000000
-12.000000
-20.000000
-44.000000
-36.000000
-28.000000
-44.000000
-40.000000
-40.000000
-40.000000
-44.000000
-32.000000
-36.000000
-76.000000
-48.000000
-72.000000
-48.000000
-60.000000
-20.000000
-36.000000
-28.000000
-28.000000
-32.000000
-16.000000
-12.000000
-20.000000
-16.000000
-28.000000
-16.000000
-28.000000
-24.000000
-4.000000
-16.000000
-32.000000
0.000000
-40.000000
-44.000000
-32.000000
-36.000000
-52.000000
-20.000000
-20.000000
-24.000000
-28.000000
-48.000000
-44.000000
-40.000000
-40.000000
-20.000000
-36.000000
-40.000000
-52.000000
-56.000000
-28.000000
-52.000000
-52.000000
-48.000000
-48.000000
-44.000000
-52.000000
-48.000000
-52.000000
-52.000000
-72.000000
-40.000000
-48.000000
-40.000000
-36.000000
-52.000000
-40.000000
-40.000000
-20.000000
-16.000000
-36.000000
-36.000000
-36.000000
-68.000000
-16.000000
-80.000000
-44.000000
-64.000000
-48.000000
-64.000000
-60.000000
-60.000000
-76.000000
-88.000000
-64.000000
-92.000000
-88.000000
-88.000000
-64.000000
-64.000000
-44.000000
-76.000000
-68.000000
-68.000000
-48.000000
-76.000000
-88.000000
-84.000000
-80.000000
-84.000000
-56.000000
-72.000000
-92.000000
-64.000000
-84.000000
-64.000000
-68.000000
-104.000000
-64.000000
-64.000000
-96.000000
-64.000000
-40.000000
-28.000000
-20.000000
-40.000000
-52.000000
-72.000000
-64.000000
-64.000000
-88.000000
-60.000000
-64.000000
-56.000000
-96.000000
-72.000000
-88.000000
-64.000000
-76.000000
-64.000000
-68.000000
-60.000000
-88.000000
-72.000000
-60.000000
-56.000000
-64.000000
-36.000000
-40.000000
-48.000000
-52.000000
-48.000000
-68.000000
-36.000000
-84.000000
-64.000000
-48.000000
-36.000000
-52.000000
-68.000000
-64.000000
-36.000000
-60.000000
-32.000000
-64.000000
-52.000000
-52.000000
-44.000000
-36.000000
-28.000000
-32.000000
-8.000000
-28.000000
-36.000000
-40.000000
-40.000000
-64.000000
-52.000000
-60.000000
-80.000000
-48.000000
-48.000000
-72.000000
-72.000000
-56.000000
-72.000000
-28.000000
-52.000000
-60.000000
-44.000000
-56.000000
-48.000000
-52.000000
-40.000000
-28.000000
-60.000000
-52.000000
-32.000000
-44.000000
-64.000000
-28.000000
-48.000000
-52.000000
-40.000000
-52.000000
-48.000000
-24.000000
-20.000000
-24.000000
-44.000000
-12.000000
-20.000000
-28.000000
-48.000000
-32.000000
-36.000000
-36.000000
-44.000000
-36.000000
-16.000000
-56.000000
-56.000000
-60.000000
-96.000000
-56.000000
-68.000000
-40.000000
-76.000000
-52.000000
-56.000000
-52.000000
-48.000000
-56.000000
-56.000000
-48.000000
-36.000000
-40.000000
-48.000000
-36.000000
-68.000000
-56.000000
-52.000000
-72.000000
-24.000000
-32.000000
-36.000000
-28.000000
-56.000000
-44.000000
-32.000000
-56.000000
-28.000000
-36.000000
-68.000000
-44.000000
-40.000000
-36.000000
-36.000000
-52.000000
-52.000000
-56.000000
-44.000000
-40.000000
-44.000000
-68.000000
-60.000000
-72.000000
-32.000000
-56.000000
-52.000000
-72.000000
-64.000000
-52.000000
-24.000000
-64.000000
-76.000000
-44.000000
-28.000000
-32.000000
-24.000000
-16.000000
-40.000000
-44.000000
-56.000000
-8.000000
-52.000000
-40.000000
-44.000000
-40.000000
-28.000000
-44.000000
-24.000000
-24.000000
-24.000000
-32.000000
-28.000000
-28.000000
-8.000000
-24.000000
-40.000000
-28.000000
-16.000000
-48.000000
-44.000000
-32.000000
-44.000000
-32.000000
-44.000000
-36.000000
-24.000000
-36.000000
-28.000000
-60.000000
-32.000000
-48.000000
-20.000000
-72.000000
-52.000000
-40.000000
-44.000000
-32.000000
-56.000000
-48.000000
-36.000000
-60.000000
-32.000000
-16.000000
-24.000000
-20.000000
-44.000000
-24.000000
-48.000000
-32.000000
-56.000000
-52.000000
-52.000000
-56.000000
-40.000000
-40.000000
-40.000000
-36.000000
-56.000000
-64.000000
-68.000000
-28.000000
-64.000000
-56.000000
-72.000000
-88.000000
-80.000000
-68.000000
-36.000000
-72.000000
-48.000000
-48.000000
-80.000000
-60.000000
-104.000000
-84.000000
-80.000000
-88.000000
-76.000000
-104.000000
-60.000000
-52.000000
-72.000000
-72.000000
-80.000000
-72.000000
-64.000000
-40.000000
-60.000000
-40.000000
-56.000000
-20.000000
-24.000000
-44.000000
-64.000000
-96.000000
-76.000000
-64.000000
-48.000000
-48.000000
-64.000000
-56.000000
-60.000000
-40.000000
-64.000000
-76.000000
-64.000000
-88.000000
-60.000000
-60.000000
-52.000000
-52.000000
-76.000000
-40.000000
-76.000000
-40.000000
-48.000000
-60.000000
-44.000000
-72.000000
-68.000000
-72.000000
-56.000000
-52.000000
-72.000000
-48.000000
-72.000000
-84.000000
-52.000000
-72.000000
-40.000000
-60.000000
-52.000000
-44.000000
-32.000000
-32.000000
-48.000000
-16.000000
-36.000000
-36.000000
-16.000000
-56.000000
-44.000000
-44.000000
-68.000000
-60.000000
-72.000000
-40.000000
-36.000000
-40.000000
-60.000000
-52.000000
-56.000000
-44.000000
-52.000000
-28.000000
-32.000000
-48.000000
-24.000000
-36.000000
-36.000000
-48.000000
-48.000000
-44.000000
-12.000000
-32.000000
-32.000000
-28.000000
-40.000000
-36.000000
-32.000000
-36.000000
-32.000000
-32.000000
-32.000000
-40.000000
-48.000000
-44.000000
-44.000000
-12.000000
-16.000000
-40.000000
-64.000000
-16.000000
-8.000000
-36.000000
-24.000000
-56.000000
-32.000000
-60.000000
-40.000000
-76.000000
-68.000000
-72.000000
-64.000000
-48.000000
-56.000000
-36.000000
-64.000000
-44.000000
-32.000000
-40.000000
-4.000000
-32.000000
-52.000000
-44.000000
-24.000000
-24.000000
-12.000000
-44.000000
-36.000000
-36.000000
-36.000000
-48.000000
-24.000000
-36.000000
-24.000000
-60.000000
-28.000000
-20.000000
-44.000000
-48.000000
-44.000000
-40.000000
-44.000000
-48.000000
-48.000000
-28.000000
-40.000000
-32.000000
-52.000000
-56.000000
-48.000000
-24.000000
-52.000000
-28.000000
-52.000000
-92.000000
-32.000000
-76.000000
-64.000000
-44.000000
-44.000000
-48.000000
-40.000000
-32.000000
-24.000000
-28.000000
-8.000000
-36.000000
0.000000
-24.000000
-24.000000
-16.000000
-28.000000
-52.000000
-24.000000
-36.000000
-20.000000
-48.000000
-48.000000
-12.000000
-28.000000
-24.000000
-36.000000
-48.000000
-36.000000
-40.000000
-12.000000
-32.000000
-24.000000
-64.000000
-40.000000
-80.000000
-48.000000
-24.000000
-44.000000
-32.000000
-40.000000
-44.000000
-56.000000
-40.000000
-48.000000
-44.000000
-72.000000
-56.000000
-36.000000
-48.000000
-48.000000
-28.000000
-36.000000
-52.000000
-16.000000
-28.000000
-24.000000
-52.000000
-28.000000
-16.000000
-36.000000
-44.000000
-48.000000
-52.000000
-20.000000
-44.000000
-40.000000
-72.000000
-36.000000
-88.000000
-56.000000
-52.000000
-72.000000
-60.000000
-60.000000
-92.000000
-76.000000
-76.000000
-64.000000
-56.000000
-76.000000
-60.000000
-76.000000
-48.000000
-76.000000
-80.000000
-76.000000
-84.000000
-76.000000
-60.000000
-76.000000
-72.000000
-56.000000
-68.000000
-60.000000
-80.000000
-84.000000
-56.000000
-88.000000
-68.000000
-28.000000
-28.000000
-60.000000
-52.000000
-44.000000
-52.000000
-76.000000
-72.000000
-44.000000
-44.000000
-60.000000
-92.000000
-64.000000
-76.000000
-72.000000
-80.000000
-72.000000
-76.000000
-64.000000
-72.000000
-60.000000
-44.000000
-52.000000
-72.000000
-64.000000
-52.000000
-52.000000
-72.000000
-20.000000
-72.000000
-60.000000
-60.000000
-64.000000
-36.000000
-40.000000
-68.000000
-32.000000
-60.000000
-48.000000
-88.000000
-32.000000
-60.000000
-44.000000
-60.000000
-32.000000
-52.000000
-44.000000
-28.000000
-32.000000
-32.000000
-12.000000
-24.000000
-24.000000
-16.000000
-68.000000
-40.000000
-64.000000
-44.000000
-36.000000
-56.000000
-48.000000
-52.000000
-72.000000
-36.000000
-56.000000
-64.000000
-56.000000
-64.000000
-52.000000
-36.000000
-44.000000
-36.000000
-40.000000
-28.000000
-64.000000
-32.000000
-40.000000
-48.000000
-48.000000
-40.000000
-56.000000
-36.000000
-32.000000
-20.000000
-28.000000
-44.000000
-64.000000
-36.000000
-28.000000
-32.000000
-32.000000
-32.000000
-44.000000
-32.000000
-44.000000
-40.000000
-32.000000
-40.000000
-8.000000
-40.000000
-48.000000
-56.000000
-68.000000
-80.000000
-56.000000
-60.000000
-80.000000
-56.000000
-64.000000
-60.000000
-32.000000
-60.000000
-52.000000
-48.000000
-32.000000
-32.000000
-32.000000
-40.000000
-32.000000
-36.000000
-32.000000
-56.000000
-56.000000
-32.000000
-44.000000
-36.000000
-32.000000
-52.000000
-32.000000
-40.000000
-64.000000
-28.000000
-60.000000
-40.000000
-48.000000
-40.000000
-48.000000
-52.000000
-40.000000
-60.000000
-40.000000
-48.000000
-44.000000
-44.000000
-44.000000
-52.000000
-52.000000
-52.000000
-60.000000
-80.000000
-84.000000
-88.000000
-64.000000
-52.000000
-36.000000
-28.000000
-36.000000
-24.000000
-16.000000
-24.000000
-28.000000
-20.000000
-36.000000
-28.000000
-4.000000
-32.000000
-36.000000
-40.000000
-32.000000
-44.000000
-24.000000
-28.000000
-56.000000
-24.000000
-44.000000
-24.000000
-44.000000
-36.000000
-32.000000
-52.000000
-52.000000
-64.000000
-52.000000
-48.000000
-48.000000
-48.000000
-44.000000
-52.000000
-44.000000
-60.000000
-60.000000
-36.000000
-48.000000
-56.000000
-60.000000
-48.000000
-36.000000
-60.000000
-48.000000
-48.000000
-36.000000
-48.000000
-36.000000
-36.000000
-60.000000
-44.000000
-32.000000
-24.000000
-24.000000
-40.000000
-40.000000
-56.000000
-72.000000
-72.000000
-52.000000
-72.000000
-64.000000
-72.000000
-84.000000
-84.000000
-84.000000
-80.000000
-80.000000
-76.000000
-96.000000
-80.000000
-92.000000
-96.000000
-52.000000
-72.000000
-68.000000
-44.000000
-88.000000
-92.000000
-80.000000
-72.000000
-80.000000
-84.000000
-72.000000
-44.000000
-96.000000
-72.000000
-72.000000
-72.000000
-80.000000
-88.000000
-80.000000
-52.000000
-92.000000
-60.000000
-40.000000
-44.000000
-24.000000
-24.000000
-48.000000
-64.000000
-76.000000
-64.000000
-68.000000
-64.000000
-68.000000
-56.000000
-88.000000
-80.000000
-84.000000
-60.000000
-48.000000
-68.000000
-92.000000
-68.000000
-84.000000
-76.000000
-56.000000
-48.000000
-84.000000
-36.000000
-96.000000
-60.000000
-40.000000
-52.000000
-52.000000
-88.000000
-72.000000
-36.000000
-52.000000
-52.000000
-76.000000
-44.000000
-72.000000
-52.000000
-60.000000
-40.000000
-36.000000
-44.000000
-80.000000
-44.000000
-48.000000
-44.000000
-20.000000
0.000000
-16.000000
-40.000000
-36.000000
-60.000000
-56.000000
-52.000000
-32.000000
-52.000000
-52.000000
-40.000000
-36.000000
-48.000000
-52.000000
-36.000000
-88.000000
-56.000000
-36.000000
-48.000000
-40.000000
-40.000000
-56.000000
-20.000000
-64.000000
-44.000000
-36.000000
-36.000000
-40.000000
-32.000000
-28.000000
-36.000000
-52.000000
-24.000000
-52.000000
-44.000000
-40.000000
-16.000000
-44.000000
-36.000000
-72.000000
-16.000000
-20.000000
-28.000000
-32.000000
-20.000000
-28.000000
-36.000000
-68.000000
-56.000000
-32.000000
-32.000000
-60.000000
-48.000000
-60.000000
-40.000000
-92.000000
-64.000000
-68.000000
-72.000000
-64.000000
-60.000000
-72.000000
-52.000000
-40.000000
-44.000000
-48.000000
-52.000000
-28.000000
-32.000000
-52.000000
-32.000000
-44.000000
-44.000000
-40.000000
-36.000000
-28.000000
-52.000000
-28.000000
-40.000000
-28.000000
-36.000000
-12.000000
-60.000000
-32.000000
-36.000000
-48.000000
-56.000000
-44.000000
-24.000000
-36.000000
-32.000000
-36.000000
-36.000000
-44.000000
-40.000000
-24.000000
-64.000000
-48.000000
-56.000000
-32.000000
-60.000000
-80.000000
-104.000000
-84.000000
-84.000000
-32.000000
-60.000000
-40.000000
-44.000000
-32.000000
-8.000000
-24.000000
-12.000000
-16.000000
-44.000000
-8.000000
-20.000000
-24.000000
-16.000000
-24.000000
-28.000000
-36.000000
-20.000000
-24.000000
-40.000000
-32.000000
-52.000000
-24.000000
-48.000000
-32.000000
-48.000000
-28.000000
-24.000000
-52.000000
-24.000000
-32.000000
-28.000000
-32.000000
-64.000000
-36.000000
-56.000000
-32.000000
-52.000000
-28.000000
-16.000000
-32.000000
-16.000000
-36.000000
-56.000000
-44.000000
-52.000000
-40.000000
-48.000000
-36.000000
-52.000000
-28.000000
-40.000000
-16.000000
-32.000000
-36.000000
-24.000000
-32.000000
-48.000000
-40.000000
-52.000000
-48.000000
-40.000000
-56.000000
-52.000000
-60.000000
-88.000000
-48.000000
-52.000000
-56.000000
-64.000000
-64.000000
-60.000000
-60.000000
-40.000000
-72.000000
-48.000000
-84.000000
-80.000000
-64.000000
-80.000000
-88.000000
-52.000000
-68.000000
-84.000000
-56.000000
-68.000000
-92.000000
-76.000000
-60.000000
-64.000000
-84.000000
-68.000000
-68.000000
-52.000000
-44.000000
-68.000000
-40.000000
-36.000000
-20.000000
-8.000000
-52.000000
-32.000000
-76.000000
-64.000000
-80.000000
-60.000000
-80.000000
-56.000000
-76.000000
-64.000000
-68.000000
-64.000000
-100.000000
-76.000000
-72.000000
-52.000000
-64.000000
-76.000000
-52.000000
-52.000000
-60.000000
-24.000000
-48.000000
-68.000000
-56.000000
-68.000000
-52.000000
-44.000000
-32.000000
-44.000000
-56.000000
-64.000000
-64.000000
-48.000000
-56.000000
-32.000000
-56.000000
-52.000000
-28.000000
-32.000000
-64.000000
-44.000000
-36.000000
-32.000000
-36.000000
-12.000000
-24.000000
-16.000000
-28.000000
-36.000000
-36.000000
-36.000000
-52.000000
-48.000000
-16.000000
-60.000000
-28.000000
-36.000000
-52.000000
-28.000000
-56.000000
-24.000000
-44.000000
-52.000000
-48.000000
-64.000000
-16.000000
-32.000000
-32.000000
-36.000000
-16.000000
-20.000000
-20.000000
-56.000000
-44.000000
-36.000000
-12.000000
-36.000000
-36.000000
-44.000000
-20.000000
-48.000000
-12.000000
-24.000000
-20.000000
-20.000000
-8.000000
-8.000000
-32.000000
-48.000000
-28.000000
-20.000000
-24.000000
-28.000000
-28.000000
-40.000000
-56.000000
-64.000000
-32.000000
-44.000000
-48.000000
-64.000000
-60.000000
-44.000000
-56.000000
-56.000000
-52.000000
-68.000000
-20.000000
-64.000000
-72.000000
-20.000000
-44.000000
-56.000000
-48.000000
-12.000000
-32.000000
-12.000000
-40.000000
-20.000000
-32.000000
-28.000000
-36.000000
-28.000000
-60.000000
-32.000000
-28.000000
-12.000000
-16.000000
-32.000000
-56.000000
-56.000000
-48.000000
-36.000000
-32.000000
-32.000000
-36.000000
-36.000000
-32.000000
-44.000000
-36.000000
-52.000000
-28.000000
-44.000000
-32.000000
-52.000000
-88.000000
-92.000000
-76.000000
-48.000000
-44.000000
-32.000000
-16.000000
-24.000000
-40.000000
-24.000000
-32.000000
-28.000000
-40.000000
-36.000000
-36.000000
-28.000000
-52.000000
-16.000000
-24.000000
-8.000000
-48.000000
-28.000000
-28.000000
-28.000000
-28.000000
-20.000000
-40.000000
-32.000000
-32.000000
-28.000000
-32.000000
