600.000000
852.000000
1064.000000
1256.000000
1308.000000
1336.000000
1196.000000
988.000000
684.000000
264.000000
-192.000000
-688.000000
-1160.000000
-1612.000000
-1916.000000
-2156.000000
-2272.000000
-2224.000000
-1984.000000
-1688.000000
-1228.000000
-732.000000
-100.000000
472.000000
1036.000000
1512.000000
1892.000000
2072.000000
2156.000000
2060.000000
1876.000000
1564.000000
1136.000000
680.000000
176.000000
-280.000000
-688.000000
-1052.000000
-1236.000000
-1404.000000
-1464.000000
-1364.000000
-1216.000000
-992.000000
-780.000000
-508.000000
-292.000000
-120.000000
-12.000000
-52.000000
-28.000000
-76.000000
0.000000
-44.000000
-20.000000
-44.000000
-48.000000
-20.000000
-24.000000
-48.000000
-36.000000
-24.000000
-16.000000
-40.000000
-24.000000
-32.000000
0.000000
-52.000000
-4.000000
-40.000000
-8.000000
-52.000000
-32.000000
-28.000000
-68.000000
-36.000000
-44.000000
-52.000000
-48.000000
-20.000000
-40.000000
-32.000000
-40.000000
-64.000000
-20.000000
-40.000000
-52.000000
-32.000000
-44.000000
-24.000000
-12.000000
-32.000000
-24.000000
-16.000000
-48.000000
-44.000000
-24.000000
-32.000000
4.000000
-48.000000
-40.000000
-16.000000
-12.000000
4.000000
-4.000000
-48.000000
-40.000000
-20.000000
-16.000000
20.000000
-24.000000
-20.000000
-44.000000
-32.000000
-32.000000
-44.000000
-52.000000
-44.000000
-80.000000
-56.000000
-40.000000
-64.000000
-68.000000
-44.000000
-56.000000
-12.000000
-40.000000
-20.000000
-28.000000
-20.000000
-24.000000
-12.000000
-36.000000
0.000000
-32.000000
-24.000000
0.000000
-36.000000
-40.000000
-16.000000
-48.000000
-40.000000
-28.000000
-36.000000
-24.000000
-44.000000
-36.000000
-20.000000
-52.000000
-48.000000
8.000000
-24.000000
-24.000000
-24.000000
-64.000000
-24.000000
-52.000000
-40.000000
-44.000000
-32.000000
-32.000000
-52.000000
-32.000000
-32.000000
-68.000000
-44.000000
-72.000000
-68.000000
-40.000000
-24.000000
-48.000000
-16.000000
-44.000000
-32.000000
-72.000000
-20.000000
-20.000000
-16.000000
-28.000000
-56.000000
-12.000000
-28.000000
-44.000000
-16.000000
-28.000000
-20.000000
-28.000000
-36.000000
-28.000000
-32.000000
0.000000
-8.000000
-16.000000
-48.000000
-32.000000
-12.000000
-28.000000
-24.000000
-24.000000
-28.000000
-8.000000
-36.000000
-32.000000
-28.000000
-44.000000
-28.000000
-16.000000
-36.000000
-36.000000
-20.000000
-16.000000
-48.000000
-24.000000
-36.000000
-36.000000
-20.000000
-20.000000
-16.000000
-28.000000
-24.000000
-36.000000
-12.000000
-48.000000
-32.000000
-12.000000
-28.000000
-28.000000
-48.000000
-68.000000
-40.000000
-52.000000
-24.000000
-44.000000
-56.000000
-84.000000
-64.000000
-24.000000
-60.000000
-60.000000
-44.000000
-68.000000
-72.000000
-76.000000
-32.000000
-44.000000
-64.000000
-68.000000
-36.000000
-44.000000
-44.000000
-52.000000
-44.000000
-56.000000
-52.000000
-56.000000
-48.000000
-44.000000
-52.000000
-60.000000
-64.000000
-76.000000
-56.000000
-80.000000
-44.000000
-28.000000
-32.000000
-8.000000
4.000000
-12.000000
-52.000000
-52.000000
-32.000000
-40.000000
-20.000000
-48.000000
-44.000000
-48.000000
-60.000000
-28.000000
-48.000000
-60.000000
-48.000000
-36.000000
-40.000000
-68.000000
-36.000000
-20.000000
-80.000000
-40.000000
-60.000000
-52.000000
-28.000000
-60.000000
-40.000000
-28.000000
-48.000000
-48.000000
-24.000000
-28.000000
-44.000000
-12.000000
-36.000000
-36.000000
-48.000000
-32.000000
-40.000000
-36.000000
-36.000000
-32.000000
-12.000000
0.000000
-28.000000
-36.000000
-12.000000
-36.000000
-8.000000
-24.000000
-16.000000
-32.000000
-56.000000
-40.000000
-32.000000
-44.000000
-28.000000
-44.000000
-48.000000
-28.000000
-40.000000
-32.000000
-36.000000
-24.000000
-32.000000
-40.000000
-36.000000
-20.000000
-40.000000
-16.000000
-28.000000
-48.000000
-4.000000
-32.000000
-16.000000
-12.000000
-36.000000
-24.000000
-20.000000
-44.000000
-8.000000
-16.000000
-44.000000
-12.000000
-8.000000
0.000000
-40.000000
4.000000
-8.000000
-16.000000
-28.000000
-40.000000
-28.000000
-16.000000
-12.000000
-20.000000
-24.000000
-20.000000
-24.000000
-48.000000
-56.000000
-40.000000
-40.000000
-52.000000
-44.000000
-52.000000
-52.000000
-32.000000
-36.000000
-32.000000
-28.000000
-44.000000
-40.000000
-12.000000
-24.000000
-8.000000
-40.000000
-40.000000
-24.000000
-28.000000
-44.000000
-20.000000
-28.000000
-16.000000
4.000000
-24.000000
-20.000000
-12.000000
-24.000000
-28.000000
-32.000000
-36.000000
-4.000000
-48.000000
-24.000000
-36.000000
-44.000000
-36.000000
-32.000000
-28.000000
-32.000000
-32.000000
-52.000000
-24.000000
-28.000000
-48.000000
-16.000000
-48.000000
-56.000000
-48.000000
-56.000000
-44.000000
-20.000000
-20.000000
-32.000000
0.000000
0.000000
-4.000000
-8.000000
-12.000000
-20.000000
8.000000
-8.000000
0.000000
-32.000000
12.000000
-16.000000
-24.000000
-4.000000
-32.000000
-32.000000
-40.000000
-40.000000
4.000000
-52.000000
-24.000000
-40.000000
-20.000000
0.000000
-24.000000
-16.000000
-28.000000
0.000000
-44.000000
-44.000000
-36.000000
-12.000000
-28.000000
-28.000000
-48.000000
-20.000000
-20.000000
-32.000000
-36.000000
-28.000000
-24.000000
-72.000000
-48.000000
-64.000000
-56.000000
-48.000000
-36.000000
-12.000000
-12.000000
-28.000000
-48.000000
-48.000000
-12.000000
-56.000000
-28.000000
-60.000000
-36.000000
-56.000000
-32.000000
-48.000000
-64.000000
-52.000000
-52.000000
-36.000000
-52.000000
-80.000000
-48.000000
-64.000000
-32.000000
-32.000000
-76.000000
-44.000000
-60.000000
-56.000000
-48.000000
-76.000000
-56.000000
-88.000000
-72.000000
-72.000000
-48.000000
-60.000000
-60.000000
-84.000000
-40.000000
-80.000000
-52.000000
-84.000000
-68.000000
-52.000000
-84.000000
-56.000000
-32.000000
-40.000000
4.000000
-28.000000
-24.000000
-36.000000
-48.000000
-44.000000
-36.000000
-60.000000
-48.000000
-52.000000
-60.000000
-60.000000
-56.000000
-52.000000
-40.000000
-72.000000
-64.000000
-40.000000
-36.000000
-36.000000
-60.000000
-32.000000
-28.000000
-8.000000
-60.000000
-40.000000
-52.000000
-32.000000
-48.000000
-36.000000
-76.000000
-44.000000
-44.000000
-40.000000
-24.000000
-28.000000
-60.000000
-72.000000
-12.000000
-32.000000
-24.000000
-44.000000
-76.000000
-28.000000
-32.000000
-32.000000
-60.000000
-28.000000
-4.000000
-24.000000
-4.000000
-16.000000
-20.000000
-36.000000
-24.000000
-40.000000
-48.000000
-48.000000
-16.000000
-56.000000
-44.000000
-48.000000
-48.000000
-44.000000
-48.000000
-32.000000
-24.000000
-12.000000
-36.000000
-52.000000
-40.000000
-24.000000
-24.000000
-12.000000
-20.000000
-36.000000
-12.000000
-24.000000
-40.000000
-8.000000
-28.000000
-48.000000
4.000000
-28.000000
-8.000000
-16.000000
-36.000000
-36.000000
-32.000000
-28.000000
-8.000000
-20.000000
-20.000000
-12.000000
-28.000000
-52.000000
-28.000000
-28.000000
-8.000000
-32.000000
-48.000000
-68.000000
-72.000000
-52.000000
-52.000000
-48.000000
-64.000000
-44.000000
-52.000000
-52.000000
-44.000000
-28.000000
-24.000000
-28.000000
-48.000000
-28.000000
-32.000000
-16.000000
-32.000000
-52.000000
0.000000
-36.000000
-4.000000
-28.000000
-24.000000
-36.000000
-12.000000
-8.000000
-32.000000
-36.000000
-16.000000
-12.000000
-36.000000
-8.000000
-32.000000
-44.000000
-28.000000
-36.000000
-24.000000
-48.000000
-36.000000
-16.000000
-48.000000
-32.000000
-28.000000
-32.000000
-32.000000
-40.000000
-48.000000
-68.000000
-36.000000
-44.000000
-28.000000
-64.000000
-24.000000
-16.000000
-36.000000
-8.000000
-36.000000
-8.000000
-28.000000
-28.000000
-52.000000
-4.000000
-24.000000
-36.000000
-16.000000
0.000000
16.000000
4.000000
-8.000000
-12.000000
-16.000000
-16.000000
-24.000000
-16.000000
-28.000000
-44.000000
-20.000000
-40.000000
-12.000000
-32.000000
-24.000000
-16.000000
-24.000000
-20.000000
-44.000000
-28.000000
-4.000000
-40.000000
-24.000000
-28.000000
-40.000000
-12.000000
-32.000000
-48.000000
-24.000000
-44.000000
-28.000000
-36.000000
-20.000000
-28.000000
-44.000000
-36.000000
-28.000000
-16.000000
-8.000000
-8.000000
-36.000000
-24.000000
-28.000000
-16.000000
-36.000000
-28.000000
-40.000000
-32.000000
-28.000000
-64.000000
-60.000000
-36.000000
-56.000000
-36.000000
-48.000000
-60.000000
-72.000000
-52.000000
-36.000000
-60.000000
-48.000000
-52.000000
-76.000000
-48.000000
-96.000000
-52.000000
-64.000000
-52.000000
-36.000000
-40.000000
-76.000000
-72.000000
-72.000000
-40.000000
-56.000000
-52.000000
-72.000000
-60.000000
-64.000000
-72.000000
-20.000000
0.000000
-24.000000
-44.000000
-36.000000
-36.000000
-4.000000
-80.000000
-52.000000
-68.000000
-68.000000
-48.000000
-12.000000
-32.000000
-64.000000
-72.000000
-56.000000
-36.000000
-60.000000
-60.000000
-64.000000
-24.000000
-60.000000
-44.000000
-52.000000
-64.000000
-28.000000
-16.000000
-40.000000
-72.000000
-48.000000
-36.000000
-60.000000
-12.000000
-28.000000
-52.000000
-44.000000
-60.000000
-20.000000
-64.000000
-32.000000
-44.000000
-12.000000
-48.000000
-32.000000
-60.000000
-24.000000
-20.000000
-60.000000
-28.000000
-16.000000
-36.000000
-12.000000
-16.000000
-24.000000
-40.000000
-24.000000
-28.000000
-44.000000
-36.000000
-36.000000
-24.000000
-32.000000
-28.000000
-36.000000
-32.000000
4.000000
-44.000000
-20.000000
-44.000000
-48.000000
-16.000000
-40.000000
-40.000000
-24.000000
-40.000000
-28.000000
-24.000000
-24.000000
-24.000000
-20.000000
-40.000000
-20.000000
-8.000000
-8.000000
-16.000000
-12.000000
-16.000000
-28.000000
-12.000000
-32.000000
-32.000000
-8.000000
-8.000000
-28.000000
-36.000000
-24.000000
-20.000000
-24.000000
4.000000
-24.000000
-40.000000
-44.000000
-68.000000
-72.000000
-36.000000
-60.000000
-48.000000
-56.000000
-64.000000
-44.000000
-32.000000
-32.000000
-40.000000
-24.000000
-36.000000
-36.000000
-52.000000
-36.000000
-12.000000
-12.000000
0.000000
-40.000000
-40.000000
-36.000000
-8.000000
-32.000000
-32.000000
-32.000000
-4.000000
-28.000000
-36.000000
-12.000000
-52.000000
-40.000000
-12.000000
-48.000000
-52.000000
-44.000000
-40.000000
-24.000000
-24.000000
-40.000000
-44.000000
-28.000000
-24.000000
-40.000000
-36.000000
-32.000000
-48.000000
-72.000000
-44.000000
-76.000000
-60.000000
-48.000000
-32.000000
-16.000000
-8.000000
-12.000000
4.000000
-36.000000
0.000000
-16.000000
-24.000000
-20.000000
-8.000000
-20.000000
-20.000000
-28.000000
-8.000000
-8.000000
-48.000000
16.000000
-20.000000
-12.000000
-20.000000
-16.000000
0.000000
-20.000000
-16.000000
-16.000000
-16.000000
-12.000000
-28.000000
-28.000000
-8.000000
-32.000000
-24.000000
-32.000000
-16.000000
-52.000000
-12.000000
-56.000000
-32.000000
-48.000000
-56.000000
-24.000000
-40.000000
-44.000000
-48.000000
-28.000000
-40.000000
-28.000000
-32.000000
-44.000000
-32.000000
-20.000000
-8.000000
-20.000000
-16.000000
-24.000000
-20.000000
-4.000000
-24.000000
-56.000000
-28.000000
-60.000000
-24.000000
-68.000000
-20.000000
-32.000000
-72.000000
-64.000000
-60.000000
-52.000000
-48.000000
-76.000000
-64.000000
-72.000000
-84.000000
-84.000000
-52.000000
-64.000000
-64.000000
-60.000000
-64.000000
-64.000000
-32.000000
-52.000000
-108.000000
-56.000000
-72.000000
-80.000000
-68.000000
-32.000000
-88.000000
-44.000000
-64.000000
-48.000000
-64.000000
-36.000000
-28.000000
-20.000000
-16.000000
-32.000000
-52.000000
-36.000000
-52.000000
-32.000000
-36.000000
-64.000000
-44.000000
-44.000000
-56.000000
-60.000000
-64.000000
-64.000000
-48.000000
-72.000000
-44.000000
-56.000000
-52.000000
-52.000000
-44.000000
-28.000000
-36.000000
-36.000000
-24.000000
-52.000000
-40.000000
-72.000000
-44.000000
-56.000000
-64.000000
0.000000
-72.000000
-40.000000
-60.000000
-20.000000
-60.000000
-40.000000
-52.000000
-20.000000
-20.000000
-72.000000
-36.000000
-28.000000
-44.000000
-60.000000
-20.000000
-20.000000
-20.000000
-20.000000
-16.000000
-24.000000
-40.000000
-48.000000
-48.000000
-36.000000
-56.000000
-24.000000
-60.000000
-44.000000
-64.000000
-40.000000
-52.000000
-24.000000
-48.000000
-28.000000
-64.000000
-28.000000
-52.000000
-20.000000
-56.000000
-20.000000
-44.000000
-32.000000
-44.000000
-44.000000
-32.000000
-40.000000
-20.000000
-44.000000
-40.000000
-36.000000
-28.000000
-8.000000
-24.000000
-56.000000
-44.000000
-36.000000
-36.000000
-24.000000
-32.000000
-44.000000
-28.000000
-28.000000
-20.000000
0.000000
-4.000000
-32.000000
-32.000000
-20.000000
-72.000000
-40.000000
-28.000000
-44.000000
-44.000000
-36.000000
-60.000000
-32.000000
-24.000000
-32.000000
-4.000000
-52.000000
-36.000000
-60.000000
-12.000000
-56.000000
-32.000000
-44.000000
-32.000000
-36.000000
-36.000000
-12.000000
-24.000000
-56.000000
-24.000000
-12.000000
-12.000000
-44.000000
-8.000000
-52.000000
-16.000000
-24.000000
-36.000000
-12.000000
-20.000000
-28.000000
-12.000000
-24.000000
-52.000000
-24.000000
-32.000000
-32.000000
-36.000000
-28.000000
-28.000000
-32.000000
-32.000000
-40.000000
-72.000000
-32.000000
-60.000000
-24.000000
-32.000000
-24.000000
-36.000000
-16.000000
-12.000000
4.000000
-12.000000
0.000000
-16.000000
-28.000000
-24.000000
-16.000000
-8.000000
-8.000000
-24.000000
-8.000000
-8.000000
-32.000000
-12.000000
-28.000000
-20.000000
-8.000000
-24.000000
-20.000000
-28.000000
-4.000000
-16.000000
-32.000000
-40.000000
-36.000000
-16.000000
-28.000000
-8.000000
-28.000000
-32.000000
-28.000000
-36.000000
-12.000000
-24.000000
-40.000000
-36.000000
-24.000000
-52.000000
-36.000000
-40.000000
-28.000000
-36.000000
-32.000000
-44.000000
-20.000000
-40.000000
-52.000000
-8.000000
-8.000000
-56.000000
-24.000000
-12.000000
-28.000000
-36.000000
-44.000000
-56.000000
-36.000000
-68.000000
-44.000000
-40.000000
-36.000000
-52.000000
-44.000000
-76.000000
-60.000000
-80.000000
-76.000000
-76.000000
-56.000000
-68.000000
-80.000000
-44.000000
-44.000000
-56.000000
-40.000000
-88.000000
-68.000000
-56.000000
-72.000000
-24.000000
-72.000000
-52.000000
-64.000000
-48.000000
-28.000000
-52.000000
-48.000000
-92.000000
-48.000000
-88.000000
-44.000000
-8.000000
-12.000000
-12.000000
-32.000000
-44.000000
-28.000000
-60.000000
-72.000000
-44.000000
-64.000000
-40.000000
-44.000000
-72.000000
-72.000000
-56.000000
-52.000000
-52.000000
-48.000000
-48.000000
-64.000000
-40.000000
-36.000000
-52.000000
-52.000000
-60.000000
-76.000000
-52.000000
-40.000000
-44.000000
-52.000000
-40.000000
-44.000000
-24.000000
-40.000000
-40.000000
-28.000000
-64.000000
-44.000000
-24.000000
-80.000000
-8.000000
-36.000000
-44.000000
-16.000000
-48.000000
-44.000000
-52.000000
-12.000000
-36.000000
-20.000000
-32.000000
-24.000000
-40.000000
-32.000000
-36.000000
-44.000000
-32.000000
-56.000000
-32.000000
-52.000000
-44.000000
-52.000000
-44.000000
-36.000000
-32.000000
-36.000000
-48.000000
-32.000000
-36.000000
-32.000000
-52.000000
-36.000000
-56.000000
-32.000000
-36.000000
-32.000000
-12.000000
0.000000
-40.000000
-32.000000
-32.000000
-16.000000
-20.000000
-24.000000
-44.000000
-40.000000
-36.000000
-20.000000
-4.000000
-16.000000
-8.000000
-32.000000
-16.000000
-56.000000
0.000000
-24.000000
-40.000000
-8.000000
-52.000000
-8.000000
-44.000000
-40.000000
-68.000000
-72.000000
-52.000000
-48.000000
-72.000000
-32.000000
-44.000000
-52.000000
-40.000000
-44.000000
-28.000000
-48.000000
-20.000000
-36.000000
-12.000000
-48.000000
-32.000000
-20.000000
-36.000000
-8.000000
-40.000000
-52.000000
-32.000000
-28.000000
-20.000000
-20.000000
-48.000000
-40.000000
-32.000000
-52.000000
-40.000000
-40.000000
-20.000000
-16.000000
-44.000000
-48.000000
-28.000000
-24.000000
-52.000000
-52.000000
-48.000000
-36.000000
-16.000000
-44.000000
-36.000000
-28.000000
-60.000000
-68.000000
-60.000000
-60.000000
-44.000000
-40.000000
-40.000000
-24.000000
-16.000000
-24.000000
-8.000000
-40.000000
-8.000000
-12.000000
-4.000000
-36.000000
-40.000000
0.000000
-36.000000
4.000000
-36.000000
-8.000000
4.000000
-32.000000
0.000000
-24.000000
4.000000
-24.000000
-16.000000
-28.000000
-32.000000
-8.000000
-44.000000
-40.000000
-20.000000
-28.000000
-24.000000
-32.000000
-40.000000
-48.000000
-28.000000
-36.000000
-32.000000
-32.000000
-24.000000
-28.000000
-44.000000
-48.000000
-20.000000
-40.000000
-44.000000
-52.000000
-44.000000
-24.000000
-32.000000
-40.000000
-20.000000
-24.000000
-16.000000
-32.000000
-36.000000
-16.000000
-36.000000
-44.000000
-40.000000
-36.000000
-44.000000
-40.000000
-72.000000
-52.000000
-72.000000
-104.000000
-76.000000
-84.000000
-64.000000
-28.000000
-36.000000
-36.000000
-76.000000
-64.000000
-52.000000
-60.000000
-24.000000
-72.000000
-56.000000
-56.000000
-52.000000
-68.000000
-72.000000
-16.000000
-56.000000
-52.000000
-56.000000
-72.000000
-56.000000
-76.000000
-44.000000
-60.000000
-92.000000
-68.000000
-64.000000
-44.000000
-20.000000
-44.000000
-28.000000
-56.000000
-40.000000
-44.000000
-32.000000
-36.000000
-48.000000
-64.000000
-44.000000
-64.000000
-60.000000
-40.000000
-44.000000
-40.000000
-60.000000
-76.000000
-36.000000
-80.000000
-64.000000
-36.000000
-44.000000
-52.000000
-24.000000
-76.000000
4.000000
-52.000000
-16.000000
-60.000000
-36.000000
-64.000000
-56.000000
-48.000000
-32.000000
-32.000000
-52.000000
-64.000000
-28.000000
-28.000000
-56.000000
-44.000000
-16.000000
-24.000000
-40.000000
-36.000000
-32.000000
-32.000000
-32.000000
0.000000
0.000000
0.000000
-24.000000
-40.000000
-24.000000
-48.000000
-48.000000
-24.000000
-40.000000
-32.000000
-36.000000
-24.000000
-44.000000
-76.000000
-36.000000
-40.000000
-36.000000
-28.000000
-32.000000
-28.000000
-32.000000
-44.000000
-36.000000
-44.000000
-36.000000
-28.000000
-64.000000
-40.000000
-40.000000
-28.000000
-40.000000
-40.000000
-28.000000
-24.000000
-32.000000
-28.000000
-28.000000
-32.000000
-12.000000
-12.000000
-4.000000
-20.000000
-28.000000
-44.000000
-4.000000
-16.000000
-28.000000
-28.000000
-20.000000
-52.000000
-40.000000
-52.000000
-68.000000
-68.000000
-36.000000
-44.000000
-48.000000
-48.000000
-48.000000
-72.000000
-8.000000
-48.000000
-32.000000
-76.000000
-60.000000
-28.000000
-28.000000
-52.000000
-28.000000
-20.000000
-28.000000
0.000000
-24.000000
-28.000000
-40.000000
-12.000000
-32.000000
-24.000000
-20.000000
-28.000000
-24.000000
-48.000000
-28.000000
-44.000000
-20.000000
-48.000000
-16.000000
-28.000000
-36.000000
-40.000000
-36.000000
-32.000000
-40.000000
-40.000000
-52.000000
-4.000000
-40.000000
-40.000000
-48.000000
-80.000000
-76.000000
-76.000000
-48.000000
-52.000000
-32.000000
-24.000000
-16.000000
-20.000000
-20.000000
-24.000000
4.000000
4.000000
0.000000
-24.000000
-16.000000
8.000000
-36.000000
-16.000000
-12.000000
-24.000000
-12.000000
-16.000000
-44.000000
-20.000000
-12.000000
-44.000000
-52.000000
-4.000000
-48.000000
-24.000000
-24.000000
-36.000000
-44.000000
-24.000000
-36.000000
-36.000000
-32.000000
-8.000000
-20.000000
-16.000000
-20.000000
-40.000000
-28.000000
-36.000000
-36.000000
-44.000000
-48.000000
-28.000000
-40.000000
-44.000000
-28.000000
-16.000000
-52.000000
-28.000000
4.000000
-16.000000
-24.000000
-24.000000
-40.000000
-28.000000
-48.000000
-44.000000
-64.000000
-24.000000
-44.000000
-32.000000
-48.000000
-32.000000
-60.000000
-56.000000
-52.000000
-52.000000
-48.000000
-56.000000
-52.000000
-60.000000
-64.000000
-84.000000
-76.000000
-52.000000
-60.000000
-48.000000
-72.000000
-68.000000
-80.000000
-40.000000
-60.000000
-52.000000
-56.000000
-60.000000
-80.000000
-28.000000
-72.000000
-80.000000
-80.000000
-72.000000
-60.000000
-32.000000
-76.000000
-40.000000
-32.000000
-24.000000
-44.000000
-32.000000
-16.000000
-44.000000
-32.000000
-84.000000
-64.000000
-64.000000
-56.000000
-56.000000
-64.000000
-40.000000
-56.000000
-48.000000
-44.000000
-64.000000
-48.000000
-64.000000
-60.000000
-52.000000
-48.000000
-80.000000
-32.000000
-48.000000
-52.000000
-16.000000
-52.000000
-32.000000
-64.000000
-32.000000
-52.000000
-40.000000
-36.000000
-44.000000
-60.000000
-28.000000
-48.000000
-32.000000
-16.000000
-48.000000
-28.000000
-48.000000
-36.000000
-48.000000
-36.000000
-32.000000
-8.000000
-20.000000
-16.000000
-32.000000
0.000000
-36.000000
-32.000000
-28.000000
-40.000000
-72.000000
-44.000000
-40.000000
-40.000000
-36.000000
-44.000000
-24.000000
-44.000000
-36.000000
-24.000000
-28.000000
-48.000000
-28.000000
-36.000000
-28.000000
-32.000000
-28.000000
-56.000000
-20.000000
-28.000000
-8.000000
-12.000000
-36.000000
-24.000000
0.000000
-28.000000
-32.000000
0.000000
-4.000000
-32.000000
-40.000000
-12.000000
-24.000000
-8.000000
-20.000000
-36.000000
-32.000000
-24.000000
-4.000000
-28.000000
-20.000000
-36.000000
-36.000000
-24.000000
-56.000000
-48.000000
-72.000000
-76.000000
-52.000000
-44.000000
-48.000000
-40.000000
-48.000000
-36.000000
-48.000000
-44.000000
-16.000000
-28.000000
-28.000000
-16.000000
-32.000000
-44.000000
-4.000000
-16.000000
-20.000000
-20.000000
-32.000000
4.000000
-28.000000
-40.000000
-12.000000
-16.000000
-24.000000
-32.000000
-32.000000
-28.000000
-40.000000
-8.000000
-16.000000
-48.000000
-40.000000
-36.000000
-16.000000
-28.000000
-24.000000
-48.000000
-24.000000
-28.000000
-28.000000
-20.000000
-52.000000
-24.000000
-44.000000
-76.000000
-76.000000
-64.000000
-40.000000
-48.000000
-52.000000
-32.000000
-48.000000
-16.000000
-8.000000
-32.000000
8.000000
-12.000000
-8.000000
-8.000000
-20.000000
-8.000000
-20.000000
-4.000000
-28.000000
-28.000000
-8.000000
-20.000000
-4.000000
-28.000000
-32.000000
-8.000000
-36.000000
-24.000000
-36.000000
-28.000000
-20.000000
-44.000000
-44.000000
-32.000000
-48.000000
-32.000000
-40.000000
0.000000
-36.000000
-4.000000
-20.000000
-36.000000
-28.000000
-20.000000
-24.000000
-24.000000
-24.000000
-36.000000
-72.000000
-32.000000
-20.000000
-48.000000
-20.000000
-8.000000
-24.000000
-20.000000
-32.000000
-36.000000
-12.000000
-40.000000
-44.000000
-12.000000
-36.000000
-60.000000
-28.000000
-40.000000
-48.000000
-44.000000
-64.000000
-44.000000
-44.000000
-56.000000
-60.000000
-48.000000
-68.000000
-52.000000
-48.000000
-36.000000
-28.000000
-64.000000
-60.000000
-64.000000
-88.000000
-64.000000
-72.000000
-56.000000
-48.000000
-52.000000
-72.000000
-52.000000
-72.000000
-20.000000
-32.000000
-100.000000
-40.000000
-48.000000
-52.000000
-76.000000
-52.000000
-44.000000
-24.000000
-20.000000
-28.000000
-44.000000
-36.000000
-40.000000
-16.000000
-68.000000
-52.000000
-64.000000
-60.000000
-64.000000
-48.000000
-32.000000
-80.000000
-48.000000
-36.000000
-52.000000
-64.000000
-48.000000
-76.000000
-72.000000
-56.000000
-44.000000
-44.000000
-52.000000
-44.000000
-52.000000
-60.000000
-48.000000
-36.000000
-48.000000
