592.000000
836.000000
1084.000000
1232.000000
1348.000000
1372.000000
1296.000000
1080.000000
820.000000
408.000000
-8.000000
-524.000000
-988.000000
-1392.000000
-1792.000000
-2060.000000
-2200.000000
-2236.000000
-2064.000000
-1780.000000
-1348.000000
-836.000000
-236.000000
352.000000
936.000000
1412.000000
1804.000000
2072.000000
2200.000000
2152.000000
1992.000000
1672.000000
1280.000000
812.000000
340.000000
-152.000000
-560.000000
-928.000000
-1196.000000
-1340.000000
-1424.000000
-1364.000000
-1240.000000
-1048.000000
-828.000000
-560.000000
-300.000000
-128.000000
-24.000000
-12.000000
-4.000000
-36.000000
-48.000000
-28.000000
-48.000000
-12.000000
-16.000000
-68.000000
-28.000000
-16.000000
-20.000000
-28.000000
-24.000000
-32.000000
-76.000000
-60.000000
-92.000000
-104.000000
-48.000000
-72.000000
-80.000000
-68.000000
-76.000000
-64.000000
-52.000000
-48.000000
-52.000000
-36.000000
-52.000000
-48.000000
-48.000000
-40.000000
-44.000000
-40.000000
-40.000000
-48.000000
-48.000000
-28.000000
-64.000000
-44.000000
-52.000000
-64.000000
-68.000000
-32.000000
-40.000000
-44.000000
-36.000000
-68.000000
-72.000000
-36.000000
-56.000000
-68.000000
-56.000000
-48.000000
-64.000000
-56.000000
-52.000000
-64.000000
-68.000000
-72.000000
-52.000000
-72.000000
-92.000000
-88.000000
-80.000000
-52.000000
-56.000000
-80.000000
-64.000000
-40.000000
-32.000000
-36.000000
-24.000000
-36.000000
-32.000000
-48.000000
-44.000000
-40.000000
-44.000000
-48.000000
-28.000000
-36.000000
-40.000000
-72.000000
-36.000000
-36.000000
-16.000000
-32.000000
-16.000000
-36.000000
-32.000000
-32.000000
-32.000000
-12.000000
-44.000000
-20.000000
-44.000000
-52.000000
-44.000000
-32.000000
-60.000000
-28.000000
-56.000000
-52.000000
-44.000000
-40.000000
-44.000000
-48.000000
-40.000000
-32.000000
-60.000000
-56.000000
-64.000000
-36.000000
-60.000000
-16.000000
-20.000000
-36.000000
-12.000000
-32.000000
-36.000000
4.000000
-28.000000
-52.000000
-36.000000
-36.000000
-44.000000
-32.000000
-36.000000
-32.000000
-60.000000
-64.000000
-64.000000
-52.000000
-80.000000
-56.000000
-40.000000
-80.000000
-80.000000
-64.000000
-48.000000
-72.000000
-64.000000
-72.000000
-84.000000
-76.000000
-48.000000
-40.000000
-60.000000
-44.000000
-84.000000
-56.000000
-88.000000
-72.000000
-60.000000
-52.000000
-40.000000
-48.000000
-80.000000
-76.000000
-100.000000
-76.000000
-64.000000
-60.000000
-28.000000
-40.000000
-40.000000
-16.000000
-48.000000
-48.000000
-64.000000
-72.000000
-72.000000
-80.000000
-84.000000
-72.000000
-40.000000
-116.000000
-76.000000
-92.000000
-88.000000
-64.000000
-68.000000
-96.000000
-56.000000
-72.000000
-48.000000
-100.000000
-64.000000
-60.000000
-92.000000
-72.000000
-72.000000
-84.000000
-72.000000
-60.000000
-44.000000
-96.000000
-72.000000
-48.000000
-76.000000
-68.000000
-60.000000
-88.000000
-48.000000
-104.000000
-72.000000
-80.000000
-60.000000
-68.000000
-68.000000
-48.000000
-64.000000
-40.000000
-52.000000
-40.000000
-36.000000
-44.000000
-48.000000
-72.000000
-48.000000
-80.000000
-60.000000
-80.000000
-64.000000
-76.000000
-72.000000
-96.000000
-64.000000
-88.000000
-104.000000
-60.000000
-72.000000
-80.000000
-60.000000
-72.000000
-68.000000
-56.000000
-76.000000
-52.000000
-72.000000
-76.000000
-76.000000
-48.000000
-48.000000
-76.000000
-48.000000
-60.000000
-44.000000
-56.000000
-68.000000
-68.000000
-60.000000
-28.000000
-20.000000
-64.000000
-44.000000
-48.000000
-68.000000
-72.000000
-44.000000
-28.000000
-36.000000
-72.000000
-56.000000
-88.000000
-80.000000
-88.000000
-96.000000
-72.000000
-60.000000
-84.000000
-60.000000
-72.000000
-72.000000
-68.000000
-60.000000
-44.000000
-44.000000
-64.000000
-40.000000
-40.000000
-36.000000
-36.000000
-48.000000
-64.000000
-48.000000
-36.000000
-44.000000
-52.000000
-36.000000
-32.000000
-48.000000
-40.000000
-44.000000
-16.000000
-24.000000
-36.000000
-32.000000
-32.000000
-32.000000
-4.000000
-28.000000
-48.000000
-40.000000
-52.000000
-20.000000
-28.000000
-32.000000
-36.000000
-28.000000
-48.000000
-52.000000
-60.000000
-44.000000
-52.000000
-60.000000
-56.000000
-36.000000
-52.000000
-40.000000
-24.000000
-32.000000
0.000000
-32.000000
-28.000000
4.000000
-12.000000
-8.000000
-24.000000
-20.000000
-4.000000
-12.000000
-12.000000
4.000000
4.000000
0.000000
-28.000000
-16.000000
0.000000
-24.000000
-16.000000
-12.000000
-24.000000
-32.000000
0.000000
-20.000000
-8.000000
-16.000000
-36.000000
-36.000000
-36.000000
-28.000000
-16.000000
-32.000000
-32.000000
-32.000000
-36.000000
-20.000000
-24.000000
-36.000000
-32.000000
-36.000000
-20.000000
-56.000000
-20.000000
-36.000000
-16.000000
-24.000000
-20.000000
-12.000000
-12.000000
-32.000000
-80.000000
-32.000000
-32.000000
-32.000000
-60.000000
-24.000000
-36.000000
-56.000000
-44.000000
-52.000000
-36.000000
-56.000000
-60.000000
-80.000000
-52.000000
-52.000000
-64.000000
-56.000000
-72.000000
-60.000000
-40.000000
-68.000000
-64.000000
-68.000000
-76.000000
-44.000000
-80.000000
-44.000000
-68.000000
-60.000000
-64.000000
-64.000000
-60.000000
-60.000000
-56.000000
-72.000000
-88.000000
-44.000000
-60.000000
-100.000000
-76.000000
-32.000000
-48.000000
-12.000000
-12.000000
-48.000000
-52.000000
-52.000000
-64.000000
-56.000000
-48.000000
-68.000000
-60.000000
-80.000000
-64.000000
-76.000000
-80.000000
-64.000000
-60.000000
-64.000000
-64.000000
-84.000000
-44.000000
-52.000000
-64.000000
-84.000000
-68.000000
-72.000000
-56.000000
-52.000000
-92.000000
-32.000000
-56.000000
-68.000000
-16.000000
-52.000000
-28.000000
-68.000000
-64.000000
-28.000000
-44.000000
-68.000000
-40.000000
-76.000000
-32.000000
-80.000000
-48.000000
-40.000000
-32.000000
-32.000000
-32.000000
-8.000000
-36.000000
-20.000000
-8.000000
-52.000000
-44.000000
-52.000000
-36.000000
-48.000000
-20.000000
-32.000000
-72.000000
-68.000000
-44.000000
-56.000000
-28.000000
-52.000000
-36.000000
-36.000000
-52.000000
-32.000000
-36.000000
-44.000000
-40.000000
-20.000000
-44.000000
-40.000000
-32.000000
-44.000000
-48.000000
-32.000000
-52.000000
-52.000000
-36.000000
-48.000000
-48.000000
-60.000000
-20.000000
-36.000000
-48.000000
-12.000000
-12.000000
-20.000000
-12.000000
-32.000000
-32.000000
-32.000000
-12.000000
-40.000000
-32.000000
-32.000000
-84.000000
-60.000000
-64.000000
-108.000000
-68.000000
-92.000000
-52.000000
-80.000000
-44.000000
-44.000000
-40.000000
-48.000000
-48.000000
-32.000000
-28.000000
-36.000000
-48.000000
-52.000000
-28.000000
-60.000000
-48.000000
-20.000000
-68.000000
-44.000000
-24.000000
-44.000000
-60.000000
-40.000000
-24.000000
-24.000000
-28.000000
-44.000000
-52.000000
-40.000000
-24.000000
-32.000000
-36.000000
-52.000000
-48.000000
-32.000000
-40.000000
-48.000000
-28.000000
-40.000000
-40.000000
-48.000000
-44.000000
-60.000000
-52.000000
-84.000000
-72.000000
-64.000000
-60.000000
-52.000000
-52.000000
-28.000000
-28.000000
-24.000000
-20.000000
-24.000000
-20.000000
-28.000000
-28.000000
-32.000000
-24.000000
-20.000000
-16.000000
-28.000000
-16.000000
-20.000000
-36.000000
-32.000000
-24.000000
-20.000000
-28.000000
-8.000000
-28.000000
-28.000000
16.000000
-36.000000
-32.000000
-12.000000
-44.000000
-40.000000
-40.000000
-8.000000
-52.000000
-28.000000
-52.000000
-28.000000
-48.000000
-32.000000
-20.000000
-56.000000
-44.000000
-52.000000
-24.000000
-44.000000
-44.000000
-72.000000
-36.000000
-52.000000
-48.000000
-88.000000
-28.000000
-48.000000
-12.000000
-36.000000
-36.000000
-60.000000
-44.000000
-32.000000
-60.000000
-32.000000
-56.000000
-76.000000
-32.000000
-76.000000
-64.000000
-68.000000
-52.000000
-76.000000
-76.000000
-80.000000
-84.000000
-64.000000
-88.000000
-60.000000
-68.000000
-80.000000
-80.000000
-80.000000
-80.000000
-36.000000
-80.000000
-100.000000
-60.000000
-80.000000
-68.000000
-92.000000
-64.000000
-92.000000
-64.000000
-60.000000
-88.000000
-104.000000
-56.000000
-80.000000
-76.000000
-52.000000
-48.000000
-44.000000
-40.000000
-52.000000
-52.000000
-88.000000
-72.000000
-64.000000
-76.000000
-60.000000
-60.000000
-80.000000
-68.000000
-80.000000
-88.000000
-76.000000
-80.000000
-80.000000
-76.000000
-64.000000
-64.000000
-92.000000
-80.000000
-40.000000
-28.000000
-64.000000
-52.000000
-72.000000
-56.000000
-44.000000
-36.000000
-36.000000
-76.000000
-84.000000
-20.000000
-64.000000
-64.000000
-60.000000
-60.000000
-52.000000
-52.000000
-52.000000
-60.000000
-56.000000
-16.000000
-48.000000
-52.000000
-32.000000
-52.000000
-16.000000
-28.000000
-32.000000
-40.000000
-56.000000
-32.000000
-68.000000
-64.000000
-40.000000
-32.000000
-48.000000
-48.000000
-60.000000
-36.000000
-28.000000
-60.000000
-56.000000
-32.000000
-28.000000
-44.000000
-60.000000
-32.000000
-52.000000
-28.000000
-16.000000
-12.000000
-24.000000
-28.000000
-32.000000
-52.000000
-48.000000
-32.000000
-64.000000
-32.000000
-28.000000
-28.000000
-52.000000
-52.000000
-40.000000
-16.000000
-32.000000
-40.000000
-44.000000
-40.000000
-32.000000
-44.000000
-32.000000
-32.000000
-36.000000
-12.000000
-60.000000
-84.000000
-88.000000
-76.000000
-72.000000
-56.000000
-76.000000
-52.000000
-68.000000
-48.000000
-24.000000
-40.000000
-48.000000
-32.000000
-36.000000
-28.000000
-40.000000
-36.000000
-24.000000
-48.000000
-44.000000
-20.000000
-56.000000
-36.000000
-48.000000
-56.000000
-28.000000
-40.000000
-52.000000
-44.000000
-48.000000
-52.000000
-60.000000
-44.000000
-56.000000
-32.000000
-32.000000
-48.000000
-44.000000
-48.000000
-56.000000
-32.000000
-44.000000
-44.000000
-64.000000
-72.000000
-72.000000
-48.000000
-68.000000
-92.000000
-52.000000
-88.000000
-60.000000
-56.000000
-52.000000
-56.000000
-8.000000
-28.000000
-8.000000
-28.000000
-36.000000
0.000000
-24.000000
-40.000000
-44.000000
-32.000000
-48.000000
-44.000000
-16.000000
-48.000000
-24.000000
-28.000000
-60.000000
-52.000000
-24.000000
-44.000000
-44.000000
-44.000000
-48.000000
-44.000000
-36.000000
-40.000000
-40.000000
-32.000000
-60.000000
-44.000000
-36.000000
-48.000000
-52.000000
-36.000000
-44.000000
-52.000000
-36.000000
-48.000000
-52.000000
-44.000000
-44.000000
-32.000000
-52.000000
-64.000000
-68.000000
-40.000000
-24.000000
-60.000000
-28.000000
-28.000000
-24.000000
-24.000000
-64.000000
-48.000000
-28.000000
-16.000000
-76.000000
-28.000000
-72.000000
-76.000000
-36.000000
-72.000000
-64.000000
-36.000000
-72.000000
-76.000000
-76.000000
-60.000000
-80.000000
-52.000000
-72.000000
-84.000000
-76.000000
-64.000000
-52.000000
-72.000000
-96.000000
-64.000000
-64.000000
-80.000000
-108.000000
-80.000000
-60.000000
-100.000000
-76.000000
-76.000000
-76.000000
-72.000000
-88.000000
-96.000000
-68.000000
-92.000000
-68.000000
-52.000000
-44.000000
-48.000000
-60.000000
-36.000000
-60.000000
-48.000000
-68.000000
-64.000000
-44.000000
-52.000000
-76.000000
-36.000000
-40.000000
-88.000000
-60.000000
-44.000000
-72.000000
-68.000000
-52.000000
-68.000000
-40.000000
-52.000000
-72.000000
-36.000000
-76.000000
-40.000000
-72.000000
-28.000000
-48.000000
-60.000000
-56.000000
-68.000000
-48.000000
-40.000000
-40.000000
-72.000000
-64.000000
-36.000000
-76.000000
-68.000000
-40.000000
-92.000000
-24.000000
-36.000000
-52.000000
-12.000000
-64.000000
-36.000000
-28.000000
-36.000000
-16.000000
-28.000000
-16.000000
-32.000000
-24.000000
-28.000000
-32.000000
-28.000000
-84.000000
-28.000000
-56.000000
-44.000000
-40.000000
-72.000000
-52.000000
-32.000000
-60.000000
-48.000000
-60.000000
-36.000000
-56.000000
-48.000000
-52.000000
-44.000000
-60.000000
-40.000000
-32.000000
-40.000000
-44.000000
-20.000000
-36.000000
-40.000000
-32.000000
-48.000000
-32.000000
-64.000000
-8.000000
-28.000000
-44.000000
-28.000000
-32.000000
-28.000000
-36.000000
-16.000000
-20.000000
-32.000000
-68.000000
-56.000000
-56.000000
-24.000000
-64.000000
-64.000000
-64.000000
-72.000000
-52.000000
-48.000000
-60.000000
-48.000000
-64.000000
-68.000000
-44.000000
-40.000000
-48.000000
-36.000000
-24.000000
-60.000000
-44.000000
-28.000000
-16.000000
-40.000000
-32.000000
-48.000000
-52.000000
-24.000000
-36.000000
-24.000000
-60.000000
-64.000000
-28.000000
-40.000000
-64.000000
-36.000000
-36.000000
-12.000000
-40.000000
-40.000000
-44.000000
-32.000000
-44.000000
-36.000000
-44.000000
-48.000000
-40.000000
-60.000000
-48.000000
-52.000000
-52.000000
-56.000000
-48.000000
-64.000000
-68.000000
-52.000000
-64.000000
-56.000000
-76.000000
-60.000000
-28.000000
-40.000000
-20.000000
-8.000000
-20.000000
-16.000000
-16.000000
-32.000000
-16.000000
-40.000000
-36.000000
-60.000000
-28.000000
-32.000000
-60.000000
-40.000000
-40.000000
-16.000000
-44.000000
-36.000000
-44.000000
-28.000000
-44.000000
-36.000000
-44.000000
-32.000000
-36.000000
-52.000000
-48.000000
-44.000000
-48.000000
-48.000000
-44.000000
-60.000000
-48.000000
-64.000000
-48.000000
-56.000000
-20.000000
-36.000000
-44.000000
-44.000000
-40.000000
-60.000000
-44.000000
-56.000000
-16.000000
-40.000000
-36.000000
-32.000000
-28.000000
-32.000000
-20.000000
-32.000000
-20.000000
-28.000000
-52.000000
-56.000000
-56.000000
-40.000000
-28.000000
-52.000000
-60.000000
-60.000000
-64.000000
-44.000000
-32.000000
-64.000000
-44.000000
-48.000000
-64.000000
-84.000000
-44.000000
-48.000000
-72.000000
-72.000000
-60.000000
-60.000000
-72.000000
-56.000000
-76.000000
-72.000000
-80.000000
-72.000000
-60.000000
-44.000000
-100.000000
-56.000000
-80.000000
-56.000000
-64.000000
-64.000000
-68.000000
-52.000000
-60.000000
-52.000000
-36.000000
-36.000000
0.000000
-60.000000
-40.000000
-56.000000
-88.000000
-60.000000
-40.000000
-72.000000
-72.000000
-44.000000
-88.000000
-64.000000
-56.000000
-44.000000
-60.000000
-72.000000
-60.000000
-72.000000
-72.000000
-52.000000
-68.000000
-36.000000
-48.000000
-60.000000
-52.000000
-64.000000
-76.000000
-20.000000
-44.000000
-64.000000
-52.000000
-44.000000
-44.000000
-64.000000
-48.000000
-60.000000
-40.000000
-40.000000
-60.000000
-56.000000
-36.000000
-40.000000
-48.000000
-24.000000
-68.000000
-16.000000
-8.000000
-36.000000
-48.000000
-32.000000
-48.000000
-52.000000
-72.000000
-52.000000
-60.000000
-36.000000
-56.000000
-48.000000
-48.000000
-80.000000
-52.000000
-52.000000
-48.000000
-52.000000
-40.000000
-56.000000
-44.000000
-56.000000
-56.000000
-44.000000
-44.000000
-40.000000
-44.000000
-44.000000
-16.000000
-36.000000
-68.000000
-44.000000
-64.000000
-40.000000
-36.000000
-36.000000
-40.000000
-56.000000
-12.000000
-24.000000
-32.000000
-48.000000
-60.000000
-52.000000
-12.000000
-44.000000
-48.000000
-24.000000
-40.000000
-48.000000
-48.000000
-52.000000
-60.000000
-36.000000
-80.000000
-40.000000
-44.000000
-80.000000
-32.000000
-60.000000
-52.000000
-48.000000
-28.000000
-36.000000
-52.000000
-44.000000
-36.000000
-52.000000
-36.000000
-32.000000
-48.000000
-40.000000
-40.000000
-64.000000
-40.000000
-52.000000
-28.000000
-32.000000
-48.000000
-32.000000
-44.000000
-36.000000
-48.000000
-48.000000
-24.000000
-60.000000
-28.000000
-48.000000
-48.000000
-48.000000
-48.000000
-36.000000
-56.000000
-40.000000
-44.000000
-40.000000
-76.000000
-40.000000
-72.000000
-64.000000
-48.000000
-96.000000
-52.000000
-56.000000
-64.000000
-20.000000
-16.000000
-32.000000
-40.000000
-36.000000
-20.000000
-24.000000
-12.000000
-28.000000
-12.000000
-20.000000
-36.000000
-36.000000
-20.000000
-36.000000
-44.000000
-28.000000
-56.000000
-24.000000
-40.000000
-28.000000
-28.000000
-36.000000
-44.000000
-24.000000
-48.000000
-32.000000
-32.000000
-56.000000
-44.000000
-52.000000
-28.000000
-44.000000
-36.000000
-52.000000
-24.000000
-48.000000
-32.000000
-56.000000
-52.000000
-48.000000
-44.000000
-44.000000
-64.000000
-76.000000
-32.000000
-32.000000
-60.000000
-44.000000
-40.000000
-52.000000
-36.000000
-16.000000
-32.000000
-64.000000
-40.000000
-36.000000
-52.000000
-44.000000
-48.000000
-56.000000
-48.000000
-52.000000
-72.000000
-88.000000
-48.000000
-88.000000
-52.000000
-80.000000
-48.000000
-68.000000
-96.000000
-120.000000
-84.000000
-84.000000
-72.000000
-84.000000
-88.000000
-96.000000
-68.000000
-100.000000
-88.000000
-88.000000
-88.000000
-64.000000
-72.000000
-64.000000
-52.000000
-60.000000
-48.000000
-72.000000
-72.000000
-68.000000
-76.000000
-52.000000
-40.000000
-52.000000
-48.000000
-52.000000
-52.000000
-72.000000
-48.000000
-48.000000
-44.000000
-60.000000
-64.000000
-92.000000
-40.000000
-84.000000
-76.000000
-64.000000
-72.000000
-76.000000
-68.000000
-36.000000
-76.000000
-76.000000
-56.000000
-76.000000
-84.000000
-80.000000
-44.000000
-44.000000
-68.000000
-56.000000
-40.000000
-44.000000
-72.000000
-44.000000
-72.000000
-40.000000
-76.000000
-40.000000
-84.000000
-40.000000
-76.000000
-32.000000
-96.000000
-64.000000
-72.000000
-36.000000
-48.000000
-52.000000
-32.000000
-28.000000
-8.000000
8.000000
-32.000000
-36.000000
-44.000000
-56.000000
-64.000000
-68.000000
-32.000000
-64.000000
-64.000000
-40.000000
-72.000000
-64.000000
-60.000000
-72.000000
-52.000000
-88.000000
-40.000000
-64.000000
-40.000000
-60.000000
-48.000000
-44.000000
-32.000000
-56.000000
-52.000000
-72.000000
-32.000000
-36.000000
-64.000000
-52.000000
-52.000000
-52.000000
-40.000000
-52.000000
-48.000000
-92.000000
-28.000000
-32.000000
-44.000000
-24.000000
-44.000000
-44.000000
-36.000000
-44.000000
-36.000000
-44.000000
-16.000000
-44.000000
-44.000000
-76.000000
-36.000000
-60.000000
-32.000000
-56.000000
-56.000000
-48.000000
-36.000000
-76.000000
-20.000000
-68.000000
-48.000000
-44.000000
-28.000000
-48.000000
-48.000000
-24.000000
-32.000000
-20.000000
-88.000000
-36.000000
-60.000000
-88.000000
-8.000000
-48.000000
-24.000000
-36.000000
-48.000000
-76.000000
-36.000000
-40.000000
-52.000000
-28.000000
-68.000000
-36.000000
-48.000000
-56.000000
-28.000000
-52.000000
-44.000000
-64.000000
-48.000000
-56.000000
-72.000000
-60.000000
-44.000000
-64.000000
-68.000000
-48.000000
-88.000000
-88.000000
-60.000000
-64.000000
-32.000000
-60.000000
-12.000000
-16.000000
-28.000000
-48.000000
-16.000000
-4.000000
-24.000000
-44.000000
-20.000000
-24.000000
-24.000000
-24.000000
-16.000000
-40.000000
-20.000000
-44.000000
-32.000000
-36.000000
-48.000000
-24.000000
-32.000000
-32.000000
-36.000000
-24.000000
-44.000000
-40.000000
-52.000000
-40.000000
-60.000000
-32.000000
-60.000000
-52.000000
-48.000000
-28.000000
-48.000000
-60.000000
-60.000000
-48.000000
-48.000000
-40.000000
-8.000000
-36.000000
-48.000000
-64.000000
-36.000000
-44.000000
-44.000000
-16.000000
-40.000000
-48.000000
-16.000000
-56.000000
-28.000000
-32.000000
-48.000000
-60.000000
-72.000000
-60.000000
-80.000000
-76.000000
-36.000000
-68.000000
-56.000000
-72.000000
-76.000000
-68.000000
-48.000000
-64.000000
-60.000000
-44.000000
-68.000000
-116.000000
-80.000000
-76.000000
-88.000000
-60.000000
-92.000000
-52.000000
-52.000000
-84.000000
-76.000000
-64.000000
-80.000000
-76.000000
-92.000000
-104.000000
-52.000000
-76.000000
-60.000000
-60.000000
-80.000000
-72.000000
-72.000000
-80.000000
-16.000000
-44.000000
-40.000000
-68.000000
-16.000000
-56.000000
-44.000000
-48.000000
-68.000000
-84.000000
-60.000000
-60.000000
-68.000000
-68.000000
-48.000000
-100.000000
-88.000000
-68.000000
-88.000000
-64.000000
-76.000000
-80.000000
-72.000000
-68.000000
-84.000000
-32.000000
-108.000000
-60.000000
-64.000000
-48.000000
-72.000000
-56.000000
-44.000000
-48.000000
-84.000000
-48.000000
-64.000000
-40.000000
-72.000000
-64.000000
-64.000000
-8.000000
-88.000000
-32.000000
-48.000000
-48.000000
-60.000000
-64.000000
-28.000000
-52.000000
-40.000000
-40.000000
-44.000000
-44.000000
-68.000000
-60.000000
-60.000000
-64.000000
-44.000000
-36.000000
-76.000000
-48.000000
-60.000000
-52.000000
-68.000000
-48.000000
-40.000000
-52.000000
-44.000000
-36.000000
-52.000000
-36.000000
-44.000000
-28.000000
-52.000000
-60.000000
-20.000000
-52.000000
-28.000000
-44.000000
-52.000000
-36.000000
-24.000000
-56.000000
-44.000000
-48.000000
-48.000000
-8.000000
-40.000000
-8.000000
-24.000000
0.000000
-12.000000
-36.000000
-20.000000
-24.000000
-20.000000
-44.000000
-40.000000
-40.000000
-68.000000
-64.000000
-64.000000
-52.000000
-76.000000
-64.000000
-48.000000
-72.000000
-44.000000
-48.000000
-64.000000
-60.000000
-44.000000
-56.000000
-44.000000
-60.000000
-52.000000
-16.000000
-52.000000
-52.000000
-48.000000
-16.000000
-32.000000
-28.000000
-28.000000
-68.000000
-32.000000
-76.000000
-48.000000
-32.000000
-48.000000
-52.000000
-56.000000
-32.000000
-36.000000
-40.000000
-60.000000
-52.000000
-52.000000
-48.000000
-60.000000
-36.000000
-60.000000
-60.000000
-40.000000
-52.000000
-52.000000
-52.000000
-44.000000
-32.000000
-52.000000
-68.000000
-72.000000
-48.000000
-52.000000
-36.000000
-32.000000
-32.000000
-56.000000
-28.000000
-44.000000
-40.000000
-80.000000
-24.000000
-76.000000
-28.000000
-32.000000
-16.000000
-8.000000
-20.000000
-20.000000
-36.000000
-28.000000
-24.000000
-40.000000
-28.000000
-40.000000
-44.000000
-36.000000
-44.000000
-28.000000
-52.000000
-32.000000
-52.000000
-36.000000
-32.000000
-40.000000
-40.000000
-64.000000
-56.000000
-48.000000
-36.000000
-60.000000
-60.000000
-56.000000
-60.000000
-76.000000
-40.000000
-40.000000
-64.000000
-60.000000
-44.000000
-56.000000
-24.000000
-40.000000
-32.000000
-44.000000
-60.000000
-52.000000
-48.000000
-36.000000
-32.000000
-88.000000
-36.000000
-32.000000
-56.000000
-56.000000
-44.000000
-68.000000
-64.000000
-60.000000
-72.000000
-48.000000
-72.000000
-80.000000
-84.000000
-72.000000
-104.000000
-60.000000
-72.000000
-76.000000
-64.000000
-96.000000
-60.000000
-56.000000
-76.000000
-60.000000
-48.000000
-52.000000
-80.000000
-56.000000
-100.000000
-56.000000
-68.000000
-96.000000
-88.000000
-72.000000
-80.000000
-68.000000
-32.000000
-56.000000
-44.000000
-32.000000
-52.000000
-56.000000
-60.000000
-68.000000
-92.000000
-72.000000
-88.000000
-80.000000
-68.000000
-64.000000
-84.000000
-80.000000
-64.000000
-52.000000
-80.000000
-56.000000
-64.000000
-56.000000
-48.000000
-64.000000
-24.000000
-80.000000
-60.000000
-64.000000
-36.000000
-100.000000
-60.000000
-64.000000
-84.000000
-64.000000
-48.000000
-76.000000
-32.000000
-72.000000
-60.000000
-32.000000
-80.000000
-48.000000
-28.000000
-44.000000
-48.000000
-56.000000
-48.000000
-44.000000
-44.000000
-40.000000
-4.000000
-16.000000
-32.000000
-20.000000
-44.000000
-24.000000
-56.000000
-64.000000
-52.000000
-80.000000
-52.000000
-56.000000
-44.000000
-72.000000
-52.000000
-56.000000
-28.000000
-48.000000
-48.000000
-56.000000
-48.000000
-48.000000
-52.000000
-24.000000
-44.000000
-64.000000
-40.000000
-40.000000
-20.000000
-56.000000
-60.000000
-24.000000
-32.000000
-40.000000
-36.000000
