412.000000
664.000000
900.000000
1128.000000
1280.000000
1352.000000
1312.000000
1200.000000
980.000000
632.000000
240.000000
-244.000000
-736.000000
-1196.000000
-1632.000000
-1968.000000
-2188.000000
-2280.000000
-2232.000000
-1976.000000
-1632.000000
-1188.000000
-668.000000
-28.000000
552.000000
1104.000000
1548.000000
1916.000000
2128.000000
2152.000000
2068.000000
1844.000000
1472.000000
1108.000000
592.000000
160.000000
-344.000000
-752.000000
-1080.000000
-1292.000000
-1420.000000
-1388.000000
-1352.000000
-1148.000000
-976.000000
-732.000000
-472.000000
-264.000000
-72.000000
-28.000000
-56.000000
-44.000000
-64.000000
-64.000000
-48.000000
-72.000000
-52.000000
-56.000000
-52.000000
-52.000000
-52.000000
-48.000000
-48.000000
-40.000000
-68.000000
-48.000000
-28.000000
-40.000000
-60.000000
-24.000000
-68.000000
-12.000000
-60.000000
-76.000000
-48.000000
-44.000000
-32.000000
-36.000000
-32.000000
-28.000000
-24.000000
-48.000000
-28.000000
-44.000000
-40.000000
-32.000000
-36.000000
-28.000000
-72.000000
-16.000000
-60.000000
0.000000
-48.000000
-40.000000
-40.000000
-28.000000
-32.000000
-56.000000
-28.000000
-56.000000
-32.000000
-32.000000
-24.000000
-36.000000
-8.000000
-28.000000
-12.000000
-32.000000
-48.000000
-36.000000
-28.000000
-36.000000
-36.000000
-36.000000
-48.000000
-28.000000
-36.000000
-32.000000
-36.000000
-28.000000
-28.000000
-32.000000
-12.000000
-36.000000
-8.000000
-32.000000
-12.000000
-32.000000
-16.000000
-32.000000
-24.000000
-12.000000
-24.000000
-36.000000
-60.000000
-44.000000
-28.000000
-24.000000
-24.000000
-12.000000
-40.000000
-28.000000
-60.000000
-64.000000
-64.000000
-40.000000
-32.000000
-28.000000
-56.000000
-60.000000
-44.000000
-28.000000
-36.000000
-24.000000
-36.000000
-24.000000
-28.000000
-36.000000
-28.000000
-28.000000
-32.000000
-16.000000
-32.000000
-44.000000
-24.000000
-32.000000
-32.000000
-44.000000
-16.000000
-60.000000
-20.000000
-44.000000
-32.000000
-16.000000
-44.000000
-52.000000
-32.000000
-36.000000
-56.000000
-16.000000
-28.000000
-44.000000
-28.000000
-28.000000
-24.000000
-44.000000
-28.000000
-40.000000
-32.000000
-44.000000
-40.000000
-64.000000
-36.000000
-52.000000
-44.000000
-48.000000
-44.000000
-16.000000
-28.000000
-4.000000
-24.000000
-12.000000
8.000000
-28.000000
-4.000000
-12.000000
-28.000000
-16.000000
-12.000000
-16.000000
-8.000000
-8.000000
-16.000000
-12.000000
-20.000000
-12.000000
-24.000000
-4.000000
-24.000000
-28.000000
-24.000000
-28.000000
-16.000000
-28.000000
-28.000000
-20.000000
-24.000000
-24.000000
-44.000000
-36.000000
-40.000000
-28.000000
-20.000000
-36.000000
-20.000000
-28.000000
-32.000000
-24.000000
-32.000000
-44.000000
-52.000000
-36.000000
-52.000000
-32.000000
-24.000000
-20.000000
-8.000000
-4.000000
-20.000000
-24.000000
-36.000000
0.000000
-44.000000
-12.000000
-12.000000
-40.000000
-28.000000
-48.000000
-44.000000
-44.000000
-28.000000
-64.000000
-56.000000
-44.000000
-36.000000
-44.000000
-48.000000
-56.000000
-60.000000
-40.000000
-64.000000
-20.000000
-44.000000
-44.000000
-28.000000
-40.000000
-56.000000
-72.000000
-48.000000
-32.000000
-80.000000
-32.000000
-76.000000
-76.000000
-56.000000
-80.000000
-72.000000
-76.000000
-76.000000
-52.000000
-40.000000
-48.000000
-28.000000
-28.000000
-24.000000
-48.000000
-48.000000
-52.000000
-40.000000
-60.000000
-48.000000
-52.000000
-36.000000
-60.000000
-36.000000
-40.000000
-24.000000
-68.000000
-52.000000
-80.000000
-60.000000
-24.000000
-16.000000
-84.000000
-64.000000
-40.000000
-52.000000
-28.000000
-44.000000
-60.000000
-32.000000
-20.000000
-84.000000
-44.000000
-72.000000
-60.000000
-24.000000
-44.000000
-44.000000
-12.000000
-44.000000
-52.000000
-44.000000
0.000000
-48.000000
-24.000000
-20.000000
-48.000000
-40.000000
-36.000000
-8.000000
-32.000000
-20.000000
0.000000
-12.000000
-36.000000
-28.000000
-64.000000
-36.000000
-44.000000
-28.000000
-44.000000
-32.000000
-36.000000
-52.000000
-44.000000
-28.000000
-52.000000
-36.000000
-20.000000
-24.000000
-32.000000
-52.000000
-12.000000
-32.000000
-28.000000
-36.000000
-40.000000
-44.000000
-28.000000
-44.000000
-12.000000
-28.000000
-28.000000
-48.000000
-4.000000
-24.000000
-28.000000
-44.000000
-24.000000
-32.000000
-36.000000
-16.000000
-20.000000
-28.000000
-40.000000
-16.000000
-28.000000
-32.000000
-12.000000
-32.000000
-36.000000
-64.000000
-36.000000
-64.000000
-36.000000
-80.000000
-60.000000
-32.000000
-40.000000
-64.000000
-28.000000
-40.000000
-28.000000
-20.000000
-36.000000
-56.000000
-12.000000
-16.000000
-48.000000
-36.000000
-52.000000
-28.000000
-40.000000
-40.000000
-20.000000
-24.000000
-36.000000
-72.000000
-52.000000
-44.000000
-28.000000
-36.000000
-36.000000
-32.000000
-52.000000
-32.000000
-64.000000
-20.000000
-36.000000
-44.000000
-32.000000
-16.000000
-28.000000
-36.000000
-36.000000
-48.000000
-24.000000
-24.000000
-56.000000
-36.000000
-84.000000
-56.000000
-72.000000
-52.000000
-40.000000
-52.000000
-40.000000
-48.000000
-16.000000
-32.000000
-24.000000
4.000000
-12.000000
-36.000000
0.000000
-8.000000
-44.000000
0.000000
-68.000000
-4.000000
-16.000000
-36.000000
-20.000000
-32.000000
-20.000000
-44.000000
-56.000000
-36.000000
-32.000000
-68.000000
-24.000000
-44.000000
-12.000000
-16.000000
-44.000000
0.000000
-56.000000
-24.000000
-32.000000
-48.000000
-48.000000
-20.000000
-16.000000
-48.000000
-32.000000
-32.000000
-32.000000
-28.000000
-32.000000
-44.000000
-48.000000
-32.000000
-28.000000
-24.000000
-24.000000
-12.000000
-28.000000
8.000000
-28.000000
-44.000000
-28.000000
-36.000000
-32.000000
-48.000000
-28.000000
-52.000000
-24.000000
-48.000000
-56.000000
-60.000000
-40.000000
-60.000000
-48.000000
-48.000000
-32.000000
-64.000000
-56.000000
-60.000000
-12.000000
-32.000000
-52.000000
-76.000000
-64.000000
-60.000000
-64.000000
-88.000000
-80.000000
-56.000000
-28.000000
-56.000000
-48.000000
-40.000000
-80.000000
-80.000000
-24.000000
-60.000000
-64.000000
-52.000000
-60.000000
-24.000000
-20.000000
-16.000000
-12.000000
-48.000000
-16.000000
-44.000000
-36.000000
-48.000000
-56.000000
-64.000000
-52.000000
-56.000000
-28.000000
-48.000000
-56.000000
-80.000000
-44.000000
-44.000000
-28.000000
-52.000000
-52.000000
-36.000000
-52.000000
-44.000000
-28.000000
-12.000000
-44.000000
-20.000000
-52.000000
-44.000000
-52.000000
-48.000000
-72.000000
-44.000000
-40.000000
-64.000000
-48.000000
-44.000000
-28.000000
-48.000000
-64.000000
-28.000000
-28.000000
-40.000000
-40.000000
-36.000000
-48.000000
-40.000000
-28.000000
-8.000000
12.000000
-24.000000
-24.000000
-32.000000
-32.000000
-28.000000
-40.000000
-32.000000
-76.000000
-40.000000
-56.000000
-36.000000
-40.000000
-44.000000
-52.000000
-44.000000
-40.000000
-48.000000
-44.000000
-28.000000
-36.000000
-52.000000
-36.000000
-36.000000
-48.000000
-28.000000
-44.000000
-36.000000
-24.000000
-48.000000
-8.000000
-4.000000
-12.000000
-24.000000
-28.000000
-36.000000
-32.000000
-32.000000
-40.000000
-40.000000
-12.000000
-20.000000
-32.000000
-40.000000
-32.000000
0.000000
-28.000000
-44.000000
-32.000000
-16.000000
-40.000000
-28.000000
-72.000000
-24.000000
-64.000000
-36.000000
-44.000000
-48.000000
-52.000000
-24.000000
-48.000000
-32.000000
-36.000000
-48.000000
-32.000000
-28.000000
-24.000000
-44.000000
-36.000000
-20.000000
-48.000000
-16.000000
-36.000000
-24.000000
-12.000000
-12.000000
-44.000000
-12.000000
-24.000000
-24.000000
-16.000000
-32.000000
-28.000000
-48.000000
-28.000000
-32.000000
-28.000000
-20.000000
-16.000000
-16.000000
-32.000000
-48.000000
-32.000000
-32.000000
-36.000000
-40.000000
-4.000000
-28.000000
-24.000000
-52.000000
-76.000000
-52.000000
-44.000000
-28.000000
-56.000000
-28.000000
-36.000000
-24.000000
-24.000000
-8.000000
-32.000000
-12.000000
-20.000000
-32.000000
-52.000000
-28.000000
-24.000000
0.000000
-24.000000
-8.000000
-32.000000
-28.000000
-32.000000
-24.000000
0.000000
-40.000000
4.000000
-36.000000
-12.000000
-52.000000
-24.000000
-36.000000
-20.000000
-36.000000
-16.000000
-28.000000
-44.000000
-48.000000
-28.000000
-24.000000
-36.000000
-32.000000
-48.000000
-16.000000
-36.000000
-32.000000
-12.000000
-36.000000
-40.000000
-32.000000
-20.000000
-44.000000
-28.000000
-52.000000
-32.000000
-24.000000
-4.000000
-24.000000
-32.000000
-24.000000
-20.000000
-40.000000
-36.000000
-16.000000
-32.000000
-36.000000
-52.000000
-52.000000
-36.000000
-36.000000
-40.000000
-32.000000
-76.000000
-36.000000
-52.000000
-40.000000
-64.000000
-72.000000
-48.000000
-36.000000
-48.000000
-60.000000
-72.000000
-36.000000
-72.000000
-76.000000
-56.000000
-48.000000
-40.000000
-52.000000
-56.000000
-56.000000
-32.000000
-68.000000
-28.000000
-76.000000
-64.000000
-68.000000
-52.000000
-48.000000
-24.000000
-28.000000
-44.000000
-24.000000
-28.000000
-36.000000
-52.000000
-72.000000
-52.000000
-52.000000
-64.000000
-64.000000
-68.000000
-60.000000
-48.000000
-40.000000
-8.000000
-48.000000
-52.000000
-36.000000
-36.000000
-68.000000
-28.000000
-56.000000
-56.000000
-64.000000
-48.000000
-56.000000
-36.000000
-48.000000
-48.000000
-40.000000
-52.000000
-20.000000
-32.000000
-32.000000
-56.000000
-32.000000
-32.000000
-24.000000
-32.000000
-20.000000
-24.000000
-20.000000
-28.000000
-48.000000
-28.000000
-36.000000
-12.000000
-12.000000
-24.000000
-36.000000
-16.000000
-36.000000
-36.000000
-36.000000
-40.000000
-16.000000
-60.000000
-28.000000
-48.000000
-36.000000
-48.000000
-28.000000
-48.000000
-48.000000
-48.000000
-20.000000
-28.000000
-40.000000
-32.000000
-48.000000
-4.000000
-28.000000
-32.000000
-36.000000
-20.000000
-16.000000
-40.000000
-36.000000
-44.000000
-16.000000
-36.000000
-24.000000
8.000000
-12.000000
-20.000000
-16.000000
-28.000000
-36.000000
-20.000000
-8.000000
-36.000000
-52.000000
-20.000000
-52.000000
-36.000000
-44.000000
-4.000000
-28.000000
-32.000000
-52.000000
-40.000000
-76.000000
-52.000000
-68.000000
-36.000000
-40.000000
-48.000000
-48.000000
-40.000000
-52.000000
-56.000000
-56.000000
-60.000000
-8.000000
-36.000000
-44.000000
-40.000000
-32.000000
-52.000000
-16.000000
-24.000000
-32.000000
-40.000000
-24.000000
-36.000000
-24.000000
-16.000000
-32.000000
-56.000000
-16.000000
-36.000000
-32.000000
-24.000000
-52.000000
8.000000
-28.000000
-20.000000
-36.000000
-36.000000
-28.000000
-28.000000
-24.000000
-24.000000
-28.000000
-40.000000
-28.000000
-40.000000
-44.000000
-48.000000
-68.000000
-40.000000
-20.000000
-56.000000
-28.000000
-24.000000
-36.000000
-16.000000
-4.000000
-12.000000
-24.000000
-28.000000
-20.000000
-20.000000
-24.000000
-16.000000
-4.000000
-48.000000
-12.000000
-36.000000
-28.000000
-32.000000
-8.000000
-32.000000
-8.000000
-16.000000
-44.000000
-8.000000
-36.000000
-36.000000
-36.000000
-4.000000
-44.000000
-28.000000
-8.000000
-8.000000
-28.000000
-36.000000
-44.000000
-12.000000
-32.000000
-28.000000
-32.000000
-36.000000
-40.000000
-24.000000
-32.000000
-32.000000
-52.000000
-8.000000
-52.000000
-20.000000
-20.000000
-28.000000
-48.000000
-44.000000
-24.000000
-32.000000
-36.000000
-52.000000
20.000000
-40.000000
-40.000000
-36.000000
-52.000000
-52.000000
-52.000000
-48.000000
-72.000000
-56.000000
-64.000000
-48.000000
-32.000000
-64.000000
-60.000000
-64.000000
-72.000000
-32.000000
-60.000000
-44.000000
-76.000000
-76.000000
-56.000000
-60.000000
-80.000000
-20.000000
-52.000000
-36.000000
-44.000000
-44.000000
-72.000000
-64.000000
-32.000000
-36.000000
-40.000000
-68.000000
-36.000000
-72.000000
-40.000000
-40.000000
-36.000000
-20.000000
-52.000000
-16.000000
-44.000000
-40.000000
-72.000000
-64.000000
-8.000000
-64.000000
-32.000000
-48.000000
-60.000000
-40.000000
-40.000000
-48.000000
-52.000000
-52.000000
-72.000000
-48.000000
-24.000000
-60.000000
-44.000000
-60.000000
-36.000000
-60.000000
-40.000000
-40.000000
-32.000000
-28.000000
-76.000000
-36.000000
-16.000000
-44.000000
-28.000000
-48.000000
-48.000000
-56.000000
-28.000000
-32.000000
-72.000000
-48.000000
-40.000000
-36.000000
-32.000000
-32.000000
-28.000000
-40.000000
-28.000000
4.000000
-16.000000
-24.000000
-32.000000
-44.000000
-36.000000
-24.000000
-36.000000
-32.000000
-32.000000
-36.000000
-40.000000
-40.000000
-44.000000
-32.000000
-48.000000
-36.000000
-36.000000
-52.000000
-40.000000
-40.000000
-48.000000
-8.000000
-28.000000
-36.000000
-20.000000
-16.000000
-20.000000
-32.000000
-44.000000
-24.000000
-36.000000
-20.000000
-40.000000
-32.000000
-20.000000
-36.000000
-52.000000
-28.000000
16.000000
-36.000000
-32.000000
-12.000000
-28.000000
-60.000000
-36.000000
12.000000
-32.000000
-20.000000
-40.000000
-48.000000
-56.000000
-28.000000
-88.000000
-64.000000
-28.000000
-92.000000
-40.000000
-36.000000
-68.000000
-28.000000
-40.000000
-36.000000
-44.000000
-24.000000
-40.000000
-48.000000
-28.000000
-36.000000
-44.000000
-20.000000
-48.000000
-28.000000
-32.000000
-44.000000
-28.000000
-32.000000
-20.000000
-36.000000
-32.000000
-36.000000
-28.000000
-8.000000
-48.000000
-40.000000
-40.000000
-32.000000
-28.000000
-32.000000
-28.000000
-36.000000
-20.000000
-32.000000
-36.000000
-76.000000
-28.000000
-48.000000
-32.000000
-32.000000
-64.000000
-44.000000
-40.000000
-64.000000
-52.000000
-68.000000
-32.000000
-8.000000
-32.000000
-4.000000
-8.000000
-12.000000
-16.000000
-32.000000
-4.000000
-24.000000
-12.000000
-20.000000
-44.000000
-12.000000
-16.000000
-20.000000
8.000000
-36.000000
-36.000000
-20.000000
-4.000000
-16.000000
-36.000000
-12.000000
-16.000000
-16.000000
-12.000000
-24.000000
-12.000000
-20.000000
-36.000000
-28.000000
-20.000000
-52.000000
-44.000000
-44.000000
-28.000000
-44.000000
-28.000000
-8.000000
-44.000000
-40.000000
-28.000000
-24.000000
-64.000000
-44.000000
-36.000000
-20.000000
-28.000000
-60.000000
-24.000000
4.000000
-8.000000
-16.000000
-8.000000
-64.000000
-36.000000
-16.000000
-40.000000
-36.000000
-36.000000
-44.000000
-32.000000
-72.000000
-56.000000
-56.000000
-64.000000
-84.000000
-64.000000
-40.000000
-40.000000
-40.000000
-60.000000
-68.000000
-36.000000
-80.000000
-56.000000
-56.000000
-36.000000
-44.000000
-40.000000
-64.000000
-64.000000
-28.000000
-64.000000
-96.000000
-40.000000
-72.000000
-48.000000
-56.000000
-64.000000
-48.000000
-60.000000
-92.000000
-28.000000
-44.000000
-28.000000
-16.000000
-16.000000
-36.000000
-56.000000
-32.000000
-72.000000
-56.000000
-44.000000
-28.000000
-52.000000
-80.000000
-36.000000
-60.000000
-84.000000
-52.000000
-76.000000
-48.000000
-44.000000
-44.000000
-68.000000
-44.000000
-68.000000
-52.000000
-52.000000
-44.000000
-68.000000
-16.000000
-40.000000
-44.000000
-68.000000
-32.000000
-52.000000
-48.000000
-32.000000
-56.000000
-12.000000
-60.000000
-64.000000
-44.000000
-56.000000
-40.000000
-28.000000
-60.000000
-24.000000
-40.000000
-44.000000
-40.000000
-36.000000
-28.000000
-8.000000
-20.000000
-28.000000
-44.000000
-12.000000
-28.000000
-36.000000
-56.000000
-36.000000
-36.000000
-24.000000
-52.000000
-36.000000
-16.000000
-32.000000
-48.000000
-24.000000
-8.000000
-28.000000
-16.000000
-20.000000
-32.000000
-28.000000
-28.000000
-12.000000
-20.000000
-16.000000
-24.000000
-24.000000
-36.000000
-32.000000
-16.000000
-20.000000
-16.000000
-4.000000
-16.000000
-36.000000
-28.000000
-32.000000
-24.000000
-16.000000
-16.000000
-40.000000
-32.000000
-56.000000
-28.000000
-52.000000
-44.000000
-16.000000
-48.000000
-44.000000
-40.000000
-60.000000
-68.000000
-48.000000
-68.000000
-60.000000
-28.000000
-24.000000
-48.000000
-28.000000
-48.000000
-16.000000
-40.000000
-20.000000
-28.000000
-36.000000
-32.000000
-16.000000
-28.000000
-28.000000
-8.000000
-4.000000
-12.000000
-36.000000
-48.000000
-12.000000
-56.000000
-36.000000
-28.000000
-32.000000
-20.000000
-52.000000
4.000000
-64.000000
-48.000000
-12.000000
-32.000000
-32.000000
-48.000000
-32.000000
-36.000000
-28.000000
-44.000000
-56.000000
-28.000000
-36.000000
-72.000000
-52.000000
-64.000000
-44.000000
-40.000000
-44.000000
-56.000000
-12.000000
-36.000000
-8.000000
-24.000000
-56.000000
-48.000000
-28.000000
-12.000000
-12.000000
-16.000000
0.000000
-32.000000
-12.000000
-28.000000
-16.000000
-32.000000
-28.000000
-20.000000
-20.000000
-28.000000
-20.000000
-44.000000
-4.000000
-48.000000
-32.000000
0.000000
-16.000000
-32.000000
-28.000000
-36.000000
-24.000000
-44.000000
-28.000000
-28.000000
-24.000000
-32.000000
-32.000000
-32.000000
-48.000000
-80.000000
-36.000000
-52.000000
-20.000000
-44.000000
-32.000000
-40.000000
-28.000000
-48.000000
-20.000000
-16.000000
-36.000000
-8.000000
-44.000000
-8.000000
-28.000000
-48.000000
-24.000000
-72.000000
-44.000000
-28.000000
-68.000000
-48.000000
-52.000000
-60.000000
-32.000000
-64.000000
-60.000000
-44.000000
-60.000000
-52.000000
-52.000000
-48.000000
-60.000000
-92.000000
-48.000000
-56.000000
-52.000000
-48.000000
-56.000000
-80.000000
-64.000000
-60.000000
-60.000000
-20.000000
-68.000000
-32.000000
-52.000000
-72.000000
-60.000000
-56.000000
-56.000000
-76.000000
-36.000000
-60.000000
-32.000000
-20.000000
-12.000000
-32.000000
-44.000000
-48.000000
-52.000000
-56.000000
-48.000000
-40.000000
-44.000000
-28.000000
-16.000000
-68.000000
-32.000000
-60.000000
-72.000000
-60.000000
-28.000000
-16.000000
-20.000000
-56.000000
-24.000000
-64.000000
-48.000000
-36.000000
-56.000000
-32.000000
-40.000000
-52.000000
-48.000000
-16.000000
-44.000000
-56.000000
-28.000000
-76.000000
-36.000000
-20.000000
-44.000000
-28.000000
-28.000000
-36.000000
-56.000000
-28.000000
-56.000000
-56.000000
-24.000000
-44.000000
-44.000000
-12.000000
-8.000000
-12.000000
-16.000000
-32.000000
-8.000000
-56.000000
-12.000000
-48.000000
-64.000000
-40.000000
-40.000000
-24.000000
-56.000000
-32.000000
-32.000000
-36.000000
-32.000000
-24.000000
-48.000000
-40.000000
-28.000000
-32.000000
-36.000000
-16.000000
-20.000000
-28.000000
-28.000000
-16.000000
-36.000000
-48.000000
-48.000000
-28.000000
-32.000000
-48.000000
-36.000000
-28.000000
-32.000000
-8.000000
-72.000000
-32.000000
-32.000000
-36.000000
-16.000000
-32.000000
-52.000000
-20.000000
-28.000000
-28.000000
-24.000000
-16.000000
-44.000000
-40.000000
-88.000000
-64.000000
-68.000000
-52.000000
-48.000000
-20.000000
-48.000000
-20.000000
-56.000000
-32.000000
-32.000000
-32.000000
-24.000000
-32.000000
-28.000000
-36.000000
-16.000000
-8.000000
-44.000000
-12.000000
-36.000000
-36.000000
-32.000000
-36.000000
-20.000000
-16.000000
-48.000000
-8.000000
-44.000000
-48.000000
-32.000000
-36.000000
-56.000000
-40.000000
-52.000000
-20.000000
-32.000000
-24.000000
-48.000000
-16.000000
-56.000000
-32.000000
-28.000000
-28.000000
-52.000000
-40.000000
-32.000000
-44.000000
-52.000000
-64.000000
-76.000000
-20.000000
-44.000000
-72.000000
-16.000000
-28.000000
-44.000000
-32.000000
-28.000000
-44.000000
-16.000000
32.000000
-20.000000
8.000000
4.000000
-24.000000
-12.000000
-32.000000
-28.000000
-28.000000
-20.000000
-24.000000
-12.000000
-28.000000
-52.000000
-20.000000
-8.000000
-52.000000
-12.000000
-32.000000
-20.000000
-24.000000
-44.000000
-28.000000
-48.000000
-32.000000
-24.000000
-40.000000
-40.000000
-52.000000
-48.000000
-28.000000
-44.000000
-8.000000
-52.000000
-12.000000
-36.000000
-44.000000
-40.000000
-68.000000
-16.000000
-52.000000
-24.000000
-44.000000
-36.000000
-20.000000
-8.000000
-32.000000
-32.000000
-44.000000
-40.000000
-28.000000
-64.000000
-32.000000
-56.000000
-36.000000
-60.000000
-56.000000
-32.000000
-40.000000
-44.000000
-60.000000
-64.000000
-48.000000
-44.000000
-56.000000
-92.000000
-56.000000
-60.000000
-92.000000
-68.000000
-72.000000
-48.000000
-76.000000
-76.000000
-88.000000
-52.000000
-52.000000
-72.000000
-76.000000
-40.000000
-60.000000
-64.000000
-40.000000
-60.000000
-64.000000
-44.000000
-36.000000
-36.000000
-36.000000
-36.000000
-16.000000
-24.000000
-56.000000
-44.000000
-48.000000
-40.000000
-56.000000
-40.000000
-52.000000
-68.000000
-64.000000
-48.000000
-40.000000
-80.000000
-40.000000
-64.000000
-60.000000
-68.000000
-52.000000
-48.000000
-52.000000
-48.000000
-48.000000
-48.000000
-52.000000
-44.000000
-72.000000
-28.000000
-36.000000
-36.000000
-44.000000
-24.000000
-44.000000
-48.000000
-8.000000
-36.000000
-32.000000
-48.000000
-36.000000
-48.000000
-32.000000
-20.000000
-36.000000
-52.000000
-44.000000
-28.000000
-24.000000
-20.000000
0.000000
-32.000000
-24.000000
-24.000000
-44.000000
-16.000000
-64.000000
-20.000000
-28.000000
-16.000000
-24.000000
-28.000000
-36.000000
-52.000000
-32.000000
-52.000000
-28.000000
-40.000000
-36.000000
-40.000000
-28.000000
-16.000000
-24.000000
-16.000000
-44.000000
-60.000000
-36.000000
-28.000000
-36.000000
-36.000000
-48.000000
-20.000000
-16.000000
-40.000000
-40.000000
-28.000000
-20.000000
-36.000000
-32.000000
12.000000
-12.000000
-28.000000
-20.000000
-12.000000
-20.000000
-20.000000
-16.000000
-32.000000
-32.000000
-16.000000
-48.000000
-52.000000
-40.000000
-64.000000
-60.000000
-40.000000
-36.000000
-36.000000
-52.000000
-28.000000
-48.000000
-28.000000
-28.000000
-40.000000
-4.000000
-8.000000
-20.000000
-28.000000
-28.000000
-32.000000
0.000000
-24.000000
-24.000000
-32.000000
-28.000000
-16.000000
-24.000000
-44.000000
-36.000000
-36.000000
-64.000000
-52.000000
-28.000000
-32.000000
-40.000000
-20.000000
-40.000000
-32.000000
-56.000000
-36.000000
-24.000000
-28.000000
-56.000000
-40.000000
-48.000000
-32.000000
-44.000000
-16.000000
-64.000000
-64.000000
-64.000000
-68.000000
-48.000000
-40.000000
-40.000000
-20.000000
-44.000000
-24.000000
-40.000000
-12.000000
-52.000000
-20.000000
-16.000000
-20.000000
-8.000000
-12.000000
-28.000000
-8.000000
-16.000000
-20.000000
-44.000000
0.000000
-28.000000
12.000000
-16.000000
-24.000000
-12.000000
-16.000000
-32.000000
-36.000000
-12.000000
-20.000000
-28.000000
-44.000000
-28.000000
-36.000000
-32.000000
-32.000000
-48.000000
-40.000000
-28.000000
-40.000000
-20.000000
-32.000000
-32.000000
-20.000000
-16.000000
-40.000000
-28.000000
-44.000000
-40.000000
-32.000000
-32.000000
-32.000000
20.000000
-20.000000
-28.000000
-12.000000
-36.000000
-36.000000
-32.000000
-36.000000
-72.000000
-16.000000
-80.000000
-56.000000
-52.000000
-36.000000
-48.000000
-60.000000
-80.000000
-56.000000
-64.000000
-52.000000
-52.000000
-48.000000
-60.000000
-48.000000
-32.000000
-60.000000
-68.000000
-72.000000
-76.000000
-64.000000
-80.000000
-32.000000
-48.000000
-72.000000
-40.000000
-80.000000
-92.000000
-64.000000
-68.000000
-64.000000
-72.000000
-52.000000
-52.000000
-48.000000
-72.000000
-44.000000
-20.000000
-36.000000
-16.000000
-36.000000
-40.000000
-48.000000
-40.000000
