424.000000
676.000000
912.000000
1108.000000
1272.000000
1308.000000
1272.000000
1192.000000
896.000000
568.000000
152.000000
-328.000000
-804.000000
-1240.000000
-1712.000000
-2000.000000
-2232.000000
-2292.000000
-2192.000000
-1956.000000
-1600.000000
-1136.000000
-548.000000
60.000000
628.000000
1168.000000
1632.000000
1912.000000
2140.000000
2180.000000
2072.000000
1840.000000
1448.000000
1056.000000
572.000000
96.000000
-356.000000
-756.000000
-1060.000000
-1292.000000
-1408.000000
-1436.000000
-1312.000000
-1196.000000
-956.000000
-720.000000
-460.000000
-220.000000
-88.000000
-24.000000
-32.000000
-56.000000
-52.000000
-84.000000
-44.000000
-44.000000
-36.000000
-48.000000
-48.000000
-40.000000
-44.000000
-44.000000
-12.000000
-40.000000
-32.000000
-16.000000
-40.000000
-40.000000
-24.000000
-32.000000
-36.000000
-36.000000
-16.000000
-32.000000
-36.000000
-20.000000
-32.000000
-84.000000
-8.000000
-16.000000
-36.000000
-36.000000
4.000000
16.000000
-32.000000
-52.000000
-56.000000
-68.000000
-88.000000
-24.000000
-108.000000
-52.000000
-20.000000
-36.000000
-72.000000
-36.000000
-52.000000
-32.000000
-40.000000
-48.000000
-36.000000
-52.000000
-28.000000
-32.000000
-36.000000
-20.000000
-36.000000
-16.000000
-28.000000
-36.000000
-52.000000
-48.000000
-28.000000
-44.000000
-36.000000
-24.000000
-48.000000
-64.000000
-12.000000
-44.000000
-32.000000
-44.000000
-60.000000
-44.000000
-32.000000
-48.000000
-24.000000
-36.000000
-36.000000
-64.000000
-44.000000
-40.000000
-32.000000
-28.000000
-76.000000
-44.000000
-52.000000
-52.000000
-48.000000
-52.000000
-28.000000
-36.000000
-4.000000
-20.000000
-8.000000
-12.000000
-32.000000
-32.000000
-8.000000
-12.000000
-8.000000
-16.000000
-24.000000
-28.000000
-24.000000
0.000000
-44.000000
-40.000000
4.000000
-20.000000
-28.000000
-12.000000
-24.000000
-16.000000
-28.000000
-28.000000
-44.000000
-24.000000
-24.000000
-20.000000
-28.000000
-28.000000
-32.000000
-40.000000
-20.000000
-40.000000
-36.000000
-20.000000
-40.000000
-32.000000
-16.000000
-48.000000
-32.000000
-28.000000
-36.000000
-40.000000
-28.000000
-48.000000
-36.000000
-28.000000
-44.000000
8.000000
-40.000000
0.000000
-16.000000
-28.000000
-32.000000
-48.000000
-12.000000
-64.000000
-24.000000
-44.000000
-64.000000
-52.000000
-32.000000
-48.000000
-56.000000
-56.000000
-64.000000
-60.000000
-56.000000
-60.000000
-48.000000
-52.000000
-72.000000
-48.000000
-64.000000
-68.000000
-76.000000
-84.000000
-72.000000
-36.000000
-64.000000
-64.000000
-40.000000
-84.000000
-64.000000
-40.000000
-48.000000
-40.000000
-76.000000
-60.000000
-64.000000
-84.000000
-44.000000
-36.000000
-40.000000
-16.000000
-52.000000
-36.000000
-28.000000
-76.000000
-44.000000
-20.000000
-60.000000
-56.000000
-44.000000
-20.000000
-40.000000
-68.000000
-64.000000
-44.000000
-44.000000
-44.000000
-84.000000
-32.000000
-60.000000
-52.000000
-64.000000
-44.000000
-36.000000
-56.000000
-72.000000
-36.000000
-36.000000
-48.000000
-40.000000
-20.000000
-56.000000
-56.000000
-64.000000
-44.000000
-48.000000
-56.000000
-40.000000
-36.000000
-32.000000
-28.000000
-60.000000
-44.000000
-52.000000
-36.000000
-36.000000
-28.000000
-28.000000
-12.000000
-4.000000
-16.000000
-16.000000
-48.000000
-36.000000
-24.000000
-24.000000
-64.000000
-28.000000
-72.000000
-28.000000
-32.000000
-56.000000
-40.000000
-48.000000
-32.000000
-32.000000
-48.000000
-44.000000
-60.000000
-52.000000
-24.000000
-36.000000
-56.000000
-44.000000
-12.000000
-32.000000
-36.000000
-32.000000
-24.000000
-32.000000
-28.000000
-28.000000
-20.000000
-36.000000
-28.000000
-40.000000
-28.000000
-8.000000
-28.000000
-28.000000
-24.000000
-36.000000
-36.000000
-4.000000
-24.000000
-40.000000
-44.000000
-12.000000
-40.000000
-44.000000
-36.000000
-32.000000
-60.000000
-92.000000
-56.000000
-56.000000
-72.000000
-12.000000
-40.000000
-36.000000
-36.000000
-32.000000
-20.000000
-36.000000
-32.000000
-44.000000
-48.000000
-24.000000
-36.000000
-24.000000
-36.000000
-32.000000
-28.000000
-20.000000
-28.000000
-44.000000
-12.000000
-36.000000
-60.000000
-24.000000
-36.000000
-24.000000
-32.000000
-16.000000
-16.000000
-36.000000
-36.000000
12.000000
-24.000000
-44.000000
-24.000000
-32.000000
-28.000000
-48.000000
-28.000000
-40.000000
-36.000000
-60.000000
-44.000000
-64.000000
-80.000000
-40.000000
-48.000000
-56.000000
-28.000000
-20.000000
-32.000000
-32.000000
-16.000000
-44.000000
-8.000000
-24.000000
-28.000000
-8.000000
-28.000000
-32.000000
-36.000000
-20.000000
-12.000000
-12.000000
-24.000000
-24.000000
-32.000000
-16.000000
-28.000000
-12.000000
-16.000000
-12.000000
-28.000000
-44.000000
-36.000000
-24.000000
-32.000000
-32.000000
-24.000000
-36.000000
-32.000000
-32.000000
-24.000000
-48.000000
-40.000000
-36.000000
-28.000000
-52.000000
-32.000000
-28.000000
-80.000000
-32.000000
-52.000000
-40.000000
-52.000000
-8.000000
-20.000000
-44.000000
-24.000000
-32.000000
-28.000000
-48.000000
-24.000000
-64.000000
-36.000000
-44.000000
-20.000000
-28.000000
-48.000000
-44.000000
-64.000000
-72.000000
-72.000000
-64.000000
-56.000000
-64.000000
-48.000000
-52.000000
-48.000000
-92.000000
-76.000000
-64.000000
-56.000000
-76.000000
-36.000000
-76.000000
-52.000000
-60.000000
-76.000000
-60.000000
-56.000000
-72.000000
-36.000000
-88.000000
-76.000000
-72.000000
-76.000000
-32.000000
-72.000000
-76.000000
-68.000000
-56.000000
-32.000000
12.000000
-36.000000
-12.000000
-48.000000
-56.000000
-56.000000
-64.000000
-56.000000
-56.000000
-84.000000
-60.000000
-48.000000
-88.000000
-68.000000
-88.000000
-48.000000
-24.000000
-68.000000
-80.000000
-52.000000
-76.000000
-48.000000
-16.000000
-64.000000
-40.000000
-44.000000
-56.000000
-28.000000
-44.000000
-48.000000
-36.000000
-60.000000
-56.000000
-32.000000
-24.000000
-40.000000
-52.000000
-16.000000
-32.000000
-56.000000
-24.000000
-20.000000
-68.000000
-36.000000
-52.000000
-40.000000
-36.000000
-28.000000
-20.000000
-32.000000
-12.000000
-20.000000
-36.000000
-28.000000
-68.000000
-56.000000
-64.000000
-44.000000
-48.000000
-44.000000
-44.000000
-48.000000
-52.000000
-60.000000
-36.000000
-48.000000
-44.000000
-28.000000
-28.000000
-32.000000
-40.000000
-32.000000
-8.000000
-56.000000
-48.000000
-40.000000
-12.000000
-20.000000
-36.000000
-28.000000
-32.000000
-24.000000
-44.000000
-28.000000
-28.000000
-36.000000
-24.000000
-32.000000
-36.000000
-8.000000
-48.000000
-28.000000
-24.000000
-48.000000
-40.000000
-16.000000
-40.000000
-8.000000
-28.000000
-36.000000
-64.000000
-84.000000
-92.000000
-80.000000
-48.000000
-88.000000
-44.000000
-64.000000
-40.000000
-44.000000
-36.000000
-32.000000
-32.000000
-64.000000
-20.000000
-24.000000
-24.000000
-32.000000
-16.000000
-28.000000
-32.000000
-12.000000
-32.000000
-12.000000
-32.000000
-36.000000
-16.000000
-32.000000
-36.000000
-12.000000
-20.000000
-16.000000
-24.000000
-32.000000
-24.000000
-44.000000
-36.000000
-28.000000
-48.000000
-32.000000
-40.000000
-48.000000
-28.000000
-48.000000
-40.000000
-48.000000
-44.000000
-64.000000
-64.000000
-60.000000
-72.000000
-64.000000
-44.000000
-24.000000
-36.000000
-20.000000
-28.000000
0.000000
-4.000000
-12.000000
-16.000000
-20.000000
4.000000
-4.000000
-16.000000
-20.000000
-20.000000
-8.000000
-36.000000
-12.000000
-12.000000
-16.000000
-8.000000
-16.000000
-20.000000
-20.000000
-12.000000
-20.000000
-16.000000
-12.000000
-36.000000
-8.000000
-48.000000
-8.000000
-48.000000
-28.000000
-28.000000
-32.000000
-28.000000
-60.000000
-52.000000
-48.000000
-28.000000
-44.000000
-44.000000
-36.000000
-36.000000
-32.000000
-52.000000
-40.000000
-40.000000
-36.000000
-12.000000
-32.000000
-8.000000
4.000000
-32.000000
-24.000000
-20.000000
-36.000000
-28.000000
-52.000000
-52.000000
-52.000000
-56.000000
-68.000000
-28.000000
-28.000000
-52.000000
-48.000000
-52.000000
-64.000000
-60.000000
-52.000000
-64.000000
-56.000000
-76.000000
-56.000000
-68.000000
-64.000000
-60.000000
-64.000000
-80.000000
-80.000000
-32.000000
-52.000000
-36.000000
-60.000000
-80.000000
-80.000000
-52.000000
-76.000000
-92.000000
-76.000000
-52.000000
-80.000000
-44.000000
-60.000000
-32.000000
-52.000000
-48.000000
-48.000000
0.000000
-52.000000
-32.000000
-48.000000
-84.000000
-40.000000
-44.000000
-48.000000
-60.000000
-40.000000
-56.000000
-60.000000
-52.000000
-60.000000
-84.000000
-40.000000
-48.000000
-56.000000
-76.000000
-52.000000
-48.000000
-40.000000
-36.000000
-44.000000
-48.000000
-64.000000
-48.000000
-24.000000
-72.000000
-44.000000
-48.000000
-24.000000
-76.000000
-48.000000
-40.000000
-48.000000
-52.000000
-24.000000
-52.000000
-28.000000
-52.000000
-60.000000
-36.000000
-16.000000
-52.000000
-20.000000
-8.000000
-20.000000
-24.000000
-44.000000
-12.000000
-44.000000
-40.000000
-44.000000
-56.000000
-44.000000
-36.000000
-56.000000
-48.000000
-32.000000
-40.000000
-52.000000
-52.000000
-32.000000
-24.000000
-36.000000
-24.000000
-20.000000
-52.000000
-20.000000
-36.000000
-28.000000
-12.000000
-36.000000
-32.000000
-16.000000
-36.000000
-28.000000
-16.000000
-52.000000
-40.000000
-8.000000
-32.000000
-40.000000
-36.000000
-32.000000
-32.000000
-36.000000
-36.000000
-48.000000
-12.000000
-36.000000
-24.000000
0.000000
-32.000000
-32.000000
0.000000
-28.000000
-64.000000
-24.000000
-60.000000
-72.000000
-44.000000
-28.000000
-56.000000
-40.000000
-52.000000
-52.000000
-36.000000
-24.000000
-28.000000
-36.000000
-36.000000
-28.000000
-48.000000
-36.000000
-36.000000
-32.000000
-4.000000
-36.000000
-24.000000
-24.000000
-36.000000
-36.000000
-24.000000
-16.000000
-36.000000
-4.000000
-8.000000
-24.000000
-28.000000
-24.000000
-4.000000
-44.000000
-32.000000
-32.000000
-20.000000
-20.000000
-40.000000
-16.000000
-36.000000
-36.000000
-40.000000
-60.000000
-68.000000
-44.000000
-40.000000
-56.000000
-60.000000
-68.000000
-40.000000
-56.000000
-32.000000
-4.000000
-12.000000
-32.000000
-32.000000
0.000000
-16.000000
-16.000000
-12.000000
-24.000000
-24.000000
-16.000000
-16.000000
-16.000000
-20.000000
-20.000000
-40.000000
-44.000000
-12.000000
-12.000000
-12.000000
4.000000
-36.000000
-24.000000
-44.000000
-20.000000
-32.000000
12.000000
-40.000000
-24.000000
-16.000000
-12.000000
-24.000000
-28.000000
-20.000000
-24.000000
-12.000000
-32.000000
-52.000000
-16.000000
-40.000000
-28.000000
-64.000000
-32.000000
-48.000000
-24.000000
-44.000000
-28.000000
-44.000000
-28.000000
4.000000
-12.000000
-32.000000
-36.000000
-16.000000
-56.000000
-28.000000
-16.000000
-48.000000
-16.000000
-56.000000
-40.000000
-48.000000
-28.000000
-60.000000
-36.000000
-36.000000
-52.000000
-52.000000
-52.000000
-60.000000
-68.000000
-68.000000
-44.000000
-40.000000
-56.000000
-52.000000
-44.000000
-44.000000
-48.000000
-40.000000
-60.000000
-88.000000
-64.000000
-48.000000
-36.000000
-48.000000
-76.000000
-92.000000
-76.000000
-64.000000
-60.000000
-36.000000
-92.000000
-16.000000
-52.000000
-12.000000
-20.000000
-24.000000
-48.000000
-48.000000
-32.000000
-40.000000
-56.000000
-44.000000
-64.000000
-40.000000
-40.000000
-64.000000
-60.000000
-48.000000
-68.000000
-64.000000
-48.000000
-28.000000
-36.000000
-52.000000
-56.000000
-52.000000
-60.000000
-20.000000
-40.000000
-64.000000
-44.000000
-60.000000
-68.000000
-48.000000
-48.000000
-44.000000
-72.000000
-48.000000
-40.000000
-48.000000
-44.000000
-40.000000
-56.000000
-80.000000
-56.000000
-40.000000
-28.000000
-40.000000
-52.000000
-36.000000
-32.000000
-16.000000
-44.000000
-36.000000
12.000000
-36.000000
-28.000000
-44.000000
-44.000000
-52.000000
-60.000000
-44.000000
-52.000000
-32.000000
-36.000000
-20.000000
-44.000000
-36.000000
-40.000000
-16.000000
-48.000000
-28.000000
-36.000000
-24.000000
-32.000000
-40.000000
-16.000000
-16.000000
-28.000000
-36.000000
-20.000000
-12.000000
-36.000000
-44.000000
-20.000000
-32.000000
-48.000000
-32.000000
-32.000000
-24.000000
-8.000000
-24.000000
-36.000000
-32.000000
-12.000000
-8.000000
-40.000000
-36.000000
-20.000000
-24.000000
0.000000
-36.000000
-12.000000
-52.000000
-60.000000
-16.000000
-68.000000
-56.000000
-52.000000
-52.000000
-28.000000
-32.000000
-64.000000
-24.000000
-48.000000
-52.000000
-24.000000
-24.000000
-16.000000
-36.000000
-20.000000
-24.000000
-12.000000
-8.000000
-40.000000
-40.000000
-44.000000
-28.000000
-36.000000
-16.000000
-32.000000
-76.000000
-12.000000
-68.000000
-44.000000
-40.000000
-12.000000
-36.000000
-12.000000
-28.000000
-40.000000
-36.000000
-32.000000
-40.000000
-36.000000
-20.000000
-28.000000
-48.000000
-36.000000
-48.000000
-36.000000
-44.000000
-40.000000
-48.000000
-36.000000
-60.000000
-32.000000
-52.000000
-20.000000
-8.000000
-8.000000
20.000000
8.000000
-12.000000
4.000000
-28.000000
-28.000000
-4.000000
-20.000000
12.000000
-28.000000
-20.000000
-12.000000
-40.000000
-8.000000
-20.000000
-28.000000
-40.000000
-24.000000
-28.000000
-36.000000
-32.000000
-16.000000
-40.000000
-16.000000
-32.000000
-48.000000
-12.000000
-32.000000
-44.000000
-44.000000
-48.000000
-24.000000
-40.000000
-44.000000
-36.000000
-32.000000
-32.000000
-44.000000
-44.000000
-48.000000
-32.000000
-60.000000
-52.000000
-40.000000
-32.000000
-20.000000
8.000000
-12.000000
-12.000000
-36.000000
-36.000000
-36.000000
-56.000000
-12.000000
-40.000000
-24.000000
-44.000000
-56.000000
-48.000000
-52.000000
-48.000000
-44.000000
-48.000000
-36.000000
-72.000000
-92.000000
-60.000000
-64.000000
-72.000000
-72.000000
-76.000000
-60.000000
-40.000000
-92.000000
-76.000000
-44.000000
-72.000000
-64.000000
-80.000000
-64.000000
-76.000000
-72.000000
-40.000000
-72.000000
-56.000000
-80.000000
-72.000000
-64.000000
-80.000000
-52.000000
-60.000000
-32.000000
-52.000000
-12.000000
-28.000000
-32.000000
-60.000000
-56.000000
-44.000000
-40.000000
-52.000000
-48.000000
-40.000000
-44.000000
-44.000000
-60.000000
-52.000000
-60.000000
-76.000000
-68.000000
-64.000000
-52.000000
-68.000000
-52.000000
-20.000000
-88.000000
-32.000000
-48.000000
-44.000000
-36.000000
-40.000000
-60.000000
-44.000000
-64.000000
-40.000000
-80.000000
-32.000000
-68.000000
-36.000000
-32.000000
-40.000000
-52.000000
-16.000000
-44.000000
-32.000000
-32.000000
-28.000000
-52.000000
-56.000000
-24.000000
-28.000000
-36.000000
0.000000
-40.000000
-16.000000
-8.000000
-36.000000
-28.000000
-52.000000
-44.000000
-36.000000
-36.000000
-48.000000
-36.000000
-48.000000
-52.000000
-36.000000
-48.000000
-28.000000
-48.000000
-20.000000
-48.000000
-36.000000
-32.000000
-36.000000
-28.000000
-20.000000
-36.000000
-28.000000
-16.000000
-32.000000
-24.000000
-36.000000
-52.000000
-28.000000
-36.000000
-44.000000
-8.000000
-12.000000
-52.000000
-24.000000
-32.000000
-32.000000
-12.000000
-16.000000
-40.000000
-40.000000
-40.000000
-32.000000
-44.000000
-60.000000
-24.000000
-68.000000
-56.000000
-52.000000
-76.000000
-72.000000
-64.000000
-40.000000
-44.000000
-48.000000
-48.000000
-40.000000
-60.000000
-40.000000
-44.000000
-72.000000
-16.000000
-20.000000
-48.000000
-20.000000
-36.000000
-28.000000
-32.000000
-40.000000
-40.000000
-16.000000
-32.000000
-36.000000
-64.000000
-36.000000
-40.000000
-28.000000
-36.000000
-44.000000
-16.000000
-44.000000
-28.000000
-52.000000
-40.000000
-28.000000
-44.000000
-36.000000
-12.000000
-72.000000
-52.000000
-40.000000
-64.000000
-72.000000
-40.000000
-60.000000
-84.000000
-56.000000
-64.000000
-60.000000
-36.000000
-32.000000
-24.000000
-8.000000
-32.000000
4.000000
-28.000000
-36.000000
-20.000000
-12.000000
-8.000000
-20.000000
-16.000000
-20.000000
-20.000000
-52.000000
-16.000000
-24.000000
-60.000000
-8.000000
-36.000000
0.000000
-40.000000
0.000000
-16.000000
-24.000000
-28.000000
-36.000000
-36.000000
-28.000000
-44.000000
-32.000000
-36.000000
-28.000000
-32.000000
-44.000000
-48.000000
-68.000000
-20.000000
-52.000000
-24.000000
-52.000000
-40.000000
-48.000000
-64.000000
-64.000000
-32.000000
-44.000000
-44.000000
-32.000000
-20.000000
-20.000000
-12.000000
-48.000000
-40.000000
-16.000000
-36.000000
-44.000000
-40.000000
-52.000000
-76.000000
-48.000000
-68.000000
-88.000000
-52.000000
-48.000000
-52.000000
-36.000000
-52.000000
-44.000000
-72.000000
-76.000000
-60.000000
-64.000000
-96.000000
-88.000000
-80.000000
-48.000000
-68.000000
-52.000000
-64.000000
-96.000000
-76.000000
-68.000000
-60.000000
-72.000000
-100.000000
-44.000000
-72.000000
-80.000000
-60.000000
-80.000000
-72.000000
-64.000000
-64.000000
-40.000000
-48.000000
-32.000000
-24.000000
-16.000000
-48.000000
-44.000000
-60.000000
-76.000000
-32.000000
-68.000000
-56.000000
-68.000000
-60.000000
-92.000000
-72.000000
-80.000000
-52.000000
-32.000000
-68.000000
-72.000000
-48.000000
-64.000000
-44.000000
-72.000000
-36.000000
-64.000000
-44.000000
-76.000000
-52.000000
-48.000000
-52.000000
-44.000000
-20.000000
-68.000000
-56.000000
-24.000000
-48.000000
-44.000000
-44.000000
-60.000000
-52.000000
-76.000000
-12.000000
-40.000000
-44.000000
-20.000000
-32.000000
-64.000000
-24.000000
-12.000000
-32.000000
-24.000000
-8.000000
-12.000000
-20.000000
-48.000000
-28.000000
-48.000000
-8.000000
-72.000000
-64.000000
-32.000000
-48.000000
-32.000000
-60.000000
-44.000000
-24.000000
-36.000000
-28.000000
-52.000000
-24.000000
-24.000000
-28.000000
-24.000000
-36.000000
-32.000000
-40.000000
-56.000000
-48.000000
-28.000000
-48.000000
-20.000000
-32.000000
-36.000000
-24.000000
-32.000000
-32.000000
-20.000000
-36.000000
-28.000000
-40.000000
-16.000000
-12.000000
-16.000000
-32.000000
-28.000000
-12.000000
-24.000000
-20.000000
-44.000000
-52.000000
-72.000000
-76.000000
-56.000000
-64.000000
-64.000000
-60.000000
-76.000000
-44.000000
-28.000000
-36.000000
-28.000000
-36.000000
-44.000000
-32.000000
-28.000000
-44.000000
-16.000000
-28.000000
-52.000000
-44.000000
-40.000000
-40.000000
-36.000000
-40.000000
-36.000000
-20.000000
-40.000000
-48.000000
-8.000000
-24.000000
-32.000000
-52.000000
-40.000000
-20.000000
-40.000000
-36.000000
-28.000000
-36.000000
-48.000000
-44.000000
-44.000000
-40.000000
-52.000000
-40.000000
-44.000000
-36.000000
-48.000000
-44.000000
-52.000000
-68.000000
-36.000000
-40.000000
-48.000000
-32.000000
-40.000000
-16.000000
-8.000000
-32.000000
-12.000000
0.000000
0.000000
-24.000000
-28.000000
-12.000000
-28.000000
-8.000000
-12.000000
-20.000000
-28.000000
-12.000000
-48.000000
-16.000000
-20.000000
-60.000000
4.000000
-32.000000
-24.000000
-24.000000
-48.000000
-40.000000
-24.000000
-16.000000
-24.000000
-40.000000
-40.000000
-28.000000
-52.000000
-36.000000
-48.000000
-32.000000
-64.000000
-44.000000
-32.000000
-40.000000
-44.000000
-32.000000
-48.000000
-28.000000
-8.000000
-36.000000
-36.000000
-20.000000
-16.000000
-24.000000
-24.000000
-12.000000
-40.000000
-32.000000
-44.000000
-44.000000
-52.000000
-32.000000
-52.000000
-48.000000
-72.000000
-52.000000
-40.000000
-64.000000
-52.000000
-44.000000
-44.000000
-64.000000
-80.000000
-48.000000
-52.000000
-64.000000
-76.000000
-72.000000
-72.000000
-44.000000
-80.000000
-44.000000
-72.000000
-92.000000
-76.000000
-44.000000
-72.000000
-40.000000
-88.000000
-52.000000
-84.000000
-64.000000
-92.000000
-88.000000
-56.000000
-36.000000
-76.000000
-40.000000
-60.000000
-32.000000
-36.000000
-16.000000
-16.000000
-48.000000
-24.000000
-44.000000
-52.000000
-64.000000
-40.000000
-56.000000
-68.000000
-60.000000
-60.000000
-56.000000
-52.000000
-60.000000
-64.000000
-64.000000
-76.000000
-92.000000
-76.000000
-44.000000
-52.000000
-40.000000
-68.000000
-48.000000
-36.000000
-28.000000
-80.000000
-48.000000
-60.000000
-52.000000
-72.000000
-20.000000
-80.000000
-48.000000
-36.000000
-32.000000
-44.000000
-56.000000
-32.000000
-48.000000
-60.000000
-36.000000
-40.000000
-72.000000
-28.000000
-44.000000
-24.000000
-8.000000
-8.000000
-44.000000
-24.000000
-36.000000
-52.000000
-48.000000
-32.000000
-32.000000
-64.000000
-52.000000
-36.000000
-52.000000
-20.000000
-68.000000
-48.000000
-72.000000
-40.000000
-56.000000
-40.000000
-40.000000
-60.000000
-20.000000
-24.000000
-44.000000
-20.000000
-16.000000
-40.000000
-16.000000
-28.000000
-20.000000
-52.000000
-40.000000
-24.000000
-20.000000
-20.000000
-8.000000
-28.000000
-36.000000
-32.000000
-12.000000
-32.000000
-36.000000
-28.000000
-40.000000
-20.000000
-4.000000
-52.000000
-32.000000
-24.000000
-64.000000
-60.000000
-52.000000
-104.000000
-76.000000
-88.000000
-44.000000
-52.000000
-44.000000
-44.000000
-40.000000
-36.000000
-24.000000
-28.000000
-32.000000
-28.000000
-28.000000
-48.000000
-64.000000
-36.000000
-16.000000
-36.000000
-24.000000
-24.000000
-32.000000
-28.000000
-28.000000
-36.000000
-32.000000
-44.000000
-52.000000
-24.000000
-44.000000
-40.000000
-48.000000
-40.000000
-32.000000
-60.000000
-36.000000
-32.000000
-52.000000
-40.000000
-48.000000
-48.000000
-48.000000
-52.000000
-56.000000
-72.000000
-48.000000
-84.000000
-56.000000
-80.000000
-52.000000
-28.000000
-36.000000
-48.000000
-24.000000
-16.000000
-12.000000
12.000000
-4.000000
-8.000000
-32.000000
-36.000000
-36.000000
-32.000000
-32.000000
-36.000000
-24.000000
-12.000000
-8.000000
-32.000000
-12.000000
-16.000000
-48.000000
-12.000000
-40.000000
-36.000000
-48.000000
-28.000000
-32.000000
-16.000000
-52.000000
-48.000000
-40.000000
-40.000000
-52.000000
-36.000000
-40.000000
-36.000000
-40.000000
-40.000000
-16.000000
-52.000000
-32.000000
-40.000000
-56.000000
-36.000000
-28.000000
-48.000000
-28.000000
-44.000000
-40.000000
-24.000000
-20.000000
-32.000000
-36.000000
-16.000000
-60.000000
-20.000000
-64.000000
-28.000000
-52.000000
-16.000000
-72.000000
-72.000000
-52.000000
-44.000000
-44.000000
-76.000000
-64.000000
-52.000000
-60.000000
-96.000000
-64.000000
-68.000000
-56.000000
-64.000000
-44.000000
-60.000000
-76.000000
-92.000000
-72.000000
-80.000000
-52.000000
-64.000000
-40.000000
-80.000000
-40.000000
-44.000000
-56.000000
-48.000000
-60.000000
-72.000000
-36.000000
-84.000000
-72.000000
-36.000000
-88.000000
-52.000000
-20.000000
-32.000000
-44.000000
-48.000000
-32.000000
-24.000000
-76.000000
-52.000000
-60.000000
-76.000000
-44.000000
-92.000000
-64.000000
-72.000000
-76.000000
-72.000000
-64.000000
-64.000000
-72.000000
-60.000000
-80.000000
-68.000000
-32.000000
-40.000000
-68.000000
-48.000000
-64.000000
-52.000000
-56.000000
-48.000000
-40.000000
-48.000000
-52.000000
-48.000000
-60.000000
-40.000000
-52.000000
-36.000000
-52.000000
-28.000000
-52.000000
-28.000000
-68.000000
-16.000000
-60.000000
-44.000000
-28.000000
-56.000000
-12.000000
-28.000000
-8.000000
0.000000
-20.000000
-12.000000
-48.000000
-56.000000
-40.000000
-60.000000
-36.000000
-60.000000
-84.000000
-64.000000
-32.000000
