464.000000
740.000000
972.000000
1188.000000
1296.000000
1368.000000
1284.000000
1112.000000
848.000000
472.000000
32.000000
-448.000000
-904.000000
-1376.000000
-1812.000000
-2068.000000
-2248.000000
-2296.000000
-2188.000000
-1900.000000
-1492.000000
-984.000000
-420.000000
188.000000
744.000000
1264.000000
1716.000000
1980.000000
2144.000000
2144.000000
2008.000000
1728.000000
1348.000000
904.000000
416.000000
-60.000000
-500.000000
-864.000000
-1152.000000
-1360.000000
-1404.000000
-1392.000000
-1296.000000
-1096.000000
-892.000000
-636.000000
-376.000000
-184.000000
-44.000000
-12.000000
-28.000000
-36.000000
4.000000
4.000000
-68.000000
-56.000000
-28.000000
-48.000000
-24.000000
-60.000000
-44.000000
-32.000000
-48.000000
-44.000000
-52.000000
-48.000000
-36.000000
-48.000000
-28.000000
-32.000000
-44.000000
-36.000000
-44.000000
-40.000000
-32.000000
-20.000000
-40.000000
-44.000000
-24.000000
-44.000000
-24.000000
-20.000000
-24.000000
-40.000000
-44.000000
-16.000000
-52.000000
-20.000000
-36.000000
-52.000000
-36.000000
-44.000000
-40.000000
-40.000000
-36.000000
-20.000000
-32.000000
-20.000000
-12.000000
-8.000000
-32.000000
-60.000000
-36.000000
-32.000000
-40.000000
-32.000000
-72.000000
-36.000000
-52.000000
-36.000000
-40.000000
-52.000000
-28.000000
-32.000000
-36.000000
-36.000000
-16.000000
-24.000000
-28.000000
-48.000000
-36.000000
-36.000000
-40.000000
-28.000000
-36.000000
-36.000000
-32.000000
-28.000000
-48.000000
-56.000000
-16.000000
-28.000000
-36.000000
-16.000000
-20.000000
-40.000000
-36.000000
-44.000000
-64.000000
-44.000000
-48.000000
-52.000000
-24.000000
-28.000000
-36.000000
-56.000000
-36.000000
-44.000000
-56.000000
-56.000000
-44.000000
-64.000000
-60.000000
-56.000000
-44.000000
-56.000000
-48.000000
-16.000000
-48.000000
-48.000000
-12.000000
-52.000000
0.000000
-4.000000
-12.000000
16.000000
-52.000000
4.000000
0.000000
0.000000
-16.000000
-32.000000
-16.000000
-20.000000
-12.000000
-16.000000
0.000000
-20.000000
-36.000000
-16.000000
-16.000000
-20.000000
-28.000000
-36.000000
-24.000000
-40.000000
-32.000000
-12.000000
-36.000000
-28.000000
-12.000000
-36.000000
-48.000000
-16.000000
-40.000000
-56.000000
-40.000000
-28.000000
-36.000000
-24.000000
-48.000000
-24.000000
-4.000000
-32.000000
-16.000000
-16.000000
-20.000000
-12.000000
-28.000000
-40.000000
-24.000000
-8.000000
-32.000000
-64.000000
-32.000000
-60.000000
-44.000000
-56.000000
-48.000000
-60.000000
-64.000000
-44.000000
-76.000000
-64.000000
-88.000000
-48.000000
-76.000000
-56.000000
-56.000000
-52.000000
-64.000000
-72.000000
-32.000000
-64.000000
-44.000000
-76.000000
-72.000000
-64.000000
-72.000000
-72.000000
-52.000000
-64.000000
-76.000000
-56.000000
-60.000000
-80.000000
-40.000000
-84.000000
-68.000000
-64.000000
-60.000000
-52.000000
-56.000000
-44.000000
-24.000000
0.000000
-32.000000
-36.000000
-40.000000
-48.000000
-28.000000
-60.000000
-36.000000
-96.000000
-48.000000
-20.000000
-76.000000
-52.000000
-56.000000
-24.000000
-64.000000
-44.000000
-56.000000
-64.000000
-56.000000
-40.000000
-56.000000
-36.000000
-44.000000
-16.000000
-72.000000
-60.000000
-20.000000
-52.000000
-44.000000
-68.000000
-20.000000
-56.000000
-48.000000
-36.000000
-48.000000
-20.000000
-44.000000
-40.000000
-24.000000
-20.000000
-44.000000
-20.000000
-36.000000
-28.000000
-40.000000
-40.000000
-36.000000
-8.000000
-20.000000
-40.000000
-20.000000
-60.000000
-28.000000
-36.000000
-44.000000
-56.000000
-32.000000
-24.000000
-44.000000
-32.000000
-36.000000
-48.000000
-36.000000
-28.000000
-44.000000
-24.000000
-32.000000
-28.000000
-20.000000
-32.000000
-20.000000
-52.000000
-32.000000
-28.000000
-28.000000
-16.000000
-24.000000
0.000000
-32.000000
-44.000000
-28.000000
-12.000000
-16.000000
-36.000000
-16.000000
-28.000000
-48.000000
-12.000000
-28.000000
-28.000000
-32.000000
-32.000000
20.000000
-32.000000
-28.000000
-16.000000
-16.000000
-28.000000
-44.000000
-64.000000
-80.000000
-48.000000
-28.000000
-56.000000
-56.000000
-44.000000
-68.000000
-20.000000
-28.000000
-40.000000
-28.000000
-40.000000
-48.000000
-16.000000
-20.000000
-16.000000
-32.000000
-32.000000
-24.000000
4.000000
-40.000000
-44.000000
-48.000000
-28.000000
-36.000000
-32.000000
-52.000000
8.000000
-32.000000
-16.000000
-56.000000
-40.000000
-4.000000
-40.000000
-32.000000
-32.000000
-36.000000
-60.000000
-32.000000
-32.000000
-32.000000
-48.000000
-28.000000
-40.000000
-40.000000
-40.000000
-44.000000
-64.000000
-96.000000
-72.000000
-48.000000
-40.000000
-40.000000
-36.000000
-16.000000
-16.000000
-28.000000
-16.000000
4.000000
-28.000000
-4.000000
-24.000000
-40.000000
-12.000000
-28.000000
-32.000000
4.000000
-28.000000
-16.000000
-4.000000
-36.000000
-28.000000
-16.000000
-48.000000
-32.000000
-40.000000
-12.000000
-28.000000
-12.000000
-20.000000
-16.000000
-24.000000
-24.000000
-24.000000
-16.000000
-20.000000
-32.000000
-20.000000
-20.000000
-36.000000
-24.000000
-4.000000
-28.000000
-32.000000
-56.000000
-40.000000
-52.000000
-36.000000
-44.000000
-32.000000
-40.000000
-16.000000
-12.000000
-36.000000
-32.000000
-28.000000
-44.000000
-24.000000
-36.000000
-52.000000
-32.000000
-36.000000
-32.000000
-56.000000
-40.000000
-40.000000
-16.000000
-44.000000
-24.000000
-64.000000
-76.000000
-84.000000
-68.000000
-88.000000
-44.000000
-84.000000
-60.000000
-72.000000
-48.000000
-64.000000
-84.000000
-44.000000
-48.000000
-76.000000
-76.000000
-60.000000
-48.000000
-36.000000
-60.000000
-56.000000
-88.000000
-40.000000
-68.000000
-88.000000
-56.000000
-64.000000
-40.000000
-40.000000
-32.000000
-36.000000
-24.000000
-40.000000
-56.000000
-32.000000
-52.000000
-68.000000
-60.000000
-60.000000
-60.000000
-36.000000
-40.000000
-40.000000
-36.000000
-72.000000
-36.000000
-48.000000
-44.000000
-48.000000
-56.000000
-40.000000
-32.000000
-88.000000
-40.000000
-72.000000
-44.000000
-52.000000
-44.000000
-44.000000
-56.000000
-32.000000
-48.000000
-24.000000
-72.000000
-44.000000
-48.000000
-24.000000
-64.000000
-36.000000
-24.000000
-60.000000
-8.000000
-56.000000
-28.000000
-28.000000
-32.000000
-24.000000
-24.000000
0.000000
-32.000000
-12.000000
-24.000000
-32.000000
-60.000000
-32.000000
-32.000000
-52.000000
-12.000000
-40.000000
-56.000000
-36.000000
-48.000000
-44.000000
-40.000000
-44.000000
-36.000000
-44.000000
-32.000000
-32.000000
-28.000000
-36.000000
-20.000000
-28.000000
-36.000000
-36.000000
-36.000000
-28.000000
-20.000000
-20.000000
-16.000000
-48.000000
-36.000000
-16.000000
-20.000000
-20.000000
-24.000000
-32.000000
-36.000000
-32.000000
-12.000000
-12.000000
-24.000000
-20.000000
-32.000000
-44.000000
-12.000000
4.000000
-32.000000
-52.000000
-72.000000
-72.000000
-52.000000
-60.000000
-52.000000
-72.000000
-60.000000
-60.000000
-48.000000
-36.000000
-32.000000
-48.000000
-40.000000
-40.000000
-40.000000
-28.000000
-12.000000
-28.000000
-24.000000
-48.000000
-16.000000
-32.000000
-24.000000
-36.000000
-24.000000
-56.000000
-32.000000
-28.000000
-40.000000
-28.000000
4.000000
-24.000000
-36.000000
-24.000000
-4.000000
-16.000000
-16.000000
-48.000000
-8.000000
-48.000000
-32.000000
-16.000000
-36.000000
-68.000000
-40.000000
-40.000000
-40.000000
-44.000000
-60.000000
-52.000000
-40.000000
-32.000000
-48.000000
-28.000000
-32.000000
-40.000000
-20.000000
-16.000000
-16.000000
-48.000000
0.000000
-44.000000
-24.000000
-40.000000
-16.000000
-24.000000
-16.000000
-16.000000
-12.000000
-4.000000
-16.000000
-24.000000
-24.000000
-32.000000
-56.000000
-20.000000
-12.000000
-32.000000
-44.000000
-28.000000
-44.000000
-8.000000
-24.000000
-16.000000
-16.000000
-36.000000
-16.000000
-24.000000
-24.000000
-32.000000
-20.000000
-36.000000
-40.000000
-24.000000
-24.000000
-52.000000
-40.000000
-32.000000
-48.000000
-40.000000
-28.000000
-40.000000
-40.000000
-4.000000
-44.000000
-40.000000
-24.000000
-40.000000
-80.000000
16.000000
-44.000000
-48.000000
-32.000000
-40.000000
-68.000000
-60.000000
-28.000000
-60.000000
-44.000000
-40.000000
-24.000000
-48.000000
-56.000000
-76.000000
-52.000000
-36.000000
-52.000000
-64.000000
-80.000000
-76.000000
-40.000000
-40.000000
-64.000000
-48.000000
-44.000000
-56.000000
-68.000000
-92.000000
-56.000000
-72.000000
-88.000000
-52.000000
-64.000000
-32.000000
-80.000000
-64.000000
-80.000000
-72.000000
-24.000000
-24.000000
-36.000000
0.000000
-24.000000
-52.000000
-44.000000
-48.000000
-48.000000
-32.000000
-48.000000
-36.000000
-32.000000
-60.000000
-64.000000
-52.000000
-48.000000
-76.000000
-56.000000
-60.000000
-60.000000
-40.000000
-32.000000
-56.000000
-80.000000
-64.000000
-52.000000
-56.000000
-60.000000
-52.000000
-48.000000
4.000000
-8.000000
-52.000000
0.000000
-76.000000
-44.000000
-12.000000
-72.000000
-20.000000
-36.000000
-32.000000
-88.000000
-24.000000
-72.000000
-40.000000
-44.000000
-68.000000
-36.000000
-32.000000
-20.000000
-12.000000
-12.000000
-4.000000
-20.000000
-28.000000
-36.000000
-48.000000
-36.000000
-76.000000
-36.000000
-20.000000
-44.000000
-48.000000
-48.000000
-44.000000
-60.000000
-44.000000
-48.000000
-16.000000
-36.000000
-20.000000
-44.000000
-40.000000
-32.000000
-36.000000
-24.000000
-28.000000
-40.000000
-16.000000
-36.000000
-44.000000
-12.000000
-48.000000
-8.000000
-20.000000
-36.000000
-4.000000
-36.000000
-44.000000
-4.000000
-12.000000
-20.000000
-20.000000
-8.000000
-24.000000
-24.000000
-28.000000
-48.000000
-28.000000
-24.000000
-44.000000
-32.000000
-68.000000
-68.000000
-40.000000
-44.000000
-88.000000
-52.000000
-52.000000
-32.000000
-36.000000
-32.000000
-28.000000
-36.000000
-44.000000
-36.000000
-56.000000
-24.000000
-16.000000
-32.000000
-36.000000
-32.000000
-24.000000
-28.000000
-24.000000
-20.000000
-32.000000
-28.000000
-32.000000
-44.000000
-32.000000
-28.000000
-44.000000
-44.000000
-16.000000
-36.000000
-48.000000
-44.000000
-28.000000
-24.000000
-36.000000
-40.000000
-16.000000
-44.000000
-40.000000
-20.000000
-36.000000
-32.000000
-48.000000
-72.000000
-60.000000
-60.000000
-60.000000
-68.000000
-44.000000
-24.000000
-44.000000
-24.000000
-32.000000
-40.000000
-12.000000
-28.000000
-32.000000
-16.000000
-12.000000
-32.000000
-24.000000
-16.000000
-12.000000
-20.000000
-16.000000
-28.000000
-28.000000
-40.000000
-12.000000
-32.000000
12.000000
-28.000000
-28.000000
0.000000
-48.000000
-16.000000
-48.000000
-40.000000
-8.000000
-32.000000
-36.000000
-32.000000
-56.000000
-32.000000
-44.000000
-24.000000
-36.000000
-32.000000
-24.000000
-32.000000
-8.000000
-36.000000
-36.000000
-32.000000
-40.000000
-36.000000
-36.000000
-40.000000
-28.000000
-28.000000
-32.000000
0.000000
-20.000000
-52.000000
-8.000000
-36.000000
-36.000000
-52.000000
-20.000000
-32.000000
-36.000000
-56.000000
-32.000000
-68.000000
-44.000000
-28.000000
-48.000000
-72.000000
-72.000000
-60.000000
-64.000000
-32.000000
-76.000000
-80.000000
-64.000000
-52.000000
-36.000000
-80.000000
-36.000000
-52.000000
-64.000000
-72.000000
-60.000000
-40.000000
-56.000000
-48.000000
-60.000000
-32.000000
-64.000000
-52.000000
-68.000000
-76.000000
-72.000000
-72.000000
-32.000000
-12.000000
-32.000000
-52.000000
-32.000000
-40.000000
-24.000000
-40.000000
-48.000000
-76.000000
-72.000000
-52.000000
-48.000000
-72.000000
-56.000000
-28.000000
-56.000000
-64.000000
-48.000000
-64.000000
-56.000000
-48.000000
-60.000000
-28.000000
-48.000000
-92.000000
-40.000000
-44.000000
-52.000000
-40.000000
-32.000000
-64.000000
-52.000000
-48.000000
-60.000000
-64.000000
-56.000000
-44.000000
-48.000000
-32.000000
-44.000000
-52.000000
-32.000000
-48.000000
-32.000000
-44.000000
-24.000000
-40.000000
-60.000000
-4.000000
-44.000000
-24.000000
12.000000
-40.000000
-12.000000
-36.000000
-32.000000
-48.000000
-44.000000
-48.000000
-36.000000
-52.000000
-20.000000
-52.000000
-36.000000
-52.000000
-64.000000
-32.000000
-36.000000
-28.000000
-28.000000
0.000000
-24.000000
-12.000000
-24.000000
-20.000000
-20.000000
-24.000000
-20.000000
-32.000000
-40.000000
-16.000000
-20.000000
-20.000000
-8.000000
-40.000000
-40.000000
0.000000
-12.000000
-36.000000
-32.000000
-28.000000
-64.000000
-24.000000
-48.000000
-32.000000
-24.000000
-16.000000
-20.000000
-16.000000
-52.000000
-36.000000
-24.000000
-64.000000
-36.000000
-84.000000
-44.000000
-36.000000
-60.000000
-44.000000
-32.000000
-44.000000
-52.000000
-44.000000
-16.000000
-16.000000
-20.000000
-28.000000
-32.000000
-40.000000
-24.000000
-28.000000
-40.000000
-36.000000
-28.000000
-16.000000
-28.000000
-28.000000
-16.000000
-16.000000
-36.000000
-28.000000
-36.000000
-20.000000
-24.000000
-28.000000
-24.000000
-48.000000
-32.000000
-52.000000
-36.000000
-24.000000
-52.000000
-44.000000
-44.000000
-48.000000
-36.000000
-44.000000
-28.000000
-52.000000
-64.000000
-48.000000
-48.000000
-64.000000
-52.000000
-28.000000
-60.000000
-32.000000
-24.000000
-28.000000
-12.000000
-12.000000
-16.000000
0.000000
-12.000000
-20.000000
-8.000000
-36.000000
-28.000000
-24.000000
-12.000000
-20.000000
-8.000000
-44.000000
-28.000000
-32.000000
-8.000000
-36.000000
-28.000000
-8.000000
-20.000000
-16.000000
-40.000000
-36.000000
-28.000000
-12.000000
-28.000000
-44.000000
-16.000000
-48.000000
-32.000000
-28.000000
-12.000000
-20.000000
-32.000000
-24.000000
-32.000000
-52.000000
-32.000000
-80.000000
-44.000000
-32.000000
-40.000000
-12.000000
-32.000000
-28.000000
-32.000000
-8.000000
-12.000000
-24.000000
-36.000000
-20.000000
-20.000000
-44.000000
-40.000000
-32.000000
-24.000000
-36.000000
-36.000000
-32.000000
-68.000000
-76.000000
-52.000000
-60.000000
-36.000000
-60.000000
-72.000000
-64.000000
-68.000000
-52.000000
-64.000000
-52.000000
-96.000000
-72.000000
-72.000000
-76.000000
-48.000000
-104.000000
-68.000000
-60.000000
-76.000000
-52.000000
-76.000000
-64.000000
-60.000000
-68.000000
-48.000000
-56.000000
-72.000000
-28.000000
-36.000000
-16.000000
-28.000000
-24.000000
-48.000000
-64.000000
-32.000000
-56.000000
-48.000000
-44.000000
-80.000000
-48.000000
-40.000000
-64.000000
-20.000000
-44.000000
-24.000000
-64.000000
-48.000000
-56.000000
-84.000000
-48.000000
-36.000000
-52.000000
-48.000000
-56.000000
-72.000000
-52.000000
-56.000000
-56.000000
-72.000000
-36.000000
-52.000000
-44.000000
-36.000000
-64.000000
-24.000000
-76.000000
-36.000000
-56.000000
-36.000000
-52.000000
-44.000000
-28.000000
-36.000000
-32.000000
-48.000000
-44.000000
-32.000000
-8.000000
-8.000000
8.000000
-28.000000
-28.000000
-28.000000
-24.000000
-56.000000
-52.000000
-48.000000
-72.000000
-64.000000
-40.000000
-16.000000
-44.000000
-8.000000
-56.000000
-24.000000
-32.000000
-28.000000
-36.000000
-20.000000
-20.000000
-36.000000
-24.000000
-36.000000
-52.000000
-20.000000
-44.000000
-24.000000
-36.000000
-16.000000
0.000000
-8.000000
-48.000000
-24.000000
-24.000000
-16.000000
-16.000000
-28.000000
-12.000000
-36.000000
-24.000000
-12.000000
-16.000000
-8.000000
-28.000000
-44.000000
4.000000
-20.000000
-40.000000
-32.000000
-72.000000
-84.000000
-68.000000
-92.000000
-52.000000
-60.000000
-40.000000
-76.000000
-48.000000
-36.000000
-48.000000
8.000000
-8.000000
-36.000000
-28.000000
-32.000000
-8.000000
-32.000000
-32.000000
-36.000000
-28.000000
-4.000000
-32.000000
-40.000000
-44.000000
-20.000000
-8.000000
-36.000000
-52.000000
-44.000000
-24.000000
-52.000000
-36.000000
-24.000000
-56.000000
-8.000000
-32.000000
-40.000000
-36.000000
-48.000000
-4.000000
-44.000000
-48.000000
-36.000000
-28.000000
-44.000000
-48.000000
-60.000000
-36.000000
-80.000000
-40.000000
-76.000000
-48.000000
-64.000000
-44.000000
-36.000000
-28.000000
-16.000000
-12.000000
-24.000000
-12.000000
-12.000000
-8.000000
-20.000000
-16.000000
-20.000000
-12.000000
0.000000
-24.000000
-16.000000
-52.000000
-16.000000
-28.000000
-36.000000
8.000000
-52.000000
-8.000000
-12.000000
-24.000000
-16.000000
-28.000000
-40.000000
-36.000000
-60.000000
-24.000000
-32.000000
-28.000000
-20.000000
-32.000000
-48.000000
-32.000000
-44.000000
-40.000000
-44.000000
-40.000000
-40.000000
-24.000000
-56.000000
-64.000000
-12.000000
-28.000000
-32.000000
-16.000000
-36.000000
-8.000000
-8.000000
-52.000000
-12.000000
-28.000000
-8.000000
-36.000000
-32.000000
-56.000000
-44.000000
-40.000000
-36.000000
-32.000000
-48.000000
-56.000000
-56.000000
-72.000000
-80.000000
-76.000000
-60.000000
-84.000000
-52.000000
-64.000000
-60.000000
-56.000000
-40.000000
-68.000000
-48.000000
-60.000000
-64.000000
-48.000000
-84.000000
-32.000000
-72.000000
-76.000000
-48.000000
-52.000000
-64.000000
-80.000000
-72.000000
-64.000000
-68.000000
-76.000000
-36.000000
-52.000000
-36.000000
-16.000000
-16.000000
-36.000000
-52.000000
-44.000000
-32.000000
-24.000000
-40.000000
-52.000000
-52.000000
-60.000000
-40.000000
-72.000000
-64.000000
-56.000000
-52.000000
-60.000000
-64.000000
-60.000000
-40.000000
-64.000000
-52.000000
-52.000000
-36.000000
-72.000000
-68.000000
-60.000000
-60.000000
-28.000000
-48.000000
-40.000000
-64.000000
-8.000000
-56.000000
-36.000000
-52.000000
-32.000000
-24.000000
-32.000000
-44.000000
-76.000000
-32.000000
-56.000000
-20.000000
-32.000000
-12.000000
-56.000000
-24.000000
16.000000
-20.000000
-20.000000
0.000000
-32.000000
-36.000000
-40.000000
-52.000000
-64.000000
-32.000000
-44.000000
-36.000000
-40.000000
-24.000000
-52.000000
-44.000000
-52.000000
-24.000000
-44.000000
-24.000000
-20.000000
-32.000000
-40.000000
-36.000000
-28.000000
-24.000000
-32.000000
-48.000000
-36.000000
-20.000000
-52.000000
-56.000000
-12.000000
-36.000000
-52.000000
-44.000000
-28.000000
-24.000000
-28.000000
-40.000000
-28.000000
-32.000000
-52.000000
-40.000000
-44.000000
-20.000000
-28.000000
-36.000000
-16.000000
-12.000000
-28.000000
-40.000000
-52.000000
-44.000000
-88.000000
-92.000000
-48.000000
-56.000000
-44.000000
-60.000000
-60.000000
-24.000000
-52.000000
-24.000000
-32.000000
-56.000000
-28.000000
-48.000000
-40.000000
-44.000000
-48.000000
-28.000000
-28.000000
-4.000000
-32.000000
-4.000000
-12.000000
-8.000000
-28.000000
0.000000
-24.000000
-28.000000
-24.000000
-16.000000
-16.000000
-24.000000
-28.000000
-44.000000
-36.000000
-28.000000
-48.000000
-16.000000
-48.000000
-32.000000
-48.000000
-52.000000
-12.000000
-44.000000
-36.000000
-28.000000
-48.000000
-48.000000
-64.000000
-56.000000
-20.000000
-48.000000
-44.000000
-12.000000
-4.000000
-20.000000
-20.000000
-16.000000
-8.000000
-12.000000
-24.000000
-32.000000
-24.000000
-24.000000
-4.000000
-16.000000
-20.000000
-36.000000
0.000000
-16.000000
-36.000000
-8.000000
-16.000000
-28.000000
-24.000000
-28.000000
-32.000000
-16.000000
-24.000000
-16.000000
-28.000000
-28.000000
-28.000000
-20.000000
-44.000000
-28.000000
-36.000000
-32.000000
-32.000000
-48.000000
-16.000000
-28.000000
-24.000000
-36.000000
-44.000000
-32.000000
-32.000000
-28.000000
-44.000000
-36.000000
-48.000000
-24.000000
-40.000000
-20.000000
-8.000000
-36.000000
-20.000000
-60.000000
-4.000000
-40.000000
-60.000000
-28.000000
-44.000000
-44.000000
-56.000000
-48.000000
-48.000000
-40.000000
-52.000000
-56.000000
-60.000000
-80.000000
-72.000000
-76.000000
-48.000000
-52.000000
-44.000000
-60.000000
-80.000000
-68.000000
-60.000000
-56.000000
-84.000000
-76.000000
-60.000000
-44.000000
-72.000000
-96.000000
-88.000000
-60.000000
-64.000000
-72.000000
-72.000000
-52.000000
-44.000000
-68.000000
-36.000000
-56.000000
-36.000000
-12.000000
-16.000000
-48.000000
-24.000000
-64.000000
-44.000000
-52.000000
-52.000000
-64.000000
-44.000000
-40.000000
-72.000000
-84.000000
-48.000000
-52.000000
-64.000000
-48.000000
-56.000000
-76.000000
-72.000000
-44.000000
-44.000000
-60.000000
-36.000000
-28.000000
-44.000000
-56.000000
-60.000000
-68.000000
-60.000000
-52.000000
-40.000000
-48.000000
-52.000000
-28.000000
-64.000000
-44.000000
-52.000000
-44.000000
-88.000000
-12.000000
-60.000000
-56.000000
-40.000000
-20.000000
-8.000000
-20.000000
-16.000000
12.000000
-12.000000
-32.000000
-12.000000
-48.000000
-48.000000
-36.000000
-32.000000
-36.000000
-16.000000
-44.000000
-36.000000
-28.000000
-48.000000
-44.000000
-44.000000
-36.000000
-36.000000
-52.000000
-36.000000
-44.000000
-36.000000
-48.000000
-36.000000
-24.000000
-24.000000
-12.000000
-28.000000
-36.000000
-36.000000
-32.000000
-36.000000
-28.000000
-16.000000
-16.000000
-44.000000
-32.000000
-28.000000
-40.000000
-8.000000
-24.000000
-20.000000
-32.000000
-36.000000
-16.000000
-12.000000
-20.000000
-32.000000
-20.000000
-40.000000
-24.000000
-40.000000
-52.000000
-68.000000
-48.000000
-72.000000
-60.000000
-44.000000
-44.000000
-44.000000
-48.000000
-40.000000
-36.000000
-52.000000
-32.000000
-12.000000
-20.000000
-32.000000
-48.000000
-24.000000
-52.000000
-44.000000
-32.000000
-32.000000
-52.000000
-16.000000
-24.000000
-32.000000
-32.000000
-8.000000
-56.000000
-20.000000
-60.000000
-20.000000
-40.000000
-52.000000
-32.000000
-40.000000
-28.000000
-24.000000
-40.000000
-44.000000
-24.000000
-32.000000
-20.000000
-48.000000
-36.000000
-24.000000
-48.000000
-60.000000
-52.000000
-52.000000
-72.000000
-36.000000
-40.000000
-32.000000
-48.000000
-36.000000
-36.000000
-28.000000
0.000000
-24.000000
-4.000000
-4.000000
-16.000000
-32.000000
-16.000000
4.000000
-32.000000
-28.000000
-12.000000
-36.000000
-12.000000
-12.000000
-28.000000
-20.000000
-16.000000
-36.000000
-20.000000
-12.000000
-28.000000
-44.000000
-32.000000
-48.000000
-20.000000
-20.000000
-32.000000
-24.000000
-24.000000
-32.000000
-52.000000
-36.000000
-40.000000
-36.000000
-12.000000
-24.000000
-16.000000
-36.000000
-32.000000
-36.000000
-52.000000
-28.000000
-28.000000
-16.000000
-52.000000
-36.000000
-28.000000
-40.000000
-20.000000
-36.000000
-12.000000
-52.000000
-4.000000
-32.000000
-36.000000
-56.000000
-48.000000
-28.000000
-44.000000
-64.000000
-60.000000
-52.000000
-56.000000
-52.000000
-32.000000
-80.000000
-52.000000
-88.000000
-44.000000
-96.000000
-52.000000
-76.000000
-76.000000
-64.000000
-68.000000
-56.000000
-28.000000
-32.000000
-52.000000
-72.000000
-36.000000
-72.000000
-68.000000
-44.000000
-72.000000
-44.000000
-72.000000
-76.000000
-44.000000
-44.000000
-44.000000
-44.000000
-72.000000
-24.000000
-48.000000
-40.000000
-84.000000
-36.000000
-80.000000
-44.000000
-64.000000
-56.000000
-72.000000
-20.000000
-72.000000
-68.000000
-80.000000
-48.000000
-72.000000
-68.000000
-68.000000
-48.000000
-72.000000
-80.000000
-56.000000
-44.000000
-52.000000
-32.000000
-36.000000
-72.000000
-48.000000
-48.000000
-48.000000
-44.000000
-56.000000
-16.000000
-40.000000
-44.000000
-28.000000
-40.000000
-40.000000
-44.000000
-36.000000
-24.000000
-44.000000
