592.000000
876.000000
1112.000000
1256.000000
1328.000000
1324.000000
1208.000000
976.000000
672.000000
292.000000
-172.000000
-660.000000
-1148.000000
-1580.000000
-1920.000000
-2144.000000
-2276.000000
-2204.000000
-2028.000000
-1696.000000
-1216.000000
-684.000000
-116.000000
484.000000
1052.000000
1552.000000
1896.000000
2116.000000
2196.000000
2144.000000
1900.000000
1556.000000
1168.000000
684.000000
200.000000
-272.000000
-712.000000
-1040.000000
-1272.000000
-1404.000000
-1456.000000
-1368.000000
-1248.000000
-996.000000
-768.000000
-524.000000
-276.000000
-96.000000
-16.000000
-48.000000
-48.000000
-56.000000
-64.000000
-52.000000
-44.000000
-56.000000
-24.000000
-28.000000
-44.000000
-40.000000
-24.000000
-28.000000
-32.000000
-32.000000
-36.000000
-28.000000
-12.000000
-28.000000
-64.000000
-20.000000
-44.000000
-32.000000
-28.000000
-56.000000
-28.000000
-24.000000
-44.000000
-40.000000
-48.000000
-44.000000
-48.000000
-40.000000
-16.000000
-28.000000
-80.000000
-36.000000
-60.000000
-48.000000
-56.000000
-40.000000
-44.000000
-44.000000
-36.000000
-20.000000
-60.000000
-36.000000
-24.000000
-16.000000
-36.000000
-12.000000
-20.000000
-12.000000
-20.000000
-52.000000
-16.000000
-32.000000
-16.000000
-32.000000
-28.000000
-28.000000
-32.000000
-24.000000
-28.000000
-28.000000
-60.000000
-28.000000
-36.000000
-32.000000
-48.000000
-16.000000
-36.000000
-44.000000
-32.000000
-56.000000
-44.000000
-28.000000
-40.000000
-32.000000
-52.000000
-40.000000
-48.000000
-60.000000
-48.000000
-60.000000
-52.000000
-32.000000
-48.000000
-12.000000
-36.000000
-24.000000
-16.000000
-24.000000
-16.000000
-32.000000
-32.000000
-32.000000
-20.000000
-44.000000
-52.000000
-56.000000
-48.000000
-52.000000
-80.000000
-56.000000
-80.000000
-76.000000
-80.000000
-72.000000
-72.000000
-48.000000
-72.000000
-60.000000
-76.000000
-96.000000
-76.000000
-72.000000
-36.000000
-72.000000
-92.000000
-92.000000
-76.000000
-56.000000
-52.000000
-52.000000
-76.000000
-96.000000
-84.000000
-88.000000
-80.000000
-80.000000
-44.000000
-68.000000
-40.000000
-80.000000
-40.000000
-40.000000
-40.000000
-24.000000
-52.000000
-40.000000
-68.000000
-56.000000
-76.000000
-64.000000
-60.000000
-52.000000
-52.000000
-84.000000
-72.000000
-84.000000
-56.000000
-36.000000
-80.000000
-76.000000
-40.000000
-32.000000
-16.000000
-88.000000
-48.000000
-44.000000
-44.000000
-44.000000
-60.000000
-72.000000
-28.000000
-64.000000
-48.000000
-64.000000
-36.000000
-76.000000
-16.000000
-72.000000
-44.000000
-24.000000
-60.000000
-44.000000
-28.000000
-28.000000
-12.000000
-24.000000
-44.000000
-24.000000
-44.000000
-20.000000
-24.000000
-20.000000
-20.000000
-32.000000
-44.000000
-28.000000
-48.000000
-44.000000
-28.000000
-60.000000
-36.000000
-44.000000
-48.000000
-52.000000
-48.000000
-44.000000
-52.000000
-32.000000
-44.000000
-44.000000
-44.000000
-40.000000
-32.000000
-52.000000
-20.000000
-32.000000
-28.000000
-44.000000
-44.000000
-36.000000
-44.000000
-36.000000
-28.000000
-28.000000
-32.000000
-40.000000
-36.000000
-28.000000
-12.000000
-24.000000
-16.000000
-52.000000
-32.000000
-40.000000
-24.000000
24.000000
-28.000000
-40.000000
-36.000000
-36.000000
-48.000000
-44.000000
-56.000000
-24.000000
-104.000000
-88.000000
-64.000000
-52.000000
-28.000000
-52.000000
-44.000000
-32.000000
-44.000000
-52.000000
-60.000000
-52.000000
-44.000000
-52.000000
-64.000000
-56.000000
-36.000000
-28.000000
-28.000000
-16.000000
-48.000000
-20.000000
-40.000000
-64.000000
-28.000000
-60.000000
-28.000000
-12.000000
-60.000000
-40.000000
-44.000000
-32.000000
-44.000000
-60.000000
-48.000000
-28.000000
-24.000000
-44.000000
-52.000000
-32.000000
-56.000000
-36.000000
-40.000000
-56.000000
-56.000000
-52.000000
-88.000000
-68.000000
-44.000000
-64.000000
-52.000000
-44.000000
-40.000000
-24.000000
-28.000000
-32.000000
-24.000000
-36.000000
-20.000000
4.000000
-28.000000
-44.000000
-4.000000
-28.000000
-16.000000
-28.000000
-56.000000
-32.000000
-40.000000
-24.000000
-20.000000
-44.000000
0.000000
-32.000000
-28.000000
-36.000000
-40.000000
-48.000000
-28.000000
-36.000000
-16.000000
-36.000000
-64.000000
-28.000000
-56.000000
-20.000000
-24.000000
-32.000000
-36.000000
-60.000000
-40.000000
-44.000000
-56.000000
-24.000000
-44.000000
-64.000000
-36.000000
-60.000000
-48.000000
-56.000000
-32.000000
-36.000000
-52.000000
-20.000000
-28.000000
-12.000000
-48.000000
-48.000000
-48.000000
-48.000000
-72.000000
-56.000000
-48.000000
-68.000000
-76.000000
-56.000000
-72.000000
-64.000000
-72.000000
-64.000000
-96.000000
-76.000000
-52.000000
-68.000000
-60.000000
-72.000000
-88.000000
-76.000000
-96.000000
-84.000000
-72.000000
-80.000000
-64.000000
-68.000000
-88.000000
-80.000000
-80.000000
-52.000000
-92.000000
-64.000000
-68.000000
-100.000000
-80.000000
-84.000000
-80.000000
-52.000000
-64.000000
-36.000000
-24.000000
-52.000000
-40.000000
-48.000000
-60.000000
-68.000000
-48.000000
-80.000000
-76.000000
-40.000000
-52.000000
-64.000000
-48.000000
-76.000000
-44.000000
-48.000000
-44.000000
-56.000000
-28.000000
-72.000000
-40.000000
-40.000000
-52.000000
-72.000000
-48.000000
-52.000000
-60.000000
-40.000000
-60.000000
-80.000000
-28.000000
-64.000000
-72.000000
-48.000000
-48.000000
-48.000000
-44.000000
-40.000000
-32.000000
-24.000000
-36.000000
-36.000000
-8.000000
-20.000000
-36.000000
-40.000000
-44.000000
-44.000000
-12.000000
0.000000
-20.000000
-20.000000
-32.000000
-52.000000
-52.000000
-52.000000
-40.000000
-64.000000
-48.000000
-56.000000
-60.000000
-40.000000
-44.000000
-56.000000
-40.000000
-32.000000
-68.000000
-40.000000
-68.000000
-44.000000
-32.000000
-48.000000
-48.000000
-44.000000
-8.000000
-44.000000
-44.000000
-44.000000
-44.000000
-28.000000
-44.000000
-60.000000
-16.000000
4.000000
-28.000000
-28.000000
-28.000000
-32.000000
-40.000000
-76.000000
-20.000000
-28.000000
-24.000000
-32.000000
-20.000000
-12.000000
-20.000000
-32.000000
-32.000000
-52.000000
-40.000000
-72.000000
-64.000000
-68.000000
-32.000000
-72.000000
-56.000000
-52.000000
-60.000000
-24.000000
-52.000000
-52.000000
-12.000000
-28.000000
-32.000000
-52.000000
-44.000000
-44.000000
-16.000000
-16.000000
-12.000000
-56.000000
-36.000000
-36.000000
-36.000000
-36.000000
-60.000000
-36.000000
-72.000000
-52.000000
-48.000000
-36.000000
-56.000000
-56.000000
-80.000000
-40.000000
-36.000000
-36.000000
-36.000000
-56.000000
-28.000000
-28.000000
-40.000000
-44.000000
-40.000000
-40.000000
-32.000000
-44.000000
-64.000000
-84.000000
-52.000000
-48.000000
-64.000000
-48.000000
-44.000000
-64.000000
-28.000000
-48.000000
-20.000000
-20.000000
-16.000000
-28.000000
-16.000000
-20.000000
-32.000000
-32.000000
-24.000000
-20.000000
-28.000000
-48.000000
-20.000000
-36.000000
-28.000000
-24.000000
-20.000000
-32.000000
-32.000000
-44.000000
-36.000000
-12.000000
-20.000000
-56.000000
-48.000000
-36.000000
-40.000000
-32.000000
-48.000000
-20.000000
-36.000000
-52.000000
-40.000000
-44.000000
-24.000000
-28.000000
-48.000000
-48.000000
-32.000000
-32.000000
-44.000000
-56.000000
-44.000000
-40.000000
-40.000000
-20.000000
-4.000000
-48.000000
-48.000000
-24.000000
-32.000000
-36.000000
-16.000000
-52.000000
-40.000000
-32.000000
-52.000000
-44.000000
-60.000000
-44.000000
-64.000000
-60.000000
-56.000000
-84.000000
-48.000000
-80.000000
-84.000000
-64.000000
-52.000000
-56.000000
-48.000000
-56.000000
-80.000000
-48.000000
-92.000000
-84.000000
-76.000000
-88.000000
-64.000000
-76.000000
-80.000000
-48.000000
-96.000000
-32.000000
-40.000000
-84.000000
-52.000000
-36.000000
-76.000000
-44.000000
-68.000000
-28.000000
-24.000000
-52.000000
-36.000000
-36.000000
-48.000000
-56.000000
-44.000000
-48.000000
-80.000000
-52.000000
-84.000000
-60.000000
-72.000000
-52.000000
-72.000000
-44.000000
-92.000000
-36.000000
-52.000000
-64.000000
-60.000000
-64.000000
-72.000000
-60.000000
-40.000000
-44.000000
-52.000000
-64.000000
-64.000000
-40.000000
-76.000000
-36.000000
-56.000000
-96.000000
-24.000000
-64.000000
-36.000000
-64.000000
-60.000000
-68.000000
-56.000000
-48.000000
-64.000000
-52.000000
-48.000000
-84.000000
-36.000000
-56.000000
-44.000000
-64.000000
-32.000000
-12.000000
-12.000000
-8.000000
-44.000000
-44.000000
-40.000000
-48.000000
-52.000000
-60.000000
-56.000000
-36.000000
-36.000000
-32.000000
-44.000000
-40.000000
-48.000000
-48.000000
-60.000000
-40.000000
-48.000000
-72.000000
-48.000000
-64.000000
-52.000000
-60.000000
-36.000000
-68.000000
-36.000000
-36.000000
-72.000000
-12.000000
-28.000000
-36.000000
-44.000000
-44.000000
-60.000000
-24.000000
-44.000000
-12.000000
-36.000000
-36.000000
-24.000000
-20.000000
-36.000000
-24.000000
-36.000000
-64.000000
-52.000000
-32.000000
-64.000000
-96.000000
-64.000000
-96.000000
-76.000000
-72.000000
-88.000000
-60.000000
-52.000000
-56.000000
-32.000000
-40.000000
-36.000000
-40.000000
-44.000000
-32.000000
-48.000000
-28.000000
-36.000000
-44.000000
-44.000000
-4.000000
-44.000000
-16.000000
0.000000
-28.000000
-48.000000
-44.000000
-40.000000
-44.000000
-32.000000
-56.000000
-48.000000
-60.000000
-36.000000
-24.000000
-32.000000
-60.000000
-44.000000
-28.000000
-56.000000
-56.000000
-28.000000
-44.000000
-40.000000
-56.000000
-24.000000
-44.000000
-76.000000
-56.000000
-92.000000
-64.000000
-48.000000
-28.000000
-64.000000
-24.000000
-52.000000
-36.000000
8.000000
-12.000000
-16.000000
-24.000000
-8.000000
-36.000000
-40.000000
-4.000000
-56.000000
-4.000000
-20.000000
-40.000000
-32.000000
-40.000000
-32.000000
-20.000000
-32.000000
-32.000000
-40.000000
-28.000000
-40.000000
-32.000000
-44.000000
-52.000000
-60.000000
-16.000000
-52.000000
-36.000000
-32.000000
-36.000000
-36.000000
-36.000000
-52.000000
-48.000000
-40.000000
-56.000000
-52.000000
-52.000000
-52.000000
-68.000000
-40.000000
-48.000000
-24.000000
-44.000000
-24.000000
-36.000000
-24.000000
-28.000000
-44.000000
-32.000000
-32.000000
-32.000000
-52.000000
-28.000000
-48.000000
-40.000000
-68.000000
-60.000000
-68.000000
-72.000000
-68.000000
-84.000000
-44.000000
-72.000000
-56.000000
-56.000000
-48.000000
-68.000000
-88.000000
-56.000000
-80.000000
-80.000000
-60.000000
-76.000000
-56.000000
-96.000000
-36.000000
-76.000000
-80.000000
-76.000000
-80.000000
-88.000000
-60.000000
-108.000000
-84.000000
-100.000000
-80.000000
-88.000000
-84.000000
-96.000000
-40.000000
-88.000000
-36.000000
-64.000000
-72.000000
-32.000000
-52.000000
-60.000000
-72.000000
-80.000000
-44.000000
-88.000000
-64.000000
-56.000000
-84.000000
-84.000000
-88.000000
-88.000000
-52.000000
-72.000000
-56.000000
-56.000000
-40.000000
-80.000000
-60.000000
-68.000000
-52.000000
-64.000000
-52.000000
-36.000000
-60.000000
-56.000000
-76.000000
-48.000000
-60.000000
-24.000000
-68.000000
-32.000000
-72.000000
-44.000000
-52.000000
-60.000000
-44.000000
-72.000000
-36.000000
-28.000000
-44.000000
-32.000000
-76.000000
-4.000000
-8.000000
-24.000000
-28.000000
-24.000000
-40.000000
-40.000000
-56.000000
-36.000000
-60.000000
-40.000000
-56.000000
-48.000000
-48.000000
-48.000000
-48.000000
-36.000000
-40.000000
-56.000000
-48.000000
-48.000000
-44.000000
-36.000000
-48.000000
-32.000000
-36.000000
-36.000000
-60.000000
-24.000000
-36.000000
-40.000000
-16.000000
-24.000000
-40.000000
-36.000000
-16.000000
-32.000000
-32.000000
-48.000000
-36.000000
-32.000000
-8.000000
-48.000000
-52.000000
-52.000000
-48.000000
-44.000000
-16.000000
-28.000000
-60.000000
-40.000000
-32.000000
-44.000000
-68.000000
-68.000000
-80.000000
-92.000000
-60.000000
-52.000000
-76.000000
-36.000000
-44.000000
-36.000000
-40.000000
-24.000000
-72.000000
-56.000000
-40.000000
-44.000000
-24.000000
-20.000000
-48.000000
-52.000000
-32.000000
-36.000000
-44.000000
-40.000000
-48.000000
-36.000000
-28.000000
-36.000000
-44.000000
-24.000000
-52.000000
-32.000000
-28.000000
-24.000000
-52.000000
-32.000000
-52.000000
-40.000000
-40.000000
-48.000000
-44.000000
-28.000000
-40.000000
-44.000000
-28.000000
-40.000000
-44.000000
-40.000000
-64.000000
-80.000000
-56.000000
-80.000000
-64.000000
-48.000000
-28.000000
-44.000000
-40.000000
-24.000000
-20.000000
-52.000000
-24.000000
-12.000000
-20.000000
-4.000000
-16.000000
-8.000000
-20.000000
-48.000000
-16.000000
-32.000000
-40.000000
-32.000000
-28.000000
-28.000000
-36.000000
-20.000000
-40.000000
-28.000000
-32.000000
-28.000000
-56.000000
-44.000000
-52.000000
-40.000000
-32.000000
-28.000000
-44.000000
-48.000000
-44.000000
-40.000000
-44.000000
-44.000000
-44.000000
-44.000000
-32.000000
-44.000000
-56.000000
-68.000000
-32.000000
-36.000000
-48.000000
-48.000000
-24.000000
-32.000000
-72.000000
-16.000000
-28.000000
-72.000000
-16.000000
-32.000000
-32.000000
-36.000000
-40.000000
-36.000000
-56.000000
-76.000000
-32.000000
-52.000000
-60.000000
-72.000000
-80.000000
-72.000000
-68.000000
-52.000000
-68.000000
-76.000000
-68.000000
-76.000000
-80.000000
-96.000000
-68.000000
-96.000000
-80.000000
-72.000000
-52.000000
-52.000000
-80.000000
-104.000000
-76.000000
-76.000000
-72.000000
-84.000000
-88.000000
-52.000000
-80.000000
-76.000000
-88.000000
-48.000000
-52.000000
-28.000000
-28.000000
-28.000000
-36.000000
-28.000000
-72.000000
-40.000000
-76.000000
-52.000000
-80.000000
-56.000000
-76.000000
-44.000000
-84.000000
-60.000000
-68.000000
-20.000000
-64.000000
-52.000000
-60.000000
-40.000000
-60.000000
-24.000000
-52.000000
-48.000000
-64.000000
-56.000000
-36.000000
-60.000000
-60.000000
-80.000000
-48.000000
-72.000000
-44.000000
-72.000000
-24.000000
-52.000000
-72.000000
-44.000000
-56.000000
-48.000000
-40.000000
-56.000000
-68.000000
-40.000000
-52.000000
-32.000000
-48.000000
-28.000000
-40.000000
-24.000000
-28.000000
-16.000000
-36.000000
-44.000000
-24.000000
-40.000000
-64.000000
-68.000000
-44.000000
-36.000000
-24.000000
-48.000000
-56.000000
-44.000000
-64.000000
-36.000000
-60.000000
-40.000000
-40.000000
-56.000000
-44.000000
-48.000000
-44.000000
-40.000000
-32.000000
-40.000000
-28.000000
-28.000000
-40.000000
-60.000000
-32.000000
-52.000000
-24.000000
-32.000000
-40.000000
-32.000000
-16.000000
-28.000000
-44.000000
-44.000000
-60.000000
-20.000000
-44.000000
-24.000000
-24.000000
-12.000000
-48.000000
-32.000000
-16.000000
-56.000000
-72.000000
-80.000000
-56.000000
-92.000000
-68.000000
-72.000000
-60.000000
-56.000000
-40.000000
-52.000000
-52.000000
-52.000000
-56.000000
-60.000000
-16.000000
-48.000000
-52.000000
-32.000000
-56.000000
-40.000000
-4.000000
-76.000000
-60.000000
-12.000000
-32.000000
-24.000000
-12.000000
-36.000000
-40.000000
-56.000000
-48.000000
-40.000000
-76.000000
-68.000000
-40.000000
-48.000000
-48.000000
-28.000000
-32.000000
-20.000000
-52.000000
-52.000000
-52.000000
-28.000000
-44.000000
-60.000000
-56.000000
-60.000000
-68.000000
-64.000000
-60.000000
-52.000000
-60.000000
-48.000000
-36.000000
-24.000000
-36.000000
-16.000000
-16.000000
-12.000000
-20.000000
-12.000000
-8.000000
-12.000000
-20.000000
-48.000000
-44.000000
-16.000000
-16.000000
-36.000000
-20.000000
-36.000000
-36.000000
-32.000000
-28.000000
-44.000000
-44.000000
-28.000000
-28.000000
-28.000000
-32.000000
-52.000000
-36.000000
-44.000000
-24.000000
-32.000000
-56.000000
-44.000000
-48.000000
-44.000000
-44.000000
-36.000000
-44.000000
-44.000000
-40.000000
-36.000000
-48.000000
-56.000000
-64.000000
-52.000000
-36.000000
-64.000000
-56.000000
-52.000000
-20.000000
-16.000000
-20.000000
-40.000000
-48.000000
-20.000000
-60.000000
-36.000000
-60.000000
-68.000000
-76.000000
-60.000000
-56.000000
-84.000000
-60.000000
-28.000000
-80.000000
-88.000000
-80.000000
-80.000000
-88.000000
-72.000000
-80.000000
-80.000000
-72.000000
-92.000000
-84.000000
-64.000000
-72.000000
-76.000000
-80.000000
-72.000000
-80.000000
-76.000000
-96.000000
-48.000000
-96.000000
-60.000000
-72.000000
-96.000000
-80.000000
-60.000000
-64.000000
-60.000000
-48.000000
-44.000000
-48.000000
-28.000000
-40.000000
-28.000000
-52.000000
-68.000000
-84.000000
-72.000000
-68.000000
-76.000000
-64.000000
-56.000000
-68.000000
-68.000000
-44.000000
-72.000000
-52.000000
-64.000000
-60.000000
-60.000000
-60.000000
-56.000000
-48.000000
-44.000000
-72.000000
-76.000000
-60.000000
-72.000000
-76.000000
-12.000000
-68.000000
-36.000000
-80.000000
-48.000000
-48.000000
-32.000000
-28.000000
-44.000000
-68.000000
-52.000000
-36.000000
-60.000000
-36.000000
-84.000000
-28.000000
-40.000000
-56.000000
-16.000000
-36.000000
-8.000000
-20.000000
-48.000000
-32.000000
-48.000000
-52.000000
-40.000000
-28.000000
-44.000000
-72.000000
-52.000000
-32.000000
-64.000000
-40.000000
-40.000000
-56.000000
-44.000000
-48.000000
-32.000000
-56.000000
-32.000000
-56.000000
-32.000000
-40.000000
-40.000000
-44.000000
-32.000000
-32.000000
-44.000000
-48.000000
-44.000000
-44.000000
-44.000000
-72.000000
-56.000000
-12.000000
-36.000000
-48.000000
-28.000000
-8.000000
-40.000000
-16.000000
-32.000000
-24.000000
-36.000000
-36.000000
-20.000000
-32.000000
-44.000000
-32.000000
-52.000000
-60.000000
-28.000000
-68.000000
-68.000000
-60.000000
-80.000000
-32.000000
-72.000000
-36.000000
-36.000000
-72.000000
-36.000000
-36.000000
-52.000000
-28.000000
-44.000000
-48.000000
-48.000000
-44.000000
-44.000000
-32.000000
-48.000000
-16.000000
-36.000000
-32.000000
-24.000000
-24.000000
-48.000000
-24.000000
-36.000000
-36.000000
-64.000000
-20.000000
-44.000000
-36.000000
-40.000000
-48.000000
-40.000000
-52.000000
-48.000000
-44.000000
-48.000000
-36.000000
-68.000000
-48.000000
-48.000000
-40.000000
-36.000000
-84.000000
-72.000000
-56.000000
-72.000000
-28.000000
-60.000000
-48.000000
-32.000000
-32.000000
-24.000000
-12.000000
-20.000000
-4.000000
-28.000000
-28.000000
-8.000000
-20.000000
-40.000000
-16.000000
-16.000000
-20.000000
-12.000000
-32.000000
-56.000000
-44.000000
-52.000000
-36.000000
-32.000000
-52.000000
-28.000000
-48.000000
-20.000000
-28.000000
-12.000000
-44.000000
-28.000000
-56.000000
-40.000000
-44.000000
-44.000000
-36.000000
-48.000000
-44.000000
-60.000000
-32.000000
-48.000000
-40.000000
-40.000000
-60.000000
-24.000000
-44.000000
-44.000000
-32.000000
-44.000000
-52.000000
-48.000000
-32.000000
-28.000000
-32.000000
-32.000000
-24.000000
-48.000000
-28.000000
-56.000000
-24.000000
-56.000000
-52.000000
-52.000000
-56.000000
-72.000000
-56.000000
-72.000000
-56.000000
-60.000000
-96.000000
-64.000000
-80.000000
-84.000000
-80.000000
-80.000000
-84.000000
-64.000000
-60.000000
-100.000000
-88.000000
-84.000000
-60.000000
-72.000000
-96.000000
-64.000000
-84.000000
-64.000000
-72.000000
-72.000000
-64.000000
-76.000000
-40.000000
-64.000000
-52.000000
-84.000000
-44.000000
-52.000000
-32.000000
-36.000000
-36.000000
-32.000000
-52.000000
-56.000000
-84.000000
-60.000000
-60.000000
-80.000000
-64.000000
-92.000000
-64.000000
-80.000000
-60.000000
-92.000000
-60.000000
-52.000000
-88.000000
-48.000000
-64.000000
-92.000000
-80.000000
-40.000000
-40.000000
-36.000000
-44.000000
-56.000000
-64.000000
-40.000000
-48.000000
-52.000000
-64.000000
-60.000000
-64.000000
-52.000000
-60.000000
-48.000000
-60.000000
-36.000000
-36.000000
-48.000000
-56.000000
-48.000000
-52.000000
-56.000000
-64.000000
-36.000000
-12.000000
-32.000000
-16.000000
-32.000000
-20.000000
-40.000000
-48.000000
-44.000000
-48.000000
-68.000000
-52.000000
-32.000000
-48.000000
-60.000000
-40.000000
-56.000000
-32.000000
-52.000000
-40.000000
-60.000000
-64.000000
-32.000000
-36.000000
-56.000000
-52.000000
-64.000000
-44.000000
-44.000000
-56.000000
-32.000000
-28.000000
-36.000000
-24.000000
-24.000000
-36.000000
-20.000000
-44.000000
-48.000000
-32.000000
-40.000000
-12.000000
-48.000000
-28.000000
-36.000000
-24.000000
-28.000000
-20.000000
-44.000000
-32.000000
-20.000000
-56.000000
-36.000000
-60.000000
-64.000000
-56.000000
-96.000000
-64.000000
-64.000000
-52.000000
-36.000000
-60.000000
-48.000000
-64.000000
-32.000000
-72.000000
-48.000000
-48.000000
-36.000000
-52.000000
-36.000000
-44.000000
-44.000000
-48.000000
-44.000000
-52.000000
-48.000000
-44.000000
-24.000000
-32.000000
-36.000000
-40.000000
-12.000000
-28.000000
-44.000000
-44.000000
-40.000000
-32.000000
-48.000000
-8.000000
-44.000000
-48.000000
-32.000000
-36.000000
-24.000000
-44.000000
-40.000000
-52.000000
-36.000000
-48.000000
-72.000000
-68.000000
-56.000000
-60.000000
-44.000000
-64.000000
-40.000000
-52.000000
-36.000000
-28.000000
-44.000000
-44.000000
-20.000000
-32.000000
-12.000000
0.000000
-40.000000
-48.000000
-40.000000
-28.000000
-20.000000
-48.000000
-44.000000
-24.000000
-20.000000
-20.000000
-32.000000
-32.000000
-36.000000
-44.000000
-44.000000
-16.000000
-48.000000
-28.000000
-36.000000
-44.000000
-32.000000
-44.000000
-40.000000
-20.000000
-44.000000
-48.000000
-20.000000
-44.000000
-56.000000
-28.000000
-44.000000
-36.000000
-32.000000
-60.000000
-64.000000
-36.000000
-60.000000
-32.000000
-48.000000
-44.000000
-16.000000
-28.000000
4.000000
-28.000000
-36.000000
-36.000000
-52.000000
-48.000000
-60.000000
-40.000000
-68.000000
-48.000000
-60.000000
-44.000000
-44.000000
-44.000000
-60.000000
-72.000000
-64.000000
-84.000000
-52.000000
-72.000000
-88.000000
-72.000000
-84.000000
-96.000000
-92.000000
-52.000000
-76.000000
-52.000000
-68.000000
-88.000000
-76.000000
-76.000000
-68.000000
-72.000000
-60.000000
-76.000000
-104.000000
-68.000000
-44.000000
-76.000000
-52.000000
-92.000000
-64.000000
-56.000000
-28.000000
-44.000000
-12.000000
-12.000000
-44.000000
-52.000000
-76.000000
-84.000000
-92.000000
-76.000000
-64.000000
-60.000000
-72.000000
-68.000000
-64.000000
-60.000000
-40.000000
-20.000000
-56.000000
-44.000000
-60.000000
-56.000000
0.000000
-48.000000
-52.000000
-60.000000
-72.000000
-80.000000
-68.000000
-60.000000
-48.000000
-32.000000
-64.000000
-40.000000
-40.000000
-44.000000
-32.000000
-52.000000
-20.000000
-36.000000
-28.000000
-40.000000
-32.000000
-52.000000
-28.000000
-36.000000
-24.000000
-36.000000
-28.000000
-28.000000
-8.000000
-28.000000
-28.000000
-40.000000
-36.000000
-44.000000
-28.000000
-64.000000
-20.000000
-32.000000
-36.000000
-44.000000
-44.000000
-52.000000
-36.000000
-60.000000
-24.000000
-44.000000
-32.000000
-32.000000
-32.000000
-32.000000
-36.000000
-24.000000
-32.000000
-24.000000
-32.000000
-36.000000
-8.000000
-36.000000
-36.000000
-4.000000
-40.000000
-36.000000
-32.000000
-32.000000
-40.000000
-24.000000
-36.000000
-8.000000
-16.000000
-40.000000
-28.000000
-8.000000
-28.000000
-36.000000
-32.000000
-16.000000
-28.000000
-52.000000
-52.000000
-60.000000
-48.000000
-64.000000
-44.000000
-64.000000
-76.000000
-52.000000
-56.000000
-52.000000
-52.000000
-48.000000
-36.000000
