620.000000
872.000000
1104.000000
1252.000000
1332.000000
1324.000000
1204.000000
968.000000
644.000000
264.000000
-192.000000
-680.000000
-1160.000000
-1596.000000
-1932.000000
-2192.000000
-2300.000000
-2272.000000
-2060.000000
-1720.000000
-1256.000000
-728.000000
-152.000000
460.000000
1024.000000
1480.000000
1860.000000
2092.000000
2144.000000
2048.000000
1852.000000
1536.000000
1140.000000
628.000000
184.000000
-276.000000
-708.000000
-1028.000000
-1292.000000
-1408.000000
-1416.000000
-1340.000000
-1208.000000
-1020.000000
-752.000000
-524.000000
-256.000000
-76.000000
-32.000000
-52.000000
-44.000000
-72.000000
-80.000000
-56.000000
-96.000000
-40.000000
-64.000000
-88.000000
-64.000000
-72.000000
-36.000000
-60.000000
-64.000000
-52.000000
-36.000000
-60.000000
-48.000000
-64.000000
-32.000000
-52.000000
-52.000000
-56.000000
-52.000000
-52.000000
-40.000000
-52.000000
-28.000000
-44.000000
-52.000000
-32.000000
-44.000000
-40.000000
-32.000000
-48.000000
-36.000000
-36.000000
-48.000000
-40.000000
-48.000000
-8.000000
4.000000
-16.000000
-20.000000
-20.000000
-28.000000
-24.000000
-44.000000
-48.000000
-48.000000
-36.000000
-44.000000
-32.000000
-48.000000
-36.000000
-36.000000
-48.000000
-36.000000
-44.000000
-28.000000
-52.000000
-36.000000
-32.000000
-48.000000
-40.000000
-32.000000
-32.000000
-44.000000
-52.000000
-48.000000
-16.000000
-32.000000
-32.000000
-24.000000
-12.000000
-12.000000
-32.000000
-24.000000
-24.000000
-44.000000
-16.000000
-32.000000
-36.000000
-40.000000
-40.000000
-12.000000
-60.000000
-8.000000
-32.000000
-12.000000
-16.000000
-60.000000
-68.000000
-64.000000
-64.000000
-60.000000
-72.000000
-64.000000
-60.000000
-60.000000
-44.000000
-36.000000
-20.000000
-40.000000
-28.000000
-64.000000
-40.000000
-20.000000
-44.000000
-20.000000
-32.000000
-48.000000
-8.000000
-12.000000
-36.000000
-32.000000
-36.000000
-36.000000
-44.000000
-44.000000
-32.000000
-8.000000
-28.000000
-44.000000
-36.000000
-24.000000
-44.000000
-44.000000
-24.000000
-20.000000
-48.000000
-24.000000
-36.000000
-28.000000
-36.000000
-28.000000
-32.000000
-36.000000
-36.000000
-60.000000
-60.000000
-60.000000
-36.000000
-60.000000
-28.000000
-44.000000
-28.000000
0.000000
-8.000000
-16.000000
-8.000000
-20.000000
-20.000000
-24.000000
-8.000000
-28.000000
-28.000000
-24.000000
-4.000000
-36.000000
-36.000000
-32.000000
-20.000000
-24.000000
-28.000000
-20.000000
-8.000000
-20.000000
-20.000000
-16.000000
-44.000000
-44.000000
-20.000000
-32.000000
-32.000000
-32.000000
-16.000000
-56.000000
-28.000000
-32.000000
-28.000000
-16.000000
-16.000000
-44.000000
-44.000000
-48.000000
-40.000000
-40.000000
-28.000000
-52.000000
-48.000000
-36.000000
-40.000000
-28.000000
-8.000000
-44.000000
-12.000000
-8.000000
-16.000000
-32.000000
-28.000000
-48.000000
-48.000000
-40.000000
-52.000000
-56.000000
-48.000000
-44.000000
-76.000000
-48.000000
-48.000000
-44.000000
-72.000000
-88.000000
-92.000000
-80.000000
-56.000000
-92.000000
-72.000000
-72.000000
-100.000000
-92.000000
-76.000000
-88.000000
-60.000000
-72.000000
-60.000000
-92.000000
-88.000000
-80.000000
-72.000000
-56.000000
-48.000000
-72.000000
-64.000000
-84.000000
-52.000000
-88.000000
-80.000000
-76.000000
-44.000000
-20.000000
-12.000000
-28.000000
-24.000000
-52.000000
-36.000000
-56.000000
-56.000000
-60.000000
-60.000000
-56.000000
-44.000000
-60.000000
-40.000000
-48.000000
-44.000000
-60.000000
-60.000000
-60.000000
-68.000000
-80.000000
-60.000000
-44.000000
-60.000000
-80.000000
-76.000000
-60.000000
-56.000000
-40.000000
-28.000000
-56.000000
-52.000000
-60.000000
-56.000000
-68.000000
-32.000000
-60.000000
-36.000000
-64.000000
-52.000000
-28.000000
-52.000000
-48.000000
-28.000000
-52.000000
-28.000000
-28.000000
-36.000000
-16.000000
0.000000
-8.000000
-28.000000
-28.000000
-48.000000
-48.000000
-44.000000
-28.000000
-36.000000
-56.000000
-52.000000
-28.000000
-48.000000
-48.000000
-48.000000
-60.000000
-52.000000
-52.000000
-40.000000
-48.000000
-48.000000
-56.000000
-28.000000
-52.000000
-32.000000
-36.000000
-60.000000
-36.000000
-20.000000
-32.000000
-32.000000
-28.000000
-24.000000
-44.000000
-28.000000
-36.000000
-56.000000
-40.000000
-20.000000
-20.000000
-20.000000
-36.000000
-24.000000
-12.000000
-24.000000
-48.000000
-40.000000
-8.000000
-32.000000
-4.000000
-36.000000
-64.000000
-60.000000
-56.000000
-60.000000
-84.000000
-68.000000
-68.000000
-60.000000
-24.000000
-48.000000
-64.000000
-40.000000
-28.000000
-44.000000
-48.000000
-16.000000
-44.000000
-48.000000
-44.000000
-76.000000
-44.000000
-40.000000
-40.000000
-36.000000
-52.000000
-40.000000
-24.000000
-32.000000
-44.000000
-24.000000
-24.000000
-64.000000
-40.000000
-24.000000
-36.000000
-48.000000
-28.000000
-24.000000
-36.000000
-24.000000
-44.000000
-40.000000
-52.000000
-36.000000
-32.000000
-36.000000
-44.000000
-32.000000
-28.000000
-72.000000
-72.000000
-76.000000
-48.000000
-48.000000
-56.000000
-32.000000
-20.000000
-36.000000
-12.000000
0.000000
-28.000000
-24.000000
-32.000000
0.000000
-24.000000
-12.000000
-28.000000
-16.000000
-12.000000
4.000000
-12.000000
-20.000000
-24.000000
-44.000000
-20.000000
-32.000000
-40.000000
-36.000000
-16.000000
-48.000000
-8.000000
-28.000000
-48.000000
-20.000000
-52.000000
-40.000000
-44.000000
-12.000000
-28.000000
-60.000000
-36.000000
-28.000000
0.000000
-24.000000
-32.000000
-36.000000
-32.000000
-36.000000
-40.000000
-76.000000
-32.000000
-40.000000
-48.000000
-32.000000
-48.000000
-52.000000
4.000000
-16.000000
-20.000000
-36.000000
-36.000000
-48.000000
-32.000000
-40.000000
-48.000000
-48.000000
-76.000000
-64.000000
-76.000000
-68.000000
-68.000000
-64.000000
-52.000000
-56.000000
-84.000000
-32.000000
-76.000000
-80.000000
-80.000000
-64.000000
-92.000000
-48.000000
-88.000000
-60.000000
-84.000000
-52.000000
-76.000000
-76.000000
-64.000000
-56.000000
-88.000000
-56.000000
-88.000000
-76.000000
-44.000000
-56.000000
-84.000000
-68.000000
-84.000000
-44.000000
-16.000000
-12.000000
-48.000000
-24.000000
-60.000000
-44.000000
-52.000000
-60.000000
-52.000000
-84.000000
-36.000000
-52.000000
-52.000000
-76.000000
-84.000000
-84.000000
-48.000000
-64.000000
-52.000000
-72.000000
-40.000000
-80.000000
-76.000000
-56.000000
-64.000000
-52.000000
-44.000000
-76.000000
-28.000000
-72.000000
-48.000000
-44.000000
-60.000000
-40.000000
-32.000000
-84.000000
-28.000000
-60.000000
-40.000000
-52.000000
-40.000000
-48.000000
-48.000000
-28.000000
-36.000000
-44.000000
-28.000000
-48.000000
-48.000000
-16.000000
-12.000000
-28.000000
-32.000000
-44.000000
-64.000000
-48.000000
-20.000000
-56.000000
-40.000000
-60.000000
-32.000000
-52.000000
-32.000000
-48.000000
-36.000000
-56.000000
-32.000000
-40.000000
-36.000000
-32.000000
-32.000000
-32.000000
-24.000000
-44.000000
-36.000000
-28.000000
-28.000000
-32.000000
-20.000000
-36.000000
-28.000000
-24.000000
-32.000000
-28.000000
-28.000000
8.000000
-16.000000
-28.000000
-4.000000
12.000000
-16.000000
-28.000000
-36.000000
-32.000000
-36.000000
-16.000000
-20.000000
-36.000000
28.000000
-28.000000
-68.000000
-76.000000
-60.000000
-44.000000
-68.000000
-40.000000
-80.000000
-44.000000
-72.000000
-28.000000
-48.000000
-44.000000
-24.000000
-24.000000
-32.000000
-24.000000
-32.000000
-32.000000
-60.000000
-24.000000
-36.000000
-20.000000
-12.000000
-44.000000
-16.000000
-40.000000
-44.000000
-28.000000
-24.000000
-16.000000
-32.000000
-24.000000
-16.000000
-32.000000
-36.000000
-40.000000
-40.000000
-28.000000
-36.000000
-32.000000
-52.000000
-40.000000
-72.000000
-44.000000
-48.000000
-44.000000
-40.000000
-44.000000
-56.000000
-60.000000
-84.000000
-60.000000
-56.000000
-48.000000
-56.000000
-28.000000
-8.000000
-32.000000
-36.000000
-28.000000
-24.000000
-8.000000
-32.000000
-32.000000
-28.000000
-8.000000
-48.000000
-40.000000
-28.000000
-8.000000
-20.000000
8.000000
-32.000000
-32.000000
-32.000000
-36.000000
-12.000000
-16.000000
-28.000000
-28.000000
-40.000000
-8.000000
-40.000000
-24.000000
-36.000000
-48.000000
-28.000000
-52.000000
-28.000000
-44.000000
-24.000000
-32.000000
-32.000000
-28.000000
-28.000000
-48.000000
-40.000000
-28.000000
-72.000000
-28.000000
-52.000000
-40.000000
-32.000000
-20.000000
-28.000000
-12.000000
-32.000000
-24.000000
-20.000000
-48.000000
-52.000000
-32.000000
-28.000000
-40.000000
-44.000000
-52.000000
-28.000000
-60.000000
-36.000000
-48.000000
-72.000000
-60.000000
-56.000000
-60.000000
-60.000000
-64.000000
-60.000000
-64.000000
-84.000000
-48.000000
-52.000000
-56.000000
-16.000000
-68.000000
-48.000000
-60.000000
-96.000000
-60.000000
-72.000000
-72.000000
-108.000000
-88.000000
-64.000000
-76.000000
-80.000000
-60.000000
-68.000000
-52.000000
-76.000000
-60.000000
-44.000000
-28.000000
-36.000000
-40.000000
-36.000000
-36.000000
-56.000000
-44.000000
-76.000000
-80.000000
-48.000000
-36.000000
-32.000000
-52.000000
-72.000000
-64.000000
-60.000000
-56.000000
-60.000000
-52.000000
-76.000000
-24.000000
-88.000000
-56.000000
-68.000000
-76.000000
-52.000000
-68.000000
-76.000000
-36.000000
-84.000000
-28.000000
-72.000000
-16.000000
-48.000000
-44.000000
-72.000000
-28.000000
-72.000000
-40.000000
-80.000000
-40.000000
-48.000000
-60.000000
-48.000000
-28.000000
-52.000000
-60.000000
-4.000000
-20.000000
0.000000
-24.000000
-16.000000
-60.000000
-44.000000
-72.000000
-52.000000
-52.000000
-48.000000
-60.000000
-48.000000
-48.000000
-64.000000
-44.000000
-60.000000
-36.000000
-60.000000
-20.000000
-64.000000
-36.000000
-24.000000
-36.000000
-52.000000
-44.000000
-40.000000
-40.000000
-56.000000
-40.000000
-32.000000
-36.000000
-48.000000
-32.000000
-52.000000
-32.000000
-32.000000
-48.000000
-36.000000
-52.000000
-28.000000
-44.000000
-36.000000
-24.000000
-40.000000
-28.000000
-12.000000
-32.000000
-36.000000
-20.000000
-48.000000
-36.000000
-40.000000
-56.000000
-52.000000
-56.000000
-80.000000
-40.000000
-72.000000
-20.000000
-80.000000
-40.000000
-68.000000
-40.000000
-8.000000
-28.000000
-32.000000
-48.000000
-32.000000
-32.000000
-32.000000
-24.000000
-20.000000
-64.000000
-16.000000
-28.000000
-36.000000
-28.000000
-32.000000
-20.000000
-28.000000
-16.000000
-20.000000
-28.000000
-16.000000
-52.000000
-28.000000
-44.000000
-24.000000
-28.000000
-44.000000
-48.000000
-48.000000
-48.000000
-36.000000
-32.000000
-40.000000
-28.000000
-48.000000
-52.000000
-56.000000
-60.000000
-68.000000
-52.000000
-72.000000
-44.000000
-64.000000
-48.000000
-24.000000
-48.000000
-32.000000
-12.000000
-32.000000
-12.000000
-28.000000
-24.000000
-44.000000
-28.000000
-40.000000
-40.000000
-12.000000
-32.000000
-8.000000
-28.000000
-32.000000
-24.000000
-36.000000
-8.000000
-32.000000
-32.000000
-28.000000
-60.000000
-36.000000
-44.000000
-40.000000
-44.000000
-32.000000
-16.000000
-40.000000
-52.000000
-8.000000
-36.000000
-36.000000
-32.000000
-20.000000
-40.000000
-44.000000
-36.000000
-60.000000
-44.000000
-40.000000
-60.000000
-44.000000
-60.000000
-52.000000
-40.000000
-44.000000
-20.000000
-44.000000
-20.000000
-32.000000
-40.000000
-32.000000
-24.000000
-76.000000
-28.000000
-40.000000
-60.000000
-56.000000
-52.000000
-40.000000
-68.000000
-48.000000
-100.000000
-64.000000
-72.000000
-64.000000
-36.000000
-68.000000
-56.000000
-80.000000
-60.000000
-32.000000
-72.000000
-96.000000
-64.000000
-36.000000
-76.000000
-56.000000
-68.000000
-60.000000
-84.000000
-68.000000
-44.000000
-88.000000
-56.000000
-60.000000
-88.000000
-56.000000
-76.000000
-84.000000
-48.000000
-80.000000
-20.000000
-32.000000
-44.000000
-32.000000
-52.000000
-52.000000
-68.000000
-52.000000
-76.000000
-60.000000
-92.000000
-60.000000
-44.000000
-76.000000
-80.000000
-48.000000
-52.000000
-80.000000
-76.000000
-72.000000
-56.000000
-52.000000
-60.000000
-44.000000
-48.000000
-64.000000
-56.000000
-52.000000
-24.000000
-72.000000
-44.000000
-32.000000
-72.000000
-44.000000
-52.000000
-72.000000
-40.000000
-72.000000
-44.000000
-32.000000
-52.000000
-32.000000
-40.000000
-56.000000
-28.000000
-44.000000
-52.000000
-48.000000
-28.000000
0.000000
-16.000000
-20.000000
-40.000000
-32.000000
-52.000000
-24.000000
-60.000000
-48.000000
-68.000000
-36.000000
-44.000000
-56.000000
-32.000000
-56.000000
-52.000000
-28.000000
-56.000000
-64.000000
-48.000000
-44.000000
-28.000000
-48.000000
-32.000000
-24.000000
-40.000000
-20.000000
-24.000000
-40.000000
-28.000000
-24.000000
-52.000000
-40.000000
-28.000000
-36.000000
-60.000000
-32.000000
-16.000000
-32.000000
-36.000000
-32.000000
-32.000000
-12.000000
4.000000
-52.000000
-60.000000
-24.000000
-40.000000
-28.000000
-16.000000
-36.000000
-48.000000
-84.000000
-68.000000
-76.000000
-56.000000
-56.000000
-72.000000
-44.000000
-48.000000
-52.000000
-44.000000
-48.000000
-52.000000
-28.000000
-32.000000
-36.000000
-32.000000
-36.000000
-32.000000
-52.000000
-24.000000
-32.000000
-20.000000
-48.000000
-12.000000
-36.000000
-36.000000
-32.000000
-44.000000
-40.000000
-48.000000
-60.000000
-32.000000
-52.000000
-72.000000
-16.000000
-32.000000
-44.000000
-36.000000
-56.000000
-32.000000
-32.000000
-40.000000
-40.000000
-44.000000
-44.000000
-40.000000
-48.000000
-68.000000
-88.000000
-68.000000
-48.000000
-56.000000
-12.000000
-76.000000
-28.000000
-16.000000
-28.000000
-44.000000
-12.000000
-20.000000
-16.000000
-24.000000
-8.000000
-36.000000
-32.000000
-16.000000
-36.000000
-8.000000
-16.000000
-32.000000
-32.000000
-64.000000
-36.000000
-36.000000
-40.000000
-32.000000
-40.000000
-8.000000
-28.000000
-36.000000
-32.000000
-56.000000
-28.000000
-32.000000
-52.000000
-36.000000
-52.000000
-44.000000
-44.000000
-24.000000
-36.000000
-36.000000
-44.000000
-36.000000
-48.000000
-48.000000
-32.000000
-52.000000
-48.000000
-32.000000
-20.000000
-20.000000
-16.000000
-28.000000
-16.000000
-36.000000
-48.000000
-28.000000
-48.000000
-32.000000
-52.000000
-44.000000
-32.000000
-60.000000
-12.000000
-52.000000
-60.000000
-32.000000
-48.000000
-64.000000
-40.000000
-44.000000
-64.000000
-64.000000
-56.000000
-64.000000
-60.000000
-72.000000
-52.000000
-64.000000
-60.000000
-56.000000
-76.000000
-80.000000
-40.000000
-64.000000
-76.000000
-84.000000
-88.000000
-88.000000
-88.000000
-76.000000
-84.000000
-92.000000
-32.000000
-88.000000
-44.000000
-52.000000
-36.000000
-20.000000
-32.000000
-28.000000
-32.000000
-56.000000
-56.000000
-56.000000
-48.000000
-48.000000
-48.000000
-68.000000
-56.000000
-72.000000
-60.000000
-80.000000
-56.000000
-76.000000
-72.000000
-44.000000
-68.000000
-60.000000
-64.000000
-60.000000
-72.000000
-28.000000
-76.000000
-52.000000
-64.000000
-80.000000
-40.000000
-32.000000
-36.000000
-52.000000
-72.000000
-52.000000
-32.000000
-64.000000
-76.000000
-60.000000
-36.000000
-76.000000
-48.000000
-40.000000
-80.000000
-48.000000
-36.000000
-48.000000
-52.000000
-28.000000
-28.000000
-44.000000
-28.000000
-44.000000
-36.000000
-44.000000
-40.000000
-80.000000
-52.000000
-60.000000
-16.000000
-36.000000
-40.000000
-56.000000
-16.000000
-44.000000
-48.000000
-44.000000
-44.000000
-32.000000
-44.000000
-32.000000
-28.000000
-36.000000
-44.000000
-52.000000
-52.000000
-24.000000
-24.000000
-36.000000
-24.000000
-24.000000
-28.000000
-40.000000
-40.000000
-44.000000
-48.000000
-48.000000
-40.000000
-40.000000
-44.000000
-16.000000
-28.000000
-40.000000
-40.000000
-28.000000
-20.000000
-40.000000
-20.000000
-12.000000
-44.000000
-24.000000
-48.000000
-52.000000
-84.000000
-48.000000
-52.000000
-52.000000
-88.000000
-60.000000
-60.000000
-52.000000
-44.000000
-52.000000
-72.000000
-36.000000
-32.000000
-32.000000
-28.000000
-36.000000
-8.000000
-40.000000
-48.000000
-16.000000
-48.000000
-36.000000
-28.000000
-24.000000
-28.000000
-28.000000
-36.000000
-28.000000
-40.000000
-44.000000
-28.000000
-44.000000
-72.000000
-32.000000
-36.000000
-52.000000
-60.000000
-48.000000
-48.000000
-40.000000
-36.000000
-24.000000
-52.000000
-44.000000
-48.000000
-60.000000
-80.000000
-52.000000
-52.000000
-68.000000
-56.000000
-44.000000
-52.000000
-68.000000
-32.000000
-8.000000
-20.000000
-24.000000
-28.000000
-12.000000
-20.000000
-24.000000
-12.000000
-12.000000
-32.000000
-16.000000
-32.000000
-28.000000
0.000000
-28.000000
-16.000000
-36.000000
-4.000000
-24.000000
-36.000000
-20.000000
-28.000000
-16.000000
-52.000000
-28.000000
-24.000000
-36.000000
-12.000000
-32.000000
-40.000000
-40.000000
-28.000000
-32.000000
-48.000000
-40.000000
-48.000000
-36.000000
-32.000000
-28.000000
-64.000000
-60.000000
-28.000000
-56.000000
-40.000000
-16.000000
-56.000000
-12.000000
0.000000
-24.000000
-32.000000
-12.000000
4.000000
-48.000000
-48.000000
-60.000000
-24.000000
-64.000000
-44.000000
-68.000000
-60.000000
-64.000000
-60.000000
-64.000000
-36.000000
-32.000000
-48.000000
-72.000000
-60.000000
-44.000000
-72.000000
-48.000000
-56.000000
-76.000000
-68.000000
-76.000000
-68.000000
-80.000000
-72.000000
-48.000000
-60.000000
-40.000000
-72.000000
-92.000000
-64.000000
-76.000000
-36.000000
-60.000000
-76.000000
-64.000000
-64.000000
-60.000000
-16.000000
-24.000000
-32.000000
-12.000000
-64.000000
-48.000000
-56.000000
-48.000000
-80.000000
-64.000000
-60.000000
-52.000000
-60.000000
-80.000000
-72.000000
-52.000000
-72.000000
-52.000000
-72.000000
-88.000000
-64.000000
-44.000000
-68.000000
-60.000000
-52.000000
-72.000000
-52.000000
-60.000000
-64.000000
-76.000000
-60.000000
-80.000000
-72.000000
-28.000000
-44.000000
-20.000000
-60.000000
-32.000000
-48.000000
-44.000000
-32.000000
-40.000000
-48.000000
-52.000000
-36.000000
-44.000000
-36.000000
-52.000000
-12.000000
-12.000000
-24.000000
-8.000000
-36.000000
-44.000000
-48.000000
-40.000000
-32.000000
-44.000000
-72.000000
-52.000000
-44.000000
-44.000000
-36.000000
-44.000000
-32.000000
-32.000000
-44.000000
-40.000000
-44.000000
-36.000000
-40.000000
-28.000000
-36.000000
-20.000000
-48.000000
-36.000000
-32.000000
-36.000000
-24.000000
-32.000000
-48.000000
-44.000000
-40.000000
-8.000000
-24.000000
-48.000000
-28.000000
-44.000000
-52.000000
-28.000000
-44.000000
-40.000000
-40.000000
-28.000000
-40.000000
-24.000000
-24.000000
-16.000000
-36.000000
-52.000000
-44.000000
-84.000000
-64.000000
-44.000000
-24.000000
-60.000000
-20.000000
-52.000000
-48.000000
-72.000000
-24.000000
-32.000000
-28.000000
-32.000000
-64.000000
-64.000000
-24.000000
-28.000000
-44.000000
-32.000000
-8.000000
-48.000000
-28.000000
-32.000000
-28.000000
-28.000000
-48.000000
-12.000000
-20.000000
-48.000000
-20.000000
-28.000000
-32.000000
-28.000000
-36.000000
-52.000000
-28.000000
-56.000000
-32.000000
-28.000000
-32.000000
-44.000000
-28.000000
-40.000000
-60.000000
-40.000000
-48.000000
-52.000000
-44.000000
-64.000000
-72.000000
-88.000000
-52.000000
-76.000000
-28.000000
-48.000000
-40.000000
-44.000000
-28.000000
-36.000000
-40.000000
-36.000000
-4.000000
-24.000000
-52.000000
-16.000000
-20.000000
-4.000000
-48.000000
8.000000
-16.000000
-36.000000
-36.000000
-28.000000
-36.000000
-36.000000
-36.000000
-52.000000
-8.000000
-28.000000
-32.000000
-32.000000
-52.000000
-20.000000
-20.000000
-28.000000
-32.000000
-36.000000
-24.000000
-40.000000
-28.000000
-32.000000
-48.000000
-52.000000
-44.000000
-20.000000
-52.000000
-40.000000
-56.000000
-40.000000
-28.000000
-48.000000
-44.000000
-20.000000
-8.000000
-40.000000
-40.000000
-24.000000
-28.000000
-44.000000
-20.000000
-60.000000
-24.000000
-48.000000
-60.000000
-64.000000
-60.000000
-52.000000
-40.000000
-44.000000
-72.000000
-48.000000
-64.000000
-68.000000
-56.000000
-36.000000
-52.000000
-16.000000
-52.000000
-72.000000
-72.000000
-64.000000
-64.000000
-72.000000
-76.000000
-88.000000
-56.000000
-52.000000
-68.000000
-100.000000
-88.000000
-28.000000
-80.000000
-76.000000
-80.000000
-44.000000
-88.000000
-52.000000
-32.000000
-56.000000
-28.000000
0.000000
-28.000000
-44.000000
-64.000000
-40.000000
-72.000000
-64.000000
-48.000000
-48.000000
-64.000000
-56.000000
-40.000000
-84.000000
-72.000000
-64.000000
-56.000000
-44.000000
-60.000000
-48.000000
-44.000000
-32.000000
-80.000000
-32.000000
-68.000000
-64.000000
-40.000000
-60.000000
-64.000000
-32.000000
-44.000000
-48.000000
-52.000000
-44.000000
-60.000000
-52.000000
-40.000000
-60.000000
-48.000000
-48.000000
-36.000000
-36.000000
-44.000000
-60.000000
-24.000000
-32.000000
-36.000000
-44.000000
-12.000000
-12.000000
-16.000000
-20.000000
-52.000000
-44.000000
-40.000000
-36.000000
-56.000000
-44.000000
-56.000000
-32.000000
-56.000000
-40.000000
-44.000000
-64.000000
-60.000000
-44.000000
-48.000000
-44.000000
-44.000000
-44.000000
-44.000000
-56.000000
-60.000000
-60.000000
-32.000000
-52.000000
-24.000000
-48.000000
-20.000000
-44.000000
-56.000000
-36.000000
-36.000000
-28.000000
-36.000000
-4.000000
-16.000000
-48.000000
-40.000000
-24.000000
-44.000000
-60.000000
-32.000000
-36.000000
-16.000000
-12.000000
-20.000000
-20.000000
-64.000000
-8.000000
-60.000000
-60.000000
-80.000000
-52.000000
-40.000000
-92.000000
-32.000000
-72.000000
-28.000000
-24.000000
-60.000000
-28.000000
-36.000000
-28.000000
-44.000000
-40.000000
-24.000000
-20.000000
-44.000000
-36.000000
-28.000000
-76.000000
-20.000000
-56.000000
-44.000000
-48.000000
-32.000000
-28.000000
-52.000000
-24.000000
-56.000000
-36.000000
-44.000000
-44.000000
-20.000000
-20.000000
-44.000000
-28.000000
-28.000000
-32.000000
-44.000000
-48.000000
-48.000000
-40.000000
-32.000000
-36.000000
-28.000000
-28.000000
-44.000000
-64.000000
-76.000000
-64.000000
-48.000000
-60.000000
-48.000000
-36.000000
-28.000000
-36.000000
-24.000000
4.000000
-12.000000
-16.000000
-12.000000
-4.000000
-12.000000
-32.000000
-28.000000
0.000000
-4.000000
-24.000000
-28.000000
-32.000000
-12.000000
12.000000
-16.000000
-28.000000
-24.000000
-36.000000
-32.000000
-32.000000
-44.000000
-28.000000
-44.000000
-24.000000
-24.000000
-24.000000
-44.000000
-24.000000
-32.000000
-28.000000
-40.000000
-36.000000
-56.000000
-40.000000
-40.000000
-48.000000
-24.000000
-32.000000
-80.000000
-40.000000
-52.000000
-40.000000
-44.000000
-40.000000
-36.000000
16.000000
-28.000000
-48.000000
-32.000000
-12.000000
-40.000000
-40.000000
-60.000000
-36.000000
-52.000000
-48.000000
-64.000000
-60.000000
-76.000000
-80.000000
-68.000000
-60.000000
-64.000000
-64.000000
-48.000000
-76.000000
-56.000000
-76.000000
-72.000000
-68.000000
-36.000000
-28.000000
-36.000000
-84.000000
-28.000000
-72.000000
-48.000000
-80.000000
-44.000000
-64.000000
-68.000000
-48.000000
-72.000000
-76.000000
-72.000000
-56.000000
-52.000000
-72.000000
-72.000000
-44.000000
-28.000000
-36.000000
-16.000000
-56.000000
-28.000000
-28.000000
-64.000000
-4.000000
