516.000000
760.000000
1040.000000
1184.000000
1312.000000
1340.000000
1268.000000
1088.000000
844.000000
456.000000
24.000000
-484.000000
-956.000000
-1384.000000
-1780.000000
-2076.000000
-2236.000000
-2228.000000
-2100.000000
-1808.000000
-1396.000000
-884.000000
-328.000000
308.000000
864.000000
1364.000000
1776.000000
2064.000000
2184.000000
2160.000000
2008.000000
1704.000000
1324.000000
860.000000
384.000000
-108.000000
-540.000000
-936.000000
-1184.000000
-1364.000000
-1416.000000
-1392.000000
-1276.000000
-1092.000000
-872.000000
-612.000000
-344.000000
-136.000000
-36.000000
-12.000000
-28.000000
-64.000000
-28.000000
-48.000000
-40.000000
-64.000000
-24.000000
-40.000000
-28.000000
-60.000000
-24.000000
-28.000000
-40.000000
-52.000000
-32.000000
-36.000000
-52.000000
-52.000000
-64.000000
-48.000000
-56.000000
-56.000000
-40.000000
-64.000000
-40.000000
-48.000000
-56.000000
-92.000000
-72.000000
-72.000000
-60.000000
-60.000000
-88.000000
-52.000000
-56.000000
-72.000000
-76.000000
-72.000000
-64.000000
-92.000000
-68.000000
-52.000000
-48.000000
-60.000000
-32.000000
-72.000000
-48.000000
-72.000000
-32.000000
-72.000000
-48.000000
-48.000000
-24.000000
-36.000000
-20.000000
-52.000000
-4.000000
-48.000000
-60.000000
-60.000000
-88.000000
-72.000000
-60.000000
-84.000000
-52.000000
-48.000000
-80.000000
-40.000000
-72.000000
-80.000000
-64.000000
-48.000000
-64.000000
-52.000000
-40.000000
-72.000000
-36.000000
-72.000000
-48.000000
-48.000000
-16.000000
-60.000000
-76.000000
-52.000000
-36.000000
-48.000000
-44.000000
-52.000000
-44.000000
-80.000000
-60.000000
-40.000000
-56.000000
-40.000000
-48.000000
-40.000000
-32.000000
-60.000000
-40.000000
-40.000000
-56.000000
-32.000000
0.000000
-44.000000
-28.000000
-56.000000
-36.000000
-52.000000
-24.000000
-40.000000
-32.000000
-48.000000
-52.000000
-36.000000
-40.000000
-36.000000
-36.000000
-28.000000
-52.000000
-36.000000
-52.000000
-24.000000
-28.000000
-28.000000
-52.000000
-32.000000
-52.000000
-32.000000
-36.000000
-28.000000
-16.000000
-40.000000
-48.000000
-40.000000
-16.000000
-32.000000
-44.000000
-48.000000
-24.000000
-36.000000
-44.000000
-16.000000
-44.000000
-24.000000
-20.000000
-24.000000
-44.000000
-16.000000
-24.000000
-76.000000
-36.000000
-64.000000
-76.000000
-32.000000
-60.000000
-56.000000
-56.000000
-60.000000
-88.000000
-52.000000
-40.000000
-40.000000
-32.000000
-28.000000
-44.000000
-28.000000
-52.000000
-60.000000
-40.000000
-20.000000
-8.000000
-48.000000
-36.000000
-28.000000
-28.000000
-44.000000
-32.000000
-24.000000
-40.000000
-40.000000
-12.000000
-48.000000
-40.000000
-40.000000
-32.000000
-48.000000
-32.000000
-36.000000
-20.000000
-32.000000
-48.000000
-24.000000
-36.000000
-36.000000
-32.000000
-48.000000
-48.000000
-64.000000
-44.000000
-44.000000
-80.000000
-80.000000
-88.000000
-52.000000
-36.000000
-36.000000
-40.000000
-24.000000
-32.000000
-44.000000
-36.000000
-20.000000
-44.000000
12.000000
-12.000000
-36.000000
-24.000000
-28.000000
-24.000000
-12.000000
-32.000000
-8.000000
-28.000000
-32.000000
-12.000000
-24.000000
-12.000000
-36.000000
-28.000000
-28.000000
-44.000000
-20.000000
-52.000000
-24.000000
-24.000000
-36.000000
-36.000000
-36.000000
-40.000000
-48.000000
-44.000000
-40.000000
-48.000000
-36.000000
-28.000000
-56.000000
-24.000000
-56.000000
-28.000000
-36.000000
-60.000000
-36.000000
-28.000000
-36.000000
-32.000000
-44.000000
-48.000000
-40.000000
-12.000000
-44.000000
-12.000000
-24.000000
-40.000000
-32.000000
-52.000000
-40.000000
-44.000000
-56.000000
-72.000000
-60.000000
-72.000000
-60.000000
-56.000000
-56.000000
-56.000000
-48.000000
-96.000000
-48.000000
-64.000000
-80.000000
-60.000000
-80.000000
-84.000000
-76.000000
-76.000000
-56.000000
-68.000000
-80.000000
-92.000000
-72.000000
-88.000000
-52.000000
-52.000000
-48.000000
-96.000000
-36.000000
-76.000000
-80.000000
-64.000000
-64.000000
-72.000000
-20.000000
-28.000000
-44.000000
-28.000000
-44.000000
-56.000000
-52.000000
-52.000000
-44.000000
-68.000000
-68.000000
-44.000000
-72.000000
-68.000000
-72.000000
-64.000000
-76.000000
-72.000000
-48.000000
-80.000000
-72.000000
-60.000000
-64.000000
-72.000000
-56.000000
-52.000000
-68.000000
-72.000000
-52.000000
-72.000000
-68.000000
-32.000000
-28.000000
-64.000000
-36.000000
-32.000000
-36.000000
-36.000000
-32.000000
-48.000000
-48.000000
-72.000000
-56.000000
-68.000000
-48.000000
-36.000000
-60.000000
-40.000000
-32.000000
-32.000000
4.000000
-28.000000
-40.000000
-52.000000
-44.000000
-40.000000
-60.000000
-32.000000
-56.000000
-36.000000
-64.000000
-64.000000
-56.000000
-40.000000
-44.000000
-48.000000
-68.000000
-48.000000
-44.000000
-28.000000
-56.000000
-24.000000
-48.000000
-44.000000
-28.000000
-32.000000
-20.000000
-32.000000
0.000000
-24.000000
-40.000000
-16.000000
-28.000000
-36.000000
-28.000000
-36.000000
-32.000000
-36.000000
-28.000000
-48.000000
-24.000000
-20.000000
-32.000000
-8.000000
-20.000000
-28.000000
-24.000000
-32.000000
-24.000000
-52.000000
-40.000000
-44.000000
-76.000000
-64.000000
-72.000000
-52.000000
-76.000000
-52.000000
-52.000000
-44.000000
-36.000000
-28.000000
-52.000000
-28.000000
-36.000000
-72.000000
-44.000000
-24.000000
-36.000000
-28.000000
-40.000000
-24.000000
-28.000000
-32.000000
-28.000000
-20.000000
-36.000000
-44.000000
-32.000000
-28.000000
-32.000000
-52.000000
-48.000000
-28.000000
-36.000000
-28.000000
-20.000000
-56.000000
-44.000000
-32.000000
-56.000000
-56.000000
-52.000000
-44.000000
-44.000000
-56.000000
-40.000000
-40.000000
-68.000000
-44.000000
-48.000000
-72.000000
-68.000000
-52.000000
-48.000000
-28.000000
-40.000000
-24.000000
-16.000000
-28.000000
-32.000000
4.000000
-32.000000
-28.000000
-20.000000
-4.000000
-28.000000
-28.000000
-28.000000
-24.000000
-32.000000
-16.000000
-48.000000
-12.000000
-28.000000
-8.000000
-24.000000
-12.000000
-12.000000
-32.000000
-28.000000
-12.000000
-28.000000
-28.000000
-48.000000
-36.000000
-40.000000
-40.000000
-32.000000
-44.000000
-36.000000
-32.000000
-32.000000
-40.000000
-44.000000
-24.000000
-16.000000
-12.000000
-84.000000
-68.000000
-36.000000
-28.000000
-36.000000
-40.000000
-28.000000
-32.000000
-20.000000
-44.000000
-12.000000
-20.000000
-28.000000
-36.000000
-44.000000
-48.000000
-36.000000
-20.000000
-40.000000
-48.000000
-48.000000
-36.000000
-80.000000
-80.000000
-76.000000
-48.000000
-52.000000
-68.000000
-64.000000
-68.000000
-88.000000
-88.000000
-92.000000
-56.000000
-60.000000
-44.000000
-60.000000
-76.000000
-48.000000
-48.000000
-84.000000
-88.000000
-32.000000
-80.000000
-76.000000
-80.000000
-84.000000
-40.000000
-72.000000
-52.000000
-88.000000
-48.000000
-44.000000
-32.000000
-32.000000
-4.000000
-64.000000
-44.000000
-36.000000
-44.000000
-64.000000
-60.000000
-36.000000
-32.000000
-52.000000
-12.000000
-68.000000
-76.000000
-60.000000
-76.000000
-72.000000
-60.000000
-64.000000
-60.000000
-60.000000
-64.000000
-56.000000
-60.000000
-52.000000
-60.000000
-28.000000
-40.000000
-80.000000
-52.000000
-52.000000
-56.000000
-52.000000
-44.000000
-64.000000
-72.000000
-44.000000
-56.000000
-28.000000
-36.000000
-52.000000
-64.000000
-8.000000
-76.000000
-28.000000
-32.000000
-20.000000
-4.000000
-32.000000
-32.000000
-28.000000
-40.000000
-52.000000
-36.000000
-48.000000
-48.000000
-32.000000
-32.000000
-24.000000
-44.000000
-24.000000
-48.000000
-48.000000
-52.000000
-32.000000
-24.000000
-48.000000
-40.000000
-28.000000
-20.000000
-40.000000
-40.000000
-12.000000
-44.000000
-36.000000
-20.000000
-32.000000
-16.000000
-16.000000
-20.000000
-28.000000
-24.000000
-48.000000
-28.000000
-20.000000
-60.000000
-48.000000
-40.000000
0.000000
-24.000000
-12.000000
-4.000000
-24.000000
-32.000000
-12.000000
-36.000000
-28.000000
-32.000000
-32.000000
-52.000000
-36.000000
-48.000000
-72.000000
-92.000000
-52.000000
-76.000000
-48.000000
-40.000000
-28.000000
-12.000000
-32.000000
-32.000000
-20.000000
-20.000000
-48.000000
-24.000000
-20.000000
-28.000000
-48.000000
-32.000000
-60.000000
-20.000000
-40.000000
-32.000000
-40.000000
-32.000000
-52.000000
-12.000000
-36.000000
-32.000000
-40.000000
-40.000000
-24.000000
-28.000000
-64.000000
-44.000000
-36.000000
-48.000000
-28.000000
-36.000000
-12.000000
-24.000000
-24.000000
-36.000000
-24.000000
-48.000000
-36.000000
-56.000000
-88.000000
-28.000000
-72.000000
-28.000000
-36.000000
-16.000000
-16.000000
-12.000000
-16.000000
0.000000
-36.000000
0.000000
-8.000000
-20.000000
4.000000
-32.000000
0.000000
-12.000000
-8.000000
-20.000000
-12.000000
-16.000000
-28.000000
-28.000000
-24.000000
-12.000000
-12.000000
-28.000000
-16.000000
-32.000000
-36.000000
-60.000000
-48.000000
-48.000000
-44.000000
-36.000000
-44.000000
-32.000000
-24.000000
-32.000000
-32.000000
-32.000000
-48.000000
-12.000000
-48.000000
-68.000000
-44.000000
-36.000000
-64.000000
-52.000000
-48.000000
-32.000000
-28.000000
-40.000000
-28.000000
-16.000000
-20.000000
-28.000000
-12.000000
-36.000000
-48.000000
-20.000000
-36.000000
-48.000000
-56.000000
-48.000000
-40.000000
-72.000000
-76.000000
-64.000000
-56.000000
-40.000000
-60.000000
-56.000000
-48.000000
-52.000000
-76.000000
-80.000000
-64.000000
-76.000000
-52.000000
-60.000000
-56.000000
-48.000000
-68.000000
-64.000000
-72.000000
-76.000000
-44.000000
-84.000000
-84.000000
-68.000000
-88.000000
-72.000000
-52.000000
-64.000000
-48.000000
-88.000000
-60.000000
-60.000000
-52.000000
-32.000000
-28.000000
-32.000000
-32.000000
-56.000000
-24.000000
-28.000000
-52.000000
-52.000000
-60.000000
-40.000000
-80.000000
-48.000000
-72.000000
-60.000000
-48.000000
-76.000000
-56.000000
-32.000000
-48.000000
-72.000000
-60.000000
-76.000000
-44.000000
-40.000000
-64.000000
-68.000000
-24.000000
-72.000000
-36.000000
-28.000000
-76.000000
-52.000000
-64.000000
-24.000000
-40.000000
-24.000000
-56.000000
-36.000000
-56.000000
-48.000000
-48.000000
-76.000000
-40.000000
-48.000000
-36.000000
-32.000000
-16.000000
-8.000000
-28.000000
-44.000000
-8.000000
-60.000000
-16.000000
-32.000000
-44.000000
-52.000000
-44.000000
-64.000000
-36.000000
-56.000000
-56.000000
-32.000000
-60.000000
-40.000000
-48.000000
-28.000000
-40.000000
-24.000000
-44.000000
-20.000000
-44.000000
-32.000000
-32.000000
-44.000000
-32.000000
-48.000000
-32.000000
-20.000000
-32.000000
-16.000000
-36.000000
-32.000000
-16.000000
-16.000000
-20.000000
-12.000000
-20.000000
-48.000000
-16.000000
-8.000000
-52.000000
-24.000000
-44.000000
-48.000000
-24.000000
4.000000
-40.000000
-28.000000
-36.000000
-68.000000
-68.000000
-40.000000
-32.000000
-64.000000
-76.000000
-72.000000
-68.000000
-32.000000
-40.000000
-52.000000
-52.000000
-60.000000
-40.000000
-48.000000
-56.000000
-40.000000
-16.000000
-16.000000
-40.000000
-40.000000
-32.000000
-12.000000
-48.000000
-32.000000
-32.000000
-24.000000
-20.000000
-36.000000
-52.000000
-16.000000
-48.000000
-40.000000
-40.000000
-72.000000
0.000000
-40.000000
-24.000000
-28.000000
-28.000000
-44.000000
-36.000000
-32.000000
-40.000000
-16.000000
-56.000000
-16.000000
-36.000000
-52.000000
-64.000000
-28.000000
-36.000000
-44.000000
-60.000000
-12.000000
-32.000000
-32.000000
-32.000000
-8.000000
-24.000000
-24.000000
-28.000000
-28.000000
-24.000000
-24.000000
-24.000000
-8.000000
0.000000
-24.000000
0.000000
-20.000000
-24.000000
-12.000000
-56.000000
-28.000000
-32.000000
-16.000000
-44.000000
-12.000000
-36.000000
-16.000000
-28.000000
-16.000000
-16.000000
-16.000000
-24.000000
-40.000000
-40.000000
-48.000000
-24.000000
-36.000000
-32.000000
-20.000000
-36.000000
-28.000000
-20.000000
-36.000000
-60.000000
-32.000000
-44.000000
-56.000000
-44.000000
-20.000000
-40.000000
-44.000000
-8.000000
-36.000000
-12.000000
-24.000000
-24.000000
-32.000000
-56.000000
-20.000000
-44.000000
-44.000000
-36.000000
-48.000000
-44.000000
-40.000000
-60.000000
-64.000000
-68.000000
-64.000000
-72.000000
-68.000000
-52.000000
-60.000000
-56.000000
-56.000000
-48.000000
-76.000000
-52.000000
-48.000000
-60.000000
-48.000000
-72.000000
-32.000000
-64.000000
-80.000000
-64.000000
-80.000000
-76.000000
-44.000000
-76.000000
-64.000000
-40.000000
-80.000000
-76.000000
-52.000000
-24.000000
-12.000000
-40.000000
-40.000000
-20.000000
-72.000000
-36.000000
-40.000000
-64.000000
-72.000000
-48.000000
-68.000000
-96.000000
-72.000000
-72.000000
-16.000000
-72.000000
-64.000000
-52.000000
-72.000000
-44.000000
-76.000000
-72.000000
-48.000000
-76.000000
-68.000000
-48.000000
-36.000000
-36.000000
-72.000000
-60.000000
-72.000000
-48.000000
-36.000000
-56.000000
-60.000000
-36.000000
-32.000000
-24.000000
-48.000000
-32.000000
-36.000000
-44.000000
-40.000000
-36.000000
-44.000000
0.000000
-16.000000
-40.000000
-16.000000
-24.000000
-28.000000
-36.000000
-40.000000
-40.000000
-44.000000
-48.000000
-44.000000
-56.000000
-28.000000
-44.000000
-32.000000
-40.000000
-36.000000
-32.000000
-44.000000
-44.000000
-24.000000
-40.000000
-20.000000
-32.000000
-44.000000
-40.000000
-36.000000
-16.000000
-52.000000
-28.000000
-28.000000
-28.000000
-20.000000
-8.000000
-8.000000
-16.000000
-32.000000
-32.000000
-48.000000
-44.000000
-36.000000
-36.000000
-48.000000
-44.000000
-48.000000
-16.000000
-20.000000
-40.000000
-24.000000
-44.000000
-16.000000
-28.000000
-8.000000
-36.000000
-72.000000
-72.000000
-48.000000
-72.000000
-56.000000
-60.000000
-68.000000
-40.000000
-60.000000
-60.000000
-44.000000
-32.000000
-40.000000
-32.000000
-52.000000
-24.000000
-40.000000
-44.000000
-28.000000
-52.000000
-32.000000
-28.000000
-48.000000
0.000000
-52.000000
-48.000000
-44.000000
-28.000000
-24.000000
-16.000000
-44.000000
-12.000000
-36.000000
-36.000000
-60.000000
-24.000000
-24.000000
-24.000000
-32.000000
-28.000000
-36.000000
-16.000000
-32.000000
-56.000000
-20.000000
-48.000000
-40.000000
-36.000000
-60.000000
-80.000000
-76.000000
-52.000000
-32.000000
-32.000000
-44.000000
-16.000000
-32.000000
-24.000000
-24.000000
-8.000000
-36.000000
0.000000
-12.000000
-36.000000
-32.000000
-8.000000
-16.000000
-20.000000
-24.000000
-16.000000
-16.000000
-32.000000
0.000000
-24.000000
-24.000000
-48.000000
-44.000000
-24.000000
-24.000000
-24.000000
-36.000000
-36.000000
-36.000000
-32.000000
-28.000000
-44.000000
-24.000000
-24.000000
-36.000000
-28.000000
-32.000000
-24.000000
-16.000000
-48.000000
-24.000000
-44.000000
-32.000000
-24.000000
-64.000000
-40.000000
-40.000000
-40.000000
-48.000000
-36.000000
16.000000
-4.000000
-32.000000
-16.000000
-28.000000
-32.000000
-36.000000
-44.000000
-44.000000
-44.000000
-24.000000
-68.000000
-56.000000
-68.000000
-64.000000
-52.000000
-56.000000
-80.000000
-64.000000
-56.000000
-60.000000
-56.000000
-76.000000
-72.000000
-72.000000
-72.000000
-52.000000
-48.000000
-48.000000
-92.000000
-92.000000
-76.000000
-72.000000
-48.000000
-36.000000
-64.000000
-28.000000
-64.000000
-84.000000
-24.000000
-56.000000
-92.000000
-60.000000
-64.000000
-52.000000
-28.000000
-32.000000
-20.000000
-16.000000
-40.000000
-60.000000
-48.000000
-48.000000
-64.000000
-52.000000
-48.000000
-44.000000
-88.000000
-56.000000
-92.000000
-76.000000
-72.000000
-52.000000
-72.000000
-52.000000
-72.000000
-44.000000
-72.000000
-8.000000
-48.000000
-28.000000
-44.000000
-24.000000
-64.000000
-52.000000
-36.000000
-60.000000
-24.000000
-64.000000
-44.000000
-40.000000
-60.000000
-28.000000
-52.000000
-52.000000
-40.000000
-28.000000
-44.000000
-12.000000
-32.000000
-64.000000
-28.000000
-36.000000
-20.000000
-16.000000
12.000000
-12.000000
-20.000000
-36.000000
-28.000000
-36.000000
-36.000000
-48.000000
-36.000000
-52.000000
-56.000000
-24.000000
-28.000000
-32.000000
-56.000000
-32.000000
-32.000000
-44.000000
-28.000000
-28.000000
-36.000000
-36.000000
-44.000000
-28.000000
-16.000000
-40.000000
-44.000000
-16.000000
-44.000000
-40.000000
-12.000000
-16.000000
-28.000000
-24.000000
-20.000000
-36.000000
-40.000000
4.000000
-12.000000
-8.000000
-32.000000
-32.000000
-32.000000
-32.000000
-48.000000
-48.000000
0.000000
-64.000000
-40.000000
4.000000
-68.000000
-36.000000
-72.000000
-44.000000
-44.000000
-44.000000
-52.000000
-48.000000
-52.000000
-36.000000
-28.000000
-20.000000
-48.000000
-40.000000
-16.000000
-48.000000
4.000000
-44.000000
-56.000000
-36.000000
-32.000000
-48.000000
-24.000000
-32.000000
-36.000000
-16.000000
-32.000000
-20.000000
-24.000000
-52.000000
0.000000
-28.000000
-44.000000
-8.000000
-32.000000
-56.000000
-32.000000
0.000000
-32.000000
-20.000000
-28.000000
-28.000000
-48.000000
-24.000000
-32.000000
-28.000000
-40.000000
-36.000000
-44.000000
-72.000000
-52.000000
-80.000000
-44.000000
-36.000000
-28.000000
-28.000000
-36.000000
-48.000000
-24.000000
-40.000000
-52.000000
12.000000
-36.000000
-8.000000
-16.000000
-12.000000
-8.000000
-8.000000
-24.000000
0.000000
-16.000000
-40.000000
0.000000
-32.000000
-24.000000
-16.000000
-20.000000
-20.000000
-24.000000
-16.000000
-20.000000
-28.000000
-36.000000
-36.000000
-36.000000
-48.000000
-36.000000
-44.000000
-48.000000
-20.000000
-24.000000
-52.000000
-36.000000
-40.000000
-40.000000
-40.000000
-48.000000
-36.000000
-28.000000
-28.000000
-60.000000
-24.000000
-44.000000
-32.000000
-24.000000
-28.000000
-36.000000
-8.000000
-32.000000
-28.000000
-52.000000
-16.000000
-20.000000
-60.000000
-40.000000
-44.000000
-36.000000
-24.000000
-64.000000
-48.000000
-48.000000
-48.000000
-40.000000
-40.000000
-72.000000
-36.000000
-60.000000
-68.000000
-52.000000
-60.000000
-44.000000
-36.000000
-44.000000
-32.000000
-64.000000
-44.000000
-76.000000
-72.000000
-72.000000
-36.000000
-36.000000
-84.000000
-44.000000
-80.000000
-60.000000
-68.000000
-52.000000
-60.000000
-72.000000
-56.000000
-32.000000
-32.000000
-28.000000
-32.000000
-48.000000
-44.000000
-48.000000
-64.000000
-80.000000
-72.000000
-48.000000
-32.000000
-60.000000
-72.000000
-60.000000
-48.000000
-48.000000
-76.000000
-48.000000
-68.000000
-56.000000
-28.000000
-32.000000
-48.000000
-56.000000
-56.000000
-44.000000
-64.000000
-52.000000
-60.000000
-44.000000
-56.000000
-56.000000
-60.000000
-32.000000
-56.000000
-40.000000
-36.000000
-20.000000
-60.000000
-48.000000
-24.000000
-40.000000
-28.000000
-56.000000
-56.000000
-44.000000
-64.000000
-12.000000
-28.000000
-32.000000
-20.000000
-24.000000
-40.000000
-52.000000
-48.000000
-28.000000
-48.000000
-40.000000
-40.000000
-48.000000
-36.000000
-28.000000
-32.000000
-48.000000
-56.000000
-44.000000
-40.000000
-28.000000
-28.000000
-44.000000
-44.000000
-32.000000
-32.000000
-28.000000
-52.000000
-28.000000
-48.000000
-44.000000
-32.000000
-36.000000
-12.000000
-24.000000
-8.000000
-44.000000
-20.000000
-60.000000
-16.000000
-12.000000
-36.000000
-44.000000
-24.000000
-40.000000
-4.000000
-24.000000
-36.000000
-40.000000
-32.000000
-12.000000
0.000000
-44.000000
-60.000000
-68.000000
-52.000000
-72.000000
-52.000000
-56.000000
-64.000000
-64.000000
-48.000000
-52.000000
-56.000000
-28.000000
-52.000000
-52.000000
-40.000000
-32.000000
-32.000000
-20.000000
-40.000000
-48.000000
-12.000000
-16.000000
-48.000000
-36.000000
-8.000000
-36.000000
-20.000000
-24.000000
-32.000000
-20.000000
-28.000000
-32.000000
-12.000000
-32.000000
-44.000000
-40.000000
-32.000000
-28.000000
-36.000000
-36.000000
-32.000000
-24.000000
-24.000000
-52.000000
-28.000000
-48.000000
-44.000000
-48.000000
-60.000000
-40.000000
-76.000000
-52.000000
-40.000000
-32.000000
-16.000000
-48.000000
-32.000000
-24.000000
-16.000000
-20.000000
4.000000
-28.000000
-32.000000
-24.000000
-28.000000
-4.000000
-4.000000
-4.000000
-20.000000
-16.000000
-32.000000
-24.000000
-12.000000
-24.000000
-52.000000
-28.000000
-8.000000
-40.000000
-28.000000
-20.000000
-36.000000
-12.000000
-44.000000
-32.000000
-40.000000
-32.000000
-44.000000
-28.000000
-40.000000
-40.000000
-4.000000
-32.000000
-48.000000
-24.000000
-56.000000
-48.000000
-44.000000
-60.000000
-56.000000
-56.000000
-28.000000
-28.000000
-16.000000
-20.000000
-48.000000
-48.000000
-20.000000
-28.000000
-32.000000
-52.000000
-64.000000
-40.000000
-60.000000
-44.000000
-48.000000
-56.000000
-64.000000
-64.000000
-52.000000
-52.000000
-64.000000
-52.000000
-40.000000
-72.000000
-56.000000
-80.000000
-40.000000
-72.000000
-36.000000
-76.000000
-76.000000
-52.000000
-48.000000
-52.000000
-36.000000
-88.000000
-92.000000
-60.000000
-72.000000
-44.000000
-76.000000
-88.000000
-76.000000
-56.000000
-84.000000
-52.000000
-48.000000
-76.000000
-52.000000
-48.000000
-44.000000
-44.000000
-48.000000
-32.000000
-52.000000
-28.000000
-72.000000
-44.000000
-48.000000
-80.000000
-60.000000
-52.000000
-64.000000
-44.000000
-64.000000
-56.000000
-60.000000
-64.000000
-48.000000
-48.000000
-72.000000
-12.000000
-48.000000
-60.000000
-72.000000
-40.000000
-48.000000
-60.000000
-44.000000
-48.000000
-52.000000
-48.000000
-60.000000
-32.000000
-72.000000
-20.000000
-52.000000
-24.000000
-52.000000
-60.000000
-32.000000
-36.000000
-44.000000
-20.000000
-32.000000
-36.000000
-20.000000
-36.000000
-4.000000
-24.000000
-4.000000
-24.000000
-44.000000
-8.000000
-32.000000
-32.000000
-32.000000
-12.000000
-48.000000
-32.000000
-48.000000
-8.000000
-36.000000
-32.000000
-12.000000
-52.000000
-44.000000
-44.000000
-28.000000
-32.000000
-40.000000
-52.000000
-44.000000
-32.000000
-40.000000
-40.000000
-24.000000
-28.000000
-8.000000
-20.000000
-8.000000
-28.000000
-28.000000
-36.000000
-44.000000
-24.000000
-24.000000
-32.000000
-12.000000
-40.000000
-4.000000
-28.000000
-40.000000
-48.000000
-68.000000
-40.000000
-12.000000
-16.000000
-28.000000
-64.000000
-52.000000
-72.000000
-68.000000
-40.000000
-68.000000
-64.000000
-64.000000
-52.000000
-40.000000
-24.000000
-28.000000
-16.000000
-44.000000
-32.000000
-16.000000
-36.000000
-40.000000
-48.000000
-8.000000
-36.000000
-48.000000
-20.000000
-24.000000
-28.000000
-32.000000
-24.000000
-48.000000
-32.000000
-28.000000
-16.000000
-28.000000
-28.000000
-16.000000
-48.000000
-24.000000
-32.000000
-44.000000
-20.000000
-68.000000
-36.000000
-48.000000
-36.000000
-44.000000
-36.000000
-48.000000
-40.000000
-44.000000
-40.000000
-48.000000
-52.000000
-56.000000
-44.000000
-32.000000
-48.000000
-16.000000
-20.000000
-20.000000
-48.000000
-28.000000
-28.000000
16.000000
-4.000000
-40.000000
-8.000000
4.000000
-16.000000
-20.000000
-44.000000
-48.000000
-12.000000
-24.000000
-20.000000
-28.000000
-36.000000
-40.000000
-28.000000
-12.000000
-16.000000
-40.000000
-36.000000
-36.000000
-24.000000
-48.000000
-24.000000
-40.000000
-24.000000
-28.000000
-28.000000
-56.000000
-32.000000
-16.000000
-32.000000
-32.000000
-44.000000
-52.000000
-36.000000
