544.000000
824.000000
1040.000000
1220.000000
1312.000000
1376.000000
1264.000000
1084.000000
812.000000
420.000000
-28.000000
-512.000000
-984.000000
-1424.000000
-1824.000000
-2080.000000
-2240.000000
-2240.000000
-2096.000000
-1800.000000
-1412.000000
-868.000000
-288.000000
308.000000
896.000000
1400.000000
1772.000000
2068.000000
2204.000000
2148.000000
1988.000000
1696.000000
1288.000000
832.000000
360.000000
-112.000000
-536.000000
-916.000000
-1188.000000
-1348.000000
-1396.000000
-1384.000000
-1276.000000
-1076.000000
-820.000000
-588.000000
-360.000000
-104.000000
-64.000000
-28.000000
-44.000000
-36.000000
-52.000000
-40.000000
-48.000000
-44.000000
-48.000000
-36.000000
-68.000000
-56.000000
-56.000000
-40.000000
-64.000000
-72.000000
-44.000000
-40.000000
-48.000000
-72.000000
-60.000000
-80.000000
-48.000000
-32.000000
-80.000000
-52.000000
-80.000000
-64.000000
-20.000000
-56.000000
-24.000000
-44.000000
-32.000000
-8.000000
-28.000000
-44.000000
-32.000000
-40.000000
-16.000000
-40.000000
-32.000000
-48.000000
-48.000000
-80.000000
-44.000000
-60.000000
-52.000000
-40.000000
-16.000000
-80.000000
-44.000000
-40.000000
-40.000000
-64.000000
-48.000000
-64.000000
-8.000000
-48.000000
-48.000000
-52.000000
-44.000000
-32.000000
-56.000000
-32.000000
-56.000000
-28.000000
-40.000000
-40.000000
-16.000000
-48.000000
-36.000000
-36.000000
-16.000000
-44.000000
-20.000000
-24.000000
-28.000000
4.000000
-16.000000
0.000000
-40.000000
-24.000000
-28.000000
-16.000000
-32.000000
-8.000000
-40.000000
-24.000000
-32.000000
-52.000000
-52.000000
-48.000000
-48.000000
-40.000000
-44.000000
-68.000000
-8.000000
-60.000000
-16.000000
-40.000000
-28.000000
-32.000000
-32.000000
-32.000000
-44.000000
0.000000
-16.000000
-44.000000
-24.000000
-16.000000
-16.000000
-20.000000
-16.000000
0.000000
-28.000000
-28.000000
-44.000000
-16.000000
-20.000000
-52.000000
-20.000000
-24.000000
-24.000000
8.000000
-28.000000
-32.000000
-28.000000
-28.000000
-32.000000
-32.000000
-20.000000
-20.000000
-44.000000
-24.000000
-52.000000
-44.000000
-44.000000
-56.000000
-52.000000
-48.000000
-56.000000
-32.000000
-32.000000
-32.000000
-52.000000
-16.000000
-20.000000
-48.000000
-44.000000
-44.000000
-28.000000
-48.000000
-20.000000
-28.000000
-48.000000
-8.000000
-24.000000
-16.000000
-20.000000
-20.000000
-36.000000
-28.000000
-20.000000
-24.000000
-32.000000
-36.000000
-24.000000
-44.000000
-44.000000
-36.000000
-24.000000
-32.000000
-28.000000
-20.000000
-32.000000
-32.000000
-36.000000
-36.000000
-36.000000
-40.000000
-32.000000
-44.000000
-56.000000
-64.000000
-52.000000
-44.000000
-40.000000
-48.000000
-72.000000
-8.000000
-16.000000
-8.000000
-16.000000
-8.000000
-8.000000
-20.000000
-24.000000
-4.000000
-20.000000
4.000000
-12.000000
-28.000000
-4.000000
-40.000000
-8.000000
-20.000000
-28.000000
-40.000000
-32.000000
-12.000000
-28.000000
-8.000000
-52.000000
-24.000000
-32.000000
-36.000000
-32.000000
-36.000000
-32.000000
-32.000000
-28.000000
-8.000000
-32.000000
-20.000000
-28.000000
-48.000000
-28.000000
-68.000000
-48.000000
-28.000000
-20.000000
-32.000000
-40.000000
-44.000000
-52.000000
-24.000000
-28.000000
-36.000000
-8.000000
-24.000000
-36.000000
-16.000000
-32.000000
-28.000000
-24.000000
-52.000000
-24.000000
-36.000000
-56.000000
-8.000000
-40.000000
-48.000000
-40.000000
-40.000000
-40.000000
-24.000000
-40.000000
-36.000000
-36.000000
-52.000000
-44.000000
-36.000000
-44.000000
-72.000000
-44.000000
-56.000000
-52.000000
-64.000000
-80.000000
-64.000000
-48.000000
-84.000000
-72.000000
-20.000000
-52.000000
-72.000000
-40.000000
-64.000000
-52.000000
-16.000000
-64.000000
-76.000000
-44.000000
-24.000000
-40.000000
-12.000000
-28.000000
-4.000000
-16.000000
-44.000000
-36.000000
-56.000000
-44.000000
-52.000000
-72.000000
-60.000000
-24.000000
-32.000000
-48.000000
-84.000000
-60.000000
-68.000000
-68.000000
-40.000000
-48.000000
-48.000000
-36.000000
-52.000000
-24.000000
-40.000000
-36.000000
-52.000000
-20.000000
-48.000000
-40.000000
-36.000000
-32.000000
-60.000000
-48.000000
-36.000000
-68.000000
-36.000000
-60.000000
-16.000000
-56.000000
-28.000000
-52.000000
-36.000000
-12.000000
-52.000000
-32.000000
-28.000000
-28.000000
-8.000000
-16.000000
-32.000000
-24.000000
-32.000000
-32.000000
-36.000000
-28.000000
-48.000000
-40.000000
-44.000000
-44.000000
-40.000000
-28.000000
-40.000000
-52.000000
-8.000000
-40.000000
-36.000000
-28.000000
-4.000000
-52.000000
-20.000000
-36.000000
-12.000000
-48.000000
-32.000000
-36.000000
-36.000000
-36.000000
-64.000000
-40.000000
-12.000000
-36.000000
-8.000000
-32.000000
0.000000
-16.000000
-28.000000
-28.000000
-24.000000
-16.000000
-20.000000
-12.000000
-28.000000
-12.000000
-28.000000
-12.000000
-8.000000
-28.000000
-28.000000
-32.000000
-48.000000
-68.000000
-72.000000
-44.000000
-24.000000
-64.000000
-44.000000
-52.000000
-36.000000
-44.000000
-40.000000
-36.000000
-32.000000
-44.000000
-40.000000
-12.000000
-32.000000
-20.000000
0.000000
-32.000000
-28.000000
-16.000000
-32.000000
-32.000000
-16.000000
-56.000000
-40.000000
0.000000
-24.000000
-28.000000
-48.000000
-20.000000
-24.000000
-8.000000
-20.000000
-8.000000
-32.000000
-8.000000
-16.000000
-32.000000
-24.000000
-48.000000
-36.000000
-36.000000
-28.000000
-32.000000
-52.000000
-56.000000
-52.000000
-72.000000
-44.000000
-40.000000
-48.000000
-56.000000
-52.000000
-28.000000
-36.000000
-48.000000
4.000000
-20.000000
-12.000000
0.000000
-32.000000
-12.000000
-12.000000
-24.000000
8.000000
-32.000000
-24.000000
-8.000000
-20.000000
-36.000000
-8.000000
-44.000000
-8.000000
-4.000000
-28.000000
-24.000000
-28.000000
-16.000000
-32.000000
-32.000000
-28.000000
-28.000000
-8.000000
-24.000000
-4.000000
-16.000000
-20.000000
-28.000000
-16.000000
-24.000000
-36.000000
-36.000000
-28.000000
-28.000000
-16.000000
-88.000000
-48.000000
-28.000000
-32.000000
-28.000000
-36.000000
-24.000000
-16.000000
-8.000000
-28.000000
-32.000000
-16.000000
-48.000000
-28.000000
-36.000000
-48.000000
-48.000000
-40.000000
-44.000000
-32.000000
-56.000000
-52.000000
-60.000000
-48.000000
-20.000000
-56.000000
-64.000000
-72.000000
-44.000000
-64.000000
-72.000000
-44.000000
-48.000000
-64.000000
-64.000000
-48.000000
-64.000000
-72.000000
-72.000000
-64.000000
-68.000000
-48.000000
-48.000000
-84.000000
-52.000000
-92.000000
-60.000000
-64.000000
-40.000000
-60.000000
-60.000000
-36.000000
-8.000000
-36.000000
-16.000000
-32.000000
-44.000000
-52.000000
-32.000000
-48.000000
-68.000000
-52.000000
-48.000000
-68.000000
-44.000000
-44.000000
-68.000000
-72.000000
-64.000000
-52.000000
-44.000000
-24.000000
-56.000000
-24.000000
-64.000000
-20.000000
-52.000000
-44.000000
-48.000000
-48.000000
-72.000000
-52.000000
-44.000000
-28.000000
-28.000000
-64.000000
-52.000000
-44.000000
-52.000000
-36.000000
-32.000000
-28.000000
-72.000000
-24.000000
-40.000000
-40.000000
-28.000000
-8.000000
-36.000000
-32.000000
-28.000000
-36.000000
-36.000000
-24.000000
-28.000000
-36.000000
-28.000000
-20.000000
-16.000000
-28.000000
-32.000000
-32.000000
-16.000000
-40.000000
-28.000000
-40.000000
-40.000000
-44.000000
-32.000000
-24.000000
-36.000000
-28.000000
-28.000000
-28.000000
-24.000000
-20.000000
-16.000000
-16.000000
-44.000000
-28.000000
-36.000000
-4.000000
-32.000000
-20.000000
-24.000000
-16.000000
-16.000000
-32.000000
-36.000000
-12.000000
-16.000000
-12.000000
-12.000000
-28.000000
-32.000000
4.000000
-20.000000
-4.000000
-16.000000
-16.000000
-20.000000
-24.000000
-48.000000
-68.000000
-56.000000
-68.000000
-88.000000
-36.000000
-52.000000
-40.000000
-20.000000
-52.000000
-24.000000
-32.000000
-32.000000
-20.000000
-24.000000
-44.000000
-52.000000
-40.000000
-24.000000
4.000000
-36.000000
-8.000000
-12.000000
-8.000000
-24.000000
0.000000
-32.000000
-56.000000
-4.000000
-16.000000
-20.000000
-12.000000
-24.000000
-24.000000
-12.000000
-36.000000
-12.000000
-40.000000
-24.000000
-28.000000
-32.000000
-52.000000
-28.000000
-24.000000
-52.000000
-28.000000
-40.000000
-40.000000
-44.000000
-48.000000
-40.000000
-48.000000
-16.000000
-48.000000
-24.000000
-12.000000
-12.000000
-16.000000
-20.000000
-16.000000
-12.000000
4.000000
-20.000000
-28.000000
-16.000000
-24.000000
-12.000000
-48.000000
-12.000000
-12.000000
-16.000000
-36.000000
-8.000000
-32.000000
-24.000000
-24.000000
-24.000000
-16.000000
-36.000000
-28.000000
-16.000000
-28.000000
-24.000000
-32.000000
-24.000000
-24.000000
-16.000000
-36.000000
-20.000000
-28.000000
-24.000000
-32.000000
-32.000000
-64.000000
-60.000000
-28.000000
-52.000000
-44.000000
-28.000000
-48.000000
-28.000000
-12.000000
-36.000000
-16.000000
-36.000000
-72.000000
-36.000000
-12.000000
-40.000000
-56.000000
-44.000000
-40.000000
-60.000000
-20.000000
-36.000000
-28.000000
-52.000000
-60.000000
-52.000000
-28.000000
-28.000000
-68.000000
-88.000000
-64.000000
-72.000000
-44.000000
-40.000000
-72.000000
-64.000000
-48.000000
-52.000000
-48.000000
-52.000000
-44.000000
-72.000000
-76.000000
-60.000000
-60.000000
-60.000000
-64.000000
-80.000000
-92.000000
-72.000000
-36.000000
-56.000000
-88.000000
-48.000000
-36.000000
-36.000000
-36.000000
-28.000000
-32.000000
-12.000000
-56.000000
-40.000000
-40.000000
-48.000000
-40.000000
-64.000000
-56.000000
-36.000000
-48.000000
-48.000000
-40.000000
-68.000000
-28.000000
-56.000000
-60.000000
-16.000000
-52.000000
8.000000
-16.000000
-12.000000
-16.000000
-72.000000
-24.000000
-56.000000
-48.000000
-40.000000
-56.000000
-44.000000
-40.000000
-36.000000
-40.000000
-52.000000
-52.000000
-40.000000
-60.000000
-28.000000
-36.000000
-44.000000
-32.000000
-32.000000
-36.000000
-36.000000
-60.000000
-36.000000
-8.000000
-16.000000
-36.000000
-32.000000
4.000000
-48.000000
-24.000000
-32.000000
-36.000000
-52.000000
-20.000000
-36.000000
-28.000000
-32.000000
-40.000000
-36.000000
-36.000000
-40.000000
-28.000000
-16.000000
-24.000000
-20.000000
-28.000000
-32.000000
-36.000000
-32.000000
-32.000000
-32.000000
0.000000
-36.000000
-28.000000
-16.000000
-32.000000
-36.000000
-16.000000
-24.000000
-12.000000
-16.000000
-12.000000
-8.000000
-40.000000
-28.000000
-28.000000
-32.000000
-28.000000
-44.000000
-20.000000
-32.000000
-28.000000
-12.000000
-16.000000
-48.000000
-36.000000
-68.000000
-56.000000
-20.000000
-72.000000
-32.000000
-68.000000
-36.000000
-28.000000
-36.000000
-40.000000
-24.000000
-20.000000
-28.000000
-40.000000
-24.000000
-28.000000
-24.000000
-60.000000
4.000000
-40.000000
-16.000000
-8.000000
-32.000000
-20.000000
-24.000000
-32.000000
-8.000000
-36.000000
-12.000000
-32.000000
-44.000000
-32.000000
-24.000000
-8.000000
-32.000000
-40.000000
0.000000
-48.000000
-44.000000
-28.000000
-32.000000
-52.000000
-8.000000
-32.000000
-52.000000
-20.000000
-36.000000
-52.000000
-56.000000
-64.000000
-40.000000
-32.000000
-52.000000
-32.000000
-20.000000
-28.000000
0.000000
-4.000000
-4.000000
4.000000
-20.000000
-36.000000
0.000000
-28.000000
16.000000
-4.000000
8.000000
-12.000000
-12.000000
4.000000
-28.000000
0.000000
-36.000000
-8.000000
-28.000000
-20.000000
-12.000000
-32.000000
-16.000000
-44.000000
-28.000000
-28.000000
-16.000000
-12.000000
-32.000000
-36.000000
-16.000000
-24.000000
-24.000000
-32.000000
-24.000000
-28.000000
-32.000000
-24.000000
-24.000000
-24.000000
-16.000000
-24.000000
-52.000000
-44.000000
-24.000000
-20.000000
-16.000000
-24.000000
-36.000000
-32.000000
-12.000000
-4.000000
-16.000000
-20.000000
-32.000000
-28.000000
-20.000000
-48.000000
-24.000000
-32.000000
-48.000000
-60.000000
-40.000000
-64.000000
-28.000000
-48.000000
-68.000000
-12.000000
-44.000000
-72.000000
-60.000000
-80.000000
-56.000000
-72.000000
-60.000000
-64.000000
-32.000000
-40.000000
-48.000000
-48.000000
-76.000000
-84.000000
-76.000000
-48.000000
-64.000000
-52.000000
-40.000000
-72.000000
-52.000000
-64.000000
-72.000000
-36.000000
-36.000000
-36.000000
0.000000
-16.000000
-36.000000
-16.000000
-40.000000
-52.000000
-60.000000
-36.000000
-52.000000
-8.000000
-40.000000
-72.000000
-64.000000
-48.000000
-52.000000
-48.000000
-60.000000
-36.000000
-48.000000
-48.000000
-48.000000
-48.000000
-48.000000
-56.000000
-24.000000
-24.000000
-52.000000
-36.000000
-16.000000
-56.000000
-52.000000
-68.000000
-32.000000
-56.000000
-40.000000
-32.000000
-16.000000
-28.000000
-48.000000
-20.000000
-24.000000
-44.000000
-52.000000
-20.000000
-12.000000
0.000000
-20.000000
-12.000000
-12.000000
-24.000000
0.000000
-32.000000
-24.000000
-44.000000
-40.000000
-24.000000
-60.000000
-24.000000
-60.000000
-52.000000
-8.000000
0.000000
-8.000000
-40.000000
-64.000000
-24.000000
-44.000000
-36.000000
-12.000000
-48.000000
-8.000000
-44.000000
-16.000000
-24.000000
-16.000000
-8.000000
-20.000000
-32.000000
-32.000000
-4.000000
-36.000000
-36.000000
4.000000
-36.000000
-12.000000
-16.000000
-32.000000
-24.000000
-36.000000
-44.000000
0.000000
-16.000000
-40.000000
-52.000000
-24.000000
-24.000000
-36.000000
-16.000000
-28.000000
-20.000000
-64.000000
-28.000000
-32.000000
-32.000000
-56.000000
-52.000000
-72.000000
-36.000000
-36.000000
-36.000000
-40.000000
-32.000000
-24.000000
-20.000000
-28.000000
-32.000000
-28.000000
-28.000000
-12.000000
-52.000000
-20.000000
-20.000000
-12.000000
-24.000000
-16.000000
-36.000000
-20.000000
-16.000000
-36.000000
-12.000000
-32.000000
-20.000000
-48.000000
-48.000000
-40.000000
-44.000000
-28.000000
-32.000000
-32.000000
-48.000000
-40.000000
-28.000000
-48.000000
0.000000
-32.000000
-52.000000
-40.000000
-40.000000
-72.000000
-80.000000
-36.000000
-36.000000
-52.000000
-12.000000
-28.000000
-24.000000
-20.000000
-8.000000
-32.000000
12.000000
-12.000000
0.000000
-16.000000
-12.000000
-12.000000
-16.000000
-20.000000
0.000000
-16.000000
-12.000000
-28.000000
-32.000000
-32.000000
-28.000000
-28.000000
-8.000000
-32.000000
-36.000000
-28.000000
-24.000000
-24.000000
-8.000000
-32.000000
-48.000000
-20.000000
-36.000000
-16.000000
-44.000000
-32.000000
-20.000000
-40.000000
-16.000000
-20.000000
-40.000000
-24.000000
-12.000000
-44.000000
-16.000000
-28.000000
-48.000000
-36.000000
-20.000000
-12.000000
-20.000000
0.000000
-36.000000
4.000000
-12.000000
-28.000000
-24.000000
-36.000000
-20.000000
-36.000000
-28.000000
-24.000000
-32.000000
-60.000000
-48.000000
-56.000000
-60.000000
-40.000000
-36.000000
-72.000000
-36.000000
-64.000000
-72.000000
-72.000000
-72.000000
-44.000000
-48.000000
-44.000000
-60.000000
-44.000000
-40.000000
-80.000000
-60.000000
-64.000000
-56.000000
-64.000000
-24.000000
-76.000000
-56.000000
-60.000000
-76.000000
-32.000000
-84.000000
-44.000000
-52.000000
-20.000000
-24.000000
-16.000000
-24.000000
-16.000000
-52.000000
-48.000000
-40.000000
-48.000000
-60.000000
-40.000000
-48.000000
-52.000000
-16.000000
-52.000000
-60.000000
-72.000000
-44.000000
-68.000000
-48.000000
-48.000000
-32.000000
-68.000000
-40.000000
-60.000000
-4.000000
-36.000000
-68.000000
-64.000000
-44.000000
-44.000000
-60.000000
-16.000000
-48.000000
-28.000000
-32.000000
-40.000000
-44.000000
-44.000000
-16.000000
-36.000000
-36.000000
-12.000000
-32.000000
-48.000000
4.000000
-32.000000
-40.000000
-48.000000
-36.000000
-12.000000
0.000000
0.000000
-12.000000
-16.000000
-36.000000
-24.000000
-56.000000
-32.000000
-16.000000
-36.000000
-48.000000
-44.000000
-28.000000
-36.000000
-16.000000
-36.000000
-36.000000
-28.000000
-28.000000
-32.000000
-40.000000
-32.000000
-36.000000
-20.000000
-24.000000
-20.000000
-36.000000
-8.000000
-40.000000
-20.000000
-28.000000
-28.000000
-36.000000
-24.000000
-36.000000
-32.000000
0.000000
-32.000000
-16.000000
4.000000
-8.000000
-12.000000
-20.000000
-16.000000
-32.000000
-16.000000
-8.000000
-72.000000
-36.000000
-24.000000
-40.000000
-52.000000
-44.000000
-12.000000
-44.000000
-48.000000
-56.000000
-56.000000
-36.000000
-36.000000
-24.000000
-28.000000
-32.000000
-12.000000
-24.000000
-32.000000
-24.000000
-12.000000
-32.000000
-8.000000
-24.000000
-32.000000
-44.000000
-44.000000
-48.000000
-40.000000
-24.000000
-20.000000
-64.000000
-24.000000
-28.000000
-24.000000
-36.000000
-36.000000
-44.000000
-20.000000
-32.000000
-40.000000
-36.000000
-60.000000
-52.000000
-36.000000
-36.000000
-36.000000
-36.000000
-24.000000
-40.000000
-28.000000
-24.000000
-60.000000
-40.000000
-60.000000
-72.000000
-40.000000
-20.000000
-36.000000
-16.000000
-8.000000
-28.000000
-28.000000
-12.000000
-32.000000
0.000000
-40.000000
-24.000000
-20.000000
-16.000000
-12.000000
-24.000000
-4.000000
-16.000000
4.000000
0.000000
-16.000000
-24.000000
-36.000000
-32.000000
-4.000000
-28.000000
-28.000000
-32.000000
-24.000000
-16.000000
-52.000000
-16.000000
-12.000000
-32.000000
-36.000000
-32.000000
-28.000000
-48.000000
-52.000000
-28.000000
-44.000000
-32.000000
-40.000000
-40.000000
-44.000000
-48.000000
-48.000000
-32.000000
-32.000000
-24.000000
-48.000000
0.000000
-32.000000
-24.000000
-36.000000
-32.000000
-52.000000
-16.000000
-68.000000
-24.000000
-44.000000
-52.000000
-28.000000
-32.000000
-44.000000
-40.000000
-36.000000
-60.000000
-76.000000
-44.000000
-40.000000
-48.000000
-76.000000
-56.000000
-72.000000
-52.000000
-44.000000
-52.000000
-72.000000
-44.000000
-56.000000
-76.000000
-60.000000
-44.000000
-88.000000
-52.000000
-76.000000
-48.000000
-72.000000
-52.000000
-76.000000
-48.000000
-84.000000
-24.000000
-80.000000
-12.000000
-44.000000
4.000000
-16.000000
-40.000000
-28.000000
-36.000000
-60.000000
-44.000000
-68.000000
-48.000000
-48.000000
-40.000000
-44.000000
-68.000000
-52.000000
-60.000000
-60.000000
-60.000000
-52.000000
-48.000000
-16.000000
-68.000000
-28.000000
-28.000000
-76.000000
-20.000000
-40.000000
-40.000000
-32.000000
-76.000000
-48.000000
-36.000000
-32.000000
-80.000000
-28.000000
-56.000000
-40.000000
-48.000000
-28.000000
-44.000000
-36.000000
-20.000000
-44.000000
-44.000000
-24.000000
-40.000000
-40.000000
-20.000000
-32.000000
-24.000000
-12.000000
-16.000000
-8.000000
-8.000000
-32.000000
-36.000000
-32.000000
0.000000
-52.000000
-28.000000
-48.000000
-32.000000
-44.000000
-36.000000
-32.000000
-32.000000
-44.000000
-44.000000
-44.000000
-40.000000
-40.000000
-52.000000
-44.000000
-44.000000
-12.000000
-44.000000
-12.000000
-28.000000
-32.000000
-20.000000
-52.000000
-32.000000
-40.000000
-32.000000
-40.000000
-40.000000
-32.000000
-4.000000
-16.000000
-32.000000
-32.000000
-24.000000
-8.000000
-36.000000
-28.000000
-28.000000
-44.000000
-20.000000
-24.000000
-40.000000
-52.000000
0.000000
-44.000000
-80.000000
-64.000000
-52.000000
-48.000000
-76.000000
-40.000000
-40.000000
-56.000000
-24.000000
-36.000000
-20.000000
-16.000000
-52.000000
-32.000000
-32.000000
-44.000000
-40.000000
-48.000000
-12.000000
-44.000000
-32.000000
-8.000000
-16.000000
-40.000000
-32.000000
-16.000000
-8.000000
-20.000000
-32.000000
-24.000000
-28.000000
-52.000000
-8.000000
-32.000000
-52.000000
-24.000000
-20.000000
-44.000000
-28.000000
-44.000000
-28.000000
-16.000000
-12.000000
0.000000
-48.000000
-28.000000
-44.000000
-76.000000
-56.000000
-60.000000
-48.000000
-24.000000
-56.000000
-48.000000
-20.000000
-16.000000
-20.000000
-24.000000
-36.000000
-12.000000
-24.000000
0.000000
-28.000000
-4.000000
-8.000000
-12.000000
-52.000000
-12.000000
-12.000000
-20.000000
-16.000000
-8.000000
-32.000000
-20.000000
-24.000000
-36.000000
-8.000000
-40.000000
-36.000000
-12.000000
-28.000000
-28.000000
-28.000000
-32.000000
-48.000000
-32.000000
-32.000000
-16.000000
-24.000000
-28.000000
-28.000000
-24.000000
-40.000000
-28.000000
-48.000000
-44.000000
-32.000000
-56.000000
-24.000000
-44.000000
-36.000000
-12.000000
-16.000000
-32.000000
-56.000000
0.000000
-28.000000
-20.000000
-20.000000
-40.000000
-24.000000
-32.000000
-52.000000
-24.000000
-56.000000
-12.000000
-32.000000
-52.000000
-60.000000
-56.000000
-40.000000
-52.000000
-64.000000
-52.000000
-56.000000
-64.000000
-52.000000
-52.000000
-68.000000
-84.000000
-72.000000
-52.000000
-60.000000
-64.000000
-60.000000
-60.000000
-20.000000
-68.000000
-64.000000
-80.000000
-64.000000
-60.000000
-56.000000
-76.000000
-92.000000
-52.000000
-72.000000
-40.000000
-28.000000
-24.000000
-24.000000
-16.000000
-36.000000
-32.000000
-52.000000
-56.000000
-12.000000
-56.000000
-72.000000
-36.000000
-56.000000
-48.000000
-44.000000
-92.000000
-56.000000
-40.000000
-60.000000
-56.000000
-56.000000
-52.000000
-24.000000
-80.000000
-32.000000
-52.000000
-68.000000
-32.000000
-40.000000
-32.000000
0.000000
-48.000000
-32.000000
-60.000000
-48.000000
-40.000000
-44.000000
-40.000000
-8.000000
-52.000000
0.000000
-28.000000
-32.000000
-32.000000
-68.000000
-36.000000
-64.000000
-28.000000
-44.000000
-28.000000
-36.000000
-20.000000
-36.000000
-20.000000
-44.000000
-20.000000
-52.000000
-36.000000
-56.000000
-32.000000
-36.000000
-36.000000
-52.000000
-28.000000
-52.000000
-48.000000
-32.000000
-52.000000
-48.000000
-36.000000
-36.000000
-28.000000
-52.000000
-12.000000
-24.000000
-48.000000
-44.000000
-36.000000
-36.000000
-56.000000
-60.000000
-16.000000
-32.000000
-36.000000
-24.000000
-32.000000
-24.000000
-24.000000
-12.000000
-12.000000
-24.000000
-24.000000
-40.000000
-36.000000
-24.000000
0.000000
-44.000000
-32.000000
-28.000000
-24.000000
-60.000000
-56.000000
-56.000000
-48.000000
-44.000000
-56.000000
-36.000000
-52.000000
-36.000000
-48.000000
-60.000000
-56.000000
-32.000000
-32.000000
-20.000000
-16.000000
-36.000000
-32.000000
-52.000000
-40.000000
-44.000000
-24.000000
-48.000000
-36.000000
-12.000000
-40.000000
-24.000000
-16.000000
-28.000000
-76.000000
-28.000000
-44.000000
-44.000000
-28.000000
-40.000000
-32.000000
-28.000000
-48.000000
-40.000000
-24.000000
-44.000000
-40.000000
-16.000000
-40.000000
-44.000000
-24.000000
-24.000000
-32.000000
-60.000000
-40.000000
-68.000000
-76.000000
-16.000000
-32.000000
-60.000000
-40.000000
-16.000000
-16.000000
-12.000000
-44.000000
-16.000000
-20.000000
-16.000000
-28.000000
-20.000000
-12.000000
-12.000000
-4.000000
-40.000000
-36.000000
-20.000000
-36.000000
-24.000000
-12.000000
-44.000000
-28.000000
-48.000000
-48.000000
-32.000000
-44.000000
-16.000000
-28.000000
-44.000000
-28.000000
8.000000
-24.000000
-32.000000
-20.000000
-36.000000
-32.000000
-36.000000
-28.000000
-36.000000
-16.000000
-32.000000
-52.000000
-44.000000
-8.000000
-56.000000
-64.000000
-28.000000
-44.000000
-24.000000
-36.000000
-32.000000
20.000000
-24.000000
-36.000000
-52.000000
-16.000000
-36.000000
-40.000000
-44.000000
-56.000000
-20.000000
-48.000000
-36.000000
