536.000000
756.000000
1016.000000
1220.000000
1312.000000
1320.000000
1292.000000
1124.000000
828.000000
504.000000
56.000000
-452.000000
-912.000000
-1360.000000
-1748.000000
-2052.000000
-2212.000000
-2244.000000
-2160.000000
-1884.000000
-1468.000000
-964.000000
-404.000000
192.000000
808.000000
1304.000000
1740.000000
2036.000000
2160.000000
2160.000000
2032.000000
1776.000000
1404.000000
920.000000
452.000000
-24.000000
-480.000000
-832.000000
-1152.000000
-1320.000000
-1416.000000
-1388.000000
-1300.000000
-1096.000000
-888.000000
-624.000000
-380.000000
-156.000000
-4.000000
0.000000
-32.000000
-56.000000
-72.000000
-52.000000
-60.000000
-48.000000
-76.000000
-68.000000
-32.000000
-28.000000
-20.000000
-48.000000
-36.000000
-28.000000
-60.000000
-44.000000
-4.000000
-32.000000
-28.000000
-40.000000
-40.000000
-40.000000
-28.000000
-56.000000
-32.000000
-16.000000
-32.000000
-32.000000
-32.000000
-36.000000
-4.000000
-4.000000
-28.000000
-36.000000
-20.000000
-36.000000
12.000000
-32.000000
-40.000000
-24.000000
-40.000000
-40.000000
-12.000000
-40.000000
-44.000000
-32.000000
-16.000000
-28.000000
-24.000000
-36.000000
-64.000000
-60.000000
-100.000000
-60.000000
-56.000000
-12.000000
-36.000000
-32.000000
-16.000000
-28.000000
-36.000000
-12.000000
-16.000000
-36.000000
-28.000000
-24.000000
-32.000000
4.000000
-16.000000
-20.000000
-8.000000
-16.000000
-28.000000
-20.000000
-20.000000
-12.000000
-28.000000
-32.000000
4.000000
-36.000000
-12.000000
-16.000000
-16.000000
-16.000000
-28.000000
-24.000000
-24.000000
-32.000000
-36.000000
-24.000000
-36.000000
-44.000000
-32.000000
-28.000000
-24.000000
-28.000000
-24.000000
-28.000000
-24.000000
-48.000000
-52.000000
-40.000000
-16.000000
-44.000000
-12.000000
-44.000000
4.000000
-20.000000
-28.000000
-16.000000
-40.000000
-28.000000
-40.000000
-24.000000
-48.000000
-44.000000
-60.000000
-56.000000
-32.000000
-48.000000
-68.000000
-64.000000
-60.000000
-68.000000
-40.000000
-72.000000
-40.000000
-56.000000
-12.000000
-68.000000
-68.000000
-68.000000
-64.000000
-40.000000
-64.000000
-52.000000
-68.000000
-60.000000
-48.000000
-76.000000
-64.000000
-56.000000
-84.000000
-76.000000
-56.000000
-76.000000
-40.000000
-56.000000
-72.000000
-52.000000
-28.000000
-28.000000
-36.000000
-20.000000
-32.000000
-28.000000
-60.000000
-52.000000
-64.000000
-72.000000
-52.000000
-60.000000
-48.000000
-36.000000
-72.000000
-56.000000
-28.000000
-64.000000
-48.000000
-56.000000
-52.000000
-20.000000
-48.000000
-48.000000
-48.000000
-80.000000
-36.000000
-28.000000
-48.000000
-68.000000
-32.000000
-80.000000
-32.000000
-28.000000
-32.000000
-36.000000
-40.000000
-36.000000
-28.000000
-32.000000
-20.000000
-56.000000
-20.000000
-48.000000
-32.000000
-36.000000
-20.000000
-32.000000
-44.000000
-16.000000
-20.000000
8.000000
-16.000000
-12.000000
-24.000000
-28.000000
-48.000000
-52.000000
-40.000000
-44.000000
-40.000000
-32.000000
-48.000000
-16.000000
-32.000000
-40.000000
-36.000000
-36.000000
-28.000000
-28.000000
-28.000000
-24.000000
-28.000000
-28.000000
-36.000000
-16.000000
-16.000000
-32.000000
-32.000000
-20.000000
-64.000000
-12.000000
-32.000000
-32.000000
-16.000000
-32.000000
-32.000000
-24.000000
-20.000000
-36.000000
-48.000000
-8.000000
-20.000000
-20.000000
-28.000000
-20.000000
4.000000
-16.000000
-28.000000
-32.000000
-36.000000
-36.000000
-52.000000
-28.000000
-76.000000
-44.000000
-84.000000
-36.000000
-48.000000
-60.000000
-36.000000
-24.000000
-24.000000
-28.000000
-44.000000
-32.000000
-44.000000
-20.000000
-20.000000
-28.000000
-52.000000
-28.000000
-8.000000
-20.000000
-20.000000
-32.000000
-20.000000
-32.000000
-40.000000
-32.000000
-32.000000
-28.000000
-32.000000
-8.000000
-44.000000
-20.000000
-40.000000
-20.000000
-32.000000
-4.000000
-36.000000
-44.000000
-40.000000
-28.000000
-44.000000
-48.000000
-36.000000
-28.000000
-28.000000
-48.000000
-44.000000
-60.000000
-100.000000
-24.000000
-44.000000
-60.000000
-16.000000
-40.000000
-16.000000
16.000000
-8.000000
4.000000
-20.000000
8.000000
-20.000000
-8.000000
-20.000000
4.000000
-24.000000
-16.000000
-20.000000
0.000000
-12.000000
-48.000000
-28.000000
-24.000000
-48.000000
-28.000000
-28.000000
-32.000000
-20.000000
-44.000000
-28.000000
-28.000000
-48.000000
-28.000000
-20.000000
-60.000000
-40.000000
-36.000000
-24.000000
-28.000000
-44.000000
-60.000000
-52.000000
-52.000000
-28.000000
-28.000000
-44.000000
-40.000000
-36.000000
-52.000000
-48.000000
-64.000000
-32.000000
-32.000000
-28.000000
-12.000000
-4.000000
-16.000000
-32.000000
-52.000000
-60.000000
-24.000000
-72.000000
-28.000000
-48.000000
-60.000000
-52.000000
-68.000000
-76.000000
-56.000000
-64.000000
-80.000000
-96.000000
-56.000000
-64.000000
-76.000000
-84.000000
-72.000000
-88.000000
-72.000000
-64.000000
-76.000000
-76.000000
-80.000000
-52.000000
-88.000000
-52.000000
-64.000000
-80.000000
-52.000000
-72.000000
-64.000000
-64.000000
-76.000000
-48.000000
-64.000000
-76.000000
-52.000000
-40.000000
-24.000000
-8.000000
-32.000000
-44.000000
-36.000000
-64.000000
-52.000000
-84.000000
-32.000000
-20.000000
-52.000000
-48.000000
-76.000000
-56.000000
-80.000000
-80.000000
-60.000000
-48.000000
-20.000000
-48.000000
-52.000000
-36.000000
-68.000000
-48.000000
-56.000000
-76.000000
-16.000000
-72.000000
-24.000000
-44.000000
-44.000000
-60.000000
-28.000000
-76.000000
-56.000000
-56.000000
-40.000000
-44.000000
-40.000000
-52.000000
-52.000000
-44.000000
-44.000000
-36.000000
-44.000000
-32.000000
-24.000000
-32.000000
-24.000000
-32.000000
-8.000000
-16.000000
-24.000000
-28.000000
-52.000000
-40.000000
-44.000000
-32.000000
-60.000000
-48.000000
-32.000000
-40.000000
-32.000000
-48.000000
-48.000000
-32.000000
-28.000000
-36.000000
-32.000000
-44.000000
-40.000000
-24.000000
-36.000000
-20.000000
-32.000000
-36.000000
-36.000000
-24.000000
-24.000000
-44.000000
-20.000000
-28.000000
-20.000000
-24.000000
-16.000000
-32.000000
-32.000000
-16.000000
-40.000000
-52.000000
-48.000000
-20.000000
-24.000000
-12.000000
-40.000000
-32.000000
-32.000000
-20.000000
-20.000000
-16.000000
-68.000000
-48.000000
-48.000000
-56.000000
-60.000000
-72.000000
-52.000000
-36.000000
-44.000000
-40.000000
-28.000000
-28.000000
-36.000000
-32.000000
-20.000000
-56.000000
-24.000000
-24.000000
-32.000000
-44.000000
-32.000000
-28.000000
-36.000000
-40.000000
-24.000000
-40.000000
-16.000000
-32.000000
-12.000000
-32.000000
-36.000000
-48.000000
-32.000000
-20.000000
-52.000000
-24.000000
-36.000000
-44.000000
-36.000000
-32.000000
-44.000000
-40.000000
-24.000000
-36.000000
-24.000000
-60.000000
-32.000000
-36.000000
-64.000000
-76.000000
-68.000000
-64.000000
-60.000000
-52.000000
-20.000000
-20.000000
-36.000000
4.000000
-28.000000
-12.000000
-20.000000
-32.000000
12.000000
0.000000
24.000000
-20.000000
-12.000000
-20.000000
-12.000000
-8.000000
-20.000000
-20.000000
-20.000000
-16.000000
-36.000000
-28.000000
-12.000000
-36.000000
-28.000000
-28.000000
0.000000
-28.000000
0.000000
-24.000000
-28.000000
-28.000000
-24.000000
-28.000000
-16.000000
-24.000000
-44.000000
-44.000000
-36.000000
-28.000000
-56.000000
-52.000000
-40.000000
-36.000000
-40.000000
-44.000000
-48.000000
-40.000000
-24.000000
-4.000000
-40.000000
-24.000000
-40.000000
4.000000
-28.000000
-28.000000
-28.000000
-44.000000
-52.000000
-36.000000
-56.000000
-60.000000
-24.000000
-60.000000
-44.000000
-56.000000
-64.000000
-60.000000
-76.000000
-60.000000
-80.000000
-64.000000
-76.000000
-72.000000
-72.000000
-32.000000
-72.000000
-72.000000
-72.000000
-88.000000
-80.000000
-80.000000
-76.000000
-64.000000
-52.000000
-84.000000
-72.000000
-60.000000
-48.000000
-48.000000
-36.000000
-72.000000
-80.000000
-64.000000
-72.000000
-44.000000
-40.000000
-12.000000
-24.000000
-16.000000
-60.000000
-56.000000
-60.000000
-72.000000
-72.000000
-56.000000
-72.000000
-56.000000
-56.000000
-72.000000
-52.000000
-68.000000
-24.000000
-56.000000
-56.000000
-52.000000
-64.000000
-52.000000
-40.000000
-60.000000
-48.000000
-56.000000
-52.000000
-48.000000
-68.000000
-32.000000
-52.000000
-60.000000
-36.000000
-52.000000
-44.000000
-44.000000
-48.000000
-28.000000
-24.000000
-64.000000
-36.000000
-36.000000
-28.000000
-52.000000
-16.000000
-44.000000
-24.000000
-44.000000
-32.000000
-28.000000
-8.000000
-12.000000
-24.000000
-28.000000
-36.000000
-40.000000
-20.000000
-52.000000
-28.000000
0.000000
-16.000000
-32.000000
-60.000000
-36.000000
-20.000000
-44.000000
-36.000000
-56.000000
-56.000000
-44.000000
-44.000000
-48.000000
-20.000000
-44.000000
-32.000000
-28.000000
-40.000000
-32.000000
12.000000
-32.000000
-48.000000
-40.000000
-52.000000
-44.000000
-8.000000
0.000000
-28.000000
-20.000000
-28.000000
-12.000000
-12.000000
-36.000000
-16.000000
-32.000000
-16.000000
-20.000000
-8.000000
-16.000000
-20.000000
-40.000000
-64.000000
-60.000000
-48.000000
-92.000000
-88.000000
-60.000000
-52.000000
-52.000000
-40.000000
-36.000000
-56.000000
-48.000000
-56.000000
-32.000000
-64.000000
-24.000000
-32.000000
-16.000000
-20.000000
-36.000000
-12.000000
-12.000000
-28.000000
-44.000000
-16.000000
-48.000000
-40.000000
-12.000000
-40.000000
-36.000000
-48.000000
-56.000000
-44.000000
-52.000000
-20.000000
-48.000000
-40.000000
-56.000000
-40.000000
-32.000000
-56.000000
-44.000000
-32.000000
-36.000000
-52.000000
-36.000000
-48.000000
-56.000000
-48.000000
-60.000000
-40.000000
-64.000000
-48.000000
-44.000000
-36.000000
-36.000000
-16.000000
-24.000000
-4.000000
-8.000000
-24.000000
-24.000000
-44.000000
4.000000
-20.000000
-16.000000
-32.000000
-20.000000
-8.000000
-24.000000
-32.000000
-32.000000
-28.000000
-48.000000
-32.000000
-4.000000
-24.000000
-24.000000
-44.000000
-40.000000
-32.000000
-28.000000
-32.000000
-48.000000
-40.000000
-40.000000
-40.000000
-44.000000
-36.000000
-32.000000
-36.000000
-36.000000
-24.000000
-36.000000
-36.000000
-28.000000
-32.000000
-28.000000
-68.000000
-24.000000
-40.000000
-44.000000
-40.000000
-32.000000
-4.000000
4.000000
-48.000000
-24.000000
-8.000000
-36.000000
-28.000000
-52.000000
-44.000000
-44.000000
-64.000000
-48.000000
-48.000000
-48.000000
-64.000000
-60.000000
-40.000000
-76.000000
-64.000000
-64.000000
-76.000000
-40.000000
-76.000000
-68.000000
-76.000000
-92.000000
-24.000000
-56.000000
-48.000000
-52.000000
-68.000000
-56.000000
-96.000000
-52.000000
-88.000000
-64.000000
-64.000000
-64.000000
-72.000000
-60.000000
-80.000000
-76.000000
-76.000000
-52.000000
-52.000000
-64.000000
-48.000000
-24.000000
-36.000000
-36.000000
-32.000000
-44.000000
-48.000000
-48.000000
-52.000000
-64.000000
-48.000000
-60.000000
-60.000000
-44.000000
-60.000000
-44.000000
-76.000000
-28.000000
-64.000000
-64.000000
-36.000000
-56.000000
-28.000000
-56.000000
-40.000000
-68.000000
-76.000000
-24.000000
-80.000000
-48.000000
-76.000000
-16.000000
-44.000000
-68.000000
-24.000000
-52.000000
-36.000000
-36.000000
-56.000000
-48.000000
-40.000000
-44.000000
-40.000000
-32.000000
-32.000000
-20.000000
-20.000000
-32.000000
-28.000000
-8.000000
-16.000000
-4.000000
-20.000000
-20.000000
-36.000000
-36.000000
-36.000000
-32.000000
-48.000000
-20.000000
-56.000000
-16.000000
-36.000000
-52.000000
-44.000000
-48.000000
-12.000000
-36.000000
-28.000000
-36.000000
-36.000000
-36.000000
-44.000000
-32.000000
-32.000000
-28.000000
-20.000000
-28.000000
-16.000000
-32.000000
-12.000000
-20.000000
-32.000000
4.000000
-24.000000
-32.000000
-28.000000
-4.000000
-16.000000
-8.000000
-8.000000
-28.000000
-12.000000
-36.000000
0.000000
-12.000000
-28.000000
8.000000
-20.000000
-44.000000
-16.000000
-48.000000
-60.000000
-64.000000
-72.000000
-48.000000
-40.000000
-36.000000
-60.000000
-32.000000
-28.000000
-40.000000
-24.000000
-28.000000
-28.000000
-20.000000
-32.000000
-20.000000
-12.000000
-44.000000
-20.000000
-28.000000
-44.000000
-12.000000
-28.000000
-32.000000
-32.000000
-24.000000
-36.000000
-32.000000
-28.000000
-44.000000
-16.000000
-32.000000
-12.000000
-20.000000
-8.000000
-32.000000
-24.000000
-28.000000
-32.000000
-12.000000
-20.000000
-36.000000
-16.000000
-40.000000
-40.000000
-24.000000
-44.000000
-72.000000
-44.000000
-72.000000
-52.000000
-24.000000
-36.000000
-8.000000
-24.000000
-28.000000
-8.000000
-8.000000
8.000000
-16.000000
-12.000000
-8.000000
-28.000000
-12.000000
4.000000
0.000000
-16.000000
-8.000000
-48.000000
-20.000000
-52.000000
-24.000000
-24.000000
-28.000000
-24.000000
-16.000000
-16.000000
-24.000000
-32.000000
-16.000000
-32.000000
-44.000000
-44.000000
-36.000000
-28.000000
-20.000000
-12.000000
-36.000000
-16.000000
-52.000000
-28.000000
-36.000000
-44.000000
-48.000000
-48.000000
-20.000000
-44.000000
-40.000000
-44.000000
-44.000000
-32.000000
-28.000000
-24.000000
-20.000000
-32.000000
-8.000000
-28.000000
-12.000000
-36.000000
-48.000000
-44.000000
-52.000000
-32.000000
-56.000000
-40.000000
-56.000000
-60.000000
-64.000000
-64.000000
-72.000000
-72.000000
-48.000000
-60.000000
-88.000000
-48.000000
-60.000000
-76.000000
-64.000000
-72.000000
-76.000000
-76.000000
-48.000000
-88.000000
-60.000000
-80.000000
-72.000000
-68.000000
-80.000000
-72.000000
-104.000000
-84.000000
-72.000000
-76.000000
-40.000000
-36.000000
-88.000000
-72.000000
-52.000000
-32.000000
-32.000000
-8.000000
-32.000000
-24.000000
-56.000000
-40.000000
-36.000000
-44.000000
-40.000000
-52.000000
-64.000000
-76.000000
-72.000000
-64.000000
-40.000000
-28.000000
-48.000000
-104.000000
-68.000000
-52.000000
-48.000000
-56.000000
-64.000000
-76.000000
-44.000000
-52.000000
-24.000000
-60.000000
-80.000000
-32.000000
-48.000000
-36.000000
-32.000000
-36.000000
-48.000000
-40.000000
-28.000000
-52.000000
-36.000000
-44.000000
-36.000000
-32.000000
-48.000000
-36.000000
-32.000000
-32.000000
-36.000000
-32.000000
-32.000000
-12.000000
4.000000
-12.000000
-20.000000
-28.000000
-32.000000
-48.000000
-28.000000
-88.000000
-28.000000
-36.000000
-20.000000
-48.000000
-64.000000
-32.000000
-32.000000
-48.000000
-48.000000
-40.000000
-24.000000
-44.000000
-20.000000
-32.000000
-36.000000
-24.000000
-20.000000
-32.000000
-16.000000
-24.000000
-20.000000
-28.000000
-36.000000
-24.000000
-32.000000
-36.000000
-36.000000
-24.000000
-20.000000
-36.000000
-36.000000
-4.000000
-8.000000
-4.000000
-20.000000
-12.000000
-36.000000
-16.000000
-32.000000
-4.000000
-28.000000
-28.000000
-40.000000
-68.000000
-32.000000
-80.000000
-36.000000
-60.000000
-52.000000
-28.000000
-48.000000
-36.000000
-44.000000
-40.000000
-56.000000
-24.000000
-40.000000
-24.000000
-24.000000
-36.000000
-20.000000
-44.000000
-20.000000
-8.000000
-32.000000
-36.000000
-20.000000
-12.000000
-64.000000
-20.000000
-32.000000
-44.000000
-12.000000
-44.000000
-24.000000
-60.000000
-32.000000
-48.000000
-32.000000
-32.000000
-20.000000
-28.000000
-4.000000
-24.000000
-52.000000
-44.000000
-40.000000
-44.000000
-32.000000
-44.000000
-80.000000
-60.000000
-40.000000
-76.000000
-48.000000
-40.000000
-48.000000
-20.000000
-16.000000
-8.000000
-28.000000
4.000000
-8.000000
-12.000000
-16.000000
-24.000000
-36.000000
-8.000000
-8.000000
-16.000000
-32.000000
-40.000000
-24.000000
-32.000000
-20.000000
-32.000000
-32.000000
-28.000000
-20.000000
-20.000000
-32.000000
-20.000000
-40.000000
-32.000000
-32.000000
-44.000000
-8.000000
-24.000000
-32.000000
-36.000000
-56.000000
-52.000000
-20.000000
-24.000000
-16.000000
-36.000000
-48.000000
-40.000000
-36.000000
-56.000000
-28.000000
-56.000000
-56.000000
-40.000000
-40.000000
-32.000000
-36.000000
-16.000000
-40.000000
-52.000000
-44.000000
-40.000000
-76.000000
-56.000000
-64.000000
-56.000000
-48.000000
-60.000000
-60.000000
-52.000000
-84.000000
-88.000000
-80.000000
-60.000000
-92.000000
-60.000000
-88.000000
-88.000000
-96.000000
-92.000000
-52.000000
-88.000000
-84.000000
-76.000000
-80.000000
-88.000000
-80.000000
-100.000000
-68.000000
-72.000000
-76.000000
-88.000000
-92.000000
-88.000000
-96.000000
-72.000000
-64.000000
-88.000000
-80.000000
-68.000000
-48.000000
-48.000000
-40.000000
-32.000000
-32.000000
-48.000000
-72.000000
-60.000000
-64.000000
-48.000000
-76.000000
-48.000000
-52.000000
-84.000000
-40.000000
-96.000000
-84.000000
-32.000000
-68.000000
-96.000000
-64.000000
-68.000000
-64.000000
-76.000000
-84.000000
-52.000000
-92.000000
-72.000000
-60.000000
-76.000000
-52.000000
-60.000000
-40.000000
-64.000000
-16.000000
-52.000000
-28.000000
-16.000000
-40.000000
-52.000000
-40.000000
-64.000000
-48.000000
-40.000000
-28.000000
-32.000000
-40.000000
-20.000000
-48.000000
-8.000000
-32.000000
-20.000000
-44.000000
-16.000000
-44.000000
-48.000000
-28.000000
-48.000000
-28.000000
-52.000000
-36.000000
-36.000000
-36.000000
-44.000000
-36.000000
-52.000000
-48.000000
-36.000000
-32.000000
-28.000000
-52.000000
-36.000000
-36.000000
-20.000000
-12.000000
-28.000000
-52.000000
-36.000000
-16.000000
-24.000000
-8.000000
-24.000000
-16.000000
-32.000000
-8.000000
-20.000000
-28.000000
-32.000000
-44.000000
-20.000000
-4.000000
0.000000
-32.000000
-48.000000
-8.000000
-28.000000
-12.000000
-16.000000
-28.000000
-16.000000
-8.000000
-40.000000
-32.000000
-44.000000
-36.000000
-28.000000
-32.000000
-68.000000
-56.000000
-32.000000
-44.000000
-40.000000
-24.000000
-36.000000
-16.000000
-16.000000
-20.000000
-20.000000
-16.000000
-16.000000
-32.000000
-8.000000
-20.000000
-24.000000
-32.000000
-24.000000
-24.000000
-12.000000
-28.000000
-44.000000
-20.000000
-36.000000
-24.000000
-24.000000
-28.000000
-16.000000
-12.000000
-40.000000
-8.000000
-28.000000
-4.000000
-28.000000
-28.000000
-28.000000
-20.000000
-8.000000
-44.000000
-24.000000
-32.000000
-36.000000
-60.000000
-48.000000
-72.000000
-36.000000
-28.000000
-36.000000
-40.000000
-24.000000
0.000000
0.000000
-16.000000
4.000000
-32.000000
24.000000
4.000000
4.000000
-16.000000
16.000000
-8.000000
4.000000
-40.000000
24.000000
-20.000000
-16.000000
-16.000000
-24.000000
8.000000
-32.000000
-20.000000
-24.000000
-8.000000
-24.000000
-4.000000
0.000000
-32.000000
-16.000000
-24.000000
-24.000000
-32.000000
-36.000000
-20.000000
-20.000000
-32.000000
-32.000000
-20.000000
-40.000000
-36.000000
-28.000000
-44.000000
-40.000000
-32.000000
-44.000000
-36.000000
-40.000000
-40.000000
-36.000000
-20.000000
-40.000000
-8.000000
-16.000000
-20.000000
-28.000000
-52.000000
-36.000000
-44.000000
-36.000000
-44.000000
-64.000000
-40.000000
-56.000000
-44.000000
-60.000000
-52.000000
-64.000000
-64.000000
-48.000000
-68.000000
-48.000000
-44.000000
-36.000000
-84.000000
-56.000000
-80.000000
-76.000000
-52.000000
-72.000000
-84.000000
-88.000000
-88.000000
-56.000000
-72.000000
-88.000000
-80.000000
-76.000000
-44.000000
-40.000000
-48.000000
-76.000000
-44.000000
-72.000000
-40.000000
-32.000000
-36.000000
-32.000000
-48.000000
-80.000000
-44.000000
-52.000000
-68.000000
-68.000000
-80.000000
-68.000000
-44.000000
-72.000000
-72.000000
-28.000000
-44.000000
-88.000000
-76.000000
-64.000000
-64.000000
-44.000000
-52.000000
-40.000000
-52.000000
-48.000000
-52.000000
-64.000000
-56.000000
-64.000000
-40.000000
-56.000000
-64.000000
-24.000000
-56.000000
-40.000000
-44.000000
-28.000000
-44.000000
-32.000000
-28.000000
-36.000000
-52.000000
-28.000000
-24.000000
-24.000000
-56.000000
-28.000000
-40.000000
-24.000000
-36.000000
4.000000
-28.000000
-16.000000
-32.000000
-36.000000
-52.000000
-64.000000
-28.000000
-36.000000
-52.000000
-48.000000
-40.000000
-36.000000
-12.000000
-52.000000
-16.000000
-36.000000
-36.000000
-24.000000
-24.000000
-24.000000
-36.000000
-20.000000
-40.000000
-48.000000
-32.000000
-8.000000
-8.000000
-4.000000
-28.000000
-52.000000
-28.000000
-4.000000
-24.000000
-56.000000
-16.000000
-16.000000
-28.000000
-20.000000
-36.000000
-36.000000
-36.000000
-28.000000
-24.000000
-24.000000
-12.000000
-48.000000
-16.000000
-16.000000
-32.000000
-68.000000
-60.000000
-84.000000
-60.000000
-52.000000
-48.000000
-48.000000
-48.000000
-72.000000
-32.000000
-44.000000
-40.000000
-44.000000
-48.000000
-44.000000
-28.000000
-36.000000
-32.000000
-44.000000
-40.000000
-28.000000
-52.000000
-32.000000
-24.000000
-48.000000
-20.000000
-48.000000
-16.000000
-32.000000
-52.000000
-36.000000
-52.000000
-48.000000
-52.000000
-68.000000
-32.000000
-64.000000
-52.000000
-32.000000
-60.000000
-60.000000
-52.000000
-44.000000
-56.000000
-60.000000
-48.000000
-44.000000
-64.000000
-80.000000
-96.000000
-80.000000
-84.000000
-64.000000
-68.000000
-44.000000
-60.000000
-16.000000
-28.000000
-28.000000
-44.000000
-52.000000
-12.000000
-48.000000
-36.000000
-4.000000
-56.000000
-40.000000
-36.000000
-28.000000
-32.000000
-44.000000
-44.000000
-32.000000
-64.000000
-12.000000
-32.000000
-28.000000
-32.000000
-52.000000
-12.000000
-32.000000
-20.000000
-48.000000
-32.000000
-48.000000
-60.000000
-40.000000
-28.000000
-32.000000
-64.000000
-32.000000
-44.000000
-52.000000
-32.000000
-36.000000
-28.000000
-72.000000
-44.000000
-72.000000
-48.000000
-40.000000
-48.000000
-36.000000
-32.000000
-32.000000
0.000000
-40.000000
-68.000000
-56.000000
-12.000000
-20.000000
-68.000000
-20.000000
-32.000000
-72.000000
-44.000000
-48.000000
-32.000000
-52.000000
-48.000000
-68.000000
-52.000000
-56.000000
-28.000000
-52.000000
-64.000000
-60.000000
-60.000000
-92.000000
-76.000000
-60.000000
-44.000000
-72.000000
-48.000000
-48.000000
-60.000000
-80.000000
-76.000000
-88.000000
-72.000000
-80.000000
-64.000000
-72.000000
-76.000000
-48.000000
-44.000000
-88.000000
-44.000000
-88.000000
-48.000000
-36.000000
-32.000000
-36.000000
-16.000000
-36.000000
-36.000000
-24.000000
-48.000000
-48.000000
-60.000000
-64.000000
-44.000000
-52.000000
-64.000000
-24.000000
-40.000000
-52.000000
-52.000000
-72.000000
-60.000000
-52.000000
-44.000000
-44.000000
-72.000000
-52.000000
-36.000000
-56.000000
-24.000000
-36.000000
-48.000000
-28.000000
-40.000000
-64.000000
-44.000000
-48.000000
-44.000000
-52.000000
-52.000000
-48.000000
-44.000000
-48.000000
-44.000000
-48.000000
-36.000000
-68.000000
-48.000000
-48.000000
-48.000000
-16.000000
20.000000
-12.000000
-40.000000
0.000000
-56.000000
-24.000000
-72.000000
-28.000000
-56.000000
-36.000000
-48.000000
-40.000000
-32.000000
-36.000000
-20.000000
-56.000000
-40.000000
-40.000000
-32.000000
-64.000000
-36.000000
-28.000000
-36.000000
-20.000000
-36.000000
-44.000000
-28.000000
-12.000000
-52.000000
-28.000000
-32.000000
-40.000000
-40.000000
-28.000000
-24.000000
-32.000000
-12.000000
-20.000000
-28.000000
-28.000000
-28.000000
-28.000000
-20.000000
-16.000000
-36.000000
-36.000000
-16.000000
-32.000000
