604.000000
856.000000
1104.000000
1252.000000
1324.000000
1336.000000
1212.000000
1032.000000
720.000000
348.000000
-116.000000
-616.000000
-1124.000000
-1508.000000
-1892.000000
-2156.000000
-2300.000000
-2276.000000
-2076.000000
-1776.000000
-1316.000000
-832.000000
-192.000000
424.000000
972.000000
1476.000000
1816.000000
2068.000000
2188.000000
2128.000000
1924.000000
1616.000000
1196.000000
724.000000
244.000000
-224.000000
-640.000000
-980.000000
-1228.000000
-1372.000000
-1408.000000
-1384.000000
-1224.000000
-1024.000000
-804.000000
-524.000000
-300.000000
-112.000000
-44.000000
-24.000000
-44.000000
-72.000000
-44.000000
-56.000000
-56.000000
-48.000000
-28.000000
-56.000000
-40.000000
-44.000000
-48.000000
-44.000000
-56.000000
-60.000000
-60.000000
-64.000000
-72.000000
-52.000000
-64.000000
-48.000000
-48.000000
-44.000000
-16.000000
-24.000000
-28.000000
-40.000000
-20.000000
-32.000000
-4.000000
-32.000000
-28.000000
-16.000000
-12.000000
-20.000000
-28.000000
-16.000000
-4.000000
-40.000000
-28.000000
-32.000000
-32.000000
-24.000000
-12.000000
0.000000
0.000000
-16.000000
-36.000000
-20.000000
-20.000000
-28.000000
-48.000000
-24.000000
-24.000000
-40.000000
-36.000000
-40.000000
-24.000000
-40.000000
-16.000000
-40.000000
-16.000000
-52.000000
-64.000000
-16.000000
-40.000000
-48.000000
-32.000000
-32.000000
-32.000000
-44.000000
-32.000000
-32.000000
0.000000
-36.000000
-32.000000
-24.000000
-36.000000
-48.000000
-60.000000
-44.000000
-48.000000
-68.000000
-76.000000
-80.000000
-48.000000
-48.000000
-52.000000
-72.000000
-80.000000
-44.000000
-68.000000
-44.000000
-68.000000
-80.000000
-68.000000
-60.000000
-40.000000
-76.000000
-72.000000
-100.000000
-72.000000
-56.000000
-80.000000
-52.000000
-72.000000
-88.000000
-88.000000
-64.000000
-64.000000
-56.000000
-96.000000
-80.000000
-72.000000
-56.000000
-52.000000
-56.000000
-68.000000
-44.000000
-24.000000
-44.000000
-56.000000
-36.000000
-56.000000
-68.000000
-52.000000
-88.000000
-72.000000
-68.000000
-36.000000
-40.000000
-92.000000
-52.000000
-60.000000
-40.000000
-76.000000
-56.000000
-84.000000
-80.000000
-48.000000
-48.000000
-88.000000
-52.000000
-56.000000
-68.000000
-76.000000
-52.000000
-24.000000
-76.000000
-48.000000
-36.000000
-48.000000
-56.000000
-56.000000
-52.000000
-68.000000
-44.000000
-60.000000
-52.000000
-32.000000
-68.000000
-48.000000
-52.000000
-16.000000
-4.000000
8.000000
-32.000000
-20.000000
-32.000000
-36.000000
-36.000000
-60.000000
-64.000000
-60.000000
-44.000000
-40.000000
-52.000000
-48.000000
-48.000000
-48.000000
-32.000000
-44.000000
-52.000000
-36.000000
-48.000000
-40.000000
-40.000000
-60.000000
-48.000000
-56.000000
-24.000000
-20.000000
-28.000000
-32.000000
-28.000000
-32.000000
-28.000000
-28.000000
-32.000000
-28.000000
-20.000000
-40.000000
-52.000000
-28.000000
-8.000000
-8.000000
-16.000000
-28.000000
-24.000000
-48.000000
-32.000000
-48.000000
-28.000000
0.000000
-32.000000
-72.000000
-72.000000
-48.000000
-80.000000
-72.000000
-60.000000
-76.000000
-48.000000
-76.000000
-52.000000
-52.000000
-44.000000
-28.000000
-28.000000
-32.000000
-28.000000
-24.000000
-32.000000
-44.000000
-48.000000
-44.000000
-40.000000
-24.000000
-44.000000
-32.000000
-32.000000
-36.000000
-12.000000
-36.000000
-28.000000
-48.000000
-40.000000
-56.000000
-44.000000
-20.000000
-40.000000
-28.000000
-48.000000
-36.000000
-40.000000
-56.000000
-40.000000
-52.000000
-56.000000
-52.000000
-64.000000
-52.000000
-48.000000
-60.000000
-60.000000
-92.000000
-64.000000
-36.000000
-64.000000
-40.000000
-36.000000
-40.000000
-16.000000
-20.000000
-16.000000
-12.000000
-36.000000
-48.000000
-8.000000
-4.000000
-24.000000
-36.000000
-36.000000
-16.000000
-16.000000
-24.000000
-40.000000
-32.000000
-32.000000
-24.000000
-28.000000
-36.000000
-24.000000
-16.000000
-32.000000
-24.000000
-40.000000
-48.000000
-20.000000
-36.000000
-28.000000
-36.000000
-32.000000
-44.000000
-52.000000
-28.000000
-40.000000
-52.000000
-36.000000
-44.000000
-40.000000
-44.000000
-48.000000
-40.000000
-52.000000
-48.000000
-52.000000
-36.000000
-60.000000
-52.000000
-32.000000
-52.000000
-24.000000
-24.000000
-32.000000
-52.000000
-52.000000
-52.000000
-52.000000
-72.000000
-64.000000
-56.000000
-36.000000
-72.000000
-76.000000
-52.000000
-44.000000
-80.000000
-72.000000
-84.000000
-72.000000
-44.000000
-88.000000
-88.000000
-76.000000
-92.000000
-56.000000
-112.000000
-100.000000
-88.000000
-96.000000
-84.000000
-100.000000
-88.000000
-68.000000
-68.000000
-64.000000
-76.000000
-80.000000
-88.000000
-36.000000
-104.000000
-88.000000
-68.000000
-52.000000
-32.000000
-24.000000
-40.000000
-48.000000
-52.000000
-76.000000
-48.000000
-88.000000
-76.000000
-88.000000
-68.000000
-56.000000
-60.000000
-60.000000
-72.000000
-64.000000
-96.000000
-60.000000
-52.000000
-52.000000
-68.000000
-72.000000
-80.000000
-72.000000
-52.000000
-72.000000
-56.000000
-56.000000
-64.000000
-60.000000
-56.000000
-56.000000
-60.000000
-32.000000
-72.000000
-48.000000
-40.000000
-72.000000
-32.000000
-60.000000
-36.000000
-60.000000
-84.000000
-36.000000
-28.000000
-44.000000
-52.000000
-48.000000
-24.000000
-28.000000
-32.000000
-12.000000
-52.000000
-32.000000
-40.000000
-20.000000
-48.000000
-40.000000
-52.000000
-76.000000
-48.000000
-60.000000
-52.000000
-52.000000
-36.000000
-40.000000
-24.000000
-44.000000
-48.000000
-44.000000
-72.000000
-32.000000
-12.000000
-40.000000
-24.000000
-44.000000
-44.000000
-48.000000
-40.000000
-12.000000
-24.000000
-28.000000
-12.000000
-48.000000
-24.000000
-32.000000
-28.000000
-48.000000
-52.000000
-24.000000
-24.000000
-20.000000
-20.000000
-12.000000
-8.000000
-48.000000
-48.000000
-44.000000
-48.000000
-48.000000
-48.000000
-88.000000
-76.000000
-76.000000
-92.000000
-64.000000
-44.000000
-52.000000
-56.000000
-44.000000
-32.000000
-52.000000
-32.000000
-44.000000
-40.000000
-24.000000
-16.000000
-20.000000
-44.000000
-36.000000
-36.000000
-36.000000
-44.000000
-36.000000
-28.000000
-36.000000
-32.000000
-44.000000
-36.000000
-24.000000
-36.000000
-12.000000
-52.000000
-40.000000
-48.000000
-36.000000
-44.000000
-28.000000
-36.000000
-32.000000
-32.000000
-48.000000
-52.000000
-40.000000
-60.000000
-48.000000
-68.000000
-52.000000
-52.000000
-76.000000
-60.000000
-84.000000
-80.000000
-32.000000
-36.000000
-28.000000
-32.000000
-32.000000
-40.000000
-8.000000
-24.000000
-32.000000
-36.000000
-32.000000
-12.000000
-36.000000
-8.000000
-28.000000
-16.000000
-24.000000
-8.000000
-32.000000
-44.000000
-16.000000
-36.000000
-24.000000
-48.000000
-24.000000
-44.000000
-44.000000
-36.000000
-44.000000
-44.000000
-44.000000
-44.000000
-36.000000
-52.000000
-48.000000
-52.000000
-48.000000
-36.000000
-32.000000
-32.000000
-36.000000
-60.000000
-56.000000
-44.000000
-48.000000
-48.000000
-64.000000
-72.000000
-36.000000
-56.000000
-36.000000
-32.000000
-32.000000
-28.000000
-36.000000
-32.000000
-20.000000
-68.000000
-40.000000
-52.000000
-40.000000
-52.000000
-76.000000
-60.000000
-52.000000
-84.000000
-80.000000
-72.000000
-64.000000
-72.000000
-100.000000
-88.000000
-92.000000
-80.000000
-80.000000
-60.000000
-92.000000
-68.000000
-84.000000
-104.000000
-84.000000
-80.000000
-92.000000
-88.000000
-72.000000
-92.000000
-80.000000
-76.000000
-80.000000
-88.000000
-76.000000
-76.000000
-100.000000
-56.000000
-76.000000
-76.000000
-44.000000
-40.000000
-28.000000
-44.000000
-60.000000
-40.000000
-60.000000
-64.000000
-80.000000
-84.000000
-72.000000
-72.000000
-48.000000
-32.000000
-52.000000
-56.000000
-72.000000
-80.000000
-68.000000
-60.000000
-84.000000
-56.000000
-76.000000
-48.000000
-64.000000
-88.000000
-52.000000
-72.000000
-88.000000
-48.000000
-80.000000
-44.000000
-56.000000
-28.000000
-52.000000
-56.000000
-52.000000
-64.000000
-32.000000
-72.000000
-24.000000
-52.000000
-52.000000
-36.000000
-52.000000
-32.000000
-24.000000
-36.000000
-60.000000
-20.000000
-20.000000
-20.000000
-20.000000
-36.000000
-24.000000
-52.000000
-44.000000
-40.000000
-36.000000
-96.000000
-48.000000
-44.000000
-48.000000
-64.000000
-68.000000
-56.000000
-36.000000
-64.000000
-32.000000
-44.000000
-48.000000
-44.000000
-44.000000
-60.000000
-28.000000
-40.000000
-32.000000
-40.000000
-32.000000
-28.000000
-28.000000
-40.000000
-60.000000
-52.000000
-48.000000
-28.000000
-28.000000
-24.000000
-32.000000
-36.000000
-36.000000
-20.000000
-16.000000
-28.000000
-16.000000
-28.000000
-48.000000
0.000000
-28.000000
-36.000000
-24.000000
-44.000000
-72.000000
-96.000000
-100.000000
-72.000000
-88.000000
-36.000000
-64.000000
-60.000000
-60.000000
-28.000000
-28.000000
-48.000000
-36.000000
-24.000000
-36.000000
-40.000000
-28.000000
-20.000000
-28.000000
-32.000000
-52.000000
-32.000000
-24.000000
-28.000000
-28.000000
-48.000000
-20.000000
-28.000000
-20.000000
-20.000000
-44.000000
-36.000000
-40.000000
-36.000000
-32.000000
-40.000000
-16.000000
-40.000000
-32.000000
-24.000000
-28.000000
-60.000000
-40.000000
-60.000000
-40.000000
-44.000000
-44.000000
-36.000000
-72.000000
-72.000000
-72.000000
-52.000000
-40.000000
-24.000000
-28.000000
12.000000
-12.000000
8.000000
-24.000000
-20.000000
-24.000000
-16.000000
4.000000
-24.000000
-16.000000
-24.000000
0.000000
-36.000000
-12.000000
-16.000000
-24.000000
-24.000000
-44.000000
-24.000000
-32.000000
-32.000000
-32.000000
-40.000000
-48.000000
-28.000000
-36.000000
-24.000000
-36.000000
-28.000000
-40.000000
-36.000000
-44.000000
-44.000000
-40.000000
-48.000000
-44.000000
-32.000000
-48.000000
-32.000000
-48.000000
-24.000000
-52.000000
-48.000000
-52.000000
-40.000000
-44.000000
-40.000000
-44.000000
-12.000000
-28.000000
-48.000000
-24.000000
-40.000000
-32.000000
-32.000000
-44.000000
-36.000000
-68.000000
-52.000000
-56.000000
-56.000000
-48.000000
-36.000000
-60.000000
-68.000000
-60.000000
-84.000000
-56.000000
-96.000000
-64.000000
-56.000000
-112.000000
-92.000000
-92.000000
-80.000000
-44.000000
-52.000000
-112.000000
-52.000000
-80.000000
-72.000000
-92.000000
-72.000000
-88.000000
-76.000000
-64.000000
-56.000000
-60.000000
-48.000000
-64.000000
-60.000000
-96.000000
-52.000000
-56.000000
-52.000000
0.000000
-64.000000
-44.000000
-40.000000
-72.000000
-72.000000
-52.000000
-92.000000
-72.000000
-60.000000
-64.000000
-84.000000
-84.000000
-52.000000
-84.000000
-80.000000
-80.000000
-56.000000
-72.000000
-68.000000
-60.000000
-56.000000
-76.000000
-52.000000
-68.000000
-48.000000
-76.000000
-60.000000
-64.000000
-36.000000
-48.000000
-44.000000
-44.000000
-72.000000
-48.000000
-44.000000
-52.000000
-28.000000
-36.000000
-36.000000
-36.000000
-40.000000
-52.000000
-52.000000
-48.000000
-36.000000
-52.000000
-24.000000
-20.000000
-12.000000
0.000000
0.000000
-48.000000
-32.000000
-28.000000
-24.000000
-64.000000
-48.000000
-48.000000
-64.000000
-32.000000
-48.000000
-48.000000
-44.000000
-52.000000
-48.000000
-52.000000
-52.000000
-36.000000
-36.000000
-24.000000
-20.000000
-20.000000
-28.000000
-40.000000
-68.000000
-44.000000
-32.000000
-44.000000
-32.000000
-28.000000
-56.000000
-28.000000
-48.000000
-8.000000
-36.000000
-40.000000
-16.000000
-16.000000
-68.000000
-36.000000
-28.000000
-56.000000
-32.000000
-48.000000
-24.000000
-44.000000
-32.000000
-28.000000
-64.000000
-76.000000
-52.000000
-60.000000
-52.000000
-76.000000
-48.000000
-72.000000
-48.000000
-60.000000
-44.000000
-32.000000
-36.000000
-56.000000
-24.000000
-32.000000
-36.000000
-60.000000
-68.000000
-40.000000
-28.000000
-44.000000
-60.000000
-56.000000
-60.000000
-64.000000
-40.000000
-48.000000
-60.000000
-24.000000
-32.000000
-44.000000
-48.000000
-28.000000
-36.000000
-32.000000
-44.000000
-48.000000
-68.000000
-44.000000
-40.000000
-44.000000
-44.000000
-60.000000
-52.000000
-52.000000
-56.000000
-44.000000
-72.000000
-88.000000
-84.000000
-76.000000
-60.000000
-40.000000
-72.000000
-20.000000
-44.000000
0.000000
-24.000000
-20.000000
-36.000000
-28.000000
-28.000000
-20.000000
-8.000000
-28.000000
-16.000000
-24.000000
-16.000000
-28.000000
-16.000000
-24.000000
-60.000000
-20.000000
-32.000000
-48.000000
-28.000000
-44.000000
-12.000000
-48.000000
-32.000000
-24.000000
-24.000000
-44.000000
-28.000000
-44.000000
-52.000000
-32.000000
-36.000000
-56.000000
-44.000000
-40.000000
-40.000000
-32.000000
-36.000000
-32.000000
-48.000000
-20.000000
-32.000000
-72.000000
-48.000000
-36.000000
-48.000000
-36.000000
-36.000000
-12.000000
4.000000
-40.000000
-32.000000
-12.000000
-20.000000
-40.000000
-60.000000
-52.000000
-52.000000
-60.000000
-60.000000
-52.000000
-60.000000
-32.000000
-68.000000
-72.000000
-72.000000
-76.000000
-84.000000
-64.000000
-80.000000
-80.000000
-60.000000
-60.000000
-80.000000
-96.000000
-84.000000
-64.000000
-56.000000
-68.000000
-60.000000
-80.000000
-80.000000
-76.000000
-44.000000
-80.000000
-96.000000
-80.000000
-68.000000
-76.000000
-52.000000
-88.000000
-64.000000
-48.000000
-36.000000
-40.000000
-44.000000
-48.000000
-48.000000
-44.000000
-52.000000
-72.000000
-88.000000
-84.000000
-52.000000
-68.000000
-52.000000
-48.000000
-72.000000
-52.000000
-80.000000
-72.000000
-60.000000
-60.000000
-88.000000
-56.000000
-68.000000
-60.000000
-52.000000
-64.000000
-72.000000
-52.000000
-52.000000
-64.000000
-24.000000
-88.000000
-52.000000
-40.000000
-88.000000
-40.000000
-48.000000
-88.000000
-52.000000
-64.000000
-24.000000
-44.000000
-20.000000
-60.000000
-36.000000
-28.000000
-48.000000
-44.000000
-52.000000
-8.000000
-36.000000
-28.000000
-28.000000
-44.000000
-12.000000
-44.000000
-32.000000
-52.000000
-52.000000
-80.000000
-48.000000
-40.000000
-36.000000
-40.000000
-36.000000
-48.000000
-44.000000
-36.000000
-28.000000
-48.000000
-24.000000
-52.000000
-24.000000
-24.000000
-32.000000
-36.000000
-28.000000
-60.000000
-36.000000
-36.000000
-28.000000
-56.000000
-40.000000
-16.000000
-52.000000
-48.000000
-48.000000
-40.000000
-28.000000
-36.000000
-36.000000
-8.000000
-16.000000
-32.000000
0.000000
-28.000000
-32.000000
-32.000000
-12.000000
-52.000000
-64.000000
-76.000000
-88.000000
-64.000000
-52.000000
-84.000000
-84.000000
-32.000000
-56.000000
-44.000000
-40.000000
-44.000000
-56.000000
-48.000000
-32.000000
-48.000000
-12.000000
-40.000000
-20.000000
-52.000000
-44.000000
-40.000000
-28.000000
-20.000000
-32.000000
-32.000000
-28.000000
-32.000000
-56.000000
-44.000000
-44.000000
-48.000000
-48.000000
-32.000000
-36.000000
-60.000000
-16.000000
-44.000000
-32.000000
-52.000000
-40.000000
-28.000000
-28.000000
-32.000000
-60.000000
-76.000000
-52.000000
-52.000000
-44.000000
-60.000000
-104.000000
-64.000000
-48.000000
-44.000000
-52.000000
-44.000000
-40.000000
-24.000000
-8.000000
-8.000000
-8.000000
-8.000000
-24.000000
-28.000000
-32.000000
-20.000000
-16.000000
-16.000000
-28.000000
-32.000000
-20.000000
-44.000000
-24.000000
4.000000
-8.000000
-40.000000
-40.000000
-32.000000
-44.000000
-48.000000
-40.000000
-44.000000
-28.000000
-28.000000
-28.000000
-32.000000
-52.000000
-40.000000
-52.000000
-44.000000
-40.000000
-12.000000
-40.000000
-44.000000
-48.000000
-24.000000
-52.000000
-48.000000
-32.000000
-80.000000
-32.000000
-24.000000
-44.000000
-28.000000
-16.000000
-16.000000
-16.000000
-48.000000
-32.000000
-12.000000
-48.000000
-36.000000
-52.000000
-64.000000
-44.000000
-60.000000
-68.000000
-80.000000
-68.000000
-64.000000
-60.000000
-92.000000
-92.000000
-72.000000
-72.000000
-68.000000
-72.000000
-64.000000
-64.000000
-60.000000
-72.000000
-60.000000
-32.000000
-64.000000
-60.000000
-76.000000
-72.000000
-88.000000
-64.000000
-80.000000
-88.000000
-92.000000
-60.000000
-64.000000
-92.000000
-84.000000
-76.000000
-52.000000
-84.000000
-64.000000
-28.000000
-52.000000
-8.000000
-52.000000
-24.000000
-56.000000
-56.000000
-60.000000
-72.000000
-76.000000
-48.000000
-44.000000
-40.000000
-80.000000
-56.000000
-56.000000
-64.000000
-92.000000
-84.000000
-60.000000
-32.000000
-80.000000
-56.000000
-64.000000
-76.000000
-68.000000
-32.000000
-56.000000
-64.000000
-48.000000
-64.000000
-44.000000
-60.000000
-36.000000
-60.000000
-64.000000
-40.000000
-56.000000
-28.000000
-52.000000
-72.000000
-48.000000
-44.000000
-56.000000
-60.000000
-52.000000
-52.000000
-40.000000
-48.000000
-36.000000
-24.000000
-28.000000
-40.000000
-52.000000
-28.000000
-36.000000
-60.000000
-56.000000
-76.000000
-68.000000
-60.000000
-44.000000
-48.000000
-68.000000
-28.000000
-32.000000
-52.000000
-40.000000
-48.000000
-48.000000
-36.000000
-36.000000
-36.000000
-44.000000
-44.000000
-24.000000
-12.000000
-40.000000
-48.000000
-32.000000
-28.000000
-44.000000
-40.000000
-40.000000
-48.000000
-16.000000
-44.000000
-32.000000
-48.000000
-36.000000
-8.000000
-32.000000
-36.000000
-8.000000
-16.000000
-32.000000
-20.000000
-32.000000
-20.000000
-28.000000
-44.000000
-72.000000
-60.000000
-76.000000
-64.000000
-64.000000
-56.000000
-64.000000
-60.000000
-48.000000
-32.000000
-44.000000
-40.000000
-28.000000
-60.000000
-48.000000
-20.000000
-48.000000
-20.000000
-32.000000
-24.000000
-20.000000
-28.000000
-52.000000
-32.000000
-44.000000
-40.000000
-16.000000
-44.000000
-36.000000
-40.000000
-32.000000
-24.000000
-12.000000
-32.000000
-24.000000
-36.000000
-48.000000
-20.000000
-64.000000
-36.000000
-20.000000
-40.000000
-40.000000
-40.000000
-20.000000
-56.000000
-28.000000
-64.000000
-92.000000
-72.000000
-56.000000
-80.000000
-64.000000
-64.000000
-44.000000
-36.000000
-16.000000
-12.000000
-12.000000
-28.000000
4.000000
4.000000
-20.000000
-16.000000
-40.000000
-24.000000
-12.000000
-24.000000
-28.000000
-16.000000
-28.000000
-24.000000
-32.000000
-16.000000
-28.000000
-16.000000
-28.000000
-8.000000
-4.000000
-24.000000
-40.000000
-36.000000
-28.000000
-44.000000
-32.000000
-44.000000
-24.000000
-32.000000
-40.000000
-40.000000
-28.000000
-40.000000
-44.000000
-28.000000
-36.000000
-40.000000
-40.000000
-68.000000
-64.000000
-56.000000
-44.000000
-40.000000
-48.000000
-32.000000
-28.000000
-20.000000
-28.000000
-20.000000
-32.000000
-60.000000
-44.000000
-64.000000
-16.000000
-48.000000
-76.000000
-56.000000
-40.000000
-44.000000
-72.000000
-64.000000
-68.000000
-48.000000
-88.000000
-72.000000
-72.000000
-56.000000
-64.000000
-76.000000
-92.000000
-48.000000
-80.000000
-72.000000
-72.000000
-72.000000
-52.000000
-80.000000
-84.000000
-64.000000
-48.000000
-72.000000
-88.000000
-80.000000
-64.000000
-64.000000
-60.000000
-60.000000
-76.000000
-60.000000
-52.000000
-28.000000
-32.000000
-24.000000
-52.000000
-28.000000
-56.000000
-52.000000
-60.000000
-72.000000
-60.000000
-76.000000
-68.000000
-56.000000
-48.000000
-72.000000
-44.000000
-52.000000
-64.000000
-76.000000
-56.000000
-52.000000
-56.000000
-52.000000
-40.000000
-60.000000
-56.000000
-72.000000
-12.000000
-52.000000
-60.000000
-24.000000
-76.000000
-36.000000
-36.000000
-76.000000
-32.000000
-52.000000
-44.000000
-32.000000
-40.000000
-24.000000
-32.000000
-8.000000
-48.000000
-44.000000
-28.000000
-40.000000
-40.000000
-28.000000
8.000000
-24.000000
-20.000000
-32.000000
-44.000000
-48.000000
-48.000000
-48.000000
-40.000000
-48.000000
-64.000000
-52.000000
-40.000000
-48.000000
-52.000000
-52.000000
-44.000000
-44.000000
-36.000000
-40.000000
-48.000000
-48.000000
-40.000000
-44.000000
-32.000000
-40.000000
-52.000000
-28.000000
-36.000000
-36.000000
-28.000000
-32.000000
-16.000000
-32.000000
-64.000000
-32.000000
-28.000000
-20.000000
-12.000000
-36.000000
-28.000000
-32.000000
-12.000000
-44.000000
-68.000000
-28.000000
-12.000000
-44.000000
-8.000000
-16.000000
-44.000000
-76.000000
-72.000000
-60.000000
-64.000000
-64.000000
-60.000000
-44.000000
-72.000000
-44.000000
-68.000000
-48.000000
-60.000000
-60.000000
-56.000000
-40.000000
-48.000000
-20.000000
-44.000000
-48.000000
-48.000000
-32.000000
-40.000000
-4.000000
-32.000000
-28.000000
-32.000000
-28.000000
-32.000000
-44.000000
-32.000000
-44.000000
-32.000000
-44.000000
-48.000000
-40.000000
-28.000000
-72.000000
-28.000000
-52.000000
-28.000000
-52.000000
-24.000000
-60.000000
-40.000000
-40.000000
-44.000000
-32.000000
-48.000000
-48.000000
-64.000000
-52.000000
-52.000000
-48.000000
-56.000000
-40.000000
-40.000000
-16.000000
-20.000000
-36.000000
-24.000000
-28.000000
-36.000000
-52.000000
-8.000000
-24.000000
-16.000000
-20.000000
-16.000000
-44.000000
-12.000000
-32.000000
-16.000000
-24.000000
-28.000000
-12.000000
-32.000000
-32.000000
-36.000000
-24.000000
-36.000000
-36.000000
-44.000000
-32.000000
-24.000000
-40.000000
-32.000000
-24.000000
-28.000000
-64.000000
-24.000000
-36.000000
-52.000000
-36.000000
-24.000000
-52.000000
-52.000000
-44.000000
-56.000000
-48.000000
-44.000000
-32.000000
-44.000000
-44.000000
-12.000000
-20.000000
-32.000000
-28.000000
-28.000000
-44.000000
-12.000000
-44.000000
-28.000000
-40.000000
-24.000000
-52.000000
-60.000000
-76.000000
-52.000000
-56.000000
-52.000000
-76.000000
-72.000000
-72.000000
-72.000000
-96.000000
-40.000000
-32.000000
-76.000000
-104.000000
-40.000000
-84.000000
-80.000000
-44.000000
-56.000000
-44.000000
-72.000000
-64.000000
-72.000000
-80.000000
-48.000000
-96.000000
-60.000000
-60.000000
-44.000000
-80.000000
-48.000000
-52.000000
-76.000000
-32.000000
-52.000000
-32.000000
-28.000000
-36.000000
-28.000000
-48.000000
-40.000000
-48.000000
-64.000000
-48.000000
-36.000000
-48.000000
-64.000000
-68.000000
-68.000000
-48.000000
-64.000000
-60.000000
-64.000000
-72.000000
-76.000000
-72.000000
-48.000000
-24.000000
-16.000000
-80.000000
-28.000000
-48.000000
-24.000000
-76.000000
-72.000000
-40.000000
-24.000000
-76.000000
-36.000000
-56.000000
-36.000000
-44.000000
-36.000000
-52.000000
-36.000000
-48.000000
-20.000000
-48.000000
-28.000000
-44.000000
-40.000000
-44.000000
-40.000000
-32.000000
-36.000000
-8.000000
-24.000000
-28.000000
-44.000000
-24.000000
-56.000000
-28.000000
-52.000000
-48.000000
-48.000000
-68.000000
-36.000000
-36.000000
-52.000000
-56.000000
-36.000000
-44.000000
-48.000000
-8.000000
-28.000000
-8.000000
-36.000000
-20.000000
-36.000000
-44.000000
-24.000000
-32.000000
-56.000000
-28.000000
-28.000000
-24.000000
-20.000000
-48.000000
-44.000000
-32.000000
-40.000000
-8.000000
-20.000000
-24.000000
-36.000000
-32.000000
-44.000000
-20.000000
0.000000
-24.000000
-32.000000
-48.000000
-8.000000
-20.000000
-48.000000
-48.000000
-40.000000
-72.000000
-60.000000
-48.000000
-40.000000
-52.000000
-72.000000
-48.000000
-64.000000
-28.000000
-36.000000
-48.000000
-36.000000
-36.000000
-12.000000
-28.000000
-36.000000
-16.000000
-12.000000
-48.000000
-40.000000
-32.000000
-40.000000
-52.000000
-24.000000
-36.000000
-24.000000
-36.000000
-36.000000
-24.000000
-60.000000
-40.000000
-48.000000
