548.000000
808.000000
1020.000000
1228.000000
1328.000000
1336.000000
1244.000000
1084.000000
788.000000
404.000000
-32.000000
-512.000000
-1008.000000
-1440.000000
-1804.000000
-2092.000000
-2240.000000
-2252.000000
-2100.000000
-1808.000000
-1376.000000
-860.000000
-280.000000
292.000000
888.000000
1416.000000
1812.000000
2076.000000
2176.000000
2140.000000
1984.000000
1656.000000
1304.000000
800.000000
364.000000
-160.000000
-604.000000
-964.000000
-1228.000000
-1392.000000
-1460.000000
-1432.000000
-1308.000000
-1096.000000
-872.000000
-628.000000
-376.000000
-144.000000
-76.000000
-56.000000
-60.000000
-92.000000
-68.000000
-68.000000
-84.000000
-56.000000
-92.000000
-80.000000
-48.000000
-68.000000
-72.000000
-72.000000
-100.000000
-68.000000
-56.000000
-48.000000
-32.000000
-48.000000
-80.000000
-36.000000
-4.000000
-24.000000
-28.000000
-32.000000
-56.000000
-36.000000
-60.000000
-44.000000
-44.000000
-84.000000
-48.000000
-88.000000
-52.000000
-52.000000
-88.000000
-60.000000
-76.000000
-88.000000
-40.000000
-48.000000
-84.000000
-60.000000
-52.000000
-60.000000
-48.000000
-32.000000
-64.000000
-72.000000
-44.000000
-96.000000
-24.000000
-88.000000
-44.000000
-72.000000
-52.000000
-64.000000
-48.000000
-48.000000
-60.000000
-48.000000
-40.000000
-52.000000
-52.000000
-76.000000
-20.000000
-28.000000
-24.000000
-16.000000
-32.000000
-20.000000
-16.000000
-32.000000
-52.000000
-24.000000
-52.000000
-40.000000
-88.000000
-60.000000
-60.000000
-32.000000
-36.000000
-40.000000
-56.000000
-44.000000
-40.000000
-48.000000
-28.000000
-36.000000
-48.000000
-36.000000
-44.000000
-44.000000
-36.000000
-36.000000
-48.000000
-52.000000
-68.000000
-36.000000
-48.000000
-20.000000
-28.000000
-16.000000
-8.000000
-40.000000
-20.000000
-36.000000
-48.000000
-28.000000
-12.000000
0.000000
-28.000000
-32.000000
-52.000000
-32.000000
-48.000000
-16.000000
-12.000000
-16.000000
-12.000000
-40.000000
-52.000000
-24.000000
-72.000000
-20.000000
-28.000000
-72.000000
-76.000000
-48.000000
-24.000000
-64.000000
-28.000000
-48.000000
-20.000000
-32.000000
0.000000
-28.000000
-56.000000
-32.000000
-32.000000
-36.000000
-36.000000
-32.000000
-44.000000
-28.000000
-24.000000
-40.000000
-56.000000
-56.000000
-36.000000
-32.000000
-44.000000
-36.000000
-36.000000
-36.000000
-16.000000
-28.000000
-48.000000
-28.000000
-44.000000
-44.000000
-48.000000
-48.000000
-40.000000
-32.000000
-44.000000
-32.000000
-24.000000
-44.000000
-68.000000
-44.000000
-88.000000
-48.000000
-80.000000
-8.000000
-68.000000
-32.000000
-24.000000
-36.000000
-48.000000
-12.000000
-28.000000
-16.000000
-8.000000
-12.000000
-36.000000
-28.000000
-12.000000
-36.000000
-28.000000
-8.000000
-44.000000
8.000000
-16.000000
-28.000000
-16.000000
-56.000000
-20.000000
-20.000000
-36.000000
-24.000000
-28.000000
-36.000000
-36.000000
-20.000000
-36.000000
-32.000000
-36.000000
-16.000000
-48.000000
-48.000000
-8.000000
-52.000000
-24.000000
-40.000000
-28.000000
-20.000000
-44.000000
-40.000000
-44.000000
-48.000000
-44.000000
-40.000000
-24.000000
-28.000000
-28.000000
-36.000000
8.000000
-44.000000
-24.000000
-20.000000
-56.000000
-32.000000
-32.000000
-28.000000
-40.000000
-24.000000
-52.000000
-32.000000
-36.000000
-48.000000
-52.000000
-44.000000
-64.000000
-64.000000
-60.000000
-76.000000
-64.000000
-40.000000
-56.000000
-32.000000
-76.000000
-68.000000
-48.000000
-48.000000
-32.000000
-24.000000
-56.000000
-52.000000
-80.000000
-52.000000
-88.000000
-64.000000
-64.000000
-72.000000
-60.000000
-64.000000
-80.000000
-64.000000
-64.000000
-32.000000
-32.000000
-40.000000
-32.000000
-36.000000
-24.000000
-68.000000
-36.000000
-36.000000
-72.000000
-28.000000
-28.000000
-44.000000
-64.000000
-60.000000
-56.000000
-76.000000
-72.000000
-80.000000
-48.000000
-88.000000
-80.000000
-72.000000
-44.000000
-80.000000
-60.000000
-36.000000
-52.000000
-64.000000
-96.000000
-64.000000
-52.000000
-44.000000
-16.000000
-44.000000
-76.000000
-76.000000
-52.000000
-52.000000
-32.000000
-52.000000
-72.000000
-32.000000
-72.000000
-48.000000
-52.000000
-36.000000
-32.000000
-32.000000
-40.000000
-20.000000
0.000000
-32.000000
-32.000000
-32.000000
-68.000000
-32.000000
-88.000000
-52.000000
-64.000000
-40.000000
-48.000000
-36.000000
-48.000000
-64.000000
-52.000000
-48.000000
-44.000000
-48.000000
-48.000000
-36.000000
-52.000000
-44.000000
-32.000000
-40.000000
-44.000000
-20.000000
-36.000000
-8.000000
-32.000000
-24.000000
-36.000000
-20.000000
-28.000000
-44.000000
-32.000000
-60.000000
-28.000000
-16.000000
-44.000000
-16.000000
-32.000000
-28.000000
-36.000000
-16.000000
-44.000000
-52.000000
-4.000000
0.000000
-40.000000
-52.000000
-56.000000
-52.000000
-40.000000
-96.000000
-68.000000
-52.000000
-48.000000
-52.000000
-48.000000
-44.000000
-52.000000
-24.000000
-12.000000
-40.000000
-32.000000
-48.000000
-40.000000
-48.000000
-28.000000
-24.000000
-44.000000
-16.000000
-56.000000
-24.000000
-20.000000
-12.000000
-56.000000
-44.000000
-36.000000
-4.000000
-40.000000
-24.000000
-32.000000
-32.000000
-52.000000
-28.000000
-40.000000
-36.000000
-28.000000
-20.000000
-24.000000
-48.000000
-40.000000
-28.000000
-48.000000
-44.000000
-44.000000
-44.000000
-68.000000
-88.000000
-52.000000
-68.000000
-68.000000
-28.000000
-48.000000
-52.000000
-24.000000
-48.000000
-8.000000
-16.000000
-24.000000
-20.000000
-8.000000
-8.000000
-4.000000
-8.000000
-8.000000
-36.000000
-40.000000
-20.000000
-32.000000
0.000000
-32.000000
-32.000000
-36.000000
-12.000000
-32.000000
-20.000000
-24.000000
-28.000000
-48.000000
-32.000000
-32.000000
-44.000000
-24.000000
-20.000000
-40.000000
-24.000000
-44.000000
-32.000000
-32.000000
-36.000000
-48.000000
-32.000000
-20.000000
-40.000000
-52.000000
-36.000000
-68.000000
-32.000000
-40.000000
-40.000000
-60.000000
-48.000000
-44.000000
-16.000000
-44.000000
-12.000000
-12.000000
-64.000000
-24.000000
-28.000000
-44.000000
-60.000000
-44.000000
-52.000000
-64.000000
-48.000000
-56.000000
-28.000000
-92.000000
-72.000000
-60.000000
-60.000000
-48.000000
-28.000000
-60.000000
-80.000000
-60.000000
-76.000000
-52.000000
-80.000000
-64.000000
-68.000000
-48.000000
-56.000000
-36.000000
-36.000000
-64.000000
-40.000000
-48.000000
-88.000000
-72.000000
-52.000000
-72.000000
-72.000000
-56.000000
-40.000000
-60.000000
-28.000000
-32.000000
-44.000000
-28.000000
-44.000000
-72.000000
-44.000000
-64.000000
-32.000000
-64.000000
-76.000000
-52.000000
-48.000000
-60.000000
-48.000000
-48.000000
-52.000000
-52.000000
-88.000000
-56.000000
-56.000000
-60.000000
-72.000000
-60.000000
-32.000000
-28.000000
-44.000000
-32.000000
-52.000000
-64.000000
-48.000000
-68.000000
-48.000000
-52.000000
-36.000000
-44.000000
-28.000000
-76.000000
-20.000000
-56.000000
-40.000000
-36.000000
-60.000000
-60.000000
-24.000000
-48.000000
-44.000000
-28.000000
-60.000000
-32.000000
-8.000000
-8.000000
-28.000000
-40.000000
-44.000000
-36.000000
-36.000000
-92.000000
-60.000000
-40.000000
-48.000000
-44.000000
-40.000000
-60.000000
-16.000000
-40.000000
-36.000000
-72.000000
-44.000000
-48.000000
-44.000000
-24.000000
-68.000000
-44.000000
-40.000000
-36.000000
-36.000000
-36.000000
-40.000000
-20.000000
-40.000000
-36.000000
-20.000000
-44.000000
-32.000000
-16.000000
-60.000000
-52.000000
-44.000000
-40.000000
0.000000
-16.000000
-16.000000
-52.000000
-68.000000
-32.000000
-44.000000
-40.000000
-36.000000
-60.000000
-36.000000
-56.000000
-100.000000
-80.000000
-48.000000
-52.000000
-52.000000
-64.000000
-36.000000
-72.000000
-28.000000
-44.000000
-56.000000
-52.000000
-48.000000
-28.000000
-20.000000
-28.000000
-24.000000
-36.000000
-32.000000
-28.000000
-36.000000
-36.000000
-60.000000
-24.000000
-48.000000
-36.000000
-44.000000
-24.000000
-20.000000
-76.000000
-48.000000
-36.000000
-28.000000
-60.000000
-52.000000
-56.000000
-72.000000
-16.000000
-20.000000
-64.000000
-32.000000
-40.000000
-36.000000
-12.000000
-44.000000
-56.000000
-24.000000
-76.000000
-68.000000
-60.000000
-48.000000
-52.000000
-60.000000
-28.000000
-32.000000
-24.000000
-32.000000
-52.000000
-36.000000
-12.000000
-36.000000
-24.000000
-12.000000
-48.000000
-8.000000
-32.000000
-32.000000
-32.000000
-8.000000
28.000000
-28.000000
-32.000000
-52.000000
-32.000000
-32.000000
-52.000000
-16.000000
-28.000000
-16.000000
-44.000000
-48.000000
-20.000000
-48.000000
-16.000000
-32.000000
-32.000000
-24.000000
-44.000000
-44.000000
-48.000000
-40.000000
-48.000000
-32.000000
-32.000000
-16.000000
-60.000000
-52.000000
-84.000000
-48.000000
-44.000000
-64.000000
-32.000000
-4.000000
-16.000000
-12.000000
-36.000000
-48.000000
-16.000000
-44.000000
-40.000000
-56.000000
-48.000000
-56.000000
-52.000000
-40.000000
-44.000000
-52.000000
-64.000000
-52.000000
-52.000000
-48.000000
-60.000000
-60.000000
-32.000000
-64.000000
-52.000000
-56.000000
-88.000000
-36.000000
-16.000000
-40.000000
-80.000000
-72.000000
-88.000000
-80.000000
-56.000000
-56.000000
-84.000000
-72.000000
-108.000000
-52.000000
-60.000000
-64.000000
-80.000000
-48.000000
-88.000000
-68.000000
-32.000000
-24.000000
-24.000000
-16.000000
-32.000000
-24.000000
-64.000000
-60.000000
-40.000000
-68.000000
-76.000000
-48.000000
-80.000000
-40.000000
-60.000000
-28.000000
-56.000000
-44.000000
-76.000000
-48.000000
-56.000000
-44.000000
-48.000000
-84.000000
-68.000000
-48.000000
-44.000000
-76.000000
-80.000000
-60.000000
-12.000000
-64.000000
-72.000000
-36.000000
-64.000000
-32.000000
-60.000000
-40.000000
-64.000000
-36.000000
-68.000000
-36.000000
-44.000000
-28.000000
-56.000000
-56.000000
-32.000000
-48.000000
-40.000000
-32.000000
-20.000000
-24.000000
-32.000000
-52.000000
-20.000000
-44.000000
-64.000000
-72.000000
-80.000000
-64.000000
-52.000000
-20.000000
-60.000000
-52.000000
-32.000000
-36.000000
-32.000000
-24.000000
-28.000000
-36.000000
-28.000000
-64.000000
-24.000000
-44.000000
-32.000000
-40.000000
-28.000000
-24.000000
-52.000000
-32.000000
-44.000000
-24.000000
-20.000000
-40.000000
-24.000000
-36.000000
-36.000000
-48.000000
-12.000000
-48.000000
-48.000000
-16.000000
-52.000000
-48.000000
-16.000000
-44.000000
-36.000000
-28.000000
-60.000000
-36.000000
-36.000000
-56.000000
-48.000000
-36.000000
-52.000000
-52.000000
-44.000000
-48.000000
-56.000000
-24.000000
-36.000000
-36.000000
-40.000000
-68.000000
-20.000000
-36.000000
-20.000000
-28.000000
-44.000000
-28.000000
-52.000000
-20.000000
-28.000000
-52.000000
-16.000000
-28.000000
-32.000000
-32.000000
-32.000000
-52.000000
-32.000000
-32.000000
-36.000000
-40.000000
-24.000000
-28.000000
-24.000000
-28.000000
-56.000000
-60.000000
-44.000000
-44.000000
-36.000000
-32.000000
-60.000000
-36.000000
-40.000000
-64.000000
-56.000000
-64.000000
-80.000000
-88.000000
-80.000000
-76.000000
-48.000000
-36.000000
-40.000000
-24.000000
-44.000000
-36.000000
-12.000000
-48.000000
-24.000000
-60.000000
4.000000
-40.000000
-16.000000
-24.000000
0.000000
-20.000000
-20.000000
-36.000000
0.000000
-24.000000
-24.000000
-8.000000
-36.000000
-32.000000
-32.000000
-44.000000
-20.000000
-32.000000
-52.000000
-40.000000
-36.000000
-36.000000
-40.000000
-24.000000
-48.000000
-36.000000
-32.000000
-48.000000
-24.000000
-32.000000
-64.000000
-40.000000
-44.000000
-40.000000
-36.000000
-44.000000
-40.000000
-48.000000
-36.000000
-36.000000
-36.000000
-20.000000
-36.000000
-44.000000
-28.000000
-44.000000
-28.000000
-32.000000
-32.000000
-40.000000
-40.000000
-32.000000
-76.000000
-28.000000
-28.000000
-72.000000
-64.000000
-40.000000
-48.000000
-76.000000
-40.000000
-72.000000
-60.000000
-48.000000
-40.000000
-56.000000
-44.000000
-52.000000
-76.000000
-68.000000
-72.000000
-56.000000
-44.000000
-96.000000
-40.000000
-52.000000
-40.000000
-68.000000
-64.000000
-64.000000
-36.000000
-64.000000
-72.000000
-60.000000
-64.000000
-60.000000
-28.000000
-44.000000
-8.000000
-28.000000
-28.000000
-44.000000
-64.000000
-52.000000
-64.000000
-36.000000
-64.000000
-52.000000
-88.000000
-68.000000
-56.000000
-40.000000
-28.000000
-32.000000
-60.000000
-64.000000
-56.000000
-36.000000
-76.000000
-60.000000
-72.000000
-28.000000
-20.000000
-92.000000
-48.000000
-60.000000
-56.000000
-64.000000
-40.000000
-60.000000
-64.000000
-64.000000
-72.000000
-36.000000
-48.000000
-64.000000
-44.000000
-48.000000
-60.000000
-32.000000
-44.000000
-48.000000
-44.000000
-28.000000
-60.000000
-24.000000
-16.000000
-28.000000
-40.000000
-12.000000
-32.000000
-32.000000
-44.000000
-40.000000
-60.000000
-16.000000
-72.000000
-28.000000
-52.000000
-32.000000
-52.000000
-36.000000
-56.000000
-28.000000
-32.000000
-20.000000
-20.000000
-44.000000
-52.000000
-44.000000
-44.000000
-40.000000
-20.000000
-40.000000
-28.000000
-44.000000
-32.000000
-40.000000
-36.000000
-52.000000
-48.000000
-8.000000
-16.000000
-32.000000
-44.000000
-24.000000
-40.000000
-48.000000
-36.000000
-40.000000
-8.000000
-32.000000
-16.000000
-16.000000
-36.000000
-16.000000
-40.000000
-36.000000
-36.000000
-80.000000
-76.000000
-8.000000
-44.000000
-44.000000
-12.000000
-52.000000
-52.000000
-36.000000
-28.000000
-64.000000
-24.000000
-32.000000
-28.000000
-20.000000
-44.000000
-40.000000
-52.000000
-32.000000
-16.000000
-32.000000
-28.000000
-32.000000
0.000000
-20.000000
-24.000000
-36.000000
-52.000000
-32.000000
-24.000000
-28.000000
-32.000000
-12.000000
-20.000000
-48.000000
-20.000000
-56.000000
-44.000000
-40.000000
-44.000000
-32.000000
-32.000000
-36.000000
-56.000000
-32.000000
-24.000000
-48.000000
-76.000000
-84.000000
-64.000000
-44.000000
-44.000000
-28.000000
-40.000000
-40.000000
-24.000000
-32.000000
-12.000000
-8.000000
-12.000000
0.000000
-24.000000
-20.000000
4.000000
-12.000000
-20.000000
-36.000000
-40.000000
-20.000000
0.000000
-36.000000
-28.000000
-24.000000
-32.000000
-36.000000
-44.000000
-36.000000
-48.000000
-28.000000
-36.000000
-20.000000
-20.000000
-28.000000
-24.000000
-8.000000
-16.000000
-36.000000
-40.000000
-36.000000
-28.000000
-28.000000
-24.000000
-20.000000
-52.000000
-36.000000
-52.000000
-40.000000
-40.000000
-44.000000
-40.000000
-16.000000
-24.000000
-32.000000
-12.000000
-16.000000
-16.000000
-16.000000
-28.000000
-32.000000
-48.000000
-48.000000
-32.000000
-64.000000
-32.000000
-48.000000
-72.000000
-56.000000
-32.000000
-60.000000
-44.000000
-60.000000
-56.000000
-64.000000
-36.000000
-32.000000
-60.000000
-48.000000
-80.000000
-48.000000
-76.000000
-68.000000
-20.000000
-56.000000
-52.000000
-48.000000
-84.000000
-68.000000
-76.000000
-48.000000
-60.000000
-60.000000
-40.000000
-56.000000
-52.000000
-48.000000
-76.000000
-60.000000
-52.000000
-24.000000
-28.000000
-32.000000
-24.000000
-52.000000
-60.000000
-12.000000
-56.000000
-68.000000
-40.000000
-56.000000
-60.000000
-76.000000
-44.000000
-56.000000
-48.000000
-68.000000
-52.000000
-60.000000
-56.000000
-20.000000
-40.000000
-28.000000
-52.000000
-52.000000
-40.000000
-40.000000
-60.000000
-60.000000
-48.000000
-60.000000
-40.000000
-56.000000
-44.000000
-64.000000
-28.000000
-64.000000
-40.000000
-64.000000
-28.000000
-44.000000
-48.000000
-32.000000
-24.000000
-40.000000
-52.000000
-32.000000
-44.000000
-28.000000
-16.000000
-4.000000
-28.000000
-56.000000
-20.000000
-36.000000
-56.000000
-44.000000
-28.000000
-68.000000
-36.000000
-56.000000
-28.000000
-36.000000
-48.000000
-52.000000
-36.000000
-60.000000
-40.000000
-36.000000
-36.000000
-40.000000
-28.000000
-52.000000
-48.000000
-60.000000
-40.000000
-32.000000
-36.000000
-28.000000
-32.000000
-20.000000
-36.000000
-44.000000
-16.000000
-20.000000
-32.000000
-36.000000
-44.000000
0.000000
-40.000000
-28.000000
-24.000000
-20.000000
-36.000000
-28.000000
-48.000000
-36.000000
-32.000000
-24.000000
-24.000000
-20.000000
-88.000000
-44.000000
-64.000000
-52.000000
-52.000000
-60.000000
-36.000000
-64.000000
-40.000000
-48.000000
-40.000000
-52.000000
-32.000000
-36.000000
-24.000000
-44.000000
-48.000000
-28.000000
-16.000000
-44.000000
-20.000000
-44.000000
-44.000000
-24.000000
-44.000000
-36.000000
-32.000000
-36.000000
-32.000000
-40.000000
-20.000000
-44.000000
-44.000000
-28.000000
-24.000000
-52.000000
-16.000000
-32.000000
-28.000000
-8.000000
-48.000000
-44.000000
-48.000000
-32.000000
-36.000000
-16.000000
-28.000000
-48.000000
-56.000000
-60.000000
-56.000000
-80.000000
-64.000000
-32.000000
-44.000000
-20.000000
-8.000000
-16.000000
0.000000
-64.000000
-32.000000
-16.000000
-20.000000
-16.000000
-40.000000
-8.000000
-16.000000
-20.000000
-20.000000
-16.000000
-28.000000
-8.000000
-16.000000
-36.000000
-24.000000
-24.000000
-16.000000
0.000000
-40.000000
-28.000000
-28.000000
-24.000000
-48.000000
-52.000000
-48.000000
-48.000000
-16.000000
-40.000000
-48.000000
-28.000000
-36.000000
-44.000000
-24.000000
-40.000000
-20.000000
-40.000000
-52.000000
-48.000000
-48.000000
-36.000000
-20.000000
-32.000000
-36.000000
-28.000000
-32.000000
-4.000000
-28.000000
-36.000000
-44.000000
-40.000000
-32.000000
-24.000000
-56.000000
-36.000000
-36.000000
-68.000000
-32.000000
-80.000000
-72.000000
-48.000000
-44.000000
-56.000000
-56.000000
-44.000000
-60.000000
-88.000000
-48.000000
-64.000000
-52.000000
-60.000000
-64.000000
-72.000000
-68.000000
-68.000000
-84.000000
-52.000000
-96.000000
-52.000000
-48.000000
-80.000000
-56.000000
-80.000000
-60.000000
-72.000000
-76.000000
-64.000000
-88.000000
-52.000000
-48.000000
-32.000000
12.000000
-40.000000
-44.000000
-28.000000
-44.000000
-60.000000
-76.000000
-52.000000
-80.000000
-60.000000
-36.000000
-60.000000
-56.000000
-56.000000
-80.000000
-64.000000
-60.000000
-68.000000
-44.000000
-64.000000
-32.000000
-64.000000
-48.000000
-48.000000
-44.000000
-48.000000
-68.000000
-36.000000
-28.000000
-56.000000
-40.000000
-40.000000
-44.000000
-64.000000
-24.000000
-68.000000
-24.000000
-52.000000
-68.000000
-28.000000
-28.000000
-28.000000
-20.000000
-44.000000
-40.000000
-60.000000
-48.000000
-8.000000
-12.000000
-8.000000
-16.000000
-32.000000
-44.000000
-32.000000
-44.000000
-56.000000
-32.000000
-52.000000
-44.000000
-24.000000
-56.000000
-48.000000
-32.000000
-60.000000
-40.000000
-48.000000
-36.000000
-36.000000
-24.000000
-32.000000
-40.000000
-32.000000
-16.000000
-20.000000
-36.000000
-24.000000
-36.000000
-28.000000
-24.000000
-52.000000
-44.000000
-40.000000
-16.000000
-24.000000
-32.000000
4.000000
-32.000000
-28.000000
-24.000000
-16.000000
-44.000000
-40.000000
-12.000000
-16.000000
-36.000000
-44.000000
-16.000000
-32.000000
-32.000000
-44.000000
-72.000000
-76.000000
-76.000000
-48.000000
-68.000000
-56.000000
-32.000000
-16.000000
-64.000000
-16.000000
-28.000000
-32.000000
-40.000000
-40.000000
-20.000000
-32.000000
-28.000000
-32.000000
-28.000000
-20.000000
-16.000000
-20.000000
-12.000000
-32.000000
-32.000000
-32.000000
-56.000000
-48.000000
-16.000000
-20.000000
-52.000000
-36.000000
-52.000000
-8.000000
-40.000000
-36.000000
-32.000000
-44.000000
-28.000000
-48.000000
-40.000000
-48.000000
-24.000000
-32.000000
-48.000000
-28.000000
-40.000000
-48.000000
-56.000000
-76.000000
-64.000000
-36.000000
-56.000000
-32.000000
-60.000000
-32.000000
-40.000000
-12.000000
-28.000000
-12.000000
-8.000000
-24.000000
12.000000
-12.000000
-16.000000
-12.000000
-28.000000
-12.000000
-16.000000
-28.000000
-8.000000
-12.000000
0.000000
-28.000000
-8.000000
-16.000000
-40.000000
-16.000000
-28.000000
-28.000000
-24.000000
-24.000000
-28.000000
-40.000000
-24.000000
-36.000000
-12.000000
-16.000000
-24.000000
0.000000
-24.000000
-32.000000
-24.000000
-40.000000
-20.000000
-20.000000
-24.000000
-44.000000
-44.000000
-64.000000
-16.000000
-36.000000
-40.000000
-32.000000
-32.000000
-12.000000
-16.000000
-12.000000
-60.000000
0.000000
-48.000000
-36.000000
-24.000000
-48.000000
-52.000000
-52.000000
-48.000000
-68.000000
-64.000000
-28.000000
-48.000000
-72.000000
-68.000000
-44.000000
-64.000000
-76.000000
-40.000000
-52.000000
-80.000000
-56.000000
-52.000000
-64.000000
-80.000000
-88.000000
-76.000000
-52.000000
-40.000000
-48.000000
-48.000000
-48.000000
-76.000000
-48.000000
-56.000000
-64.000000
-56.000000
-72.000000
-72.000000
-56.000000
-48.000000
-36.000000
-20.000000
-48.000000
-12.000000
-36.000000
-36.000000
-44.000000
-68.000000
-60.000000
-60.000000
-64.000000
-36.000000
-68.000000
-16.000000
-68.000000
-64.000000
-68.000000
-60.000000
-68.000000
-44.000000
-52.000000
-56.000000
-72.000000
-48.000000
-24.000000
-8.000000
-76.000000
-52.000000
-20.000000
-60.000000
-56.000000
-60.000000
-20.000000
-52.000000
-44.000000
-44.000000
-32.000000
-44.000000
-28.000000
-32.000000
-12.000000
-68.000000
-36.000000
-48.000000
-44.000000
-32.000000
-28.000000
-20.000000
-36.000000
4.000000
-8.000000
-8.000000
-12.000000
-20.000000
-32.000000
-52.000000
-20.000000
-72.000000
-40.000000
-44.000000
-36.000000
-20.000000
-44.000000
-24.000000
-36.000000
-40.000000
-40.000000
-52.000000
-40.000000
-12.000000
-24.000000
-24.000000
-32.000000
-32.000000
-20.000000
-36.000000
8.000000
-12.000000
-32.000000
-28.000000
-40.000000
0.000000
-24.000000
16.000000
-4.000000
-44.000000
-52.000000
-32.000000
-40.000000
-40.000000
-28.000000
-4.000000
-12.000000
-12.000000
-20.000000
-8.000000
-20.000000
-20.000000
-12.000000
-16.000000
-60.000000
-48.000000
-60.000000
-44.000000
-48.000000
-52.000000
-44.000000
-52.000000
-48.000000
-48.000000
-32.000000
-28.000000
-36.000000
-28.000000
-36.000000
-28.000000
-28.000000
-32.000000
-28.000000
-12.000000
-28.000000
-20.000000
-28.000000
-16.000000
-20.000000
-32.000000
-32.000000
-16.000000
-28.000000
-40.000000
-24.000000
-44.000000
-48.000000
-20.000000
-24.000000
-60.000000
8.000000
-44.000000
-16.000000
-48.000000
-32.000000
-24.000000
-28.000000
-28.000000
-24.000000
-40.000000
-44.000000
-32.000000
-36.000000
-48.000000
-48.000000
-76.000000
-44.000000
-56.000000
-52.000000
-40.000000
-24.000000
-8.000000
-20.000000
-20.000000
-4.000000
-20.000000
-24.000000
12.000000
0.000000
-12.000000
-16.000000
-20.000000
-32.000000
-12.000000
-32.000000
-32.000000
8.000000
-60.000000
-20.000000
-20.000000
-28.000000
-8.000000
-32.000000
-16.000000
-24.000000
-20.000000
-56.000000
-12.000000
-24.000000
-32.000000
-40.000000
-40.000000
-48.000000
-12.000000
-48.000000
-48.000000
-44.000000
-48.000000
-40.000000
-32.000000
-44.000000
-44.000000
-24.000000
-40.000000
-44.000000
-36.000000
-36.000000
-48.000000
-36.000000
-28.000000
16.000000
-20.000000
-8.000000
-24.000000
-52.000000
-12.000000
-48.000000
-32.000000
-56.000000
-56.000000
-36.000000
-48.000000
-56.000000
-44.000000
-44.000000
-56.000000
-84.000000
-72.000000
-44.000000
-84.000000
-36.000000
-32.000000
-40.000000
