480.000000
744.000000
1016.000000
1160.000000
1284.000000
1356.000000
1260.000000
1120.000000
832.000000
496.000000
76.000000
-400.000000
-896.000000
-1332.000000
-1736.000000
-2036.000000
-2212.000000
-2232.000000
-2116.000000
-1868.000000
-1460.000000
-960.000000
-376.000000
220.000000
788.000000
1300.000000
1736.000000
2036.000000
2164.000000
2192.000000
2036.000000
1748.000000
1412.000000
920.000000
468.000000
-36.000000
-468.000000
-872.000000
-1136.000000
-1328.000000
-1404.000000
-1408.000000
-1280.000000
-1108.000000
-864.000000
-636.000000
-356.000000
-172.000000
-44.000000
-28.000000
-32.000000
-36.000000
-32.000000
-52.000000
-36.000000
-32.000000
-52.000000
-36.000000
-28.000000
-32.000000
-36.000000
-20.000000
-16.000000
-60.000000
-36.000000
-48.000000
-16.000000
-48.000000
-36.000000
-44.000000
-52.000000
-48.000000
-60.000000
0.000000
-40.000000
-48.000000
-36.000000
-44.000000
-40.000000
-56.000000
-76.000000
-48.000000
-56.000000
-80.000000
-44.000000
-40.000000
-76.000000
-52.000000
-32.000000
-96.000000
-56.000000
-32.000000
-68.000000
-80.000000
-76.000000
-88.000000
-24.000000
-84.000000
-32.000000
-64.000000
-80.000000
-60.000000
-60.000000
-88.000000
0.000000
-28.000000
-20.000000
-4.000000
-32.000000
-36.000000
-64.000000
-40.000000
-52.000000
-72.000000
-52.000000
-48.000000
-40.000000
-68.000000
-16.000000
-56.000000
-68.000000
-52.000000
-64.000000
-40.000000
-40.000000
-96.000000
-48.000000
-44.000000
-24.000000
-60.000000
-28.000000
-28.000000
-40.000000
-84.000000
-48.000000
-40.000000
-60.000000
-36.000000
-52.000000
-20.000000
-56.000000
-32.000000
-48.000000
-32.000000
-80.000000
-40.000000
-32.000000
-48.000000
-36.000000
-52.000000
-40.000000
-48.000000
-32.000000
-12.000000
-16.000000
-20.000000
-28.000000
-24.000000
-36.000000
-28.000000
-36.000000
-24.000000
-60.000000
-64.000000
-64.000000
-52.000000
-40.000000
-40.000000
-32.000000
-44.000000
-36.000000
-40.000000
-20.000000
-36.000000
-24.000000
-36.000000
-28.000000
-32.000000
-32.000000
-44.000000
-52.000000
-24.000000
-48.000000
-44.000000
-40.000000
-16.000000
-48.000000
-48.000000
-32.000000
-4.000000
-28.000000
-16.000000
-28.000000
-16.000000
-16.000000
-36.000000
-40.000000
-28.000000
-16.000000
-48.000000
-28.000000
-48.000000
-28.000000
-4.000000
-20.000000
-64.000000
-44.000000
-68.000000
-72.000000
-36.000000
-64.000000
-72.000000
-52.000000
-44.000000
-44.000000
-40.000000
-24.000000
-36.000000
-40.000000
-28.000000
-24.000000
-8.000000
-16.000000
-32.000000
-4.000000
-20.000000
-40.000000
-24.000000
-32.000000
-16.000000
-20.000000
-44.000000
-28.000000
-20.000000
-20.000000
-20.000000
-28.000000
-28.000000
-32.000000
-32.000000
-40.000000
-44.000000
-36.000000
-48.000000
-24.000000
-56.000000
-24.000000
-36.000000
-28.000000
-24.000000
-36.000000
-40.000000
-52.000000
-52.000000
-28.000000
-68.000000
-60.000000
-52.000000
-60.000000
-16.000000
-44.000000
-32.000000
-52.000000
-20.000000
-36.000000
-12.000000
-20.000000
-32.000000
-44.000000
-48.000000
-44.000000
-16.000000
-24.000000
-16.000000
-8.000000
-20.000000
-28.000000
-12.000000
-20.000000
-32.000000
-16.000000
-16.000000
-48.000000
-40.000000
-48.000000
-48.000000
-12.000000
-44.000000
-40.000000
-48.000000
-64.000000
-40.000000
-40.000000
-32.000000
-48.000000
-36.000000
-44.000000
-32.000000
-36.000000
-56.000000
-36.000000
-12.000000
-60.000000
-52.000000
-60.000000
-36.000000
-40.000000
-16.000000
-52.000000
-56.000000
-44.000000
-36.000000
-24.000000
-32.000000
-56.000000
-16.000000
-64.000000
-16.000000
-60.000000
-28.000000
-52.000000
-40.000000
-56.000000
-28.000000
-44.000000
-72.000000
-76.000000
-52.000000
-56.000000
-76.000000
-40.000000
-68.000000
-68.000000
-40.000000
-64.000000
-80.000000
-48.000000
-88.000000
-88.000000
-72.000000
-76.000000
-72.000000
-68.000000
-76.000000
-48.000000
-60.000000
-68.000000
-68.000000
-56.000000
-76.000000
-96.000000
-48.000000
-56.000000
-48.000000
-24.000000
-48.000000
-16.000000
-24.000000
-52.000000
-40.000000
-48.000000
-48.000000
-52.000000
-28.000000
-52.000000
-64.000000
-28.000000
-32.000000
-60.000000
-48.000000
-52.000000
-52.000000
-80.000000
-64.000000
-48.000000
-68.000000
-60.000000
-76.000000
-44.000000
-40.000000
-52.000000
-72.000000
-36.000000
-36.000000
-24.000000
-52.000000
-48.000000
-60.000000
-44.000000
-48.000000
-40.000000
-76.000000
-40.000000
-16.000000
-68.000000
-28.000000
-44.000000
-16.000000
-40.000000
-40.000000
-72.000000
-20.000000
-48.000000
-44.000000
-16.000000
-12.000000
-28.000000
-12.000000
-56.000000
-28.000000
-52.000000
-28.000000
-60.000000
-60.000000
-60.000000
-52.000000
-64.000000
-48.000000
-48.000000
-28.000000
-52.000000
-52.000000
-40.000000
-64.000000
-32.000000
-48.000000
-40.000000
-36.000000
-44.000000
-40.000000
-24.000000
-24.000000
-16.000000
-32.000000
-24.000000
-44.000000
-28.000000
-16.000000
-40.000000
-24.000000
-24.000000
-56.000000
-40.000000
-48.000000
-36.000000
-36.000000
-32.000000
-28.000000
-24.000000
-8.000000
-44.000000
-72.000000
-40.000000
-24.000000
-16.000000
-48.000000
-52.000000
-52.000000
-60.000000
-56.000000
-32.000000
-76.000000
-36.000000
-48.000000
-48.000000
-48.000000
-40.000000
-36.000000
-28.000000
-32.000000
-44.000000
-28.000000
-28.000000
-36.000000
-36.000000
-52.000000
-12.000000
-28.000000
-12.000000
-24.000000
-44.000000
-40.000000
-32.000000
-24.000000
-52.000000
-36.000000
-24.000000
-24.000000
-20.000000
-20.000000
-60.000000
-16.000000
-28.000000
-52.000000
-44.000000
-36.000000
-44.000000
-40.000000
-24.000000
-36.000000
-32.000000
-36.000000
-52.000000
-52.000000
-48.000000
-92.000000
-48.000000
-64.000000
-20.000000
-20.000000
-20.000000
-32.000000
-8.000000
-16.000000
-36.000000
-28.000000
-32.000000
-8.000000
-24.000000
12.000000
-20.000000
-8.000000
-8.000000
-28.000000
-28.000000
-12.000000
-36.000000
-8.000000
-44.000000
0.000000
-24.000000
-20.000000
-36.000000
-20.000000
-8.000000
-40.000000
-28.000000
-28.000000
-24.000000
-48.000000
-36.000000
-16.000000
-24.000000
-24.000000
-28.000000
-40.000000
-32.000000
-52.000000
-40.000000
-32.000000
-52.000000
-32.000000
-48.000000
-52.000000
-24.000000
-56.000000
-40.000000
-24.000000
-28.000000
-16.000000
-32.000000
-48.000000
-28.000000
-36.000000
-32.000000
-44.000000
-32.000000
-36.000000
-48.000000
-44.000000
-48.000000
-36.000000
-68.000000
-52.000000
-52.000000
-64.000000
-76.000000
-72.000000
-72.000000
-76.000000
-72.000000
-76.000000
-76.000000
-28.000000
-16.000000
-36.000000
-52.000000
-72.000000
-56.000000
-60.000000
-64.000000
-32.000000
-88.000000
-36.000000
-64.000000
-68.000000
-64.000000
-92.000000
-52.000000
-52.000000
-88.000000
-68.000000
-84.000000
-60.000000
-40.000000
-16.000000
-32.000000
-52.000000
-4.000000
-40.000000
-68.000000
-48.000000
-64.000000
-48.000000
-28.000000
-44.000000
-56.000000
-44.000000
-80.000000
-60.000000
-32.000000
-60.000000
-12.000000
-68.000000
-80.000000
-60.000000
-44.000000
-72.000000
-20.000000
-36.000000
-56.000000
-56.000000
-52.000000
-56.000000
-64.000000
-8.000000
-48.000000
-40.000000
-64.000000
-48.000000
-76.000000
-20.000000
-36.000000
-48.000000
-28.000000
-44.000000
-24.000000
-20.000000
-32.000000
-60.000000
-24.000000
-64.000000
-28.000000
-24.000000
8.000000
-40.000000
-24.000000
-12.000000
-32.000000
-28.000000
-28.000000
-36.000000
-48.000000
0.000000
-44.000000
-56.000000
-44.000000
-64.000000
-24.000000
-48.000000
-16.000000
-44.000000
-28.000000
-36.000000
-60.000000
-52.000000
-48.000000
-44.000000
-36.000000
-16.000000
-64.000000
-32.000000
-12.000000
-16.000000
-36.000000
-36.000000
-48.000000
-40.000000
-36.000000
-12.000000
-52.000000
-28.000000
-48.000000
-28.000000
-44.000000
-16.000000
-20.000000
-52.000000
-24.000000
-40.000000
-16.000000
-48.000000
-20.000000
-32.000000
-24.000000
-32.000000
-72.000000
-76.000000
-64.000000
-92.000000
-44.000000
-52.000000
-80.000000
-56.000000
-52.000000
-52.000000
-32.000000
-48.000000
-32.000000
-32.000000
-40.000000
-40.000000
-36.000000
-36.000000
-44.000000
-44.000000
-64.000000
-40.000000
-28.000000
-36.000000
-52.000000
-56.000000
-28.000000
-28.000000
-48.000000
-48.000000
-64.000000
-28.000000
-40.000000
-72.000000
-32.000000
-44.000000
-16.000000
-20.000000
-40.000000
-48.000000
-40.000000
-44.000000
-48.000000
-40.000000
-24.000000
-68.000000
-4.000000
-68.000000
-36.000000
-60.000000
-48.000000
-52.000000
-80.000000
-60.000000
-36.000000
-48.000000
-12.000000
0.000000
-24.000000
-36.000000
4.000000
-32.000000
-32.000000
-16.000000
-44.000000
-12.000000
-56.000000
-4.000000
-44.000000
-12.000000
-24.000000
-32.000000
-20.000000
-44.000000
-20.000000
-36.000000
-40.000000
-20.000000
-48.000000
-8.000000
-44.000000
-28.000000
-44.000000
-44.000000
-48.000000
-32.000000
-44.000000
-40.000000
-48.000000
-52.000000
-52.000000
-44.000000
-44.000000
-24.000000
-36.000000
-28.000000
-16.000000
-24.000000
-44.000000
-40.000000
-48.000000
-36.000000
-32.000000
-40.000000
-44.000000
-12.000000
-40.000000
-28.000000
-24.000000
-20.000000
-40.000000
-36.000000
-36.000000
-28.000000
-64.000000
-60.000000
-56.000000
-56.000000
-52.000000
-56.000000
-76.000000
-48.000000
-64.000000
-28.000000
-60.000000
-48.000000
-84.000000
-72.000000
-80.000000
-60.000000
-68.000000
-68.000000
-40.000000
-80.000000
-44.000000
-60.000000
-80.000000
-56.000000
-84.000000
-76.000000
-52.000000
-48.000000
-64.000000
-48.000000
-60.000000
-48.000000
-72.000000
-56.000000
-44.000000
-32.000000
-36.000000
-16.000000
-44.000000
-36.000000
-44.000000
-56.000000
-52.000000
-36.000000
-44.000000
-32.000000
-64.000000
-64.000000
-44.000000
-52.000000
-68.000000
-88.000000
-76.000000
-68.000000
-52.000000
-80.000000
-56.000000
-40.000000
-84.000000
-28.000000
-32.000000
-52.000000
-40.000000
-72.000000
-36.000000
-80.000000
-48.000000
-48.000000
-48.000000
-44.000000
-52.000000
-52.000000
-52.000000
-32.000000
-84.000000
-52.000000
-68.000000
-40.000000
-32.000000
-52.000000
-44.000000
-60.000000
-40.000000
-36.000000
16.000000
-4.000000
-52.000000
4.000000
-48.000000
-40.000000
-32.000000
-72.000000
-52.000000
-64.000000
-64.000000
-44.000000
-32.000000
-64.000000
-40.000000
-40.000000
-52.000000
-36.000000
-48.000000
-44.000000
-16.000000
-40.000000
-28.000000
-44.000000
-36.000000
-44.000000
-36.000000
-36.000000
-52.000000
-36.000000
-32.000000
-32.000000
-32.000000
-40.000000
-40.000000
-24.000000
-44.000000
-48.000000
-40.000000
-52.000000
-12.000000
-12.000000
4.000000
-28.000000
-20.000000
-40.000000
-12.000000
-44.000000
-16.000000
-24.000000
-36.000000
-32.000000
-44.000000
-64.000000
-52.000000
-68.000000
-92.000000
-92.000000
-48.000000
-64.000000
-48.000000
-56.000000
-60.000000
-44.000000
-68.000000
-28.000000
-40.000000
-40.000000
-52.000000
-44.000000
-32.000000
-52.000000
-52.000000
-52.000000
-48.000000
-48.000000
-24.000000
-36.000000
-36.000000
-12.000000
-40.000000
-40.000000
-44.000000
-48.000000
-40.000000
-52.000000
-16.000000
-44.000000
-24.000000
-44.000000
-48.000000
-48.000000
-32.000000
-28.000000
-28.000000
-32.000000
-60.000000
-44.000000
-48.000000
-68.000000
-48.000000
-64.000000
-72.000000
-88.000000
-48.000000
-64.000000
-48.000000
-16.000000
-28.000000
-16.000000
-44.000000
-20.000000
-28.000000
-36.000000
-4.000000
-52.000000
-16.000000
-48.000000
-24.000000
-40.000000
-24.000000
-28.000000
-16.000000
-28.000000
-36.000000
-24.000000
-32.000000
-20.000000
-28.000000
-12.000000
-44.000000
-28.000000
-44.000000
-36.000000
-32.000000
-52.000000
-32.000000
-48.000000
-32.000000
-44.000000
-40.000000
-52.000000
-28.000000
-48.000000
-40.000000
-32.000000
-40.000000
-48.000000
-60.000000
-60.000000
-60.000000
-52.000000
-44.000000
-52.000000
-40.000000
-12.000000
-60.000000
-44.000000
-28.000000
-12.000000
-32.000000
-36.000000
-36.000000
-24.000000
-56.000000
-40.000000
-44.000000
-52.000000
-52.000000
-28.000000
-72.000000
-44.000000
-68.000000
-72.000000
-60.000000
-56.000000
-48.000000
-56.000000
-72.000000
-64.000000
-52.000000
-80.000000
-64.000000
-88.000000
-88.000000
-76.000000
-60.000000
-56.000000
-60.000000
-80.000000
-88.000000
-72.000000
-72.000000
-76.000000
-72.000000
-80.000000
-64.000000
-64.000000
-72.000000
-60.000000
-40.000000
-40.000000
-12.000000
-56.000000
-52.000000
-32.000000
-68.000000
-32.000000
-60.000000
-60.000000
-84.000000
-40.000000
-64.000000
-64.000000
-52.000000
-48.000000
-64.000000
-48.000000
-44.000000
-56.000000
-76.000000
-52.000000
-80.000000
-76.000000
-28.000000
-68.000000
-48.000000
-48.000000
-64.000000
-32.000000
-52.000000
-80.000000
-28.000000
-64.000000
-40.000000
-64.000000
-32.000000
-56.000000
-36.000000
-36.000000
-52.000000
-48.000000
-40.000000
-40.000000
-60.000000
-56.000000
-48.000000
-60.000000
-20.000000
-44.000000
-16.000000
-24.000000
-16.000000
-48.000000
-32.000000
-52.000000
-40.000000
-48.000000
-60.000000
-64.000000
-76.000000
-56.000000
-48.000000
-44.000000
-40.000000
-52.000000
-40.000000
-40.000000
-28.000000
-36.000000
-36.000000
-52.000000
-40.000000
-16.000000
-48.000000
-28.000000
-28.000000
-36.000000
-32.000000
-24.000000
-20.000000
-16.000000
-28.000000
-44.000000
-20.000000
-48.000000
-32.000000
-28.000000
-32.000000
-16.000000
-32.000000
-56.000000
-32.000000
-16.000000
-44.000000
-32.000000
-20.000000
-8.000000
-36.000000
-24.000000
-52.000000
-44.000000
-52.000000
-64.000000
-24.000000
-44.000000
-64.000000
-64.000000
-80.000000
-24.000000
-72.000000
-44.000000
-48.000000
-64.000000
-12.000000
-16.000000
-40.000000
-40.000000
-44.000000
-52.000000
-40.000000
-40.000000
-52.000000
-28.000000
-48.000000
-12.000000
-28.000000
-44.000000
-16.000000
-36.000000
-24.000000
-16.000000
-20.000000
-56.000000
-24.000000
-44.000000
-40.000000
-24.000000
-52.000000
-16.000000
-32.000000
-40.000000
-36.000000
-52.000000
-60.000000
-40.000000
-40.000000
-28.000000
-64.000000
-48.000000
-84.000000
-104.000000
-92.000000
-28.000000
-68.000000
-36.000000
-48.000000
-28.000000
0.000000
-24.000000
-8.000000
-24.000000
-28.000000
-16.000000
-8.000000
4.000000
-12.000000
-24.000000
-36.000000
-24.000000
-32.000000
-28.000000
-32.000000
-24.000000
-16.000000
-48.000000
0.000000
-28.000000
-16.000000
-16.000000
-24.000000
-36.000000
-36.000000
-36.000000
-28.000000
-16.000000
-44.000000
-36.000000
-40.000000
-36.000000
0.000000
-48.000000
-24.000000
-64.000000
-52.000000
-32.000000
-44.000000
-52.000000
-44.000000
-28.000000
-28.000000
-48.000000
-32.000000
-60.000000
-64.000000
-28.000000
-12.000000
-32.000000
-16.000000
-32.000000
-32.000000
-28.000000
-40.000000
-44.000000
-48.000000
-32.000000
-40.000000
-60.000000
-36.000000
-48.000000
-60.000000
-76.000000
-68.000000
-52.000000
-52.000000
-56.000000
-96.000000
-88.000000
-88.000000
-72.000000
-68.000000
-84.000000
-76.000000
-76.000000
-80.000000
-76.000000
-56.000000
-100.000000
-76.000000
-64.000000
-76.000000
-92.000000
-64.000000
-68.000000
-68.000000
-80.000000
-52.000000
-92.000000
-92.000000
-68.000000
-44.000000
-60.000000
-44.000000
-24.000000
-44.000000
-52.000000
-84.000000
-52.000000
-64.000000
-76.000000
-88.000000
-76.000000
-60.000000
-84.000000
-56.000000
-52.000000
-64.000000
-76.000000
-36.000000
-60.000000
-84.000000
-64.000000
-48.000000
-52.000000
-80.000000
-52.000000
-36.000000
-44.000000
-20.000000
-48.000000
-40.000000
-48.000000
-84.000000
-48.000000
-72.000000
-68.000000
-48.000000
-60.000000
-56.000000
-40.000000
-44.000000
-44.000000
-52.000000
-28.000000
-60.000000
-44.000000
-36.000000
-36.000000
-48.000000
-28.000000
-24.000000
-8.000000
-24.000000
-32.000000
-48.000000
-28.000000
-72.000000
-48.000000
-48.000000
-52.000000
-48.000000
-32.000000
-52.000000
-64.000000
-40.000000
-44.000000
-44.000000
-48.000000
-44.000000
-52.000000
-32.000000
-48.000000
-32.000000
-32.000000
-28.000000
-36.000000
-36.000000
-40.000000
-40.000000
-32.000000
-36.000000
-48.000000
-16.000000
-44.000000
-36.000000
-40.000000
-36.000000
-16.000000
-52.000000
-12.000000
-32.000000
-44.000000
-12.000000
-24.000000
-36.000000
-64.000000
-20.000000
-24.000000
-40.000000
-32.000000
-52.000000
-72.000000
-60.000000
-84.000000
-44.000000
-60.000000
-88.000000
-52.000000
-44.000000
-60.000000
-28.000000
-44.000000
-32.000000
-32.000000
-40.000000
-36.000000
-36.000000
-36.000000
-44.000000
-48.000000
-16.000000
-28.000000
-52.000000
-24.000000
-60.000000
-16.000000
-56.000000
-36.000000
-32.000000
-48.000000
-44.000000
-52.000000
-32.000000
-40.000000
-32.000000
-32.000000
-28.000000
-44.000000
-68.000000
-56.000000
-56.000000
-52.000000
-56.000000
-80.000000
-44.000000
-48.000000
-56.000000
-52.000000
-44.000000
-76.000000
-68.000000
-60.000000
-84.000000
-64.000000
-32.000000
-64.000000
-20.000000
-40.000000
-32.000000
-16.000000
-28.000000
-48.000000
-20.000000
-12.000000
-8.000000
-32.000000
-16.000000
-40.000000
-36.000000
-40.000000
-28.000000
-24.000000
-20.000000
4.000000
-8.000000
-12.000000
-28.000000
-44.000000
-24.000000
-36.000000
-48.000000
-44.000000
-32.000000
-32.000000
-20.000000
-40.000000
-52.000000
-32.000000
-52.000000
-48.000000
-32.000000
-68.000000
-36.000000
-36.000000
-36.000000
-36.000000
-44.000000
-52.000000
-44.000000
-56.000000
-40.000000
-36.000000
-64.000000
-12.000000
-32.000000
-32.000000
-24.000000
-28.000000
-52.000000
-44.000000
-44.000000
-40.000000
-44.000000
-32.000000
-36.000000
-64.000000
-52.000000
-64.000000
-52.000000
-40.000000
-60.000000
-52.000000
-60.000000
-72.000000
-48.000000
-64.000000
-52.000000
-52.000000
-36.000000
-52.000000
-44.000000
-64.000000
-88.000000
-92.000000
-76.000000
-60.000000
-88.000000
-84.000000
-72.000000
-76.000000
-80.000000
-68.000000
-92.000000
-88.000000
-92.000000
-60.000000
-76.000000
-88.000000
-84.000000
-96.000000
-48.000000
-48.000000
-40.000000
-20.000000
-64.000000
-80.000000
-56.000000
-52.000000
-56.000000
-80.000000
-84.000000
-52.000000
-72.000000
-76.000000
-60.000000
-52.000000
-80.000000
-56.000000
-64.000000
-48.000000
-56.000000
-52.000000
-76.000000
-60.000000
-48.000000
-48.000000
-64.000000
-72.000000
-60.000000
-60.000000
-24.000000
-72.000000
-88.000000
-60.000000
-44.000000
-44.000000
-76.000000
-36.000000
-64.000000
-40.000000
-40.000000
-56.000000
-48.000000
-60.000000
-28.000000
-76.000000
-56.000000
-64.000000
-36.000000
-44.000000
4.000000
-44.000000
-24.000000
-32.000000
-40.000000
-44.000000
-48.000000
-64.000000
-40.000000
-48.000000
-28.000000
-32.000000
-48.000000
-48.000000
-44.000000
-60.000000
-44.000000
-64.000000
-40.000000
-24.000000
-44.000000
-24.000000
-48.000000
-60.000000
-36.000000
-52.000000
-36.000000
-44.000000
-24.000000
-36.000000
-52.000000
-36.000000
-48.000000
-48.000000
-48.000000
-32.000000
-32.000000
-44.000000
-32.000000
-16.000000
-52.000000
-48.000000
-28.000000
-40.000000
-52.000000
-16.000000
-24.000000
-32.000000
-36.000000
-40.000000
-36.000000
-36.000000
-76.000000
-44.000000
-64.000000
-80.000000
-32.000000
-72.000000
-76.000000
-64.000000
-52.000000
-40.000000
-84.000000
-48.000000
-40.000000
-20.000000
-20.000000
-56.000000
-40.000000
-36.000000
-28.000000
-36.000000
-28.000000
-28.000000
-36.000000
-12.000000
-40.000000
-48.000000
-28.000000
-28.000000
-32.000000
-52.000000
-32.000000
-36.000000
-64.000000
-32.000000
-16.000000
-32.000000
-52.000000
-52.000000
-60.000000
-44.000000
-64.000000
-48.000000
-52.000000
-52.000000
-48.000000
-72.000000
-52.000000
-48.000000
-60.000000
-56.000000
-88.000000
-84.000000
-36.000000
-60.000000
-48.000000
-36.000000
-16.000000
-12.000000
-32.000000
-20.000000
-20.000000
-44.000000
0.000000
-28.000000
-8.000000
-20.000000
-20.000000
-36.000000
-8.000000
-40.000000
-16.000000
-36.000000
-52.000000
-28.000000
-40.000000
-32.000000
-12.000000
-28.000000
-48.000000
-28.000000
-60.000000
-20.000000
-36.000000
-40.000000
-36.000000
-28.000000
-44.000000
-44.000000
-48.000000
-28.000000
-44.000000
-48.000000
-32.000000
-48.000000
-32.000000
-36.000000
-36.000000
-48.000000
-56.000000
-76.000000
-36.000000
-48.000000
-32.000000
-16.000000
-28.000000
-36.000000
-36.000000
-12.000000
-28.000000
-60.000000
-44.000000
-16.000000
-36.000000
-32.000000
-64.000000
-32.000000
-64.000000
-72.000000
-68.000000
-60.000000
-72.000000
-60.000000
-48.000000
-72.000000
-48.000000
-56.000000
-76.000000
-68.000000
-68.000000
-76.000000
-60.000000
-100.000000
-80.000000
-80.000000
-72.000000
-76.000000
-52.000000
-76.000000
-52.000000
-84.000000
-52.000000
-68.000000
-76.000000
-76.000000
-72.000000
-76.000000
-80.000000
-60.000000
-56.000000
-44.000000
-28.000000
-56.000000
-28.000000
-48.000000
-52.000000
-48.000000
-68.000000
-68.000000
-40.000000
-60.000000
-84.000000
-40.000000
-72.000000
-100.000000
-60.000000
-76.000000
-64.000000
-64.000000
-40.000000
-40.000000
-60.000000
-76.000000
-32.000000
-76.000000
-64.000000
-76.000000
-60.000000
-64.000000
-52.000000
-64.000000
-72.000000
-32.000000
-36.000000
-48.000000
-72.000000
-76.000000
-60.000000
-48.000000
-44.000000
-40.000000
-48.000000
-60.000000
-24.000000
-60.000000
-40.000000
-40.000000
-40.000000
-32.000000
-24.000000
0.000000
-28.000000
-32.000000
-16.000000
-56.000000
-28.000000
-40.000000
-64.000000
-64.000000
-64.000000
-44.000000
-40.000000
-60.000000
-48.000000
-60.000000
-60.000000
-36.000000
-52.000000
-40.000000
-64.000000
-40.000000
-52.000000
-52.000000
-52.000000
-44.000000
-28.000000
-44.000000
-36.000000
-36.000000
-32.000000
-48.000000
-32.000000
-36.000000
-24.000000
-36.000000
-60.000000
-32.000000
-32.000000
-48.000000
-20.000000
-28.000000
-44.000000
-40.000000
-48.000000
-16.000000
-32.000000
-48.000000
-16.000000
-52.000000
-24.000000
-36.000000
-68.000000
-64.000000
-52.000000
-32.000000
-76.000000
-60.000000
-52.000000
-28.000000
-20.000000
-52.000000
-52.000000
-48.000000
-48.000000
-16.000000
-20.000000
-60.000000
-44.000000
-40.000000
-32.000000
-24.000000
-28.000000
-32.000000
-16.000000
-48.000000
-4.000000
-32.000000
-32.000000
-40.000000
-28.000000
-40.000000
-28.000000
-24.000000
-36.000000
-32.000000
-60.000000
-60.000000
-24.000000
-44.000000
-48.000000
-52.000000
-40.000000
-44.000000
-48.000000
-40.000000
-44.000000
-48.000000
-56.000000
-60.000000
-56.000000
-96.000000
-44.000000
-56.000000
-48.000000
-28.000000
-64.000000
-4.000000
-16.000000
-20.000000
-28.000000
-36.000000
-20.000000
-12.000000
-8.000000
-48.000000
-12.000000
-32.000000
-12.000000
-20.000000
-28.000000
-28.000000
-28.000000
-20.000000
-20.000000
-36.000000
-44.000000
-16.000000
-40.000000
-28.000000
-28.000000
-44.000000
-52.000000
-40.000000
-32.000000
-64.000000
-16.000000
-48.000000
-60.000000
-52.000000
-32.000000
-28.000000
-36.000000
-60.000000
