500.000000
768.000000
1028.000000
1176.000000
1324.000000
1348.000000
1256.000000
1068.000000
796.000000
400.000000
-68.000000
-512.000000
-1024.000000
-1476.000000
-1868.000000
-2144.000000
-2276.000000
-2256.000000
-2144.000000
-1832.000000
-1424.000000
-884.000000
-324.000000
260.000000
828.000000
1380.000000
1768.000000
2016.000000
2148.000000
2104.000000
1944.000000
1676.000000
1304.000000
832.000000
368.000000
-124.000000
-588.000000
-912.000000
-1236.000000
-1388.000000
-1440.000000
-1404.000000
-1276.000000
-1088.000000
-864.000000
-584.000000
-348.000000
-164.000000
-52.000000
-56.000000
-52.000000
-64.000000
-60.000000
-44.000000
-44.000000
-84.000000
-52.000000
-64.000000
-48.000000
-40.000000
-60.000000
-28.000000
-24.000000
-56.000000
-52.000000
-20.000000
-20.000000
-52.000000
-40.000000
-44.000000
-48.000000
-40.000000
-44.000000
-68.000000
-16.000000
-28.000000
-64.000000
-32.000000
-40.000000
-40.000000
-40.000000
-24.000000
-8.000000
-28.000000
-20.000000
-24.000000
-40.000000
-52.000000
-52.000000
-32.000000
-72.000000
-44.000000
-68.000000
-52.000000
-48.000000
-40.000000
-52.000000
-20.000000
-52.000000
-48.000000
-28.000000
-28.000000
-44.000000
-20.000000
-12.000000
-48.000000
-28.000000
-44.000000
-24.000000
-28.000000
-28.000000
-28.000000
-8.000000
-20.000000
-20.000000
-56.000000
-28.000000
-20.000000
-32.000000
-44.000000
-40.000000
-16.000000
-28.000000
-48.000000
-20.000000
-28.000000
-44.000000
-20.000000
-12.000000
-28.000000
-44.000000
-36.000000
-36.000000
-60.000000
-84.000000
-48.000000
-80.000000
-44.000000
-72.000000
-56.000000
-40.000000
-52.000000
-60.000000
-12.000000
-36.000000
-20.000000
-28.000000
-64.000000
-20.000000
-36.000000
-24.000000
-24.000000
-20.000000
-28.000000
-28.000000
-24.000000
-48.000000
-44.000000
-52.000000
-16.000000
-44.000000
-24.000000
-36.000000
-32.000000
-36.000000
-56.000000
-36.000000
-36.000000
-40.000000
-40.000000
-52.000000
-36.000000
-24.000000
-60.000000
-48.000000
-48.000000
-64.000000
-52.000000
-48.000000
-40.000000
-56.000000
-88.000000
-64.000000
-72.000000
-48.000000
-48.000000
-36.000000
-20.000000
-12.000000
-16.000000
-24.000000
-24.000000
-12.000000
-32.000000
-24.000000
-12.000000
-8.000000
-20.000000
-36.000000
-20.000000
-24.000000
0.000000
-44.000000
-32.000000
-32.000000
-32.000000
-12.000000
-32.000000
-16.000000
-20.000000
-28.000000
-44.000000
8.000000
-40.000000
-20.000000
-24.000000
-32.000000
-20.000000
-32.000000
-44.000000
-20.000000
-60.000000
-60.000000
-36.000000
-40.000000
-44.000000
-32.000000
-48.000000
-40.000000
-44.000000
-56.000000
-32.000000
-44.000000
-28.000000
-48.000000
-44.000000
-40.000000
-16.000000
-16.000000
-36.000000
-40.000000
-20.000000
-48.000000
-60.000000
-44.000000
-48.000000
-56.000000
-64.000000
-64.000000
-56.000000
-52.000000
-60.000000
-64.000000
-64.000000
-76.000000
-32.000000
-40.000000
-44.000000
-44.000000
-40.000000
-52.000000
-24.000000
-76.000000
-64.000000
-60.000000
-72.000000
-68.000000
-76.000000
-76.000000
-64.000000
-52.000000
-68.000000
-76.000000
-96.000000
-84.000000
-76.000000
-92.000000
-48.000000
-96.000000
-28.000000
-64.000000
-60.000000
-24.000000
-24.000000
-72.000000
-16.000000
-32.000000
-60.000000
-36.000000
-40.000000
-76.000000
-60.000000
-64.000000
-60.000000
-48.000000
-60.000000
-24.000000
-60.000000
-56.000000
-32.000000
-60.000000
-88.000000
-60.000000
-40.000000
-40.000000
-80.000000
-60.000000
-76.000000
-64.000000
-28.000000
-76.000000
-72.000000
-48.000000
-32.000000
-40.000000
-64.000000
-32.000000
-68.000000
-32.000000
-36.000000
-32.000000
-44.000000
-48.000000
-40.000000
-40.000000
-32.000000
-60.000000
-32.000000
-48.000000
-48.000000
-16.000000
0.000000
-20.000000
0.000000
-28.000000
-44.000000
-44.000000
-40.000000
-48.000000
-56.000000
-44.000000
-60.000000
-68.000000
-52.000000
-76.000000
-40.000000
-36.000000
-56.000000
-44.000000
-44.000000
-60.000000
-20.000000
-48.000000
-20.000000
-28.000000
-48.000000
-44.000000
-40.000000
-36.000000
-44.000000
-32.000000
-32.000000
-44.000000
-40.000000
-16.000000
-56.000000
-20.000000
-20.000000
-28.000000
-16.000000
-44.000000
-24.000000
-48.000000
-40.000000
-36.000000
-16.000000
-32.000000
-20.000000
-36.000000
-36.000000
-36.000000
-36.000000
-40.000000
-68.000000
-52.000000
-56.000000
-68.000000
-76.000000
-68.000000
-60.000000
-44.000000
-56.000000
-48.000000
-44.000000
-56.000000
-48.000000
-36.000000
-32.000000
-48.000000
-28.000000
-28.000000
-52.000000
-28.000000
-16.000000
-16.000000
-32.000000
-48.000000
-52.000000
-36.000000
-36.000000
-16.000000
-76.000000
-52.000000
-24.000000
-28.000000
-64.000000
-40.000000
-44.000000
-44.000000
-16.000000
-48.000000
-44.000000
-36.000000
-36.000000
-52.000000
-60.000000
-40.000000
-36.000000
-40.000000
-24.000000
-64.000000
-60.000000
-40.000000
-92.000000
-68.000000
-48.000000
-32.000000
-60.000000
-40.000000
-28.000000
-12.000000
-28.000000
16.000000
-16.000000
-24.000000
-16.000000
-12.000000
-4.000000
-20.000000
-20.000000
0.000000
-44.000000
4.000000
-52.000000
-12.000000
-48.000000
-28.000000
-32.000000
-16.000000
-48.000000
-28.000000
-52.000000
-36.000000
-44.000000
-44.000000
-28.000000
-40.000000
-40.000000
-16.000000
-48.000000
-44.000000
-28.000000
-68.000000
-28.000000
-44.000000
-48.000000
-40.000000
-48.000000
-40.000000
-44.000000
-40.000000
-52.000000
-28.000000
-52.000000
-12.000000
-28.000000
-44.000000
-20.000000
-36.000000
4.000000
-32.000000
-36.000000
-52.000000
-64.000000
-36.000000
-52.000000
-24.000000
-56.000000
-28.000000
-52.000000
-28.000000
-36.000000
-64.000000
-36.000000
-72.000000
-76.000000
-64.000000
-80.000000
-76.000000
-68.000000
-76.000000
-96.000000
-104.000000
-100.000000
-84.000000
-76.000000
-56.000000
-36.000000
-76.000000
-92.000000
-88.000000
-84.000000
-96.000000
-48.000000
-80.000000
-68.000000
-36.000000
-72.000000
-44.000000
-80.000000
-88.000000
-40.000000
-36.000000
-20.000000
-36.000000
-24.000000
-36.000000
-72.000000
-28.000000
-68.000000
-76.000000
-68.000000
-80.000000
-32.000000
-84.000000
-80.000000
-92.000000
-72.000000
-72.000000
-68.000000
-56.000000
-72.000000
-64.000000
-56.000000
-60.000000
-52.000000
-60.000000
-40.000000
-76.000000
-44.000000
-88.000000
-64.000000
-56.000000
-16.000000
-44.000000
-52.000000
-32.000000
-76.000000
-64.000000
-36.000000
-32.000000
-44.000000
-52.000000
-32.000000
-32.000000
-56.000000
-20.000000
-36.000000
-36.000000
-36.000000
-28.000000
-20.000000
-28.000000
-4.000000
-16.000000
-20.000000
-12.000000
-40.000000
-72.000000
-28.000000
-40.000000
-44.000000
-52.000000
-72.000000
-36.000000
-20.000000
-64.000000
-20.000000
-44.000000
-36.000000
-32.000000
-28.000000
-28.000000
-32.000000
-24.000000
-40.000000
-16.000000
-40.000000
-28.000000
-40.000000
-36.000000
-32.000000
-48.000000
-40.000000
-16.000000
-28.000000
-28.000000
-40.000000
-40.000000
-48.000000
-24.000000
-24.000000
-16.000000
-48.000000
-4.000000
-12.000000
-52.000000
-48.000000
-44.000000
-36.000000
-20.000000
-20.000000
-48.000000
-52.000000
-52.000000
-84.000000
-60.000000
-40.000000
-56.000000
-60.000000
-52.000000
-44.000000
-16.000000
-52.000000
-44.000000
-32.000000
-28.000000
-28.000000
-52.000000
-36.000000
-24.000000
-12.000000
-64.000000
-28.000000
-4.000000
-48.000000
-28.000000
-52.000000
-56.000000
-48.000000
-52.000000
-20.000000
-24.000000
-36.000000
-68.000000
-36.000000
-36.000000
-48.000000
-36.000000
-28.000000
-44.000000
-68.000000
-36.000000
-56.000000
-40.000000
-36.000000
-20.000000
-44.000000
-48.000000
-48.000000
-48.000000
-40.000000
-88.000000
-56.000000
-40.000000
-48.000000
-56.000000
-32.000000
-20.000000
-48.000000
-36.000000
-12.000000
-16.000000
-24.000000
-8.000000
-8.000000
-16.000000
-20.000000
-20.000000
-24.000000
-36.000000
-20.000000
-56.000000
-8.000000
-20.000000
-20.000000
-32.000000
-16.000000
-32.000000
-36.000000
-24.000000
-16.000000
-44.000000
-24.000000
-32.000000
-32.000000
-16.000000
-28.000000
-24.000000
-40.000000
-40.000000
-32.000000
-40.000000
-32.000000
-20.000000
-44.000000
-44.000000
-28.000000
-36.000000
-48.000000
-40.000000
-36.000000
-12.000000
-24.000000
-28.000000
-12.000000
-16.000000
-36.000000
-28.000000
-20.000000
-28.000000
-28.000000
-44.000000
-32.000000
-60.000000
-52.000000
-64.000000
-48.000000
-52.000000
-52.000000
-40.000000
-36.000000
-72.000000
-72.000000
-40.000000
-68.000000
-56.000000
-68.000000
-80.000000
-52.000000
-48.000000
-52.000000
-80.000000
-68.000000
-72.000000
-64.000000
-44.000000
-60.000000
-72.000000
-72.000000
-64.000000
-60.000000
-84.000000
-60.000000
-72.000000
-48.000000
-68.000000
-68.000000
-92.000000
-76.000000
-72.000000
-56.000000
-12.000000
-48.000000
-32.000000
-36.000000
-44.000000
-52.000000
-28.000000
-64.000000
-72.000000
-88.000000
-72.000000
-64.000000
-48.000000
-48.000000
-68.000000
-64.000000
-72.000000
-68.000000
-68.000000
-48.000000
-48.000000
-92.000000
-96.000000
-76.000000
-64.000000
-44.000000
-40.000000
-88.000000
-52.000000
-60.000000
-84.000000
-36.000000
-20.000000
-72.000000
-44.000000
-44.000000
-64.000000
-56.000000
-28.000000
-48.000000
-52.000000
-60.000000
-48.000000
-44.000000
-48.000000
-24.000000
-32.000000
-28.000000
-28.000000
-32.000000
8.000000
-8.000000
-36.000000
-48.000000
-44.000000
-32.000000
-32.000000
-24.000000
-60.000000
-40.000000
-64.000000
-44.000000
-48.000000
-64.000000
-44.000000
-44.000000
-40.000000
-32.000000
-32.000000
-52.000000
-40.000000
-32.000000
-48.000000
-48.000000
-20.000000
-40.000000
-32.000000
-52.000000
-24.000000
-36.000000
-32.000000
-40.000000
-24.000000
-48.000000
-60.000000
-36.000000
-24.000000
-40.000000
-48.000000
0.000000
-36.000000
-36.000000
-64.000000
-24.000000
-4.000000
-8.000000
-16.000000
-24.000000
-32.000000
-20.000000
-52.000000
-48.000000
-40.000000
-40.000000
-84.000000
-88.000000
-64.000000
-40.000000
-40.000000
-64.000000
-52.000000
-56.000000
-24.000000
-56.000000
-36.000000
-36.000000
-4.000000
-24.000000
-32.000000
-28.000000
-32.000000
-8.000000
-28.000000
-24.000000
-36.000000
-24.000000
-44.000000
-20.000000
-20.000000
-36.000000
-16.000000
-44.000000
-48.000000
-36.000000
-48.000000
-52.000000
-32.000000
-40.000000
-8.000000
-48.000000
-32.000000
-32.000000
-40.000000
-8.000000
-48.000000
-32.000000
-76.000000
-48.000000
-60.000000
-60.000000
-48.000000
-88.000000
-48.000000
-48.000000
-52.000000
-12.000000
-16.000000
-28.000000
-32.000000
-16.000000
-16.000000
-8.000000
-16.000000
-16.000000
-44.000000
-32.000000
-36.000000
-32.000000
-44.000000
-20.000000
-16.000000
-20.000000
-32.000000
-16.000000
-20.000000
-44.000000
-24.000000
-32.000000
-4.000000
-28.000000
-40.000000
-24.000000
-28.000000
-44.000000
-32.000000
-32.000000
-28.000000
-28.000000
-32.000000
-24.000000
-40.000000
-48.000000
-28.000000
-32.000000
-36.000000
-48.000000
-48.000000
-44.000000
-44.000000
-56.000000
-44.000000
-36.000000
-36.000000
-44.000000
-52.000000
-20.000000
-28.000000
-32.000000
-28.000000
-52.000000
-56.000000
-48.000000
-36.000000
-32.000000
-40.000000
-20.000000
-64.000000
-48.000000
-44.000000
-76.000000
-40.000000
-48.000000
-40.000000
-44.000000
-60.000000
-44.000000
-84.000000
-64.000000
-48.000000
-84.000000
-76.000000
-76.000000
-52.000000
-64.000000
-52.000000
-80.000000
-60.000000
-64.000000
-80.000000
-76.000000
-64.000000
-32.000000
-60.000000
-76.000000
-32.000000
-72.000000
-88.000000
-76.000000
-80.000000
-44.000000
-36.000000
-48.000000
-24.000000
-48.000000
-36.000000
-60.000000
-56.000000
-48.000000
-72.000000
-28.000000
-48.000000
-64.000000
-72.000000
-68.000000
-60.000000
-48.000000
-56.000000
-36.000000
-36.000000
-88.000000
-64.000000
-76.000000
-44.000000
-64.000000
-40.000000
-52.000000
-60.000000
-68.000000
-60.000000
-44.000000
-52.000000
-60.000000
-48.000000
-64.000000
-40.000000
-52.000000
-20.000000
-64.000000
-72.000000
-44.000000
-88.000000
-56.000000
-36.000000
-64.000000
-36.000000
-32.000000
-32.000000
-32.000000
-36.000000
-20.000000
-16.000000
-36.000000
-20.000000
-24.000000
-44.000000
-52.000000
-36.000000
-64.000000
-44.000000
-36.000000
-44.000000
-64.000000
-72.000000
-60.000000
-44.000000
-60.000000
-44.000000
-44.000000
-52.000000
-48.000000
-36.000000
-56.000000
-40.000000
-44.000000
-56.000000
-44.000000
-44.000000
-36.000000
-28.000000
-40.000000
-24.000000
-28.000000
-32.000000
-12.000000
-36.000000
-32.000000
-40.000000
-48.000000
-24.000000
-16.000000
-48.000000
-48.000000
-8.000000
-40.000000
-16.000000
-20.000000
-20.000000
-24.000000
-28.000000
-56.000000
-48.000000
-64.000000
-52.000000
-52.000000
-52.000000
-48.000000
-80.000000
-32.000000
-88.000000
-48.000000
-40.000000
-24.000000
-44.000000
-48.000000
-60.000000
-28.000000
-32.000000
-36.000000
-24.000000
-40.000000
-36.000000
-48.000000
-24.000000
-40.000000
-44.000000
-28.000000
-44.000000
-16.000000
-28.000000
-32.000000
-36.000000
-24.000000
-36.000000
-40.000000
-32.000000
-20.000000
-24.000000
-8.000000
-36.000000
-32.000000
-36.000000
-24.000000
-32.000000
-32.000000
-36.000000
-44.000000
-60.000000
-36.000000
-48.000000
-84.000000
-72.000000
-80.000000
-64.000000
-56.000000
-32.000000
-44.000000
-32.000000
-16.000000
-20.000000
-16.000000
8.000000
-48.000000
-48.000000
4.000000
-32.000000
-16.000000
-12.000000
-28.000000
-16.000000
-8.000000
-28.000000
-16.000000
-44.000000
-20.000000
-28.000000
-28.000000
-24.000000
-40.000000
0.000000
-76.000000
-16.000000
-20.000000
-36.000000
-20.000000
-32.000000
-32.000000
-48.000000
-36.000000
-16.000000
-36.000000
-28.000000
-56.000000
-24.000000
-56.000000
-60.000000
-56.000000
-48.000000
-40.000000
-24.000000
-68.000000
-36.000000
-60.000000
-52.000000
-28.000000
-24.000000
-24.000000
-40.000000
-52.000000
-20.000000
-28.000000
-56.000000
-36.000000
-32.000000
-52.000000
-68.000000
-64.000000
-60.000000
-64.000000
-80.000000
-64.000000
-64.000000
-60.000000
-64.000000
-60.000000
-80.000000
-72.000000
-68.000000
-76.000000
-72.000000
-72.000000
-64.000000
-80.000000
-72.000000
-76.000000
-64.000000
-56.000000
-76.000000
-72.000000
-84.000000
-76.000000
-68.000000
-72.000000
-44.000000
-68.000000
-60.000000
-44.000000
-56.000000
-56.000000
-16.000000
-76.000000
-28.000000
-20.000000
-20.000000
-44.000000
-24.000000
-56.000000
-44.000000
-52.000000
-64.000000
-52.000000
-76.000000
-76.000000
-80.000000
-52.000000
-72.000000
-52.000000
-72.000000
-68.000000
-76.000000
-60.000000
-64.000000
-52.000000
-76.000000
-36.000000
-80.000000
-72.000000
-36.000000
-100.000000
-64.000000
-44.000000
-60.000000
-12.000000
-12.000000
-36.000000
-72.000000
-40.000000
-44.000000
-28.000000
-60.000000
-64.000000
-56.000000
-40.000000
-24.000000
-48.000000
-32.000000
-48.000000
-52.000000
-20.000000
-20.000000
-28.000000
4.000000
-36.000000
-12.000000
-44.000000
-28.000000
-56.000000
-32.000000
-48.000000
-48.000000
-48.000000
-48.000000
-52.000000
-60.000000
-52.000000
-56.000000
-40.000000
-36.000000
-52.000000
-32.000000
-52.000000
-40.000000
-32.000000
-36.000000
-48.000000
-44.000000
-40.000000
-32.000000
-28.000000
-32.000000
-32.000000
-44.000000
-40.000000
-12.000000
-24.000000
-44.000000
-36.000000
-28.000000
-20.000000
-16.000000
-28.000000
-32.000000
-12.000000
-16.000000
-48.000000
-20.000000
-28.000000
-32.000000
-16.000000
-28.000000
-28.000000
-40.000000
-72.000000
-76.000000
-72.000000
-36.000000
-60.000000
-76.000000
-56.000000
-56.000000
-44.000000
-36.000000
-32.000000
-36.000000
-32.000000
-24.000000
-28.000000
-48.000000
-16.000000
-16.000000
-28.000000
-20.000000
-36.000000
-28.000000
4.000000
-24.000000
-44.000000
-12.000000
-24.000000
-68.000000
-44.000000
-12.000000
-28.000000
-48.000000
-36.000000
-36.000000
-28.000000
-40.000000
-28.000000
-28.000000
-36.000000
-36.000000
-52.000000
-32.000000
-48.000000
-32.000000
-44.000000
-40.000000
-36.000000
-40.000000
-76.000000
-80.000000
-72.000000
-44.000000
-32.000000
-80.000000
-32.000000
-12.000000
-28.000000
-20.000000
4.000000
-16.000000
4.000000
-20.000000
-4.000000
-12.000000
-16.000000
-20.000000
-16.000000
-20.000000
-24.000000
-4.000000
-12.000000
0.000000
-24.000000
-28.000000
-20.000000
-16.000000
-4.000000
-36.000000
-20.000000
-60.000000
-12.000000
-24.000000
-28.000000
-28.000000
-36.000000
-32.000000
-32.000000
-32.000000
-32.000000
-40.000000
-28.000000
-32.000000
-28.000000
-28.000000
-44.000000
-16.000000
-24.000000
-40.000000
-20.000000
-56.000000
-44.000000
-24.000000
-16.000000
-48.000000
-36.000000
-28.000000
-28.000000
-24.000000
-36.000000
-48.000000
-44.000000
-28.000000
-44.000000
-64.000000
-12.000000
-56.000000
-36.000000
-32.000000
-32.000000
-52.000000
-64.000000
-48.000000
-44.000000
-68.000000
-76.000000
-68.000000
-60.000000
-72.000000
-60.000000
-32.000000
-68.000000
-72.000000
-68.000000
-48.000000
-64.000000
-28.000000
-72.000000
-80.000000
-24.000000
-60.000000
-48.000000
-28.000000
-64.000000
-64.000000
-60.000000
-60.000000
-88.000000
-72.000000
-52.000000
-32.000000
12.000000
-28.000000
-12.000000
-56.000000
-48.000000
-68.000000
-80.000000
-44.000000
-76.000000
-72.000000
-56.000000
-52.000000
-52.000000
-40.000000
-72.000000
-36.000000
-68.000000
-48.000000
-52.000000
-68.000000
-64.000000
-36.000000
-64.000000
-40.000000
-40.000000
-64.000000
-28.000000
-64.000000
-60.000000
-44.000000
-44.000000
-44.000000
-68.000000
-16.000000
-48.000000
-52.000000
-40.000000
-56.000000
-40.000000
-28.000000
-60.000000
-52.000000
-44.000000
-36.000000
-40.000000
-24.000000
-44.000000
-16.000000
-16.000000
-8.000000
-36.000000
-24.000000
-44.000000
-48.000000
-28.000000
-48.000000
-56.000000
-36.000000
-48.000000
-60.000000
-36.000000
-64.000000
-32.000000
-48.000000
-52.000000
-48.000000
-52.000000
-36.000000
-48.000000
-36.000000
-32.000000
-24.000000
-28.000000
-48.000000
-40.000000
-32.000000
-52.000000
-16.000000
-40.000000
-40.000000
-28.000000
-28.000000
-24.000000
-36.000000
-40.000000
-52.000000
-44.000000
-28.000000
-16.000000
-36.000000
-12.000000
-56.000000
-24.000000
-20.000000
-28.000000
-12.000000
-20.000000
-8.000000
-20.000000
-60.000000
-44.000000
-44.000000
-88.000000
-92.000000
-60.000000
-88.000000
-48.000000
-48.000000
-60.000000
-52.000000
-48.000000
-36.000000
-52.000000
-32.000000
-36.000000
-32.000000
-20.000000
-16.000000
-24.000000
-28.000000
-28.000000
-16.000000
-44.000000
-48.000000
-16.000000
-28.000000
-48.000000
-40.000000
-20.000000
-60.000000
-24.000000
-32.000000
-16.000000
-36.000000
-36.000000
-36.000000
-32.000000
-44.000000
-32.000000
-52.000000
-20.000000
-60.000000
-36.000000
-60.000000
-52.000000
-60.000000
-52.000000
-52.000000
-44.000000
-36.000000
-76.000000
-52.000000
-24.000000
-44.000000
-24.000000
-20.000000
4.000000
-16.000000
0.000000
0.000000
-12.000000
-4.000000
-28.000000
-24.000000
-12.000000
-24.000000
-12.000000
-40.000000
-32.000000
0.000000
-40.000000
-24.000000
-40.000000
-16.000000
-32.000000
-20.000000
-48.000000
-32.000000
-36.000000
-28.000000
-16.000000
-48.000000
-44.000000
-48.000000
-28.000000
-32.000000
-52.000000
-40.000000
-32.000000
-36.000000
-32.000000
-24.000000
-32.000000
-60.000000
-44.000000
-36.000000
-56.000000
-48.000000
-40.000000
-40.000000
-52.000000
-40.000000
-24.000000
-28.000000
-12.000000
-64.000000
-24.000000
-28.000000
-52.000000
-40.000000
-52.000000
-48.000000
-76.000000
-68.000000
-40.000000
-44.000000
-28.000000
-48.000000
-56.000000
-72.000000
-72.000000
-76.000000
-72.000000
-76.000000
-80.000000
-56.000000
-64.000000
-56.000000
-40.000000
-64.000000
-72.000000
-72.000000
-92.000000
-72.000000
-72.000000
-76.000000
-68.000000
-72.000000
-60.000000
-60.000000
-60.000000
-80.000000
-56.000000
-48.000000
-80.000000
-60.000000
-60.000000
-56.000000
-36.000000
-28.000000
-20.000000
-20.000000
-32.000000
-44.000000
-44.000000
-56.000000
-20.000000
-48.000000
-80.000000
-80.000000
-52.000000
-56.000000
-52.000000
-68.000000
-20.000000
-68.000000
-48.000000
-52.000000
-40.000000
-52.000000
-84.000000
-52.000000
-44.000000
-44.000000
-48.000000
-32.000000
-56.000000
-36.000000
-48.000000
-32.000000
-44.000000
-28.000000
-16.000000
-60.000000
-24.000000
-52.000000
-36.000000
-64.000000
-64.000000
-48.000000
-36.000000
-36.000000
-36.000000
-28.000000
-24.000000
-32.000000
-40.000000
-28.000000
-16.000000
-16.000000
-28.000000
-16.000000
-36.000000
-48.000000
-36.000000
-68.000000
-48.000000
-68.000000
-52.000000
-52.000000
-48.000000
-36.000000
-48.000000
-24.000000
-32.000000
-20.000000
-24.000000
-36.000000
-44.000000
-36.000000
-36.000000
-28.000000
-36.000000
-28.000000
-24.000000
-12.000000
-20.000000
-48.000000
-24.000000
-20.000000
-28.000000
8.000000
-16.000000
-16.000000
-12.000000
-8.000000
-40.000000
-56.000000
-4.000000
-24.000000
-16.000000
-36.000000
-32.000000
-28.000000
-20.000000
-36.000000
-60.000000
-32.000000
-36.000000
-44.000000
-68.000000
-76.000000
-64.000000
-64.000000
-28.000000
-64.000000
-44.000000
-40.000000
-24.000000
-56.000000
-4.000000
-20.000000
-12.000000
-24.000000
-32.000000
-36.000000
-24.000000
-32.000000
-44.000000
-8.000000
-48.000000
-52.000000
-24.000000
-16.000000
-40.000000
-32.000000
-32.000000
-32.000000
-20.000000
-40.000000
-44.000000
-40.000000
-28.000000
-32.000000
-44.000000
-24.000000
-60.000000
-32.000000
-32.000000
-44.000000
-48.000000
-44.000000
-48.000000
-32.000000
-44.000000
-44.000000
-40.000000
-60.000000
-60.000000
-76.000000
-92.000000
-60.000000
-44.000000
-32.000000
-12.000000
-28.000000
-36.000000
-12.000000
-20.000000
-48.000000
0.000000
-40.000000
0.000000
-36.000000
-40.000000
-24.000000
-8.000000
-60.000000
-16.000000
-28.000000
-40.000000
-20.000000
-36.000000
-32.000000
-24.000000
-32.000000
-36.000000
-44.000000
-16.000000
-28.000000
-40.000000
-48.000000
-48.000000
-40.000000
-56.000000
-24.000000
-40.000000
-52.000000
-48.000000
-60.000000
-36.000000
-20.000000
-36.000000
-36.000000
-36.000000
-48.000000
-28.000000
-48.000000
-44.000000
-60.000000
-24.000000
-64.000000
-40.000000
-56.000000
-16.000000
-28.000000
-52.000000
-16.000000
-36.000000
-20.000000
-44.000000
-28.000000
-36.000000
-24.000000
-64.000000
-48.000000
-64.000000
-48.000000
-28.000000
-32.000000
-68.000000
-40.000000
-84.000000
-68.000000
-52.000000
-68.000000
-40.000000
-60.000000
-48.000000
-56.000000
-76.000000
-76.000000
-88.000000
-96.000000
-72.000000
-84.000000
-76.000000
-84.000000
-68.000000
-64.000000
-72.000000
-72.000000
-72.000000
-88.000000
-76.000000
-52.000000
-52.000000
-40.000000
-56.000000
-44.000000
-24.000000
-48.000000
-28.000000
-40.000000
-48.000000
-52.000000
-52.000000
-20.000000
-24.000000
-84.000000
-60.000000
-80.000000
-72.000000
-72.000000
-28.000000
