576.000000
852.000000
1064.000000
1248.000000
1328.000000
1336.000000
1244.000000
1032.000000
748.000000
344.000000
-104.000000
-584.000000
-1036.000000
-1516.000000
-1844.000000
-2124.000000
-2252.000000
-2240.000000
-2056.000000
-1740.000000
-1320.000000
-808.000000
-180.000000
428.000000
992.000000
1440.000000
1812.000000
2076.000000
2148.000000
2144.000000
1900.000000
1628.000000
1220.000000
740.000000
268.000000
-224.000000
-636.000000
-968.000000
-1228.000000
-1360.000000
-1424.000000
-1380.000000
-1236.000000
-1032.000000
-820.000000
-552.000000
-312.000000
-120.000000
-32.000000
-24.000000
-36.000000
-24.000000
-28.000000
-52.000000
-8.000000
-12.000000
-20.000000
-52.000000
-12.000000
-40.000000
-48.000000
-28.000000
-40.000000
-20.000000
-32.000000
-20.000000
-36.000000
-28.000000
-44.000000
-28.000000
-24.000000
-36.000000
-16.000000
-40.000000
-52.000000
-48.000000
-48.000000
-52.000000
-60.000000
-36.000000
-16.000000
-12.000000
-12.000000
-24.000000
-48.000000
0.000000
-20.000000
-8.000000
-12.000000
-16.000000
-32.000000
20.000000
-36.000000
-12.000000
-16.000000
-16.000000
-40.000000
-16.000000
-20.000000
-12.000000
-24.000000
-8.000000
-20.000000
-16.000000
-36.000000
-24.000000
-48.000000
-32.000000
-36.000000
-48.000000
-32.000000
-24.000000
-52.000000
-28.000000
-24.000000
-32.000000
-24.000000
-32.000000
-16.000000
-28.000000
-12.000000
-28.000000
-32.000000
-48.000000
-48.000000
-32.000000
-56.000000
-40.000000
-32.000000
-44.000000
-8.000000
-24.000000
-28.000000
-40.000000
-8.000000
-32.000000
-32.000000
-28.000000
-40.000000
-40.000000
-68.000000
-36.000000
-44.000000
-52.000000
-44.000000
-44.000000
-68.000000
-52.000000
-52.000000
-68.000000
-68.000000
-68.000000
-64.000000
-64.000000
-56.000000
-52.000000
-36.000000
-60.000000
-72.000000
-64.000000
-80.000000
-60.000000
-84.000000
-60.000000
-68.000000
-60.000000
-60.000000
-72.000000
-84.000000
-88.000000
-76.000000
-52.000000
-76.000000
-36.000000
-76.000000
-52.000000
-20.000000
-12.000000
-24.000000
-16.000000
-36.000000
-72.000000
-40.000000
-64.000000
-36.000000
-48.000000
-60.000000
-60.000000
-64.000000
-36.000000
-76.000000
-52.000000
-72.000000
-60.000000
-36.000000
-52.000000
-80.000000
-88.000000
-52.000000
-52.000000
-16.000000
-64.000000
-56.000000
-44.000000
-72.000000
-48.000000
-56.000000
-40.000000
-52.000000
-40.000000
-28.000000
-40.000000
-60.000000
-40.000000
-52.000000
-44.000000
-48.000000
-32.000000
-28.000000
-48.000000
-60.000000
-52.000000
-48.000000
-40.000000
-16.000000
-12.000000
-12.000000
-16.000000
-28.000000
-24.000000
-52.000000
-48.000000
-44.000000
-40.000000
-28.000000
-52.000000
-60.000000
-44.000000
-24.000000
-48.000000
-48.000000
-52.000000
-48.000000
-44.000000
-48.000000
-36.000000
-16.000000
-44.000000
-24.000000
-40.000000
-56.000000
-64.000000
-24.000000
-28.000000
-56.000000
-48.000000
-32.000000
-36.000000
-44.000000
-40.000000
-16.000000
-20.000000
-28.000000
-52.000000
-48.000000
-36.000000
-16.000000
-12.000000
-24.000000
-32.000000
-28.000000
-36.000000
-44.000000
-28.000000
-24.000000
-52.000000
-52.000000
-44.000000
-76.000000
-72.000000
-44.000000
-80.000000
-32.000000
-76.000000
-48.000000
-32.000000
-32.000000
-28.000000
-24.000000
-52.000000
-24.000000
-32.000000
-24.000000
-12.000000
-32.000000
-24.000000
-28.000000
-32.000000
-40.000000
-48.000000
-36.000000
-52.000000
-32.000000
-20.000000
-16.000000
-52.000000
-4.000000
-32.000000
-44.000000
-52.000000
-36.000000
-28.000000
-60.000000
-40.000000
-44.000000
-40.000000
-48.000000
-40.000000
-40.000000
-52.000000
-44.000000
-40.000000
-28.000000
-52.000000
-40.000000
-28.000000
-96.000000
-72.000000
-40.000000
-32.000000
-28.000000
-16.000000
-24.000000
-36.000000
-16.000000
-60.000000
-20.000000
-32.000000
-36.000000
-40.000000
-16.000000
-20.000000
-32.000000
-40.000000
-8.000000
-20.000000
-16.000000
-52.000000
-12.000000
-20.000000
-32.000000
-28.000000
-44.000000
-20.000000
-20.000000
-40.000000
-20.000000
-44.000000
-28.000000
-36.000000
-36.000000
-32.000000
-72.000000
-24.000000
-28.000000
-24.000000
-32.000000
-48.000000
-56.000000
-32.000000
-56.000000
-24.000000
-32.000000
-60.000000
-32.000000
-64.000000
-32.000000
-52.000000
-44.000000
-36.000000
-40.000000
-40.000000
-20.000000
-24.000000
-52.000000
-32.000000
-16.000000
-56.000000
-40.000000
-24.000000
-44.000000
-32.000000
-44.000000
-28.000000
-44.000000
-52.000000
-52.000000
-40.000000
-64.000000
-64.000000
-52.000000
-40.000000
-52.000000
-52.000000
-64.000000
-68.000000
-52.000000
-68.000000
-60.000000
-68.000000
-44.000000
-84.000000
-92.000000
-76.000000
-68.000000
-60.000000
-36.000000
-60.000000
-72.000000
-60.000000
-52.000000
-56.000000
-48.000000
-52.000000
-48.000000
-44.000000
-32.000000
-28.000000
-16.000000
-36.000000
-48.000000
-40.000000
-48.000000
-72.000000
-88.000000
-64.000000
-60.000000
-68.000000
-60.000000
-56.000000
-36.000000
-80.000000
-72.000000
-80.000000
-84.000000
-44.000000
-40.000000
-56.000000
-60.000000
-44.000000
-60.000000
-28.000000
-72.000000
-72.000000
-28.000000
-60.000000
-76.000000
-40.000000
-64.000000
-60.000000
-60.000000
-36.000000
-44.000000
-48.000000
-36.000000
-36.000000
-28.000000
-40.000000
-24.000000
-28.000000
-24.000000
-40.000000
-32.000000
-36.000000
-8.000000
-28.000000
-16.000000
-28.000000
-36.000000
-48.000000
-52.000000
-48.000000
-48.000000
-36.000000
-28.000000
-44.000000
-56.000000
-20.000000
-48.000000
-36.000000
-24.000000
-56.000000
-40.000000
-40.000000
-20.000000
-20.000000
-44.000000
-32.000000
-44.000000
-32.000000
-44.000000
-48.000000
-12.000000
-36.000000
-4.000000
-24.000000
-32.000000
-48.000000
-52.000000
-32.000000
-40.000000
-16.000000
-12.000000
-28.000000
-40.000000
-24.000000
-28.000000
-48.000000
-16.000000
-20.000000
-16.000000
-24.000000
-28.000000
-36.000000
-48.000000
-56.000000
-96.000000
-88.000000
-76.000000
-44.000000
-16.000000
-44.000000
-36.000000
-44.000000
-32.000000
-40.000000
-36.000000
-68.000000
-32.000000
-40.000000
-60.000000
-16.000000
-52.000000
-24.000000
-24.000000
-24.000000
-16.000000
-40.000000
-64.000000
-44.000000
-40.000000
-40.000000
-44.000000
-44.000000
-16.000000
-32.000000
-48.000000
-40.000000
-48.000000
-12.000000
-48.000000
-32.000000
-32.000000
-32.000000
-76.000000
-40.000000
-48.000000
-32.000000
-40.000000
-40.000000
-32.000000
-64.000000
-40.000000
-40.000000
-68.000000
-84.000000
-36.000000
-44.000000
-52.000000
-36.000000
-40.000000
-40.000000
-24.000000
-20.000000
-4.000000
-28.000000
-24.000000
-12.000000
-20.000000
-12.000000
-12.000000
-44.000000
-24.000000
-40.000000
-28.000000
-24.000000
-28.000000
-12.000000
-36.000000
-8.000000
-28.000000
-32.000000
-28.000000
-36.000000
-16.000000
-28.000000
-28.000000
-32.000000
-32.000000
-40.000000
-32.000000
-36.000000
-32.000000
-24.000000
-28.000000
-28.000000
-24.000000
-36.000000
-40.000000
-20.000000
-44.000000
-36.000000
-36.000000
-44.000000
-48.000000
-20.000000
-44.000000
-44.000000
-40.000000
-40.000000
8.000000
-24.000000
-32.000000
-36.000000
-32.000000
-40.000000
-32.000000
-16.000000
-40.000000
-40.000000
-24.000000
-44.000000
-52.000000
-60.000000
-44.000000
-60.000000
-68.000000
-56.000000
-64.000000
-80.000000
-56.000000
-40.000000
-68.000000
-64.000000
-80.000000
-56.000000
-56.000000
-76.000000
-60.000000
-76.000000
-76.000000
-80.000000
-56.000000
-44.000000
-72.000000
-52.000000
-80.000000
-80.000000
-72.000000
-64.000000
-48.000000
-56.000000
-60.000000
-52.000000
-32.000000
-52.000000
-56.000000
-48.000000
-36.000000
-8.000000
-64.000000
-48.000000
-52.000000
-36.000000
-60.000000
-44.000000
-60.000000
-84.000000
-60.000000
-56.000000
-56.000000
-36.000000
-76.000000
-72.000000
-32.000000
-48.000000
-44.000000
-76.000000
-84.000000
-48.000000
-36.000000
-36.000000
-52.000000
-76.000000
-32.000000
-72.000000
-40.000000
-48.000000
-44.000000
-64.000000
-32.000000
-48.000000
-72.000000
-36.000000
-52.000000
-28.000000
-36.000000
-12.000000
-48.000000
-36.000000
-48.000000
-72.000000
-40.000000
-40.000000
-44.000000
0.000000
-32.000000
-24.000000
-20.000000
-44.000000
-36.000000
-48.000000
-48.000000
-44.000000
-28.000000
-44.000000
-60.000000
-28.000000
-52.000000
-24.000000
-40.000000
-52.000000
-32.000000
-40.000000
-36.000000
-44.000000
-28.000000
-44.000000
-48.000000
-40.000000
-16.000000
-36.000000
-36.000000
-44.000000
-32.000000
-32.000000
-48.000000
-8.000000
-44.000000
-52.000000
-12.000000
-8.000000
-32.000000
-36.000000
-36.000000
-40.000000
-16.000000
0.000000
-32.000000
-48.000000
-4.000000
-16.000000
-16.000000
-32.000000
-28.000000
-44.000000
-32.000000
-64.000000
-48.000000
-64.000000
-60.000000
-44.000000
-48.000000
-56.000000
-40.000000
-44.000000
-44.000000
-44.000000
-40.000000
-28.000000
-8.000000
-20.000000
-36.000000
-32.000000
-36.000000
-20.000000
-20.000000
-32.000000
-28.000000
-16.000000
-20.000000
-40.000000
-48.000000
-44.000000
-28.000000
-40.000000
4.000000
-40.000000
-40.000000
-40.000000
-28.000000
-40.000000
-32.000000
-44.000000
-40.000000
-24.000000
-60.000000
-28.000000
-60.000000
-28.000000
-36.000000
-24.000000
-16.000000
-52.000000
-72.000000
-44.000000
-60.000000
-68.000000
-16.000000
-60.000000
-52.000000
-28.000000
-36.000000
-48.000000
-16.000000
-12.000000
-28.000000
-24.000000
8.000000
-32.000000
-4.000000
-28.000000
-8.000000
-32.000000
-32.000000
-24.000000
-52.000000
-24.000000
-12.000000
-56.000000
-16.000000
-48.000000
-16.000000
-28.000000
-28.000000
-36.000000
-28.000000
-52.000000
-16.000000
-24.000000
-28.000000
-24.000000
-44.000000
-44.000000
-32.000000
-44.000000
-44.000000
-44.000000
-36.000000
-36.000000
-32.000000
-12.000000
-40.000000
-40.000000
-72.000000
-36.000000
-40.000000
-40.000000
-44.000000
-24.000000
-12.000000
-20.000000
-16.000000
-32.000000
-56.000000
-16.000000
-40.000000
-40.000000
-40.000000
-60.000000
-24.000000
-48.000000
-40.000000
-56.000000
-32.000000
-68.000000
-48.000000
-40.000000
-56.000000
-44.000000
-40.000000
-76.000000
-76.000000
-60.000000
-60.000000
-24.000000
-52.000000
-20.000000
-60.000000
-44.000000
-44.000000
-84.000000
-68.000000
-32.000000
-60.000000
-76.000000
-80.000000
-76.000000
-72.000000
-76.000000
-36.000000
-76.000000
-48.000000
-32.000000
-64.000000
-8.000000
-32.000000
-56.000000
-32.000000
-24.000000
-52.000000
-60.000000
-60.000000
-60.000000
-24.000000
-44.000000
-80.000000
-56.000000
-56.000000
-60.000000
-52.000000
-60.000000
-60.000000
-84.000000
-56.000000
-60.000000
-64.000000
-36.000000
-80.000000
-44.000000
-48.000000
-40.000000
-40.000000
-52.000000
-12.000000
-52.000000
-40.000000
-20.000000
-48.000000
-64.000000
-32.000000
-52.000000
-36.000000
-60.000000
-28.000000
-52.000000
-24.000000
-44.000000
-40.000000
-60.000000
-44.000000
-32.000000
-44.000000
-28.000000
-24.000000
-32.000000
-28.000000
-28.000000
-64.000000
-40.000000
-52.000000
-84.000000
-48.000000
-32.000000
-36.000000
-44.000000
-36.000000
-52.000000
-44.000000
-36.000000
-32.000000
-44.000000
-60.000000
-40.000000
-52.000000
-24.000000
-44.000000
-36.000000
-32.000000
-36.000000
-44.000000
-32.000000
-36.000000
-40.000000
-16.000000
-28.000000
-32.000000
-44.000000
-24.000000
-32.000000
-52.000000
-24.000000
-28.000000
-32.000000
-28.000000
-24.000000
-48.000000
-16.000000
-40.000000
-44.000000
-28.000000
0.000000
-16.000000
-28.000000
-44.000000
-28.000000
-76.000000
-76.000000
-60.000000
-52.000000
-64.000000
-80.000000
-44.000000
-60.000000
-40.000000
-40.000000
-24.000000
-36.000000
-40.000000
-48.000000
-24.000000
-28.000000
-52.000000
-24.000000
-48.000000
-48.000000
-40.000000
-20.000000
-28.000000
-44.000000
-24.000000
-40.000000
-24.000000
-32.000000
4.000000
-32.000000
-12.000000
-28.000000
-56.000000
-8.000000
-20.000000
-32.000000
-48.000000
-32.000000
-52.000000
-20.000000
-64.000000
-44.000000
-56.000000
-48.000000
-56.000000
-44.000000
-40.000000
-40.000000
-84.000000
-32.000000
-64.000000
-64.000000
-56.000000
-36.000000
-52.000000
-28.000000
-28.000000
-28.000000
-20.000000
0.000000
-8.000000
-40.000000
-32.000000
-32.000000
-32.000000
-16.000000
-20.000000
-16.000000
-8.000000
-36.000000
-20.000000
-28.000000
-28.000000
-32.000000
-36.000000
-12.000000
-48.000000
-40.000000
-44.000000
-48.000000
0.000000
-32.000000
-44.000000
-24.000000
-44.000000
-36.000000
-24.000000
-56.000000
-28.000000
-20.000000
-36.000000
-28.000000
-48.000000
-44.000000
-60.000000
-28.000000
-76.000000
-48.000000
-76.000000
-20.000000
-44.000000
-52.000000
-32.000000
-36.000000
-36.000000
-32.000000
-32.000000
-48.000000
-36.000000
-44.000000
-64.000000
-28.000000
-28.000000
-60.000000
-56.000000
-40.000000
-52.000000
-52.000000
-72.000000
-60.000000
-44.000000
-48.000000
-68.000000
-60.000000
-72.000000
-40.000000
-48.000000
-60.000000
-52.000000
-88.000000
-56.000000
-80.000000
-56.000000
-40.000000
-60.000000
-76.000000
-56.000000
-48.000000
-52.000000
-64.000000
-88.000000
-52.000000
-32.000000
-48.000000
-84.000000
-72.000000
-72.000000
-64.000000
-64.000000
-32.000000
-52.000000
-16.000000
-36.000000
-36.000000
-48.000000
-56.000000
-52.000000
-60.000000
-60.000000
-72.000000
-48.000000
-60.000000
-40.000000
-48.000000
-52.000000
-64.000000
-64.000000
-88.000000
-76.000000
-52.000000
-32.000000
-32.000000
-68.000000
-20.000000
-32.000000
-80.000000
-64.000000
-80.000000
-36.000000
-60.000000
-36.000000
-56.000000
-52.000000
-44.000000
-64.000000
-44.000000
-72.000000
-48.000000
-48.000000
-84.000000
-52.000000
-48.000000
-56.000000
-44.000000
-44.000000
-60.000000
-36.000000
-72.000000
-24.000000
-36.000000
-32.000000
-12.000000
-36.000000
-28.000000
-28.000000
-28.000000
-40.000000
-60.000000
-48.000000
-32.000000
-48.000000
-60.000000
-64.000000
-44.000000
-52.000000
-32.000000
-68.000000
-60.000000
-36.000000
-20.000000
-32.000000
-48.000000
-32.000000
-40.000000
-44.000000
-36.000000
-28.000000
-60.000000
-24.000000
-24.000000
-20.000000
-20.000000
-28.000000
-36.000000
-44.000000
-36.000000
-8.000000
-28.000000
-36.000000
-32.000000
-48.000000
-44.000000
-44.000000
-44.000000
-32.000000
-40.000000
-52.000000
-28.000000
-28.000000
-52.000000
-48.000000
-72.000000
-64.000000
-44.000000
-64.000000
-72.000000
-56.000000
-60.000000
-60.000000
-48.000000
-36.000000
-32.000000
-40.000000
-48.000000
-40.000000
-48.000000
-28.000000
-44.000000
-24.000000
-24.000000
-44.000000
-68.000000
-36.000000
-40.000000
-52.000000
-4.000000
-40.000000
-36.000000
-48.000000
-44.000000
-40.000000
-36.000000
-40.000000
-28.000000
-36.000000
-36.000000
-48.000000
-48.000000
-32.000000
-20.000000
-68.000000
-16.000000
-40.000000
-40.000000
-40.000000
-48.000000
-16.000000
-64.000000
-72.000000
-48.000000
-76.000000
-52.000000
-24.000000
-80.000000
-28.000000
-16.000000
-48.000000
-12.000000
-16.000000
-32.000000
-36.000000
-32.000000
-36.000000
-32.000000
-20.000000
-20.000000
-8.000000
-12.000000
-20.000000
-24.000000
-28.000000
-32.000000
-36.000000
-40.000000
-44.000000
-36.000000
-24.000000
-44.000000
-12.000000
-36.000000
-32.000000
-36.000000
-32.000000
-44.000000
-40.000000
-16.000000
-32.000000
-44.000000
-40.000000
-32.000000
-48.000000
-32.000000
-48.000000
-48.000000
-36.000000
-44.000000
-32.000000
-52.000000
-48.000000
-52.000000
-24.000000
-32.000000
-32.000000
-32.000000
-24.000000
-24.000000
-8.000000
-68.000000
-48.000000
-40.000000
-60.000000
-28.000000
-44.000000
-48.000000
-72.000000
-44.000000
-72.000000
-36.000000
-68.000000
-60.000000
-44.000000
-60.000000
-52.000000
-44.000000
-44.000000
-80.000000
-52.000000
-84.000000
-76.000000
-44.000000
-60.000000
-72.000000
-52.000000
-72.000000
-92.000000
-92.000000
-100.000000
-112.000000
-100.000000
-72.000000
-52.000000
-84.000000
-72.000000
-72.000000
-52.000000
-68.000000
-80.000000
-28.000000
-60.000000
-40.000000
-44.000000
-40.000000
-52.000000
-28.000000
-56.000000
-44.000000
-68.000000
-36.000000
-44.000000
-56.000000
-80.000000
-76.000000
-60.000000
-40.000000
-36.000000
-44.000000
-76.000000
-52.000000
-80.000000
-52.000000
-44.000000
-12.000000
-76.000000
-72.000000
-32.000000
-48.000000
-72.000000
-36.000000
-56.000000
-44.000000
-48.000000
-56.000000
-72.000000
-56.000000
-28.000000
-52.000000
-64.000000
-28.000000
-60.000000
-24.000000
-36.000000
-52.000000
-36.000000
-28.000000
-44.000000
-48.000000
-40.000000
-32.000000
-36.000000
-28.000000
-56.000000
-12.000000
-36.000000
-40.000000
-52.000000
-68.000000
-40.000000
-16.000000
-40.000000
-32.000000
-40.000000
-8.000000
-44.000000
-40.000000
-44.000000
-44.000000
-32.000000
-44.000000
-24.000000
-24.000000
-32.000000
-32.000000
-28.000000
-36.000000
-32.000000
-32.000000
-20.000000
-36.000000
-20.000000
-8.000000
-44.000000
-40.000000
-24.000000
-44.000000
-12.000000
-12.000000
-40.000000
-40.000000
-44.000000
-56.000000
-32.000000
-36.000000
-40.000000
-16.000000
-16.000000
-36.000000
-20.000000
-32.000000
-44.000000
-48.000000
-64.000000
-48.000000
-40.000000
-44.000000
-52.000000
-88.000000
-72.000000
-52.000000
-40.000000
-40.000000
-36.000000
0.000000
-12.000000
-56.000000
-20.000000
-44.000000
-36.000000
-48.000000
-60.000000
-44.000000
-40.000000
-64.000000
-32.000000
-44.000000
-52.000000
-36.000000
-60.000000
-52.000000
-40.000000
-28.000000
-48.000000
-32.000000
-56.000000
-68.000000
-64.000000
-36.000000
-44.000000
-56.000000
-40.000000
-48.000000
-44.000000
-28.000000
-56.000000
-32.000000
-48.000000
-32.000000
-52.000000
-52.000000
-64.000000
-60.000000
-60.000000
-68.000000
-64.000000
-40.000000
-56.000000
-32.000000
-28.000000
-36.000000
-16.000000
-44.000000
-32.000000
-36.000000
-24.000000
-32.000000
-20.000000
-36.000000
-32.000000
-12.000000
-44.000000
-12.000000
-32.000000
-44.000000
-24.000000
-28.000000
-36.000000
-28.000000
-20.000000
-40.000000
-40.000000
-20.000000
-56.000000
-32.000000
-28.000000
-40.000000
-28.000000
-36.000000
-32.000000
-32.000000
-44.000000
-36.000000
-44.000000
-24.000000
-36.000000
-48.000000
-24.000000
-28.000000
-44.000000
-40.000000
-84.000000
-52.000000
-48.000000
-24.000000
-12.000000
-28.000000
-40.000000
-32.000000
-32.000000
-16.000000
-20.000000
-40.000000
-28.000000
-60.000000
-56.000000
-44.000000
-56.000000
-56.000000
-84.000000
-68.000000
-36.000000
-52.000000
-64.000000
-64.000000
-64.000000
-72.000000
-80.000000
-60.000000
-52.000000
-80.000000
-80.000000
-48.000000
-52.000000
-60.000000
-80.000000
-72.000000
-64.000000
-52.000000
-64.000000
-76.000000
-80.000000
-60.000000
-52.000000
-96.000000
-88.000000
-80.000000
-52.000000
-60.000000
-80.000000
-76.000000
-60.000000
-44.000000
-44.000000
-16.000000
-28.000000
-44.000000
-64.000000
-52.000000
-48.000000
-56.000000
-60.000000
-32.000000
-88.000000
-32.000000
-64.000000
-72.000000
-60.000000
-44.000000
-60.000000
-40.000000
-64.000000
-64.000000
-56.000000
-68.000000
-44.000000
-80.000000
-40.000000
-48.000000
-80.000000
-84.000000
-88.000000
-60.000000
-40.000000
-68.000000
-44.000000
-48.000000
-60.000000
-64.000000
-64.000000
-52.000000
-56.000000
-40.000000
-84.000000
-44.000000
-52.000000
-44.000000
-40.000000
-44.000000
-48.000000
-36.000000
-32.000000
-20.000000
-36.000000
-36.000000
-40.000000
-56.000000
-32.000000
-44.000000
-44.000000
-36.000000
-44.000000
-40.000000
-44.000000
-52.000000
-28.000000
-60.000000
-64.000000
-44.000000
-64.000000
-56.000000
-60.000000
-32.000000
-28.000000
-44.000000
-28.000000
-60.000000
-60.000000
-40.000000
-40.000000
-24.000000
-36.000000
-28.000000
-40.000000
-40.000000
-48.000000
-16.000000
-28.000000
-32.000000
-48.000000
-52.000000
-28.000000
-44.000000
-44.000000
-32.000000
-32.000000
-28.000000
-8.000000
-12.000000
-40.000000
-24.000000
-36.000000
-60.000000
-72.000000
-72.000000
-28.000000
-36.000000
-60.000000
-36.000000
-56.000000
-44.000000
-28.000000
-52.000000
-20.000000
-48.000000
-56.000000
-40.000000
-28.000000
-52.000000
-36.000000
-32.000000
-36.000000
-44.000000
-36.000000
-56.000000
-16.000000
-48.000000
-24.000000
-28.000000
-36.000000
-40.000000
-32.000000
-28.000000
-60.000000
-64.000000
-68.000000
-40.000000
-44.000000
-52.000000
-40.000000
-40.000000
-20.000000
-36.000000
-32.000000
-40.000000
-48.000000
-28.000000
-40.000000
-44.000000
-36.000000
-44.000000
-72.000000
-40.000000
-64.000000
-76.000000
-56.000000
-44.000000
-40.000000
-48.000000
-48.000000
-28.000000
-48.000000
-20.000000
-28.000000
-32.000000
-48.000000
-24.000000
-40.000000
-28.000000
-24.000000
-16.000000
-20.000000
0.000000
-32.000000
-32.000000
-60.000000
-64.000000
-48.000000
-24.000000
-28.000000
-36.000000
-44.000000
-28.000000
-32.000000
-28.000000
-36.000000
-40.000000
-40.000000
-24.000000
-28.000000
-36.000000
-24.000000
-28.000000
-32.000000
-60.000000
-32.000000
-52.000000
-76.000000
-56.000000
-52.000000
-52.000000
-40.000000
-40.000000
-40.000000
-48.000000
-44.000000
-4.000000
-20.000000
-44.000000
4.000000
-32.000000
-24.000000
-48.000000
-36.000000
-40.000000
-56.000000
-44.000000
-76.000000
-64.000000
-52.000000
-44.000000
-76.000000
-48.000000
-52.000000
-48.000000
-48.000000
-48.000000
-48.000000
-68.000000
-80.000000
-52.000000
-80.000000
-56.000000
-44.000000
-68.000000
-52.000000
-88.000000
-96.000000
-68.000000
-88.000000
-84.000000
-92.000000
-48.000000
-72.000000
-68.000000
-104.000000
-64.000000
-60.000000
-48.000000
-52.000000
-28.000000
-56.000000
-24.000000
-36.000000
-24.000000
-40.000000
-52.000000
-32.000000
-76.000000
-28.000000
-60.000000
-60.000000
-60.000000
-52.000000
-88.000000
-84.000000
-80.000000
-64.000000
-60.000000
-68.000000
-68.000000
-60.000000
-88.000000
-32.000000
-56.000000
-56.000000
-56.000000
-64.000000
-48.000000
-72.000000
-76.000000
-48.000000
-72.000000
-68.000000
-44.000000
-44.000000
-96.000000
-48.000000
-72.000000
-44.000000
-76.000000
-44.000000
-32.000000
-64.000000
-36.000000
-64.000000
-48.000000
-60.000000
-40.000000
-52.000000
-48.000000
-44.000000
-8.000000
-8.000000
-16.000000
-28.000000
-28.000000
-52.000000
-64.000000
-48.000000
-48.000000
-52.000000
-48.000000
-52.000000
-72.000000
-44.000000
-44.000000
-44.000000
-52.000000
-48.000000
-64.000000
-40.000000
-64.000000
-64.000000
-60.000000
-36.000000
-32.000000
-48.000000
-24.000000
-24.000000
-40.000000
-36.000000
-44.000000
-16.000000
-40.000000
-40.000000
-32.000000
-32.000000
-52.000000
-20.000000
-68.000000
-80.000000
-36.000000
-36.000000
-16.000000
-32.000000
-44.000000
-48.000000
-16.000000
-36.000000
-12.000000
-40.000000
-80.000000
-76.000000
-64.000000
-80.000000
-80.000000
-36.000000
-64.000000
-68.000000
-44.000000
-64.000000
-40.000000
-44.000000
-28.000000
-48.000000
-32.000000
-48.000000
-28.000000
-32.000000
-48.000000
-16.000000
-32.000000
-56.000000
-44.000000
