396.000000
660.000000
912.000000
1112.000000
1244.000000
1324.000000
1324.000000
1180.000000
960.000000
644.000000
232.000000
-228.000000
-700.000000
-1216.000000
-1592.000000
-1956.000000
-2160.000000
-2268.000000
-2188.000000
-1984.000000
-1632.000000
-1196.000000
-632.000000
-16.000000
568.000000
1096.000000
1584.000000
1904.000000
2116.000000
2168.000000
2092.000000
1840.000000
1496.000000
1064.000000
580.000000
124.000000
-344.000000
-772.000000
-1092.000000
-1296.000000
-1440.000000
-1456.000000
-1356.000000
-1208.000000
-1016.000000
-724.000000
-496.000000
-216.000000
-92.000000
-76.000000
-48.000000
-56.000000
-48.000000
-16.000000
-36.000000
-24.000000
-12.000000
-44.000000
-8.000000
-44.000000
-32.000000
-56.000000
-40.000000
-52.000000
-40.000000
-72.000000
-52.000000
-60.000000
-76.000000
-52.000000
-64.000000
-48.000000
-36.000000
-60.000000
-64.000000
-32.000000
-32.000000
-48.000000
-36.000000
-60.000000
-40.000000
-64.000000
-36.000000
-40.000000
-32.000000
-36.000000
-48.000000
-32.000000
-24.000000
-12.000000
-40.000000
-24.000000
-40.000000
-40.000000
-36.000000
-24.000000
-64.000000
-36.000000
-24.000000
-20.000000
-36.000000
-44.000000
-36.000000
-48.000000
-4.000000
-8.000000
-32.000000
-24.000000
-32.000000
-36.000000
-64.000000
-20.000000
-52.000000
-36.000000
-48.000000
-32.000000
-32.000000
-36.000000
-20.000000
-44.000000
-44.000000
-36.000000
-44.000000
-40.000000
-40.000000
-44.000000
-24.000000
-44.000000
-20.000000
-36.000000
-44.000000
-36.000000
-8.000000
-36.000000
-36.000000
-24.000000
-24.000000
-24.000000
-20.000000
-44.000000
-40.000000
-28.000000
-32.000000
-20.000000
-48.000000
-36.000000
-12.000000
-28.000000
-44.000000
-36.000000
-4.000000
-4.000000
-12.000000
-8.000000
-40.000000
-32.000000
-64.000000
-60.000000
-60.000000
-40.000000
-68.000000
-52.000000
-48.000000
-48.000000
-28.000000
-48.000000
-44.000000
-44.000000
-16.000000
-36.000000
-28.000000
-44.000000
-28.000000
-32.000000
-8.000000
-36.000000
-32.000000
-20.000000
-20.000000
-28.000000
-28.000000
-16.000000
-24.000000
-12.000000
-36.000000
-36.000000
-36.000000
-40.000000
-32.000000
-40.000000
-16.000000
-36.000000
-32.000000
-44.000000
-16.000000
-44.000000
-40.000000
0.000000
-44.000000
8.000000
-24.000000
-28.000000
-36.000000
-32.000000
-52.000000
-40.000000
-48.000000
-48.000000
-40.000000
-8.000000
-44.000000
-32.000000
-24.000000
-12.000000
-16.000000
-8.000000
-4.000000
4.000000
0.000000
-8.000000
-16.000000
-8.000000
-16.000000
0.000000
-12.000000
-16.000000
-4.000000
-16.000000
-20.000000
-20.000000
-28.000000
-8.000000
-36.000000
-4.000000
-32.000000
-8.000000
-32.000000
-28.000000
-12.000000
-12.000000
-36.000000
-20.000000
-28.000000
-36.000000
-24.000000
-16.000000
-4.000000
-36.000000
-36.000000
-36.000000
-36.000000
-20.000000
-40.000000
-52.000000
-40.000000
-44.000000
-24.000000
-24.000000
-8.000000
-24.000000
-76.000000
-36.000000
-8.000000
-8.000000
-68.000000
-12.000000
-36.000000
-44.000000
-8.000000
-44.000000
-52.000000
-52.000000
-60.000000
-20.000000
-56.000000
-32.000000
-48.000000
-60.000000
-40.000000
-68.000000
-80.000000
-60.000000
-52.000000
-84.000000
-76.000000
-36.000000
-52.000000
-76.000000
-56.000000
-64.000000
-68.000000
-76.000000
-48.000000
-40.000000
-52.000000
-48.000000
-40.000000
-48.000000
-56.000000
-48.000000
-36.000000
-48.000000
-48.000000
-64.000000
-28.000000
-4.000000
-32.000000
-12.000000
-40.000000
-48.000000
-40.000000
-56.000000
-20.000000
-52.000000
-60.000000
-32.000000
-44.000000
-36.000000
-56.000000
-44.000000
-48.000000
-60.000000
-20.000000
-48.000000
-36.000000
-48.000000
-36.000000
-44.000000
-48.000000
-48.000000
-40.000000
-52.000000
-44.000000
-60.000000
-48.000000
-40.000000
-36.000000
-36.000000
-60.000000
-36.000000
-32.000000
-56.000000
-12.000000
-40.000000
-24.000000
-8.000000
-44.000000
-20.000000
-28.000000
-40.000000
0.000000
-48.000000
-32.000000
-28.000000
4.000000
4.000000
-36.000000
-20.000000
-36.000000
-52.000000
-40.000000
-40.000000
-48.000000
-64.000000
-48.000000
-64.000000
-36.000000
-44.000000
-52.000000
-28.000000
-60.000000
-12.000000
-32.000000
-48.000000
-40.000000
-52.000000
-20.000000
-24.000000
-36.000000
-24.000000
-24.000000
-16.000000
-32.000000
-16.000000
-24.000000
-20.000000
-24.000000
-20.000000
-24.000000
-16.000000
-28.000000
-20.000000
-44.000000
-40.000000
-36.000000
-8.000000
-20.000000
-28.000000
-24.000000
-44.000000
-12.000000
-44.000000
-44.000000
-28.000000
-24.000000
-44.000000
-24.000000
-52.000000
-60.000000
-36.000000
-40.000000
-48.000000
-40.000000
-60.000000
-48.000000
-52.000000
-44.000000
-40.000000
-24.000000
-60.000000
-24.000000
-24.000000
-40.000000
-16.000000
-40.000000
-32.000000
-12.000000
-12.000000
-32.000000
-32.000000
-28.000000
-36.000000
-12.000000
-32.000000
-28.000000
-48.000000
-32.000000
-28.000000
-56.000000
-32.000000
-20.000000
-52.000000
-12.000000
-28.000000
-52.000000
-16.000000
-32.000000
-32.000000
-32.000000
-12.000000
-24.000000
-28.000000
-24.000000
-36.000000
-80.000000
-48.000000
-64.000000
-40.000000
-32.000000
-52.000000
-8.000000
-28.000000
-24.000000
-20.000000
-8.000000
-12.000000
-44.000000
-44.000000
0.000000
-16.000000
8.000000
-16.000000
-36.000000
4.000000
-12.000000
-12.000000
-12.000000
-32.000000
-12.000000
-36.000000
-16.000000
-24.000000
-20.000000
-16.000000
-8.000000
-44.000000
-24.000000
-40.000000
-20.000000
-8.000000
-16.000000
-16.000000
-24.000000
-20.000000
-32.000000
-24.000000
-24.000000
-16.000000
-32.000000
-24.000000
-28.000000
-36.000000
-44.000000
-44.000000
-48.000000
-64.000000
-16.000000
-44.000000
-36.000000
-24.000000
-28.000000
-28.000000
-44.000000
-12.000000
-36.000000
-40.000000
-28.000000
-60.000000
-36.000000
-36.000000
-36.000000
-60.000000
-20.000000
-28.000000
-48.000000
-56.000000
-48.000000
-48.000000
-60.000000
-60.000000
-76.000000
-24.000000
-48.000000
-28.000000
-48.000000
-36.000000
0.000000
-60.000000
-92.000000
-60.000000
-80.000000
-92.000000
-24.000000
-64.000000
-64.000000
-60.000000
-80.000000
-64.000000
-44.000000
-80.000000
-72.000000
-56.000000
-40.000000
-40.000000
-36.000000
-20.000000
-24.000000
0.000000
-28.000000
-28.000000
-44.000000
-56.000000
-48.000000
-48.000000
-48.000000
-48.000000
-32.000000
-76.000000
-48.000000
-48.000000
-48.000000
-44.000000
-48.000000
-56.000000
-40.000000
-52.000000
-44.000000
-60.000000
-24.000000
-56.000000
-44.000000
-40.000000
-52.000000
-52.000000
-68.000000
-40.000000
-52.000000
-8.000000
-24.000000
-60.000000
-16.000000
-40.000000
-4.000000
-20.000000
-28.000000
-8.000000
-24.000000
-32.000000
-44.000000
-24.000000
-52.000000
-24.000000
-20.000000
-12.000000
-28.000000
4.000000
-44.000000
12.000000
-28.000000
-40.000000
-28.000000
-28.000000
-20.000000
-40.000000
-48.000000
-28.000000
-32.000000
-28.000000
-52.000000
-32.000000
-36.000000
-28.000000
-20.000000
-48.000000
-16.000000
-16.000000
-36.000000
-32.000000
-20.000000
-28.000000
-24.000000
-24.000000
-28.000000
-24.000000
-16.000000
-20.000000
0.000000
-20.000000
-16.000000
-12.000000
-16.000000
-20.000000
-24.000000
-8.000000
-40.000000
-12.000000
-16.000000
-20.000000
-32.000000
-8.000000
-20.000000
-32.000000
-16.000000
-8.000000
-32.000000
-20.000000
-32.000000
-72.000000
-40.000000
-40.000000
-76.000000
-44.000000
-60.000000
-32.000000
-28.000000
-48.000000
-32.000000
-12.000000
-28.000000
-32.000000
-20.000000
-16.000000
-48.000000
-28.000000
-28.000000
-20.000000
-32.000000
-28.000000
-12.000000
-28.000000
-48.000000
-44.000000
-32.000000
-20.000000
-20.000000
-16.000000
-40.000000
-32.000000
-32.000000
0.000000
-32.000000
-12.000000
-28.000000
-24.000000
-24.000000
-32.000000
-24.000000
-40.000000
-20.000000
-24.000000
-40.000000
-12.000000
-32.000000
-32.000000
-32.000000
-56.000000
-64.000000
-64.000000
-40.000000
-32.000000
-36.000000
-32.000000
-24.000000
-16.000000
-16.000000
-12.000000
-12.000000
-40.000000
-36.000000
4.000000
-20.000000
-12.000000
-20.000000
-28.000000
-12.000000
-20.000000
-8.000000
-36.000000
0.000000
0.000000
-28.000000
-4.000000
-16.000000
-28.000000
4.000000
-16.000000
-16.000000
-28.000000
-20.000000
-40.000000
-36.000000
-28.000000
-24.000000
-20.000000
-12.000000
-16.000000
-48.000000
-28.000000
-40.000000
-24.000000
-24.000000
-32.000000
-28.000000
-60.000000
-40.000000
-36.000000
-24.000000
-36.000000
-16.000000
12.000000
-20.000000
-20.000000
-16.000000
-40.000000
-24.000000
-24.000000
-28.000000
-36.000000
-20.000000
-52.000000
-56.000000
-24.000000
-56.000000
-44.000000
-48.000000
-32.000000
-60.000000
-60.000000
-48.000000
-60.000000
-40.000000
-52.000000
-56.000000
-48.000000
-32.000000
-44.000000
-56.000000
-24.000000
-56.000000
-60.000000
-80.000000
-52.000000
-56.000000
-68.000000
-60.000000
-68.000000
-72.000000
-20.000000
-72.000000
-64.000000
-88.000000
-36.000000
-80.000000
-48.000000
-72.000000
-24.000000
-12.000000
-24.000000
-4.000000
-44.000000
-16.000000
-48.000000
-8.000000
-84.000000
-52.000000
-52.000000
-60.000000
-56.000000
-32.000000
-64.000000
-44.000000
-36.000000
-48.000000
-52.000000
-44.000000
-60.000000
-48.000000
-20.000000
-52.000000
-16.000000
-36.000000
-28.000000
-72.000000
-60.000000
-48.000000
-48.000000
-56.000000
-36.000000
-24.000000
-72.000000
-28.000000
-36.000000
-36.000000
-36.000000
-20.000000
-56.000000
-8.000000
-64.000000
-48.000000
-44.000000
-32.000000
-36.000000
-44.000000
-44.000000
-4.000000
0.000000
-16.000000
-28.000000
-24.000000
-28.000000
-32.000000
-32.000000
-44.000000
-44.000000
-24.000000
12.000000
-40.000000
-40.000000
-40.000000
-36.000000
-28.000000
-52.000000
-16.000000
-40.000000
-16.000000
-40.000000
-28.000000
-24.000000
-24.000000
-28.000000
-32.000000
-24.000000
-28.000000
-16.000000
-36.000000
-32.000000
-12.000000
-40.000000
0.000000
-32.000000
-20.000000
-36.000000
-40.000000
-40.000000
-20.000000
-20.000000
-36.000000
-4.000000
-8.000000
-8.000000
-32.000000
-24.000000
-20.000000
-36.000000
-28.000000
-48.000000
-40.000000
-52.000000
-72.000000
-48.000000
-68.000000
-64.000000
-40.000000
-36.000000
-36.000000
-36.000000
-32.000000
-24.000000
-32.000000
-40.000000
4.000000
-16.000000
-36.000000
-32.000000
-16.000000
-20.000000
8.000000
-12.000000
-32.000000
8.000000
-24.000000
-12.000000
-16.000000
-64.000000
-12.000000
-40.000000
-16.000000
-24.000000
-16.000000
-36.000000
-24.000000
-32.000000
-40.000000
-12.000000
-28.000000
-52.000000
-24.000000
-40.000000
-16.000000
-24.000000
-36.000000
-20.000000
-20.000000
-32.000000
-72.000000
-64.000000
-40.000000
-36.000000
-44.000000
-36.000000
-44.000000
-20.000000
-12.000000
-20.000000
-32.000000
-12.000000
-8.000000
-16.000000
20.000000
-12.000000
-20.000000
-20.000000
-60.000000
-8.000000
-8.000000
-24.000000
4.000000
-4.000000
-28.000000
-4.000000
-28.000000
-20.000000
-8.000000
-48.000000
-20.000000
-40.000000
-56.000000
-16.000000
-36.000000
-24.000000
-24.000000
-16.000000
-48.000000
-28.000000
-24.000000
-8.000000
-36.000000
-32.000000
-44.000000
-16.000000
-32.000000
-32.000000
-28.000000
-48.000000
-64.000000
-20.000000
-36.000000
-28.000000
-24.000000
-32.000000
4.000000
-4.000000
0.000000
-32.000000
0.000000
-48.000000
-28.000000
-20.000000
-32.000000
-32.000000
-44.000000
-36.000000
-36.000000
-44.000000
-40.000000
-56.000000
-72.000000
-56.000000
-52.000000
-28.000000
-44.000000
-64.000000
-68.000000
-44.000000
-48.000000
-60.000000
-60.000000
-44.000000
-56.000000
-52.000000
-52.000000
-32.000000
-76.000000
-72.000000
-68.000000
-60.000000
-48.000000
-36.000000
-60.000000
-68.000000
-32.000000
-56.000000
-40.000000
-76.000000
-52.000000
-20.000000
-24.000000
-28.000000
-16.000000
-32.000000
-56.000000
-12.000000
-44.000000
-64.000000
-48.000000
-32.000000
-44.000000
-56.000000
-28.000000
-56.000000
-44.000000
-40.000000
-36.000000
-40.000000
-52.000000
-40.000000
-52.000000
-40.000000
-48.000000
-44.000000
0.000000
-64.000000
-48.000000
-40.000000
-56.000000
-48.000000
-24.000000
-24.000000
-52.000000
-64.000000
-24.000000
-48.000000
-28.000000
-80.000000
-36.000000
-44.000000
-36.000000
-28.000000
-44.000000
-40.000000
-20.000000
-20.000000
-40.000000
-36.000000
-8.000000
8.000000
0.000000
-24.000000
-4.000000
-24.000000
-28.000000
-44.000000
-32.000000
-44.000000
-40.000000
-44.000000
-48.000000
-40.000000
-52.000000
-40.000000
-48.000000
-44.000000
-56.000000
-36.000000
-16.000000
-56.000000
-32.000000
-32.000000
-24.000000
-44.000000
-28.000000
-48.000000
-28.000000
-44.000000
-12.000000
-28.000000
-44.000000
-44.000000
-20.000000
-36.000000
-44.000000
-40.000000
-12.000000
-28.000000
-36.000000
-20.000000
-16.000000
-16.000000
-32.000000
-20.000000
-56.000000
-40.000000
-40.000000
0.000000
-12.000000
-32.000000
-52.000000
-44.000000
-48.000000
-64.000000
-44.000000
-40.000000
-44.000000
-32.000000
-28.000000
-32.000000
-20.000000
-28.000000
-36.000000
-32.000000
-32.000000
-8.000000
-12.000000
-20.000000
-32.000000
-48.000000
-20.000000
-20.000000
-20.000000
-28.000000
-28.000000
-20.000000
-28.000000
-40.000000
-16.000000
-20.000000
-36.000000
-36.000000
-32.000000
-32.000000
-24.000000
-16.000000
-52.000000
-36.000000
-48.000000
-20.000000
-40.000000
-20.000000
-24.000000
-32.000000
-16.000000
-20.000000
-36.000000
-40.000000
-52.000000
-68.000000
-60.000000
-60.000000
-32.000000
-36.000000
-36.000000
-36.000000
-8.000000
-16.000000
4.000000
4.000000
0.000000
24.000000
12.000000
-12.000000
8.000000
-24.000000
-4.000000
0.000000
-24.000000
-4.000000
-4.000000
-32.000000
-16.000000
-20.000000
-36.000000
-32.000000
0.000000
-36.000000
-16.000000
-16.000000
-28.000000
-4.000000
-52.000000
-24.000000
-36.000000
-24.000000
-28.000000
-16.000000
-48.000000
-12.000000
-40.000000
-12.000000
-32.000000
-36.000000
-12.000000
-20.000000
-36.000000
-32.000000
-44.000000
-24.000000
-40.000000
-36.000000
-24.000000
-52.000000
-32.000000
4.000000
-20.000000
12.000000
-28.000000
4.000000
-40.000000
-16.000000
-32.000000
-52.000000
-48.000000
-20.000000
-32.000000
-64.000000
-28.000000
-72.000000
-72.000000
-44.000000
-60.000000
-24.000000
-40.000000
-68.000000
-48.000000
-44.000000
-76.000000
-52.000000
-56.000000
-76.000000
-56.000000
-60.000000
-60.000000
-48.000000
-40.000000
-48.000000
-24.000000
-60.000000
-24.000000
-72.000000
-64.000000
-36.000000
-68.000000
-52.000000
-76.000000
-36.000000
-48.000000
-44.000000
-40.000000
-20.000000
-24.000000
-32.000000
-36.000000
-32.000000
-40.000000
-36.000000
-52.000000
-40.000000
-44.000000
-44.000000
-64.000000
-36.000000
-64.000000
-40.000000
-40.000000
-84.000000
-40.000000
-36.000000
-48.000000
-52.000000
-44.000000
-52.000000
-16.000000
-56.000000
-76.000000
-24.000000
-36.000000
-68.000000
-16.000000
-52.000000
-76.000000
-40.000000
-20.000000
-56.000000
-32.000000
-48.000000
-56.000000
-24.000000
-28.000000
-40.000000
-48.000000
-48.000000
-16.000000
-48.000000
-56.000000
-40.000000
-20.000000
12.000000
16.000000
-36.000000
-20.000000
-44.000000
-8.000000
-36.000000
-12.000000
-44.000000
-40.000000
-60.000000
-40.000000
-36.000000
-48.000000
-32.000000
-48.000000
-36.000000
-56.000000
-44.000000
-28.000000
-44.000000
-32.000000
-16.000000
-36.000000
-16.000000
-20.000000
-32.000000
-24.000000
-8.000000
-24.000000
-72.000000
-16.000000
-12.000000
-28.000000
-8.000000
-12.000000
-4.000000
-32.000000
-20.000000
-12.000000
-36.000000
-40.000000
-12.000000
-20.000000
-32.000000
-32.000000
-16.000000
-32.000000
-16.000000
-48.000000
-8.000000
-52.000000
-56.000000
-56.000000
-72.000000
-60.000000
-52.000000
-28.000000
-60.000000
-36.000000
-16.000000
-40.000000
-32.000000
-32.000000
-40.000000
-32.000000
-32.000000
-12.000000
-28.000000
-32.000000
-24.000000
-32.000000
-52.000000
-20.000000
-48.000000
-28.000000
-24.000000
-52.000000
-56.000000
-28.000000
-40.000000
-40.000000
-20.000000
-20.000000
-32.000000
-44.000000
-12.000000
-20.000000
-24.000000
-12.000000
-12.000000
-20.000000
-36.000000
-24.000000
-36.000000
-24.000000
-20.000000
-32.000000
-40.000000
-72.000000
-72.000000
-72.000000
-16.000000
-52.000000
-40.000000
-16.000000
-20.000000
-8.000000
-20.000000
0.000000
-4.000000
8.000000
-20.000000
-20.000000
0.000000
-8.000000
-40.000000
-12.000000
-12.000000
-32.000000
-4.000000
-16.000000
-8.000000
-36.000000
-12.000000
-28.000000
-4.000000
-8.000000
-28.000000
-24.000000
-20.000000
-72.000000
-24.000000
-16.000000
-32.000000
-24.000000
-48.000000
-12.000000
-16.000000
-12.000000
-48.000000
-16.000000
-16.000000
-24.000000
-24.000000
-32.000000
-44.000000
-12.000000
-40.000000
-44.000000
-44.000000
-4.000000
-20.000000
0.000000
-32.000000
0.000000
-16.000000
-4.000000
-40.000000
-20.000000
-40.000000
-44.000000
-20.000000
-52.000000
-68.000000
-16.000000
-40.000000
-68.000000
-36.000000
-76.000000
-56.000000
-52.000000
-36.000000
-36.000000
-64.000000
-40.000000
-56.000000
-44.000000
-72.000000
-80.000000
-28.000000
-32.000000
-16.000000
-64.000000
-64.000000
-28.000000
-52.000000
-80.000000
-64.000000
-76.000000
-84.000000
-40.000000
-56.000000
-56.000000
-48.000000
-60.000000
-56.000000
-64.000000
-68.000000
-32.000000
-28.000000
-24.000000
-36.000000
-36.000000
-4.000000
-32.000000
-44.000000
-48.000000
-32.000000
-40.000000
-68.000000
-20.000000
-48.000000
-56.000000
-44.000000
-48.000000
-56.000000
-44.000000
-64.000000
-32.000000
-48.000000
-36.000000
-36.000000
-80.000000
-48.000000
-76.000000
-32.000000
-44.000000
-44.000000
-36.000000
-24.000000
-48.000000
-36.000000
-68.000000
-60.000000
-40.000000
-20.000000
-76.000000
-44.000000
-28.000000
-44.000000
-48.000000
-16.000000
-4.000000
-48.000000
-44.000000
-40.000000
-44.000000
-48.000000
0.000000
-24.000000
0.000000
-28.000000
-32.000000
-28.000000
-36.000000
-44.000000
-32.000000
-36.000000
-40.000000
-32.000000
-28.000000
-16.000000
-60.000000
-44.000000
-36.000000
-24.000000
-60.000000
-32.000000
-40.000000
-36.000000
-40.000000
-40.000000
-32.000000
-32.000000
-32.000000
-36.000000
-28.000000
-28.000000
-32.000000
-28.000000
-28.000000
-24.000000
-28.000000
-24.000000
-24.000000
-32.000000
-20.000000
-24.000000
-20.000000
-12.000000
-44.000000
0.000000
-24.000000
-28.000000
-12.000000
-44.000000
-16.000000
0.000000
-4.000000
-44.000000
-52.000000
-48.000000
-76.000000
-80.000000
-72.000000
-80.000000
-76.000000
-44.000000
-36.000000
-56.000000
-44.000000
-16.000000
-40.000000
-40.000000
-44.000000
-12.000000
-12.000000
-24.000000
0.000000
-24.000000
-40.000000
-24.000000
-32.000000
-20.000000
-20.000000
-20.000000
-24.000000
-20.000000
-44.000000
-44.000000
-24.000000
-36.000000
-32.000000
-44.000000
-8.000000
-16.000000
-24.000000
-32.000000
-32.000000
-36.000000
-44.000000
-16.000000
-20.000000
-48.000000
-16.000000
-24.000000
-28.000000
-44.000000
-52.000000
-80.000000
-64.000000
-24.000000
-32.000000
-32.000000
-32.000000
-28.000000
-16.000000
-12.000000
4.000000
-24.000000
-20.000000
12.000000
-16.000000
0.000000
-12.000000
-20.000000
-16.000000
-48.000000
-56.000000
-28.000000
-40.000000
-12.000000
-20.000000
-40.000000
0.000000
-32.000000
-48.000000
-28.000000
-32.000000
-52.000000
-24.000000
-24.000000
-16.000000
-28.000000
-28.000000
-36.000000
-12.000000
-36.000000
-32.000000
-32.000000
-48.000000
-44.000000
-36.000000
-32.000000
-40.000000
-36.000000
-28.000000
-24.000000
-28.000000
-52.000000
-28.000000
-32.000000
-44.000000
-36.000000
-4.000000
-36.000000
-20.000000
-32.000000
-76.000000
-24.000000
-60.000000
-12.000000
-52.000000
-60.000000
-56.000000
-52.000000
-44.000000
-40.000000
-68.000000
-36.000000
-32.000000
-80.000000
-68.000000
-64.000000
-52.000000
-80.000000
-28.000000
-64.000000
-84.000000
-52.000000
-44.000000
-56.000000
-48.000000
-72.000000
-88.000000
-88.000000
-80.000000
-64.000000
-76.000000
-52.000000
-40.000000
-44.000000
-48.000000
-36.000000
-92.000000
-28.000000
-60.000000
-40.000000
-60.000000
-16.000000
-28.000000
-44.000000
-24.000000
-40.000000
-52.000000
-36.000000
-48.000000
-40.000000
-72.000000
-44.000000
-48.000000
-28.000000
-72.000000
-60.000000
-32.000000
-76.000000
-44.000000
-52.000000
-40.000000
-68.000000
-32.000000
-20.000000
-44.000000
-20.000000
-40.000000
-44.000000
-88.000000
-60.000000
-44.000000
-44.000000
-48.000000
-40.000000
-76.000000
-44.000000
-36.000000
-68.000000
-28.000000
-64.000000
-20.000000
-48.000000
-40.000000
-52.000000
-40.000000
-28.000000
-48.000000
-32.000000
-48.000000
-8.000000
-12.000000
20.000000
-32.000000
-8.000000
-56.000000
-28.000000
-60.000000
-60.000000
-32.000000
-28.000000
-56.000000
-36.000000
-52.000000
-24.000000
-68.000000
-52.000000
-76.000000
-32.000000
-44.000000
-48.000000
-28.000000
-28.000000
-56.000000
-16.000000
-40.000000
-44.000000
-32.000000
-8.000000
-32.000000
-36.000000
-32.000000
-44.000000
-24.000000
-44.000000
-32.000000
-16.000000
-36.000000
-48.000000
-24.000000
-36.000000
-32.000000
-32.000000
-40.000000
-28.000000
-36.000000
-24.000000
-56.000000
-4.000000
-8.000000
-24.000000
4.000000
-40.000000
-52.000000
-48.000000
-88.000000
-52.000000
-36.000000
-28.000000
-48.000000
-48.000000
-32.000000
-56.000000
-44.000000
-28.000000
-36.000000
-36.000000
-28.000000
-28.000000
-48.000000
-36.000000
-12.000000
-44.000000
-12.000000
-36.000000
-16.000000
-32.000000
-64.000000
-32.000000
-28.000000
-48.000000
-32.000000
-16.000000
-12.000000
-16.000000
-48.000000
-24.000000
-12.000000
-44.000000
-32.000000
-16.000000
0.000000
-40.000000
-24.000000
-28.000000
-40.000000
-36.000000
-40.000000
-28.000000
-32.000000
-44.000000
-64.000000
-84.000000
-64.000000
-56.000000
-52.000000
-40.000000
-44.000000
-36.000000
-24.000000
-8.000000
4.000000
0.000000
4.000000
-36.000000
-12.000000
-8.000000
-20.000000
0.000000
0.000000
0.000000
-32.000000
-16.000000
-28.000000
-20.000000
-12.000000
-32.000000
0.000000
-24.000000
-20.000000
-20.000000
-40.000000
-8.000000
-28.000000
-28.000000
-24.000000
-8.000000
-12.000000
-36.000000
-28.000000
-40.000000
-16.000000
-40.000000
-40.000000
-40.000000
-52.000000
-48.000000
-36.000000
-44.000000
-28.000000
-76.000000
-32.000000
-16.000000
-48.000000
-40.000000
-16.000000
-20.000000
-28.000000
-52.000000
-32.000000
-32.000000
-32.000000
-60.000000
-48.000000
-36.000000
-32.000000
-40.000000
-56.000000
-40.000000
-56.000000
-60.000000
-48.000000
-44.000000
-80.000000
-52.000000
-28.000000
-36.000000
-76.000000
-32.000000
-28.000000
-52.000000
-52.000000
-76.000000
-48.000000
-48.000000
-48.000000
-28.000000
-44.000000
-60.000000
-56.000000
-56.000000
-56.000000
-52.000000
-60.000000
-44.000000
