588.000000
820.000000
1040.000000
1236.000000
1356.000000
1340.000000
1264.000000
1072.000000
804.000000
436.000000
-28.000000
-540.000000
-996.000000
-1428.000000
-1824.000000
-2088.000000
-2236.000000
-2248.000000
-2084.000000
-1780.000000
-1372.000000
-860.000000
-276.000000
324.000000
892.000000
1396.000000
1780.000000
2056.000000
2180.000000
2152.000000
1972.000000
1664.000000
1276.000000
804.000000
352.000000
-144.000000
-592.000000
-924.000000
-1224.000000
-1364.000000
-1412.000000
-1384.000000
-1268.000000
-1048.000000
-828.000000
-564.000000
-308.000000
-180.000000
-12.000000
-24.000000
-36.000000
-68.000000
-56.000000
-64.000000
-60.000000
-48.000000
-76.000000
-80.000000
-64.000000
-64.000000
-80.000000
-76.000000
-64.000000
-84.000000
-68.000000
-84.000000
-88.000000
-52.000000
-96.000000
-76.000000
-60.000000
-56.000000
-92.000000
-92.000000
-64.000000
-76.000000
-68.000000
-64.000000
-40.000000
-44.000000
-48.000000
-72.000000
-60.000000
-64.000000
-80.000000
-64.000000
-52.000000
-56.000000
-32.000000
-28.000000
-28.000000
-44.000000
-60.000000
-40.000000
-56.000000
-72.000000
-36.000000
-56.000000
-80.000000
-60.000000
-64.000000
-48.000000
-32.000000
-44.000000
-72.000000
-52.000000
-32.000000
-80.000000
-20.000000
-48.000000
-40.000000
-60.000000
-52.000000
-60.000000
-32.000000
-64.000000
-28.000000
-48.000000
-32.000000
-32.000000
-36.000000
-40.000000
-32.000000
-64.000000
-44.000000
-52.000000
-44.000000
-48.000000
-44.000000
-40.000000
-60.000000
-56.000000
-32.000000
-40.000000
-44.000000
-32.000000
-12.000000
4.000000
-24.000000
-12.000000
-16.000000
-44.000000
-40.000000
-32.000000
-48.000000
-40.000000
-52.000000
-48.000000
-40.000000
-76.000000
-48.000000
-48.000000
-28.000000
-40.000000
-44.000000
-36.000000
-32.000000
-24.000000
-8.000000
-48.000000
-24.000000
-28.000000
-32.000000
-60.000000
-24.000000
-4.000000
-44.000000
-40.000000
-24.000000
-4.000000
-28.000000
-12.000000
-36.000000
-40.000000
-44.000000
-48.000000
-12.000000
-24.000000
-16.000000
-36.000000
-60.000000
-32.000000
-36.000000
0.000000
-48.000000
-28.000000
-28.000000
-12.000000
-48.000000
-48.000000
-56.000000
-80.000000
-88.000000
-44.000000
-52.000000
-48.000000
-36.000000
-60.000000
-32.000000
-20.000000
-20.000000
-64.000000
-20.000000
-28.000000
-28.000000
-12.000000
-44.000000
-16.000000
-24.000000
-36.000000
-40.000000
-24.000000
-44.000000
-24.000000
-20.000000
-16.000000
-24.000000
-32.000000
-24.000000
-48.000000
-24.000000
-24.000000
-28.000000
-12.000000
-20.000000
-56.000000
-36.000000
-36.000000
-36.000000
-40.000000
-36.000000
-16.000000
-56.000000
-32.000000
-20.000000
-56.000000
-52.000000
-68.000000
-80.000000
-56.000000
-32.000000
-36.000000
-60.000000
-24.000000
-68.000000
-8.000000
-24.000000
12.000000
-32.000000
-12.000000
0.000000
-8.000000
-28.000000
-12.000000
0.000000
-12.000000
-4.000000
-20.000000
-16.000000
-12.000000
-32.000000
-12.000000
-20.000000
-20.000000
-16.000000
-16.000000
-36.000000
-16.000000
-40.000000
-16.000000
-52.000000
-40.000000
-12.000000
-68.000000
-48.000000
-20.000000
-72.000000
-40.000000
-48.000000
-44.000000
-24.000000
-24.000000
-64.000000
-36.000000
-44.000000
-44.000000
-48.000000
-72.000000
-36.000000
-48.000000
-48.000000
-8.000000
-32.000000
-32.000000
-36.000000
-28.000000
-28.000000
-44.000000
-44.000000
-8.000000
-44.000000
-52.000000
-76.000000
-52.000000
-48.000000
-36.000000
-60.000000
-80.000000
-56.000000
-64.000000
-64.000000
-72.000000
-76.000000
-92.000000
-72.000000
-80.000000
-88.000000
-92.000000
-40.000000
-56.000000
-64.000000
-80.000000
-92.000000
-68.000000
-76.000000
-52.000000
-40.000000
-52.000000
-44.000000
-80.000000
-80.000000
-56.000000
-56.000000
-84.000000
-56.000000
-80.000000
-32.000000
-52.000000
-24.000000
-24.000000
-24.000000
-32.000000
-40.000000
-56.000000
-52.000000
-84.000000
-72.000000
-36.000000
-48.000000
-68.000000
-68.000000
-64.000000
-68.000000
-44.000000
-44.000000
-56.000000
-64.000000
-68.000000
-36.000000
-52.000000
-72.000000
-76.000000
-28.000000
-44.000000
-28.000000
-64.000000
-52.000000
-28.000000
-52.000000
-28.000000
-40.000000
-60.000000
-36.000000
-28.000000
-44.000000
-36.000000
-72.000000
-32.000000
-24.000000
-36.000000
-40.000000
-36.000000
-64.000000
-12.000000
-48.000000
-40.000000
-32.000000
-24.000000
-28.000000
-28.000000
-36.000000
-36.000000
-36.000000
-44.000000
-48.000000
-32.000000
-72.000000
-48.000000
-52.000000
-48.000000
-32.000000
-32.000000
-24.000000
-48.000000
-36.000000
-48.000000
-40.000000
-32.000000
-16.000000
-28.000000
-36.000000
-36.000000
-32.000000
-24.000000
-48.000000
-44.000000
-44.000000
-60.000000
-40.000000
-36.000000
-32.000000
-28.000000
-44.000000
-24.000000
-20.000000
-24.000000
-28.000000
-52.000000
-44.000000
-8.000000
-20.000000
-24.000000
-16.000000
-48.000000
-32.000000
-4.000000
-8.000000
-36.000000
-52.000000
-72.000000
-88.000000
-52.000000
-72.000000
-76.000000
-36.000000
-52.000000
-48.000000
-32.000000
-8.000000
-44.000000
-20.000000
-20.000000
-44.000000
-36.000000
-16.000000
-28.000000
-12.000000
-20.000000
-24.000000
-52.000000
-60.000000
-16.000000
-32.000000
-12.000000
-36.000000
-36.000000
-12.000000
-24.000000
-48.000000
-52.000000
-8.000000
-24.000000
-48.000000
-36.000000
-32.000000
-36.000000
-56.000000
-28.000000
-48.000000
-40.000000
-24.000000
-44.000000
-52.000000
-48.000000
-48.000000
-48.000000
-64.000000
-56.000000
-72.000000
-40.000000
-52.000000
-48.000000
-40.000000
-32.000000
-44.000000
-24.000000
-12.000000
-8.000000
4.000000
-8.000000
-8.000000
-28.000000
-32.000000
-28.000000
0.000000
-12.000000
-16.000000
-28.000000
-8.000000
-12.000000
-12.000000
-20.000000
-32.000000
-12.000000
-24.000000
-28.000000
-8.000000
-24.000000
-36.000000
-16.000000
-20.000000
-36.000000
-12.000000
-40.000000
-44.000000
-32.000000
-36.000000
-48.000000
-52.000000
-44.000000
-32.000000
-28.000000
-28.000000
-64.000000
-44.000000
-28.000000
-28.000000
-40.000000
-32.000000
-44.000000
-48.000000
-16.000000
-16.000000
-32.000000
-12.000000
-52.000000
-24.000000
-32.000000
-40.000000
-44.000000
-40.000000
-28.000000
-32.000000
-44.000000
-44.000000
-52.000000
-60.000000
-40.000000
-72.000000
-48.000000
-32.000000
-76.000000
-64.000000
-76.000000
-64.000000
-76.000000
-44.000000
-84.000000
-104.000000
-72.000000
-76.000000
-72.000000
-64.000000
-72.000000
-60.000000
-84.000000
-56.000000
-72.000000
-48.000000
-104.000000
-56.000000
-76.000000
-52.000000
-60.000000
-44.000000
-80.000000
-52.000000
-48.000000
-32.000000
-36.000000
-16.000000
-44.000000
-32.000000
-48.000000
-72.000000
-52.000000
-48.000000
-68.000000
-84.000000
-76.000000
-64.000000
-64.000000
-88.000000
-68.000000
-76.000000
-60.000000
-60.000000
-52.000000
-60.000000
-56.000000
-84.000000
-48.000000
-80.000000
-48.000000
-48.000000
-64.000000
-40.000000
-44.000000
-76.000000
-48.000000
-36.000000
-40.000000
-48.000000
-40.000000
-52.000000
-32.000000
-48.000000
-44.000000
-68.000000
-56.000000
-32.000000
-36.000000
-44.000000
-40.000000
-36.000000
-28.000000
-32.000000
0.000000
-16.000000
-20.000000
-20.000000
-48.000000
-32.000000
-40.000000
-44.000000
-32.000000
-32.000000
-60.000000
-68.000000
-44.000000
-20.000000
-36.000000
-28.000000
-48.000000
-32.000000
-48.000000
-52.000000
-52.000000
-32.000000
-20.000000
-16.000000
-32.000000
-20.000000
-16.000000
-28.000000
-24.000000
-40.000000
-36.000000
-32.000000
-52.000000
-28.000000
-40.000000
-36.000000
-28.000000
-16.000000
-16.000000
-32.000000
-32.000000
-20.000000
-48.000000
-16.000000
-32.000000
-32.000000
-12.000000
-32.000000
-28.000000
-28.000000
-24.000000
-32.000000
-60.000000
-68.000000
-48.000000
-48.000000
-76.000000
-60.000000
-64.000000
-52.000000
-52.000000
-48.000000
-64.000000
-8.000000
-44.000000
-20.000000
-16.000000
-28.000000
-20.000000
-44.000000
-44.000000
-8.000000
-36.000000
-32.000000
-28.000000
-32.000000
-32.000000
-40.000000
-28.000000
-12.000000
-36.000000
-24.000000
-36.000000
-32.000000
-44.000000
-28.000000
-20.000000
-32.000000
-48.000000
-32.000000
-48.000000
-36.000000
-28.000000
-56.000000
-68.000000
-52.000000
-48.000000
-24.000000
-52.000000
-52.000000
-88.000000
-76.000000
-56.000000
-80.000000
-68.000000
-48.000000
-56.000000
-36.000000
-28.000000
-36.000000
-56.000000
-16.000000
-12.000000
-48.000000
0.000000
-20.000000
-32.000000
-8.000000
-8.000000
-12.000000
-12.000000
-32.000000
-20.000000
-32.000000
-16.000000
-12.000000
-16.000000
-8.000000
-32.000000
-48.000000
-12.000000
-36.000000
-24.000000
-64.000000
-28.000000
-40.000000
-32.000000
-48.000000
-24.000000
-36.000000
-36.000000
-44.000000
-16.000000
-52.000000
-40.000000
-24.000000
-32.000000
-28.000000
-52.000000
-36.000000
-40.000000
-44.000000
-44.000000
-40.000000
-36.000000
-8.000000
-32.000000
-16.000000
-48.000000
-20.000000
-16.000000
-44.000000
-44.000000
-36.000000
-56.000000
-48.000000
-40.000000
-28.000000
-44.000000
-80.000000
-72.000000
-64.000000
-64.000000
-60.000000
-64.000000
-56.000000
-60.000000
-28.000000
-52.000000
-92.000000
-64.000000
-52.000000
-72.000000
-60.000000
-60.000000
-64.000000
-56.000000
-76.000000
-100.000000
-88.000000
-40.000000
-48.000000
-76.000000
-76.000000
-92.000000
-64.000000
-80.000000
-72.000000
-52.000000
-80.000000
-32.000000
-48.000000
-36.000000
-12.000000
-36.000000
-60.000000
-48.000000
-60.000000
-52.000000
-72.000000
-76.000000
-72.000000
-84.000000
-44.000000
-60.000000
-68.000000
-44.000000
-20.000000
-64.000000
-56.000000
-28.000000
-76.000000
-44.000000
-40.000000
-88.000000
-72.000000
-40.000000
-44.000000
-64.000000
-64.000000
-64.000000
-44.000000
-56.000000
-60.000000
-12.000000
-32.000000
-44.000000
-40.000000
-76.000000
-68.000000
-48.000000
-60.000000
-56.000000
-44.000000
-28.000000
-52.000000
-12.000000
-36.000000
-64.000000
-16.000000
-24.000000
-16.000000
-8.000000
-28.000000
-40.000000
-36.000000
-52.000000
-28.000000
-64.000000
-64.000000
-52.000000
-40.000000
-16.000000
-64.000000
-44.000000
-60.000000
-36.000000
-44.000000
-40.000000
-40.000000
-32.000000
-52.000000
-44.000000
-12.000000
-40.000000
-28.000000
-36.000000
-28.000000
-28.000000
-32.000000
-44.000000
-12.000000
-52.000000
-20.000000
-20.000000
-20.000000
-16.000000
-32.000000
-28.000000
-24.000000
0.000000
-36.000000
-32.000000
-28.000000
-36.000000
-44.000000
-32.000000
-36.000000
-60.000000
-16.000000
-16.000000
-52.000000
-44.000000
-88.000000
-80.000000
-64.000000
-76.000000
-52.000000
-44.000000
-64.000000
-60.000000
-44.000000
-24.000000
-4.000000
-20.000000
-56.000000
-4.000000
-24.000000
-32.000000
-36.000000
-40.000000
-36.000000
-20.000000
-48.000000
-44.000000
-28.000000
-32.000000
-52.000000
-44.000000
-40.000000
-28.000000
-60.000000
-20.000000
-52.000000
-52.000000
-24.000000
-32.000000
-28.000000
-48.000000
-52.000000
-24.000000
-56.000000
-28.000000
-52.000000
-48.000000
-44.000000
-40.000000
-48.000000
-16.000000
-52.000000
-68.000000
-84.000000
-48.000000
-60.000000
-48.000000
-28.000000
-48.000000
-32.000000
-44.000000
-20.000000
-8.000000
-20.000000
0.000000
-16.000000
-28.000000
-32.000000
-12.000000
-28.000000
0.000000
-12.000000
-32.000000
-16.000000
-28.000000
-24.000000
-36.000000
8.000000
-36.000000
-40.000000
-20.000000
-32.000000
-24.000000
-36.000000
-12.000000
-40.000000
-40.000000
-60.000000
-28.000000
-24.000000
-44.000000
-24.000000
-32.000000
-36.000000
-36.000000
-32.000000
-36.000000
-48.000000
-40.000000
-40.000000
-44.000000
-52.000000
-52.000000
-28.000000
-36.000000
-8.000000
-20.000000
-20.000000
-8.000000
-8.000000
-28.000000
-36.000000
-52.000000
-32.000000
-44.000000
-40.000000
-36.000000
-52.000000
-52.000000
-44.000000
-40.000000
-36.000000
-52.000000
-44.000000
-64.000000
-44.000000
-44.000000
-60.000000
-72.000000
-76.000000
-52.000000
-60.000000
-64.000000
-64.000000
-72.000000
-60.000000
-60.000000
-68.000000
-56.000000
-76.000000
-56.000000
-48.000000
-44.000000
-72.000000
-72.000000
-88.000000
-72.000000
-48.000000
-80.000000
-76.000000
-60.000000
-48.000000
-52.000000
-20.000000
-32.000000
-28.000000
-36.000000
-36.000000
-52.000000
-36.000000
-12.000000
-68.000000
-48.000000
-80.000000
-40.000000
-36.000000
-52.000000
-88.000000
-64.000000
-40.000000
-64.000000
-64.000000
-44.000000
-44.000000
-40.000000
-48.000000
-44.000000
-68.000000
-24.000000
-60.000000
-44.000000
-76.000000
-24.000000
-80.000000
-52.000000
-56.000000
-64.000000
-68.000000
-36.000000
-48.000000
-36.000000
-56.000000
-44.000000
-44.000000
-44.000000
-52.000000
-36.000000
-36.000000
-28.000000
-48.000000
-56.000000
-32.000000
-16.000000
-8.000000
-4.000000
-20.000000
-20.000000
-40.000000
-32.000000
-36.000000
-32.000000
-68.000000
-24.000000
-60.000000
-44.000000
-44.000000
-40.000000
-56.000000
-36.000000
-36.000000
-36.000000
-40.000000
-48.000000
-20.000000
-36.000000
-28.000000
-44.000000
-24.000000
-44.000000
-32.000000
-36.000000
-52.000000
-24.000000
-32.000000
-32.000000
-24.000000
-16.000000
-32.000000
-44.000000
-16.000000
-52.000000
-48.000000
-12.000000
-56.000000
8.000000
-32.000000
-48.000000
-24.000000
-40.000000
-28.000000
-36.000000
-28.000000
-48.000000
-28.000000
-72.000000
-48.000000
-52.000000
-60.000000
-56.000000
-40.000000
-72.000000
-36.000000
-36.000000
-24.000000
-40.000000
-44.000000
-52.000000
-16.000000
-40.000000
-20.000000
-36.000000
-40.000000
-32.000000
0.000000
-52.000000
-20.000000
-20.000000
-36.000000
-16.000000
-32.000000
-36.000000
-20.000000
-44.000000
-44.000000
-20.000000
-64.000000
-28.000000
-24.000000
-36.000000
-44.000000
-20.000000
-36.000000
-44.000000
-48.000000
-60.000000
-32.000000
-40.000000
-64.000000
-56.000000
-36.000000
-28.000000
-76.000000
-52.000000
-52.000000
-52.000000
-32.000000
-52.000000
-40.000000
-40.000000
-28.000000
-8.000000
-24.000000
-12.000000
-12.000000
-16.000000
-16.000000
-24.000000
-32.000000
-8.000000
-24.000000
-24.000000
-16.000000
-12.000000
-32.000000
-16.000000
-36.000000
-20.000000
-44.000000
-40.000000
-52.000000
-28.000000
-24.000000
-52.000000
-32.000000
-44.000000
-20.000000
-48.000000
-40.000000
-32.000000
-24.000000
-28.000000
-40.000000
-40.000000
-44.000000
-44.000000
-20.000000
-36.000000
-52.000000
-64.000000
-36.000000
-32.000000
-52.000000
-28.000000
-48.000000
-24.000000
-44.000000
-44.000000
-16.000000
-24.000000
-36.000000
-28.000000
-20.000000
-44.000000
-36.000000
-48.000000
-48.000000
-16.000000
-68.000000
-64.000000
-40.000000
-64.000000
-56.000000
-64.000000
-44.000000
-72.000000
-88.000000
-88.000000
-108.000000
-56.000000
-64.000000
-60.000000
-72.000000
-64.000000
-88.000000
-76.000000
-60.000000
-60.000000
-64.000000
-52.000000
-108.000000
-76.000000
-52.000000
-72.000000
-72.000000
-60.000000
-48.000000
-68.000000
-72.000000
-48.000000
-64.000000
-64.000000
-72.000000
-52.000000
-24.000000
-12.000000
-12.000000
-44.000000
-56.000000
-64.000000
-60.000000
-56.000000
-68.000000
-48.000000
-72.000000
-56.000000
-72.000000
-64.000000
-76.000000
-76.000000
-68.000000
-28.000000
-48.000000
-52.000000
-60.000000
-72.000000
-40.000000
-44.000000
-64.000000
-40.000000
-80.000000
-36.000000
-72.000000
-24.000000
-88.000000
-36.000000
-24.000000
-48.000000
-60.000000
-20.000000
-44.000000
-44.000000
-32.000000
-64.000000
-48.000000
-52.000000
-28.000000
-48.000000
-48.000000
-36.000000
-32.000000
-12.000000
-8.000000
-20.000000
-8.000000
-16.000000
-28.000000
-36.000000
-44.000000
-48.000000
-28.000000
-80.000000
-24.000000
-44.000000
-60.000000
-24.000000
-36.000000
-44.000000
-36.000000
-52.000000
-36.000000
-48.000000
-44.000000
-48.000000
-52.000000
-32.000000
-16.000000
-32.000000
-32.000000
-36.000000
-28.000000
-64.000000
-16.000000
-24.000000
-8.000000
-16.000000
-16.000000
-32.000000
-16.000000
-44.000000
-16.000000
-20.000000
-40.000000
-28.000000
-24.000000
-8.000000
-24.000000
-36.000000
-32.000000
4.000000
-40.000000
-12.000000
-64.000000
-76.000000
-12.000000
-48.000000
-52.000000
-28.000000
-52.000000
-76.000000
-52.000000
-64.000000
-44.000000
-44.000000
-40.000000
-40.000000
-56.000000
-28.000000
-48.000000
-40.000000
-40.000000
-40.000000
-52.000000
-32.000000
-48.000000
-36.000000
-44.000000
-40.000000
-24.000000
-44.000000
-56.000000
-28.000000
-24.000000
-32.000000
-32.000000
-36.000000
-20.000000
-76.000000
-16.000000
-24.000000
-20.000000
-36.000000
-36.000000
-40.000000
-36.000000
-16.000000
-48.000000
-48.000000
-40.000000
-44.000000
-40.000000
-48.000000
-52.000000
-52.000000
-80.000000
-76.000000
-72.000000
-52.000000
-40.000000
-24.000000
-28.000000
-52.000000
0.000000
-32.000000
-4.000000
8.000000
-32.000000
-28.000000
-12.000000
-12.000000
-20.000000
-8.000000
-28.000000
-44.000000
0.000000
-44.000000
0.000000
-24.000000
-28.000000
-8.000000
-28.000000
-24.000000
-28.000000
-44.000000
-32.000000
-48.000000
-28.000000
-36.000000
-40.000000
-28.000000
-20.000000
-12.000000
-32.000000
-32.000000
-36.000000
-28.000000
0.000000
4.000000
-32.000000
-32.000000
-36.000000
-40.000000
-32.000000
-28.000000
-32.000000
-32.000000
-28.000000
-28.000000
-20.000000
-28.000000
-16.000000
-32.000000
-16.000000
-36.000000
-40.000000
-28.000000
-24.000000
-40.000000
-52.000000
-60.000000
-52.000000
-28.000000
-64.000000
-40.000000
-60.000000
-60.000000
-60.000000
-60.000000
-52.000000
-72.000000
-68.000000
-76.000000
-72.000000
-88.000000
-68.000000
-48.000000
-60.000000
-68.000000
-64.000000
-28.000000
-40.000000
-56.000000
-52.000000
-40.000000
-52.000000
-72.000000
-88.000000
-80.000000
-76.000000
-80.000000
-36.000000
-60.000000
-52.000000
-52.000000
-16.000000
-8.000000
-12.000000
-44.000000
-16.000000
-44.000000
-52.000000
-72.000000
-60.000000
-40.000000
-60.000000
-64.000000
-64.000000
-72.000000
-68.000000
-76.000000
-88.000000
-56.000000
-44.000000
-40.000000
-64.000000
-60.000000
-56.000000
-56.000000
-36.000000
-36.000000
-52.000000
-72.000000
-56.000000
-36.000000
-40.000000
-36.000000
-52.000000
-44.000000
-48.000000
-44.000000
-64.000000
-36.000000
-52.000000
-44.000000
-40.000000
-64.000000
-48.000000
-56.000000
-44.000000
-36.000000
-52.000000
-52.000000
-28.000000
-24.000000
-28.000000
-16.000000
-52.000000
-32.000000
-64.000000
-64.000000
-40.000000
-68.000000
-52.000000
-76.000000
-48.000000
-44.000000
-40.000000
-68.000000
-40.000000
-60.000000
-52.000000
-48.000000
-48.000000
-32.000000
-68.000000
-68.000000
-52.000000
-64.000000
-44.000000
-52.000000
-40.000000
-48.000000
-52.000000
-56.000000
-48.000000
-44.000000
-52.000000
-60.000000
-48.000000
-52.000000
-72.000000
-48.000000
-36.000000
-48.000000
-48.000000
-44.000000
-68.000000
-72.000000
-60.000000
-72.000000
-64.000000
-72.000000
-64.000000
-76.000000
-80.000000
-80.000000
-76.000000
-72.000000
-108.000000
-100.000000
-56.000000
-104.000000
-56.000000
-84.000000
-72.000000
-52.000000
-76.000000
-76.000000
-76.000000
-72.000000
-64.000000
-44.000000
-72.000000
-84.000000
-72.000000
-56.000000
-68.000000
-64.000000
-60.000000
-76.000000
-80.000000
-68.000000
-72.000000
-68.000000
-44.000000
-80.000000
-56.000000
-76.000000
-80.000000
-60.000000
-56.000000
-68.000000
-64.000000
-80.000000
-96.000000
-64.000000
-80.000000
-84.000000
-80.000000
-76.000000
-80.000000
-68.000000
-104.000000
-108.000000
-100.000000
-108.000000
-112.000000
-84.000000
-60.000000
-44.000000
-76.000000
-44.000000
-52.000000
-48.000000
-28.000000
-44.000000
-52.000000
-60.000000
-52.000000
-40.000000
-56.000000
-44.000000
-40.000000
-32.000000
-44.000000
-60.000000
-40.000000
-36.000000
-52.000000
-48.000000
-40.000000
-24.000000
-64.000000
-28.000000
-24.000000
-48.000000
-32.000000
-40.000000
-40.000000
-52.000000
-28.000000
-36.000000
-48.000000
-24.000000
-36.000000
-32.000000
-40.000000
-52.000000
-32.000000
-20.000000
-16.000000
-28.000000
-28.000000
-36.000000
-32.000000
-32.000000
-16.000000
-16.000000
-8.000000
-12.000000
-28.000000
-12.000000
-4.000000
16.000000
-20.000000
4.000000
0.000000
-24.000000
-32.000000
-12.000000
-28.000000
-36.000000
-32.000000
-8.000000
-28.000000
-32.000000
-32.000000
-36.000000
-20.000000
-40.000000
-48.000000
-36.000000
-24.000000
-36.000000
-48.000000
-32.000000
-24.000000
4.000000
12.000000
-44.000000
-16.000000
-8.000000
-8.000000
-44.000000
-40.000000
-28.000000
-24.000000
-20.000000
-20.000000
12.000000
-20.000000
-8.000000
-8.000000
-16.000000
20.000000
12.000000
4.000000
0.000000
12.000000
-4.000000
0.000000
-32.000000
-28.000000
-16.000000
-8.000000
-36.000000
-24.000000
-16.000000
-44.000000
-20.000000
-28.000000
-32.000000
-8.000000
-52.000000
-8.000000
-20.000000
0.000000
4.000000
-32.000000
-16.000000
-28.000000
-36.000000
-28.000000
-16.000000
-16.000000
-20.000000
-20.000000
-20.000000
-24.000000
-28.000000
-40.000000
-8.000000
-36.000000
-16.000000
-40.000000
-36.000000
-40.000000
-24.000000
-24.000000
-16.000000
-40.000000
-32.000000
-32.000000
0.000000
-4.000000
-12.000000
-32.000000
-44.000000
-44.000000
-44.000000
-44.000000
-60.000000
-52.000000
-56.000000
-56.000000
-48.000000
-40.000000
-56.000000
-36.000000
-56.000000
-44.000000
-32.000000
-52.000000
-52.000000
-40.000000
-68.000000
-48.000000
-36.000000
-44.000000
-36.000000
-40.000000
-56.000000
-52.000000
-28.000000
-28.000000
-40.000000
-72.000000
-36.000000
-16.000000
-52.000000
-20.000000
-48.000000
-60.000000
-64.000000
-32.000000
-44.000000
-28.000000
-48.000000
-48.000000
-56.000000
-52.000000
-32.000000
-44.000000
-48.000000
-88.000000
-72.000000
-104.000000
-92.000000
-68.000000
-88.000000
-92.000000
-80.000000
-44.000000
-60.000000
-68.000000
-76.000000
-64.000000
-64.000000
-44.000000
-44.000000
-48.000000
-52.000000
-48.000000
-40.000000
-72.000000
-56.000000
-48.000000
-48.000000
-44.000000
-44.000000
-56.000000
-12.000000
-20.000000
12.000000
-48.000000
-40.000000
-36.000000
-52.000000
-32.000000
-12.000000
-52.000000
-36.000000
-60.000000
-20.000000
-36.000000
-28.000000
-44.000000
-44.000000
-40.000000
-32.000000
-20.000000
-28.000000
-40.000000
-80.000000
-56.000000
-72.000000
-52.000000
-48.000000
-52.000000
-24.000000
-24.000000
-24.000000
-44.000000
0.000000
-16.000000
-12.000000
20.000000
-28.000000
-16.000000
-8.000000
-8.000000
-20.000000
-12.000000
-20.000000
-20.000000
-36.000000
-8.000000
-28.000000
8.000000
-12.000000
-8.000000
-44.000000
-32.000000
0.000000
-40.000000
-8.000000
-32.000000
-32.000000
4.000000
-24.000000
-24.000000
-28.000000
-12.000000
-16.000000
-24.000000
-20.000000
4.000000
-40.000000
-20.000000
-16.000000
0.000000
-48.000000
-40.000000
-48.000000
-60.000000
-36.000000
-20.000000
-28.000000
-24.000000
-24.000000
-20.000000
-40.000000
-24.000000
-32.000000
