456.000000
736.000000
960.000000
1152.000000
1296.000000
1324.000000
1276.000000
1124.000000
888.000000
524.000000
120.000000
-380.000000
-840.000000
-1292.000000
-1700.000000
-2012.000000
-2216.000000
-2260.000000
-2164.000000
-1916.000000
-1512.000000
-1040.000000
-460.000000
152.000000
708.000000
1264.000000
1672.000000
2004.000000
2152.000000
2172.000000
2064.000000
1776.000000
1424.000000
968.000000
480.000000
0.000000
-460.000000
-820.000000
-1124.000000
-1336.000000
-1408.000000
-1412.000000
-1316.000000
-1152.000000
-936.000000
-664.000000
-428.000000
-216.000000
-72.000000
-36.000000
-44.000000
-40.000000
-32.000000
-24.000000
-36.000000
-28.000000
-16.000000
-20.000000
-24.000000
-48.000000
-72.000000
-20.000000
-32.000000
-24.000000
-36.000000
-24.000000
-12.000000
-32.000000
-40.000000
-4.000000
-28.000000
-32.000000
-36.000000
-72.000000
-16.000000
-36.000000
-48.000000
-32.000000
-36.000000
-36.000000
-56.000000
-40.000000
-32.000000
-64.000000
-52.000000
-48.000000
-44.000000
-48.000000
-48.000000
-60.000000
-44.000000
-40.000000
-44.000000
-40.000000
-56.000000
-24.000000
-52.000000
-20.000000
-32.000000
-36.000000
-84.000000
-4.000000
-16.000000
-16.000000
-24.000000
-32.000000
-36.000000
-16.000000
-44.000000
-44.000000
-32.000000
-52.000000
-48.000000
-60.000000
-72.000000
-76.000000
-64.000000
-80.000000
-48.000000
-60.000000
-88.000000
-88.000000
-72.000000
-76.000000
-40.000000
-48.000000
-96.000000
-68.000000
-92.000000
-88.000000
-92.000000
-96.000000
-52.000000
-52.000000
-64.000000
-88.000000
-76.000000
-64.000000
-96.000000
-60.000000
-100.000000
-52.000000
-60.000000
-96.000000
-52.000000
-32.000000
-36.000000
-12.000000
-16.000000
-32.000000
-60.000000
-56.000000
-52.000000
-80.000000
-72.000000
-52.000000
-64.000000
-92.000000
-44.000000
-64.000000
-64.000000
-56.000000
-72.000000
-68.000000
-64.000000
-60.000000
-72.000000
-52.000000
-32.000000
-60.000000
-52.000000
-92.000000
-56.000000
-48.000000
-56.000000
-96.000000
-44.000000
-64.000000
-52.000000
-52.000000
-76.000000
-48.000000
-40.000000
-88.000000
-28.000000
-76.000000
-28.000000
-52.000000
-72.000000
-56.000000
-44.000000
-80.000000
-16.000000
-44.000000
-32.000000
-8.000000
-28.000000
-20.000000
-32.000000
-48.000000
-44.000000
-52.000000
-64.000000
-32.000000
-68.000000
-52.000000
-48.000000
-44.000000
-36.000000
-52.000000
-56.000000
-48.000000
-36.000000
-44.000000
-48.000000
-44.000000
-60.000000
-44.000000
-36.000000
-52.000000
-24.000000
-24.000000
-32.000000
-24.000000
-44.000000
-60.000000
-44.000000
-16.000000
-28.000000
-28.000000
-28.000000
-20.000000
-20.000000
-32.000000
-24.000000
-28.000000
-56.000000
-48.000000
4.000000
-24.000000
-24.000000
-28.000000
-16.000000
-4.000000
-52.000000
-80.000000
-76.000000
-80.000000
-64.000000
-76.000000
-40.000000
-60.000000
-64.000000
-36.000000
-40.000000
-32.000000
-28.000000
-44.000000
-40.000000
-28.000000
-36.000000
-36.000000
-36.000000
-48.000000
-52.000000
-40.000000
-40.000000
-44.000000
-36.000000
-56.000000
-4.000000
-48.000000
-40.000000
-36.000000
-48.000000
-48.000000
-32.000000
-48.000000
-52.000000
-24.000000
-48.000000
-24.000000
-36.000000
-48.000000
-44.000000
-48.000000
-36.000000
-44.000000
-40.000000
-64.000000
-44.000000
-64.000000
-32.000000
-44.000000
-80.000000
-80.000000
-60.000000
-64.000000
-60.000000
-44.000000
-40.000000
-24.000000
-8.000000
-16.000000
-16.000000
-16.000000
-20.000000
-28.000000
-48.000000
-12.000000
-32.000000
-12.000000
-36.000000
-24.000000
-32.000000
-20.000000
-36.000000
-16.000000
-20.000000
-40.000000
-60.000000
-36.000000
-20.000000
-36.000000
-36.000000
-24.000000
-40.000000
-44.000000
-52.000000
-44.000000
-32.000000
-52.000000
-60.000000
-52.000000
-44.000000
-48.000000
-28.000000
-36.000000
-64.000000
-40.000000
-52.000000
-52.000000
-40.000000
-48.000000
-44.000000
-44.000000
-52.000000
-44.000000
-36.000000
-40.000000
-36.000000
-8.000000
-24.000000
-36.000000
-32.000000
-28.000000
-28.000000
-52.000000
-44.000000
-40.000000
-60.000000
-64.000000
-72.000000
-76.000000
-72.000000
-60.000000
-60.000000
-52.000000
-56.000000
-72.000000
-96.000000
-40.000000
-44.000000
-48.000000
-56.000000
-72.000000
-84.000000
-80.000000
-84.000000
-84.000000
-80.000000
-96.000000
-88.000000
-64.000000
-88.000000
-96.000000
-84.000000
-72.000000
-60.000000
-80.000000
-80.000000
-64.000000
-60.000000
-72.000000
-56.000000
-48.000000
-12.000000
-12.000000
-44.000000
-40.000000
-48.000000
-72.000000
-64.000000
-76.000000
-48.000000
-80.000000
-40.000000
-64.000000
-52.000000
-56.000000
-44.000000
-72.000000
-36.000000
-48.000000
-76.000000
-88.000000
-64.000000
-64.000000
-48.000000
-64.000000
-36.000000
-80.000000
-60.000000
-72.000000
-52.000000
-48.000000
-36.000000
-84.000000
-44.000000
-48.000000
-64.000000
-52.000000
-52.000000
-60.000000
-60.000000
-40.000000
-44.000000
-12.000000
-44.000000
-52.000000
-24.000000
-56.000000
-48.000000
-28.000000
-32.000000
-12.000000
-32.000000
-32.000000
-36.000000
-64.000000
-52.000000
-44.000000
-56.000000
-24.000000
-52.000000
-40.000000
-44.000000
-56.000000
-52.000000
-40.000000
-48.000000
-56.000000
-56.000000
-40.000000
-48.000000
-40.000000
-32.000000
-56.000000
-24.000000
-44.000000
-36.000000
-36.000000
-28.000000
-16.000000
-48.000000
-48.000000
-48.000000
-48.000000
-36.000000
-48.000000
-72.000000
-36.000000
-20.000000
-20.000000
-28.000000
-16.000000
-40.000000
-20.000000
-36.000000
-48.000000
-12.000000
-44.000000
-32.000000
-24.000000
-48.000000
-52.000000
-48.000000
-76.000000
-72.000000
-80.000000
-64.000000
-60.000000
-64.000000
-80.000000
-52.000000
-88.000000
-32.000000
-36.000000
-36.000000
-88.000000
-32.000000
-56.000000
-32.000000
-36.000000
-28.000000
-40.000000
-28.000000
-20.000000
-36.000000
-64.000000
-20.000000
-60.000000
-36.000000
-52.000000
-28.000000
-36.000000
-16.000000
-64.000000
-40.000000
-44.000000
-20.000000
-60.000000
-44.000000
-32.000000
-64.000000
-52.000000
-40.000000
-20.000000
-52.000000
-44.000000
-40.000000
-52.000000
-32.000000
-64.000000
-72.000000
-88.000000
-80.000000
-80.000000
-72.000000
-52.000000
-56.000000
-32.000000
-44.000000
-48.000000
-24.000000
-36.000000
-20.000000
-40.000000
-8.000000
-40.000000
-8.000000
-20.000000
-16.000000
-20.000000
-16.000000
-40.000000
-36.000000
-32.000000
-36.000000
-24.000000
-36.000000
-44.000000
-44.000000
-36.000000
-24.000000
-32.000000
-16.000000
-36.000000
-20.000000
-24.000000
-36.000000
-24.000000
-24.000000
-20.000000
-32.000000
-72.000000
-52.000000
-28.000000
-44.000000
-52.000000
-48.000000
-56.000000
-60.000000
-56.000000
-56.000000
-60.000000
-48.000000
-28.000000
-44.000000
-40.000000
-12.000000
-36.000000
-8.000000
-44.000000
-24.000000
-44.000000
-52.000000
-40.000000
-56.000000
-52.000000
-36.000000
-44.000000
-60.000000
-68.000000
-40.000000
-80.000000
-56.000000
-64.000000
-60.000000
-68.000000
-64.000000
-64.000000
-68.000000
-76.000000
-72.000000
-68.000000
-92.000000
-88.000000
-80.000000
-32.000000
-36.000000
-72.000000
-80.000000
-92.000000
-84.000000
-88.000000
-84.000000
-60.000000
-64.000000
-84.000000
-72.000000
-80.000000
-80.000000
-60.000000
-52.000000
-56.000000
-20.000000
-24.000000
-36.000000
-56.000000
-52.000000
-60.000000
-68.000000
-48.000000
-76.000000
-68.000000
-76.000000
-52.000000
-48.000000
-40.000000
-64.000000
-52.000000
-80.000000
-36.000000
-72.000000
-68.000000
-52.000000
-80.000000
-60.000000
-64.000000
-56.000000
-52.000000
-36.000000
-60.000000
-100.000000
-52.000000
-52.000000
-48.000000
-92.000000
-48.000000
-64.000000
-64.000000
-32.000000
-40.000000
-52.000000
-68.000000
-60.000000
-44.000000
-48.000000
-52.000000
-60.000000
-44.000000
-72.000000
-20.000000
-20.000000
-4.000000
-12.000000
-28.000000
-40.000000
-60.000000
-52.000000
-36.000000
-72.000000
-52.000000
-24.000000
-52.000000
-36.000000
-36.000000
-60.000000
-60.000000
-80.000000
-40.000000
-52.000000
-52.000000
-64.000000
-36.000000
-68.000000
-24.000000
-44.000000
-44.000000
-36.000000
-24.000000
-44.000000
-48.000000
-24.000000
-28.000000
-20.000000
-44.000000
8.000000
-16.000000
-24.000000
-28.000000
-44.000000
-32.000000
-32.000000
-44.000000
-20.000000
-32.000000
-36.000000
-64.000000
-44.000000
-48.000000
-32.000000
-52.000000
-16.000000
-76.000000
-60.000000
-92.000000
-60.000000
-44.000000
-88.000000
-64.000000
-56.000000
-36.000000
-56.000000
-44.000000
-20.000000
-16.000000
-36.000000
-32.000000
-60.000000
-40.000000
-44.000000
-32.000000
-36.000000
-48.000000
-12.000000
-24.000000
-44.000000
-48.000000
-12.000000
-52.000000
-60.000000
-44.000000
-28.000000
-60.000000
-56.000000
-32.000000
-48.000000
-36.000000
-36.000000
-52.000000
-48.000000
-44.000000
-44.000000
-52.000000
-36.000000
-44.000000
-40.000000
-40.000000
-48.000000
-36.000000
-60.000000
-76.000000
-64.000000
-96.000000
-60.000000
-56.000000
-60.000000
-48.000000
-60.000000
-64.000000
-16.000000
-40.000000
0.000000
-56.000000
-20.000000
-20.000000
-20.000000
-20.000000
-28.000000
-32.000000
-16.000000
-48.000000
-28.000000
-28.000000
-28.000000
-16.000000
-44.000000
-16.000000
-40.000000
-40.000000
-20.000000
-32.000000
-48.000000
-40.000000
-32.000000
-48.000000
-36.000000
-36.000000
-48.000000
-48.000000
-36.000000
-56.000000
-32.000000
-36.000000
-52.000000
-48.000000
-44.000000
-48.000000
-52.000000
-52.000000
-56.000000
-32.000000
-68.000000
-52.000000
-28.000000
-44.000000
-32.000000
-36.000000
-32.000000
0.000000
-48.000000
-40.000000
-44.000000
-28.000000
-36.000000
-48.000000
-36.000000
-88.000000
-32.000000
-72.000000
-36.000000
-64.000000
-64.000000
-88.000000
-64.000000
-84.000000
-72.000000
-84.000000
-64.000000
-60.000000
-52.000000
-56.000000
-48.000000
-28.000000
-88.000000
-60.000000
-64.000000
-72.000000
-104.000000
-76.000000
-60.000000
-80.000000
-88.000000
-68.000000
-72.000000
-76.000000
-56.000000
-56.000000
-48.000000
-76.000000
-104.000000
-80.000000
-48.000000
-40.000000
-36.000000
-32.000000
-24.000000
-44.000000
-64.000000
-56.000000
-60.000000
-64.000000
-76.000000
-68.000000
-52.000000
-76.000000
-48.000000
-92.000000
-56.000000
-36.000000
-72.000000
-60.000000
-60.000000
-84.000000
-48.000000
-60.000000
-80.000000
-56.000000
-64.000000
-44.000000
-52.000000
-76.000000
-40.000000
-84.000000
-20.000000
-52.000000
-64.000000
-32.000000
-60.000000
-76.000000
-32.000000
-48.000000
-44.000000
-64.000000
-40.000000
-44.000000
-56.000000
-28.000000
-60.000000
-48.000000
-16.000000
-44.000000
-48.000000
-60.000000
-40.000000
-44.000000
-28.000000
-48.000000
-72.000000
-40.000000
-64.000000
-48.000000
-44.000000
-56.000000
-40.000000
-40.000000
-52.000000
-40.000000
-24.000000
-60.000000
-32.000000
-48.000000
-36.000000
-32.000000
-24.000000
-48.000000
-32.000000
-44.000000
-16.000000
-40.000000
-52.000000
-16.000000
-52.000000
-28.000000
-24.000000
-20.000000
-36.000000
-20.000000
-40.000000
-44.000000
-44.000000
-16.000000
-40.000000
-20.000000
-16.000000
-40.000000
-52.000000
-60.000000
-44.000000
-20.000000
-28.000000
-20.000000
-72.000000
-32.000000
-84.000000
-84.000000
-76.000000
-60.000000
-68.000000
-52.000000
-72.000000
-56.000000
-48.000000
-52.000000
-12.000000
-56.000000
-48.000000
-40.000000
-52.000000
-28.000000
-76.000000
-28.000000
-12.000000
-20.000000
-36.000000
-48.000000
-40.000000
-20.000000
12.000000
-40.000000
-24.000000
-32.000000
-56.000000
-36.000000
-20.000000
-44.000000
-24.000000
-20.000000
-52.000000
-48.000000
-24.000000
-56.000000
-52.000000
-44.000000
-16.000000
-56.000000
-48.000000
-36.000000
-44.000000
-28.000000
-36.000000
-44.000000
-40.000000
-80.000000
-72.000000
-52.000000
-28.000000
-36.000000
-8.000000
-64.000000
-20.000000
-20.000000
-16.000000
-4.000000
-16.000000
-20.000000
-48.000000
-12.000000
-44.000000
-44.000000
0.000000
-20.000000
-36.000000
-28.000000
-52.000000
-8.000000
-40.000000
0.000000
-28.000000
-28.000000
-28.000000
-16.000000
-36.000000
-40.000000
-28.000000
-24.000000
-32.000000
-20.000000
-40.000000
-32.000000
-36.000000
-32.000000
-28.000000
-36.000000
-36.000000
-52.000000
-36.000000
-44.000000
-48.000000
-64.000000
-64.000000
-48.000000
-40.000000
-44.000000
-52.000000
-28.000000
-48.000000
-20.000000
-44.000000
-52.000000
-12.000000
-44.000000
-32.000000
-20.000000
-44.000000
-52.000000
-36.000000
-56.000000
-56.000000
-52.000000
-52.000000
-72.000000
-48.000000
-72.000000
-76.000000
-52.000000
-60.000000
-64.000000
-72.000000
-80.000000
-80.000000
-52.000000
-64.000000
-52.000000
-52.000000
-72.000000
-56.000000
-64.000000
-68.000000
-84.000000
-80.000000
-64.000000
-60.000000
-76.000000
-76.000000
-64.000000
-92.000000
-80.000000
-52.000000
-52.000000
-68.000000
-76.000000
-36.000000
-44.000000
-32.000000
-36.000000
-56.000000
-40.000000
-32.000000
-48.000000
-76.000000
-84.000000
-52.000000
-52.000000
-48.000000
-44.000000
-72.000000
-76.000000
-52.000000
-72.000000
-72.000000
-44.000000
-60.000000
-4.000000
-48.000000
-44.000000
-64.000000
-76.000000
-40.000000
-60.000000
-28.000000
-52.000000
-40.000000
-60.000000
-20.000000
-36.000000
-32.000000
-44.000000
-80.000000
-44.000000
-48.000000
-40.000000
-52.000000
-40.000000
-52.000000
-40.000000
-40.000000
-56.000000
-32.000000
-48.000000
-36.000000
-32.000000
-36.000000
-8.000000
-16.000000
-12.000000
-40.000000
-52.000000
-36.000000
-44.000000
-48.000000
-56.000000
-48.000000
-52.000000
-60.000000
-24.000000
-52.000000
-20.000000
-56.000000
-40.000000
-28.000000
-40.000000
-32.000000
-28.000000
-36.000000
-28.000000
-40.000000
-48.000000
-24.000000
-28.000000
-36.000000
-28.000000
-36.000000
-36.000000
-48.000000
-56.000000
-28.000000
-44.000000
-52.000000
-48.000000
-44.000000
-28.000000
-12.000000
-72.000000
-60.000000
-52.000000
-16.000000
-8.000000
-48.000000
-32.000000
-28.000000
-32.000000
-44.000000
-52.000000
-52.000000
-48.000000
-88.000000
-96.000000
-48.000000
-80.000000
-52.000000
-48.000000
-60.000000
-64.000000
-32.000000
-36.000000
-24.000000
-28.000000
-40.000000
-16.000000
-8.000000
-20.000000
-20.000000
-24.000000
-40.000000
-32.000000
-44.000000
-32.000000
-28.000000
-36.000000
-48.000000
-16.000000
-36.000000
-24.000000
-32.000000
-48.000000
-12.000000
-44.000000
-44.000000
-48.000000
-24.000000
-28.000000
-40.000000
-40.000000
-40.000000
-68.000000
-12.000000
-32.000000
-44.000000
-48.000000
-48.000000
-48.000000
-52.000000
-64.000000
-88.000000
-52.000000
-60.000000
-44.000000
-48.000000
-12.000000
-32.000000
-12.000000
-44.000000
-16.000000
-24.000000
-48.000000
-56.000000
-8.000000
-12.000000
-8.000000
-40.000000
-40.000000
-44.000000
-12.000000
-8.000000
-40.000000
-24.000000
-24.000000
-32.000000
-36.000000
-8.000000
-40.000000
-40.000000
-24.000000
-48.000000
-32.000000
-24.000000
-40.000000
-40.000000
-32.000000
-32.000000
-44.000000
-40.000000
-28.000000
-36.000000
-40.000000
-52.000000
-52.000000
-24.000000
-36.000000
-48.000000
-40.000000
-52.000000
-52.000000
-44.000000
-32.000000
-32.000000
-52.000000
-48.000000
-20.000000
8.000000
-40.000000
-16.000000
-20.000000
-56.000000
-32.000000
-60.000000
-52.000000
-60.000000
-40.000000
-52.000000
-52.000000
-72.000000
-72.000000
-64.000000
-52.000000
-40.000000
-64.000000
-64.000000
-52.000000
-64.000000
-72.000000
-80.000000
-64.000000
-60.000000
-88.000000
-72.000000
-76.000000
-60.000000
-96.000000
-92.000000
-68.000000
-60.000000
-64.000000
-80.000000
-52.000000
-52.000000
-108.000000
-52.000000
-48.000000
-48.000000
-60.000000
-48.000000
-44.000000
-16.000000
-32.000000
-40.000000
-48.000000
-40.000000
-84.000000
-52.000000
-84.000000
-44.000000
-88.000000
-76.000000
-68.000000
-68.000000
-72.000000
-80.000000
-56.000000
-52.000000
-60.000000
-52.000000
-60.000000
-44.000000
-72.000000
-56.000000
-48.000000
-80.000000
-72.000000
-76.000000
-52.000000
-84.000000
-36.000000
-72.000000
-44.000000
-52.000000
-48.000000
-56.000000
-64.000000
-60.000000
-36.000000
-64.000000
-40.000000
-36.000000
-52.000000
-52.000000
-48.000000
-40.000000
-44.000000
-28.000000
-32.000000
-20.000000
-16.000000
-24.000000
-12.000000
-32.000000
-36.000000
-56.000000
-68.000000
-44.000000
-72.000000
-16.000000
-8.000000
-20.000000
-36.000000
-48.000000
-40.000000
-44.000000
-48.000000
-48.000000
-48.000000
-44.000000
-32.000000
-36.000000
-52.000000
-32.000000
-40.000000
-44.000000
-28.000000
-32.000000
-52.000000
-48.000000
-32.000000
-36.000000
-36.000000
-40.000000
-20.000000
-32.000000
-28.000000
-16.000000
-44.000000
-32.000000
-36.000000
-28.000000
-32.000000
-28.000000
-28.000000
-48.000000
-20.000000
-16.000000
-44.000000
-36.000000
-60.000000
-60.000000
-76.000000
-48.000000
-44.000000
-92.000000
-36.000000
-56.000000
-76.000000
-40.000000
-44.000000
-52.000000
-32.000000
-40.000000
-44.000000
-60.000000
-44.000000
-48.000000
-36.000000
-32.000000
-28.000000
-28.000000
-20.000000
-44.000000
-28.000000
-36.000000
-24.000000
-44.000000
-40.000000
-32.000000
-52.000000
-56.000000
-40.000000
-52.000000
-28.000000
-32.000000
-36.000000
-40.000000
-32.000000
-44.000000
-44.000000
-20.000000
-48.000000
-24.000000
-36.000000
-32.000000
-32.000000
-40.000000
-64.000000
-60.000000
-48.000000
-96.000000
-68.000000
-60.000000
-44.000000
-24.000000
-28.000000
-20.000000
-12.000000
-28.000000
0.000000
-24.000000
-8.000000
-16.000000
-24.000000
-16.000000
-20.000000
-16.000000
-28.000000
-52.000000
-8.000000
-24.000000
-24.000000
-4.000000
-40.000000
-40.000000
-40.000000
-76.000000
-4.000000
-32.000000
-40.000000
-52.000000
-32.000000
-44.000000
-60.000000
-36.000000
-44.000000
-48.000000
-16.000000
-40.000000
-48.000000
-52.000000
-48.000000
-72.000000
-20.000000
-44.000000
-44.000000
-44.000000
-28.000000
-36.000000
-44.000000
-44.000000
-32.000000
-60.000000
-64.000000
-20.000000
-28.000000
-24.000000
-12.000000
-36.000000
-32.000000
-56.000000
-28.000000
-36.000000
-60.000000
-48.000000
-68.000000
-60.000000
-20.000000
-76.000000
-60.000000
-36.000000
-92.000000
-64.000000
-72.000000
-60.000000
-68.000000
-64.000000
-64.000000
-32.000000
-64.000000
-64.000000
-68.000000
-64.000000
-68.000000
-72.000000
-76.000000
-60.000000
-72.000000
-92.000000
-80.000000
-84.000000
-48.000000
-76.000000
-84.000000
-84.000000
-80.000000
-76.000000
-80.000000
-44.000000
-24.000000
-16.000000
-28.000000
-32.000000
-44.000000
-72.000000
-64.000000
-32.000000
-88.000000
-64.000000
-32.000000
-48.000000
-80.000000
-60.000000
-64.000000
-64.000000
-68.000000
-44.000000
-72.000000
-64.000000
-64.000000
-80.000000
-68.000000
-56.000000
-64.000000
-40.000000
-80.000000
-68.000000
-44.000000
-60.000000
-92.000000
-36.000000
-40.000000
-52.000000
-40.000000
-76.000000
-36.000000
-52.000000
-56.000000
-48.000000
-56.000000
-20.000000
-52.000000
-40.000000
-36.000000
-32.000000
-32.000000
-76.000000
-28.000000
-12.000000
-16.000000
-36.000000
-8.000000
-40.000000
-24.000000
-48.000000
-32.000000
-36.000000
-76.000000
-36.000000
-36.000000
-52.000000
-40.000000
-56.000000
-40.000000
-52.000000
-44.000000
-48.000000
-24.000000
-32.000000
-36.000000
-36.000000
-48.000000
-36.000000
-44.000000
-20.000000
-28.000000
-44.000000
-40.000000
-48.000000
-32.000000
-24.000000
-68.000000
-4.000000
-28.000000
-36.000000
-36.000000
-40.000000
-24.000000
-32.000000
-20.000000
-48.000000
-60.000000
-44.000000
-36.000000
-32.000000
-28.000000
-32.000000
-8.000000
-40.000000
-32.000000
-48.000000
-48.000000
-56.000000
-72.000000
-20.000000
-64.000000
-72.000000
-24.000000
-44.000000
-32.000000
-32.000000
-44.000000
-44.000000
-36.000000
-52.000000
-48.000000
-44.000000
-12.000000
-52.000000
-20.000000
-52.000000
-28.000000
-8.000000
-36.000000
-56.000000
-8.000000
-32.000000
-8.000000
-24.000000
-24.000000
-52.000000
-28.000000
-32.000000
-24.000000
-52.000000
-44.000000
-36.000000
-12.000000
-32.000000
-36.000000
-32.000000
-40.000000
-60.000000
-40.000000
-52.000000
-52.000000
-32.000000
-44.000000
-64.000000
-80.000000
-72.000000
-48.000000
-48.000000
-52.000000
-28.000000
-36.000000
-48.000000
-4.000000
-32.000000
-12.000000
0.000000
-44.000000
8.000000
-32.000000
-28.000000
-8.000000
-40.000000
-12.000000
-20.000000
-24.000000
-28.000000
-52.000000
-52.000000
-32.000000
-32.000000
-16.000000
-32.000000
-48.000000
-24.000000
-40.000000
-16.000000
-36.000000
-12.000000
-32.000000
-32.000000
-32.000000
-28.000000
-52.000000
-36.000000
-48.000000
-20.000000
-48.000000
-40.000000
-36.000000
-56.000000
-40.000000
-56.000000
-52.000000
-48.000000
-68.000000
-20.000000
-44.000000
-16.000000
8.000000
-20.000000
-32.000000
-16.000000
-20.000000
-40.000000
-52.000000
-56.000000
-60.000000
-40.000000
-48.000000
-44.000000
-64.000000
-32.000000
-56.000000
-56.000000
-64.000000
-48.000000
-56.000000
-72.000000
-52.000000
-84.000000
-60.000000
-56.000000
-52.000000
-72.000000
-56.000000
-88.000000
-52.000000
-36.000000
-52.000000
-76.000000
-48.000000
-64.000000
-76.000000
-60.000000
-80.000000
-60.000000
-64.000000
-56.000000
-80.000000
-44.000000
-48.000000
-52.000000
-56.000000
-36.000000
-48.000000
-24.000000
-20.000000
-32.000000
-32.000000
-40.000000
-76.000000
-52.000000
-40.000000
-80.000000
-72.000000
-48.000000
-56.000000
-48.000000
-76.000000
-60.000000
-44.000000
-52.000000
-52.000000
-60.000000
-88.000000
-44.000000
-60.000000
-48.000000
-60.000000
-48.000000
-80.000000
-40.000000
-52.000000
-40.000000
-84.000000
-40.000000
-76.000000
-44.000000
-48.000000
-44.000000
-28.000000
-52.000000
-52.000000
-56.000000
-40.000000
-32.000000
-40.000000
-32.000000
-60.000000
-48.000000
-28.000000
-52.000000
-12.000000
-20.000000
-32.000000
-16.000000
-32.000000
-16.000000
-44.000000
-16.000000
-72.000000
-72.000000
-48.000000
-44.000000
-64.000000
-48.000000
-60.000000
-48.000000
-36.000000
-56.000000
-16.000000
-64.000000
-60.000000
-60.000000
-48.000000
-32.000000
-56.000000
-24.000000
-28.000000
-52.000000
-20.000000
-28.000000
-36.000000
-44.000000
-32.000000
-12.000000
-40.000000
-36.000000
-28.000000
-44.000000
-16.000000
-16.000000
-48.000000
-32.000000
-40.000000
-68.000000
-56.000000
0.000000
-28.000000
-20.000000
-12.000000
-36.000000
-36.000000
-16.000000
-56.000000
-76.000000
-76.000000
-64.000000
-60.000000
-52.000000
-52.000000
-72.000000
-56.000000
-68.000000
-44.000000
-36.000000
-36.000000
-20.000000
-24.000000
-48.000000
-32.000000
-24.000000
-32.000000
-24.000000
-48.000000
-28.000000
-12.000000
-44.000000
-36.000000
-28.000000
-28.000000
-16.000000
-4.000000
-16.000000
-40.000000
-40.000000
-36.000000
-28.000000
-44.000000
-28.000000
-36.000000
-28.000000
-32.000000
-20.000000
-32.000000
-28.000000
-20.000000
-20.000000
-52.000000
-24.000000
-32.000000
-32.000000
-64.000000
-56.000000
-64.000000
-36.000000
-44.000000
