608.000000
876.000000
1120.000000
1264.000000
1336.000000
1312.000000
1220.000000
1000.000000
692.000000
308.000000
-140.000000
-636.000000
-1128.000000
-1548.000000
-1904.000000
-2140.000000
-2260.000000
-2216.000000
-2016.000000
-1700.000000
-1236.000000
-700.000000
-120.000000
484.000000
1056.000000
1516.000000
1884.000000
2120.000000
2172.000000
2120.000000
1892.000000
1544.000000
1108.000000
644.000000
192.000000
-276.000000
-676.000000
-1004.000000
-1244.000000
-1380.000000
-1416.000000
-1316.000000
-1216.000000
-960.000000
-752.000000
-464.000000
-232.000000
-76.000000
-36.000000
4.000000
-28.000000
-40.000000
-28.000000
-28.000000
-48.000000
-28.000000
-32.000000
-24.000000
-52.000000
-32.000000
-40.000000
-40.000000
-52.000000
-48.000000
-24.000000
-28.000000
-36.000000
-44.000000
-32.000000
-48.000000
-32.000000
-16.000000
-44.000000
-44.000000
-28.000000
-28.000000
-44.000000
-28.000000
-36.000000
-52.000000
-40.000000
-32.000000
-40.000000
-72.000000
-52.000000
-48.000000
-52.000000
-24.000000
-4.000000
-20.000000
-28.000000
-44.000000
-24.000000
-52.000000
-32.000000
-52.000000
-64.000000
-72.000000
-44.000000
-44.000000
-44.000000
-48.000000
-60.000000
-48.000000
-44.000000
-48.000000
-64.000000
-76.000000
-60.000000
-68.000000
-68.000000
-60.000000
-60.000000
-84.000000
-108.000000
-80.000000
-80.000000
-52.000000
-64.000000
-56.000000
-68.000000
-76.000000
-88.000000
-84.000000
-72.000000
-84.000000
-72.000000
-80.000000
-56.000000
-44.000000
-80.000000
-48.000000
-56.000000
-32.000000
-36.000000
-48.000000
-48.000000
-32.000000
-48.000000
-60.000000
-64.000000
-36.000000
-40.000000
-60.000000
-60.000000
-80.000000
-68.000000
-68.000000
-44.000000
-68.000000
-92.000000
-52.000000
-60.000000
-56.000000
-36.000000
-76.000000
-36.000000
-24.000000
-36.000000
-40.000000
-44.000000
-44.000000
-48.000000
-40.000000
-96.000000
-40.000000
-48.000000
-64.000000
-76.000000
-28.000000
-56.000000
-28.000000
-44.000000
-72.000000
-44.000000
-44.000000
-44.000000
-40.000000
-28.000000
-24.000000
-52.000000
-16.000000
-8.000000
-12.000000
-24.000000
-20.000000
-20.000000
-52.000000
-36.000000
-32.000000
-44.000000
-56.000000
-28.000000
-52.000000
-52.000000
-44.000000
-52.000000
-32.000000
-8.000000
-76.000000
-32.000000
-32.000000
-44.000000
-36.000000
-20.000000
-44.000000
-56.000000
-32.000000
-32.000000
-16.000000
-40.000000
-32.000000
-32.000000
-56.000000
-24.000000
-24.000000
-12.000000
-16.000000
-48.000000
-16.000000
-32.000000
-56.000000
-32.000000
-36.000000
-20.000000
-48.000000
-12.000000
-16.000000
-20.000000
-8.000000
-20.000000
-36.000000
-60.000000
-64.000000
-64.000000
-60.000000
-76.000000
-52.000000
-76.000000
-56.000000
-52.000000
-12.000000
-56.000000
-48.000000
-32.000000
-32.000000
-36.000000
-36.000000
-16.000000
-32.000000
-32.000000
-40.000000
-32.000000
-20.000000
-44.000000
-24.000000
-32.000000
-56.000000
-48.000000
-32.000000
-76.000000
-28.000000
-56.000000
-40.000000
-24.000000
-56.000000
-28.000000
-36.000000
-40.000000
-40.000000
-44.000000
-44.000000
-32.000000
-36.000000
-44.000000
-24.000000
-40.000000
-28.000000
-44.000000
-40.000000
-36.000000
-56.000000
-88.000000
-76.000000
-44.000000
-64.000000
-16.000000
-48.000000
-36.000000
-20.000000
-28.000000
0.000000
-16.000000
-32.000000
-24.000000
-4.000000
-28.000000
-28.000000
-36.000000
-28.000000
-20.000000
-8.000000
-20.000000
-36.000000
-36.000000
-32.000000
-44.000000
-24.000000
-20.000000
-20.000000
-32.000000
-28.000000
-20.000000
-36.000000
-32.000000
-52.000000
-48.000000
-36.000000
-36.000000
-36.000000
-28.000000
-40.000000
-52.000000
-36.000000
-52.000000
-36.000000
-36.000000
-48.000000
-52.000000
-44.000000
-24.000000
-60.000000
-44.000000
0.000000
-16.000000
-52.000000
-52.000000
-56.000000
-52.000000
-24.000000
-36.000000
-52.000000
-32.000000
-56.000000
-24.000000
-52.000000
-64.000000
-52.000000
-80.000000
-60.000000
-80.000000
-52.000000
-56.000000
-60.000000
-64.000000
-64.000000
-52.000000
-68.000000
-76.000000
-84.000000
-76.000000
-76.000000
-92.000000
-64.000000
-76.000000
-88.000000
-80.000000
-60.000000
-72.000000
-48.000000
-88.000000
-72.000000
-84.000000
-48.000000
-92.000000
-80.000000
-60.000000
-72.000000
-84.000000
-72.000000
-52.000000
-44.000000
-4.000000
-20.000000
-24.000000
-72.000000
-32.000000
-28.000000
-40.000000
-80.000000
-68.000000
-60.000000
-76.000000
-68.000000
-72.000000
-64.000000
-68.000000
-36.000000
-68.000000
-36.000000
-76.000000
-28.000000
-48.000000
-80.000000
-96.000000
-72.000000
-20.000000
-36.000000
-92.000000
-44.000000
-56.000000
-40.000000
-60.000000
-32.000000
-60.000000
-16.000000
-48.000000
-24.000000
-32.000000
-28.000000
-36.000000
-28.000000
-44.000000
-32.000000
-40.000000
-52.000000
-36.000000
-44.000000
-28.000000
-32.000000
-32.000000
16.000000
-24.000000
-16.000000
-16.000000
-24.000000
-28.000000
-36.000000
-28.000000
-64.000000
-36.000000
-72.000000
-16.000000
-32.000000
-36.000000
-44.000000
-52.000000
-48.000000
-20.000000
-24.000000
-20.000000
-32.000000
-36.000000
-36.000000
-32.000000
-32.000000
-36.000000
-48.000000
-28.000000
-24.000000
-24.000000
-20.000000
-24.000000
-32.000000
-24.000000
-16.000000
-20.000000
-48.000000
-24.000000
-28.000000
-28.000000
-28.000000
-36.000000
-44.000000
-36.000000
-32.000000
-20.000000
-4.000000
-12.000000
0.000000
-12.000000
-4.000000
-52.000000
-40.000000
-76.000000
-52.000000
-28.000000
-48.000000
-64.000000
-48.000000
-52.000000
-40.000000
-52.000000
-24.000000
-52.000000
-20.000000
-32.000000
-40.000000
-16.000000
-36.000000
-16.000000
-44.000000
-56.000000
-28.000000
-36.000000
-32.000000
-12.000000
-28.000000
-40.000000
-16.000000
-32.000000
-32.000000
-12.000000
-32.000000
-12.000000
0.000000
-36.000000
-24.000000
-44.000000
-48.000000
-12.000000
-44.000000
-28.000000
-20.000000
-16.000000
-32.000000
-32.000000
-28.000000
-44.000000
-24.000000
-60.000000
-40.000000
-72.000000
-56.000000
-80.000000
-40.000000
-36.000000
-16.000000
-44.000000
-12.000000
-8.000000
-28.000000
-36.000000
-36.000000
-24.000000
-12.000000
0.000000
-16.000000
-44.000000
-24.000000
-16.000000
-24.000000
-20.000000
-44.000000
4.000000
-36.000000
-24.000000
-48.000000
-16.000000
-28.000000
-28.000000
-32.000000
-20.000000
-20.000000
-20.000000
-44.000000
-36.000000
-28.000000
-48.000000
-32.000000
-36.000000
-28.000000
-44.000000
-40.000000
-20.000000
-52.000000
-44.000000
-60.000000
-28.000000
-20.000000
-32.000000
-44.000000
-56.000000
-40.000000
-24.000000
-40.000000
-48.000000
-48.000000
4.000000
-24.000000
-12.000000
-16.000000
-20.000000
-44.000000
-28.000000
-44.000000
-16.000000
-48.000000
-36.000000
-44.000000
-48.000000
-52.000000
-52.000000
-64.000000
-80.000000
-64.000000
-68.000000
-60.000000
-80.000000
-44.000000
-76.000000
-36.000000
-64.000000
-72.000000
-60.000000
-64.000000
-84.000000
-76.000000
-76.000000
-60.000000
-80.000000
-80.000000
-56.000000
-44.000000
-44.000000
-24.000000
-64.000000
-60.000000
-60.000000
-92.000000
-64.000000
-20.000000
-68.000000
-20.000000
-52.000000
-48.000000
-40.000000
-52.000000
-80.000000
-40.000000
-60.000000
-68.000000
-32.000000
-60.000000
-48.000000
-48.000000
-60.000000
-80.000000
-48.000000
-72.000000
-52.000000
-68.000000
-60.000000
-76.000000
-52.000000
-44.000000
-44.000000
-72.000000
-48.000000
-40.000000
-32.000000
-44.000000
-52.000000
-32.000000
-72.000000
-16.000000
-68.000000
-28.000000
-40.000000
-44.000000
-40.000000
-16.000000
-44.000000
-28.000000
-44.000000
-28.000000
-44.000000
-56.000000
-20.000000
-52.000000
-24.000000
-28.000000
-28.000000
-8.000000
-52.000000
-32.000000
-36.000000
-56.000000
-36.000000
-48.000000
-52.000000
-20.000000
-56.000000
-52.000000
-60.000000
-68.000000
-44.000000
-56.000000
-36.000000
-44.000000
-32.000000
-40.000000
-48.000000
-28.000000
-36.000000
-36.000000
-32.000000
-20.000000
-72.000000
-32.000000
-24.000000
-16.000000
-32.000000
-28.000000
-36.000000
-32.000000
-32.000000
-4.000000
-60.000000
-52.000000
-16.000000
-64.000000
-36.000000
-8.000000
-40.000000
-40.000000
-8.000000
-12.000000
-48.000000
-12.000000
-16.000000
-40.000000
-40.000000
-60.000000
-72.000000
-88.000000
-60.000000
-60.000000
-60.000000
-80.000000
-32.000000
-48.000000
-36.000000
-24.000000
-36.000000
-36.000000
-48.000000
-24.000000
-40.000000
-40.000000
-12.000000
-44.000000
-32.000000
-36.000000
-44.000000
-44.000000
-24.000000
-32.000000
-28.000000
-28.000000
-32.000000
-44.000000
-40.000000
-48.000000
-40.000000
-28.000000
-8.000000
-28.000000
4.000000
-12.000000
-28.000000
-44.000000
-40.000000
-48.000000
-32.000000
-36.000000
-36.000000
-60.000000
-40.000000
-24.000000
-64.000000
-60.000000
-64.000000
-72.000000
-52.000000
-32.000000
-36.000000
-64.000000
-28.000000
-8.000000
-28.000000
12.000000
-16.000000
-72.000000
-8.000000
-60.000000
0.000000
-40.000000
0.000000
-44.000000
-8.000000
-32.000000
-48.000000
-16.000000
-20.000000
-32.000000
-40.000000
-4.000000
-24.000000
-24.000000
-44.000000
-36.000000
-16.000000
-48.000000
-36.000000
-16.000000
-12.000000
-52.000000
-32.000000
-24.000000
-36.000000
-56.000000
-32.000000
-28.000000
-52.000000
-20.000000
-24.000000
-40.000000
-32.000000
-32.000000
-44.000000
-32.000000
-12.000000
-24.000000
-24.000000
-40.000000
-32.000000
-28.000000
-36.000000
-4.000000
-68.000000
-64.000000
-32.000000
-56.000000
-24.000000
-48.000000
-44.000000
-36.000000
-36.000000
-48.000000
-36.000000
-76.000000
-36.000000
-72.000000
-56.000000
-60.000000
-72.000000
-76.000000
-76.000000
-52.000000
-76.000000
-76.000000
-88.000000
-64.000000
-64.000000
-64.000000
-76.000000
-80.000000
-72.000000
-40.000000
-32.000000
-68.000000
-64.000000
-88.000000
-72.000000
-72.000000
-52.000000
-56.000000
-68.000000
-80.000000
-56.000000
-36.000000
-4.000000
-12.000000
-48.000000
-28.000000
-52.000000
-68.000000
-40.000000
-72.000000
-48.000000
-44.000000
-48.000000
-48.000000
-40.000000
-84.000000
-48.000000
-72.000000
-76.000000
-48.000000
-44.000000
-52.000000
-48.000000
-68.000000
-40.000000
-52.000000
-44.000000
-48.000000
-36.000000
-32.000000
-64.000000
-60.000000
-48.000000
8.000000
-40.000000
-48.000000
-8.000000
-32.000000
-24.000000
-52.000000
-40.000000
-40.000000
-32.000000
-40.000000
-32.000000
-44.000000
-36.000000
-16.000000
-12.000000
-32.000000
0.000000
-24.000000
4.000000
-20.000000
-36.000000
-24.000000
-24.000000
-8.000000
-36.000000
-60.000000
-44.000000
-40.000000
-52.000000
-20.000000
-48.000000
-36.000000
-28.000000
-48.000000
-44.000000
-32.000000
-44.000000
-32.000000
-16.000000
-36.000000
-28.000000
-24.000000
-48.000000
-20.000000
-32.000000
-24.000000
-24.000000
-32.000000
-32.000000
-36.000000
-24.000000
-32.000000
-16.000000
-16.000000
-48.000000
-32.000000
-16.000000
-8.000000
-28.000000
-32.000000
-20.000000
-12.000000
-12.000000
-28.000000
-20.000000
-16.000000
-24.000000
-32.000000
-48.000000
-76.000000
-80.000000
-56.000000
-56.000000
-40.000000
-52.000000
-28.000000
-32.000000
-24.000000
-28.000000
-20.000000
-32.000000
-32.000000
-40.000000
-24.000000
-16.000000
-44.000000
-32.000000
-28.000000
-28.000000
-36.000000
-20.000000
-48.000000
-44.000000
-24.000000
-48.000000
-8.000000
-48.000000
-28.000000
-48.000000
-44.000000
-28.000000
-44.000000
-16.000000
-64.000000
-48.000000
-24.000000
-32.000000
-40.000000
-28.000000
-48.000000
-44.000000
-36.000000
-48.000000
-40.000000
-40.000000
-36.000000
-48.000000
-72.000000
-80.000000
-44.000000
-52.000000
-56.000000
-32.000000
-36.000000
0.000000
-32.000000
-24.000000
-28.000000
-32.000000
-32.000000
-32.000000
-24.000000
0.000000
-32.000000
4.000000
0.000000
-12.000000
-8.000000
-28.000000
-36.000000
-24.000000
-32.000000
-16.000000
-44.000000
-28.000000
-8.000000
-16.000000
-36.000000
-44.000000
-28.000000
-52.000000
-16.000000
-44.000000
-32.000000
-52.000000
-20.000000
-40.000000
-44.000000
-36.000000
-52.000000
-80.000000
-44.000000
-52.000000
-36.000000
-44.000000
-52.000000
-36.000000
-52.000000
-52.000000
-32.000000
-28.000000
-16.000000
-52.000000
12.000000
-56.000000
-24.000000
-32.000000
-12.000000
-32.000000
-48.000000
-44.000000
-64.000000
-40.000000
-48.000000
-40.000000
-76.000000
-68.000000
-76.000000
-76.000000
-68.000000
-80.000000
-44.000000
-76.000000
-80.000000
-48.000000
-56.000000
-84.000000
-88.000000
-92.000000
-96.000000
-44.000000
-92.000000
-80.000000
-88.000000
-64.000000
-68.000000
-76.000000
-72.000000
-84.000000
-96.000000
-68.000000
-48.000000
-60.000000
-60.000000
-64.000000
-92.000000
-48.000000
-80.000000
-44.000000
-8.000000
-32.000000
-52.000000
-44.000000
-40.000000
-44.000000
-56.000000
-52.000000
-48.000000
-92.000000
-60.000000
-32.000000
-60.000000
-40.000000
-72.000000
-64.000000
-52.000000
-72.000000
-72.000000
-72.000000
-36.000000
-48.000000
-36.000000
-72.000000
-52.000000
-52.000000
-48.000000
-32.000000
-60.000000
-36.000000
-48.000000
-68.000000
-48.000000
-40.000000
-48.000000
-16.000000
-44.000000
-36.000000
-36.000000
-60.000000
-28.000000
-28.000000
-32.000000
-32.000000
-44.000000
-44.000000
-28.000000
-48.000000
-20.000000
-36.000000
-24.000000
-48.000000
-36.000000
-40.000000
-76.000000
-56.000000
-40.000000
-44.000000
-36.000000
-48.000000
-48.000000
-52.000000
-36.000000
-52.000000
-16.000000
-48.000000
-32.000000
-32.000000
-44.000000
-48.000000
-24.000000
0.000000
-12.000000
-36.000000
-40.000000
-24.000000
-36.000000
-20.000000
-24.000000
-28.000000
-24.000000
-16.000000
-24.000000
-8.000000
-52.000000
-28.000000
-48.000000
-44.000000
-48.000000
-16.000000
-32.000000
-16.000000
-20.000000
-8.000000
-36.000000
-16.000000
-12.000000
-60.000000
-48.000000
-44.000000
-64.000000
-72.000000
-36.000000
-36.000000
-80.000000
-68.000000
-60.000000
-48.000000
-40.000000
-44.000000
-16.000000
-48.000000
-52.000000
-24.000000
-40.000000
-24.000000
-28.000000
-16.000000
-8.000000
-52.000000
-44.000000
-36.000000
-44.000000
-24.000000
-24.000000
-40.000000
-28.000000
-44.000000
-44.000000
-24.000000
-24.000000
-28.000000
-40.000000
-24.000000
-44.000000
-44.000000
-44.000000
-44.000000
-32.000000
-60.000000
-60.000000
-32.000000
-80.000000
-52.000000
-80.000000
-48.000000
-52.000000
-76.000000
-60.000000
-52.000000
-52.000000
-64.000000
-60.000000
-48.000000
-44.000000
-8.000000
-40.000000
-4.000000
-12.000000
8.000000
-24.000000
-20.000000
-40.000000
-36.000000
-48.000000
-20.000000
-20.000000
-40.000000
-24.000000
-28.000000
-36.000000
-16.000000
-48.000000
-32.000000
-40.000000
-32.000000
-20.000000
-20.000000
-56.000000
-36.000000
-36.000000
-48.000000
-16.000000
-60.000000
-24.000000
-56.000000
-36.000000
-32.000000
-12.000000
-44.000000
-44.000000
-52.000000
-28.000000
-48.000000
-20.000000
-48.000000
-44.000000
-32.000000
-28.000000
-56.000000
-28.000000
-36.000000
-40.000000
-48.000000
12.000000
-36.000000
-32.000000
-20.000000
-32.000000
-16.000000
-52.000000
-24.000000
-48.000000
-28.000000
-84.000000
-20.000000
-36.000000
-56.000000
-56.000000
-84.000000
-88.000000
-72.000000
-32.000000
-80.000000
-80.000000
-72.000000
-48.000000
-64.000000
-80.000000
-76.000000
-72.000000
-72.000000
-48.000000
-72.000000
-92.000000
-76.000000
-64.000000
-76.000000
-84.000000
-72.000000
-72.000000
-88.000000
-60.000000
-76.000000
-64.000000
-48.000000
-44.000000
-32.000000
-84.000000
-28.000000
-48.000000
-40.000000
-24.000000
-52.000000
-44.000000
-44.000000
-64.000000
-76.000000
-72.000000
-32.000000
-72.000000
-60.000000
-44.000000
-84.000000
-64.000000
-52.000000
-48.000000
-72.000000
-64.000000
-52.000000
-80.000000
-60.000000
-56.000000
-60.000000
-56.000000
-60.000000
-12.000000
-44.000000
-72.000000
-52.000000
-44.000000
-76.000000
-52.000000
-44.000000
-16.000000
-60.000000
-36.000000
-56.000000
-60.000000
-48.000000
-60.000000
-32.000000
-40.000000
-36.000000
-40.000000
-28.000000
-28.000000
-32.000000
-20.000000
-20.000000
-44.000000
-20.000000
-40.000000
-52.000000
-56.000000
-24.000000
-72.000000
-44.000000
-48.000000
-40.000000
-48.000000
-48.000000
-44.000000
-44.000000
-64.000000
-32.000000
-48.000000
-28.000000
-60.000000
-44.000000
-8.000000
-48.000000
-48.000000
-28.000000
-36.000000
-44.000000
-28.000000
-20.000000
-36.000000
-20.000000
-36.000000
-32.000000
-56.000000
-28.000000
-64.000000
-40.000000
-20.000000
-32.000000
-12.000000
-16.000000
-56.000000
-28.000000
-52.000000
-24.000000
-16.000000
0.000000
-24.000000
-16.000000
-52.000000
-48.000000
-64.000000
-72.000000
-76.000000
-44.000000
-64.000000
-60.000000
-48.000000
-40.000000
-44.000000
-44.000000
-36.000000
-36.000000
-24.000000
-20.000000
-36.000000
-28.000000
-36.000000
-44.000000
-8.000000
-32.000000
-32.000000
-24.000000
-16.000000
-40.000000
-12.000000
-24.000000
-36.000000
-20.000000
-20.000000
-76.000000
-28.000000
-40.000000
-24.000000
-36.000000
-32.000000
-32.000000
-48.000000
-44.000000
-28.000000
-40.000000
-28.000000
-48.000000
-32.000000
-56.000000
-32.000000
-44.000000
-40.000000
-56.000000
-40.000000
-68.000000
-76.000000
-52.000000
-68.000000
-20.000000
-32.000000
-20.000000
-28.000000
-20.000000
-28.000000
-12.000000
-36.000000
-12.000000
-24.000000
-20.000000
-4.000000
-16.000000
-24.000000
-20.000000
-20.000000
-32.000000
-28.000000
-28.000000
-44.000000
-52.000000
-32.000000
-28.000000
-52.000000
-28.000000
-24.000000
-60.000000
-20.000000
-44.000000
-48.000000
-52.000000
-40.000000
-56.000000
-32.000000
-32.000000
-40.000000
-44.000000
-16.000000
-28.000000
-52.000000
-40.000000
-48.000000
-48.000000
-44.000000
-36.000000
-52.000000
-52.000000
-28.000000
-36.000000
-52.000000
-28.000000
-44.000000
-52.000000
-20.000000
-8.000000
-52.000000
-36.000000
-32.000000
-32.000000
-48.000000
-64.000000
-60.000000
-60.000000
-60.000000
-52.000000
-56.000000
-64.000000
-64.000000
-60.000000
-32.000000
-88.000000
-88.000000
-40.000000
-44.000000
-72.000000
-72.000000
-64.000000
-56.000000
-60.000000
-76.000000
-76.000000
-52.000000
-64.000000
-44.000000
-48.000000
-92.000000
-76.000000
-76.000000
-80.000000
-80.000000
-64.000000
-72.000000
-64.000000
-68.000000
-44.000000
-60.000000
-28.000000
-28.000000
-24.000000
-48.000000
-44.000000
-48.000000
-56.000000
-48.000000
-60.000000
-32.000000
-44.000000
-76.000000
-52.000000
-76.000000
-80.000000
-64.000000
-76.000000
-60.000000
-60.000000
-56.000000
-72.000000
-64.000000
-72.000000
-32.000000
-88.000000
-32.000000
-56.000000
-64.000000
-44.000000
-64.000000
-48.000000
-32.000000
-56.000000
-64.000000
-4.000000
-48.000000
-20.000000
-56.000000
-44.000000
-32.000000
-40.000000
-44.000000
-56.000000
-32.000000
-32.000000
-36.000000
-28.000000
-44.000000
-28.000000
-4.000000
-12.000000
-12.000000
-20.000000
-32.000000
-40.000000
-28.000000
-64.000000
-40.000000
-60.000000
-44.000000
-56.000000
-60.000000
-44.000000
-40.000000
-48.000000
-40.000000
-44.000000
-44.000000
-40.000000
-28.000000
-36.000000
-32.000000
-28.000000
-36.000000
-36.000000
-28.000000
-32.000000
-32.000000
-48.000000
-52.000000
-40.000000
-36.000000
-36.000000
-28.000000
-32.000000
-40.000000
-60.000000
-8.000000
-24.000000
-32.000000
-44.000000
-32.000000
-48.000000
-16.000000
-44.000000
-36.000000
-24.000000
-20.000000
-8.000000
-28.000000
-32.000000
-52.000000
-92.000000
-76.000000
-44.000000
-68.000000
-24.000000
-80.000000
-32.000000
-52.000000
-40.000000
-44.000000
-36.000000
-32.000000
-32.000000
-20.000000
-28.000000
-40.000000
-28.000000
-32.000000
-20.000000
-60.000000
-36.000000
-36.000000
-24.000000
-48.000000
-20.000000
-48.000000
-16.000000
-48.000000
-48.000000
-28.000000
-36.000000
-44.000000
-32.000000
-24.000000
-36.000000
-44.000000
-16.000000
-28.000000
-36.000000
-48.000000
-36.000000
-44.000000
-32.000000
-52.000000
-44.000000
-36.000000
-60.000000
-44.000000
-100.000000
-48.000000
-60.000000
-28.000000
-16.000000
-32.000000
-36.000000
0.000000
-4.000000
-32.000000
0.000000
-16.000000
-24.000000
-32.000000
-20.000000
0.000000
-60.000000
4.000000
-36.000000
-12.000000
-48.000000
-20.000000
-24.000000
-12.000000
-44.000000
-32.000000
-36.000000
-36.000000
-40.000000
-32.000000
-48.000000
-28.000000
-24.000000
-40.000000
-24.000000
-44.000000
-28.000000
-44.000000
-44.000000
-32.000000
-44.000000
-32.000000
-20.000000
-48.000000
-52.000000
-32.000000
-44.000000
-28.000000
-36.000000
-36.000000
-68.000000
-36.000000
-44.000000
-24.000000
-28.000000
-20.000000
-8.000000
-20.000000
-44.000000
-76.000000
-20.000000
-72.000000
-36.000000
-48.000000
-44.000000
-52.000000
-60.000000
-44.000000
-64.000000
-52.000000
-76.000000
-80.000000
-44.000000
-60.000000
-92.000000
-72.000000
-72.000000
-52.000000
-60.000000
-72.000000
-60.000000
-88.000000
-60.000000
-60.000000
-72.000000
-76.000000
-80.000000
-44.000000
-52.000000
-104.000000
-84.000000
-68.000000
-96.000000
-48.000000
-44.000000
-80.000000
-76.000000
-44.000000
-92.000000
-72.000000
-32.000000
-20.000000
-16.000000
-32.000000
-48.000000
-32.000000
-48.000000
-52.000000
-40.000000
-56.000000
-60.000000
-60.000000
-76.000000
-68.000000
-64.000000
-80.000000
-60.000000
-56.000000
-76.000000
-60.000000
-60.000000
-56.000000
-60.000000
-40.000000
-72.000000
-56.000000
-60.000000
-24.000000
-76.000000
-44.000000
-32.000000
-48.000000
-68.000000
-36.000000
-60.000000
-44.000000
-56.000000
-44.000000
-56.000000
-28.000000
-64.000000
-12.000000
-12.000000
-44.000000
-28.000000
-32.000000
-36.000000
-16.000000
-16.000000
8.000000
-28.000000
-8.000000
-16.000000
-28.000000
-40.000000
-60.000000
-52.000000
-44.000000
-32.000000
-76.000000
-48.000000
-52.000000
-44.000000
-52.000000
-40.000000
-48.000000
-44.000000
-28.000000
-44.000000
-28.000000
-44.000000
-40.000000
-36.000000
-16.000000
-36.000000
-44.000000
-28.000000
-40.000000
-36.000000
-40.000000
-40.000000
-40.000000
-52.000000
-16.000000
-28.000000
-36.000000
-8.000000
-28.000000
-16.000000
-44.000000
-8.000000
-36.000000
-12.000000
-20.000000
-20.000000
-28.000000
-52.000000
-32.000000
-16.000000
-44.000000
-44.000000
-24.000000
-60.000000
-52.000000
-84.000000
-52.000000
-56.000000
-72.000000
-44.000000
-28.000000
-60.000000
-40.000000
-44.000000
-48.000000
-52.000000
-16.000000
-24.000000
-36.000000
-64.000000
-60.000000
-72.000000
-40.000000
-52.000000
-48.000000
-52.000000
-28.000000
-32.000000
-8.000000
-28.000000
-32.000000
-32.000000
-44.000000
-48.000000
-52.000000
-20.000000
-72.000000
-48.000000
-28.000000
-72.000000
-20.000000
-36.000000
-44.000000
-28.000000
-48.000000
-28.000000
-48.000000
-40.000000
-40.000000
-48.000000
-64.000000
-72.000000
-56.000000
-56.000000
-36.000000
-64.000000
-20.000000
-20.000000
-4.000000
-4.000000
-20.000000
-20.000000
-32.000000
-8.000000
-20.000000
-8.000000
-12.000000
