584.000000
812.000000
1064.000000
1252.000000
1332.000000
1352.000000
1264.000000
1092.000000
796.000000
424.000000
-20.000000
-504.000000
-992.000000
-1408.000000
-1840.000000
-2092.000000
-2248.000000
-2240.000000
-2088.000000
-1800.000000
-1364.000000
-848.000000
-268.000000
332.000000
892.000000
1376.000000
1788.000000
2068.000000
2184.000000
2148.000000
1984.000000
1672.000000
1252.000000
808.000000
340.000000
-160.000000
-568.000000
-912.000000
-1208.000000
-1336.000000
-1420.000000
-1388.000000
-1208.000000
-1072.000000
-836.000000
-556.000000
-328.000000
-148.000000
-36.000000
-32.000000
-48.000000
-48.000000
-72.000000
-72.000000
-80.000000
-72.000000
-76.000000
-56.000000
-52.000000
-72.000000
-60.000000
-88.000000
-72.000000
-88.000000
-80.000000
-68.000000
-76.000000
-72.000000
-64.000000
-68.000000
-80.000000
-72.000000
-64.000000
-80.000000
-68.000000
-60.000000
-104.000000
-56.000000
-68.000000
-44.000000
-52.000000
-60.000000
-72.000000
-48.000000
-60.000000
-44.000000
-28.000000
-28.000000
-16.000000
-12.000000
-44.000000
-48.000000
-72.000000
-68.000000
-64.000000
-44.000000
-76.000000
-32.000000
-40.000000
-64.000000
-68.000000
-88.000000
-52.000000
-76.000000
-64.000000
-44.000000
-60.000000
-48.000000
-28.000000
-56.000000
-32.000000
-72.000000
-60.000000
-60.000000
-48.000000
-36.000000
-80.000000
-32.000000
-44.000000
-60.000000
-56.000000
-28.000000
-68.000000
-44.000000
-44.000000
-48.000000
-48.000000
-44.000000
-40.000000
-44.000000
-52.000000
-48.000000
-44.000000
-44.000000
-24.000000
-20.000000
8.000000
-40.000000
-40.000000
-40.000000
-52.000000
-52.000000
-44.000000
-44.000000
-60.000000
-40.000000
-40.000000
-60.000000
-40.000000
-52.000000
-48.000000
-48.000000
-28.000000
-36.000000
-48.000000
-44.000000
-64.000000
-44.000000
-36.000000
-36.000000
-28.000000
-32.000000
-20.000000
-48.000000
-28.000000
-24.000000
-52.000000
-28.000000
-44.000000
-44.000000
-12.000000
-52.000000
-56.000000
-28.000000
-36.000000
-40.000000
-52.000000
-16.000000
-76.000000
-68.000000
-36.000000
-32.000000
-32.000000
-44.000000
-16.000000
-32.000000
-64.000000
-36.000000
-72.000000
-60.000000
-56.000000
-56.000000
-52.000000
-56.000000
-60.000000
-52.000000
-52.000000
-64.000000
-12.000000
-20.000000
-24.000000
-48.000000
-24.000000
-44.000000
-52.000000
-40.000000
-56.000000
-16.000000
-32.000000
-68.000000
-60.000000
-40.000000
-8.000000
-40.000000
-40.000000
-20.000000
-36.000000
-36.000000
-32.000000
-48.000000
-48.000000
-8.000000
-48.000000
-36.000000
-44.000000
-44.000000
-64.000000
-48.000000
-44.000000
-44.000000
-60.000000
-80.000000
-52.000000
-44.000000
-80.000000
-44.000000
-92.000000
-68.000000
-52.000000
-52.000000
-48.000000
-24.000000
-72.000000
-16.000000
-8.000000
-20.000000
0.000000
-20.000000
-32.000000
-16.000000
-24.000000
-36.000000
-28.000000
-20.000000
-32.000000
-36.000000
-40.000000
-24.000000
-24.000000
-28.000000
-32.000000
-32.000000
-48.000000
-44.000000
-48.000000
-48.000000
-40.000000
-40.000000
-32.000000
-60.000000
-56.000000
-52.000000
-60.000000
-36.000000
-52.000000
-48.000000
-52.000000
-40.000000
-60.000000
-56.000000
-60.000000
-28.000000
-52.000000
-56.000000
-44.000000
-64.000000
-52.000000
-36.000000
-44.000000
-44.000000
-32.000000
-48.000000
-28.000000
-36.000000
-52.000000
-36.000000
-48.000000
-68.000000
-64.000000
-48.000000
-48.000000
-72.000000
-60.000000
-52.000000
-88.000000
-52.000000
-80.000000
-100.000000
-48.000000
-88.000000
-76.000000
-76.000000
-88.000000
-76.000000
-36.000000
-60.000000
-52.000000
-72.000000
-108.000000
-52.000000
-68.000000
-92.000000
-68.000000
-76.000000
-84.000000
-68.000000
-80.000000
-88.000000
-64.000000
-52.000000
-36.000000
-64.000000
-68.000000
-68.000000
-80.000000
-52.000000
-44.000000
0.000000
-28.000000
-40.000000
-56.000000
-64.000000
-48.000000
-60.000000
-48.000000
-48.000000
-60.000000
-72.000000
-84.000000
-72.000000
-56.000000
-44.000000
-80.000000
-88.000000
-60.000000
-60.000000
-44.000000
-52.000000
-52.000000
-44.000000
-12.000000
-84.000000
-40.000000
-40.000000
-92.000000
-48.000000
-48.000000
-56.000000
-16.000000
-40.000000
-52.000000
-28.000000
-56.000000
-32.000000
-64.000000
-40.000000
-48.000000
-36.000000
-44.000000
-36.000000
-44.000000
-12.000000
-40.000000
-40.000000
-28.000000
-8.000000
-20.000000
-32.000000
-36.000000
-24.000000
-40.000000
-32.000000
-44.000000
-48.000000
-24.000000
-64.000000
-48.000000
-44.000000
-24.000000
-36.000000
-32.000000
-28.000000
-44.000000
-40.000000
-24.000000
-24.000000
-48.000000
-32.000000
-28.000000
-16.000000
-28.000000
-28.000000
-8.000000
-28.000000
-16.000000
-20.000000
-44.000000
-44.000000
-48.000000
-16.000000
-52.000000
-56.000000
-28.000000
-32.000000
-48.000000
-24.000000
-8.000000
-36.000000
-16.000000
-32.000000
4.000000
-4.000000
-28.000000
-28.000000
-16.000000
-44.000000
-32.000000
-80.000000
-56.000000
-56.000000
-60.000000
-72.000000
-60.000000
-64.000000
-56.000000
-36.000000
-40.000000
-60.000000
-44.000000
-16.000000
-20.000000
-12.000000
-24.000000
-36.000000
-36.000000
-44.000000
-32.000000
-56.000000
-48.000000
-32.000000
-12.000000
-32.000000
-24.000000
-28.000000
-44.000000
-48.000000
-12.000000
-12.000000
-36.000000
-48.000000
-52.000000
-44.000000
-36.000000
-56.000000
-40.000000
-60.000000
-32.000000
-24.000000
-32.000000
-28.000000
-36.000000
-44.000000
-48.000000
-36.000000
-44.000000
-56.000000
-88.000000
-72.000000
-68.000000
-52.000000
-48.000000
-24.000000
-32.000000
-32.000000
-4.000000
-20.000000
-20.000000
-8.000000
-12.000000
-4.000000
-16.000000
-12.000000
-8.000000
-24.000000
-8.000000
-20.000000
-20.000000
-8.000000
-32.000000
-24.000000
-20.000000
-44.000000
-52.000000
-24.000000
-36.000000
-40.000000
-56.000000
-56.000000
-20.000000
-28.000000
-40.000000
-28.000000
-56.000000
-40.000000
-36.000000
-32.000000
-60.000000
-32.000000
-48.000000
-48.000000
-56.000000
-52.000000
-60.000000
-52.000000
-44.000000
-48.000000
-52.000000
-36.000000
-28.000000
-32.000000
-36.000000
-44.000000
0.000000
-24.000000
-4.000000
-24.000000
-36.000000
-44.000000
-48.000000
-44.000000
-44.000000
-56.000000
-32.000000
-68.000000
-56.000000
-60.000000
-76.000000
-64.000000
-76.000000
-52.000000
-48.000000
-60.000000
-76.000000
-76.000000
-44.000000
-76.000000
-96.000000
-28.000000
-60.000000
-40.000000
-60.000000
-92.000000
-68.000000
-72.000000
-76.000000
-92.000000
-56.000000
-88.000000
-72.000000
-80.000000
-56.000000
-68.000000
-88.000000
-36.000000
-68.000000
-48.000000
-36.000000
-32.000000
-24.000000
-40.000000
-16.000000
-72.000000
-28.000000
-60.000000
-76.000000
-52.000000
-64.000000
-64.000000
-84.000000
-32.000000
-32.000000
-72.000000
-76.000000
-88.000000
-80.000000
-60.000000
-44.000000
-76.000000
-60.000000
-88.000000
-64.000000
-28.000000
-84.000000
-44.000000
-84.000000
-72.000000
-80.000000
-60.000000
-40.000000
-72.000000
-60.000000
-44.000000
-64.000000
-44.000000
-68.000000
-44.000000
-40.000000
-40.000000
-52.000000
-36.000000
-48.000000
-36.000000
-24.000000
-48.000000
-52.000000
-20.000000
-16.000000
-36.000000
-12.000000
-44.000000
-32.000000
-40.000000
-56.000000
-44.000000
-52.000000
-48.000000
-36.000000
-40.000000
-44.000000
-40.000000
-44.000000
-44.000000
-52.000000
-64.000000
-24.000000
-28.000000
-40.000000
-32.000000
-24.000000
-28.000000
-36.000000
-44.000000
-36.000000
-28.000000
-60.000000
-36.000000
-32.000000
-28.000000
-52.000000
-44.000000
-24.000000
-32.000000
-32.000000
-24.000000
-48.000000
-16.000000
-24.000000
-24.000000
-40.000000
-28.000000
-32.000000
-52.000000
-28.000000
-32.000000
-24.000000
-12.000000
-48.000000
-52.000000
-40.000000
-72.000000
-64.000000
-72.000000
-84.000000
-60.000000
-60.000000
-24.000000
-76.000000
-36.000000
-20.000000
-48.000000
-28.000000
-52.000000
-48.000000
-28.000000
-48.000000
-32.000000
-24.000000
-36.000000
-12.000000
-28.000000
-36.000000
-36.000000
-44.000000
-24.000000
-28.000000
-16.000000
-28.000000
-44.000000
-60.000000
-40.000000
-28.000000
-64.000000
-40.000000
-52.000000
-32.000000
-60.000000
-32.000000
-48.000000
-48.000000
-32.000000
-60.000000
-36.000000
-60.000000
-64.000000
-36.000000
-76.000000
-80.000000
-48.000000
-36.000000
-60.000000
-48.000000
-36.000000
-28.000000
-28.000000
0.000000
-28.000000
-16.000000
-16.000000
-4.000000
-20.000000
-32.000000
-24.000000
-8.000000
-24.000000
-12.000000
-36.000000
-24.000000
-16.000000
-24.000000
-20.000000
-64.000000
-32.000000
-28.000000
-28.000000
-32.000000
-36.000000
-32.000000
-24.000000
-32.000000
-28.000000
-32.000000
-36.000000
-36.000000
-40.000000
-60.000000
-24.000000
-56.000000
-44.000000
-44.000000
-32.000000
-64.000000
-44.000000
-32.000000
-40.000000
-44.000000
-36.000000
-52.000000
-48.000000
-16.000000
-8.000000
-36.000000
-40.000000
-36.000000
-24.000000
-24.000000
-32.000000
-52.000000
-24.000000
-44.000000
-44.000000
-64.000000
-48.000000
-48.000000
-28.000000
-80.000000
-72.000000
-64.000000
-80.000000
-60.000000
-48.000000
-52.000000
-92.000000
-80.000000
-84.000000
-56.000000
-56.000000
-64.000000
-52.000000
-68.000000
-80.000000
-76.000000
-52.000000
-84.000000
-80.000000
-80.000000
-80.000000
-72.000000
-72.000000
-44.000000
-72.000000
-80.000000
-88.000000
-88.000000
-56.000000
-28.000000
-24.000000
-28.000000
-20.000000
-44.000000
-36.000000
-40.000000
-64.000000
-56.000000
-64.000000
-56.000000
-72.000000
-64.000000
-76.000000
-84.000000
-48.000000
-64.000000
-68.000000
-80.000000
-52.000000
-60.000000
-52.000000
-64.000000
-36.000000
-68.000000
-48.000000
-84.000000
-72.000000
-36.000000
-40.000000
-68.000000
-48.000000
-60.000000
-40.000000
-36.000000
-60.000000
-40.000000
-60.000000
-88.000000
-20.000000
-64.000000
-68.000000
-36.000000
-56.000000
-24.000000
-44.000000
-40.000000
-48.000000
-44.000000
-60.000000
-24.000000
-32.000000
-32.000000
-28.000000
-24.000000
-32.000000
-56.000000
-32.000000
-44.000000
-48.000000
-60.000000
-40.000000
-52.000000
-56.000000
-44.000000
-36.000000
-60.000000
-44.000000
-40.000000
-44.000000
-36.000000
-36.000000
-52.000000
-48.000000
-60.000000
-44.000000
-32.000000
-48.000000
-40.000000
-52.000000
-28.000000
-32.000000
-48.000000
-40.000000
-8.000000
-36.000000
-16.000000
-28.000000
-16.000000
-28.000000
-16.000000
-24.000000
-36.000000
-28.000000
-24.000000
-28.000000
-44.000000
-40.000000
-36.000000
-28.000000
-44.000000
-32.000000
-52.000000
-60.000000
-40.000000
-84.000000
-60.000000
-76.000000
-60.000000
-44.000000
-56.000000
-52.000000
-40.000000
-68.000000
-44.000000
-24.000000
-28.000000
-32.000000
-36.000000
-24.000000
-16.000000
-32.000000
-60.000000
-32.000000
-52.000000
-44.000000
-44.000000
-36.000000
-32.000000
-44.000000
-20.000000
-28.000000
-44.000000
-20.000000
-48.000000
-20.000000
-32.000000
-44.000000
-44.000000
-36.000000
-44.000000
-40.000000
-44.000000
-36.000000
-48.000000
-44.000000
-16.000000
-24.000000
-60.000000
-60.000000
-68.000000
-68.000000
-56.000000
-64.000000
-60.000000
-32.000000
-24.000000
-32.000000
0.000000
-24.000000
8.000000
0.000000
0.000000
-16.000000
-28.000000
4.000000
-8.000000
-8.000000
-28.000000
-32.000000
-28.000000
-16.000000
-28.000000
-12.000000
-24.000000
-12.000000
-36.000000
-8.000000
-48.000000
-12.000000
-20.000000
-36.000000
-16.000000
-44.000000
-20.000000
-28.000000
-36.000000
-16.000000
-32.000000
-20.000000
-52.000000
-36.000000
-36.000000
-8.000000
-44.000000
-36.000000
-24.000000
-32.000000
-28.000000
-16.000000
-36.000000
-64.000000
-28.000000
-40.000000
-16.000000
-20.000000
-52.000000
-32.000000
-28.000000
0.000000
-32.000000
-52.000000
-32.000000
-52.000000
-56.000000
-32.000000
-52.000000
-84.000000
-48.000000
-60.000000
-56.000000
-64.000000
-44.000000
-72.000000
-60.000000
-60.000000
-68.000000
-88.000000
-60.000000
-64.000000
-56.000000
-64.000000
-60.000000
-52.000000
-88.000000
-60.000000
-52.000000
-88.000000
-80.000000
-52.000000
-72.000000
-60.000000
-76.000000
-80.000000
-56.000000
-64.000000
-72.000000
-72.000000
-56.000000
-72.000000
-44.000000
-64.000000
-40.000000
-16.000000
-40.000000
-20.000000
-48.000000
-52.000000
-40.000000
-64.000000
-80.000000
-56.000000
-52.000000
-32.000000
-64.000000
-96.000000
-44.000000
-40.000000
-80.000000
-52.000000
-52.000000
-48.000000
-60.000000
-68.000000
-64.000000
-44.000000
-72.000000
-80.000000
-56.000000
-44.000000
-52.000000
-52.000000
-40.000000
-32.000000
-56.000000
-40.000000
-80.000000
-56.000000
-52.000000
-60.000000
-28.000000
-36.000000
-24.000000
-36.000000
-32.000000
-36.000000
-28.000000
-48.000000
-56.000000
-32.000000
-16.000000
-12.000000
0.000000
-16.000000
-20.000000
-40.000000
-32.000000
-52.000000
-44.000000
-40.000000
-28.000000
-56.000000
-84.000000
0.000000
-56.000000
-52.000000
-20.000000
-56.000000
-40.000000
-52.000000
-68.000000
-44.000000
-24.000000
-32.000000
-32.000000
-48.000000
-36.000000
-28.000000
-20.000000
-40.000000
-44.000000
-40.000000
-36.000000
-32.000000
-20.000000
-60.000000
-36.000000
-32.000000
-44.000000
-32.000000
-28.000000
-16.000000
-16.000000
-32.000000
-32.000000
-20.000000
-8.000000
-36.000000
-44.000000
-52.000000
-36.000000
-20.000000
-44.000000
-68.000000
-72.000000
-44.000000
-60.000000
-52.000000
-60.000000
-68.000000
-40.000000
-60.000000
-44.000000
-60.000000
-44.000000
-48.000000
-60.000000
-24.000000
-48.000000
-12.000000
-36.000000
-36.000000
-36.000000
-28.000000
-36.000000
-40.000000
0.000000
-44.000000
-36.000000
-24.000000
-8.000000
-44.000000
-52.000000
0.000000
-48.000000
-20.000000
-32.000000
-36.000000
-40.000000
-36.000000
-28.000000
-44.000000
-28.000000
-44.000000
-52.000000
-24.000000
-60.000000
-20.000000
-36.000000
-32.000000
-24.000000
-84.000000
-72.000000
-64.000000
-60.000000
-64.000000
-32.000000
-52.000000
-40.000000
-44.000000
-52.000000
-32.000000
-28.000000
-4.000000
-32.000000
-8.000000
-36.000000
-36.000000
-20.000000
0.000000
-24.000000
-36.000000
4.000000
-28.000000
-12.000000
-20.000000
-20.000000
-24.000000
-20.000000
-8.000000
-20.000000
-36.000000
-8.000000
-36.000000
-28.000000
-20.000000
-44.000000
-20.000000
-8.000000
-40.000000
-56.000000
-32.000000
-44.000000
-32.000000
-52.000000
-32.000000
-32.000000
-48.000000
-20.000000
-48.000000
-48.000000
-56.000000
-40.000000
-52.000000
-32.000000
-68.000000
-20.000000
-32.000000
-44.000000
-4.000000
-28.000000
-48.000000
-36.000000
-24.000000
-68.000000
-24.000000
-60.000000
-24.000000
-48.000000
-40.000000
-72.000000
-72.000000
-48.000000
-48.000000
-60.000000
-52.000000
-48.000000
-64.000000
-64.000000
-48.000000
-80.000000
-72.000000
-60.000000
-60.000000
-72.000000
-88.000000
-80.000000
-64.000000
-60.000000
-72.000000
-48.000000
-48.000000
-64.000000
-60.000000
-56.000000
-80.000000
-68.000000
-88.000000
-84.000000
-52.000000
-56.000000
-36.000000
-36.000000
-24.000000
-44.000000
-12.000000
-48.000000
-68.000000
-72.000000
-68.000000
-80.000000
-60.000000
-48.000000
-68.000000
-32.000000
-44.000000
-36.000000
-56.000000
-80.000000
-28.000000
-92.000000
-96.000000
-64.000000
-52.000000
-52.000000
-52.000000
-36.000000
-48.000000
-28.000000
-80.000000
-64.000000
-36.000000
-44.000000
-24.000000
-24.000000
-28.000000
-60.000000
-52.000000
-52.000000
-56.000000
-60.000000
-40.000000
-52.000000
-52.000000
-36.000000
-52.000000
-28.000000
-32.000000
-44.000000
-44.000000
-40.000000
-8.000000
-20.000000
8.000000
-44.000000
-16.000000
-32.000000
-44.000000
-32.000000
-80.000000
-36.000000
-72.000000
-52.000000
-48.000000
-72.000000
-32.000000
-72.000000
-44.000000
-60.000000
-32.000000
-32.000000
-48.000000
-48.000000
-40.000000
-20.000000
-52.000000
-28.000000
-48.000000
-48.000000
-40.000000
-48.000000
-40.000000
-8.000000
-24.000000
-20.000000
-24.000000
-8.000000
-20.000000
-36.000000
-48.000000
-8.000000
-36.000000
-44.000000
-16.000000
-44.000000
-36.000000
-48.000000
-40.000000
-24.000000
-48.000000
-24.000000
-20.000000
-60.000000
-80.000000
-84.000000
-60.000000
-52.000000
-60.000000
-40.000000
-48.000000
-36.000000
-56.000000
-32.000000
-40.000000
-16.000000
-20.000000
-48.000000
-28.000000
-40.000000
-36.000000
-20.000000
-36.000000
-36.000000
-8.000000
-64.000000
-32.000000
-36.000000
-28.000000
-32.000000
-36.000000
-56.000000
-52.000000
-4.000000
-48.000000
-16.000000
-28.000000
-32.000000
-28.000000
-28.000000
-28.000000
-48.000000
-24.000000
-52.000000
-20.000000
-28.000000
-20.000000
-44.000000
-52.000000
-40.000000
-28.000000
-48.000000
-64.000000
-60.000000
-80.000000
-76.000000
-68.000000
-60.000000
-52.000000
-48.000000
-28.000000
-32.000000
-12.000000
-20.000000
-40.000000
-24.000000
-24.000000
-24.000000
-4.000000
-12.000000
-12.000000
-16.000000
-44.000000
-28.000000
-20.000000
-28.000000
-24.000000
-36.000000
-44.000000
4.000000
-36.000000
-32.000000
-28.000000
-32.000000
-28.000000
-12.000000
-16.000000
-36.000000
-28.000000
-24.000000
-20.000000
-44.000000
-44.000000
-16.000000
-32.000000
-36.000000
-40.000000
-44.000000
-32.000000
-36.000000
-24.000000
-44.000000
-72.000000
-44.000000
-16.000000
-52.000000
-4.000000
-28.000000
-16.000000
-52.000000
-4.000000
-24.000000
-24.000000
-32.000000
-36.000000
-48.000000
-52.000000
-44.000000
-40.000000
-48.000000
-52.000000
-44.000000
-56.000000
-32.000000
-60.000000
-84.000000
-76.000000
-80.000000
-52.000000
-32.000000
-36.000000
-56.000000
-92.000000
-72.000000
-32.000000
-56.000000
-60.000000
-48.000000
-76.000000
-52.000000
-92.000000
-80.000000
-84.000000
-48.000000
-36.000000
-60.000000
-76.000000
-52.000000
-52.000000
-48.000000
-44.000000
-56.000000
-48.000000
-8.000000
-48.000000
-40.000000
-8.000000
-40.000000
-76.000000
-68.000000
-60.000000
-60.000000
-56.000000
-64.000000
-36.000000
-76.000000
-52.000000
-52.000000
-72.000000
-56.000000
-84.000000
-44.000000
-60.000000
-64.000000
-72.000000
-44.000000
-56.000000
-36.000000
-64.000000
-64.000000
-24.000000
-48.000000
-28.000000
-40.000000
-44.000000
-44.000000
-48.000000
-24.000000
-16.000000
-48.000000
-40.000000
-44.000000
-56.000000
-24.000000
-44.000000
-28.000000
-32.000000
-40.000000
-32.000000
-44.000000
-28.000000
-48.000000
-28.000000
-32.000000
-36.000000
-40.000000
-48.000000
-32.000000
-40.000000
-48.000000
-44.000000
-52.000000
-60.000000
-44.000000
-44.000000
-40.000000
-40.000000
-36.000000
-52.000000
-28.000000
-24.000000
-36.000000
-28.000000
-48.000000
-36.000000
-40.000000
-32.000000
-36.000000
-36.000000
-36.000000
-24.000000
-28.000000
-44.000000
-24.000000
-48.000000
-48.000000
-4.000000
-20.000000
-40.000000
-12.000000
-32.000000
-36.000000
-28.000000
8.000000
-24.000000
-12.000000
-20.000000
-44.000000
-44.000000
-16.000000
-48.000000
-12.000000
-8.000000
-52.000000
-64.000000
-64.000000
-84.000000
-80.000000
-60.000000
-12.000000
-76.000000
-16.000000
-60.000000
-20.000000
-48.000000
-28.000000
-24.000000
-20.000000
-44.000000
-32.000000
-20.000000
-40.000000
-36.000000
-32.000000
-12.000000
-16.000000
0.000000
-64.000000
-12.000000
-40.000000
-8.000000
-40.000000
-32.000000
-32.000000
-28.000000
-48.000000
-32.000000
-12.000000
-32.000000
-44.000000
-16.000000
-44.000000
-36.000000
-52.000000
-36.000000
-24.000000
-60.000000
-28.000000
-28.000000
-56.000000
-56.000000
-36.000000
-76.000000
-84.000000
-72.000000
-64.000000
-32.000000
-36.000000
-48.000000
-36.000000
-16.000000
-20.000000
-28.000000
-24.000000
-16.000000
-20.000000
-8.000000
-8.000000
-32.000000
-32.000000
-4.000000
-12.000000
-36.000000
0.000000
-24.000000
-24.000000
-36.000000
0.000000
-12.000000
-40.000000
-12.000000
-48.000000
-4.000000
-24.000000
-28.000000
-28.000000
-16.000000
-8.000000
-32.000000
-20.000000
-40.000000
-32.000000
-44.000000
-24.000000
-36.000000
-52.000000
-52.000000
-52.000000
-40.000000
-28.000000
-36.000000
-36.000000
-48.000000
-32.000000
-28.000000
-40.000000
-16.000000
-8.000000
-36.000000
-40.000000
-28.000000
-16.000000
-28.000000
-8.000000
-44.000000
-60.000000
-40.000000
-40.000000
-48.000000
-36.000000
-36.000000
-60.000000
-48.000000
-72.000000
-52.000000
-48.000000
-76.000000
-88.000000
-76.000000
-48.000000
-64.000000
-64.000000
-60.000000
-68.000000
-48.000000
-44.000000
-88.000000
-72.000000
-56.000000
-68.000000
-64.000000
-76.000000
-60.000000
-80.000000
-92.000000
-56.000000
-60.000000
-48.000000
-72.000000
-52.000000
-60.000000
-64.000000
-44.000000
-48.000000
-8.000000
-12.000000
-20.000000
-48.000000
-32.000000
-36.000000
-56.000000
-52.000000
-32.000000
-72.000000
-60.000000
-76.000000
-68.000000
-52.000000
-52.000000
-92.000000
-52.000000
-44.000000
-48.000000
-72.000000
-64.000000
-52.000000
-76.000000
-52.000000
-60.000000
-52.000000
-44.000000
-64.000000
-76.000000
-36.000000
-36.000000
-48.000000
-24.000000
-40.000000
-52.000000
-60.000000
-36.000000
-40.000000
-28.000000
-64.000000
-36.000000
-48.000000
-24.000000
-56.000000
-48.000000
-32.000000
-36.000000
-40.000000
8.000000
-12.000000
-24.000000
-24.000000
-32.000000
-20.000000
-36.000000
-44.000000
-32.000000
-48.000000
-64.000000
-60.000000
-40.000000
-40.000000
-40.000000
-40.000000
-40.000000
-56.000000
-40.000000
-44.000000
-48.000000
-36.000000
-40.000000
-36.000000
-24.000000
-28.000000
-48.000000
-36.000000
-12.000000
-36.000000
-36.000000
-32.000000
-24.000000
-64.000000
-40.000000
-32.000000
-24.000000
-52.000000
-64.000000
-36.000000
-24.000000
-28.000000
-36.000000
-40.000000
-24.000000
-44.000000
-24.000000
-24.000000
-24.000000
-36.000000
-28.000000
-80.000000
-36.000000
-36.000000
-76.000000
-40.000000
-88.000000
-72.000000
-68.000000
-40.000000
-44.000000
-52.000000
-40.000000
-32.000000
-32.000000
-52.000000
-48.000000
-24.000000
-40.000000
-12.000000
-28.000000
-36.000000
-36.000000
-28.000000
-36.000000
-64.000000
-20.000000
-24.000000
-16.000000
-28.000000
-28.000000
-48.000000
-48.000000
-16.000000
-76.000000
-32.000000
-48.000000
-44.000000
-8.000000
-36.000000
-40.000000
-24.000000
-44.000000
-20.000000
-32.000000
-28.000000
-32.000000
-48.000000
-48.000000
-36.000000
-36.000000
-44.000000
-60.000000
-92.000000
-56.000000
-16.000000
-52.000000
-28.000000
-36.000000
-20.000000
-28.000000
-20.000000
-32.000000
-4.000000
-4.000000
-20.000000
-12.000000
-8.000000
-24.000000
4.000000
-24.000000
-32.000000
-12.000000
-20.000000
-20.000000
-8.000000
-44.000000
-16.000000
-24.000000
-32.000000
-12.000000
-28.000000
-28.000000
-40.000000
-24.000000
-36.000000
-44.000000
-24.000000
-28.000000
-36.000000
-48.000000
-16.000000
-32.000000
-64.000000
-28.000000
-24.000000
-52.000000
-40.000000
-40.000000
-28.000000
-32.000000
-36.000000
-36.000000
-28.000000
-24.000000
-36.000000
-32.000000
-24.000000
-44.000000
4.000000
-64.000000
-16.000000
-28.000000
