616.000000
884.000000
1108.000000
1260.000000
1304.000000
1356.000000
1204.000000
984.000000
700.000000
304.000000
-160.000000
-648.000000
-1132.000000
-1576.000000
-1904.000000
-2180.000000
-2280.000000
-2208.000000
-2052.000000
-1704.000000
-1268.000000
-736.000000
-132.000000
484.000000
1020.000000
1464.000000
1832.000000
2092.000000
2192.000000
2124.000000
1912.000000
1588.000000
1164.000000
692.000000
192.000000
-232.000000
-680.000000
-960.000000
-1244.000000
-1356.000000
-1432.000000
-1348.000000
-1196.000000
-1004.000000
-748.000000
-484.000000
-244.000000
-108.000000
-28.000000
0.000000
-32.000000
-32.000000
-44.000000
-52.000000
-44.000000
-36.000000
-40.000000
-44.000000
-40.000000
-28.000000
-40.000000
-24.000000
-48.000000
-44.000000
-44.000000
-44.000000
-8.000000
-40.000000
-44.000000
-84.000000
-36.000000
-36.000000
-28.000000
-36.000000
-40.000000
-40.000000
-40.000000
-24.000000
-40.000000
-32.000000
-36.000000
-28.000000
-28.000000
-64.000000
-40.000000
-32.000000
-52.000000
-16.000000
-52.000000
-68.000000
-32.000000
-20.000000
-44.000000
-32.000000
-64.000000
-76.000000
-48.000000
-52.000000
-80.000000
-72.000000
-72.000000
-76.000000
-56.000000
-60.000000
-80.000000
-64.000000
-80.000000
-92.000000
-76.000000
-44.000000
-84.000000
-84.000000
-28.000000
-80.000000
-64.000000
-88.000000
-92.000000
-84.000000
-80.000000
-64.000000
-76.000000
-80.000000
-80.000000
-44.000000
-72.000000
-8.000000
-28.000000
-36.000000
-16.000000
-60.000000
-44.000000
-56.000000
-48.000000
-56.000000
-60.000000
-40.000000
-64.000000
-60.000000
-64.000000
-52.000000
-48.000000
-60.000000
-36.000000
-72.000000
-24.000000
-76.000000
-64.000000
-52.000000
-36.000000
-48.000000
-48.000000
-44.000000
-68.000000
-44.000000
-44.000000
-40.000000
-48.000000
-44.000000
-44.000000
-40.000000
-40.000000
-48.000000
-56.000000
-24.000000
-24.000000
-44.000000
-44.000000
-28.000000
-40.000000
-52.000000
-36.000000
-56.000000
-56.000000
-44.000000
-36.000000
-20.000000
4.000000
-32.000000
-28.000000
-36.000000
-32.000000
-32.000000
-44.000000
-28.000000
-40.000000
-32.000000
-52.000000
-52.000000
-40.000000
-52.000000
-8.000000
-36.000000
-40.000000
-20.000000
-44.000000
-56.000000
-36.000000
-36.000000
-48.000000
-20.000000
-44.000000
-12.000000
-28.000000
-40.000000
-32.000000
-8.000000
-56.000000
-44.000000
-28.000000
-32.000000
-32.000000
-32.000000
-32.000000
-32.000000
-44.000000
-36.000000
-28.000000
-24.000000
-20.000000
-40.000000
-24.000000
-20.000000
-8.000000
-28.000000
-44.000000
-48.000000
-76.000000
-52.000000
-64.000000
-48.000000
-64.000000
-52.000000
-64.000000
-28.000000
-68.000000
-52.000000
-56.000000
-36.000000
-32.000000
-20.000000
-48.000000
-28.000000
-28.000000
-44.000000
-32.000000
-28.000000
-64.000000
-16.000000
-56.000000
-24.000000
-44.000000
-36.000000
-32.000000
-4.000000
-68.000000
-12.000000
-40.000000
-68.000000
-60.000000
-32.000000
-24.000000
-48.000000
-64.000000
-44.000000
-72.000000
-28.000000
-28.000000
-52.000000
-36.000000
-48.000000
-76.000000
-44.000000
-48.000000
-76.000000
-64.000000
-88.000000
-76.000000
-76.000000
-56.000000
-16.000000
-36.000000
-64.000000
-24.000000
-36.000000
-16.000000
-48.000000
-40.000000
-24.000000
-12.000000
-20.000000
-8.000000
-20.000000
-20.000000
-16.000000
-36.000000
-24.000000
-24.000000
-36.000000
-16.000000
-16.000000
-24.000000
-32.000000
-4.000000
-32.000000
-40.000000
-36.000000
-40.000000
-24.000000
-32.000000
-20.000000
-48.000000
-24.000000
-40.000000
-40.000000
-40.000000
-28.000000
-48.000000
-24.000000
-36.000000
-44.000000
-32.000000
-20.000000
-28.000000
-52.000000
-44.000000
-8.000000
-48.000000
-24.000000
-44.000000
-36.000000
0.000000
-40.000000
-24.000000
-32.000000
-48.000000
-32.000000
-16.000000
-44.000000
-8.000000
-52.000000
-48.000000
-28.000000
-48.000000
-68.000000
-68.000000
-52.000000
-52.000000
-52.000000
-64.000000
-72.000000
-36.000000
-80.000000
-80.000000
-72.000000
-64.000000
-84.000000
-76.000000
-60.000000
-76.000000
-56.000000
-72.000000
-60.000000
-76.000000
-40.000000
-80.000000
-48.000000
-72.000000
-52.000000
-64.000000
-68.000000
-72.000000
-56.000000
-44.000000
-88.000000
-44.000000
-52.000000
-48.000000
-32.000000
-32.000000
-44.000000
-52.000000
-64.000000
-72.000000
-60.000000
-48.000000
-84.000000
-48.000000
-68.000000
-76.000000
-56.000000
-44.000000
-64.000000
-72.000000
-88.000000
-72.000000
-56.000000
-56.000000
-40.000000
-80.000000
-28.000000
-68.000000
-76.000000
-48.000000
-76.000000
-40.000000
-56.000000
-64.000000
-48.000000
-56.000000
-48.000000
-68.000000
-80.000000
-32.000000
-40.000000
-72.000000
-40.000000
-44.000000
-48.000000
-52.000000
-64.000000
-24.000000
-56.000000
-40.000000
-44.000000
-32.000000
-16.000000
-52.000000
-36.000000
-44.000000
-32.000000
-36.000000
-40.000000
-44.000000
-80.000000
-52.000000
-36.000000
-40.000000
-28.000000
-64.000000
-40.000000
-64.000000
-40.000000
-24.000000
-48.000000
-52.000000
-28.000000
-36.000000
-48.000000
-44.000000
-36.000000
-16.000000
-52.000000
-36.000000
-40.000000
-40.000000
-24.000000
-28.000000
-44.000000
-28.000000
-44.000000
-28.000000
-40.000000
-20.000000
-8.000000
-48.000000
-20.000000
-52.000000
-48.000000
-28.000000
-32.000000
-44.000000
-40.000000
-20.000000
-60.000000
-20.000000
-44.000000
-68.000000
-40.000000
-64.000000
-92.000000
-32.000000
-64.000000
8.000000
-72.000000
-32.000000
-48.000000
-24.000000
-68.000000
-16.000000
-40.000000
-24.000000
-44.000000
-36.000000
-48.000000
-32.000000
-36.000000
-44.000000
-40.000000
-44.000000
-28.000000
-52.000000
-32.000000
-40.000000
-48.000000
-48.000000
-48.000000
-24.000000
-32.000000
-28.000000
-24.000000
-48.000000
-28.000000
-20.000000
-44.000000
-20.000000
-28.000000
-48.000000
-36.000000
-32.000000
-52.000000
-28.000000
-28.000000
-52.000000
-56.000000
-56.000000
-88.000000
-56.000000
-68.000000
-28.000000
-80.000000
-40.000000
-28.000000
-20.000000
-20.000000
-20.000000
-44.000000
-44.000000
-52.000000
-44.000000
-16.000000
-12.000000
-44.000000
-4.000000
-16.000000
-8.000000
-32.000000
-64.000000
-12.000000
-20.000000
-28.000000
-44.000000
-12.000000
-24.000000
-36.000000
-32.000000
-24.000000
-36.000000
-36.000000
-32.000000
-24.000000
-32.000000
-32.000000
-44.000000
-44.000000
-44.000000
-56.000000
-20.000000
-40.000000
-16.000000
-28.000000
-28.000000
-48.000000
-20.000000
-48.000000
-48.000000
-20.000000
-32.000000
-36.000000
-32.000000
-44.000000
-28.000000
0.000000
-32.000000
-32.000000
-52.000000
-80.000000
-36.000000
-28.000000
-76.000000
-32.000000
-52.000000
-52.000000
-72.000000
-36.000000
-48.000000
-56.000000
-80.000000
-60.000000
-56.000000
-80.000000
-64.000000
-72.000000
-40.000000
-60.000000
-48.000000
-48.000000
-44.000000
-80.000000
-60.000000
-84.000000
-72.000000
-52.000000
-56.000000
-36.000000
-52.000000
-64.000000
-80.000000
-64.000000
-32.000000
-72.000000
-68.000000
-48.000000
-52.000000
-76.000000
-64.000000
-24.000000
-20.000000
-24.000000
-32.000000
-24.000000
-40.000000
-44.000000
-60.000000
-52.000000
-60.000000
-44.000000
-64.000000
-56.000000
-52.000000
-52.000000
-48.000000
-64.000000
-64.000000
-88.000000
-76.000000
-60.000000
-52.000000
-56.000000
-76.000000
-72.000000
-28.000000
-52.000000
-44.000000
-60.000000
-60.000000
-44.000000
-48.000000
-36.000000
-32.000000
-64.000000
-64.000000
-20.000000
-52.000000
-32.000000
-72.000000
-16.000000
-56.000000
-52.000000
-48.000000
-44.000000
-56.000000
-40.000000
-36.000000
-32.000000
-4.000000
-8.000000
-20.000000
-8.000000
-28.000000
4.000000
-44.000000
-32.000000
-44.000000
-56.000000
-60.000000
-36.000000
-44.000000
-36.000000
-32.000000
-52.000000
-36.000000
-40.000000
-36.000000
-28.000000
-36.000000
-36.000000
-32.000000
-48.000000
-36.000000
-36.000000
-40.000000
-28.000000
-28.000000
-32.000000
-4.000000
-20.000000
-36.000000
-28.000000
-44.000000
-16.000000
-16.000000
-28.000000
-16.000000
-28.000000
-20.000000
-28.000000
-32.000000
-36.000000
-8.000000
-20.000000
-36.000000
-36.000000
-8.000000
-8.000000
-44.000000
-44.000000
-44.000000
-56.000000
-64.000000
-56.000000
-52.000000
-56.000000
-40.000000
-48.000000
-28.000000
-48.000000
-36.000000
-48.000000
-28.000000
-36.000000
-36.000000
-28.000000
-24.000000
-16.000000
-16.000000
-20.000000
-32.000000
-24.000000
-48.000000
-44.000000
-16.000000
-48.000000
-44.000000
-36.000000
-44.000000
4.000000
-40.000000
-32.000000
-32.000000
-20.000000
-36.000000
-24.000000
-40.000000
-32.000000
-48.000000
-32.000000
-36.000000
-28.000000
-36.000000
-36.000000
-48.000000
-52.000000
-20.000000
-48.000000
-64.000000
-64.000000
-48.000000
-52.000000
-24.000000
-68.000000
-32.000000
-12.000000
-28.000000
-4.000000
-28.000000
-36.000000
-16.000000
-52.000000
-32.000000
-20.000000
-24.000000
-24.000000
4.000000
-44.000000
-16.000000
-20.000000
-28.000000
-16.000000
-20.000000
-20.000000
-24.000000
-36.000000
4.000000
-28.000000
-36.000000
-12.000000
-36.000000
-44.000000
-60.000000
-44.000000
-40.000000
-40.000000
-36.000000
-52.000000
-36.000000
-44.000000
-44.000000
-40.000000
-40.000000
-48.000000
-36.000000
-48.000000
-56.000000
-44.000000
-40.000000
-44.000000
-20.000000
-44.000000
-44.000000
-44.000000
-36.000000
-20.000000
-40.000000
-20.000000
-36.000000
-28.000000
-16.000000
-80.000000
-44.000000
-24.000000
-56.000000
-56.000000
-60.000000
-76.000000
-64.000000
-48.000000
-56.000000
-60.000000
-44.000000
-48.000000
-44.000000
-76.000000
-72.000000
-76.000000
-44.000000
-56.000000
-76.000000
-84.000000
-80.000000
-64.000000
-64.000000
-80.000000
-44.000000
-36.000000
-64.000000
-52.000000
-44.000000
-52.000000
-76.000000
-60.000000
-64.000000
-80.000000
-64.000000
-64.000000
-36.000000
-40.000000
-28.000000
-68.000000
-44.000000
-44.000000
-32.000000
-48.000000
-56.000000
-72.000000
-84.000000
-56.000000
-60.000000
-64.000000
-80.000000
-52.000000
-72.000000
-52.000000
-92.000000
-60.000000
-48.000000
-56.000000
-52.000000
-72.000000
-64.000000
-60.000000
-44.000000
-80.000000
-72.000000
-60.000000
-60.000000
-40.000000
-80.000000
-48.000000
-88.000000
-52.000000
-32.000000
-36.000000
-72.000000
-16.000000
-60.000000
-40.000000
-44.000000
-4.000000
-28.000000
-44.000000
-68.000000
-44.000000
-44.000000
-28.000000
-16.000000
-20.000000
-16.000000
-36.000000
-48.000000
-48.000000
-76.000000
-48.000000
-48.000000
-48.000000
-44.000000
-32.000000
-60.000000
-56.000000
-32.000000
-64.000000
-48.000000
-40.000000
-40.000000
-60.000000
-20.000000
-32.000000
-40.000000
-24.000000
-52.000000
-40.000000
-36.000000
-44.000000
-48.000000
-44.000000
-36.000000
-16.000000
-44.000000
-40.000000
-16.000000
-20.000000
-28.000000
-32.000000
-28.000000
-32.000000
-24.000000
-32.000000
-16.000000
-36.000000
-12.000000
-16.000000
-32.000000
-44.000000
-12.000000
-12.000000
-36.000000
-60.000000
-76.000000
-80.000000
-52.000000
-60.000000
-60.000000
-52.000000
-60.000000
-56.000000
-48.000000
-36.000000
-36.000000
-32.000000
-52.000000
-40.000000
-40.000000
-36.000000
-32.000000
-32.000000
-60.000000
-24.000000
-4.000000
-12.000000
-32.000000
-32.000000
-36.000000
-52.000000
-44.000000
-32.000000
-40.000000
-28.000000
-48.000000
-60.000000
-52.000000
-24.000000
-40.000000
-36.000000
-52.000000
-28.000000
-52.000000
-40.000000
-28.000000
-48.000000
-28.000000
-60.000000
-52.000000
-32.000000
-48.000000
-60.000000
-84.000000
-84.000000
-88.000000
-64.000000
-28.000000
-80.000000
-28.000000
-24.000000
-44.000000
-8.000000
-24.000000
-32.000000
-20.000000
-36.000000
0.000000
-24.000000
-24.000000
-4.000000
-20.000000
-16.000000
-32.000000
-24.000000
-8.000000
-36.000000
-24.000000
-24.000000
-24.000000
-32.000000
-28.000000
-20.000000
-16.000000
-32.000000
-28.000000
-32.000000
-48.000000
-36.000000
-36.000000
-40.000000
-16.000000
-24.000000
-32.000000
-16.000000
-28.000000
-32.000000
-44.000000
-40.000000
-48.000000
-36.000000
-36.000000
-64.000000
-48.000000
-44.000000
-44.000000
-44.000000
-16.000000
-48.000000
-16.000000
-36.000000
-32.000000
-16.000000
-8.000000
-40.000000
-32.000000
-40.000000
-68.000000
-44.000000
-52.000000
-60.000000
-56.000000
-64.000000
-40.000000
-48.000000
-60.000000
-72.000000
-56.000000
-44.000000
-76.000000
-84.000000
-72.000000
-64.000000
-64.000000
-60.000000
-92.000000
-76.000000
-60.000000
-60.000000
-68.000000
-80.000000
-52.000000
-72.000000
-68.000000
-40.000000
-80.000000
-64.000000
-80.000000
-92.000000
-80.000000
-48.000000
-96.000000
-64.000000
-36.000000
-48.000000
-32.000000
-24.000000
-32.000000
-40.000000
-48.000000
-40.000000
-60.000000
-76.000000
-84.000000
-92.000000
-100.000000
-68.000000
-64.000000
-84.000000
-64.000000
-24.000000
-40.000000
-92.000000
-68.000000
-48.000000
-52.000000
-72.000000
-52.000000
-44.000000
-68.000000
-60.000000
-48.000000
-52.000000
-52.000000
-52.000000
-52.000000
-40.000000
-40.000000
-64.000000
-44.000000
-60.000000
-36.000000
-24.000000
-48.000000
-24.000000
-72.000000
-48.000000
-48.000000
-32.000000
-48.000000
-64.000000
-72.000000
-32.000000
8.000000
-28.000000
-48.000000
-24.000000
-20.000000
-32.000000
-32.000000
-36.000000
-52.000000
-44.000000
-32.000000
-44.000000
-32.000000
-56.000000
-36.000000
-52.000000
-44.000000
-56.000000
-40.000000
-48.000000
-56.000000
-72.000000
-48.000000
-32.000000
-48.000000
-52.000000
-48.000000
-44.000000
-32.000000
-36.000000
-32.000000
-48.000000
-16.000000
-36.000000
-20.000000
-12.000000
-8.000000
-64.000000
-64.000000
-12.000000
-32.000000
-24.000000
-16.000000
-36.000000
-24.000000
-36.000000
-40.000000
-44.000000
-16.000000
-28.000000
-20.000000
-64.000000
-60.000000
-72.000000
-60.000000
-80.000000
-76.000000
-68.000000
-56.000000
-72.000000
-52.000000
-56.000000
-40.000000
-44.000000
-48.000000
-56.000000
-32.000000
-32.000000
-56.000000
-28.000000
-32.000000
-44.000000
-48.000000
-28.000000
-32.000000
-28.000000
-36.000000
-28.000000
-32.000000
-36.000000
-16.000000
-36.000000
-28.000000
-36.000000
-28.000000
-52.000000
-32.000000
-56.000000
-56.000000
-48.000000
-60.000000
-32.000000
-64.000000
-36.000000
-48.000000
-12.000000
-44.000000
-48.000000
-44.000000
-56.000000
-68.000000
-64.000000
-40.000000
-40.000000
-56.000000
-52.000000
-56.000000
-32.000000
-36.000000
-44.000000
-24.000000
-40.000000
-12.000000
-16.000000
-16.000000
-24.000000
-60.000000
-16.000000
-36.000000
-36.000000
-32.000000
-36.000000
-32.000000
-32.000000
-32.000000
-24.000000
-24.000000
-36.000000
-20.000000
-40.000000
-32.000000
-28.000000
-44.000000
-36.000000
-48.000000
-40.000000
-44.000000
-36.000000
-56.000000
-48.000000
-52.000000
-48.000000
-60.000000
-40.000000
-40.000000
-56.000000
-40.000000
-48.000000
-56.000000
-52.000000
-60.000000
-44.000000
-52.000000
-28.000000
-24.000000
-32.000000
-24.000000
-24.000000
-36.000000
-40.000000
-32.000000
-12.000000
-52.000000
-64.000000
-40.000000
-44.000000
-48.000000
-48.000000
-76.000000
-76.000000
-60.000000
-32.000000
-76.000000
-64.000000
-52.000000
-68.000000
-80.000000
-76.000000
-52.000000
-76.000000
-64.000000
-56.000000
-72.000000
-72.000000
-64.000000
-92.000000
-72.000000
-56.000000
-76.000000
-60.000000
-52.000000
-64.000000
-84.000000
-76.000000
-60.000000
-40.000000
-92.000000
-72.000000
-56.000000
-96.000000
-32.000000
-28.000000
-32.000000
-52.000000
-24.000000
-52.000000
-44.000000
-76.000000
-36.000000
-80.000000
-44.000000
-68.000000
-36.000000
-48.000000
-60.000000
-68.000000
-80.000000
-84.000000
-84.000000
-84.000000
-72.000000
-60.000000
-76.000000
-80.000000
-52.000000
-60.000000
-64.000000
-80.000000
-52.000000
-40.000000
-72.000000
-72.000000
-36.000000
-36.000000
-64.000000
-88.000000
-24.000000
-36.000000
-48.000000
-48.000000
-72.000000
-44.000000
-60.000000
-68.000000
-40.000000
-36.000000
-60.000000
-28.000000
-32.000000
-24.000000
-32.000000
-16.000000
-28.000000
-24.000000
-40.000000
-36.000000
-36.000000
-36.000000
-48.000000
-52.000000
-68.000000
-32.000000
-36.000000
-64.000000
-40.000000
-64.000000
-40.000000
-36.000000
-48.000000
-44.000000
-36.000000
-48.000000
-48.000000
-44.000000
-32.000000
-32.000000
-48.000000
-44.000000
-40.000000
-24.000000
-24.000000
-28.000000
-32.000000
-36.000000
4.000000
-44.000000
-28.000000
-40.000000
-36.000000
-28.000000
-36.000000
-12.000000
-32.000000
-20.000000
-12.000000
-20.000000
-36.000000
-48.000000
-32.000000
-48.000000
-40.000000
-32.000000
-52.000000
-64.000000
-72.000000
-44.000000
-76.000000
-64.000000
-56.000000
-56.000000
-40.000000
-52.000000
-52.000000
-44.000000
-60.000000
-36.000000
-36.000000
-12.000000
-32.000000
-12.000000
-36.000000
-64.000000
-24.000000
-32.000000
-72.000000
-8.000000
-8.000000
-28.000000
-36.000000
-32.000000
-24.000000
-44.000000
-44.000000
-36.000000
-44.000000
-28.000000
-28.000000
-56.000000
-48.000000
-44.000000
-40.000000
-24.000000
-48.000000
-40.000000
-52.000000
-64.000000
-32.000000
-56.000000
-60.000000
-52.000000
-88.000000
-72.000000
-52.000000
-80.000000
-40.000000
-40.000000
-32.000000
-32.000000
-44.000000
-36.000000
-8.000000
-8.000000
8.000000
-12.000000
-12.000000
0.000000
-12.000000
-20.000000
-16.000000
-28.000000
-24.000000
-20.000000
-16.000000
-16.000000
-20.000000
-16.000000
-28.000000
-20.000000
-16.000000
-28.000000
-36.000000
-28.000000
-24.000000
-36.000000
-20.000000
-36.000000
-24.000000
-36.000000
-40.000000
-44.000000
-44.000000
-36.000000
-24.000000
-28.000000
-52.000000
-28.000000
-60.000000
-64.000000
-60.000000
-48.000000
-48.000000
-44.000000
-36.000000
-36.000000
-20.000000
-52.000000
-8.000000
-36.000000
-28.000000
-28.000000
-52.000000
-36.000000
-28.000000
-64.000000
-64.000000
-44.000000
-36.000000
-60.000000
-64.000000
-60.000000
-52.000000
-56.000000
-76.000000
-100.000000
-64.000000
-48.000000
-76.000000
-84.000000
-80.000000
-92.000000
-72.000000
-64.000000
-64.000000
-48.000000
-56.000000
-64.000000
-72.000000
-48.000000
-72.000000
-72.000000
-80.000000
-76.000000
-48.000000
-52.000000
-84.000000
-48.000000
-60.000000
-56.000000
-72.000000
-68.000000
-48.000000
-16.000000
-16.000000
-36.000000
-48.000000
-68.000000
-52.000000
-52.000000
-96.000000
-80.000000
-36.000000
-80.000000
-60.000000
-80.000000
-76.000000
-68.000000
-76.000000
-56.000000
-60.000000
-68.000000
-64.000000
-48.000000
-36.000000
-44.000000
-48.000000
-60.000000
-60.000000
-60.000000
-48.000000
-44.000000
-52.000000
-80.000000
-44.000000
-28.000000
-52.000000
-72.000000
-36.000000
-48.000000
-36.000000
-48.000000
-56.000000
-60.000000
-48.000000
-64.000000
-24.000000
-56.000000
-28.000000
-48.000000
-24.000000
-28.000000
-16.000000
-16.000000
-28.000000
-32.000000
-28.000000
-48.000000
-36.000000
-64.000000
-52.000000
-28.000000
-60.000000
-32.000000
-56.000000
-48.000000
-28.000000
-56.000000
-40.000000
-40.000000
-44.000000
-44.000000
-32.000000
-28.000000
-36.000000
-48.000000
-28.000000
-40.000000
-52.000000
-36.000000
-36.000000
-20.000000
-28.000000
-40.000000
-32.000000
-48.000000
-12.000000
-32.000000
-32.000000
-36.000000
-44.000000
-28.000000
-48.000000
-48.000000
-44.000000
-16.000000
-20.000000
-20.000000
-24.000000
-16.000000
-44.000000
-20.000000
-48.000000
-48.000000
-60.000000
-92.000000
-68.000000
-88.000000
-64.000000
-52.000000
-64.000000
-60.000000
-44.000000
-44.000000
-56.000000
-36.000000
-36.000000
-16.000000
-48.000000
-20.000000
-20.000000
-44.000000
-28.000000
-24.000000
-28.000000
-16.000000
-36.000000
-16.000000
-28.000000
-24.000000
-24.000000
-8.000000
-36.000000
-36.000000
-36.000000
-36.000000
-40.000000
-40.000000
-48.000000
-44.000000
-36.000000
-36.000000
-40.000000
-44.000000
-40.000000
-36.000000
-60.000000
-28.000000
-48.000000
-60.000000
-72.000000
-52.000000
-88.000000
-80.000000
-76.000000
-52.000000
-48.000000
-48.000000
-36.000000
-20.000000
-8.000000
-24.000000
-32.000000
-16.000000
-12.000000
-36.000000
-32.000000
-8.000000
-16.000000
8.000000
-24.000000
-36.000000
-16.000000
-32.000000
-12.000000
-16.000000
-32.000000
-24.000000
-36.000000
-24.000000
-36.000000
0.000000
-48.000000
-20.000000
-36.000000
-52.000000
-12.000000
-28.000000
-48.000000
-20.000000
-48.000000
-44.000000
-36.000000
-48.000000
-28.000000
-36.000000
-44.000000
-24.000000
-36.000000
-40.000000
-44.000000
-36.000000
-60.000000
-64.000000
-36.000000
-44.000000
-48.000000
-44.000000
-12.000000
-52.000000
-44.000000
-44.000000
-44.000000
-24.000000
-40.000000
-60.000000
-40.000000
-52.000000
-60.000000
-64.000000
-60.000000
-72.000000
-76.000000
-72.000000
-68.000000
-80.000000
-68.000000
-72.000000
-88.000000
-76.000000
-52.000000
-80.000000
-80.000000
-88.000000
-72.000000
-36.000000
-64.000000
-92.000000
-48.000000
-100.000000
-96.000000
-108.000000
-84.000000
-64.000000
-64.000000
-92.000000
-64.000000
-76.000000
-68.000000
-88.000000
-68.000000
-76.000000
-68.000000
-40.000000
-44.000000
-48.000000
-76.000000
-16.000000
-44.000000
-64.000000
-52.000000
-64.000000
-76.000000
-64.000000
-48.000000
-72.000000
-96.000000
-52.000000
-60.000000
-76.000000
-44.000000
-52.000000
-48.000000
-80.000000
-72.000000
-68.000000
-32.000000
-60.000000
-72.000000
-60.000000
-56.000000
-52.000000
-80.000000
-52.000000
-72.000000
-48.000000
-68.000000
-40.000000
-48.000000
-32.000000
-44.000000
-72.000000
-68.000000
-32.000000
-68.000000
-20.000000
-44.000000
-44.000000
-60.000000
-44.000000
-32.000000
-36.000000
-12.000000
-24.000000
-32.000000
-24.000000
-32.000000
-48.000000
-40.000000
-48.000000
-44.000000
-60.000000
-56.000000
-28.000000
-36.000000
-40.000000
-68.000000
-44.000000
-52.000000
-36.000000
-44.000000
-56.000000
-52.000000
-28.000000
-36.000000
-36.000000
-48.000000
-44.000000
-44.000000
-40.000000
-40.000000
-64.000000
-16.000000
-32.000000
-16.000000
-24.000000
-52.000000
-24.000000
-44.000000
-28.000000
-28.000000
-28.000000
-24.000000
-28.000000
-28.000000
-20.000000
-32.000000
-32.000000
-36.000000
-24.000000
-12.000000
-28.000000
-28.000000
-64.000000
-48.000000
-80.000000
-60.000000
-96.000000
-44.000000
-80.000000
-60.000000
-52.000000
-36.000000
-56.000000
-52.000000
-28.000000
-64.000000
-44.000000
-28.000000
-48.000000
-44.000000
-16.000000
-24.000000
-64.000000
-36.000000
-16.000000
-56.000000
-44.000000
-24.000000
-52.000000
-20.000000
-28.000000
-32.000000
-24.000000
-40.000000
-52.000000
-28.000000
-56.000000
-16.000000
-12.000000
-44.000000
-28.000000
-44.000000
-24.000000
-28.000000
-48.000000
-60.000000
-36.000000
-52.000000
-36.000000
-48.000000
-60.000000
-52.000000
-68.000000
-84.000000
-60.000000
-60.000000
-48.000000
-44.000000
-44.000000
-16.000000
-28.000000
-16.000000
4.000000
-20.000000
-32.000000
8.000000
-16.000000
-20.000000
0.000000
8.000000
-48.000000
-24.000000
-16.000000
-32.000000
-24.000000
