520.000000
792.000000
1040.000000
1220.000000
1312.000000
1344.000000
1232.000000
1064.000000
796.000000
416.000000
8.000000
-480.000000
-988.000000
-1388.000000
-1800.000000
-2064.000000
-2228.000000
-2236.000000
-2108.000000
-1832.000000
-1404.000000
-892.000000
-332.000000
276.000000
828.000000
1360.000000
1752.000000
2040.000000
2156.000000
2136.000000
1972.000000
1660.000000
1268.000000
832.000000
356.000000
-112.000000
-552.000000
-960.000000
-1224.000000
-1380.000000
-1444.000000
-1432.000000
-1312.000000
-1132.000000
-900.000000
-628.000000
-408.000000
-184.000000
-72.000000
-44.000000
-84.000000
-36.000000
-40.000000
-84.000000
-56.000000
-40.000000
-76.000000
-36.000000
-52.000000
-52.000000
-16.000000
-28.000000
-20.000000
-64.000000
-40.000000
-56.000000
-80.000000
-52.000000
-76.000000
-64.000000
-60.000000
-40.000000
-56.000000
-40.000000
-60.000000
-80.000000
-80.000000
-44.000000
-56.000000
-52.000000
-44.000000
-52.000000
-48.000000
-72.000000
-68.000000
-48.000000
-28.000000
-64.000000
-28.000000
-32.000000
-56.000000
-56.000000
-48.000000
-64.000000
-64.000000
-44.000000
-60.000000
-44.000000
-56.000000
-44.000000
-60.000000
-64.000000
-32.000000
-48.000000
-72.000000
-64.000000
-20.000000
-24.000000
-32.000000
-32.000000
-12.000000
-60.000000
-48.000000
-40.000000
-52.000000
-44.000000
-68.000000
-48.000000
-48.000000
-64.000000
-44.000000
-44.000000
-28.000000
-72.000000
-44.000000
-72.000000
-48.000000
-32.000000
-44.000000
-40.000000
-28.000000
-48.000000
-28.000000
-24.000000
-16.000000
-32.000000
-32.000000
-24.000000
-24.000000
0.000000
-28.000000
-24.000000
-52.000000
-16.000000
-20.000000
-20.000000
-20.000000
-24.000000
-16.000000
-48.000000
-48.000000
-48.000000
-16.000000
-48.000000
-16.000000
-20.000000
-28.000000
-24.000000
-56.000000
-68.000000
-56.000000
-48.000000
-60.000000
-40.000000
-44.000000
-76.000000
-56.000000
-40.000000
-68.000000
-36.000000
-28.000000
-60.000000
-16.000000
-32.000000
-36.000000
-52.000000
-32.000000
-36.000000
-28.000000
-16.000000
-40.000000
-20.000000
-52.000000
-28.000000
-32.000000
-44.000000
-48.000000
-28.000000
-52.000000
-24.000000
-48.000000
-24.000000
-44.000000
-8.000000
-40.000000
-48.000000
-52.000000
-32.000000
-44.000000
-24.000000
-40.000000
-40.000000
-28.000000
-32.000000
-60.000000
-16.000000
-72.000000
-80.000000
-84.000000
-80.000000
-48.000000
-32.000000
-40.000000
-36.000000
-28.000000
-44.000000
-12.000000
-44.000000
-44.000000
-12.000000
0.000000
-32.000000
-40.000000
-28.000000
-20.000000
-12.000000
-12.000000
-28.000000
-32.000000
-12.000000
-20.000000
-48.000000
-32.000000
-24.000000
-36.000000
-24.000000
-32.000000
-36.000000
-16.000000
-48.000000
-40.000000
-40.000000
-24.000000
-32.000000
-20.000000
-48.000000
-64.000000
-28.000000
-44.000000
-32.000000
-36.000000
-36.000000
-32.000000
-40.000000
-40.000000
-28.000000
-64.000000
-40.000000
-12.000000
-36.000000
-32.000000
-40.000000
-36.000000
-36.000000
-36.000000
-28.000000
-56.000000
-12.000000
-36.000000
-40.000000
-48.000000
-56.000000
-48.000000
-76.000000
-24.000000
-64.000000
-48.000000
-44.000000
-64.000000
-52.000000
-52.000000
-68.000000
-40.000000
-56.000000
-56.000000
-72.000000
-64.000000
-56.000000
-72.000000
-80.000000
-76.000000
-52.000000
-80.000000
-64.000000
-76.000000
-76.000000
-76.000000
-76.000000
-88.000000
-60.000000
-56.000000
-88.000000
-68.000000
-72.000000
-52.000000
-72.000000
-40.000000
-40.000000
-44.000000
-12.000000
-36.000000
-36.000000
-56.000000
-44.000000
-60.000000
-80.000000
-36.000000
-60.000000
-44.000000
-72.000000
-80.000000
-52.000000
-64.000000
-48.000000
-64.000000
-76.000000
-72.000000
-56.000000
-40.000000
-48.000000
-44.000000
-52.000000
-60.000000
-32.000000
-60.000000
-28.000000
-64.000000
-68.000000
-32.000000
-36.000000
-36.000000
-28.000000
-76.000000
-24.000000
-68.000000
-8.000000
-44.000000
-32.000000
-44.000000
-28.000000
-64.000000
-24.000000
-28.000000
-52.000000
-44.000000
-24.000000
-32.000000
-48.000000
-28.000000
-32.000000
-16.000000
-44.000000
-40.000000
-36.000000
-40.000000
-52.000000
-60.000000
-44.000000
-32.000000
-32.000000
-48.000000
-32.000000
-32.000000
-28.000000
-32.000000
-56.000000
-36.000000
-36.000000
-32.000000
-56.000000
-52.000000
-48.000000
-48.000000
-28.000000
-32.000000
-44.000000
-36.000000
-20.000000
-52.000000
-48.000000
-8.000000
-28.000000
-48.000000
-24.000000
-16.000000
-4.000000
-24.000000
-32.000000
-24.000000
-36.000000
-16.000000
-28.000000
-24.000000
-28.000000
-20.000000
-36.000000
12.000000
-60.000000
-24.000000
-48.000000
-84.000000
-44.000000
-72.000000
-40.000000
-72.000000
-48.000000
-48.000000
-40.000000
-44.000000
-8.000000
-28.000000
-20.000000
-20.000000
-28.000000
-44.000000
-32.000000
-24.000000
-28.000000
0.000000
-24.000000
-40.000000
-44.000000
-40.000000
-20.000000
-44.000000
-36.000000
-20.000000
-60.000000
-36.000000
-16.000000
-56.000000
-40.000000
-52.000000
-48.000000
-36.000000
-28.000000
-40.000000
-40.000000
-32.000000
-36.000000
-36.000000
-56.000000
-32.000000
-60.000000
-24.000000
-40.000000
-36.000000
-60.000000
-80.000000
-36.000000
-60.000000
-52.000000
-48.000000
-32.000000
-56.000000
-4.000000
-44.000000
8.000000
-40.000000
-8.000000
-32.000000
-12.000000
-8.000000
-28.000000
-28.000000
-36.000000
20.000000
4.000000
-32.000000
-12.000000
-32.000000
-16.000000
-44.000000
-28.000000
-32.000000
-52.000000
-20.000000
-36.000000
-40.000000
-44.000000
-48.000000
-20.000000
-40.000000
-28.000000
-20.000000
-36.000000
-52.000000
-32.000000
-16.000000
-32.000000
-36.000000
-16.000000
-24.000000
-32.000000
-36.000000
-36.000000
-16.000000
-28.000000
-40.000000
-40.000000
-32.000000
-16.000000
-28.000000
-12.000000
-20.000000
8.000000
-8.000000
0.000000
-12.000000
-48.000000
-52.000000
-52.000000
-52.000000
-36.000000
-68.000000
-44.000000
-64.000000
-64.000000
-64.000000
-48.000000
-40.000000
-64.000000
-72.000000
-52.000000
-52.000000
-72.000000
-76.000000
-72.000000
-60.000000
-64.000000
-52.000000
-60.000000
-60.000000
-88.000000
-88.000000
-60.000000
-68.000000
-52.000000
-84.000000
-76.000000
-64.000000
-76.000000
-76.000000
-72.000000
-80.000000
-60.000000
-60.000000
-60.000000
-24.000000
-28.000000
-52.000000
-36.000000
-52.000000
-32.000000
-44.000000
-60.000000
-60.000000
-64.000000
-68.000000
-40.000000
-64.000000
-64.000000
-72.000000
-80.000000
-48.000000
-52.000000
-56.000000
-72.000000
-64.000000
-72.000000
-64.000000
-64.000000
-44.000000
-52.000000
-48.000000
-64.000000
-20.000000
-52.000000
-92.000000
-56.000000
-48.000000
-28.000000
-56.000000
-24.000000
-68.000000
-36.000000
-56.000000
-32.000000
-44.000000
-56.000000
-52.000000
-52.000000
-20.000000
-52.000000
-28.000000
-40.000000
-32.000000
-12.000000
-28.000000
-8.000000
-28.000000
-28.000000
-36.000000
-44.000000
-56.000000
-32.000000
-48.000000
-64.000000
-36.000000
-72.000000
-52.000000
-24.000000
-56.000000
-64.000000
-36.000000
-32.000000
-44.000000
-48.000000
-28.000000
-28.000000
-16.000000
-76.000000
-16.000000
-12.000000
-36.000000
-36.000000
-64.000000
-16.000000
-28.000000
-36.000000
-44.000000
-40.000000
-48.000000
4.000000
-28.000000
-32.000000
-32.000000
-32.000000
-12.000000
-24.000000
-32.000000
-28.000000
-36.000000
-32.000000
-36.000000
-56.000000
-52.000000
-20.000000
-32.000000
-56.000000
-32.000000
-52.000000
-32.000000
-32.000000
-36.000000
-72.000000
-44.000000
-68.000000
-32.000000
-52.000000
-24.000000
-56.000000
-24.000000
-32.000000
-48.000000
-20.000000
-44.000000
-36.000000
-16.000000
-28.000000
-24.000000
-32.000000
-40.000000
-48.000000
-20.000000
-36.000000
-36.000000
-40.000000
-32.000000
-28.000000
-24.000000
-28.000000
-20.000000
-24.000000
-20.000000
-32.000000
-24.000000
-48.000000
-20.000000
-44.000000
-16.000000
-56.000000
-36.000000
-44.000000
-24.000000
-36.000000
-44.000000
-72.000000
-68.000000
-48.000000
-64.000000
-52.000000
-24.000000
-52.000000
-28.000000
-48.000000
-36.000000
-36.000000
-20.000000
-52.000000
-28.000000
-20.000000
-16.000000
-24.000000
-20.000000
-28.000000
-28.000000
-12.000000
-56.000000
-20.000000
-8.000000
-28.000000
-48.000000
-28.000000
-44.000000
-32.000000
-32.000000
-24.000000
-16.000000
-20.000000
-44.000000
-44.000000
-20.000000
-40.000000
-32.000000
-36.000000
-52.000000
-36.000000
-28.000000
-48.000000
-32.000000
-48.000000
-44.000000
-48.000000
-36.000000
-48.000000
-56.000000
-44.000000
-48.000000
-24.000000
-80.000000
-24.000000
-48.000000
-64.000000
0.000000
-48.000000
-12.000000
-56.000000
-32.000000
-56.000000
-48.000000
-68.000000
-32.000000
-48.000000
-44.000000
-72.000000
-48.000000
-84.000000
-60.000000
-64.000000
-56.000000
-44.000000
-80.000000
-84.000000
-52.000000
-72.000000
-44.000000
-56.000000
-72.000000
-60.000000
-84.000000
-64.000000
-52.000000
-36.000000
-56.000000
-52.000000
-76.000000
-56.000000
-52.000000
-60.000000
-64.000000
-68.000000
-92.000000
-40.000000
-96.000000
-72.000000
-44.000000
-40.000000
-36.000000
-4.000000
-28.000000
-40.000000
-44.000000
-32.000000
-52.000000
-60.000000
-24.000000
-72.000000
-76.000000
-84.000000
-64.000000
-76.000000
-36.000000
-36.000000
-68.000000
-72.000000
-44.000000
-48.000000
-64.000000
-56.000000
-64.000000
-76.000000
-60.000000
-32.000000
-60.000000
-60.000000
-24.000000
-72.000000
-52.000000
-52.000000
-60.000000
-44.000000
-48.000000
-56.000000
-52.000000
-48.000000
-68.000000
-32.000000
-24.000000
-64.000000
-40.000000
-44.000000
-40.000000
-16.000000
-60.000000
-60.000000
-16.000000
-36.000000
-52.000000
-8.000000
-16.000000
-32.000000
-40.000000
-32.000000
-60.000000
-64.000000
-60.000000
-44.000000
-40.000000
-24.000000
-36.000000
-56.000000
-64.000000
-48.000000
-32.000000
-24.000000
-36.000000
-36.000000
-64.000000
-16.000000
-20.000000
-28.000000
-36.000000
-24.000000
-28.000000
-20.000000
-40.000000
-44.000000
-36.000000
-28.000000
-44.000000
-40.000000
-16.000000
-48.000000
-36.000000
0.000000
-40.000000
-24.000000
-44.000000
-28.000000
-12.000000
-48.000000
-32.000000
-52.000000
-40.000000
-24.000000
-24.000000
-52.000000
-36.000000
-40.000000
-40.000000
-48.000000
-40.000000
-60.000000
-68.000000
-60.000000
-40.000000
-52.000000
-40.000000
-16.000000
-44.000000
-28.000000
-32.000000
-52.000000
-36.000000
-32.000000
-36.000000
-24.000000
-44.000000
-44.000000
-16.000000
-60.000000
-24.000000
-44.000000
-52.000000
-16.000000
-48.000000
-40.000000
-24.000000
-24.000000
-44.000000
-16.000000
-32.000000
-48.000000
-32.000000
-60.000000
-40.000000
-40.000000
-4.000000
-32.000000
-44.000000
-16.000000
-32.000000
-20.000000
-64.000000
-48.000000
-48.000000
-80.000000
-32.000000
-52.000000
-60.000000
-56.000000
-32.000000
-40.000000
-28.000000
-36.000000
-24.000000
-12.000000
-8.000000
-40.000000
-16.000000
-8.000000
-44.000000
4.000000
-24.000000
-8.000000
-16.000000
-12.000000
-20.000000
-8.000000
-32.000000
-32.000000
-24.000000
-12.000000
-44.000000
-36.000000
-24.000000
-32.000000
-36.000000
-32.000000
-28.000000
-20.000000
-28.000000
-36.000000
-24.000000
-36.000000
-28.000000
-44.000000
-44.000000
-36.000000
-56.000000
-40.000000
-44.000000
-36.000000
-40.000000
-48.000000
-44.000000
-28.000000
-48.000000
-24.000000
-36.000000
-36.000000
0.000000
-28.000000
-44.000000
-12.000000
-48.000000
-8.000000
-28.000000
-32.000000
-24.000000
-36.000000
-28.000000
-56.000000
-56.000000
-72.000000
-28.000000
-52.000000
-68.000000
-36.000000
-52.000000
-40.000000
-64.000000
-36.000000
-72.000000
-76.000000
-52.000000
-64.000000
-24.000000
-72.000000
-68.000000
-64.000000
-44.000000
-52.000000
-60.000000
-84.000000
-52.000000
-76.000000
-56.000000
-72.000000
-52.000000
-60.000000
-48.000000
-76.000000
-60.000000
-72.000000
-68.000000
-40.000000
-56.000000
-36.000000
-28.000000
-16.000000
-48.000000
-36.000000
-24.000000
-44.000000
-44.000000
-36.000000
-56.000000
-60.000000
-40.000000
-44.000000
-44.000000
-84.000000
-44.000000
-40.000000
-60.000000
-52.000000
-64.000000
-80.000000
-36.000000
-48.000000
-28.000000
-48.000000
-52.000000
-68.000000
-52.000000
-60.000000
-36.000000
-44.000000
-64.000000
-48.000000
-48.000000
-68.000000
-64.000000
-24.000000
-44.000000
-40.000000
-32.000000
-24.000000
-48.000000
-32.000000
-52.000000
-44.000000
-68.000000
-32.000000
-52.000000
-24.000000
-20.000000
4.000000
-28.000000
-24.000000
-44.000000
-28.000000
-48.000000
-40.000000
-28.000000
-40.000000
-52.000000
-44.000000
-44.000000
-72.000000
-32.000000
-44.000000
-44.000000
-32.000000
-56.000000
-40.000000
-24.000000
-32.000000
-28.000000
-32.000000
-28.000000
-44.000000
-48.000000
-36.000000
-32.000000
-32.000000
-44.000000
-48.000000
-20.000000
-44.000000
-4.000000
-36.000000
-52.000000
-28.000000
-32.000000
-20.000000
-28.000000
-24.000000
-52.000000
-40.000000
-24.000000
-4.000000
-44.000000
-24.000000
-4.000000
-32.000000
-52.000000
-56.000000
-72.000000
-76.000000
-68.000000
-80.000000
-64.000000
-52.000000
-64.000000
-36.000000
-72.000000
-44.000000
-44.000000
-44.000000
-36.000000
-40.000000
-44.000000
-12.000000
-32.000000
-36.000000
-36.000000
-52.000000
-28.000000
-36.000000
-44.000000
-24.000000
-56.000000
-24.000000
-4.000000
-12.000000
-16.000000
-52.000000
-64.000000
-16.000000
-44.000000
-32.000000
-28.000000
-20.000000
-28.000000
-12.000000
-32.000000
0.000000
-48.000000
-40.000000
-20.000000
-52.000000
-32.000000
-20.000000
-48.000000
-68.000000
-60.000000
-56.000000
-52.000000
-76.000000
-40.000000
-48.000000
-52.000000
-12.000000
-28.000000
-20.000000
-12.000000
-32.000000
-20.000000
-24.000000
0.000000
-36.000000
-12.000000
-8.000000
-32.000000
0.000000
-52.000000
-28.000000
-16.000000
-20.000000
12.000000
-20.000000
-32.000000
-32.000000
-24.000000
-28.000000
-28.000000
-32.000000
-36.000000
-48.000000
-8.000000
-32.000000
-24.000000
-12.000000
-52.000000
-36.000000
-32.000000
-24.000000
-32.000000
-44.000000
-40.000000
-44.000000
-40.000000
-48.000000
-40.000000
-64.000000
-48.000000
-44.000000
-32.000000
-36.000000
-28.000000
0.000000
-32.000000
-28.000000
-24.000000
-12.000000
-52.000000
-20.000000
-40.000000
-48.000000
-20.000000
-32.000000
-60.000000
-40.000000
-52.000000
-44.000000
-52.000000
-56.000000
-64.000000
-80.000000
-64.000000
-64.000000
-52.000000
-48.000000
-68.000000
-52.000000
-28.000000
-64.000000
-64.000000
-52.000000
-44.000000
-80.000000
-52.000000
-36.000000
-76.000000
-80.000000
-72.000000
-72.000000
-76.000000
-48.000000
-48.000000
-52.000000
-76.000000
-56.000000
-60.000000
-48.000000
-16.000000
-20.000000
-32.000000
-8.000000
-40.000000
-80.000000
-64.000000
-52.000000
-56.000000
-40.000000
-80.000000
-44.000000
-60.000000
-72.000000
-64.000000
-16.000000
-68.000000
-60.000000
-60.000000
-60.000000
-56.000000
-48.000000
-60.000000
-44.000000
-56.000000
-48.000000
-44.000000
-32.000000
-48.000000
-44.000000
-56.000000
-52.000000
-48.000000
-48.000000
-40.000000
-72.000000
-36.000000
-60.000000
-60.000000
-36.000000
-24.000000
-52.000000
-64.000000
-24.000000
-60.000000
-48.000000
-44.000000
-16.000000
-20.000000
-44.000000
-24.000000
-32.000000
-20.000000
-20.000000
-40.000000
-48.000000
-24.000000
-44.000000
-56.000000
-40.000000
-48.000000
-52.000000
-32.000000
-32.000000
-64.000000
-36.000000
-24.000000
-48.000000
-32.000000
-52.000000
-40.000000
-36.000000
-36.000000
-20.000000
-36.000000
-40.000000
-24.000000
-24.000000
-36.000000
-28.000000
-4.000000
-20.000000
-32.000000
-16.000000
-36.000000
-52.000000
-36.000000
-40.000000
-16.000000
-28.000000
-44.000000
-48.000000
-72.000000
-36.000000
0.000000
-12.000000
-32.000000
-40.000000
8.000000
-36.000000
-44.000000
-36.000000
-52.000000
-52.000000
-76.000000
-48.000000
-72.000000
-48.000000
-40.000000
-44.000000
-40.000000
-32.000000
-24.000000
-36.000000
-28.000000
-32.000000
-32.000000
-8.000000
-52.000000
-24.000000
-48.000000
-32.000000
-24.000000
-40.000000
-40.000000
-12.000000
-60.000000
-24.000000
-40.000000
-48.000000
0.000000
-24.000000
-36.000000
-28.000000
-16.000000
-32.000000
-24.000000
-28.000000
-32.000000
-60.000000
-52.000000
-12.000000
-40.000000
-36.000000
-32.000000
-32.000000
-44.000000
-48.000000
-48.000000
-44.000000
-104.000000
-84.000000
-80.000000
-64.000000
-12.000000
-44.000000
-28.000000
-16.000000
-32.000000
-20.000000
-40.000000
-24.000000
-12.000000
-36.000000
-20.000000
-28.000000
-8.000000
-12.000000
-4.000000
-16.000000
-20.000000
-40.000000
-8.000000
-28.000000
-20.000000
-28.000000
-36.000000
-20.000000
-40.000000
-36.000000
-28.000000
-28.000000
-52.000000
-24.000000
-48.000000
-32.000000
-44.000000
-24.000000
-36.000000
-36.000000
-32.000000
-36.000000
-28.000000
-24.000000
-28.000000
-20.000000
-44.000000
-36.000000
-32.000000
-48.000000
-28.000000
-28.000000
-20.000000
-20.000000
-48.000000
-28.000000
-12.000000
-20.000000
-32.000000
-52.000000
-20.000000
-20.000000
-44.000000
-52.000000
-56.000000
-40.000000
-68.000000
-48.000000
-52.000000
-44.000000
-60.000000
-64.000000
-52.000000
-64.000000
-76.000000
-44.000000
-40.000000
-76.000000
-80.000000
-64.000000
-64.000000
-40.000000
-76.000000
-28.000000
-68.000000
-56.000000
-80.000000
-68.000000
-64.000000
-56.000000
-76.000000
-76.000000
-72.000000
-84.000000
-68.000000
-72.000000
-44.000000
-72.000000
-76.000000
-44.000000
-52.000000
-32.000000
-40.000000
-40.000000
-36.000000
-52.000000
-32.000000
-44.000000
-76.000000
-64.000000
-64.000000
-52.000000
-60.000000
-64.000000
-48.000000
-48.000000
-44.000000
-60.000000
-44.000000
-48.000000
-72.000000
-64.000000
-44.000000
-48.000000
-56.000000
-40.000000
-84.000000
-24.000000
-56.000000
-52.000000
-36.000000
-60.000000
-28.000000
-72.000000
-20.000000
-52.000000
-16.000000
-56.000000
-28.000000
-68.000000
-8.000000
-36.000000
-24.000000
-32.000000
-32.000000
-36.000000
-52.000000
-64.000000
-44.000000
-44.000000
-20.000000
-12.000000
-28.000000
-32.000000
-36.000000
-44.000000
-32.000000
-60.000000
-48.000000
-32.000000
-60.000000
-44.000000
-28.000000
-64.000000
-32.000000
-56.000000
-36.000000
-56.000000
-52.000000
-32.000000
-32.000000
-32.000000
-48.000000
-36.000000
-28.000000
-28.000000
-36.000000
-52.000000
-28.000000
-12.000000
-36.000000
-28.000000
-40.000000
-28.000000
-24.000000
-36.000000
-24.000000
4.000000
-28.000000
-28.000000
-32.000000
-36.000000
0.000000
-8.000000
-44.000000
-48.000000
-8.000000
-52.000000
-56.000000
-12.000000
-52.000000
-72.000000
-32.000000
-40.000000
-60.000000
-52.000000
-32.000000
-80.000000
-32.000000
-60.000000
-24.000000
-36.000000
-32.000000
-28.000000
-28.000000
-16.000000
-40.000000
-24.000000
-16.000000
-28.000000
-20.000000
-44.000000
4.000000
-36.000000
-40.000000
-36.000000
-8.000000
-48.000000
-28.000000
-28.000000
-20.000000
-12.000000
-44.000000
-32.000000
-36.000000
-32.000000
-28.000000
-16.000000
-40.000000
-28.000000
-24.000000
-52.000000
-44.000000
-24.000000
-20.000000
-36.000000
-36.000000
-52.000000
-80.000000
-60.000000
-80.000000
-80.000000
-48.000000
-64.000000
-24.000000
-36.000000
-20.000000
-28.000000
-24.000000
-28.000000
-12.000000
0.000000
-24.000000
8.000000
-24.000000
-12.000000
-20.000000
-24.000000
-12.000000
-16.000000
-40.000000
-12.000000
-8.000000
-24.000000
-12.000000
-20.000000
-32.000000
-28.000000
-28.000000
-36.000000
-24.000000
-20.000000
-64.000000
-24.000000
-48.000000
-24.000000
-36.000000
-36.000000
-44.000000
-36.000000
-44.000000
-52.000000
-52.000000
-48.000000
-28.000000
-52.000000
-28.000000
-36.000000
-32.000000
-28.000000
-36.000000
-20.000000
-36.000000
-12.000000
-28.000000
-36.000000
-32.000000
-28.000000
-24.000000
-20.000000
-16.000000
-36.000000
-36.000000
-36.000000
-36.000000
-40.000000
-64.000000
-48.000000
-48.000000
-52.000000
-44.000000
-44.000000
-64.000000
-48.000000
-72.000000
-60.000000
-68.000000
-88.000000
-76.000000
-72.000000
-60.000000
-52.000000
-44.000000
-52.000000
-56.000000
-48.000000
-80.000000
-88.000000
-44.000000
-76.000000
-60.000000
-60.000000
-28.000000
-52.000000
-72.000000
-64.000000
-76.000000
-64.000000
-68.000000
-32.000000
-32.000000
-28.000000
-16.000000
-12.000000
-32.000000
-56.000000
-48.000000
-52.000000
-76.000000
-60.000000
-64.000000
-68.000000
-76.000000
-84.000000
-72.000000
-20.000000
-64.000000
-40.000000
-56.000000
-44.000000
-64.000000
-52.000000
-44.000000
-40.000000
-36.000000
-56.000000
-72.000000
-52.000000
-48.000000
-40.000000
-40.000000
-52.000000
-36.000000
-76.000000
-24.000000
-36.000000
-60.000000
-24.000000
-48.000000
-32.000000
-48.000000
-24.000000
-44.000000
-40.000000
-40.000000
-56.000000
-32.000000
-16.000000
-52.000000
-12.000000
-4.000000
-24.000000
-28.000000
-32.000000
-36.000000
-48.000000
-24.000000
-20.000000
-52.000000
-68.000000
-44.000000
-32.000000
-48.000000
-36.000000
-36.000000
-28.000000
-40.000000
-40.000000
-52.000000
-32.000000
-44.000000
-44.000000
-40.000000
-28.000000
-52.000000
-28.000000
-56.000000
-8.000000
-28.000000
-28.000000
-32.000000
-40.000000
-28.000000
0.000000
-16.000000
-28.000000
-24.000000
-16.000000
-44.000000
-32.000000
-32.000000
-28.000000
-36.000000
-36.000000
-32.000000
-24.000000
-48.000000
-44.000000
-24.000000
-56.000000
-24.000000
-72.000000
-84.000000
-76.000000
-32.000000
-56.000000
-44.000000
-68.000000
-52.000000
-48.000000
-52.000000
-28.000000
-36.000000
-36.000000
-24.000000
-36.000000
-40.000000
-32.000000
-28.000000
-28.000000
-20.000000
-20.000000
-32.000000
-52.000000
-24.000000
-36.000000
-28.000000
-36.000000
-28.000000
-36.000000
-24.000000
-32.000000
-48.000000
-8.000000
-12.000000
-52.000000
-40.000000
-52.000000
-52.000000
-32.000000
-48.000000
-48.000000
-56.000000
-12.000000
-52.000000
-16.000000
-44.000000
-48.000000
-40.000000
-68.000000
-80.000000
-48.000000
-72.000000
-60.000000
-56.000000
-48.000000
-16.000000
-24.000000
-24.000000
-4.000000
-12.000000
-20.000000
0.000000
0.000000
-16.000000
-12.000000
-24.000000
-20.000000
-12.000000
-20.000000
-12.000000
-24.000000
-24.000000
-20.000000
-24.000000
-32.000000
-36.000000
-32.000000
-12.000000
-20.000000
-28.000000
-32.000000
-16.000000
-32.000000
-44.000000
-8.000000
-44.000000
-28.000000
-48.000000
-32.000000
-12.000000
-36.000000
-72.000000
-44.000000
-16.000000
-16.000000
-48.000000
-32.000000
-60.000000
-48.000000
-32.000000
-28.000000
-32.000000
-44.000000
-36.000000
-16.000000
-28.000000
-48.000000
-44.000000
-52.000000
-8.000000
-8.000000
-60.000000
-20.000000
-60.000000
-92.000000
-52.000000
-44.000000
-76.000000
-64.000000
-60.000000
-48.000000
-36.000000
-68.000000
-56.000000
-52.000000
-64.000000
-76.000000
-76.000000
-84.000000
-72.000000
-48.000000
-92.000000
-108.000000
-100.000000
-64.000000
-52.000000
-56.000000
-64.000000
-60.000000
