448.000000
708.000000
944.000000
1140.000000
1280.000000
1332.000000
1300.000000
1188.000000
940.000000
600.000000
184.000000
-280.000000
-788.000000
-1228.000000
-1672.000000
-2016.000000
-2192.000000
-2256.000000
-2176.000000
-1956.000000
-1600.000000
-1112.000000
-564.000000
36.000000
636.000000
1172.000000
1632.000000
1948.000000
2164.000000
2188.000000
2080.000000
1824.000000
1508.000000
1040.000000
580.000000
88.000000
-364.000000
-740.000000
-1072.000000
-1276.000000
-1408.000000
-1428.000000
-1308.000000
-1152.000000
-960.000000
-728.000000
-436.000000
-212.000000
-64.000000
-24.000000
-32.000000
-28.000000
-16.000000
-32.000000
-28.000000
-40.000000
-48.000000
-56.000000
-36.000000
-44.000000
-60.000000
-28.000000
-40.000000
-36.000000
-32.000000
-32.000000
-8.000000
-48.000000
-16.000000
-20.000000
-12.000000
-12.000000
-8.000000
-8.000000
0.000000
12.000000
-16.000000
-20.000000
-32.000000
-32.000000
-36.000000
-28.000000
-8.000000
-16.000000
-28.000000
4.000000
-32.000000
-8.000000
-32.000000
-48.000000
-8.000000
-12.000000
-16.000000
-28.000000
-20.000000
-32.000000
-28.000000
-20.000000
-16.000000
-44.000000
-28.000000
-40.000000
-40.000000
-40.000000
-28.000000
-16.000000
-28.000000
-60.000000
-32.000000
-32.000000
-28.000000
-40.000000
-12.000000
-12.000000
-24.000000
-12.000000
-24.000000
0.000000
-32.000000
-16.000000
-36.000000
-24.000000
-32.000000
-32.000000
-32.000000
-48.000000
-28.000000
-24.000000
-36.000000
-60.000000
-64.000000
-56.000000
-24.000000
-52.000000
-48.000000
-48.000000
-72.000000
-52.000000
-72.000000
-64.000000
-76.000000
-60.000000
-32.000000
-32.000000
-44.000000
-44.000000
-48.000000
-44.000000
-48.000000
-68.000000
-84.000000
-40.000000
-52.000000
-72.000000
-64.000000
-60.000000
-52.000000
-64.000000
-20.000000
-20.000000
-24.000000
-44.000000
-24.000000
-24.000000
-16.000000
-52.000000
-40.000000
-68.000000
-44.000000
-56.000000
-44.000000
-32.000000
-52.000000
-76.000000
-48.000000
-56.000000
-48.000000
-56.000000
-52.000000
-48.000000
-48.000000
-64.000000
-36.000000
-76.000000
-52.000000
-36.000000
-32.000000
-52.000000
-36.000000
-20.000000
-52.000000
-48.000000
-36.000000
-76.000000
-28.000000
-56.000000
-24.000000
-24.000000
-44.000000
-56.000000
-20.000000
-32.000000
-12.000000
-28.000000
-36.000000
-20.000000
-44.000000
0.000000
-28.000000
4.000000
-8.000000
-32.000000
-32.000000
-40.000000
-60.000000
-44.000000
-56.000000
-56.000000
-32.000000
-36.000000
-52.000000
-48.000000
-32.000000
-48.000000
-20.000000
-48.000000
-36.000000
-36.000000
-24.000000
-16.000000
-8.000000
-32.000000
-28.000000
-48.000000
-40.000000
-52.000000
-28.000000
-20.000000
-24.000000
-36.000000
-28.000000
-32.000000
-32.000000
-12.000000
-12.000000
-36.000000
-12.000000
-32.000000
-36.000000
-16.000000
-44.000000
-20.000000
-48.000000
-24.000000
0.000000
-28.000000
-48.000000
-8.000000
-68.000000
-36.000000
-48.000000
-32.000000
-76.000000
-36.000000
-76.000000
-60.000000
-52.000000
-12.000000
-44.000000
-32.000000
-44.000000
-32.000000
-36.000000
-44.000000
-32.000000
-32.000000
-16.000000
-16.000000
-16.000000
-16.000000
-8.000000
-52.000000
-16.000000
-40.000000
-40.000000
0.000000
-24.000000
-44.000000
-48.000000
-8.000000
-32.000000
-28.000000
-32.000000
-56.000000
-32.000000
-40.000000
-28.000000
-16.000000
-32.000000
-36.000000
-12.000000
-24.000000
-40.000000
-40.000000
-32.000000
-28.000000
-48.000000
-24.000000
-56.000000
-28.000000
-40.000000
-32.000000
-36.000000
-28.000000
-8.000000
-28.000000
8.000000
0.000000
-16.000000
-12.000000
-8.000000
-12.000000
-8.000000
-8.000000
-20.000000
-16.000000
-24.000000
4.000000
-28.000000
-16.000000
-8.000000
0.000000
-24.000000
-12.000000
-32.000000
-16.000000
-16.000000
-28.000000
-4.000000
-28.000000
-20.000000
-32.000000
0.000000
-52.000000
-28.000000
-16.000000
-24.000000
-56.000000
-40.000000
-28.000000
-28.000000
-44.000000
-28.000000
-24.000000
-32.000000
-36.000000
-24.000000
-40.000000
-48.000000
-12.000000
-40.000000
-40.000000
-24.000000
-36.000000
-8.000000
-12.000000
-48.000000
-8.000000
-20.000000
-28.000000
-36.000000
-28.000000
-60.000000
-8.000000
-52.000000
-36.000000
-60.000000
-40.000000
-36.000000
-60.000000
-60.000000
-60.000000
-44.000000
-60.000000
-64.000000
-28.000000
-32.000000
-72.000000
-40.000000
-52.000000
-52.000000
-56.000000
-92.000000
-52.000000
-52.000000
-80.000000
-60.000000
-76.000000
-32.000000
-52.000000
-68.000000
-48.000000
-40.000000
-64.000000
-56.000000
-40.000000
-68.000000
-52.000000
-44.000000
-12.000000
-36.000000
-16.000000
-60.000000
-48.000000
-36.000000
-44.000000
-48.000000
-52.000000
-48.000000
-60.000000
-32.000000
-44.000000
-40.000000
-60.000000
-44.000000
-56.000000
-60.000000
-56.000000
-56.000000
-44.000000
-48.000000
-48.000000
-40.000000
-36.000000
-60.000000
-76.000000
-32.000000
-60.000000
-52.000000
-68.000000
-48.000000
-52.000000
-44.000000
-32.000000
-48.000000
-12.000000
-64.000000
-28.000000
-72.000000
-32.000000
-72.000000
-20.000000
-28.000000
-44.000000
-12.000000
-16.000000
-48.000000
-44.000000
-16.000000
-20.000000
-16.000000
-20.000000
-24.000000
-64.000000
-52.000000
-32.000000
-40.000000
-44.000000
-32.000000
-28.000000
-36.000000
-36.000000
-48.000000
-52.000000
-32.000000
-24.000000
-28.000000
-52.000000
-44.000000
-44.000000
-52.000000
-20.000000
-60.000000
-28.000000
-32.000000
-36.000000
-36.000000
-32.000000
-16.000000
-24.000000
-36.000000
-36.000000
-32.000000
-16.000000
-32.000000
-32.000000
-28.000000
-16.000000
-16.000000
-24.000000
-48.000000
-32.000000
-28.000000
-40.000000
-24.000000
-24.000000
0.000000
-20.000000
-48.000000
-32.000000
-60.000000
-72.000000
-56.000000
-44.000000
-44.000000
-52.000000
-52.000000
-32.000000
-40.000000
-32.000000
-52.000000
-32.000000
-20.000000
-32.000000
-52.000000
-64.000000
-48.000000
-8.000000
-16.000000
-28.000000
-24.000000
-40.000000
-48.000000
-36.000000
-48.000000
8.000000
-28.000000
-36.000000
-32.000000
-24.000000
-16.000000
-48.000000
-12.000000
-44.000000
-20.000000
-28.000000
-52.000000
-24.000000
-48.000000
-28.000000
-36.000000
-36.000000
-32.000000
-28.000000
-44.000000
-20.000000
-36.000000
-48.000000
-64.000000
-36.000000
-44.000000
-44.000000
-40.000000
-16.000000
-36.000000
8.000000
0.000000
-4.000000
-24.000000
-12.000000
-44.000000
-36.000000
-4.000000
-8.000000
4.000000
0.000000
-24.000000
-24.000000
4.000000
-28.000000
-32.000000
-28.000000
-44.000000
0.000000
-4.000000
0.000000
-20.000000
-8.000000
-16.000000
-40.000000
-24.000000
-64.000000
0.000000
-32.000000
-28.000000
-20.000000
-44.000000
-8.000000
-20.000000
-36.000000
-24.000000
-40.000000
-20.000000
-44.000000
-24.000000
-32.000000
-32.000000
-48.000000
-36.000000
-20.000000
-44.000000
-44.000000
-24.000000
-32.000000
4.000000
-24.000000
-52.000000
-36.000000
-24.000000
-44.000000
-44.000000
-24.000000
-52.000000
-28.000000
-36.000000
-52.000000
-28.000000
-32.000000
-28.000000
-64.000000
-32.000000
-36.000000
-56.000000
-60.000000
-56.000000
-76.000000
-28.000000
-56.000000
-72.000000
-64.000000
-72.000000
-52.000000
-80.000000
-52.000000
-52.000000
-68.000000
-64.000000
-32.000000
-40.000000
-60.000000
-56.000000
-44.000000
-60.000000
-24.000000
-64.000000
-64.000000
-60.000000
-32.000000
-24.000000
-36.000000
-44.000000
-28.000000
-44.000000
-48.000000
-52.000000
-44.000000
-44.000000
-44.000000
-12.000000
-64.000000
-52.000000
-84.000000
-84.000000
-60.000000
-48.000000
-60.000000
-40.000000
-52.000000
-32.000000
-64.000000
-36.000000
-56.000000
-48.000000
-36.000000
-52.000000
-64.000000
-64.000000
-52.000000
-64.000000
-8.000000
-60.000000
-48.000000
-32.000000
-28.000000
-36.000000
-32.000000
-32.000000
-28.000000
-16.000000
-60.000000
-36.000000
-24.000000
-28.000000
-52.000000
-48.000000
-16.000000
-48.000000
-24.000000
0.000000
-16.000000
-20.000000
-28.000000
-28.000000
-52.000000
-20.000000
-20.000000
-56.000000
-24.000000
-48.000000
-48.000000
-32.000000
-36.000000
-24.000000
-28.000000
-60.000000
-28.000000
-48.000000
-20.000000
-36.000000
-20.000000
-44.000000
-12.000000
-20.000000
-40.000000
-16.000000
-24.000000
-32.000000
-36.000000
-32.000000
-52.000000
-24.000000
-28.000000
-24.000000
-28.000000
4.000000
8.000000
-12.000000
-40.000000
-20.000000
-12.000000
-8.000000
-28.000000
-60.000000
-8.000000
-20.000000
-20.000000
-16.000000
-44.000000
-56.000000
-68.000000
-44.000000
-60.000000
-56.000000
-40.000000
-60.000000
-72.000000
-40.000000
-68.000000
-52.000000
-28.000000
-28.000000
-52.000000
-16.000000
-20.000000
-44.000000
-36.000000
-24.000000
-36.000000
-44.000000
-24.000000
-16.000000
-28.000000
-32.000000
-36.000000
-40.000000
-48.000000
-24.000000
-32.000000
-28.000000
-24.000000
-28.000000
-16.000000
-28.000000
-28.000000
-28.000000
-52.000000
-40.000000
-32.000000
-36.000000
-48.000000
-40.000000
-36.000000
-36.000000
-28.000000
-44.000000
-36.000000
-52.000000
-68.000000
-68.000000
-76.000000
-44.000000
-44.000000
-28.000000
0.000000
-24.000000
-28.000000
-40.000000
-20.000000
-16.000000
4.000000
8.000000
4.000000
-20.000000
-24.000000
0.000000
-44.000000
-28.000000
-12.000000
-8.000000
-24.000000
12.000000
-24.000000
-28.000000
-20.000000
-52.000000
12.000000
-40.000000
-32.000000
-16.000000
-16.000000
-16.000000
-52.000000
-20.000000
-32.000000
-16.000000
-28.000000
-44.000000
-48.000000
-44.000000
-24.000000
-32.000000
-28.000000
-28.000000
-48.000000
-32.000000
-28.000000
-32.000000
-40.000000
-28.000000
-48.000000
-40.000000
-32.000000
-32.000000
-36.000000
-36.000000
0.000000
-36.000000
-20.000000
-52.000000
-24.000000
-32.000000
-52.000000
-28.000000
-76.000000
-72.000000
-40.000000
-80.000000
-68.000000
-48.000000
-40.000000
-52.000000
-60.000000
-64.000000
-60.000000
-72.000000
-60.000000
-28.000000
-72.000000
-48.000000
-28.000000
-72.000000
-60.000000
-76.000000
-40.000000
-76.000000
-68.000000
-56.000000
-40.000000
-92.000000
-52.000000
-80.000000
-48.000000
-64.000000
-72.000000
-68.000000
-60.000000
-64.000000
-12.000000
-72.000000
-48.000000
-20.000000
-44.000000
-28.000000
-60.000000
-36.000000
-60.000000
-44.000000
-40.000000
-44.000000
-48.000000
-72.000000
-56.000000
-60.000000
-60.000000
-32.000000
-40.000000
-44.000000
-60.000000
-60.000000
-64.000000
-36.000000
-60.000000
-60.000000
-12.000000
-20.000000
-64.000000
-48.000000
-36.000000
-56.000000
-32.000000
-40.000000
-44.000000
-48.000000
-32.000000
-48.000000
-52.000000
-20.000000
-52.000000
-24.000000
-44.000000
-32.000000
-56.000000
-32.000000
-36.000000
-24.000000
-16.000000
-44.000000
-12.000000
-16.000000
-12.000000
-28.000000
-44.000000
-48.000000
-52.000000
-36.000000
-32.000000
-48.000000
-32.000000
-32.000000
-32.000000
-40.000000
-32.000000
-28.000000
-40.000000
-44.000000
-52.000000
-32.000000
-36.000000
-24.000000
-16.000000
-56.000000
-32.000000
-28.000000
-40.000000
-32.000000
-24.000000
-36.000000
-32.000000
-48.000000
-44.000000
-8.000000
-24.000000
-12.000000
-24.000000
-52.000000
-40.000000
-16.000000
-28.000000
0.000000
-40.000000
-64.000000
-12.000000
-16.000000
-12.000000
-48.000000
-16.000000
8.000000
-24.000000
-40.000000
-32.000000
-44.000000
-40.000000
-48.000000
-48.000000
-56.000000
-36.000000
-40.000000
-28.000000
-40.000000
-36.000000
-32.000000
-32.000000
-20.000000
-40.000000
-24.000000
-36.000000
-32.000000
-32.000000
-4.000000
-44.000000
-24.000000
-40.000000
-20.000000
-20.000000
-12.000000
-8.000000
-24.000000
-4.000000
-44.000000
-4.000000
-28.000000
-12.000000
-40.000000
-28.000000
-32.000000
-28.000000
-40.000000
-32.000000
-44.000000
-24.000000
-40.000000
-24.000000
-32.000000
-36.000000
-36.000000
-52.000000
-36.000000
-68.000000
-84.000000
-56.000000
-44.000000
-32.000000
-16.000000
-36.000000
-8.000000
-20.000000
-32.000000
-24.000000
-16.000000
-16.000000
-16.000000
-16.000000
-16.000000
-28.000000
-16.000000
-8.000000
-36.000000
4.000000
-40.000000
-68.000000
-16.000000
-36.000000
-32.000000
-16.000000
-4.000000
-20.000000
-12.000000
-16.000000
-36.000000
-12.000000
-20.000000
-16.000000
-16.000000
-24.000000
-28.000000
-28.000000
-52.000000
-32.000000
-44.000000
-44.000000
-24.000000
-44.000000
-16.000000
-36.000000
-48.000000
-40.000000
-72.000000
-64.000000
-32.000000
-36.000000
-44.000000
8.000000
-36.000000
-24.000000
-12.000000
-24.000000
-24.000000
-20.000000
-48.000000
-44.000000
-52.000000
-12.000000
-44.000000
-68.000000
-64.000000
-44.000000
-56.000000
-60.000000
-24.000000
-56.000000
-40.000000
-64.000000
-80.000000
-88.000000
-60.000000
-56.000000
-44.000000
-64.000000
-40.000000
-44.000000
-76.000000
-60.000000
-56.000000
-76.000000
-44.000000
-68.000000
-48.000000
-44.000000
-76.000000
-72.000000
-48.000000
-44.000000
-32.000000
-44.000000
-56.000000
-64.000000
-36.000000
-36.000000
-28.000000
-32.000000
-36.000000
-24.000000
-64.000000
-36.000000
-72.000000
-16.000000
-48.000000
-64.000000
-48.000000
-40.000000
-76.000000
-52.000000
-40.000000
-72.000000
-48.000000
-40.000000
-44.000000
-32.000000
-56.000000
-32.000000
-52.000000
-24.000000
-44.000000
-44.000000
-64.000000
-32.000000
-60.000000
-44.000000
-24.000000
-72.000000
-32.000000
-60.000000
-60.000000
-16.000000
-88.000000
0.000000
-24.000000
-52.000000
-40.000000
-36.000000
-12.000000
-56.000000
-32.000000
-36.000000
-52.000000
-28.000000
-24.000000
-36.000000
-20.000000
-12.000000
-44.000000
-32.000000
-20.000000
-32.000000
-24.000000
-20.000000
-68.000000
-28.000000
-32.000000
-68.000000
-40.000000
-28.000000
-28.000000
-44.000000
-40.000000
-32.000000
-48.000000
-40.000000
-32.000000
-32.000000
-12.000000
-16.000000
-28.000000
-28.000000
-36.000000
-32.000000
-36.000000
-24.000000
-32.000000
-24.000000
-48.000000
-32.000000
-32.000000
-12.000000
-24.000000
-36.000000
-28.000000
-4.000000
-20.000000
-16.000000
-56.000000
-48.000000
-4.000000
-20.000000
-36.000000
-28.000000
-20.000000
-12.000000
-60.000000
-48.000000
-40.000000
-84.000000
-48.000000
-72.000000
-40.000000
-60.000000
-28.000000
-32.000000
-56.000000
-36.000000
-36.000000
-36.000000
-36.000000
-24.000000
-8.000000
-16.000000
-44.000000
-40.000000
-64.000000
-28.000000
-24.000000
-48.000000
-12.000000
-56.000000
-28.000000
-20.000000
-36.000000
-8.000000
-12.000000
-48.000000
-12.000000
-44.000000
-28.000000
-28.000000
-60.000000
-28.000000
-40.000000
-36.000000
-52.000000
-52.000000
-32.000000
-36.000000
-32.000000
-32.000000
-36.000000
-56.000000
-44.000000
-48.000000
-52.000000
-76.000000
-40.000000
-32.000000
-60.000000
-16.000000
-12.000000
-8.000000
-8.000000
-16.000000
-16.000000
-16.000000
8.000000
-4.000000
0.000000
-20.000000
-20.000000
4.000000
-12.000000
-60.000000
-20.000000
-36.000000
-40.000000
-20.000000
-48.000000
-24.000000
-24.000000
-32.000000
-56.000000
-12.000000
-40.000000
-32.000000
-32.000000
-32.000000
-36.000000
-44.000000
-24.000000
-32.000000
-44.000000
-24.000000
-40.000000
-24.000000
-24.000000
-36.000000
-20.000000
-44.000000
-16.000000
-36.000000
-44.000000
-76.000000
-28.000000
-36.000000
-40.000000
-64.000000
-28.000000
-8.000000
-40.000000
-36.000000
-36.000000
-28.000000
-32.000000
-52.000000
-48.000000
-56.000000
-36.000000
-40.000000
-40.000000
-68.000000
-72.000000
-56.000000
-72.000000
-64.000000
-56.000000
-52.000000
-72.000000
-72.000000
-44.000000
-48.000000
-64.000000
-72.000000
-52.000000
-72.000000
-68.000000
-80.000000
-56.000000
-88.000000
-64.000000
-76.000000
-68.000000
-92.000000
-60.000000
-64.000000
-72.000000
-48.000000
-72.000000
-72.000000
-60.000000
-64.000000
-72.000000
-48.000000
-24.000000
-40.000000
-44.000000
-52.000000
-28.000000
-44.000000
-24.000000
-40.000000
-68.000000
-68.000000
-48.000000
-68.000000
-52.000000
-72.000000
-60.000000
-48.000000
-68.000000
-44.000000
-56.000000
-40.000000
-72.000000
-72.000000
-36.000000
-52.000000
-36.000000
-44.000000
-52.000000
-28.000000
-60.000000
-12.000000
-60.000000
-52.000000
-40.000000
-16.000000
-64.000000
-20.000000
-72.000000
-20.000000
-60.000000
-36.000000
-32.000000
-44.000000
-44.000000
-28.000000
-60.000000
-28.000000
-52.000000
-16.000000
-36.000000
-20.000000
-8.000000
-20.000000
-20.000000
-36.000000
-28.000000
-16.000000
-24.000000
-48.000000
-40.000000
-44.000000
-36.000000
-32.000000
-24.000000
-8.000000
-44.000000
-36.000000
-44.000000
-40.000000
-44.000000
-28.000000
-36.000000
-52.000000
-12.000000
-64.000000
-20.000000
-20.000000
-40.000000
-36.000000
-48.000000
-16.000000
-32.000000
-44.000000
-44.000000
-40.000000
-20.000000
-4.000000
-20.000000
-28.000000
-24.000000
-20.000000
-8.000000
-20.000000
-16.000000
-36.000000
-16.000000
-12.000000
-48.000000
-16.000000
-24.000000
-64.000000
-44.000000
-84.000000
-72.000000
-44.000000
-72.000000
-68.000000
-48.000000
-56.000000
-52.000000
-36.000000
-44.000000
-28.000000
-28.000000
-32.000000
-20.000000
-24.000000
-16.000000
-20.000000
-32.000000
-24.000000
-16.000000
-40.000000
-28.000000
-16.000000
-52.000000
-44.000000
-16.000000
-20.000000
-60.000000
-32.000000
-24.000000
-24.000000
-40.000000
-40.000000
-72.000000
-28.000000
-28.000000
-48.000000
-36.000000
-36.000000
-28.000000
-28.000000
-52.000000
-48.000000
-32.000000
-48.000000
-52.000000
-32.000000
-68.000000
-72.000000
-32.000000
-60.000000
-32.000000
-44.000000
-36.000000
-28.000000
-20.000000
-48.000000
-20.000000
-32.000000
-16.000000
8.000000
8.000000
8.000000
-32.000000
-28.000000
-28.000000
-28.000000
-24.000000
-44.000000
-24.000000
-16.000000
-28.000000
-20.000000
-28.000000
-32.000000
-40.000000
-24.000000
-28.000000
-40.000000
-32.000000
-24.000000
-48.000000
-28.000000
-16.000000
-16.000000
-36.000000
-40.000000
-16.000000
-48.000000
-52.000000
-40.000000
-52.000000
-52.000000
-40.000000
-40.000000
-44.000000
-44.000000
-32.000000
-52.000000
-28.000000
-32.000000
-40.000000
-44.000000
-28.000000
-28.000000
-36.000000
4.000000
-8.000000
-8.000000
-76.000000
-24.000000
-40.000000
-48.000000
-56.000000
-40.000000
-56.000000
-72.000000
-36.000000
-60.000000
-88.000000
-76.000000
-48.000000
-32.000000
-24.000000
-84.000000
-56.000000
-56.000000
-48.000000
-60.000000
-52.000000
-72.000000
-68.000000
-76.000000
-60.000000
-76.000000
-44.000000
-80.000000
-68.000000
-52.000000
-64.000000
-72.000000
-72.000000
-88.000000
-68.000000
-72.000000
-72.000000
-44.000000
-56.000000
-36.000000
0.000000
-40.000000
-28.000000
-20.000000
-48.000000
-44.000000
-64.000000
-52.000000
-72.000000
-80.000000
-60.000000
-64.000000
-28.000000
-72.000000
-64.000000
-56.000000
-60.000000
-68.000000
-48.000000
-60.000000
-48.000000
-52.000000
-40.000000
-88.000000
-32.000000
-36.000000
-52.000000
-32.000000
-48.000000
-72.000000
-52.000000
-44.000000
-64.000000
-28.000000
-32.000000
-16.000000
-60.000000
-40.000000
-56.000000
-16.000000
-20.000000
-56.000000
-32.000000
-40.000000
-20.000000
-24.000000
-28.000000
-28.000000
-20.000000
-20.000000
-12.000000
-32.000000
-24.000000
-20.000000
-36.000000
-32.000000
-60.000000
-44.000000
-44.000000
-32.000000
-44.000000
-44.000000
-48.000000
-44.000000
-48.000000
-48.000000
-40.000000
-20.000000
-24.000000
-28.000000
-24.000000
-16.000000
-16.000000
-24.000000
-28.000000
-36.000000
-32.000000
-32.000000
-16.000000
-36.000000
-40.000000
-12.000000
-28.000000
-28.000000
-40.000000
-20.000000
-20.000000
-32.000000
-36.000000
-36.000000
0.000000
-16.000000
-32.000000
-48.000000
-20.000000
-44.000000
-64.000000
4.000000
-24.000000
-20.000000
-52.000000
-24.000000
-36.000000
-36.000000
-16.000000
-60.000000
-24.000000
-48.000000
-44.000000
-40.000000
-24.000000
-48.000000
-20.000000
-28.000000
-28.000000
-44.000000
-28.000000
-44.000000
-64.000000
-24.000000
-20.000000
-36.000000
-44.000000
4.000000
-48.000000
-12.000000
-52.000000
-16.000000
-16.000000
-20.000000
-32.000000
-32.000000
-64.000000
-48.000000
-32.000000
-52.000000
-44.000000
-36.000000
-44.000000
-52.000000
-28.000000
-20.000000
-28.000000
-52.000000
-12.000000
-32.000000
-60.000000
-32.000000
-48.000000
-36.000000
-52.000000
-32.000000
-28.000000
-52.000000
-60.000000
-12.000000
-8.000000
-24.000000
0.000000
-16.000000
-36.000000
-36.000000
-12.000000
-36.000000
8.000000
-32.000000
-28.000000
-8.000000
-24.000000
-8.000000
-20.000000
-16.000000
-16.000000
-16.000000
-12.000000
-40.000000
-8.000000
-28.000000
-20.000000
-48.000000
-40.000000
-20.000000
-36.000000
-40.000000
-36.000000
-36.000000
-40.000000
-16.000000
-40.000000
-48.000000
-28.000000
-44.000000
-48.000000
-44.000000
-20.000000
-52.000000
-44.000000
-48.000000
-40.000000
-36.000000
-40.000000
-32.000000
-44.000000
-56.000000
-36.000000
-48.000000
-4.000000
-16.000000
-20.000000
-44.000000
-16.000000
-60.000000
-52.000000
-28.000000
-60.000000
-48.000000
-64.000000
-48.000000
-56.000000
-52.000000
-24.000000
-72.000000
-28.000000
-72.000000
-64.000000
-68.000000
-60.000000
-80.000000
-76.000000
-76.000000
-52.000000
-92.000000
-88.000000
-80.000000
-84.000000
-72.000000
-76.000000
-60.000000
-52.000000
-68.000000
-52.000000
-76.000000
-56.000000
-68.000000
-64.000000
-24.000000
-60.000000
-60.000000
-16.000000
-16.000000
-28.000000
-20.000000
-20.000000
-28.000000
-28.000000
-44.000000
-60.000000
-52.000000
-80.000000
-72.000000
-64.000000
-52.000000
-44.000000
-80.000000
-68.000000
-72.000000
-56.000000
-60.000000
-72.000000
-44.000000
-56.000000
-80.000000
-68.000000
-60.000000
-28.000000
-28.000000
-84.000000
-52.000000
-44.000000
-48.000000
-56.000000
-20.000000
-76.000000
-36.000000
-80.000000
-36.000000
-64.000000
-20.000000
-40.000000
-40.000000
-56.000000
-16.000000
-76.000000
-48.000000
-40.000000
-24.000000
-44.000000
-8.000000
-36.000000
-16.000000
-12.000000
-16.000000
-16.000000
-48.000000
-44.000000
-32.000000
-68.000000
-32.000000
-52.000000
-32.000000
-64.000000
-32.000000
-44.000000
-52.000000
-32.000000
-56.000000
-44.000000
-44.000000
-52.000000
-60.000000
-56.000000
-60.000000
-28.000000
-36.000000
-32.000000
-44.000000
-12.000000
-20.000000
-20.000000
-48.000000
-32.000000
-24.000000
-28.000000
-56.000000
-44.000000
-44.000000
-28.000000
-36.000000
-24.000000
-20.000000
-16.000000
-32.000000
-32.000000
-24.000000
0.000000
-24.000000
-28.000000
-20.000000
-20.000000
-72.000000
-16.000000
-64.000000
-84.000000
-64.000000
-76.000000
-56.000000
-32.000000
-64.000000
-28.000000
-44.000000
-56.000000
-16.000000
-32.000000
-44.000000
-12.000000
-20.000000
-24.000000
-24.000000
-48.000000
-40.000000
-52.000000
-24.000000
-36.000000
-76.000000
0.000000
-32.000000
-40.000000
-48.000000
-32.000000
-24.000000
-48.000000
-12.000000
-24.000000
-36.000000
-36.000000
-12.000000
-52.000000
-32.000000
-44.000000
-36.000000
