396.000000
676.000000
932.000000
1136.000000
1272.000000
1324.000000
1312.000000
1144.000000
924.000000
584.000000
176.000000
-312.000000
-792.000000
-1236.000000
-1640.000000
-1972.000000
-2196.000000
-2248.000000
-2184.000000
-1968.000000
-1564.000000
-1116.000000
-552.000000
84.000000
640.000000
1188.000000
1648.000000
1972.000000
2144.000000
2172.000000
2084.000000
1820.000000
1484.000000
1048.000000
564.000000
88.000000
-372.000000
-784.000000
-1104.000000
-1304.000000
-1408.000000
-1412.000000
-1328.000000
-1168.000000
-972.000000
-700.000000
-460.000000
-236.000000
-88.000000
-80.000000
-36.000000
-36.000000
-20.000000
-20.000000
-32.000000
-28.000000
-36.000000
-40.000000
-16.000000
-20.000000
-24.000000
-8.000000
0.000000
-16.000000
-16.000000
-16.000000
-12.000000
-24.000000
-16.000000
-32.000000
-8.000000
-60.000000
-28.000000
-28.000000
-48.000000
-40.000000
-36.000000
-40.000000
-32.000000
-56.000000
-52.000000
-40.000000
-44.000000
-44.000000
-28.000000
-48.000000
-40.000000
-36.000000
-60.000000
-20.000000
-52.000000
-44.000000
-32.000000
-32.000000
-32.000000
-44.000000
-56.000000
-52.000000
-36.000000
-28.000000
-40.000000
-20.000000
-8.000000
-36.000000
-36.000000
-12.000000
-24.000000
-24.000000
-36.000000
-44.000000
-40.000000
-48.000000
-48.000000
-52.000000
-52.000000
-72.000000
-76.000000
-68.000000
-72.000000
-72.000000
-76.000000
-64.000000
-76.000000
-76.000000
-72.000000
-64.000000
-52.000000
-52.000000
-48.000000
-84.000000
-72.000000
-80.000000
-60.000000
-68.000000
-52.000000
-72.000000
-68.000000
-56.000000
-84.000000
-76.000000
-56.000000
-76.000000
-52.000000
-80.000000
-48.000000
-60.000000
-32.000000
-8.000000
-16.000000
-12.000000
-40.000000
-76.000000
-40.000000
-44.000000
-40.000000
-52.000000
-80.000000
-64.000000
-44.000000
-48.000000
-64.000000
-68.000000
-72.000000
-72.000000
-76.000000
-56.000000
-52.000000
-80.000000
-64.000000
-64.000000
-36.000000
-36.000000
-32.000000
-28.000000
-44.000000
-68.000000
-36.000000
-60.000000
-56.000000
-60.000000
-16.000000
-48.000000
-60.000000
-48.000000
-68.000000
-32.000000
-48.000000
-40.000000
-48.000000
-28.000000
-44.000000
-32.000000
-40.000000
-40.000000
-32.000000
-36.000000
-40.000000
-8.000000
-16.000000
-28.000000
-20.000000
-56.000000
-36.000000
-36.000000
-52.000000
-36.000000
-36.000000
-40.000000
-32.000000
-52.000000
-40.000000
-56.000000
-28.000000
-44.000000
-52.000000
-40.000000
-48.000000
-52.000000
-48.000000
-32.000000
-32.000000
-36.000000
-28.000000
-28.000000
-28.000000
-32.000000
-48.000000
-12.000000
-32.000000
-20.000000
-24.000000
-24.000000
-16.000000
-36.000000
-48.000000
-4.000000
-24.000000
-24.000000
-20.000000
-36.000000
-40.000000
-24.000000
-24.000000
-24.000000
-44.000000
-44.000000
-16.000000
-48.000000
-72.000000
-44.000000
-52.000000
-76.000000
-44.000000
-72.000000
-52.000000
-40.000000
-44.000000
-64.000000
-48.000000
-48.000000
-40.000000
-72.000000
-20.000000
-44.000000
-20.000000
-48.000000
-24.000000
-16.000000
-24.000000
-20.000000
-60.000000
-48.000000
-16.000000
-48.000000
-12.000000
-60.000000
-16.000000
-28.000000
-40.000000
-40.000000
-32.000000
-20.000000
-20.000000
-36.000000
-44.000000
-40.000000
-56.000000
-40.000000
-48.000000
-56.000000
-20.000000
-24.000000
-20.000000
-40.000000
-48.000000
-44.000000
-40.000000
-96.000000
-60.000000
-76.000000
-52.000000
-32.000000
-44.000000
-12.000000
-44.000000
0.000000
-28.000000
-20.000000
-4.000000
-24.000000
-28.000000
-8.000000
-12.000000
-40.000000
-24.000000
-36.000000
-12.000000
-12.000000
-32.000000
-36.000000
-20.000000
-20.000000
-8.000000
-36.000000
-28.000000
-24.000000
-20.000000
-20.000000
-24.000000
-32.000000
-28.000000
-28.000000
-32.000000
-20.000000
-36.000000
-12.000000
-28.000000
-52.000000
-28.000000
-76.000000
-48.000000
-44.000000
-44.000000
-44.000000
-32.000000
-56.000000
-64.000000
-52.000000
-56.000000
-24.000000
-28.000000
-64.000000
-20.000000
-24.000000
-48.000000
-16.000000
-20.000000
-28.000000
-48.000000
-32.000000
-52.000000
-48.000000
-56.000000
-48.000000
-52.000000
-56.000000
-56.000000
-52.000000
-60.000000
-60.000000
-72.000000
-52.000000
-48.000000
-64.000000
-64.000000
-52.000000
-48.000000
-72.000000
-64.000000
-48.000000
-60.000000
-52.000000
-64.000000
-80.000000
-52.000000
-88.000000
-80.000000
-72.000000
-80.000000
-84.000000
-84.000000
-92.000000
-52.000000
-56.000000
-52.000000
-60.000000
-72.000000
-48.000000
-12.000000
-28.000000
-8.000000
-32.000000
-56.000000
-48.000000
-68.000000
-44.000000
-80.000000
-32.000000
-52.000000
-84.000000
-44.000000
-56.000000
-48.000000
-56.000000
-52.000000
-64.000000
-56.000000
-36.000000
-32.000000
-64.000000
-48.000000
-48.000000
-76.000000
-36.000000
-48.000000
-68.000000
-32.000000
-48.000000
-64.000000
-32.000000
-68.000000
-60.000000
-56.000000
-36.000000
-68.000000
0.000000
-52.000000
-28.000000
-32.000000
-48.000000
-40.000000
-12.000000
-60.000000
-32.000000
-44.000000
-36.000000
4.000000
-12.000000
-32.000000
-12.000000
-20.000000
-44.000000
-20.000000
-40.000000
-36.000000
-32.000000
-64.000000
-60.000000
-24.000000
-48.000000
-48.000000
-40.000000
-52.000000
-28.000000
-60.000000
-32.000000
-56.000000
-32.000000
-32.000000
-36.000000
-24.000000
-20.000000
-16.000000
-44.000000
-48.000000
-20.000000
-16.000000
-48.000000
-16.000000
-8.000000
-24.000000
-28.000000
-32.000000
-8.000000
-24.000000
-32.000000
-16.000000
-12.000000
-48.000000
-28.000000
-20.000000
-20.000000
-52.000000
-48.000000
-44.000000
-28.000000
4.000000
-40.000000
-40.000000
-32.000000
-68.000000
-64.000000
-72.000000
-72.000000
-36.000000
-44.000000
-48.000000
-72.000000
-44.000000
-28.000000
-40.000000
-32.000000
-12.000000
-32.000000
-16.000000
-16.000000
-52.000000
-36.000000
-32.000000
-36.000000
-24.000000
-36.000000
-48.000000
-8.000000
-24.000000
-20.000000
-20.000000
-28.000000
-24.000000
-28.000000
-16.000000
-28.000000
-48.000000
-32.000000
-28.000000
-32.000000
-44.000000
-48.000000
-28.000000
-40.000000
-44.000000
-48.000000
-52.000000
-52.000000
-28.000000
-36.000000
-64.000000
-76.000000
-64.000000
-52.000000
-28.000000
-40.000000
-28.000000
-32.000000
-12.000000
4.000000
-16.000000
-4.000000
-24.000000
-24.000000
4.000000
-20.000000
-12.000000
-12.000000
-28.000000
4.000000
-8.000000
-8.000000
-36.000000
-16.000000
-16.000000
-20.000000
-16.000000
-16.000000
-28.000000
-36.000000
-40.000000
-24.000000
-32.000000
-28.000000
-24.000000
-20.000000
-28.000000
-16.000000
-28.000000
-24.000000
-24.000000
-36.000000
-24.000000
-36.000000
-32.000000
-44.000000
-16.000000
-44.000000
-60.000000
-32.000000
-28.000000
-80.000000
-40.000000
-32.000000
-36.000000
-12.000000
-20.000000
-20.000000
-24.000000
-16.000000
-40.000000
-28.000000
-40.000000
-60.000000
-48.000000
-60.000000
-52.000000
-48.000000
-76.000000
-68.000000
-28.000000
-64.000000
-72.000000
-64.000000
-48.000000
-72.000000
-52.000000
-72.000000
-72.000000
-68.000000
-68.000000
-40.000000
-88.000000
-96.000000
-72.000000
-84.000000
-72.000000
-80.000000
-76.000000
-72.000000
-72.000000
-56.000000
-56.000000
-80.000000
-64.000000
-56.000000
-68.000000
-96.000000
-76.000000
-44.000000
-76.000000
-28.000000
-12.000000
-24.000000
-36.000000
-32.000000
-80.000000
-80.000000
-88.000000
-48.000000
-36.000000
-44.000000
-52.000000
-64.000000
-68.000000
-44.000000
-72.000000
-48.000000
-72.000000
-64.000000
-76.000000
-60.000000
-72.000000
-60.000000
-64.000000
-28.000000
-36.000000
-32.000000
-88.000000
-24.000000
-92.000000
-44.000000
-60.000000
-36.000000
-72.000000
-36.000000
-76.000000
-44.000000
-36.000000
-28.000000
-32.000000
-64.000000
-36.000000
-48.000000
-40.000000
-48.000000
-44.000000
-48.000000
-20.000000
-12.000000
-12.000000
4.000000
4.000000
-24.000000
-36.000000
-40.000000
-28.000000
-56.000000
-24.000000
-60.000000
-36.000000
-56.000000
-56.000000
-44.000000
-36.000000
-48.000000
-40.000000
-32.000000
-52.000000
-20.000000
-48.000000
-32.000000
-36.000000
-24.000000
-40.000000
-52.000000
-32.000000
-8.000000
-24.000000
-28.000000
-8.000000
-24.000000
-24.000000
-32.000000
-16.000000
-36.000000
-16.000000
-32.000000
-20.000000
-36.000000
-8.000000
-20.000000
-40.000000
-36.000000
-24.000000
-52.000000
-12.000000
-24.000000
-52.000000
-24.000000
-12.000000
-52.000000
-56.000000
-40.000000
-68.000000
-68.000000
-68.000000
-64.000000
-64.000000
-68.000000
-44.000000
-44.000000
-48.000000
-32.000000
-44.000000
-56.000000
-48.000000
-20.000000
-52.000000
-28.000000
-12.000000
-44.000000
-32.000000
-20.000000
-16.000000
-32.000000
-28.000000
-32.000000
-36.000000
-32.000000
-28.000000
-28.000000
-20.000000
-28.000000
-40.000000
-36.000000
-24.000000
-32.000000
-28.000000
-36.000000
-32.000000
-24.000000
-52.000000
-48.000000
-32.000000
-64.000000
-24.000000
-48.000000
-36.000000
-52.000000
-76.000000
-100.000000
-72.000000
-60.000000
-60.000000
-56.000000
-44.000000
-20.000000
-32.000000
-20.000000
-16.000000
-4.000000
-28.000000
-16.000000
-20.000000
-24.000000
8.000000
-32.000000
-20.000000
-20.000000
-36.000000
-16.000000
-16.000000
-4.000000
-52.000000
8.000000
-36.000000
-12.000000
-16.000000
-20.000000
-12.000000
-36.000000
-12.000000
-36.000000
-32.000000
-28.000000
-28.000000
-36.000000
-32.000000
-28.000000
-32.000000
-28.000000
-40.000000
-48.000000
-36.000000
-44.000000
-32.000000
-32.000000
-32.000000
-28.000000
-56.000000
-44.000000
-52.000000
-32.000000
-40.000000
-36.000000
-36.000000
-32.000000
-4.000000
0.000000
-44.000000
-32.000000
-40.000000
-56.000000
-48.000000
-52.000000
-60.000000
-52.000000
-40.000000
-76.000000
-72.000000
-68.000000
-48.000000
-72.000000
-64.000000
-36.000000
-44.000000
-44.000000
-52.000000
-80.000000
-52.000000
-72.000000
-52.000000
-44.000000
-64.000000
-76.000000
-36.000000
-36.000000
-72.000000
-84.000000
-80.000000
-68.000000
-60.000000
-80.000000
-76.000000
-60.000000
-92.000000
-64.000000
-56.000000
-76.000000
-48.000000
-32.000000
-32.000000
-8.000000
-32.000000
-28.000000
-40.000000
-44.000000
-48.000000
-68.000000
-48.000000
-68.000000
-88.000000
-44.000000
-60.000000
-88.000000
-64.000000
-80.000000
-80.000000
-88.000000
-60.000000
-48.000000
-32.000000
-60.000000
-80.000000
-68.000000
-60.000000
-36.000000
-52.000000
-64.000000
-52.000000
-60.000000
-84.000000
-28.000000
-60.000000
-16.000000
-48.000000
-8.000000
-44.000000
-28.000000
-52.000000
-44.000000
-64.000000
-20.000000
-40.000000
-52.000000
-56.000000
-60.000000
-48.000000
-28.000000
-48.000000
-8.000000
-8.000000
-16.000000
-48.000000
-44.000000
-32.000000
-52.000000
-44.000000
-32.000000
-56.000000
-60.000000
-52.000000
-56.000000
-24.000000
-32.000000
-52.000000
-44.000000
-48.000000
-36.000000
-40.000000
-40.000000
-20.000000
-48.000000
-24.000000
-32.000000
-32.000000
-28.000000
-36.000000
-44.000000
-48.000000
-16.000000
-36.000000
-40.000000
-24.000000
-24.000000
-28.000000
-20.000000
-20.000000
-28.000000
-24.000000
-16.000000
-16.000000
-32.000000
-24.000000
-28.000000
-20.000000
-28.000000
-48.000000
-52.000000
-32.000000
-56.000000
-44.000000
-68.000000
-80.000000
-76.000000
-72.000000
-48.000000
-68.000000
-48.000000
-48.000000
-20.000000
-36.000000
-32.000000
-36.000000
-24.000000
-28.000000
-36.000000
-60.000000
-28.000000
-36.000000
16.000000
-12.000000
-40.000000
-40.000000
-44.000000
-40.000000
-16.000000
-16.000000
-40.000000
-28.000000
-36.000000
-28.000000
-40.000000
-20.000000
-28.000000
-32.000000
-44.000000
-36.000000
-44.000000
-60.000000
-44.000000
-36.000000
-12.000000
-44.000000
-44.000000
-40.000000
-44.000000
-36.000000
-48.000000
-56.000000
-60.000000
-56.000000
-80.000000
-40.000000
-52.000000
-32.000000
-48.000000
-40.000000
-40.000000
-28.000000
-8.000000
-28.000000
0.000000
-20.000000
-20.000000
-24.000000
-24.000000
0.000000
-28.000000
-20.000000
-20.000000
-8.000000
-16.000000
-20.000000
-20.000000
-20.000000
-40.000000
-28.000000
-36.000000
-20.000000
-28.000000
-24.000000
-36.000000
-24.000000
-28.000000
-28.000000
-32.000000
-24.000000
-36.000000
-40.000000
-40.000000
-40.000000
-56.000000
-60.000000
-24.000000
-36.000000
-28.000000
-44.000000
-64.000000
-56.000000
-40.000000
-36.000000
-28.000000
-28.000000
-36.000000
-36.000000
0.000000
-12.000000
-44.000000
-24.000000
-48.000000
-28.000000
-36.000000
-32.000000
-40.000000
-44.000000
-48.000000
-60.000000
-68.000000
-76.000000
-56.000000
-68.000000
-60.000000
-44.000000
-52.000000
-92.000000
-76.000000
-80.000000
-76.000000
-56.000000
-76.000000
-92.000000
-64.000000
-60.000000
-68.000000
-64.000000
-84.000000
-72.000000
-80.000000
-56.000000
-84.000000
-88.000000
-76.000000
-76.000000
-60.000000
-72.000000
-60.000000
-72.000000
-52.000000
-52.000000
-44.000000
-12.000000
-16.000000
-44.000000
-40.000000
-64.000000
-44.000000
-72.000000
-44.000000
-72.000000
-12.000000
-60.000000
-88.000000
-48.000000
-48.000000
-52.000000
-32.000000
-60.000000
-84.000000
-48.000000
-40.000000
-52.000000
-48.000000
-56.000000
-48.000000
-48.000000
-36.000000
-76.000000
-52.000000
-44.000000
-44.000000
-48.000000
-32.000000
-48.000000
-56.000000
-60.000000
-16.000000
-60.000000
-32.000000
-72.000000
-32.000000
-20.000000
-24.000000
-48.000000
-52.000000
-60.000000
-16.000000
-48.000000
-24.000000
-36.000000
-24.000000
-44.000000
-12.000000
-44.000000
-28.000000
-60.000000
-32.000000
-44.000000
-56.000000
-44.000000
-40.000000
-32.000000
-52.000000
-12.000000
-64.000000
-20.000000
-36.000000
-48.000000
-48.000000
-28.000000
-40.000000
-28.000000
-52.000000
-40.000000
-16.000000
-24.000000
-16.000000
-40.000000
-40.000000
-32.000000
-24.000000
-8.000000
-36.000000
-12.000000
-28.000000
-48.000000
-32.000000
-28.000000
-28.000000
-24.000000
-24.000000
-48.000000
-32.000000
-12.000000
-20.000000
-32.000000
-52.000000
-48.000000
0.000000
-32.000000
-44.000000
-32.000000
-68.000000
-72.000000
-52.000000
-32.000000
-76.000000
-60.000000
-64.000000
-52.000000
-36.000000
-40.000000
-36.000000
-36.000000
-20.000000
-32.000000
-32.000000
-72.000000
-28.000000
-48.000000
-44.000000
-16.000000
-28.000000
-48.000000
-28.000000
-20.000000
-20.000000
-32.000000
-16.000000
-44.000000
-24.000000
-24.000000
-44.000000
-20.000000
-52.000000
-16.000000
-32.000000
-20.000000
-24.000000
-28.000000
-48.000000
-32.000000
-24.000000
-36.000000
-24.000000
-40.000000
-32.000000
-36.000000
-44.000000
-48.000000
-60.000000
-72.000000
-32.000000
-52.000000
-28.000000
-28.000000
-52.000000
-32.000000
-36.000000
-12.000000
8.000000
0.000000
-44.000000
-8.000000
-28.000000
-24.000000
-28.000000
-16.000000
-20.000000
-8.000000
-44.000000
-28.000000
-8.000000
-20.000000
-24.000000
-24.000000
-24.000000
-32.000000
-48.000000
-20.000000
-20.000000
-40.000000
-36.000000
-40.000000
-40.000000
-36.000000
-12.000000
-36.000000
-32.000000
-4.000000
-40.000000
-28.000000
-48.000000
-28.000000
-48.000000
-56.000000
-8.000000
-48.000000
-56.000000
-60.000000
-28.000000
-40.000000
-24.000000
-56.000000
-24.000000
-32.000000
-16.000000
12.000000
-32.000000
-4.000000
-32.000000
-28.000000
-36.000000
-60.000000
-68.000000
-16.000000
-56.000000
-20.000000
-60.000000
-60.000000
-48.000000
-32.000000
-36.000000
-56.000000
-52.000000
-76.000000
-44.000000
-60.000000
-60.000000
-64.000000
-60.000000
-84.000000
-68.000000
-68.000000
-52.000000
-84.000000
-36.000000
-84.000000
-68.000000
-64.000000
-68.000000
-64.000000
-72.000000
-36.000000
-52.000000
-36.000000
-56.000000
-84.000000
-80.000000
-48.000000
-40.000000
-40.000000
-40.000000
-28.000000
-48.000000
-44.000000
-28.000000
-60.000000
-8.000000
-56.000000
-36.000000
-52.000000
-64.000000
-28.000000
-60.000000
-44.000000
-44.000000
-60.000000
-44.000000
-52.000000
-60.000000
-40.000000
-52.000000
-56.000000
-68.000000
-72.000000
-64.000000
-60.000000
-44.000000
-48.000000
-52.000000
-16.000000
-52.000000
-48.000000
-72.000000
-40.000000
-24.000000
-60.000000
-48.000000
-60.000000
-36.000000
-72.000000
-24.000000
-48.000000
-44.000000
-20.000000
-24.000000
-44.000000
-40.000000
-32.000000
-8.000000
-16.000000
-12.000000
-16.000000
-40.000000
-36.000000
-24.000000
-40.000000
-44.000000
-36.000000
-40.000000
-36.000000
-32.000000
-40.000000
-32.000000
-32.000000
-44.000000
-28.000000
-28.000000
-56.000000
-36.000000
-52.000000
-48.000000
-36.000000
-32.000000
-40.000000
-28.000000
-28.000000
-40.000000
-28.000000
-44.000000
-40.000000
-24.000000
-32.000000
-48.000000
-8.000000
-32.000000
-8.000000
-48.000000
-36.000000
-32.000000
-32.000000
12.000000
-40.000000
-52.000000
-40.000000
-8.000000
-36.000000
-44.000000
-28.000000
-24.000000
-64.000000
-60.000000
-60.000000
-76.000000
-80.000000
-60.000000
-32.000000
-44.000000
-40.000000
-44.000000
-44.000000
-36.000000
-40.000000
-28.000000
-52.000000
-32.000000
-48.000000
-52.000000
-24.000000
-28.000000
-32.000000
-36.000000
-44.000000
-20.000000
-28.000000
-8.000000
-60.000000
-28.000000
-36.000000
-28.000000
-32.000000
-32.000000
-24.000000
-52.000000
-24.000000
-32.000000
-28.000000
-28.000000
-40.000000
-24.000000
-48.000000
-20.000000
-40.000000
-24.000000
-32.000000
-56.000000
-48.000000
-40.000000
-52.000000
-52.000000
-44.000000
-68.000000
-52.000000
-40.000000
-16.000000
-48.000000
-8.000000
-20.000000
-8.000000
-28.000000
-16.000000
-24.000000
-8.000000
-16.000000
8.000000
-4.000000
-20.000000
-8.000000
-28.000000
-32.000000
-36.000000
-28.000000
-20.000000
-32.000000
-24.000000
-36.000000
-20.000000
-8.000000
-16.000000
-20.000000
-36.000000
-12.000000
-28.000000
-32.000000
-24.000000
-36.000000
-24.000000
-24.000000
-36.000000
-28.000000
-28.000000
-56.000000
-44.000000
-12.000000
-44.000000
-48.000000
-32.000000
-28.000000
-36.000000
-36.000000
-4.000000
-40.000000
-12.000000
-32.000000
-40.000000
-4.000000
-48.000000
-28.000000
-12.000000
-44.000000
0.000000
-32.000000
-52.000000
-56.000000
-44.000000
-48.000000
-68.000000
-32.000000
-52.000000
-48.000000
-48.000000
-52.000000
-64.000000
-60.000000
-60.000000
-60.000000
-44.000000
-60.000000
-80.000000
-68.000000
-76.000000
-68.000000
-84.000000
-96.000000
-76.000000
-56.000000
-64.000000
-52.000000
-52.000000
-68.000000
-36.000000
-40.000000
-56.000000
-76.000000
-84.000000
-64.000000
-52.000000
-48.000000
-40.000000
-48.000000
-36.000000
-12.000000
-52.000000
-52.000000
-48.000000
-28.000000
-60.000000
-32.000000
-52.000000
-72.000000
-20.000000
-32.000000
-56.000000
-88.000000
-44.000000
-56.000000
-60.000000
-48.000000
-52.000000
-84.000000
-64.000000
-80.000000
-76.000000
-52.000000
-60.000000
-56.000000
-52.000000
-40.000000
-72.000000
-52.000000
-48.000000
-40.000000
-32.000000
-52.000000
-44.000000
-24.000000
-40.000000
-16.000000
-40.000000
-32.000000
-36.000000
-64.000000
-48.000000
-40.000000
-40.000000
-24.000000
-32.000000
-24.000000
-12.000000
-16.000000
-36.000000
-44.000000
-44.000000
-24.000000
-32.000000
-52.000000
-24.000000
-32.000000
-44.000000
-48.000000
-44.000000
-36.000000
-40.000000
-28.000000
-64.000000
-28.000000
-48.000000
-48.000000
-32.000000
-16.000000
-60.000000
-32.000000
-40.000000
-52.000000
-20.000000
-44.000000
-44.000000
-56.000000
-16.000000
-44.000000
-28.000000
-36.000000
-52.000000
-40.000000
-32.000000
-36.000000
-36.000000
-28.000000
-48.000000
-44.000000
-56.000000
-52.000000
-64.000000
-16.000000
-28.000000
-20.000000
-28.000000
-32.000000
-52.000000
-68.000000
-80.000000
-72.000000
-76.000000
-60.000000
-88.000000
-44.000000
-56.000000
-48.000000
-52.000000
-60.000000
-60.000000
-40.000000
-60.000000
-8.000000
-20.000000
-44.000000
-48.000000
-56.000000
-44.000000
-44.000000
-48.000000
-36.000000
-36.000000
-20.000000
-40.000000
-36.000000
-44.000000
-44.000000
-20.000000
-28.000000
-36.000000
-36.000000
-40.000000
-40.000000
-48.000000
-12.000000
4.000000
-52.000000
-68.000000
-44.000000
-52.000000
-28.000000
-36.000000
-44.000000
-48.000000
-64.000000
-24.000000
-52.000000
-68.000000
-96.000000
-88.000000
-68.000000
-48.000000
-36.000000
-88.000000
-28.000000
-44.000000
-32.000000
-12.000000
-48.000000
-24.000000
-12.000000
-16.000000
-32.000000
-16.000000
-48.000000
-36.000000
-44.000000
-52.000000
-28.000000
-64.000000
-36.000000
-60.000000
-36.000000
-40.000000
-44.000000
-32.000000
-36.000000
-28.000000
-48.000000
-32.000000
-48.000000
-52.000000
-36.000000
-36.000000
-28.000000
-24.000000
-20.000000
-48.000000
-28.000000
-48.000000
-32.000000
-44.000000
-52.000000
-24.000000
-40.000000
-36.000000
-40.000000
-52.000000
-60.000000
-20.000000
-16.000000
-32.000000
-32.000000
-8.000000
-28.000000
-36.000000
-12.000000
-48.000000
-44.000000
-16.000000
-64.000000
-28.000000
-52.000000
-40.000000
-56.000000
-44.000000
-40.000000
-44.000000
-68.000000
-72.000000
-44.000000
-44.000000
-48.000000
-64.000000
-76.000000
-60.000000
-60.000000
-48.000000
-32.000000
-48.000000
-28.000000
-48.000000
-68.000000
-28.000000
-48.000000
-28.000000
-68.000000
-60.000000
-16.000000
-20.000000
-12.000000
-32.000000
-48.000000
-28.000000
-56.000000
-52.000000
-48.000000
-28.000000
-32.000000
-28.000000
4.000000
-16.000000
-48.000000
-32.000000
-12.000000
-20.000000
-40.000000
-44.000000
-52.000000
-52.000000
-24.000000
-52.000000
-36.000000
-40.000000
-28.000000
-56.000000
-40.000000
-32.000000
-32.000000
-44.000000
-56.000000
-32.000000
-24.000000
-24.000000
-28.000000
-12.000000
-44.000000
-28.000000
-8.000000
-32.000000
-40.000000
-44.000000
-12.000000
-32.000000
-36.000000
-36.000000
-32.000000
-44.000000
-40.000000
-28.000000
-40.000000
-16.000000
0.000000
-44.000000
-28.000000
-32.000000
-28.000000
-12.000000
-4.000000
16.000000
0.000000
0.000000
-20.000000
-28.000000
-40.000000
-32.000000
-52.000000
-16.000000
-40.000000
-40.000000
-40.000000
-52.000000
-24.000000
-44.000000
-20.000000
-20.000000
-32.000000
-20.000000
0.000000
-40.000000
-20.000000
-28.000000
-28.000000
-44.000000
-28.000000
-20.000000
-16.000000
-36.000000
-32.000000
-12.000000
-32.000000
-24.000000
-12.000000
-12.000000
-4.000000
-20.000000
-60.000000
-24.000000
-8.000000
-28.000000
-56.000000
0.000000
-24.000000
-20.000000
-28.000000
-36.000000
-20.000000
-24.000000
-36.000000
-44.000000
-76.000000
-84.000000
-64.000000
-28.000000
-52.000000
-56.000000
-52.000000
-44.000000
-28.000000
-36.000000
-40.000000
-44.000000
-28.000000
-36.000000
-32.000000
-32.000000
-32.000000
-28.000000
-36.000000
-24.000000
-44.000000
-20.000000
-12.000000
-24.000000
-36.000000
-36.000000
-24.000000
-36.000000
-36.000000
-44.000000
-24.000000
-52.000000
-44.000000
-12.000000
-8.000000
-28.000000
-44.000000
-12.000000
-36.000000
-32.000000
-44.000000
-20.000000
-56.000000
-44.000000
-28.000000
-48.000000
-32.000000
-44.000000
-52.000000
