528.000000
760.000000
1000.000000
1208.000000
1292.000000
1332.000000
1208.000000
1052.000000
796.000000
396.000000
-28.000000
-528.000000
-1020.000000
-1480.000000
-1852.000000
-2124.000000
-2252.000000
-2276.000000
-2164.000000
-1860.000000
-1424.000000
-924.000000
-336.000000
248.000000
832.000000
1332.000000
1748.000000
2024.000000
2144.000000
2152.000000
1944.000000
1672.000000
1256.000000
808.000000
332.000000
-140.000000
-560.000000
-920.000000
-1176.000000
-1340.000000
-1436.000000
-1392.000000
-1276.000000
-1104.000000
-852.000000
-604.000000
-356.000000
-176.000000
-92.000000
-40.000000
-44.000000
-92.000000
-84.000000
-80.000000
-56.000000
-68.000000
-84.000000
-64.000000
-52.000000
-68.000000
-64.000000
-44.000000
-52.000000
-76.000000
-64.000000
-64.000000
-64.000000
-44.000000
-48.000000
-48.000000
-48.000000
-56.000000
-56.000000
-52.000000
-56.000000
-40.000000
-48.000000
-8.000000
-32.000000
-60.000000
-40.000000
-44.000000
-28.000000
-40.000000
-40.000000
-28.000000
-52.000000
-36.000000
-12.000000
-32.000000
-40.000000
-36.000000
-32.000000
-44.000000
-64.000000
-48.000000
-48.000000
-48.000000
-48.000000
-48.000000
-48.000000
-36.000000
-44.000000
-48.000000
-44.000000
-44.000000
-48.000000
-40.000000
-20.000000
-32.000000
-44.000000
-48.000000
-36.000000
-16.000000
-32.000000
-44.000000
-24.000000
-32.000000
-40.000000
-4.000000
-24.000000
-20.000000
-44.000000
-44.000000
-40.000000
0.000000
-32.000000
-20.000000
-32.000000
-48.000000
-56.000000
-16.000000
-32.000000
-44.000000
-4.000000
-36.000000
-44.000000
-36.000000
-52.000000
-88.000000
-84.000000
-64.000000
-60.000000
-24.000000
-84.000000
-36.000000
-44.000000
-56.000000
-44.000000
-32.000000
-32.000000
-32.000000
-20.000000
-16.000000
-52.000000
-48.000000
-32.000000
-64.000000
4.000000
-32.000000
-20.000000
-36.000000
-36.000000
-16.000000
-16.000000
-20.000000
-40.000000
-32.000000
-48.000000
-20.000000
-20.000000
-28.000000
-12.000000
-32.000000
-36.000000
-40.000000
-40.000000
-44.000000
-20.000000
-44.000000
-36.000000
-28.000000
-36.000000
-36.000000
-44.000000
-84.000000
-72.000000
-72.000000
-48.000000
-76.000000
-52.000000
-40.000000
-28.000000
-32.000000
-16.000000
-12.000000
-36.000000
-44.000000
-44.000000
-48.000000
-16.000000
-44.000000
-4.000000
-12.000000
4.000000
-24.000000
4.000000
-24.000000
-32.000000
-12.000000
-20.000000
-24.000000
-36.000000
-24.000000
-60.000000
-48.000000
-40.000000
-32.000000
-40.000000
-36.000000
-36.000000
-24.000000
-32.000000
-32.000000
-36.000000
-32.000000
-44.000000
-28.000000
-32.000000
-44.000000
-28.000000
-48.000000
-44.000000
-40.000000
-16.000000
-52.000000
-64.000000
-48.000000
-48.000000
-60.000000
-36.000000
-44.000000
-8.000000
-32.000000
-12.000000
-20.000000
-40.000000
-56.000000
-40.000000
-72.000000
-52.000000
-48.000000
-56.000000
-80.000000
-44.000000
-64.000000
-48.000000
-76.000000
-68.000000
-76.000000
-60.000000
-68.000000
-64.000000
-84.000000
-60.000000
-72.000000
-92.000000
-80.000000
-76.000000
-100.000000
-40.000000
-32.000000
-40.000000
-52.000000
-88.000000
-80.000000
-52.000000
-76.000000
-88.000000
-84.000000
-60.000000
-84.000000
-72.000000
-72.000000
-60.000000
-28.000000
-60.000000
-24.000000
-36.000000
-60.000000
-28.000000
-68.000000
-72.000000
-84.000000
-64.000000
-64.000000
-72.000000
-52.000000
-60.000000
-72.000000
-72.000000
-48.000000
-64.000000
-72.000000
-76.000000
-68.000000
-52.000000
-76.000000
-76.000000
-44.000000
-60.000000
-52.000000
-60.000000
-68.000000
-36.000000
-32.000000
-52.000000
-60.000000
-52.000000
-80.000000
-44.000000
-28.000000
-60.000000
-32.000000
-60.000000
-68.000000
-32.000000
-36.000000
-56.000000
-28.000000
-32.000000
-56.000000
-24.000000
-44.000000
-36.000000
20.000000
-24.000000
-36.000000
0.000000
-44.000000
-32.000000
-44.000000
-88.000000
-52.000000
-76.000000
-16.000000
-48.000000
-68.000000
-48.000000
-52.000000
-52.000000
-48.000000
-20.000000
-44.000000
-28.000000
-28.000000
-44.000000
-40.000000
-36.000000
-36.000000
-12.000000
-36.000000
-60.000000
-16.000000
-12.000000
-36.000000
-20.000000
-48.000000
-40.000000
-52.000000
-20.000000
-32.000000
-56.000000
-32.000000
-12.000000
-60.000000
-60.000000
-20.000000
-32.000000
-24.000000
-40.000000
-20.000000
-16.000000
-40.000000
-40.000000
-24.000000
-68.000000
-52.000000
-48.000000
-80.000000
-24.000000
-56.000000
-60.000000
-36.000000
-64.000000
-44.000000
-32.000000
-32.000000
-44.000000
-52.000000
-28.000000
-56.000000
-24.000000
-52.000000
-36.000000
-44.000000
-68.000000
-16.000000
-24.000000
-36.000000
-36.000000
-48.000000
-40.000000
-52.000000
-20.000000
-28.000000
-8.000000
-16.000000
-36.000000
-44.000000
0.000000
-20.000000
-32.000000
-52.000000
-52.000000
-24.000000
-44.000000
-16.000000
-20.000000
-40.000000
-32.000000
-40.000000
-40.000000
-44.000000
-60.000000
-68.000000
-60.000000
-60.000000
-48.000000
-52.000000
-52.000000
-44.000000
0.000000
-32.000000
-8.000000
-8.000000
-32.000000
-20.000000
-20.000000
-16.000000
-32.000000
-8.000000
-20.000000
-36.000000
-36.000000
-4.000000
-40.000000
-28.000000
-4.000000
-24.000000
0.000000
-44.000000
-24.000000
-24.000000
-20.000000
-28.000000
-40.000000
-24.000000
-28.000000
-12.000000
-36.000000
-24.000000
-16.000000
-36.000000
-44.000000
-40.000000
-52.000000
-40.000000
-60.000000
-56.000000
-36.000000
-60.000000
-40.000000
-24.000000
-36.000000
-40.000000
-48.000000
-56.000000
-48.000000
-64.000000
-24.000000
-48.000000
-28.000000
-36.000000
-24.000000
-36.000000
-52.000000
-40.000000
-52.000000
-40.000000
-36.000000
-60.000000
-40.000000
-48.000000
-84.000000
-48.000000
-32.000000
-48.000000
-52.000000
-56.000000
-44.000000
-76.000000
-88.000000
-84.000000
-64.000000
-60.000000
-52.000000
-36.000000
-36.000000
-68.000000
-60.000000
-64.000000
-80.000000
-48.000000
-68.000000
-72.000000
-44.000000
-76.000000
-72.000000
-40.000000
-92.000000
-72.000000
-80.000000
-48.000000
-72.000000
-24.000000
-64.000000
-28.000000
-44.000000
-8.000000
-40.000000
-56.000000
-44.000000
-52.000000
-72.000000
-80.000000
-44.000000
-56.000000
-40.000000
-64.000000
-100.000000
-64.000000
-32.000000
-56.000000
-68.000000
-68.000000
-64.000000
-60.000000
-48.000000
-76.000000
-68.000000
-28.000000
-24.000000
-56.000000
-52.000000
-52.000000
-64.000000
-24.000000
-44.000000
-36.000000
-60.000000
-60.000000
-40.000000
-44.000000
-36.000000
-72.000000
-24.000000
-52.000000
-32.000000
-36.000000
-36.000000
-60.000000
-56.000000
-40.000000
-16.000000
-24.000000
-24.000000
-36.000000
-20.000000
-20.000000
-52.000000
-40.000000
-44.000000
-44.000000
-60.000000
-68.000000
-44.000000
-52.000000
-44.000000
-52.000000
-56.000000
-60.000000
-60.000000
-32.000000
-24.000000
-44.000000
-40.000000
-28.000000
-32.000000
-20.000000
-40.000000
-24.000000
-48.000000
-40.000000
-44.000000
-36.000000
-32.000000
-36.000000
-68.000000
-20.000000
-28.000000
-28.000000
-44.000000
-64.000000
-40.000000
-40.000000
-52.000000
-40.000000
-40.000000
-40.000000
-28.000000
-28.000000
-32.000000
-48.000000
-56.000000
-40.000000
-36.000000
-72.000000
-52.000000
-12.000000
-56.000000
-44.000000
-48.000000
-64.000000
-44.000000
-72.000000
-60.000000
-40.000000
-44.000000
-40.000000
-64.000000
-44.000000
-20.000000
-28.000000
-60.000000
-36.000000
-28.000000
-44.000000
-56.000000
-52.000000
-48.000000
-28.000000
-64.000000
-44.000000
-36.000000
-48.000000
-28.000000
-36.000000
-48.000000
-36.000000
-52.000000
-40.000000
0.000000
-52.000000
-28.000000
-20.000000
-60.000000
-48.000000
-16.000000
-60.000000
-32.000000
-36.000000
-40.000000
-28.000000
-48.000000
-64.000000
-60.000000
-88.000000
-36.000000
-40.000000
-48.000000
-44.000000
-36.000000
-44.000000
-20.000000
-36.000000
-20.000000
-28.000000
-20.000000
-24.000000
-16.000000
-32.000000
-8.000000
-28.000000
-8.000000
-40.000000
-20.000000
0.000000
-24.000000
-16.000000
-28.000000
-36.000000
-20.000000
-36.000000
-24.000000
-24.000000
-36.000000
-32.000000
-36.000000
-28.000000
-32.000000
-52.000000
-40.000000
-44.000000
-28.000000
-44.000000
-36.000000
-24.000000
-56.000000
-60.000000
-44.000000
-28.000000
-32.000000
-36.000000
-36.000000
-48.000000
-36.000000
-52.000000
-36.000000
-44.000000
-56.000000
-28.000000
-32.000000
-20.000000
-8.000000
-20.000000
-52.000000
-48.000000
-44.000000
-28.000000
-52.000000
-28.000000
-32.000000
-36.000000
-48.000000
-40.000000
-56.000000
-28.000000
-64.000000
-64.000000
-44.000000
-84.000000
-68.000000
-60.000000
-76.000000
-88.000000
-36.000000
-96.000000
-76.000000
-52.000000
-72.000000
-60.000000
-64.000000
-96.000000
-56.000000
-88.000000
-96.000000
-76.000000
-92.000000
-76.000000
-96.000000
-80.000000
-52.000000
-88.000000
-88.000000
-36.000000
-60.000000
-36.000000
-36.000000
-28.000000
-12.000000
-48.000000
-32.000000
-68.000000
-48.000000
-56.000000
-52.000000
-36.000000
-76.000000
-64.000000
-76.000000
-60.000000
-44.000000
-72.000000
-68.000000
-72.000000
-32.000000
-32.000000
-48.000000
-72.000000
-56.000000
-64.000000
-40.000000
-80.000000
-24.000000
-60.000000
-68.000000
-20.000000
-56.000000
-68.000000
-44.000000
-68.000000
-48.000000
-56.000000
-24.000000
-44.000000
-52.000000
-76.000000
-44.000000
-60.000000
-56.000000
-48.000000
-48.000000
-56.000000
-48.000000
-32.000000
-8.000000
-20.000000
-8.000000
-20.000000
-36.000000
-48.000000
-24.000000
-36.000000
-52.000000
-36.000000
-72.000000
-48.000000
-40.000000
-32.000000
-44.000000
-52.000000
-32.000000
-24.000000
-24.000000
-32.000000
-48.000000
-48.000000
-32.000000
-24.000000
-36.000000
-48.000000
-32.000000
-44.000000
-40.000000
-16.000000
-56.000000
-40.000000
-36.000000
-28.000000
-40.000000
-20.000000
-28.000000
-40.000000
-16.000000
-44.000000
-48.000000
-24.000000
-20.000000
-36.000000
-12.000000
-8.000000
-44.000000
-12.000000
-20.000000
-28.000000
-28.000000
-44.000000
-56.000000
-64.000000
-40.000000
-40.000000
-56.000000
-32.000000
-48.000000
-52.000000
-64.000000
-28.000000
-72.000000
-16.000000
-48.000000
-36.000000
-24.000000
-44.000000
-40.000000
-24.000000
-16.000000
-16.000000
-48.000000
-24.000000
-32.000000
-24.000000
-48.000000
-20.000000
-4.000000
-28.000000
-16.000000
-16.000000
-32.000000
-48.000000
-12.000000
-56.000000
-20.000000
-52.000000
-56.000000
-44.000000
-28.000000
-20.000000
-40.000000
-32.000000
-36.000000
-32.000000
-32.000000
-36.000000
-40.000000
-44.000000
-36.000000
-72.000000
-76.000000
-24.000000
-48.000000
-36.000000
-32.000000
-12.000000
0.000000
-52.000000
0.000000
-12.000000
-36.000000
-8.000000
4.000000
-32.000000
0.000000
-12.000000
-16.000000
-32.000000
-32.000000
-36.000000
-8.000000
-48.000000
-28.000000
-36.000000
-28.000000
-32.000000
-12.000000
-44.000000
-8.000000
-36.000000
-36.000000
-20.000000
-32.000000
-28.000000
-48.000000
-32.000000
-36.000000
-32.000000
-36.000000
-60.000000
-36.000000
-40.000000
-24.000000
-24.000000
-36.000000
-36.000000
-20.000000
-52.000000
-44.000000
-36.000000
-28.000000
-40.000000
-28.000000
16.000000
4.000000
-32.000000
-16.000000
-32.000000
-28.000000
-24.000000
-24.000000
-12.000000
-40.000000
-60.000000
-4.000000
-52.000000
-24.000000
-68.000000
-64.000000
-72.000000
-56.000000
-56.000000
-60.000000
-76.000000
-56.000000
-68.000000
-64.000000
-96.000000
-72.000000
-76.000000
-68.000000
-64.000000
-72.000000
-68.000000
-84.000000
-56.000000
-84.000000
-76.000000
-76.000000
-68.000000
-56.000000
-60.000000
-64.000000
-72.000000
-60.000000
-76.000000
-64.000000
-32.000000
-52.000000
-8.000000
-48.000000
-32.000000
-52.000000
-28.000000
-56.000000
-76.000000
-48.000000
-64.000000
-12.000000
-56.000000
-56.000000
-40.000000
-60.000000
-24.000000
-52.000000
-48.000000
-68.000000
-52.000000
-72.000000
-52.000000
-56.000000
-40.000000
-60.000000
-36.000000
-48.000000
-36.000000
-80.000000
-36.000000
-20.000000
-64.000000
-44.000000
-48.000000
-60.000000
-64.000000
-52.000000
-56.000000
-32.000000
-44.000000
-32.000000
-44.000000
-36.000000
-32.000000
-44.000000
-36.000000
-40.000000
-20.000000
-40.000000
4.000000
-20.000000
-44.000000
-16.000000
-32.000000
-36.000000
-24.000000
-44.000000
-40.000000
-40.000000
-36.000000
-52.000000
-56.000000
-24.000000
-76.000000
-44.000000
-36.000000
-52.000000
-52.000000
-32.000000
-28.000000
-52.000000
-40.000000
-44.000000
-16.000000
-32.000000
-20.000000
-16.000000
-24.000000
-44.000000
-36.000000
-24.000000
-16.000000
-36.000000
-12.000000
-32.000000
-32.000000
-20.000000
-8.000000
-12.000000
-28.000000
-32.000000
-20.000000
-52.000000
-28.000000
-28.000000
-12.000000
-20.000000
-44.000000
-32.000000
-32.000000
-44.000000
-64.000000
-48.000000
-72.000000
-64.000000
-92.000000
-48.000000
-28.000000
-36.000000
-28.000000
-20.000000
-28.000000
-32.000000
-16.000000
-52.000000
-24.000000
-16.000000
-44.000000
-24.000000
-28.000000
-28.000000
-12.000000
-12.000000
-24.000000
-40.000000
-32.000000
-32.000000
-36.000000
-36.000000
-36.000000
-16.000000
-20.000000
-36.000000
-36.000000
-32.000000
-20.000000
-44.000000
-8.000000
-32.000000
-44.000000
-48.000000
-40.000000
-32.000000
-40.000000
-32.000000
-48.000000
-40.000000
-36.000000
-44.000000
-92.000000
-84.000000
-52.000000
-48.000000
-28.000000
-48.000000
-40.000000
-16.000000
-24.000000
-32.000000
0.000000
-40.000000
-16.000000
0.000000
-20.000000
-4.000000
0.000000
-12.000000
-4.000000
0.000000
-28.000000
-16.000000
-4.000000
-4.000000
-8.000000
-16.000000
-20.000000
-20.000000
-36.000000
-24.000000
-44.000000
-44.000000
-24.000000
-16.000000
-24.000000
-24.000000
-32.000000
-32.000000
-28.000000
-48.000000
-20.000000
-32.000000
-36.000000
-28.000000
-28.000000
-24.000000
-40.000000
-28.000000
-36.000000
-36.000000
-36.000000
-48.000000
-12.000000
-40.000000
-52.000000
-44.000000
-28.000000
-28.000000
-16.000000
-24.000000
-32.000000
-36.000000
-20.000000
-24.000000
-40.000000
-64.000000
-28.000000
-44.000000
-56.000000
-56.000000
-40.000000
-72.000000
-72.000000
-64.000000
-60.000000
-68.000000
-92.000000
-40.000000
-52.000000
-24.000000
-44.000000
-88.000000
-68.000000
-60.000000
-56.000000
-68.000000
-80.000000
-72.000000
-68.000000
-48.000000
-64.000000
-80.000000
-80.000000
-60.000000
-64.000000
-60.000000
-80.000000
-48.000000
-60.000000
-60.000000
-36.000000
-44.000000
-24.000000
-16.000000
-4.000000
-40.000000
-48.000000
-64.000000
-64.000000
-76.000000
-64.000000
-48.000000
-64.000000
-48.000000
-44.000000
-52.000000
-72.000000
-80.000000
-48.000000
-64.000000
-76.000000
-60.000000
-72.000000
-80.000000
-60.000000
-64.000000
-32.000000
-56.000000
-72.000000
-52.000000
-80.000000
-48.000000
-64.000000
-48.000000
-48.000000
-76.000000
-36.000000
-48.000000
-36.000000
-36.000000
-16.000000
-60.000000
-60.000000
-36.000000
-48.000000
-52.000000
-40.000000
-60.000000
-36.000000
-28.000000
-48.000000
-24.000000
8.000000
-32.000000
-24.000000
-48.000000
-60.000000
-16.000000
-64.000000
-56.000000
-32.000000
-28.000000
-44.000000
-52.000000
-52.000000
-16.000000
-56.000000
-40.000000
-48.000000
-32.000000
-36.000000
-36.000000
-32.000000
-24.000000
-32.000000
-44.000000
-36.000000
-48.000000
-28.000000
-12.000000
-52.000000
-52.000000
-44.000000
-28.000000
-12.000000
-36.000000
-36.000000
-20.000000
-28.000000
-48.000000
-20.000000
-40.000000
-40.000000
-16.000000
4.000000
-8.000000
0.000000
-28.000000
-40.000000
4.000000
-60.000000
-40.000000
-64.000000
-48.000000
-32.000000
-92.000000
-64.000000
-52.000000
-48.000000
-60.000000
-52.000000
-40.000000
-36.000000
-44.000000
-32.000000
-12.000000
-36.000000
-28.000000
-40.000000
-20.000000
-40.000000
-24.000000
-36.000000
-52.000000
-12.000000
-52.000000
-12.000000
-36.000000
-36.000000
-28.000000
-44.000000
-36.000000
-36.000000
0.000000
-28.000000
-16.000000
-60.000000
-56.000000
8.000000
-40.000000
-20.000000
-40.000000
-48.000000
-44.000000
-24.000000
-36.000000
-40.000000
-40.000000
-28.000000
-28.000000
-52.000000
-52.000000
-64.000000
-36.000000
-52.000000
-44.000000
-36.000000
-28.000000
-12.000000
-48.000000
4.000000
-24.000000
-20.000000
0.000000
-8.000000
-20.000000
-24.000000
4.000000
-24.000000
-28.000000
-32.000000
-36.000000
-16.000000
-48.000000
-24.000000
-36.000000
-12.000000
-28.000000
-40.000000
4.000000
-12.000000
-8.000000
-40.000000
-48.000000
-52.000000
-28.000000
-32.000000
-36.000000
-32.000000
-52.000000
-28.000000
-28.000000
-32.000000
-56.000000
-28.000000
-32.000000
-28.000000
-40.000000
-36.000000
-32.000000
-44.000000
-8.000000
-48.000000
-16.000000
-48.000000
-28.000000
-20.000000
-24.000000
4.000000
-24.000000
-32.000000
-28.000000
-68.000000
-36.000000
-36.000000
-64.000000
-52.000000
-48.000000
-48.000000
-88.000000
-48.000000
-72.000000
-80.000000
-60.000000
-48.000000
-60.000000
-44.000000
-84.000000
-56.000000
-64.000000
-52.000000
-72.000000
-92.000000
-60.000000
-40.000000
-52.000000
-52.000000
-80.000000
-60.000000
-52.000000
-36.000000
-76.000000
-36.000000
-60.000000
-64.000000
-64.000000
-36.000000
-84.000000
-44.000000
-68.000000
-44.000000
-24.000000
-24.000000
-52.000000
-16.000000
-48.000000
-36.000000
-52.000000
-52.000000
-72.000000
-40.000000
-64.000000
-52.000000
-76.000000
-36.000000
-20.000000
-72.000000
-44.000000
-44.000000
-36.000000
-48.000000
-44.000000
-44.000000
-56.000000
-76.000000
-16.000000
-64.000000
-24.000000
-36.000000
-48.000000
-76.000000
-12.000000
-64.000000
-44.000000
-44.000000
-64.000000
-48.000000
-40.000000
-48.000000
-44.000000
-20.000000
-52.000000
-36.000000
-20.000000
-40.000000
8.000000
-48.000000
-32.000000
-32.000000
-40.000000
4.000000
4.000000
-24.000000
-12.000000
-24.000000
-36.000000
-32.000000
-56.000000
-32.000000
-56.000000
-60.000000
-44.000000
-20.000000
-40.000000
-40.000000
-56.000000
-32.000000
-44.000000
-40.000000
-48.000000
-28.000000
-40.000000
-36.000000
-24.000000
-48.000000
-40.000000
-36.000000
-20.000000
-28.000000
-40.000000
-24.000000
-24.000000
-32.000000
-52.000000
0.000000
-32.000000
-32.000000
-32.000000
-24.000000
-48.000000
-16.000000
-24.000000
-24.000000
-40.000000
-28.000000
-24.000000
-48.000000
-12.000000
-20.000000
-44.000000
-20.000000
-44.000000
-48.000000
-52.000000
-52.000000
-48.000000
-72.000000
-48.000000
-60.000000
-40.000000
-44.000000
-28.000000
-32.000000
-44.000000
-40.000000
-56.000000
-48.000000
-44.000000
-24.000000
-32.000000
-48.000000
-28.000000
-32.000000
-32.000000
-28.000000
-24.000000
-52.000000
-36.000000
-20.000000
-44.000000
-64.000000
-28.000000
-52.000000
-12.000000
-32.000000
-32.000000
-12.000000
-48.000000
-48.000000
-40.000000
-36.000000
-64.000000
-28.000000
-48.000000
-36.000000
-48.000000
-32.000000
-24.000000
-36.000000
-44.000000
-56.000000
-60.000000
-64.000000
-48.000000
-36.000000
-36.000000
-48.000000
-32.000000
-12.000000
-16.000000
-12.000000
-36.000000
-4.000000
-16.000000
-4.000000
-48.000000
-16.000000
0.000000
-16.000000
-20.000000
-12.000000
-28.000000
-12.000000
-44.000000
-8.000000
-60.000000
-36.000000
-44.000000
-20.000000
-36.000000
-16.000000
-20.000000
-48.000000
-24.000000
-52.000000
-52.000000
-44.000000
-48.000000
-32.000000
-24.000000
-24.000000
-32.000000
-32.000000
-40.000000
-36.000000
-44.000000
-28.000000
-32.000000
-28.000000
-36.000000
-44.000000
-80.000000
-32.000000
-20.000000
-20.000000
-52.000000
-52.000000
-24.000000
-44.000000
-32.000000
-28.000000
-28.000000
-48.000000
-36.000000
-44.000000
-52.000000
-60.000000
-24.000000
-40.000000
-8.000000
-72.000000
-60.000000
-60.000000
-52.000000
-96.000000
-40.000000
-72.000000
-76.000000
-76.000000
-44.000000
-72.000000
-48.000000
-28.000000
-64.000000
-52.000000
-80.000000
-84.000000
-76.000000
-76.000000
-56.000000
-76.000000
-72.000000
-28.000000
-76.000000
-56.000000
-76.000000
-64.000000
-96.000000
-76.000000
-68.000000
-52.000000
-40.000000
-52.000000
-36.000000
-28.000000
-44.000000
-32.000000
-44.000000
-44.000000
-36.000000
-56.000000
-80.000000
-60.000000
-72.000000
-32.000000
-40.000000
-60.000000
-40.000000
-52.000000
-52.000000
-32.000000
-48.000000
-48.000000
-48.000000
-64.000000
-32.000000
-32.000000
-28.000000
-60.000000
-28.000000
-52.000000
-64.000000
-40.000000
-60.000000
-20.000000
-52.000000
-24.000000
-68.000000
-28.000000
-52.000000
-32.000000
-72.000000
-24.000000
-64.000000
-20.000000
-40.000000
-76.000000
-36.000000
-52.000000
-24.000000
8.000000
0.000000
-20.000000
-8.000000
-44.000000
-32.000000
-16.000000
-40.000000
-24.000000
-32.000000
-76.000000
-16.000000
-44.000000
-48.000000
-44.000000
-48.000000
-48.000000
-44.000000
-24.000000
-40.000000
-12.000000
-32.000000
-36.000000
-32.000000
-44.000000
-32.000000
-28.000000
-32.000000
-36.000000
-12.000000
-32.000000
-28.000000
-24.000000
-16.000000
-24.000000
-24.000000
12.000000
-24.000000
-28.000000
-4.000000
-24.000000
-32.000000
-16.000000
-56.000000
-16.000000
-20.000000
-28.000000
-20.000000
-36.000000
-16.000000
-40.000000
-24.000000
-56.000000
-72.000000
-76.000000
-56.000000
-68.000000
-44.000000
-56.000000
-40.000000
-36.000000
-32.000000
-36.000000
-36.000000
-40.000000
-24.000000
-36.000000
-8.000000
-60.000000
-20.000000
-24.000000
-20.000000
-48.000000
-48.000000
-40.000000
-4.000000
-20.000000
-16.000000
-28.000000
-44.000000
-8.000000
-20.000000
-28.000000
-36.000000
-20.000000
-36.000000
-20.000000
-32.000000
-12.000000
-32.000000
-48.000000
-48.000000
-28.000000
-32.000000
-16.000000
-60.000000
-36.000000
-40.000000
-36.000000
-40.000000
-24.000000
-64.000000
-32.000000
-64.000000
-52.000000
-20.000000
-64.000000
-52.000000
-40.000000
-40.000000
-28.000000
0.000000
-16.000000
-28.000000
-12.000000
-8.000000
-8.000000
-16.000000
0.000000
4.000000
-24.000000
-36.000000
-8.000000
-28.000000
-20.000000
-12.000000
-36.000000
-24.000000
-28.000000
-20.000000
-28.000000
-20.000000
-32.000000
-28.000000
-24.000000
-72.000000
-32.000000
-32.000000
-48.000000
-16.000000
-36.000000
-12.000000
-40.000000
-44.000000
-20.000000
-60.000000
-32.000000
-44.000000
-40.000000
-32.000000
-40.000000
-20.000000
-40.000000
-32.000000
-32.000000
-16.000000
-28.000000
-28.000000
-28.000000
-20.000000
-56.000000
-24.000000
-28.000000
-32.000000
-20.000000
-36.000000
-52.000000
-48.000000
-48.000000
-52.000000
-32.000000
-64.000000
-60.000000
-44.000000
-68.000000
-40.000000
-68.000000
-48.000000
-80.000000
-60.000000
-52.000000
-52.000000
-60.000000
-60.000000
-52.000000
-56.000000
-64.000000
-68.000000
-52.000000
-84.000000
-72.000000
-56.000000
-72.000000
-84.000000
-44.000000
-64.000000
-28.000000
-80.000000
-76.000000
-36.000000
-72.000000
-40.000000
-36.000000
-8.000000
-28.000000
-28.000000
-64.000000
-44.000000
-76.000000
-28.000000
-72.000000
-64.000000
-44.000000
