560.000000
824.000000
1044.000000
1232.000000
1332.000000
1324.000000
1264.000000
1072.000000
772.000000
416.000000
-80.000000
-544.000000
-1032.000000
-1492.000000
-1856.000000
-2092.000000
-2236.000000
-2204.000000
-2056.000000
-1736.000000
-1304.000000
-808.000000
-192.000000
384.000000
968.000000
1464.000000
1856.000000
2092.000000
2200.000000
2132.000000
1956.000000
1636.000000
1236.000000
780.000000
300.000000
-184.000000
-584.000000
-968.000000
-1212.000000
-1380.000000
-1432.000000
-1380.000000
-1236.000000
-1060.000000
-808.000000
-548.000000
-308.000000
-124.000000
-80.000000
-16.000000
-28.000000
-36.000000
-36.000000
-52.000000
-20.000000
-32.000000
-12.000000
-32.000000
-52.000000
-28.000000
-12.000000
-64.000000
-28.000000
-32.000000
-48.000000
-48.000000
-48.000000
-64.000000
-56.000000
-56.000000
-52.000000
-44.000000
-64.000000
-52.000000
-52.000000
-76.000000
-24.000000
-64.000000
-56.000000
-52.000000
-48.000000
-84.000000
-80.000000
-60.000000
-80.000000
-80.000000
-60.000000
-60.000000
-48.000000
-44.000000
-84.000000
-56.000000
-56.000000
-64.000000
-48.000000
-48.000000
-60.000000
-44.000000
-52.000000
-24.000000
-24.000000
-32.000000
-36.000000
-48.000000
-64.000000
-48.000000
-56.000000
-44.000000
-44.000000
-44.000000
-52.000000
-44.000000
-44.000000
-64.000000
-40.000000
-64.000000
-72.000000
-36.000000
-60.000000
-56.000000
-52.000000
-72.000000
-56.000000
-56.000000
-48.000000
-76.000000
-60.000000
-56.000000
-48.000000
-48.000000
-44.000000
-64.000000
-28.000000
-44.000000
-60.000000
-44.000000
-72.000000
-36.000000
-60.000000
-28.000000
-64.000000
-20.000000
-52.000000
-44.000000
-28.000000
-36.000000
-32.000000
-16.000000
12.000000
-12.000000
-12.000000
-28.000000
-36.000000
-44.000000
-40.000000
-40.000000
-52.000000
-40.000000
-52.000000
-44.000000
-44.000000
-60.000000
-48.000000
-36.000000
-40.000000
-44.000000
-36.000000
-20.000000
-52.000000
-36.000000
-32.000000
-40.000000
-28.000000
-16.000000
-32.000000
-24.000000
-36.000000
-16.000000
-20.000000
-32.000000
-36.000000
-40.000000
-24.000000
-24.000000
-12.000000
-28.000000
-40.000000
-16.000000
-16.000000
-4.000000
-32.000000
-8.000000
-32.000000
-36.000000
-16.000000
-16.000000
-24.000000
-28.000000
-36.000000
-28.000000
-64.000000
-64.000000
-40.000000
-76.000000
-48.000000
-40.000000
-48.000000
-28.000000
-36.000000
-24.000000
-28.000000
-12.000000
-20.000000
4.000000
0.000000
-12.000000
-40.000000
-8.000000
-24.000000
-28.000000
-8.000000
-52.000000
-28.000000
-32.000000
-48.000000
-32.000000
-24.000000
-32.000000
-8.000000
-36.000000
-8.000000
-28.000000
-32.000000
0.000000
-28.000000
-52.000000
-28.000000
-20.000000
-28.000000
-44.000000
-28.000000
-36.000000
-28.000000
-28.000000
-32.000000
-36.000000
-32.000000
-68.000000
-56.000000
-52.000000
-72.000000
-56.000000
-36.000000
-36.000000
-12.000000
-24.000000
8.000000
-12.000000
-12.000000
-4.000000
-16.000000
-12.000000
-8.000000
-20.000000
-32.000000
-32.000000
-44.000000
-20.000000
-32.000000
-16.000000
-28.000000
-24.000000
-32.000000
0.000000
-28.000000
-36.000000
-4.000000
-48.000000
-24.000000
-36.000000
-24.000000
-44.000000
-36.000000
-20.000000
-28.000000
-36.000000
-12.000000
-48.000000
-36.000000
-44.000000
-36.000000
-28.000000
-36.000000
-48.000000
-28.000000
-48.000000
0.000000
-52.000000
-48.000000
-36.000000
-32.000000
-16.000000
-40.000000
-56.000000
-4.000000
-20.000000
-20.000000
0.000000
-32.000000
-32.000000
-20.000000
-68.000000
-52.000000
-48.000000
-44.000000
-72.000000
-40.000000
-52.000000
-52.000000
-52.000000
-64.000000
-76.000000
-40.000000
-48.000000
-60.000000
-52.000000
-36.000000
-48.000000
-64.000000
-28.000000
-80.000000
-64.000000
-36.000000
-44.000000
-60.000000
-72.000000
-48.000000
-60.000000
-44.000000
-40.000000
-60.000000
-48.000000
-60.000000
-60.000000
-48.000000
-64.000000
-60.000000
-72.000000
-44.000000
-44.000000
-32.000000
-28.000000
-28.000000
-28.000000
-16.000000
-64.000000
-28.000000
-40.000000
-32.000000
-28.000000
-28.000000
-40.000000
-60.000000
-44.000000
-56.000000
-72.000000
-64.000000
-52.000000
-52.000000
-48.000000
-64.000000
-48.000000
-40.000000
-40.000000
-56.000000
-60.000000
-48.000000
-32.000000
-48.000000
-68.000000
-32.000000
-40.000000
-44.000000
-28.000000
-44.000000
-40.000000
-52.000000
-24.000000
-36.000000
-28.000000
-32.000000
-32.000000
-52.000000
-28.000000
-24.000000
-24.000000
-56.000000
-24.000000
0.000000
-32.000000
-8.000000
-20.000000
-28.000000
-32.000000
-40.000000
-64.000000
-40.000000
-40.000000
-40.000000
-60.000000
-40.000000
-48.000000
-64.000000
-20.000000
-64.000000
-56.000000
-36.000000
-52.000000
-52.000000
-44.000000
-36.000000
-36.000000
-28.000000
-32.000000
-28.000000
-52.000000
-44.000000
-32.000000
-32.000000
-32.000000
-36.000000
-44.000000
-20.000000
-16.000000
-20.000000
-36.000000
-20.000000
-20.000000
-24.000000
-20.000000
-24.000000
-36.000000
-60.000000
-28.000000
-48.000000
-44.000000
-32.000000
-12.000000
-56.000000
-64.000000
-64.000000
-56.000000
-72.000000
-32.000000
-68.000000
-56.000000
-32.000000
-56.000000
-40.000000
-32.000000
-48.000000
-32.000000
-24.000000
-36.000000
-28.000000
-40.000000
-16.000000
-44.000000
-48.000000
-16.000000
-16.000000
-36.000000
-4.000000
-48.000000
-36.000000
-40.000000
-28.000000
-28.000000
-32.000000
-20.000000
-40.000000
-28.000000
-24.000000
-56.000000
-32.000000
-44.000000
-40.000000
-24.000000
-40.000000
-32.000000
-28.000000
-28.000000
-48.000000
-12.000000
-20.000000
-20.000000
-68.000000
-40.000000
-60.000000
-40.000000
-32.000000
-52.000000
-72.000000
-56.000000
-24.000000
-16.000000
-36.000000
-16.000000
-32.000000
12.000000
-12.000000
-16.000000
-28.000000
0.000000
-16.000000
-16.000000
-8.000000
-24.000000
-28.000000
12.000000
-32.000000
-12.000000
-24.000000
-24.000000
-20.000000
-32.000000
-32.000000
-24.000000
-20.000000
-32.000000
-8.000000
-36.000000
-40.000000
-16.000000
-36.000000
-32.000000
-12.000000
-40.000000
-36.000000
-20.000000
-44.000000
-40.000000
-16.000000
-32.000000
-32.000000
-36.000000
-16.000000
-52.000000
-4.000000
-44.000000
-44.000000
-28.000000
-24.000000
-24.000000
-24.000000
-32.000000
-16.000000
-40.000000
-36.000000
-16.000000
-16.000000
-16.000000
-76.000000
-20.000000
-36.000000
-48.000000
-52.000000
-48.000000
-48.000000
-72.000000
-64.000000
-52.000000
-64.000000
-48.000000
-40.000000
-52.000000
-40.000000
-60.000000
-56.000000
-48.000000
-32.000000
-52.000000
-88.000000
-76.000000
-88.000000
-72.000000
-76.000000
-60.000000
-60.000000
-68.000000
-76.000000
-60.000000
-48.000000
-56.000000
-88.000000
-44.000000
-72.000000
-16.000000
-48.000000
-40.000000
-24.000000
-16.000000
-32.000000
-32.000000
-20.000000
-36.000000
-64.000000
-48.000000
-36.000000
-40.000000
-56.000000
-56.000000
-60.000000
-60.000000
-56.000000
-44.000000
-52.000000
-68.000000
-36.000000
-80.000000
-76.000000
-44.000000
-60.000000
-48.000000
-24.000000
-60.000000
-44.000000
-48.000000
-28.000000
-32.000000
-60.000000
-64.000000
-56.000000
-32.000000
-48.000000
-44.000000
-60.000000
-40.000000
-44.000000
-56.000000
-28.000000
-44.000000
-56.000000
-36.000000
-12.000000
-32.000000
-64.000000
-16.000000
-16.000000
-12.000000
-20.000000
-28.000000
-16.000000
-32.000000
-24.000000
-72.000000
-72.000000
-32.000000
-32.000000
-48.000000
-28.000000
-32.000000
-60.000000
-44.000000
-32.000000
-48.000000
-40.000000
-48.000000
-44.000000
-40.000000
-32.000000
-32.000000
-32.000000
-32.000000
-24.000000
-40.000000
-4.000000
-28.000000
-32.000000
-24.000000
-44.000000
-20.000000
-36.000000
-8.000000
-28.000000
-24.000000
-44.000000
-28.000000
-24.000000
-12.000000
-4.000000
-16.000000
-28.000000
-24.000000
-20.000000
-36.000000
-36.000000
-36.000000
-28.000000
-32.000000
-64.000000
-68.000000
-96.000000
-52.000000
-52.000000
-52.000000
-72.000000
-48.000000
-52.000000
-40.000000
-48.000000
-36.000000
-48.000000
-28.000000
-40.000000
-68.000000
-44.000000
-36.000000
-20.000000
-36.000000
-40.000000
-20.000000
-52.000000
-20.000000
-32.000000
-20.000000
-48.000000
-36.000000
-32.000000
-44.000000
-32.000000
-44.000000
-8.000000
-32.000000
-32.000000
-40.000000
-32.000000
-20.000000
-40.000000
12.000000
-32.000000
-28.000000
-52.000000
-64.000000
-4.000000
-24.000000
-24.000000
-36.000000
-80.000000
-76.000000
-56.000000
-40.000000
-40.000000
-36.000000
-44.000000
-28.000000
-16.000000
-36.000000
-32.000000
-44.000000
-12.000000
-16.000000
-48.000000
-36.000000
-36.000000
-16.000000
-8.000000
-32.000000
-20.000000
-64.000000
-8.000000
-12.000000
-48.000000
-12.000000
-28.000000
-40.000000
-8.000000
-20.000000
-20.000000
-28.000000
-20.000000
-20.000000
-20.000000
-20.000000
-52.000000
-44.000000
-24.000000
-52.000000
-32.000000
-12.000000
-24.000000
-28.000000
-28.000000
-60.000000
-40.000000
-40.000000
-32.000000
-20.000000
-56.000000
-24.000000
-48.000000
-28.000000
-16.000000
-36.000000
-32.000000
-12.000000
-44.000000
-40.000000
-36.000000
-36.000000
-36.000000
-20.000000
-20.000000
-36.000000
-48.000000
-52.000000
-28.000000
-20.000000
-56.000000
-44.000000
-56.000000
-40.000000
-48.000000
-44.000000
-64.000000
-40.000000
-80.000000
-60.000000
-64.000000
-24.000000
-72.000000
-48.000000
-56.000000
-64.000000
-84.000000
-72.000000
-68.000000
-56.000000
-72.000000
-40.000000
-64.000000
-52.000000
-44.000000
-76.000000
-36.000000
-56.000000
-40.000000
-56.000000
-64.000000
-24.000000
-36.000000
-36.000000
-20.000000
-44.000000
-36.000000
-52.000000
-52.000000
-48.000000
-44.000000
-40.000000
-48.000000
-72.000000
-52.000000
-72.000000
-64.000000
-60.000000
-32.000000
-64.000000
-48.000000
-48.000000
-44.000000
-56.000000
-64.000000
-48.000000
-40.000000
-40.000000
-64.000000
-56.000000
-52.000000
-44.000000
-52.000000
-48.000000
-36.000000
-52.000000
-28.000000
-60.000000
-28.000000
-20.000000
-36.000000
-28.000000
-40.000000
-36.000000
-36.000000
-20.000000
-36.000000
-32.000000
-28.000000
-12.000000
-28.000000
-16.000000
-8.000000
-24.000000
-36.000000
-4.000000
-44.000000
-40.000000
-20.000000
-60.000000
-52.000000
-60.000000
-28.000000
-36.000000
-32.000000
-36.000000
-40.000000
-20.000000
-44.000000
-48.000000
-28.000000
-28.000000
-20.000000
-28.000000
-44.000000
-36.000000
-32.000000
-36.000000
-24.000000
-24.000000
-32.000000
-48.000000
-36.000000
-28.000000
-40.000000
-44.000000
-4.000000
-20.000000
-12.000000
-20.000000
-32.000000
-28.000000
-32.000000
-16.000000
-24.000000
-8.000000
-20.000000
-28.000000
-8.000000
-12.000000
-4.000000
-32.000000
-48.000000
-60.000000
-52.000000
-64.000000
-48.000000
-32.000000
-60.000000
-56.000000
-40.000000
-40.000000
-44.000000
-44.000000
-40.000000
-24.000000
-36.000000
-20.000000
-48.000000
-48.000000
-16.000000
-48.000000
-52.000000
0.000000
-48.000000
-12.000000
-16.000000
-24.000000
-16.000000
-44.000000
-36.000000
-28.000000
-20.000000
-24.000000
-36.000000
-28.000000
-24.000000
-28.000000
-48.000000
-20.000000
-48.000000
-28.000000
-36.000000
-20.000000
-52.000000
-48.000000
-12.000000
-40.000000
-44.000000
-40.000000
-56.000000
-80.000000
-52.000000
-44.000000
-48.000000
-20.000000
-44.000000
-28.000000
-48.000000
-44.000000
-24.000000
-36.000000
-20.000000
-12.000000
-8.000000
-12.000000
-12.000000
-20.000000
-24.000000
-32.000000
-24.000000
-4.000000
-28.000000
-24.000000
-8.000000
-24.000000
-32.000000
-12.000000
-28.000000
-24.000000
-28.000000
-16.000000
-20.000000
-36.000000
-28.000000
-28.000000
-28.000000
-40.000000
-32.000000
-44.000000
-28.000000
-28.000000
-36.000000
-16.000000
-44.000000
-32.000000
-48.000000
-36.000000
-36.000000
-16.000000
-44.000000
-28.000000
-40.000000
-40.000000
-32.000000
-32.000000
-32.000000
0.000000
-20.000000
-56.000000
-36.000000
-28.000000
-36.000000
-36.000000
-36.000000
-60.000000
-32.000000
-32.000000
-60.000000
-40.000000
-68.000000
-44.000000
-44.000000
-76.000000
-72.000000
-44.000000
-60.000000
-80.000000
-68.000000
-64.000000
-60.000000
-36.000000
-68.000000
-48.000000
-28.000000
-64.000000
-52.000000
-48.000000
-44.000000
-44.000000
-80.000000
-76.000000
-44.000000
-64.000000
-44.000000
-72.000000
-76.000000
-32.000000
-84.000000
-48.000000
-40.000000
-48.000000
-16.000000
-12.000000
-36.000000
-48.000000
-56.000000
-60.000000
-36.000000
-80.000000
-56.000000
-40.000000
-72.000000
-40.000000
-64.000000
-48.000000
-68.000000
-40.000000
-60.000000
-80.000000
-48.000000
-72.000000
-68.000000
-40.000000
-44.000000
-60.000000
-44.000000
-60.000000
-56.000000
-12.000000
-52.000000
-48.000000
-64.000000
-48.000000
-40.000000
-40.000000
-56.000000
-68.000000
-32.000000
-32.000000
-44.000000
-28.000000
-56.000000
0.000000
-44.000000
-32.000000
-28.000000
-24.000000
-24.000000
-36.000000
4.000000
-20.000000
-32.000000
-24.000000
-44.000000
-60.000000
-48.000000
-44.000000
-84.000000
-48.000000
-60.000000
-28.000000
-40.000000
-68.000000
-40.000000
-36.000000
-32.000000
-52.000000
-28.000000
-24.000000
-28.000000
-16.000000
-28.000000
-8.000000
-32.000000
-24.000000
-28.000000
0.000000
-24.000000
-32.000000
-32.000000
-32.000000
-24.000000
-28.000000
-36.000000
-24.000000
-32.000000
-24.000000
-36.000000
-36.000000
-24.000000
-36.000000
-20.000000
-20.000000
-44.000000
-12.000000
8.000000
-32.000000
-24.000000
-28.000000
-24.000000
-40.000000
-76.000000
-64.000000
-28.000000
-48.000000
-28.000000
-32.000000
-52.000000
-32.000000
-36.000000
-48.000000
-8.000000
-36.000000
-28.000000
-24.000000
-36.000000
-48.000000
-32.000000
-60.000000
-28.000000
-8.000000
-48.000000
-20.000000
-40.000000
-8.000000
-28.000000
-36.000000
0.000000
-52.000000
-8.000000
-12.000000
-20.000000
-20.000000
-40.000000
-24.000000
-36.000000
-40.000000
-32.000000
-40.000000
-28.000000
-24.000000
-36.000000
-32.000000
-24.000000
-28.000000
-40.000000
-28.000000
-36.000000
-72.000000
-52.000000
-72.000000
-68.000000
-36.000000
-52.000000
-44.000000
-36.000000
-28.000000
-20.000000
-28.000000
-44.000000
-40.000000
-20.000000
-36.000000
-12.000000
8.000000
-28.000000
-16.000000
-36.000000
-40.000000
-28.000000
-16.000000
-20.000000
-8.000000
-32.000000
-16.000000
-36.000000
-24.000000
-40.000000
-24.000000
-24.000000
-32.000000
-32.000000
-32.000000
-64.000000
-40.000000
-32.000000
-36.000000
-12.000000
-32.000000
-36.000000
-52.000000
-28.000000
-52.000000
-36.000000
-44.000000
-48.000000
-48.000000
-36.000000
-76.000000
-72.000000
-28.000000
-52.000000
-40.000000
-8.000000
-44.000000
-48.000000
-8.000000
-40.000000
-32.000000
-28.000000
-48.000000
-24.000000
-36.000000
-68.000000
-36.000000
-76.000000
-60.000000
-60.000000
-48.000000
-60.000000
-60.000000
-60.000000
-52.000000
-44.000000
-52.000000
-80.000000
-52.000000
-40.000000
-76.000000
-76.000000
-52.000000
-44.000000
-52.000000
-56.000000
-44.000000
-60.000000
-56.000000
-68.000000
-72.000000
-52.000000
-76.000000
-68.000000
-72.000000
-56.000000
-64.000000
-72.000000
-52.000000
-60.000000
-84.000000
-36.000000
-40.000000
-24.000000
-20.000000
-44.000000
-24.000000
-40.000000
-72.000000
-64.000000
-72.000000
-52.000000
-32.000000
-52.000000
-44.000000
-48.000000
-68.000000
-52.000000
-72.000000
-72.000000
-48.000000
-36.000000
-32.000000
-28.000000
-60.000000
-32.000000
-40.000000
-24.000000
-76.000000
-28.000000
-52.000000
-36.000000
-44.000000
-56.000000
-56.000000
-36.000000
-4.000000
-68.000000
-36.000000
-60.000000
-32.000000
-28.000000
-24.000000
-44.000000
-36.000000
-28.000000
-52.000000
-28.000000
-16.000000
-32.000000
-32.000000
-28.000000
16.000000
-28.000000
-16.000000
-36.000000
-20.000000
-24.000000
-52.000000
-44.000000
-60.000000
-36.000000
-52.000000
-40.000000
-48.000000
-48.000000
-40.000000
-32.000000
-48.000000
-44.000000
-28.000000
-44.000000
-52.000000
-44.000000
-44.000000
-44.000000
-32.000000
-32.000000
-36.000000
-48.000000
-28.000000
-16.000000
-20.000000
-20.000000
-16.000000
-12.000000
-32.000000
0.000000
-44.000000
-44.000000
-36.000000
-24.000000
-32.000000
-44.000000
-28.000000
-28.000000
-40.000000
-40.000000
-32.000000
-28.000000
-48.000000
-32.000000
-28.000000
-68.000000
-20.000000
-104.000000
-64.000000
-72.000000
-44.000000
-80.000000
-56.000000
-36.000000
-44.000000
-48.000000
-32.000000
-48.000000
-68.000000
-32.000000
-52.000000
-40.000000
-28.000000
-48.000000
-28.000000
-24.000000
-36.000000
-40.000000
-36.000000
-44.000000
4.000000
-44.000000
-28.000000
-40.000000
-28.000000
-48.000000
-32.000000
-24.000000
-36.000000
-20.000000
-40.000000
-32.000000
-16.000000
-52.000000
-40.000000
-44.000000
-32.000000
-36.000000
-44.000000
-32.000000
-48.000000
-40.000000
-60.000000
-48.000000
-80.000000
-44.000000
-56.000000
-44.000000
-32.000000
-20.000000
-16.000000
-24.000000
-28.000000
4.000000
0.000000
-28.000000
-28.000000
0.000000
-16.000000
-48.000000
-16.000000
-4.000000
0.000000
-16.000000
-12.000000
-20.000000
-8.000000
-12.000000
-12.000000
-48.000000
-24.000000
-20.000000
-40.000000
-28.000000
-44.000000
-8.000000
-36.000000
-48.000000
-40.000000
-28.000000
-24.000000
-36.000000
-20.000000
-36.000000
-36.000000
-36.000000
-48.000000
-24.000000
-40.000000
-32.000000
-32.000000
-44.000000
-40.000000
-48.000000
-32.000000
-40.000000
-24.000000
-40.000000
-12.000000
-32.000000
-32.000000
-20.000000
-16.000000
-48.000000
-40.000000
-8.000000
-52.000000
-64.000000
-56.000000
-48.000000
-76.000000
-48.000000
-52.000000
-44.000000
-60.000000
-52.000000
-28.000000
-56.000000
-68.000000
-36.000000
-40.000000
-68.000000
-44.000000
-48.000000
-64.000000
-76.000000
-40.000000
-48.000000
-72.000000
-68.000000
-32.000000
-52.000000
-68.000000
-84.000000
-72.000000
-52.000000
-64.000000
-64.000000
-80.000000
-40.000000
-44.000000
-56.000000
-44.000000
-56.000000
-12.000000
-48.000000
-24.000000
-40.000000
-32.000000
-32.000000
-44.000000
-64.000000
-40.000000
-52.000000
-48.000000
-60.000000
-24.000000
-36.000000
-68.000000
-40.000000
-80.000000
-88.000000
-56.000000
-44.000000
-72.000000
-68.000000
-48.000000
-48.000000
-36.000000
-64.000000
-44.000000
-24.000000
-48.000000
-36.000000
-28.000000
-76.000000
-60.000000
-24.000000
-68.000000
-32.000000
-48.000000
-28.000000
-64.000000
-52.000000
-48.000000
-16.000000
-36.000000
-44.000000
-28.000000
-32.000000
-40.000000
-24.000000
-52.000000
-28.000000
-4.000000
-12.000000
-24.000000
-24.000000
-36.000000
-28.000000
-68.000000
-48.000000
-24.000000
-36.000000
-52.000000
-36.000000
-32.000000
-12.000000
-44.000000
-20.000000
-20.000000
-44.000000
-24.000000
-48.000000
-32.000000
-28.000000
-64.000000
-20.000000
-20.000000
-52.000000
-24.000000
-24.000000
-20.000000
-36.000000
-44.000000
-44.000000
-32.000000
-32.000000
-20.000000
-32.000000
-36.000000
-4.000000
-16.000000
-4.000000
4.000000
-40.000000
-36.000000
-12.000000
-32.000000
-40.000000
-16.000000
-52.000000
-24.000000
-16.000000
-44.000000
-48.000000
-88.000000
-64.000000
-36.000000
-72.000000
-68.000000
-48.000000
-52.000000
-28.000000
-64.000000
-28.000000
-60.000000
-36.000000
-28.000000
-40.000000
-8.000000
-32.000000
-36.000000
-20.000000
-44.000000
-28.000000
-36.000000
-48.000000
-20.000000
-36.000000
-44.000000
-28.000000
-28.000000
-36.000000
-16.000000
-40.000000
-20.000000
-44.000000
-64.000000
-60.000000
-44.000000
-28.000000
-44.000000
-36.000000
-20.000000
-56.000000
-48.000000
-48.000000
-44.000000
-24.000000
-48.000000
-44.000000
-24.000000
-16.000000
-48.000000
-48.000000
-72.000000
-52.000000
-36.000000
-36.000000
-24.000000
-44.000000
-44.000000
-48.000000
-32.000000
-36.000000
-4.000000
-28.000000
-20.000000
-44.000000
-36.000000
-8.000000
-56.000000
0.000000
-28.000000
-20.000000
-24.000000
-16.000000
-28.000000
-24.000000
-12.000000
-36.000000
-16.000000
-36.000000
-28.000000
-12.000000
-44.000000
-12.000000
-28.000000
-40.000000
-32.000000
-28.000000
-60.000000
-20.000000
-36.000000
-24.000000
-40.000000
-20.000000
-40.000000
-36.000000
-28.000000
-40.000000
-60.000000
-44.000000
-40.000000
-24.000000
-12.000000
-12.000000
-36.000000
-40.000000
-20.000000
-20.000000
0.000000
-12.000000
-32.000000
-44.000000
-40.000000
-48.000000
-44.000000
-32.000000
-40.000000
-76.000000
-52.000000
-56.000000
-48.000000
-36.000000
-48.000000
-76.000000
-60.000000
-56.000000
-64.000000
-56.000000
-64.000000
-40.000000
-72.000000
-48.000000
-48.000000
-68.000000
-20.000000
-56.000000
-72.000000
-60.000000
-44.000000
-60.000000
-56.000000
-84.000000
-32.000000
-44.000000
-44.000000
-64.000000
-68.000000
-76.000000
-40.000000
-44.000000
-8.000000
-16.000000
-40.000000
-36.000000
-16.000000
-48.000000
-48.000000
-32.000000
-44.000000
-44.000000
-52.000000
-60.000000
-52.000000
-52.000000
-28.000000
-64.000000
-56.000000
-60.000000
-60.000000
-64.000000
-80.000000
-36.000000
-64.000000
-56.000000
-44.000000
-36.000000
-24.000000
-72.000000
-52.000000
-36.000000
-80.000000
-52.000000
-60.000000
-36.000000
-36.000000
-84.000000
-12.000000
-68.000000
-40.000000
-28.000000
-56.000000
-36.000000
-24.000000
-28.000000
-52.000000
-36.000000
-44.000000
-68.000000
-40.000000
0.000000
-28.000000
-16.000000
-12.000000
-44.000000
-24.000000
-28.000000
-48.000000
-48.000000
-28.000000
-52.000000
-36.000000
-36.000000
-40.000000
-16.000000
-28.000000
-76.000000
-24.000000
-52.000000
-40.000000
-28.000000
-68.000000
-32.000000
-36.000000
-28.000000
-44.000000
-16.000000
-24.000000
-36.000000
-20.000000
-20.000000
-8.000000
-36.000000
-48.000000
-24.000000
0.000000
-28.000000
-12.000000
-24.000000
-24.000000
-24.000000
-36.000000
-36.000000
-16.000000
-16.000000
-44.000000
0.000000
-20.000000
-40.000000
-40.000000
-24.000000
-20.000000
-56.000000
-56.000000
-76.000000
-60.000000
-44.000000
-56.000000
-60.000000
-60.000000
-36.000000
-52.000000
-32.000000
-20.000000
-32.000000
-28.000000
-32.000000
-40.000000
-16.000000
-24.000000
-24.000000
-40.000000
-16.000000
-52.000000
-52.000000
-20.000000
-44.000000
-52.000000
-32.000000
-24.000000
-36.000000
-40.000000
-48.000000
-60.000000
-40.000000
-32.000000
-52.000000
-28.000000
-36.000000
-36.000000
-24.000000
-36.000000
-36.000000
-40.000000
-44.000000
-56.000000
-44.000000
-24.000000
-36.000000
-76.000000
-48.000000
-72.000000
-60.000000
-52.000000
-56.000000
-28.000000
-60.000000
-24.000000
-16.000000
-52.000000
-8.000000
-16.000000
-12.000000
-40.000000
-20.000000
-28.000000
-8.000000
-28.000000
-16.000000
-36.000000
-20.000000
-28.000000
-28.000000
-12.000000
-52.000000
-48.000000
-56.000000
-40.000000
-24.000000
-20.000000
-20.000000
-28.000000
-32.000000
-24.000000
-52.000000
-44.000000
-16.000000
-32.000000
-48.000000
-36.000000
-40.000000
-56.000000
-24.000000
-44.000000
-56.000000
-40.000000
-60.000000
-32.000000
-68.000000
-52.000000
