564.000000
820.000000
1092.000000
1240.000000
1336.000000
1336.000000
1248.000000
1004.000000
768.000000
344.000000
-88.000000
-600.000000
-1068.000000
-1528.000000
-1888.000000
-2140.000000
-2264.000000
-2284.000000
-2100.000000
-1776.000000
-1336.000000
-816.000000
-232.000000
356.000000
936.000000
1396.000000
1792.000000
2048.000000
2144.000000
2116.000000
1924.000000
1604.000000
1184.000000
732.000000
248.000000
-216.000000
-668.000000
-1020.000000
-1244.000000
-1420.000000
-1448.000000
-1412.000000
-1268.000000
-1080.000000
-808.000000
-584.000000
-348.000000
-128.000000
-28.000000
-32.000000
-36.000000
-32.000000
-44.000000
-72.000000
-84.000000
-60.000000
-64.000000
-28.000000
-64.000000
-48.000000
-60.000000
-80.000000
-60.000000
-52.000000
-60.000000
-44.000000
-72.000000
-32.000000
-60.000000
-60.000000
-32.000000
-96.000000
-48.000000
-56.000000
-52.000000
-44.000000
-56.000000
-72.000000
-60.000000
-24.000000
-56.000000
-36.000000
-68.000000
-8.000000
-60.000000
-48.000000
-44.000000
-48.000000
-12.000000
-44.000000
-44.000000
-48.000000
-24.000000
-36.000000
-52.000000
-28.000000
-40.000000
-32.000000
-8.000000
-28.000000
-48.000000
-40.000000
-36.000000
-56.000000
-28.000000
-84.000000
-48.000000
-80.000000
-64.000000
-48.000000
-44.000000
-64.000000
-36.000000
-36.000000
-36.000000
-36.000000
-44.000000
-28.000000
-28.000000
-32.000000
-40.000000
-36.000000
-36.000000
-36.000000
-52.000000
-12.000000
-36.000000
-36.000000
-44.000000
-40.000000
-32.000000
-60.000000
-24.000000
-24.000000
-28.000000
-44.000000
-32.000000
-32.000000
-64.000000
-4.000000
-24.000000
-48.000000
-40.000000
-28.000000
-56.000000
-32.000000
-12.000000
-44.000000
-32.000000
-56.000000
-80.000000
-76.000000
-72.000000
-24.000000
-72.000000
-48.000000
-52.000000
-44.000000
-52.000000
-44.000000
-56.000000
-36.000000
-40.000000
-28.000000
-48.000000
-52.000000
-36.000000
-32.000000
-32.000000
-28.000000
-36.000000
-48.000000
-64.000000
-28.000000
-40.000000
-40.000000
-32.000000
-36.000000
-44.000000
-40.000000
-44.000000
-44.000000
-28.000000
-52.000000
-52.000000
-36.000000
-64.000000
-28.000000
-44.000000
-44.000000
-64.000000
-52.000000
-48.000000
-44.000000
-52.000000
-28.000000
-76.000000
-72.000000
-36.000000
-68.000000
-64.000000
-28.000000
-44.000000
-44.000000
-56.000000
-20.000000
-48.000000
-48.000000
-28.000000
-12.000000
-44.000000
-12.000000
-32.000000
-32.000000
-24.000000
-36.000000
-36.000000
-36.000000
-36.000000
-28.000000
-24.000000
-40.000000
-44.000000
-56.000000
-36.000000
-28.000000
-52.000000
-16.000000
-32.000000
-24.000000
-40.000000
-48.000000
-28.000000
-24.000000
-32.000000
-52.000000
-44.000000
-48.000000
-32.000000
-44.000000
-32.000000
-28.000000
-56.000000
-32.000000
-40.000000
-64.000000
-44.000000
-36.000000
-36.000000
-40.000000
-48.000000
-52.000000
-36.000000
-16.000000
-48.000000
-8.000000
-28.000000
-44.000000
-52.000000
-32.000000
-44.000000
-32.000000
-80.000000
-52.000000
-64.000000
-48.000000
-48.000000
-80.000000
-64.000000
-92.000000
-56.000000
-52.000000
-80.000000
-72.000000
-76.000000
-72.000000
-92.000000
-80.000000
-88.000000
-72.000000
-104.000000
-76.000000
-60.000000
-104.000000
-36.000000
-96.000000
-52.000000
-76.000000
-88.000000
-56.000000
-48.000000
-44.000000
-48.000000
-104.000000
-60.000000
-64.000000
-72.000000
-52.000000
-72.000000
-20.000000
-32.000000
-48.000000
-48.000000
-52.000000
-92.000000
-84.000000
-84.000000
-36.000000
-72.000000
-48.000000
-92.000000
-72.000000
-28.000000
-76.000000
-48.000000
-52.000000
-52.000000
-48.000000
-36.000000
-76.000000
-52.000000
-84.000000
-52.000000
-48.000000
-96.000000
-28.000000
-72.000000
-36.000000
-60.000000
-56.000000
-32.000000
-64.000000
-40.000000
-32.000000
-28.000000
-60.000000
-32.000000
-44.000000
-44.000000
-40.000000
-60.000000
-32.000000
-36.000000
-36.000000
-44.000000
-40.000000
-32.000000
-20.000000
-12.000000
-44.000000
-8.000000
-48.000000
-16.000000
-68.000000
-36.000000
-60.000000
-28.000000
-32.000000
-44.000000
-40.000000
-40.000000
-40.000000
-56.000000
-52.000000
-48.000000
-44.000000
-44.000000
-40.000000
-56.000000
-24.000000
-52.000000
-44.000000
-56.000000
-20.000000
-48.000000
-20.000000
-48.000000
-40.000000
-24.000000
-20.000000
-8.000000
4.000000
-36.000000
-28.000000
-28.000000
-44.000000
-40.000000
-20.000000
-40.000000
-36.000000
-12.000000
-12.000000
-20.000000
-8.000000
-24.000000
-32.000000
-24.000000
-52.000000
-60.000000
-36.000000
-48.000000
-40.000000
-76.000000
-28.000000
-76.000000
-56.000000
-60.000000
-52.000000
-64.000000
-40.000000
-44.000000
-16.000000
-24.000000
-36.000000
-36.000000
-32.000000
-48.000000
-44.000000
-24.000000
-32.000000
-8.000000
-48.000000
-40.000000
-28.000000
-44.000000
-36.000000
-20.000000
-68.000000
-28.000000
-32.000000
-44.000000
-88.000000
-40.000000
-60.000000
-16.000000
-48.000000
-32.000000
-52.000000
-28.000000
-60.000000
-32.000000
-48.000000
-60.000000
-40.000000
-44.000000
-68.000000
-52.000000
-72.000000
-60.000000
-76.000000
-72.000000
-56.000000
-44.000000
-20.000000
-28.000000
-24.000000
-32.000000
-28.000000
-48.000000
-12.000000
-16.000000
-8.000000
-12.000000
-16.000000
-32.000000
-28.000000
-28.000000
-32.000000
-28.000000
-16.000000
-40.000000
-20.000000
-32.000000
-36.000000
-44.000000
-28.000000
-48.000000
-36.000000
-56.000000
-24.000000
-56.000000
-28.000000
-44.000000
-52.000000
-52.000000
-64.000000
-44.000000
-48.000000
-32.000000
-64.000000
-64.000000
-44.000000
-56.000000
-40.000000
-36.000000
-52.000000
-44.000000
-24.000000
-40.000000
-40.000000
-56.000000
-32.000000
-32.000000
-20.000000
-20.000000
-28.000000
-36.000000
-36.000000
-68.000000
-52.000000
-12.000000
-68.000000
-40.000000
-64.000000
-64.000000
-68.000000
-52.000000
-64.000000
-48.000000
-92.000000
-72.000000
-68.000000
-76.000000
-60.000000
-36.000000
-80.000000
-72.000000
-76.000000
-80.000000
-84.000000
-84.000000
-80.000000
-56.000000
-72.000000
-80.000000
-72.000000
-72.000000
-48.000000
-84.000000
-52.000000
-76.000000
-52.000000
-80.000000
-60.000000
-72.000000
-36.000000
-80.000000
-48.000000
-16.000000
-8.000000
-36.000000
-40.000000
-68.000000
-60.000000
-64.000000
-84.000000
-64.000000
-56.000000
-72.000000
-48.000000
-56.000000
-28.000000
-96.000000
-68.000000
-64.000000
-60.000000
-72.000000
-56.000000
-76.000000
-52.000000
-56.000000
-52.000000
-80.000000
-28.000000
-48.000000
-48.000000
-84.000000
-28.000000
-72.000000
-36.000000
-84.000000
-28.000000
-64.000000
-40.000000
-64.000000
-28.000000
-44.000000
-48.000000
-32.000000
-48.000000
-24.000000
-48.000000
-36.000000
-80.000000
-52.000000
-48.000000
-40.000000
-16.000000
-20.000000
-36.000000
-40.000000
-52.000000
-32.000000
-40.000000
-44.000000
-48.000000
-64.000000
-56.000000
-44.000000
-40.000000
-52.000000
-36.000000
-52.000000
-48.000000
-40.000000
-40.000000
-40.000000
-68.000000
-28.000000
-36.000000
-40.000000
-40.000000
-44.000000
-36.000000
-44.000000
-52.000000
-48.000000
-60.000000
-44.000000
-32.000000
-36.000000
-56.000000
-16.000000
-28.000000
-44.000000
-24.000000
-36.000000
-24.000000
-20.000000
-32.000000
-24.000000
-12.000000
-32.000000
-32.000000
-52.000000
-24.000000
-32.000000
-32.000000
-48.000000
-60.000000
-48.000000
-52.000000
-96.000000
-56.000000
-48.000000
-72.000000
-48.000000
-40.000000
-48.000000
-32.000000
-44.000000
-28.000000
-8.000000
-28.000000
-32.000000
-24.000000
-32.000000
-36.000000
-52.000000
-20.000000
-28.000000
-28.000000
-28.000000
-32.000000
-28.000000
-52.000000
-20.000000
-56.000000
-32.000000
-40.000000
-24.000000
-28.000000
-40.000000
-48.000000
-28.000000
-44.000000
-68.000000
-44.000000
-32.000000
-64.000000
-48.000000
-32.000000
-64.000000
-44.000000
-36.000000
-60.000000
-60.000000
-84.000000
-72.000000
-36.000000
-68.000000
-84.000000
-64.000000
-40.000000
-32.000000
-20.000000
-56.000000
-24.000000
-40.000000
-32.000000
20.000000
-12.000000
-8.000000
-36.000000
-28.000000
-20.000000
-16.000000
-36.000000
-24.000000
-28.000000
-44.000000
-84.000000
-8.000000
-32.000000
-20.000000
-24.000000
-44.000000
-28.000000
-24.000000
-40.000000
-20.000000
-32.000000
-24.000000
-20.000000
-44.000000
-56.000000
-48.000000
-44.000000
-40.000000
-48.000000
-28.000000
-52.000000
-56.000000
-32.000000
-60.000000
-32.000000
-44.000000
-48.000000
-48.000000
-28.000000
-20.000000
-40.000000
-52.000000
-44.000000
-44.000000
-28.000000
-36.000000
-44.000000
-24.000000
-40.000000
-48.000000
-48.000000
-80.000000
-48.000000
-60.000000
-48.000000
-56.000000
-44.000000
-72.000000
-72.000000
-52.000000
-84.000000
-68.000000
-76.000000
-104.000000
-56.000000
-72.000000
-76.000000
-72.000000
-72.000000
-72.000000
-100.000000
-80.000000
-72.000000
-88.000000
-48.000000
-48.000000
-56.000000
-88.000000
-80.000000
-72.000000
-88.000000
-72.000000
-64.000000
-100.000000
-76.000000
-84.000000
-40.000000
-40.000000
-44.000000
-40.000000
-56.000000
-76.000000
-20.000000
-72.000000
-72.000000
-48.000000
-76.000000
-72.000000
-84.000000
-72.000000
-48.000000
-72.000000
-60.000000
-60.000000
-32.000000
-68.000000
-84.000000
-80.000000
-52.000000
-52.000000
-40.000000
-84.000000
-76.000000
-48.000000
-76.000000
-80.000000
-52.000000
-40.000000
-72.000000
-64.000000
-52.000000
-60.000000
-52.000000
-48.000000
-72.000000
-44.000000
-60.000000
-40.000000
-40.000000
-56.000000
-32.000000
-40.000000
-56.000000
-56.000000
-32.000000
-64.000000
-24.000000
-12.000000
-4.000000
-24.000000
-28.000000
-56.000000
-60.000000
-56.000000
-24.000000
-64.000000
-40.000000
-68.000000
-36.000000
-64.000000
-36.000000
-76.000000
-48.000000
-28.000000
-64.000000
-36.000000
-44.000000
-40.000000
-64.000000
-40.000000
-40.000000
-48.000000
-56.000000
-28.000000
-36.000000
-32.000000
-44.000000
-32.000000
-56.000000
-16.000000
-40.000000
-32.000000
-32.000000
-24.000000
-32.000000
-64.000000
-60.000000
-60.000000
-24.000000
-52.000000
-28.000000
-36.000000
-48.000000
0.000000
-36.000000
-24.000000
-20.000000
-52.000000
-72.000000
-60.000000
-76.000000
-88.000000
-64.000000
-72.000000
-60.000000
-60.000000
-32.000000
-56.000000
-76.000000
-40.000000
-40.000000
-64.000000
-36.000000
-52.000000
-32.000000
-72.000000
-32.000000
-44.000000
-64.000000
-56.000000
-48.000000
-36.000000
-28.000000
-48.000000
-44.000000
-48.000000
-44.000000
-52.000000
-28.000000
-36.000000
-48.000000
-40.000000
-32.000000
-40.000000
-28.000000
-40.000000
-48.000000
-52.000000
-36.000000
-20.000000
-32.000000
-40.000000
-36.000000
-44.000000
-44.000000
-48.000000
-60.000000
-84.000000
-108.000000
-68.000000
-56.000000
-60.000000
-40.000000
-20.000000
-52.000000
-28.000000
-48.000000
-24.000000
0.000000
-12.000000
0.000000
-28.000000
-24.000000
0.000000
-32.000000
-48.000000
-56.000000
-16.000000
-36.000000
-40.000000
-28.000000
-20.000000
-36.000000
-12.000000
-44.000000
-40.000000
-40.000000
-44.000000
-48.000000
-52.000000
-64.000000
-40.000000
-44.000000
-52.000000
-24.000000
-48.000000
-40.000000
-40.000000
-40.000000
-36.000000
-36.000000
-48.000000
-32.000000
-64.000000
-56.000000
-60.000000
-40.000000
-48.000000
-64.000000
-40.000000
-32.000000
-48.000000
-48.000000
-24.000000
-32.000000
-40.000000
-36.000000
-36.000000
-40.000000
-60.000000
-40.000000
-48.000000
-52.000000
-60.000000
-40.000000
-48.000000
-60.000000
-68.000000
-60.000000
-48.000000
-64.000000
-76.000000
-64.000000
-72.000000
-64.000000
-92.000000
-60.000000
-64.000000
-88.000000
-64.000000
-100.000000
-100.000000
-80.000000
-84.000000
-88.000000
-52.000000
-88.000000
-52.000000
-96.000000
-48.000000
-80.000000
-40.000000
-76.000000
-80.000000
-76.000000
-76.000000
-44.000000
-52.000000
-28.000000
-48.000000
-48.000000
-32.000000
-44.000000
-56.000000
-60.000000
-64.000000
-80.000000
-80.000000
-92.000000
-68.000000
-60.000000
-84.000000
-68.000000
-92.000000
-64.000000
-64.000000
-68.000000
-60.000000
-52.000000
-88.000000
-16.000000
-60.000000
-56.000000
-52.000000
-96.000000
-72.000000
-56.000000
-48.000000
-44.000000
-48.000000
-32.000000
-36.000000
-52.000000
-60.000000
-52.000000
-48.000000
-56.000000
-44.000000
-52.000000
-52.000000
-44.000000
-48.000000
-36.000000
-48.000000
-40.000000
-44.000000
0.000000
-36.000000
-24.000000
-32.000000
-52.000000
-52.000000
-44.000000
-36.000000
-60.000000
-36.000000
-16.000000
-76.000000
-56.000000
-60.000000
-64.000000
-52.000000
-52.000000
-48.000000
-24.000000
-56.000000
-52.000000
-48.000000
-44.000000
-44.000000
-48.000000
-24.000000
-40.000000
-36.000000
-48.000000
-40.000000
-28.000000
-36.000000
-40.000000
-44.000000
-36.000000
-36.000000
-44.000000
-12.000000
-28.000000
-36.000000
-36.000000
-44.000000
-36.000000
-36.000000
-16.000000
-52.000000
-36.000000
-4.000000
-48.000000
-32.000000
-36.000000
-40.000000
-80.000000
-88.000000
-48.000000
-72.000000
-64.000000
-56.000000
-76.000000
-64.000000
-48.000000
-56.000000
-32.000000
-92.000000
-12.000000
-28.000000
-32.000000
-28.000000
-36.000000
-28.000000
-24.000000
-32.000000
-48.000000
-12.000000
-20.000000
-60.000000
-36.000000
-56.000000
-44.000000
-36.000000
-48.000000
-64.000000
-56.000000
-24.000000
-28.000000
-44.000000
-48.000000
-20.000000
-52.000000
-52.000000
-36.000000
-72.000000
-36.000000
-52.000000
-48.000000
-32.000000
-36.000000
-48.000000
-48.000000
-60.000000
-64.000000
-56.000000
-72.000000
-64.000000
-72.000000
-36.000000
-36.000000
-40.000000
-8.000000
-12.000000
-32.000000
-20.000000
-48.000000
-24.000000
-12.000000
-32.000000
-28.000000
-8.000000
-48.000000
-20.000000
-32.000000
-32.000000
-44.000000
-24.000000
-52.000000
-52.000000
-24.000000
-28.000000
-32.000000
-36.000000
-24.000000
-36.000000
-28.000000
-24.000000
-60.000000
-36.000000
-28.000000
-48.000000
-40.000000
-48.000000
-28.000000
-40.000000
-60.000000
-40.000000
-44.000000
-32.000000
-48.000000
-40.000000
-40.000000
-56.000000
-40.000000
-36.000000
-44.000000
-36.000000
-44.000000
-32.000000
4.000000
-40.000000
-28.000000
-28.000000
-52.000000
-44.000000
-64.000000
-52.000000
-64.000000
-40.000000
-60.000000
-96.000000
-44.000000
-72.000000
-68.000000
-64.000000
-68.000000
-76.000000
-56.000000
-68.000000
-112.000000
-56.000000
-72.000000
-92.000000
-72.000000
-48.000000
-76.000000
-88.000000
-68.000000
-76.000000
-80.000000
-64.000000
-48.000000
-52.000000
-80.000000
-92.000000
-60.000000
-92.000000
-80.000000
-76.000000
-84.000000
-56.000000
-64.000000
-72.000000
-52.000000
-24.000000
-64.000000
-28.000000
-64.000000
-52.000000
-52.000000
-44.000000
-64.000000
-76.000000
-72.000000
-80.000000
-60.000000
-44.000000
-68.000000
-80.000000
-72.000000
-60.000000
-48.000000
-92.000000
-68.000000
-64.000000
-60.000000
-64.000000
-60.000000
-80.000000
-56.000000
-84.000000
-32.000000
-56.000000
-64.000000
-44.000000
-48.000000
-48.000000
-76.000000
-28.000000
-56.000000
-52.000000
-32.000000
-88.000000
-56.000000
-16.000000
-44.000000
-60.000000
-44.000000
-32.000000
-56.000000
-64.000000
-40.000000
-12.000000
-28.000000
8.000000
-12.000000
-20.000000
-44.000000
-52.000000
-44.000000
-68.000000
-44.000000
-52.000000
-56.000000
-32.000000
-52.000000
-40.000000
-64.000000
-40.000000
-64.000000
-48.000000
-24.000000
-40.000000
-60.000000
-36.000000
-44.000000
-44.000000
-40.000000
-44.000000
-48.000000
-44.000000
-24.000000
-48.000000
-32.000000
-24.000000
-16.000000
-48.000000
-44.000000
-16.000000
-44.000000
-56.000000
-16.000000
-36.000000
-44.000000
-48.000000
-12.000000
-44.000000
-52.000000
-44.000000
-28.000000
-28.000000
-28.000000
-16.000000
-32.000000
-48.000000
-72.000000
-60.000000
-68.000000
-52.000000
-52.000000
-68.000000
-40.000000
-52.000000
-40.000000
-32.000000
-28.000000
-52.000000
-52.000000
-48.000000
-76.000000
-64.000000
-40.000000
-20.000000
-44.000000
-44.000000
-24.000000
-8.000000
-48.000000
-28.000000
-52.000000
-40.000000
-48.000000
-48.000000
-20.000000
-32.000000
-28.000000
-32.000000
-24.000000
-40.000000
-48.000000
-68.000000
-32.000000
-48.000000
-44.000000
-48.000000
-48.000000
-56.000000
-60.000000
-52.000000
-76.000000
-60.000000
-44.000000
-64.000000
-68.000000
-76.000000
-60.000000
-76.000000
-56.000000
-40.000000
-48.000000
-28.000000
-28.000000
-52.000000
-36.000000
-40.000000
-8.000000
-24.000000
-8.000000
-12.000000
-16.000000
-20.000000
-52.000000
-12.000000
-28.000000
-44.000000
-44.000000
-28.000000
-36.000000
-16.000000
-40.000000
-36.000000
-48.000000
-32.000000
-44.000000
-24.000000
-36.000000
-44.000000
-36.000000
-48.000000
-40.000000
-36.000000
-44.000000
-40.000000
-48.000000
-32.000000
-48.000000
-56.000000
-48.000000
-44.000000
-28.000000
-20.000000
-48.000000
-52.000000
-56.000000
-48.000000
-44.000000
-32.000000
-44.000000
-60.000000
-24.000000
-44.000000
-72.000000
-28.000000
-36.000000
-32.000000
-48.000000
-56.000000
-56.000000
-52.000000
-76.000000
-52.000000
-48.000000
-80.000000
-48.000000
-96.000000
-52.000000
-76.000000
-92.000000
-64.000000
-56.000000
-68.000000
-64.000000
-96.000000
-76.000000
-88.000000
-56.000000
-92.000000
-76.000000
-96.000000
-88.000000
-96.000000
-48.000000
-72.000000
-72.000000
-80.000000
-76.000000
-60.000000
-48.000000
-92.000000
-60.000000
-112.000000
-76.000000
-52.000000
-88.000000
-16.000000
-40.000000
-36.000000
-32.000000
-56.000000
-56.000000
-72.000000
-60.000000
-48.000000
-80.000000
-52.000000
-60.000000
-72.000000
-72.000000
-84.000000
-40.000000
-56.000000
-64.000000
-40.000000
-92.000000
-60.000000
-80.000000
-60.000000
-64.000000
-64.000000
-60.000000
-56.000000
-80.000000
-44.000000
-80.000000
-48.000000
-48.000000
-40.000000
-60.000000
-36.000000
-28.000000
-52.000000
-68.000000
-44.000000
-64.000000
-32.000000
-44.000000
-84.000000
-28.000000
-28.000000
-68.000000
-48.000000
-52.000000
-52.000000
-32.000000
-32.000000
-24.000000
-40.000000
-36.000000
-32.000000
-20.000000
-80.000000
-32.000000
-72.000000
-32.000000
-60.000000
-40.000000
-60.000000
-48.000000
-68.000000
-60.000000
-64.000000
-64.000000
-60.000000
-48.000000
-32.000000
-32.000000
-48.000000
-60.000000
-36.000000
-36.000000
-28.000000
-32.000000
-32.000000
-44.000000
-60.000000
-28.000000
-24.000000
-60.000000
-32.000000
-32.000000
-44.000000
-40.000000
-36.000000
-44.000000
-24.000000
-36.000000
-44.000000
-36.000000
-56.000000
-48.000000
-28.000000
-40.000000
-32.000000
-56.000000
-40.000000
-76.000000
-84.000000
-92.000000
-84.000000
-64.000000
-76.000000
-72.000000
-52.000000
-84.000000
-36.000000
-28.000000
-52.000000
-52.000000
-48.000000
-24.000000
-48.000000
-48.000000
-20.000000
-36.000000
-28.000000
-56.000000
-36.000000
-40.000000
-48.000000
-68.000000
-4.000000
-16.000000
-52.000000
-44.000000
-32.000000
-32.000000
-32.000000
-52.000000
-48.000000
-40.000000
-52.000000
-52.000000
-28.000000
-64.000000
-20.000000
-24.000000
-40.000000
-40.000000
-44.000000
-60.000000
-48.000000
-40.000000
-48.000000
-76.000000
-104.000000
-96.000000
-52.000000
-44.000000
-76.000000
-56.000000
-44.000000
-40.000000
-24.000000
-48.000000
-12.000000
-16.000000
-28.000000
-16.000000
-20.000000
-32.000000
-36.000000
-12.000000
-36.000000
-20.000000
-36.000000
-16.000000
-12.000000
-12.000000
-36.000000
-28.000000
-44.000000
-36.000000
-52.000000
-24.000000
-44.000000
-32.000000
-36.000000
-36.000000
-32.000000
-28.000000
-36.000000
-28.000000
-32.000000
-44.000000
-52.000000
-40.000000
-48.000000
-28.000000
-52.000000
-44.000000
-52.000000
-52.000000
-52.000000
-56.000000
-60.000000
-44.000000
-32.000000
-52.000000
-20.000000
-32.000000
-12.000000
-28.000000
-8.000000
-32.000000
-28.000000
-36.000000
-68.000000
-28.000000
-60.000000
-76.000000
-28.000000
-72.000000
-56.000000
-48.000000
-44.000000
-60.000000
-48.000000
-48.000000
-92.000000
-64.000000
-84.000000
-52.000000
-72.000000
-76.000000
-60.000000
-60.000000
-48.000000
-68.000000
-76.000000
-76.000000
-56.000000
-72.000000
-52.000000
-64.000000
-68.000000
-68.000000
-76.000000
-92.000000
-48.000000
-72.000000
-80.000000
-64.000000
-52.000000
-52.000000
-36.000000
-36.000000
-12.000000
-16.000000
-60.000000
-28.000000
-52.000000
-76.000000
-44.000000
-68.000000
-52.000000
-64.000000
-80.000000
-64.000000
-80.000000
-60.000000
-68.000000
-60.000000
-72.000000
-56.000000
-56.000000
-24.000000
-72.000000
-72.000000
-44.000000
-60.000000
-64.000000
-28.000000
-68.000000
-64.000000
-64.000000
-56.000000
-76.000000
-56.000000
-4.000000
-52.000000
-28.000000
-28.000000
-52.000000
-32.000000
-64.000000
-36.000000
-40.000000
-56.000000
-60.000000
-32.000000
-80.000000
-16.000000
-28.000000
4.000000
-36.000000
-8.000000
-32.000000
-36.000000
-48.000000
-24.000000
-80.000000
-56.000000
-44.000000
-20.000000
-60.000000
-40.000000
-64.000000
-48.000000
-64.000000
-48.000000
-44.000000
-52.000000
-40.000000
-48.000000
-40.000000
-40.000000
-36.000000
-40.000000
-52.000000
-52.000000
-12.000000
-12.000000
-32.000000
-52.000000
-44.000000
-28.000000
-44.000000
-36.000000
-36.000000
-24.000000
-36.000000
-16.000000
-20.000000
-36.000000
-44.000000
-52.000000
-12.000000
-36.000000
-16.000000
-8.000000
-24.000000
-40.000000
-20.000000
-24.000000
-52.000000
-60.000000
-52.000000
-44.000000
-72.000000
-48.000000
-84.000000
-80.000000
-52.000000
-52.000000
-36.000000
-40.000000
-36.000000
-60.000000
-12.000000
-56.000000
-32.000000
-32.000000
-36.000000
-44.000000
-24.000000
-24.000000
-48.000000
-20.000000
-40.000000
-12.000000
-48.000000
-20.000000
-32.000000
-56.000000
-36.000000
-52.000000
-24.000000
-16.000000
-32.000000
-44.000000
-44.000000
-32.000000
-44.000000
-56.000000
-48.000000
-40.000000
-32.000000
-56.000000
-48.000000
-24.000000
-44.000000
-68.000000
-52.000000
-88.000000
-88.000000
-72.000000
-40.000000
-72.000000
-52.000000
-48.000000
-32.000000
-16.000000
-16.000000
-36.000000
-4.000000
-32.000000
-24.000000
-16.000000
-36.000000
-16.000000
-12.000000
-20.000000
-12.000000
-32.000000
0.000000
-36.000000
-16.000000
-20.000000
-32.000000
-44.000000
-12.000000
-60.000000
-32.000000
-44.000000
-20.000000
-32.000000
-12.000000
-40.000000
-48.000000
-24.000000
-52.000000
-32.000000
-28.000000
-20.000000
-40.000000
-40.000000
-32.000000
-48.000000
-56.000000
-28.000000
-52.000000
-32.000000
-36.000000
-64.000000
-44.000000
-24.000000
-24.000000
-48.000000
-20.000000
-44.000000
-44.000000
-40.000000
-16.000000
-64.000000
-8.000000
-88.000000
-24.000000
-56.000000
-52.000000
-60.000000
-40.000000
-76.000000
-76.000000
-84.000000
-80.000000
-64.000000
-72.000000
-80.000000
-88.000000
-64.000000
-64.000000
-96.000000
-104.000000
-80.000000
-76.000000
-80.000000
-56.000000
-60.000000
-80.000000
-72.000000
-80.000000
-76.000000
-104.000000
-72.000000
-48.000000
-100.000000
-64.000000
-104.000000
-52.000000
-48.000000
-80.000000
-48.000000
-60.000000
-52.000000
