628.000000
880.000000
1132.000000
1288.000000
1336.000000
1348.000000
1224.000000
1012.000000
676.000000
292.000000
-196.000000
-652.000000
-1148.000000
-1580.000000
-1904.000000
-2180.000000
-2276.000000
-2236.000000
-2060.000000
-1676.000000
-1244.000000
-724.000000
-112.000000
488.000000
1040.000000
1536.000000
1880.000000
2120.000000
2180.000000
2116.000000
1900.000000
1548.000000
1160.000000
692.000000
212.000000
-272.000000
-672.000000
-1024.000000
-1292.000000
-1376.000000
-1424.000000
-1344.000000
-1216.000000
-1000.000000
-748.000000
-500.000000
-272.000000
-108.000000
-44.000000
-32.000000
-16.000000
-28.000000
-44.000000
-16.000000
-12.000000
-64.000000
-24.000000
-32.000000
-48.000000
-40.000000
-52.000000
-36.000000
-48.000000
-16.000000
-36.000000
-52.000000
-76.000000
-88.000000
-28.000000
-48.000000
-28.000000
-36.000000
-40.000000
12.000000
-16.000000
-16.000000
-12.000000
-8.000000
0.000000
-28.000000
-20.000000
-28.000000
-52.000000
0.000000
-20.000000
-8.000000
-12.000000
-24.000000
-16.000000
-12.000000
-32.000000
-36.000000
-28.000000
-36.000000
-8.000000
-20.000000
-28.000000
-24.000000
-36.000000
-8.000000
-40.000000
-44.000000
-8.000000
-20.000000
-32.000000
-28.000000
-36.000000
-40.000000
-32.000000
-32.000000
-36.000000
-40.000000
-32.000000
-32.000000
-28.000000
-36.000000
-64.000000
-40.000000
-28.000000
-28.000000
-48.000000
-20.000000
-12.000000
-32.000000
-12.000000
-32.000000
-36.000000
-28.000000
-36.000000
-52.000000
-40.000000
-56.000000
-64.000000
-48.000000
-68.000000
-44.000000
-44.000000
-44.000000
-60.000000
-64.000000
-56.000000
-56.000000
-76.000000
-48.000000
-60.000000
-64.000000
-56.000000
-32.000000
-68.000000
-56.000000
-48.000000
-68.000000
-64.000000
-76.000000
-64.000000
-64.000000
-80.000000
-88.000000
-52.000000
-60.000000
-60.000000
-52.000000
-76.000000
-64.000000
-72.000000
-52.000000
-20.000000
-32.000000
-32.000000
-68.000000
-12.000000
-44.000000
-52.000000
-36.000000
-56.000000
-44.000000
-56.000000
-56.000000
-52.000000
-44.000000
-40.000000
-36.000000
-80.000000
-44.000000
-52.000000
-44.000000
-48.000000
-48.000000
-56.000000
-32.000000
-44.000000
-72.000000
-36.000000
-52.000000
-24.000000
-76.000000
-44.000000
-36.000000
-20.000000
-32.000000
-28.000000
-48.000000
-12.000000
-52.000000
-44.000000
-44.000000
-24.000000
-76.000000
-40.000000
-64.000000
-20.000000
-48.000000
-20.000000
-40.000000
-44.000000
-32.000000
0.000000
4.000000
-16.000000
-44.000000
-20.000000
-36.000000
-28.000000
-60.000000
-60.000000
-24.000000
-52.000000
-44.000000
-36.000000
-44.000000
-16.000000
-32.000000
-32.000000
-36.000000
-44.000000
-28.000000
-52.000000
-32.000000
-48.000000
-16.000000
-16.000000
-52.000000
-28.000000
-44.000000
-12.000000
-20.000000
-32.000000
-28.000000
-32.000000
-20.000000
-20.000000
-36.000000
-24.000000
-8.000000
-40.000000
-40.000000
-36.000000
-8.000000
-32.000000
-28.000000
-24.000000
-16.000000
-24.000000
-24.000000
-36.000000
12.000000
-68.000000
-68.000000
-64.000000
-76.000000
-56.000000
-60.000000
-68.000000
-48.000000
-32.000000
-36.000000
-36.000000
-44.000000
-12.000000
-16.000000
-32.000000
-24.000000
-24.000000
-20.000000
-28.000000
-40.000000
-52.000000
-40.000000
-20.000000
-24.000000
-36.000000
-4.000000
-24.000000
-40.000000
-44.000000
-32.000000
-32.000000
-24.000000
-36.000000
-60.000000
-28.000000
-52.000000
-44.000000
-24.000000
-48.000000
-32.000000
-52.000000
-40.000000
-48.000000
-44.000000
-48.000000
-28.000000
-52.000000
4.000000
-52.000000
-52.000000
-52.000000
-84.000000
-12.000000
-36.000000
-28.000000
-32.000000
-44.000000
-32.000000
-16.000000
-12.000000
-16.000000
-52.000000
-4.000000
-16.000000
-32.000000
-32.000000
-24.000000
8.000000
-16.000000
-36.000000
-16.000000
-44.000000
-32.000000
-20.000000
-60.000000
-8.000000
-36.000000
-24.000000
-28.000000
-32.000000
-28.000000
-28.000000
-20.000000
-44.000000
-36.000000
-48.000000
-44.000000
-60.000000
-52.000000
-44.000000
-28.000000
-40.000000
-60.000000
-52.000000
-64.000000
-32.000000
-40.000000
-68.000000
-48.000000
-56.000000
-52.000000
-40.000000
-56.000000
-28.000000
-44.000000
-28.000000
-40.000000
-4.000000
-24.000000
-12.000000
-60.000000
-28.000000
-40.000000
-52.000000
-28.000000
-52.000000
-36.000000
-60.000000
-8.000000
-76.000000
-48.000000
-68.000000
-44.000000
-64.000000
-76.000000
-76.000000
-80.000000
-44.000000
-72.000000
-64.000000
-72.000000
-76.000000
-72.000000
-48.000000
-48.000000
-56.000000
-68.000000
-64.000000
-48.000000
-56.000000
-36.000000
-68.000000
-84.000000
-52.000000
-52.000000
-52.000000
-40.000000
-80.000000
-28.000000
-52.000000
-32.000000
-16.000000
-32.000000
-32.000000
-48.000000
-40.000000
-64.000000
-52.000000
-76.000000
-84.000000
-68.000000
-64.000000
-20.000000
-40.000000
-64.000000
-52.000000
-60.000000
-48.000000
-76.000000
-36.000000
-60.000000
-64.000000
-28.000000
-52.000000
-44.000000
-24.000000
-24.000000
-32.000000
-76.000000
-52.000000
-80.000000
-44.000000
-60.000000
-64.000000
-32.000000
-36.000000
-44.000000
-32.000000
-28.000000
-32.000000
-48.000000
-32.000000
-64.000000
-36.000000
-44.000000
-32.000000
-56.000000
-20.000000
-16.000000
-8.000000
20.000000
-20.000000
-48.000000
-40.000000
-36.000000
-52.000000
-40.000000
-40.000000
-76.000000
-40.000000
-40.000000
-40.000000
-20.000000
-40.000000
-40.000000
-20.000000
-28.000000
-52.000000
-12.000000
-44.000000
-40.000000
-36.000000
-20.000000
-28.000000
-36.000000
-16.000000
-28.000000
-20.000000
-56.000000
-16.000000
-32.000000
-24.000000
-16.000000
-32.000000
-36.000000
-16.000000
-48.000000
-44.000000
-4.000000
-32.000000
-28.000000
-20.000000
-28.000000
-36.000000
-20.000000
-20.000000
-36.000000
-24.000000
-36.000000
-32.000000
-40.000000
-84.000000
-44.000000
-32.000000
-32.000000
-56.000000
-52.000000
-44.000000
-56.000000
-16.000000
-44.000000
-24.000000
-40.000000
-40.000000
-44.000000
-8.000000
-8.000000
-12.000000
-64.000000
-20.000000
-36.000000
-20.000000
-40.000000
-48.000000
-36.000000
-32.000000
-44.000000
-8.000000
-56.000000
-28.000000
-16.000000
-44.000000
-52.000000
-44.000000
-28.000000
-52.000000
-36.000000
-32.000000
-56.000000
-40.000000
-32.000000
-24.000000
-52.000000
-56.000000
-36.000000
-36.000000
-44.000000
-56.000000
-44.000000
-48.000000
-48.000000
-68.000000
-48.000000
-52.000000
-28.000000
-36.000000
-8.000000
-28.000000
-16.000000
-8.000000
-48.000000
-20.000000
-20.000000
-8.000000
-16.000000
-8.000000
-20.000000
-48.000000
-16.000000
-28.000000
-36.000000
-28.000000
-32.000000
-44.000000
-28.000000
-32.000000
-52.000000
-8.000000
-36.000000
-24.000000
-32.000000
-20.000000
-16.000000
-16.000000
-52.000000
-52.000000
-40.000000
-32.000000
-36.000000
-56.000000
-32.000000
-36.000000
-68.000000
-24.000000
-12.000000
-52.000000
-40.000000
-48.000000
-40.000000
-52.000000
-32.000000
-48.000000
-32.000000
-36.000000
-20.000000
-20.000000
-56.000000
-32.000000
-24.000000
-28.000000
-44.000000
-48.000000
-48.000000
-24.000000
-40.000000
-48.000000
-60.000000
-32.000000
-76.000000
-36.000000
-56.000000
-44.000000
-84.000000
-60.000000
-72.000000
-72.000000
-36.000000
-56.000000
-92.000000
-60.000000
-72.000000
-72.000000
-76.000000
-40.000000
-52.000000
-60.000000
-44.000000
-80.000000
-80.000000
-100.000000
-64.000000
-52.000000
-92.000000
-56.000000
-48.000000
-56.000000
-64.000000
-84.000000
-36.000000
-44.000000
-44.000000
-20.000000
-44.000000
-20.000000
-36.000000
-32.000000
-64.000000
-20.000000
-60.000000
-12.000000
-60.000000
-16.000000
-40.000000
-36.000000
-44.000000
-44.000000
-44.000000
-72.000000
-52.000000
-64.000000
-40.000000
-52.000000
-48.000000
-76.000000
-44.000000
-44.000000
-52.000000
-64.000000
-32.000000
-68.000000
-28.000000
-48.000000
-48.000000
-68.000000
-32.000000
-40.000000
-72.000000
-16.000000
-40.000000
-56.000000
-16.000000
-40.000000
-40.000000
-44.000000
-36.000000
-36.000000
-36.000000
-48.000000
-24.000000
8.000000
-64.000000
-12.000000
-52.000000
-16.000000
-52.000000
-44.000000
-32.000000
-60.000000
-44.000000
-60.000000
-40.000000
-48.000000
-56.000000
-52.000000
-44.000000
-36.000000
-48.000000
-24.000000
-32.000000
-36.000000
-44.000000
-52.000000
-28.000000
-28.000000
-28.000000
-36.000000
-36.000000
-36.000000
4.000000
-20.000000
-28.000000
-32.000000
-40.000000
-28.000000
-36.000000
-24.000000
-20.000000
-56.000000
-12.000000
-16.000000
-28.000000
-24.000000
-4.000000
-24.000000
-44.000000
-28.000000
-36.000000
-44.000000
-32.000000
-28.000000
-56.000000
-64.000000
-60.000000
-44.000000
-64.000000
-64.000000
-28.000000
-80.000000
-28.000000
-64.000000
-24.000000
-60.000000
-44.000000
-32.000000
-24.000000
-52.000000
-16.000000
-28.000000
-52.000000
-44.000000
-32.000000
-28.000000
-24.000000
-60.000000
-20.000000
-52.000000
-20.000000
-44.000000
-40.000000
-24.000000
-32.000000
-12.000000
-52.000000
-28.000000
-12.000000
-16.000000
-48.000000
-28.000000
-52.000000
-40.000000
-32.000000
-68.000000
-32.000000
-24.000000
-36.000000
-16.000000
-40.000000
-24.000000
-52.000000
-60.000000
-56.000000
-64.000000
-32.000000
-40.000000
-28.000000
-44.000000
-40.000000
-16.000000
-28.000000
-12.000000
-4.000000
-24.000000
-24.000000
0.000000
-16.000000
-16.000000
-8.000000
-24.000000
-52.000000
-4.000000
-12.000000
-28.000000
-16.000000
-20.000000
-20.000000
-16.000000
-20.000000
-24.000000
-12.000000
-40.000000
-32.000000
-32.000000
-28.000000
-24.000000
-44.000000
-48.000000
-32.000000
-24.000000
-32.000000
-44.000000
-40.000000
-52.000000
-24.000000
-32.000000
-24.000000
-48.000000
-44.000000
-52.000000
-28.000000
-80.000000
-40.000000
-44.000000
-12.000000
-28.000000
-44.000000
-28.000000
-16.000000
8.000000
0.000000
-28.000000
-8.000000
-40.000000
-40.000000
-40.000000
-56.000000
-64.000000
-64.000000
-44.000000
-36.000000
-64.000000
-60.000000
-48.000000
-76.000000
-64.000000
-64.000000
-80.000000
-76.000000
-76.000000
-52.000000
-44.000000
-44.000000
-60.000000
-56.000000
-80.000000
-76.000000
-72.000000
-76.000000
-60.000000
-80.000000
-48.000000
-72.000000
-72.000000
-68.000000
-44.000000
-92.000000
-52.000000
-64.000000
-28.000000
-64.000000
-36.000000
-28.000000
-40.000000
-32.000000
-24.000000
-52.000000
-32.000000
-48.000000
-84.000000
-44.000000
-48.000000
-80.000000
-28.000000
-48.000000
-48.000000
-28.000000
-76.000000
-40.000000
-60.000000
-84.000000
-56.000000
-28.000000
-80.000000
-44.000000
-76.000000
-80.000000
-68.000000
-68.000000
-60.000000
-28.000000
-40.000000
-64.000000
-44.000000
-44.000000
-44.000000
-32.000000
-68.000000
-32.000000
-44.000000
-76.000000
-8.000000
-36.000000
-48.000000
-48.000000
-28.000000
-40.000000
-40.000000
-44.000000
-48.000000
-32.000000
-40.000000
-12.000000
4.000000
-16.000000
-32.000000
-44.000000
-24.000000
-32.000000
-40.000000
-40.000000
-52.000000
-12.000000
-52.000000
-52.000000
-32.000000
-44.000000
-40.000000
-32.000000
-28.000000
-32.000000
-28.000000
-52.000000
-28.000000
-60.000000
-24.000000
-32.000000
-40.000000
-52.000000
-36.000000
-28.000000
-24.000000
-28.000000
-36.000000
-20.000000
-32.000000
-36.000000
-40.000000
-24.000000
-4.000000
-44.000000
-36.000000
-12.000000
-20.000000
-28.000000
-24.000000
-40.000000
-24.000000
-12.000000
-32.000000
-20.000000
-8.000000
-48.000000
-56.000000
-56.000000
-72.000000
-52.000000
-40.000000
-76.000000
-52.000000
-32.000000
-84.000000
-40.000000
-56.000000
-28.000000
-28.000000
-16.000000
-36.000000
-36.000000
-24.000000
-20.000000
-16.000000
-48.000000
-32.000000
-52.000000
-24.000000
-16.000000
-28.000000
-28.000000
-20.000000
-28.000000
-24.000000
-52.000000
-28.000000
-28.000000
-20.000000
-36.000000
-24.000000
-40.000000
-20.000000
-44.000000
-12.000000
-16.000000
-20.000000
-40.000000
-36.000000
-40.000000
-8.000000
-40.000000
-28.000000
-48.000000
-28.000000
-88.000000
-72.000000
-88.000000
-36.000000
-28.000000
-52.000000
-36.000000
-36.000000
-24.000000
-28.000000
-8.000000
-20.000000
-8.000000
-20.000000
0.000000
-28.000000
-36.000000
16.000000
-24.000000
0.000000
-12.000000
-4.000000
-36.000000
-8.000000
-4.000000
-24.000000
0.000000
-28.000000
-28.000000
-12.000000
-28.000000
-44.000000
-36.000000
-44.000000
16.000000
-32.000000
-16.000000
-36.000000
-36.000000
-28.000000
-40.000000
-24.000000
-44.000000
-48.000000
-32.000000
-32.000000
-40.000000
-20.000000
-52.000000
-44.000000
-80.000000
-24.000000
-36.000000
-20.000000
-28.000000
-12.000000
-36.000000
0.000000
-28.000000
-12.000000
-48.000000
-40.000000
-16.000000
-68.000000
-4.000000
-56.000000
-56.000000
-36.000000
-28.000000
-52.000000
-76.000000
-40.000000
-48.000000
-64.000000
-68.000000
-36.000000
-84.000000
-68.000000
-48.000000
-72.000000
-72.000000
-52.000000
-40.000000
-72.000000
-88.000000
-72.000000
-84.000000
-96.000000
-72.000000
-72.000000
-88.000000
-36.000000
-64.000000
-88.000000
-56.000000
-60.000000
-60.000000
-72.000000
-36.000000
-40.000000
-44.000000
-36.000000
-20.000000
-40.000000
-32.000000
-60.000000
-44.000000
-40.000000
-64.000000
-84.000000
-52.000000
-48.000000
-52.000000
-28.000000
-20.000000
-72.000000
-88.000000
-68.000000
-44.000000
-36.000000
-32.000000
-52.000000
-76.000000
-64.000000
-64.000000
-40.000000
-20.000000
-72.000000
-60.000000
-60.000000
-52.000000
-44.000000
-16.000000
-40.000000
-60.000000
-44.000000
-20.000000
-36.000000
-48.000000
-52.000000
-56.000000
-48.000000
-40.000000
-36.000000
-36.000000
-40.000000
-64.000000
-52.000000
-12.000000
-36.000000
-40.000000
-44.000000
-32.000000
-52.000000
-16.000000
-44.000000
-48.000000
-44.000000
-72.000000
-36.000000
-36.000000
-36.000000
-36.000000
-40.000000
-20.000000
-52.000000
-44.000000
-48.000000
-32.000000
-36.000000
-40.000000
-44.000000
-32.000000
-32.000000
-20.000000
-16.000000
-56.000000
-60.000000
-16.000000
-12.000000
12.000000
-44.000000
-24.000000
-40.000000
-40.000000
-4.000000
-24.000000
-24.000000
-8.000000
-28.000000
-44.000000
-32.000000
-20.000000
-28.000000
-52.000000
-28.000000
-40.000000
-32.000000
-16.000000
-44.000000
-52.000000
-36.000000
-36.000000
-60.000000
-88.000000
-52.000000
-80.000000
-76.000000
-40.000000
-44.000000
-44.000000
-40.000000
-60.000000
-40.000000
-16.000000
-36.000000
-48.000000
-48.000000
-24.000000
-28.000000
-28.000000
-44.000000
-32.000000
-36.000000
-64.000000
-16.000000
-36.000000
-76.000000
-28.000000
-32.000000
-16.000000
-60.000000
-20.000000
-28.000000
-44.000000
-32.000000
-40.000000
-28.000000
-32.000000
-36.000000
-40.000000
-28.000000
-32.000000
-60.000000
-32.000000
-36.000000
-36.000000
-44.000000
-56.000000
-48.000000
-52.000000
-84.000000
-72.000000
-36.000000
-60.000000
-36.000000
-16.000000
-20.000000
-12.000000
-12.000000
-24.000000
0.000000
-24.000000
-20.000000
-44.000000
-36.000000
-20.000000
-4.000000
-24.000000
-28.000000
-36.000000
-32.000000
-16.000000
-36.000000
-16.000000
-20.000000
-16.000000
-20.000000
-20.000000
-12.000000
-28.000000
-24.000000
-32.000000
-8.000000
-36.000000
-36.000000
-36.000000
-40.000000
-56.000000
-40.000000
-32.000000
-40.000000
-44.000000
-48.000000
-20.000000
-28.000000
-20.000000
-44.000000
-48.000000
-44.000000
-60.000000
-28.000000
-56.000000
-40.000000
-48.000000
-36.000000
-16.000000
-32.000000
-20.000000
-16.000000
-24.000000
-40.000000
-36.000000
-40.000000
-24.000000
-60.000000
-60.000000
-52.000000
-44.000000
-72.000000
-80.000000
-56.000000
-80.000000
-72.000000
-36.000000
-24.000000
-60.000000
-68.000000
-76.000000
-60.000000
-60.000000
-52.000000
-60.000000
-56.000000
-80.000000
-52.000000
-56.000000
-88.000000
-40.000000
-72.000000
-40.000000
-64.000000
-80.000000
-60.000000
-60.000000
-48.000000
-64.000000
-24.000000
-72.000000
-44.000000
-28.000000
-44.000000
-12.000000
-20.000000
-28.000000
-44.000000
-72.000000
-44.000000
-76.000000
-76.000000
-60.000000
-60.000000
-68.000000
-68.000000
-28.000000
-64.000000
-56.000000
-44.000000
-64.000000
-48.000000
-64.000000
-56.000000
-52.000000
-64.000000
-60.000000
-52.000000
-44.000000
-72.000000
-48.000000
-60.000000
-48.000000
-68.000000
-48.000000
-36.000000
-56.000000
-60.000000
-28.000000
-56.000000
-44.000000
-36.000000
-60.000000
-48.000000
-44.000000
-24.000000
-52.000000
-40.000000
-68.000000
-44.000000
-40.000000
-32.000000
-32.000000
-8.000000
-32.000000
-36.000000
-28.000000
-48.000000
-36.000000
-36.000000
-76.000000
-44.000000
-40.000000
-44.000000
-56.000000
-28.000000
-44.000000
-12.000000
-44.000000
-36.000000
-24.000000
-48.000000
-48.000000
-32.000000
-36.000000
-28.000000
-24.000000
-40.000000
-52.000000
-40.000000
-32.000000
-12.000000
-24.000000
-16.000000
-20.000000
-28.000000
-32.000000
-32.000000
-64.000000
-32.000000
-28.000000
-40.000000
-36.000000
-40.000000
-20.000000
-32.000000
-24.000000
-32.000000
-24.000000
-4.000000
-12.000000
-48.000000
-32.000000
-68.000000
-60.000000
-80.000000
-72.000000
-64.000000
-56.000000
-52.000000
-56.000000
-44.000000
-40.000000
-32.000000
-20.000000
-32.000000
-20.000000
-32.000000
-24.000000
-36.000000
-12.000000
-16.000000
8.000000
-4.000000
-28.000000
-16.000000
-28.000000
-4.000000
-8.000000
-32.000000
-24.000000
-40.000000
-24.000000
-48.000000
-32.000000
-48.000000
-16.000000
-20.000000
-36.000000
-12.000000
-36.000000
-16.000000
-32.000000
-36.000000
-44.000000
-44.000000
-60.000000
-24.000000
-48.000000
-36.000000
-56.000000
-80.000000
-56.000000
-88.000000
-40.000000
-36.000000
-52.000000
-12.000000
-20.000000
-32.000000
-8.000000
-16.000000
-20.000000
-12.000000
-32.000000
-24.000000
4.000000
-16.000000
-24.000000
-24.000000
-36.000000
-32.000000
-28.000000
-12.000000
-32.000000
-28.000000
-12.000000
-16.000000
-32.000000
-16.000000
-28.000000
-32.000000
-28.000000
-40.000000
-24.000000
-36.000000
-8.000000
-40.000000
-32.000000
-16.000000
-20.000000
-24.000000
-52.000000
-28.000000
-28.000000
-32.000000
-52.000000
-48.000000
-32.000000
-48.000000
-40.000000
-64.000000
-32.000000
-56.000000
-8.000000
-56.000000
-8.000000
-20.000000
-36.000000
-8.000000
-28.000000
-44.000000
-52.000000
8.000000
-32.000000
-36.000000
-44.000000
-40.000000
-44.000000
-44.000000
-52.000000
-80.000000
-60.000000
-40.000000
-36.000000
-40.000000
-52.000000
-36.000000
-28.000000
-72.000000
-80.000000
-52.000000
-40.000000
-40.000000
-72.000000
-32.000000
-52.000000
-60.000000
-80.000000
-88.000000
-36.000000
-52.000000
-60.000000
-68.000000
-68.000000
-68.000000
-96.000000
-72.000000
-52.000000
-32.000000
-64.000000
-44.000000
-20.000000
-16.000000
-20.000000
-40.000000
-32.000000
-52.000000
-44.000000
-52.000000
-68.000000
-72.000000
-64.000000
-44.000000
-20.000000
-60.000000
-56.000000
-36.000000
-20.000000
-48.000000
-20.000000
-68.000000
-40.000000
-56.000000
-48.000000
-52.000000
-60.000000
-28.000000
-44.000000
-52.000000
-52.000000
-56.000000
-40.000000
-60.000000
-16.000000
-64.000000
-28.000000
-28.000000
-28.000000
-48.000000
-16.000000
-32.000000
-40.000000
-36.000000
-20.000000
-48.000000
-16.000000
-24.000000
-8.000000
-32.000000
-36.000000
0.000000
-4.000000
8.000000
-24.000000
-40.000000
-44.000000
-28.000000
-20.000000
-76.000000
-32.000000
-12.000000
-36.000000
-48.000000
-60.000000
-28.000000
-16.000000
-20.000000
-16.000000
-32.000000
-44.000000
-32.000000
-56.000000
-16.000000
-24.000000
-40.000000
-28.000000
-8.000000
-28.000000
-40.000000
-20.000000
-24.000000
-12.000000
-28.000000
-28.000000
-16.000000
-16.000000
-32.000000
-56.000000
-40.000000
-44.000000
-12.000000
-44.000000
-16.000000
-8.000000
-24.000000
-32.000000
-32.000000
-24.000000
-12.000000
-20.000000
-36.000000
-40.000000
-64.000000
-72.000000
-64.000000
-44.000000
-48.000000
-60.000000
-36.000000
-64.000000
-20.000000
-64.000000
-36.000000
-40.000000
-44.000000
-8.000000
-36.000000
-24.000000
-24.000000
-8.000000
-32.000000
-28.000000
-48.000000
-28.000000
-32.000000
-40.000000
-12.000000
-20.000000
-28.000000
-24.000000
-52.000000
-28.000000
-24.000000
-32.000000
-20.000000
-52.000000
-32.000000
-32.000000
-28.000000
-48.000000
-8.000000
-52.000000
-24.000000
-52.000000
-36.000000
-36.000000
-44.000000
-36.000000
-36.000000
-48.000000
-48.000000
-68.000000
-60.000000
-48.000000
-44.000000
-24.000000
-36.000000
-52.000000
-12.000000
-28.000000
-28.000000
20.000000
-12.000000
16.000000
-12.000000
8.000000
-24.000000
-12.000000
-28.000000
-16.000000
-32.000000
-40.000000
0.000000
-8.000000
-12.000000
-12.000000
-4.000000
-4.000000
-36.000000
-24.000000
-20.000000
-36.000000
-52.000000
-24.000000
-36.000000
-32.000000
-12.000000
-32.000000
-24.000000
-32.000000
-32.000000
-36.000000
-32.000000
-16.000000
-28.000000
-16.000000
-44.000000
-32.000000
-44.000000
-48.000000
-60.000000
-36.000000
-20.000000
-24.000000
-4.000000
-36.000000
-16.000000
-36.000000
-28.000000
-12.000000
-44.000000
-8.000000
-40.000000
-40.000000
-40.000000
-44.000000
-48.000000
-24.000000
-72.000000
-32.000000
-60.000000
-72.000000
-40.000000
-48.000000
-60.000000
-36.000000
-72.000000
-76.000000
-48.000000
-52.000000
-48.000000
-60.000000
-64.000000
-60.000000
-92.000000
-44.000000
-48.000000
-48.000000
-40.000000
-48.000000
-72.000000
-72.000000
-40.000000
-48.000000
-72.000000
-52.000000
-56.000000
-52.000000
-56.000000
-64.000000
-52.000000
-16.000000
-36.000000
-28.000000
-32.000000
-36.000000
-36.000000
-28.000000
-60.000000
-68.000000
-44.000000
-64.000000
-64.000000
-48.000000
-32.000000
-60.000000
-52.000000
-80.000000
-32.000000
-32.000000
-32.000000
-60.000000
-60.000000
-72.000000
-40.000000
-32.000000
-44.000000
-20.000000
-60.000000
-68.000000
-40.000000
-24.000000
-64.000000
-28.000000
-52.000000
-48.000000
-72.000000
-32.000000
-68.000000
-52.000000
-32.000000
-64.000000
-28.000000
-36.000000
-36.000000
-36.000000
-24.000000
-28.000000
-48.000000
0.000000
0.000000
-8.000000
-20.000000
-12.000000
-40.000000
-44.000000
-12.000000
-44.000000
-24.000000
-48.000000
-32.000000
-44.000000
-40.000000
-52.000000
-20.000000
-32.000000
-36.000000
-32.000000
-24.000000
-28.000000
-44.000000
-24.000000
-24.000000
-28.000000
-24.000000
-24.000000
-36.000000
-24.000000
-28.000000
-20.000000
-28.000000
-32.000000
-24.000000
-32.000000
-24.000000
-36.000000
-28.000000
-32.000000
-36.000000
-20.000000
-16.000000
-28.000000
-8.000000
-48.000000
-48.000000
-40.000000
-48.000000
4.000000
-48.000000
-28.000000
-8.000000
-68.000000
-64.000000
-48.000000
-104.000000
-72.000000
-16.000000
-44.000000
-28.000000
-64.000000
-44.000000
-32.000000
-52.000000
-36.000000
-36.000000
-60.000000
-28.000000
-24.000000
-32.000000
-28.000000
-40.000000
-52.000000
-36.000000
-32.000000
-32.000000
-8.000000
-44.000000
-28.000000
-40.000000
-40.000000
-44.000000
-28.000000
-32.000000
