576.000000
816.000000
1024.000000
1220.000000
1308.000000
1352.000000
1232.000000
1056.000000
752.000000
368.000000
-72.000000
-552.000000
-1036.000000
-1472.000000
-1856.000000
-2124.000000
-2280.000000
-2284.000000
-2112.000000
-1836.000000
-1384.000000
-872.000000
-300.000000
336.000000
896.000000
1412.000000
1768.000000
2036.000000
2148.000000
2124.000000
1944.000000
1632.000000
1208.000000
792.000000
260.000000
-216.000000
-628.000000
-980.000000
-1232.000000
-1400.000000
-1404.000000
-1392.000000
-1276.000000
-1052.000000
-844.000000
-548.000000
-304.000000
-148.000000
-56.000000
-20.000000
-52.000000
-32.000000
-92.000000
-56.000000
-28.000000
-80.000000
-48.000000
-96.000000
-56.000000
-32.000000
-60.000000
-56.000000
-48.000000
-52.000000
-76.000000
-36.000000
-64.000000
-64.000000
-52.000000
-76.000000
-44.000000
-64.000000
-44.000000
-12.000000
-84.000000
-12.000000
-52.000000
-24.000000
-44.000000
-64.000000
-28.000000
-72.000000
-12.000000
-40.000000
-48.000000
-24.000000
-60.000000
-44.000000
-28.000000
-52.000000
-36.000000
-36.000000
-48.000000
-8.000000
-28.000000
-44.000000
-24.000000
-44.000000
-36.000000
-60.000000
-48.000000
-56.000000
-60.000000
-28.000000
-48.000000
-36.000000
-44.000000
-36.000000
-32.000000
-36.000000
-40.000000
-52.000000
-36.000000
-48.000000
-24.000000
-44.000000
-48.000000
-12.000000
-36.000000
-32.000000
-28.000000
-24.000000
-24.000000
-28.000000
-36.000000
-64.000000
-32.000000
-32.000000
-52.000000
-24.000000
-36.000000
-36.000000
4.000000
-24.000000
-24.000000
-20.000000
-36.000000
-24.000000
-52.000000
-32.000000
-24.000000
-4.000000
-48.000000
-36.000000
-64.000000
-100.000000
-72.000000
-92.000000
-56.000000
-76.000000
-52.000000
-24.000000
-52.000000
-76.000000
-32.000000
-32.000000
-48.000000
-36.000000
-40.000000
-60.000000
-40.000000
-36.000000
-24.000000
-16.000000
-32.000000
-44.000000
-24.000000
-52.000000
-4.000000
-12.000000
-20.000000
-24.000000
-32.000000
-28.000000
-36.000000
-36.000000
-44.000000
-32.000000
-36.000000
-56.000000
-28.000000
-28.000000
-16.000000
-44.000000
-48.000000
-12.000000
-60.000000
-32.000000
-52.000000
-48.000000
-36.000000
-60.000000
-76.000000
-80.000000
-68.000000
-60.000000
-36.000000
-48.000000
-8.000000
-24.000000
-32.000000
-12.000000
-40.000000
-64.000000
4.000000
-32.000000
-32.000000
-52.000000
4.000000
-56.000000
-20.000000
-16.000000
-48.000000
-16.000000
-32.000000
-16.000000
-20.000000
-32.000000
-52.000000
-28.000000
-24.000000
0.000000
-28.000000
-40.000000
-48.000000
-48.000000
-28.000000
-40.000000
-32.000000
-56.000000
-20.000000
-36.000000
-28.000000
-28.000000
-40.000000
-40.000000
-48.000000
-36.000000
-44.000000
-52.000000
-28.000000
-52.000000
-64.000000
-12.000000
-36.000000
-52.000000
-28.000000
-28.000000
-44.000000
-44.000000
-24.000000
-56.000000
-24.000000
-44.000000
-28.000000
-60.000000
-40.000000
-48.000000
-48.000000
-44.000000
-60.000000
-60.000000
-56.000000
-44.000000
-44.000000
-44.000000
-48.000000
-72.000000
-32.000000
-44.000000
-36.000000
-64.000000
-44.000000
-92.000000
-64.000000
-72.000000
-80.000000
-80.000000
-80.000000
-60.000000
-60.000000
-80.000000
-44.000000
-44.000000
-60.000000
-72.000000
-60.000000
-92.000000
-32.000000
-88.000000
-76.000000
-60.000000
-60.000000
-60.000000
-44.000000
-56.000000
-32.000000
-44.000000
-32.000000
-48.000000
-72.000000
-48.000000
-52.000000
-64.000000
-56.000000
-36.000000
-52.000000
-40.000000
-32.000000
-44.000000
-44.000000
-60.000000
-60.000000
-44.000000
-52.000000
-48.000000
-40.000000
-56.000000
-52.000000
-80.000000
-16.000000
-60.000000
-52.000000
-40.000000
-72.000000
-32.000000
-32.000000
-64.000000
-36.000000
-72.000000
-28.000000
-32.000000
-44.000000
-52.000000
-48.000000
-36.000000
-16.000000
-44.000000
-32.000000
-48.000000
-24.000000
-44.000000
-8.000000
-20.000000
0.000000
-32.000000
-16.000000
-36.000000
-44.000000
-36.000000
-80.000000
-56.000000
-76.000000
-28.000000
-40.000000
-32.000000
-24.000000
-64.000000
-28.000000
-40.000000
-24.000000
-28.000000
-44.000000
-32.000000
-28.000000
-24.000000
-32.000000
-40.000000
-24.000000
-44.000000
-20.000000
-36.000000
-40.000000
-44.000000
-40.000000
0.000000
-40.000000
-24.000000
-44.000000
-52.000000
-24.000000
-12.000000
-20.000000
-44.000000
-44.000000
-52.000000
-52.000000
-52.000000
-24.000000
-16.000000
-20.000000
-32.000000
-40.000000
-40.000000
-40.000000
-92.000000
-52.000000
-16.000000
-44.000000
-32.000000
-48.000000
-48.000000
-48.000000
-48.000000
-28.000000
-16.000000
-44.000000
-20.000000
-32.000000
-24.000000
-32.000000
0.000000
-20.000000
-36.000000
-28.000000
-24.000000
-48.000000
-32.000000
-32.000000
-28.000000
-36.000000
-44.000000
-72.000000
-32.000000
-24.000000
-36.000000
-28.000000
-52.000000
-40.000000
-8.000000
-48.000000
-36.000000
-44.000000
-32.000000
-40.000000
-20.000000
-36.000000
-36.000000
-52.000000
-52.000000
-56.000000
-52.000000
-84.000000
-48.000000
-76.000000
-48.000000
-40.000000
-20.000000
-44.000000
-48.000000
-24.000000
-40.000000
-28.000000
-44.000000
-44.000000
-24.000000
-32.000000
4.000000
-40.000000
-12.000000
-20.000000
-24.000000
-8.000000
-40.000000
-8.000000
-12.000000
-32.000000
-36.000000
-36.000000
-36.000000
-8.000000
-40.000000
-32.000000
-36.000000
-36.000000
-28.000000
-52.000000
-28.000000
-28.000000
-40.000000
-32.000000
-36.000000
-44.000000
-48.000000
-36.000000
-44.000000
-44.000000
-36.000000
-44.000000
-52.000000
-20.000000
-24.000000
-76.000000
-32.000000
-44.000000
-40.000000
-48.000000
-28.000000
-28.000000
-24.000000
-16.000000
-16.000000
-36.000000
-36.000000
-20.000000
-64.000000
-4.000000
-64.000000
-48.000000
-52.000000
-44.000000
-64.000000
-60.000000
-48.000000
-28.000000
-52.000000
-60.000000
-64.000000
-88.000000
-60.000000
-76.000000
-48.000000
-44.000000
-56.000000
-56.000000
-60.000000
-84.000000
-68.000000
-12.000000
-32.000000
-68.000000
-32.000000
-32.000000
-52.000000
-68.000000
-52.000000
-80.000000
-64.000000
-84.000000
-36.000000
-64.000000
-32.000000
-56.000000
-24.000000
-20.000000
-28.000000
-44.000000
-36.000000
-36.000000
-32.000000
-28.000000
-60.000000
-48.000000
-20.000000
-32.000000
-84.000000
-44.000000
-40.000000
-48.000000
-28.000000
-56.000000
-40.000000
-48.000000
-20.000000
-76.000000
-44.000000
-32.000000
-16.000000
-44.000000
-28.000000
-84.000000
-32.000000
-52.000000
-48.000000
-52.000000
-48.000000
-40.000000
-44.000000
-56.000000
-32.000000
-20.000000
-72.000000
-20.000000
-40.000000
-88.000000
-48.000000
-48.000000
-48.000000
-32.000000
-20.000000
-36.000000
-24.000000
-28.000000
-52.000000
-40.000000
-20.000000
-44.000000
-32.000000
-64.000000
-12.000000
-64.000000
-80.000000
-48.000000
-52.000000
-40.000000
-28.000000
-36.000000
-40.000000
-40.000000
-40.000000
-40.000000
-28.000000
-36.000000
-32.000000
-28.000000
-24.000000
-28.000000
-44.000000
-40.000000
-32.000000
-40.000000
-32.000000
-20.000000
-28.000000
-48.000000
-32.000000
-16.000000
-28.000000
-20.000000
-16.000000
-20.000000
-32.000000
-16.000000
-28.000000
-28.000000
-36.000000
-16.000000
-28.000000
-16.000000
-52.000000
-8.000000
-4.000000
-52.000000
4.000000
-36.000000
-60.000000
-40.000000
-36.000000
-64.000000
-48.000000
-52.000000
-52.000000
-40.000000
-28.000000
-52.000000
-16.000000
-44.000000
-40.000000
-12.000000
-8.000000
-24.000000
-28.000000
-40.000000
-28.000000
0.000000
-20.000000
-32.000000
-32.000000
-36.000000
-28.000000
-28.000000
-20.000000
-12.000000
-44.000000
-32.000000
-40.000000
-32.000000
-32.000000
-28.000000
-32.000000
-44.000000
0.000000
-24.000000
-60.000000
-16.000000
-32.000000
-36.000000
-32.000000
-28.000000
-36.000000
-36.000000
-52.000000
-48.000000
-92.000000
-68.000000
-80.000000
-68.000000
-16.000000
-56.000000
-36.000000
-16.000000
-36.000000
-36.000000
-20.000000
-4.000000
-8.000000
-68.000000
-12.000000
-16.000000
-8.000000
-20.000000
-52.000000
0.000000
-4.000000
-36.000000
-12.000000
-40.000000
-48.000000
-28.000000
-36.000000
-32.000000
-24.000000
-20.000000
-40.000000
-12.000000
-36.000000
-32.000000
-24.000000
-4.000000
-32.000000
-44.000000
-32.000000
-48.000000
-32.000000
-40.000000
-40.000000
-28.000000
-36.000000
-28.000000
-40.000000
-32.000000
-36.000000
-48.000000
-40.000000
-40.000000
-16.000000
-48.000000
-28.000000
-48.000000
-28.000000
-36.000000
-4.000000
-24.000000
-16.000000
-36.000000
-28.000000
-48.000000
-40.000000
-44.000000
-44.000000
-40.000000
-56.000000
-40.000000
-24.000000
-52.000000
-56.000000
-68.000000
-60.000000
-40.000000
-60.000000
-60.000000
-72.000000
-56.000000
-60.000000
-48.000000
-72.000000
-84.000000
-44.000000
-76.000000
-56.000000
-44.000000
-56.000000
-48.000000
-92.000000
-76.000000
-32.000000
-32.000000
-52.000000
-64.000000
-84.000000
-52.000000
-72.000000
-60.000000
-24.000000
-24.000000
-16.000000
-44.000000
-28.000000
-40.000000
-48.000000
-48.000000
-52.000000
-48.000000
-40.000000
-28.000000
-48.000000
-64.000000
-28.000000
-80.000000
-44.000000
-48.000000
-80.000000
-44.000000
-48.000000
-40.000000
-56.000000
-52.000000
-60.000000
-24.000000
-48.000000
-60.000000
-12.000000
-72.000000
-36.000000
-48.000000
-48.000000
-48.000000
-48.000000
-56.000000
-20.000000
-72.000000
-20.000000
-48.000000
-48.000000
-28.000000
-52.000000
-60.000000
-44.000000
-36.000000
-32.000000
-28.000000
-52.000000
-8.000000
4.000000
-40.000000
-28.000000
-32.000000
-44.000000
-28.000000
-44.000000
-60.000000
-36.000000
-32.000000
-36.000000
-44.000000
-52.000000
-16.000000
-20.000000
-52.000000
-24.000000
-28.000000
-40.000000
-28.000000
-44.000000
-28.000000
-32.000000
-32.000000
-36.000000
-40.000000
-16.000000
-44.000000
-40.000000
-24.000000
-8.000000
-16.000000
-44.000000
-68.000000
-36.000000
-8.000000
-28.000000
0.000000
-40.000000
-24.000000
-8.000000
-20.000000
-36.000000
-24.000000
-28.000000
-12.000000
-40.000000
-12.000000
12.000000
-36.000000
-28.000000
-56.000000
-52.000000
-40.000000
-60.000000
-36.000000
-44.000000
-36.000000
-44.000000
-40.000000
-52.000000
-40.000000
-28.000000
-52.000000
-28.000000
-12.000000
-48.000000
-44.000000
-52.000000
-40.000000
-16.000000
-12.000000
-32.000000
-12.000000
-52.000000
-8.000000
-44.000000
-28.000000
-16.000000
-48.000000
-4.000000
-32.000000
-48.000000
-24.000000
-44.000000
-40.000000
-32.000000
-24.000000
-48.000000
-28.000000
-16.000000
-28.000000
-20.000000
-72.000000
-24.000000
-40.000000
-36.000000
-40.000000
-60.000000
-32.000000
-48.000000
-56.000000
-48.000000
-40.000000
-36.000000
-60.000000
-12.000000
-12.000000
-8.000000
-20.000000
-16.000000
-16.000000
-24.000000
-8.000000
-16.000000
-32.000000
0.000000
-24.000000
-28.000000
4.000000
-20.000000
-12.000000
-24.000000
-16.000000
-28.000000
-16.000000
-28.000000
-28.000000
-40.000000
-12.000000
-40.000000
-36.000000
-16.000000
-20.000000
-44.000000
-4.000000
-60.000000
-24.000000
-40.000000
-36.000000
-16.000000
-32.000000
-56.000000
-36.000000
-24.000000
-28.000000
-44.000000
-12.000000
-60.000000
-32.000000
-16.000000
-44.000000
-24.000000
-20.000000
-36.000000
-28.000000
-16.000000
-32.000000
-36.000000
4.000000
-40.000000
-16.000000
-40.000000
-32.000000
-16.000000
-48.000000
-40.000000
-40.000000
-32.000000
-60.000000
-24.000000
-44.000000
-32.000000
-32.000000
-44.000000
-32.000000
-28.000000
-60.000000
-56.000000
-72.000000
-60.000000
-80.000000
-52.000000
-52.000000
-64.000000
-52.000000
-68.000000
-48.000000
-28.000000
-48.000000
-36.000000
-56.000000
-52.000000
-64.000000
-72.000000
-40.000000
-44.000000
-40.000000
-40.000000
-60.000000
-36.000000
-24.000000
-32.000000
-28.000000
-52.000000
-8.000000
-60.000000
-36.000000
-56.000000
-36.000000
-52.000000
-48.000000
-68.000000
-56.000000
-52.000000
-28.000000
-36.000000
-56.000000
-24.000000
-64.000000
-40.000000
-60.000000
-44.000000
-48.000000
-60.000000
-56.000000
-52.000000
-48.000000
-48.000000
-68.000000
-28.000000
-60.000000
-40.000000
-36.000000
-88.000000
-52.000000
-40.000000
-48.000000
-32.000000
-80.000000
-48.000000
-36.000000
-60.000000
-40.000000
-52.000000
-36.000000
-32.000000
-12.000000
-80.000000
-12.000000
20.000000
8.000000
4.000000
-12.000000
-32.000000
-20.000000
-44.000000
-28.000000
-40.000000
-56.000000
-24.000000
-48.000000
-40.000000
-40.000000
-28.000000
-44.000000
-44.000000
-32.000000
-8.000000
-52.000000
-4.000000
-24.000000
-40.000000
-44.000000
-24.000000
-36.000000
-36.000000
-28.000000
-24.000000
-32.000000
-16.000000
-36.000000
-44.000000
-36.000000
-40.000000
-16.000000
-32.000000
-24.000000
-56.000000
-20.000000
-40.000000
-32.000000
-44.000000
-32.000000
-28.000000
-36.000000
-24.000000
-4.000000
-28.000000
-16.000000
-36.000000
-36.000000
-44.000000
-48.000000
-36.000000
-28.000000
-60.000000
-40.000000
-56.000000
-56.000000
-52.000000
-32.000000
-8.000000
-44.000000
-28.000000
-16.000000
-40.000000
-60.000000
-48.000000
-20.000000
-60.000000
-28.000000
-48.000000
-24.000000
-48.000000
-20.000000
-48.000000
-28.000000
-36.000000
-32.000000
-32.000000
-28.000000
-44.000000
-52.000000
-32.000000
-36.000000
-16.000000
-20.000000
-28.000000
-32.000000
-52.000000
-20.000000
-28.000000
-28.000000
-36.000000
-24.000000
-40.000000
-32.000000
-28.000000
-52.000000
-56.000000
-20.000000
-64.000000
-28.000000
-72.000000
-28.000000
-32.000000
-32.000000
-52.000000
-24.000000
-16.000000
-16.000000
-16.000000
-36.000000
-12.000000
-20.000000
-16.000000
-8.000000
-28.000000
-16.000000
-16.000000
-20.000000
-32.000000
-40.000000
-16.000000
-16.000000
-8.000000
-36.000000
-24.000000
-12.000000
-36.000000
-8.000000
-12.000000
-28.000000
-40.000000
-36.000000
-20.000000
-40.000000
-40.000000
-8.000000
-36.000000
-32.000000
-16.000000
-48.000000
-24.000000
-24.000000
-32.000000
-16.000000
-8.000000
-8.000000
-48.000000
-28.000000
-44.000000
-44.000000
-40.000000
-16.000000
0.000000
-12.000000
-40.000000
-28.000000
-28.000000
-32.000000
-36.000000
-52.000000
-36.000000
-44.000000
-36.000000
-48.000000
-44.000000
-44.000000
-44.000000
-44.000000
-56.000000
-48.000000
-64.000000
-36.000000
-20.000000
-48.000000
-72.000000
-60.000000
-48.000000
-52.000000
-60.000000
-72.000000
-64.000000
-56.000000
-48.000000
-48.000000
-64.000000
-52.000000
-72.000000
-16.000000
-28.000000
-52.000000
-12.000000
-92.000000
-72.000000
-20.000000
-80.000000
-36.000000
-32.000000
-36.000000
-24.000000
-60.000000
-36.000000
-36.000000
-68.000000
-44.000000
-76.000000
-36.000000
-52.000000
-48.000000
-52.000000
-76.000000
-44.000000
-72.000000
-56.000000
-32.000000
-76.000000
-60.000000
-72.000000
-68.000000
-40.000000
-56.000000
-56.000000
-32.000000
-48.000000
-48.000000
-40.000000
-32.000000
-36.000000
-64.000000
-48.000000
-44.000000
-64.000000
-36.000000
-36.000000
-44.000000
-36.000000
-44.000000
-28.000000
-12.000000
-60.000000
-12.000000
-48.000000
-40.000000
-24.000000
-36.000000
0.000000
-16.000000
-32.000000
-12.000000
-20.000000
-52.000000
-48.000000
-32.000000
-24.000000
-36.000000
-52.000000
-32.000000
-60.000000
-24.000000
-44.000000
-24.000000
-20.000000
-32.000000
-20.000000
-32.000000
-36.000000
-32.000000
-32.000000
-32.000000
-36.000000
-36.000000
-20.000000
-24.000000
-12.000000
-16.000000
-24.000000
-32.000000
-36.000000
-20.000000
-28.000000
-24.000000
-24.000000
-32.000000
-20.000000
-28.000000
-24.000000
-16.000000
-16.000000
-40.000000
-24.000000
8.000000
-24.000000
0.000000
-24.000000
-16.000000
-16.000000
-16.000000
-64.000000
-48.000000
-60.000000
-36.000000
-60.000000
-48.000000
-44.000000
-56.000000
-40.000000
-48.000000
-52.000000
-16.000000
-32.000000
-32.000000
-48.000000
-24.000000
-48.000000
-28.000000
-28.000000
-32.000000
-24.000000
-52.000000
-20.000000
-36.000000
-56.000000
-36.000000
-24.000000
-16.000000
-28.000000
4.000000
-48.000000
-32.000000
-44.000000
-16.000000
-28.000000
-24.000000
-20.000000
-20.000000
-36.000000
-28.000000
-48.000000
-32.000000
-48.000000
-12.000000
-52.000000
-44.000000
-32.000000
-36.000000
-64.000000
-52.000000
-84.000000
-68.000000
-40.000000
-44.000000
-44.000000
-48.000000
-8.000000
-28.000000
8.000000
-28.000000
-32.000000
-40.000000
-36.000000
16.000000
-40.000000
-20.000000
-36.000000
-20.000000
12.000000
-28.000000
-28.000000
-20.000000
-32.000000
-48.000000
-12.000000
-32.000000
-24.000000
-24.000000
-44.000000
-20.000000
-40.000000
-28.000000
-60.000000
-32.000000
-28.000000
-28.000000
-40.000000
-32.000000
-36.000000
-52.000000
-36.000000
-44.000000
-56.000000
-12.000000
-28.000000
-44.000000
-40.000000
-40.000000
-40.000000
-64.000000
-52.000000
-36.000000
-36.000000
-32.000000
-28.000000
-20.000000
-36.000000
-36.000000
-20.000000
-20.000000
-52.000000
-44.000000
-48.000000
-48.000000
-36.000000
-52.000000
-72.000000
-32.000000
-48.000000
-36.000000
-52.000000
-48.000000
-56.000000
-28.000000
-68.000000
-56.000000
-64.000000
-44.000000
-72.000000
-64.000000
-60.000000
-64.000000
-60.000000
-68.000000
-44.000000
-72.000000
-44.000000
-64.000000
-48.000000
-12.000000
-44.000000
-68.000000
-60.000000
-88.000000
-76.000000
-52.000000
-68.000000
-60.000000
-80.000000
-48.000000
-44.000000
-16.000000
-40.000000
-60.000000
-28.000000
-48.000000
-60.000000
-28.000000
-56.000000
-52.000000
-40.000000
-76.000000
-36.000000
-56.000000
-52.000000
-44.000000
-52.000000
-64.000000
-48.000000
-84.000000
-52.000000
-28.000000
-48.000000
-24.000000
-56.000000
-56.000000
-36.000000
-68.000000
-36.000000
-44.000000
-64.000000
-48.000000
-48.000000
-60.000000
-32.000000
-52.000000
-52.000000
-36.000000
-44.000000
-40.000000
-40.000000
-12.000000
-56.000000
-52.000000
-40.000000
-36.000000
-28.000000
-36.000000
-48.000000
-16.000000
-16.000000
-20.000000
-28.000000
-28.000000
-28.000000
-36.000000
-44.000000
-32.000000
-48.000000
-44.000000
-64.000000
-60.000000
-72.000000
-28.000000
-56.000000
-24.000000
-40.000000
-28.000000
-52.000000
-36.000000
-48.000000
-28.000000
-32.000000
-8.000000
-24.000000
-16.000000
-8.000000
-44.000000
-52.000000
-36.000000
-36.000000
-28.000000
-24.000000
-16.000000
-40.000000
-20.000000
-12.000000
-20.000000
-48.000000
-32.000000
-16.000000
-48.000000
-40.000000
-16.000000
0.000000
-44.000000
-36.000000
-12.000000
-32.000000
-20.000000
-52.000000
-60.000000
-44.000000
-92.000000
-68.000000
-88.000000
-56.000000
-28.000000
-64.000000
-40.000000
-40.000000
-28.000000
-76.000000
-52.000000
-32.000000
-36.000000
-56.000000
-24.000000
-48.000000
-40.000000
-32.000000
-48.000000
-60.000000
-20.000000
-44.000000
-32.000000
-20.000000
-32.000000
-36.000000
-44.000000
-32.000000
-36.000000
-20.000000
-36.000000
-4.000000
-8.000000
-52.000000
-28.000000
-36.000000
-32.000000
-44.000000
-40.000000
-28.000000
-40.000000
-36.000000
-36.000000
-44.000000
-52.000000
-8.000000
-72.000000
-64.000000
-36.000000
-36.000000
-32.000000
-60.000000
-24.000000
-60.000000
-28.000000
-32.000000
-56.000000
-16.000000
-28.000000
-16.000000
-36.000000
-32.000000
-28.000000
-16.000000
-24.000000
-24.000000
-36.000000
-60.000000
-24.000000
-24.000000
-36.000000
-16.000000
-24.000000
-32.000000
-28.000000
-20.000000
-40.000000
-32.000000
-24.000000
-24.000000
-32.000000
-44.000000
-28.000000
-32.000000
-44.000000
-20.000000
-44.000000
-32.000000
-40.000000
-36.000000
-60.000000
-32.000000
-40.000000
-48.000000
-36.000000
-52.000000
-20.000000
-40.000000
-36.000000
-36.000000
-36.000000
-28.000000
-24.000000
-20.000000
-56.000000
-40.000000
-28.000000
-44.000000
-28.000000
-56.000000
-36.000000
-44.000000
-40.000000
-36.000000
-52.000000
-36.000000
-44.000000
-60.000000
-36.000000
-28.000000
-48.000000
-80.000000
-88.000000
-60.000000
-88.000000
-76.000000
-40.000000
-60.000000
-56.000000
-76.000000
-52.000000
-40.000000
-72.000000
-40.000000
-76.000000
-32.000000
-64.000000
-56.000000
-72.000000
-80.000000
-40.000000
-92.000000
-36.000000
-44.000000
-64.000000
-40.000000
-76.000000
-32.000000
-32.000000
-92.000000
-20.000000
-60.000000
-32.000000
-60.000000
-60.000000
-36.000000
-52.000000
-64.000000
-72.000000
-44.000000
-80.000000
-68.000000
-52.000000
-48.000000
-44.000000
-48.000000
-52.000000
-44.000000
-52.000000
-76.000000
-24.000000
-52.000000
-68.000000
-32.000000
-28.000000
-44.000000
-44.000000
-24.000000
-12.000000
-52.000000
-56.000000
-28.000000
-60.000000
-36.000000
-32.000000
-44.000000
-72.000000
-32.000000
-36.000000
-60.000000
-44.000000
-60.000000
-52.000000
-28.000000
-20.000000
-44.000000
-12.000000
-40.000000
-12.000000
-68.000000
-40.000000
-32.000000
-44.000000
-56.000000
-36.000000
-44.000000
-52.000000
-40.000000
-44.000000
-48.000000
-48.000000
-36.000000
-52.000000
-48.000000
-32.000000
-36.000000
-32.000000
-36.000000
-44.000000
-32.000000
-40.000000
-56.000000
-52.000000
-20.000000
-44.000000
-20.000000
-36.000000
-24.000000
-24.000000
-36.000000
-20.000000
-28.000000
-44.000000
-44.000000
-12.000000
-36.000000
-64.000000
-16.000000
-40.000000
-48.000000
-12.000000
-56.000000
4.000000
-28.000000
-12.000000
-24.000000
-20.000000
-36.000000
-80.000000
-72.000000
-56.000000
-16.000000
-80.000000
-60.000000
-60.000000
-40.000000
-36.000000
-36.000000
-28.000000
-28.000000
-40.000000
-8.000000
-16.000000
-28.000000
-48.000000
-24.000000
-36.000000
-36.000000
-8.000000
-40.000000
-52.000000
-32.000000
-32.000000
-40.000000
-48.000000
-24.000000
-36.000000
-32.000000
-40.000000
-28.000000
-56.000000
-12.000000
-56.000000
-20.000000
-64.000000
-16.000000
-52.000000
-8.000000
-64.000000
-24.000000
-48.000000
-40.000000
-56.000000
-28.000000
-52.000000
-52.000000
-16.000000
-52.000000
-80.000000
-48.000000
-56.000000
-36.000000
-8.000000
-24.000000
-24.000000
-32.000000
-44.000000
0.000000
-28.000000
-12.000000
-32.000000
-28.000000
-16.000000
-20.000000
-32.000000
-28.000000
-60.000000
0.000000
-12.000000
-36.000000
-36.000000
-16.000000
-28.000000
-12.000000
-16.000000
-52.000000
-56.000000
-28.000000
-36.000000
-32.000000
-20.000000
-44.000000
-36.000000
-36.000000
-36.000000
-52.000000
-28.000000
-36.000000
-64.000000
-56.000000
-72.000000
-8.000000
-36.000000
-16.000000
-36.000000
-48.000000
-40.000000
-44.000000
-52.000000
-28.000000
-24.000000
-16.000000
-48.000000
-24.000000
-12.000000
-20.000000
-28.000000
-28.000000
-72.000000
-32.000000
-12.000000
-32.000000
-60.000000
-60.000000
-68.000000
-52.000000
-80.000000
-32.000000
-60.000000
-32.000000
-52.000000
-16.000000
-52.000000
-56.000000
-40.000000
-48.000000
-60.000000
-68.000000
-76.000000
-80.000000
-92.000000
-52.000000
-56.000000
-68.000000
-56.000000
-64.000000
-52.000000
-72.000000
-80.000000
-40.000000
-56.000000
-80.000000
-76.000000
-80.000000
-48.000000
-52.000000
-40.000000
-52.000000
-8.000000
-32.000000
-20.000000
-44.000000
