472.000000
772.000000
996.000000
1196.000000
1336.000000
1340.000000
1288.000000
1128.000000
852.000000
468.000000
104.000000
-396.000000
-884.000000
-1312.000000
-1716.000000
-2028.000000
-2228.000000
-2252.000000
-2144.000000
-1876.000000
-1484.000000
-964.000000
-400.000000
188.000000
800.000000
1300.000000
1736.000000
2020.000000
2192.000000
2188.000000
2064.000000
1780.000000
1384.000000
988.000000
464.000000
-12.000000
-440.000000
-848.000000
-1124.000000
-1320.000000
-1400.000000
-1396.000000
-1288.000000
-1096.000000
-892.000000
-628.000000
-392.000000
-168.000000
-32.000000
-16.000000
-16.000000
-28.000000
-48.000000
-36.000000
-44.000000
-20.000000
-44.000000
-44.000000
-36.000000
-32.000000
-28.000000
-36.000000
-52.000000
-12.000000
-24.000000
-4.000000
-20.000000
-48.000000
-20.000000
-32.000000
-32.000000
-20.000000
-52.000000
-72.000000
-36.000000
-32.000000
-52.000000
-48.000000
-36.000000
-52.000000
-60.000000
-48.000000
-56.000000
-64.000000
-64.000000
-32.000000
-64.000000
-40.000000
-48.000000
-44.000000
-40.000000
-48.000000
-76.000000
-48.000000
-60.000000
-52.000000
-60.000000
-52.000000
-60.000000
-48.000000
-60.000000
-72.000000
-60.000000
-48.000000
-48.000000
-68.000000
-40.000000
-32.000000
-48.000000
4.000000
-28.000000
0.000000
-48.000000
-24.000000
-44.000000
-48.000000
-60.000000
-52.000000
-60.000000
-56.000000
-44.000000
-64.000000
-72.000000
-72.000000
-40.000000
-44.000000
-80.000000
-48.000000
-64.000000
-64.000000
-40.000000
-12.000000
-68.000000
-44.000000
-64.000000
-16.000000
-56.000000
-56.000000
-52.000000
-44.000000
-72.000000
-64.000000
-64.000000
-28.000000
-40.000000
-24.000000
-36.000000
-16.000000
-8.000000
-60.000000
-24.000000
-20.000000
-28.000000
-24.000000
-28.000000
-36.000000
-16.000000
-28.000000
12.000000
-8.000000
-40.000000
-24.000000
-24.000000
-44.000000
-52.000000
-72.000000
-16.000000
-52.000000
-24.000000
-44.000000
-48.000000
-44.000000
-28.000000
-44.000000
-40.000000
-28.000000
-24.000000
-44.000000
-16.000000
-24.000000
-24.000000
-28.000000
-28.000000
-12.000000
-32.000000
-48.000000
-28.000000
-36.000000
-28.000000
-24.000000
-12.000000
-28.000000
-52.000000
-16.000000
-40.000000
-40.000000
-36.000000
-36.000000
-28.000000
-40.000000
32.000000
-16.000000
-32.000000
0.000000
-16.000000
-40.000000
-36.000000
-36.000000
-48.000000
-52.000000
-76.000000
-56.000000
-40.000000
-8.000000
-80.000000
-48.000000
-52.000000
-32.000000
-56.000000
-52.000000
-68.000000
-28.000000
-24.000000
-16.000000
-36.000000
-32.000000
-36.000000
-20.000000
-12.000000
-28.000000
-40.000000
-24.000000
-8.000000
-8.000000
-36.000000
-32.000000
-44.000000
-8.000000
-28.000000
-40.000000
-32.000000
-24.000000
-52.000000
-24.000000
-36.000000
-44.000000
-24.000000
-12.000000
-36.000000
-20.000000
-36.000000
-20.000000
-52.000000
-32.000000
-44.000000
-36.000000
-52.000000
-36.000000
-48.000000
-88.000000
-56.000000
-60.000000
-44.000000
-24.000000
-36.000000
-16.000000
4.000000
-28.000000
-28.000000
-8.000000
-20.000000
-12.000000
-12.000000
-12.000000
-12.000000
-4.000000
-16.000000
-28.000000
-20.000000
-32.000000
-16.000000
-20.000000
-20.000000
-28.000000
-8.000000
-36.000000
-16.000000
-36.000000
-32.000000
-24.000000
-16.000000
-20.000000
-20.000000
24.000000
-28.000000
-16.000000
-32.000000
-32.000000
-16.000000
-36.000000
-36.000000
-32.000000
-52.000000
-36.000000
-60.000000
-36.000000
-32.000000
-48.000000
-36.000000
-64.000000
-16.000000
-28.000000
-52.000000
-28.000000
-28.000000
-16.000000
-48.000000
-12.000000
-28.000000
-52.000000
-52.000000
-44.000000
-24.000000
-44.000000
-44.000000
-44.000000
-72.000000
-28.000000
-40.000000
-76.000000
-44.000000
-48.000000
-68.000000
-56.000000
-64.000000
-56.000000
-56.000000
-60.000000
-52.000000
-64.000000
-80.000000
-44.000000
-76.000000
-52.000000
-80.000000
-60.000000
-92.000000
-60.000000
-48.000000
-64.000000
-68.000000
-72.000000
-88.000000
-56.000000
-72.000000
-52.000000
-60.000000
-40.000000
-20.000000
0.000000
-56.000000
0.000000
-28.000000
-52.000000
-48.000000
-48.000000
-64.000000
-68.000000
-60.000000
-52.000000
-48.000000
-56.000000
-56.000000
-72.000000
-48.000000
-60.000000
-44.000000
-48.000000
-60.000000
-44.000000
-48.000000
-52.000000
-36.000000
-76.000000
-60.000000
-64.000000
-36.000000
-36.000000
-24.000000
-32.000000
-56.000000
-52.000000
-28.000000
-44.000000
-48.000000
-16.000000
-52.000000
-16.000000
-36.000000
-48.000000
-20.000000
-48.000000
-24.000000
-44.000000
-8.000000
-32.000000
-24.000000
8.000000
-20.000000
4.000000
-28.000000
-4.000000
-36.000000
-40.000000
-36.000000
-60.000000
-16.000000
-80.000000
-36.000000
-44.000000
-52.000000
-12.000000
-56.000000
-40.000000
-40.000000
-40.000000
-16.000000
-64.000000
-36.000000
-44.000000
-48.000000
-16.000000
-24.000000
-28.000000
-44.000000
-40.000000
-8.000000
-32.000000
-32.000000
-12.000000
-28.000000
-24.000000
-16.000000
-32.000000
-20.000000
-16.000000
-32.000000
-36.000000
-32.000000
-44.000000
-12.000000
-44.000000
-36.000000
-24.000000
4.000000
-12.000000
-32.000000
-12.000000
-28.000000
-64.000000
-40.000000
-24.000000
-76.000000
-32.000000
-28.000000
-52.000000
-52.000000
-36.000000
-36.000000
-40.000000
-40.000000
-40.000000
-12.000000
-36.000000
-16.000000
-32.000000
-40.000000
-24.000000
-16.000000
-32.000000
-12.000000
-24.000000
-28.000000
-64.000000
-28.000000
-16.000000
-16.000000
0.000000
-32.000000
-48.000000
-24.000000
-68.000000
-20.000000
-16.000000
-16.000000
-24.000000
-60.000000
-32.000000
-28.000000
-36.000000
-40.000000
-28.000000
-28.000000
-32.000000
-32.000000
-20.000000
-40.000000
-44.000000
-52.000000
-84.000000
-64.000000
-60.000000
-48.000000
-24.000000
-44.000000
-16.000000
-36.000000
-16.000000
4.000000
8.000000
-4.000000
12.000000
0.000000
-8.000000
0.000000
-12.000000
-12.000000
4.000000
-24.000000
-16.000000
-28.000000
-28.000000
-20.000000
-8.000000
-8.000000
-24.000000
-28.000000
-28.000000
-28.000000
-12.000000
-36.000000
-28.000000
-16.000000
-32.000000
-24.000000
-28.000000
-40.000000
-40.000000
-48.000000
-28.000000
-32.000000
-52.000000
-24.000000
-44.000000
-52.000000
-48.000000
-20.000000
-72.000000
-32.000000
-24.000000
-28.000000
-8.000000
-28.000000
-12.000000
-4.000000
-44.000000
-32.000000
-44.000000
-28.000000
-20.000000
-56.000000
-20.000000
-40.000000
-36.000000
-48.000000
-48.000000
-60.000000
-60.000000
-44.000000
-72.000000
-60.000000
-48.000000
-72.000000
-44.000000
-16.000000
-44.000000
-52.000000
-36.000000
-44.000000
-48.000000
-52.000000
-68.000000
-68.000000
-48.000000
-64.000000
-56.000000
-72.000000
-72.000000
-80.000000
-72.000000
-64.000000
-60.000000
-36.000000
-36.000000
-72.000000
-72.000000
-72.000000
-60.000000
-16.000000
-36.000000
-32.000000
-28.000000
-24.000000
-32.000000
-48.000000
-64.000000
-64.000000
-20.000000
-60.000000
-40.000000
-48.000000
-48.000000
-56.000000
-44.000000
-48.000000
-48.000000
-52.000000
-80.000000
-36.000000
-56.000000
-36.000000
-44.000000
-72.000000
-32.000000
-12.000000
-48.000000
-48.000000
-28.000000
-12.000000
-68.000000
-64.000000
-48.000000
-44.000000
-48.000000
-48.000000
-40.000000
-44.000000
-16.000000
-28.000000
-56.000000
-40.000000
-40.000000
-24.000000
-44.000000
-44.000000
-52.000000
-20.000000
-12.000000
-16.000000
-16.000000
-16.000000
-32.000000
-40.000000
-28.000000
-8.000000
-28.000000
-24.000000
-76.000000
-36.000000
-48.000000
-52.000000
-32.000000
-32.000000
-44.000000
-32.000000
-48.000000
-24.000000
-52.000000
-28.000000
-24.000000
-24.000000
-32.000000
-20.000000
-32.000000
-52.000000
-8.000000
-20.000000
-28.000000
0.000000
4.000000
-32.000000
-20.000000
-12.000000
-8.000000
-4.000000
-16.000000
-20.000000
-24.000000
-36.000000
0.000000
-16.000000
-36.000000
4.000000
4.000000
-16.000000
-28.000000
-8.000000
-28.000000
-24.000000
-60.000000
-32.000000
-68.000000
-52.000000
-60.000000
-68.000000
-52.000000
-52.000000
-48.000000
-48.000000
-40.000000
-28.000000
-24.000000
-56.000000
-44.000000
-36.000000
-16.000000
-20.000000
-20.000000
-4.000000
-16.000000
4.000000
-52.000000
-32.000000
-24.000000
-8.000000
-16.000000
-28.000000
-24.000000
-24.000000
-40.000000
-24.000000
-36.000000
-40.000000
-32.000000
-28.000000
-40.000000
-36.000000
-4.000000
-12.000000
-24.000000
-20.000000
-28.000000
-32.000000
-24.000000
-36.000000
-48.000000
-20.000000
-40.000000
-44.000000
-72.000000
-52.000000
-32.000000
-44.000000
-28.000000
-16.000000
-60.000000
4.000000
-32.000000
-16.000000
-32.000000
-12.000000
-8.000000
-16.000000
-4.000000
8.000000
-12.000000
-12.000000
0.000000
-24.000000
-8.000000
-12.000000
-24.000000
-24.000000
8.000000
-40.000000
4.000000
-44.000000
-16.000000
-20.000000
-32.000000
-20.000000
-36.000000
-52.000000
0.000000
-16.000000
-40.000000
-8.000000
-24.000000
-28.000000
-36.000000
-32.000000
-56.000000
-40.000000
-32.000000
-48.000000
-60.000000
-28.000000
-16.000000
-16.000000
-40.000000
-32.000000
-28.000000
4.000000
-28.000000
-16.000000
-8.000000
-52.000000
-24.000000
-28.000000
-32.000000
-36.000000
-64.000000
4.000000
-56.000000
-32.000000
-56.000000
-56.000000
-64.000000
-48.000000
-52.000000
-44.000000
-64.000000
-40.000000
-24.000000
-60.000000
-76.000000
-52.000000
-68.000000
-76.000000
-52.000000
-36.000000
-68.000000
-36.000000
-48.000000
-52.000000
-76.000000
-80.000000
-56.000000
-72.000000
-68.000000
-56.000000
-80.000000
-64.000000
-24.000000
-76.000000
-64.000000
-60.000000
-44.000000
-16.000000
-16.000000
-12.000000
-52.000000
-48.000000
-28.000000
-48.000000
-48.000000
-32.000000
-60.000000
-16.000000
-72.000000
-60.000000
-48.000000
-52.000000
-40.000000
-40.000000
-60.000000
-24.000000
-28.000000
-28.000000
-56.000000
-68.000000
-24.000000
-56.000000
-24.000000
-48.000000
-64.000000
-64.000000
-24.000000
-44.000000
-44.000000
-40.000000
-24.000000
-48.000000
-52.000000
-56.000000
-12.000000
-56.000000
-32.000000
-28.000000
-44.000000
-24.000000
-32.000000
-16.000000
-28.000000
-40.000000
-24.000000
-28.000000
-24.000000
-12.000000
0.000000
-28.000000
-16.000000
-16.000000
-20.000000
-12.000000
-28.000000
-44.000000
-48.000000
-32.000000
-52.000000
-48.000000
-40.000000
-36.000000
-48.000000
-44.000000
-40.000000
-28.000000
-44.000000
-48.000000
-28.000000
-36.000000
-4.000000
-40.000000
-32.000000
-40.000000
-24.000000
-32.000000
-16.000000
-32.000000
-28.000000
-32.000000
-24.000000
-16.000000
-16.000000
-4.000000
-20.000000
-32.000000
-36.000000
-36.000000
-24.000000
8.000000
-16.000000
-12.000000
-48.000000
-44.000000
-4.000000
-20.000000
16.000000
-48.000000
-72.000000
-60.000000
-48.000000
-60.000000
-36.000000
-64.000000
-40.000000
-40.000000
-52.000000
-32.000000
-28.000000
-32.000000
-28.000000
-36.000000
-28.000000
-28.000000
-24.000000
-28.000000
-28.000000
-28.000000
-28.000000
-24.000000
-16.000000
-48.000000
-16.000000
-60.000000
-32.000000
-8.000000
-36.000000
-12.000000
-24.000000
-40.000000
-24.000000
-24.000000
-32.000000
-24.000000
-20.000000
-32.000000
-12.000000
-24.000000
-48.000000
-24.000000
-20.000000
-32.000000
-28.000000
-40.000000
-32.000000
-48.000000
-52.000000
-48.000000
-76.000000
-32.000000
-56.000000
-24.000000
-36.000000
-28.000000
-28.000000
-28.000000
-8.000000
-20.000000
4.000000
4.000000
4.000000
-4.000000
-28.000000
0.000000
-4.000000
-24.000000
-12.000000
-20.000000
-8.000000
-28.000000
-32.000000
-32.000000
-12.000000
-28.000000
-16.000000
-20.000000
-16.000000
0.000000
-32.000000
-20.000000
-28.000000
-40.000000
-12.000000
-16.000000
-36.000000
-28.000000
-32.000000
-20.000000
-28.000000
-52.000000
-28.000000
-20.000000
-52.000000
-36.000000
-28.000000
-68.000000
-48.000000
-44.000000
-32.000000
-40.000000
-64.000000
-24.000000
-8.000000
-24.000000
-40.000000
-28.000000
-32.000000
-36.000000
-28.000000
-36.000000
-56.000000
-28.000000
-44.000000
-40.000000
-44.000000
-52.000000
-40.000000
-52.000000
-80.000000
-60.000000
-68.000000
-72.000000
-88.000000
-76.000000
-72.000000
-52.000000
-68.000000
-72.000000
-88.000000
-96.000000
-60.000000
-92.000000
-84.000000
-60.000000
-72.000000
-80.000000
-68.000000
-64.000000
-76.000000
-76.000000
-68.000000
-76.000000
-52.000000
-32.000000
-80.000000
-64.000000
-28.000000
-20.000000
-44.000000
-24.000000
-12.000000
-40.000000
-60.000000
-40.000000
-68.000000
-60.000000
-56.000000
-40.000000
-76.000000
-36.000000
-60.000000
-64.000000
-16.000000
-44.000000
-60.000000
-68.000000
-52.000000
-60.000000
-48.000000
-84.000000
-48.000000
-68.000000
-48.000000
-52.000000
-48.000000
-32.000000
-52.000000
-40.000000
-56.000000
-28.000000
-60.000000
-24.000000
-72.000000
-40.000000
-28.000000
-44.000000
-44.000000
-40.000000
-60.000000
-36.000000
-28.000000
-32.000000
-28.000000
-40.000000
-20.000000
-36.000000
-8.000000
-56.000000
-40.000000
-8.000000
-32.000000
-48.000000
-36.000000
-32.000000
-20.000000
-8.000000
-48.000000
-52.000000
-40.000000
-40.000000
-56.000000
-24.000000
-44.000000
-28.000000
-24.000000
-44.000000
-32.000000
-32.000000
-52.000000
-28.000000
-44.000000
-28.000000
-16.000000
-24.000000
-52.000000
-28.000000
-32.000000
-36.000000
-36.000000
-16.000000
-28.000000
-32.000000
-36.000000
-16.000000
-12.000000
-52.000000
-28.000000
-24.000000
-24.000000
-28.000000
-8.000000
16.000000
-12.000000
-28.000000
-36.000000
-8.000000
-32.000000
-44.000000
-68.000000
-64.000000
-76.000000
-52.000000
-60.000000
-60.000000
-48.000000
-44.000000
-32.000000
-36.000000
-52.000000
-36.000000
-40.000000
-28.000000
-36.000000
-8.000000
-48.000000
-28.000000
-40.000000
-8.000000
-36.000000
-24.000000
-16.000000
-32.000000
-36.000000
-16.000000
-32.000000
-40.000000
-40.000000
-24.000000
-28.000000
-24.000000
-48.000000
-32.000000
-4.000000
-28.000000
-44.000000
-64.000000
-44.000000
-36.000000
-48.000000
-28.000000
-48.000000
-52.000000
-36.000000
-24.000000
-48.000000
-52.000000
-44.000000
-60.000000
-68.000000
-40.000000
-60.000000
-60.000000
-28.000000
-20.000000
-36.000000
-24.000000
-12.000000
8.000000
-8.000000
8.000000
-12.000000
8.000000
-20.000000
-4.000000
-28.000000
-28.000000
-4.000000
-16.000000
-28.000000
-32.000000
-32.000000
-32.000000
-20.000000
-16.000000
-32.000000
-12.000000
-20.000000
-24.000000
-32.000000
-28.000000
-28.000000
-44.000000
-40.000000
-36.000000
-40.000000
-32.000000
-40.000000
-36.000000
-44.000000
-24.000000
-36.000000
-16.000000
-20.000000
-28.000000
-28.000000
-24.000000
-68.000000
-56.000000
-12.000000
-28.000000
-28.000000
-28.000000
4.000000
-52.000000
-8.000000
-36.000000
-44.000000
-16.000000
-36.000000
-12.000000
-48.000000
-44.000000
-52.000000
-56.000000
-52.000000
-52.000000
-64.000000
-52.000000
-56.000000
-44.000000
-84.000000
-56.000000
-72.000000
-92.000000
-64.000000
-64.000000
-36.000000
-36.000000
-52.000000
-80.000000
-72.000000
-56.000000
-72.000000
-68.000000
-72.000000
-60.000000
-56.000000
-84.000000
-60.000000
-72.000000
-56.000000
-64.000000
-64.000000
-52.000000
-84.000000
-60.000000
-60.000000
-28.000000
-32.000000
-20.000000
-32.000000
-52.000000
-52.000000
-48.000000
-52.000000
-52.000000
-48.000000
-100.000000
-80.000000
-60.000000
-72.000000
-68.000000
-72.000000
-36.000000
-52.000000
-60.000000
-72.000000
-68.000000
-52.000000
-48.000000
-60.000000
-32.000000
-60.000000
-48.000000
-64.000000
-56.000000
-60.000000
-44.000000
-60.000000
-36.000000
-4.000000
-72.000000
-72.000000
-36.000000
-52.000000
-28.000000
-40.000000
-48.000000
-24.000000
-40.000000
-20.000000
-48.000000
-32.000000
-32.000000
-40.000000
-20.000000
0.000000
-12.000000
12.000000
-40.000000
-16.000000
-36.000000
-32.000000
-48.000000
-68.000000
-40.000000
-44.000000
-36.000000
-44.000000
-64.000000
-20.000000
-40.000000
-40.000000
-48.000000
-44.000000
-36.000000
-36.000000
-36.000000
-36.000000
-24.000000
-40.000000
-36.000000
-24.000000
-40.000000
-16.000000
-36.000000
-36.000000
-4.000000
-36.000000
-32.000000
-36.000000
-40.000000
-24.000000
-28.000000
-8.000000
-28.000000
-12.000000
-16.000000
-12.000000
-44.000000
-72.000000
-16.000000
-20.000000
0.000000
-8.000000
-28.000000
-32.000000
-40.000000
-32.000000
-80.000000
-64.000000
-60.000000
-52.000000
-28.000000
-60.000000
-36.000000
-8.000000
-44.000000
-40.000000
-32.000000
-40.000000
-8.000000
-28.000000
-32.000000
-32.000000
8.000000
-24.000000
-32.000000
-44.000000
-16.000000
-36.000000
-24.000000
-32.000000
-12.000000
-36.000000
-12.000000
-52.000000
-40.000000
-16.000000
-28.000000
-44.000000
-40.000000
-20.000000
-60.000000
-16.000000
-28.000000
-48.000000
-52.000000
-32.000000
-44.000000
-48.000000
-48.000000
-40.000000
-32.000000
-56.000000
-40.000000
-44.000000
-56.000000
-56.000000
-68.000000
-60.000000
-20.000000
-28.000000
-8.000000
-24.000000
-16.000000
12.000000
-20.000000
-20.000000
-12.000000
-24.000000
4.000000
-16.000000
-12.000000
-28.000000
-8.000000
-32.000000
-28.000000
-32.000000
-36.000000
-28.000000
-20.000000
-20.000000
-12.000000
0.000000
-40.000000
-20.000000
-12.000000
-44.000000
-44.000000
-28.000000
4.000000
-24.000000
-28.000000
-24.000000
-28.000000
-28.000000
-40.000000
-48.000000
-32.000000
-40.000000
-56.000000
-20.000000
-52.000000
-44.000000
-44.000000
-36.000000
-72.000000
-16.000000
-40.000000
-32.000000
-24.000000
-44.000000
-12.000000
-12.000000
-8.000000
-32.000000
-24.000000
-52.000000
-56.000000
-60.000000
-48.000000
-40.000000
-52.000000
-48.000000
-52.000000
-52.000000
-44.000000
-52.000000
-76.000000
-52.000000
-40.000000
-48.000000
-64.000000
-76.000000
-68.000000
-60.000000
-92.000000
-48.000000
-56.000000
-72.000000
-56.000000
-52.000000
-72.000000
-44.000000
0.000000
-32.000000
-32.000000
-80.000000
-88.000000
-32.000000
-52.000000
-36.000000
-72.000000
-80.000000
-64.000000
-24.000000
-40.000000
-36.000000
-60.000000
-24.000000
-40.000000
-28.000000
-40.000000
-44.000000
-44.000000
-44.000000
-52.000000
-88.000000
-64.000000
-40.000000
-52.000000
-60.000000
-64.000000
-40.000000
-72.000000
-60.000000
-64.000000
-52.000000
-68.000000
-72.000000
-32.000000
-76.000000
-44.000000
-28.000000
-20.000000
-64.000000
-36.000000
-56.000000
-40.000000
-36.000000
-64.000000
-48.000000
-44.000000
-68.000000
-16.000000
-48.000000
-68.000000
-32.000000
-36.000000
-32.000000
-40.000000
-40.000000
-48.000000
-60.000000
-48.000000
-4.000000
-12.000000
-24.000000
-24.000000
-24.000000
-44.000000
-48.000000
-36.000000
-72.000000
-52.000000
-32.000000
-52.000000
-48.000000
-48.000000
-44.000000
-48.000000
-56.000000
-24.000000
-52.000000
-44.000000
-44.000000
-48.000000
-28.000000
-52.000000
-28.000000
-48.000000
-40.000000
-32.000000
-40.000000
-48.000000
-32.000000
-36.000000
-40.000000
-40.000000
-44.000000
-32.000000
-40.000000
-48.000000
-40.000000
-76.000000
-32.000000
0.000000
-28.000000
-60.000000
-36.000000
-16.000000
4.000000
-20.000000
-28.000000
-36.000000
-40.000000
-44.000000
-68.000000
-88.000000
-72.000000
-80.000000
-84.000000
-48.000000
-48.000000
-72.000000
-28.000000
-64.000000
-48.000000
-52.000000
-40.000000
-32.000000
-52.000000
-16.000000
-36.000000
-44.000000
-20.000000
-28.000000
-36.000000
-32.000000
-36.000000
-36.000000
-24.000000
-44.000000
-24.000000
-48.000000
-36.000000
-20.000000
-60.000000
-28.000000
-24.000000
-28.000000
-28.000000
-40.000000
-20.000000
-12.000000
-8.000000
-20.000000
-24.000000
-28.000000
-48.000000
-32.000000
-44.000000
-44.000000
-28.000000
-48.000000
-52.000000
-76.000000
-88.000000
-52.000000
-52.000000
-44.000000
-44.000000
-32.000000
-24.000000
-4.000000
-28.000000
-20.000000
-8.000000
-20.000000
-16.000000
-24.000000
-36.000000
-12.000000
-28.000000
-20.000000
-36.000000
-4.000000
-24.000000
-28.000000
-12.000000
-16.000000
-16.000000
-40.000000
-28.000000
-44.000000
-28.000000
-24.000000
-44.000000
-12.000000
-36.000000
-44.000000
-32.000000
-20.000000
-52.000000
-36.000000
-36.000000
-60.000000
-40.000000
-28.000000
-24.000000
-36.000000
-60.000000
-44.000000
-32.000000
-36.000000
-48.000000
-52.000000
-60.000000
-52.000000
-32.000000
-48.000000
-36.000000
-32.000000
-12.000000
-52.000000
-48.000000
-60.000000
-52.000000
-36.000000
-56.000000
-40.000000
-60.000000
-32.000000
-64.000000
-80.000000
-52.000000
-56.000000
-48.000000
-72.000000
-88.000000
-64.000000
-52.000000
-68.000000
-48.000000
-72.000000
-56.000000
-76.000000
-76.000000
-76.000000
-80.000000
-52.000000
-36.000000
-76.000000
-48.000000
-64.000000
-56.000000
-36.000000
-92.000000
-80.000000
-76.000000
-56.000000
-56.000000
-60.000000
-76.000000
-80.000000
-24.000000
-48.000000
-28.000000
-36.000000
-52.000000
-52.000000
-68.000000
-64.000000
-64.000000
-72.000000
-52.000000
-44.000000
-64.000000
-64.000000
-68.000000
-72.000000
-48.000000
-72.000000
-60.000000
-52.000000
-44.000000
-52.000000
-24.000000
-76.000000
-60.000000
-64.000000
-48.000000
-56.000000
-48.000000
-56.000000
-48.000000
-40.000000
-76.000000
-28.000000
-52.000000
-36.000000
-60.000000
-52.000000
-56.000000
-40.000000
-60.000000
-40.000000
-48.000000
-32.000000
-48.000000
-44.000000
-76.000000
-28.000000
-36.000000
-32.000000
-16.000000
-8.000000
0.000000
-32.000000
-28.000000
-44.000000
-52.000000
-48.000000
-28.000000
-92.000000
-52.000000
-36.000000
-32.000000
-44.000000
-32.000000
-72.000000
-32.000000
-72.000000
-40.000000
-64.000000
-36.000000
-44.000000
-44.000000
-40.000000
-28.000000
-48.000000
-32.000000
-48.000000
-44.000000
-28.000000
-24.000000
-36.000000
-52.000000
-28.000000
-28.000000
-32.000000
-28.000000
-28.000000
-32.000000
-12.000000
-20.000000
-32.000000
-32.000000
-56.000000
-36.000000
-4.000000
-12.000000
-48.000000
-24.000000
0.000000
-20.000000
-68.000000
-56.000000
-84.000000
-36.000000
-72.000000
-80.000000
-68.000000
-52.000000
-60.000000
-44.000000
-48.000000
-28.000000
-52.000000
-16.000000
-16.000000
-44.000000
-44.000000
-24.000000
-36.000000
-36.000000
-28.000000
-40.000000
-56.000000
-40.000000
-56.000000
-56.000000
-12.000000
-48.000000
-48.000000
-20.000000
-32.000000
-36.000000
-12.000000
-36.000000
-24.000000
-20.000000
-48.000000
-40.000000
-40.000000
-52.000000
-60.000000
-32.000000
-48.000000
-32.000000
-68.000000
-44.000000
-32.000000
-52.000000
-28.000000
-40.000000
-68.000000
-60.000000
-72.000000
-44.000000
-28.000000
-48.000000
-36.000000
-24.000000
-16.000000
-8.000000
0.000000
-24.000000
-12.000000
12.000000
-16.000000
-8.000000
-28.000000
0.000000
-28.000000
-20.000000
-52.000000
-8.000000
-28.000000
-32.000000
-44.000000
-32.000000
-32.000000
-44.000000
-12.000000
-20.000000
-24.000000
-36.000000
-20.000000
-52.000000
-52.000000
-4.000000
-72.000000
-56.000000
-40.000000
-28.000000
