400.000000
660.000000
920.000000
1112.000000
1272.000000
1320.000000
1356.000000
1200.000000
1012.000000
700.000000
280.000000
-180.000000
-656.000000
-1132.000000
-1572.000000
-1936.000000
-2148.000000
-2276.000000
-2212.000000
-2004.000000
-1676.000000
-1228.000000
-672.000000
-84.000000
504.000000
1056.000000
1528.000000
1880.000000
2136.000000
2180.000000
2084.000000
1876.000000
1536.000000
1132.000000
672.000000
184.000000
-280.000000
-700.000000
-1020.000000
-1264.000000
-1408.000000
-1416.000000
-1348.000000
-1196.000000
-1004.000000
-748.000000
-444.000000
-256.000000
-92.000000
0.000000
-28.000000
-36.000000
-52.000000
-72.000000
-48.000000
-60.000000
-60.000000
-56.000000
-76.000000
-56.000000
-44.000000
-48.000000
-40.000000
-64.000000
-56.000000
-52.000000
-44.000000
-60.000000
-60.000000
-60.000000
-76.000000
-72.000000
-36.000000
-60.000000
-68.000000
-64.000000
-72.000000
-100.000000
-36.000000
-64.000000
-56.000000
-36.000000
-36.000000
-48.000000
-40.000000
-48.000000
-52.000000
-76.000000
-36.000000
-44.000000
-8.000000
-16.000000
-40.000000
-24.000000
-40.000000
-48.000000
-56.000000
-44.000000
-64.000000
-88.000000
-64.000000
-28.000000
-48.000000
-56.000000
-52.000000
-32.000000
-40.000000
-72.000000
-36.000000
-36.000000
-40.000000
-72.000000
-48.000000
-76.000000
-60.000000
-40.000000
-48.000000
-60.000000
-24.000000
-68.000000
-36.000000
-20.000000
-60.000000
-36.000000
-36.000000
-28.000000
-44.000000
-72.000000
-44.000000
-52.000000
-28.000000
-32.000000
-32.000000
-28.000000
-48.000000
-32.000000
-36.000000
-16.000000
-28.000000
-28.000000
-12.000000
-12.000000
-48.000000
-12.000000
-36.000000
-48.000000
-24.000000
-52.000000
-44.000000
-40.000000
-32.000000
-52.000000
-64.000000
-8.000000
-32.000000
-48.000000
-28.000000
-28.000000
-36.000000
-28.000000
-16.000000
-20.000000
-44.000000
-8.000000
-24.000000
-48.000000
-20.000000
-32.000000
-32.000000
-32.000000
-8.000000
-28.000000
-16.000000
-40.000000
-8.000000
-28.000000
-40.000000
-48.000000
-48.000000
-44.000000
-36.000000
-24.000000
-44.000000
-8.000000
-20.000000
-28.000000
-28.000000
-12.000000
-32.000000
-32.000000
-84.000000
-52.000000
-60.000000
-64.000000
-52.000000
-44.000000
-60.000000
-20.000000
-44.000000
-12.000000
-32.000000
-44.000000
-24.000000
-48.000000
-20.000000
-16.000000
-36.000000
-44.000000
-16.000000
-32.000000
-20.000000
-16.000000
-36.000000
-8.000000
-20.000000
-12.000000
-56.000000
-32.000000
-40.000000
-28.000000
-16.000000
-36.000000
-28.000000
0.000000
-32.000000
-40.000000
-20.000000
-32.000000
-36.000000
-12.000000
-32.000000
-36.000000
-44.000000
-52.000000
-28.000000
-48.000000
-36.000000
-56.000000
-80.000000
-80.000000
-44.000000
-48.000000
-48.000000
-28.000000
-32.000000
-16.000000
-16.000000
-28.000000
12.000000
-8.000000
12.000000
-28.000000
-16.000000
-28.000000
-12.000000
-24.000000
-44.000000
-16.000000
-16.000000
-28.000000
-4.000000
-20.000000
-20.000000
-8.000000
-32.000000
-40.000000
-32.000000
-36.000000
-32.000000
-32.000000
-44.000000
-16.000000
-32.000000
-36.000000
-44.000000
-16.000000
-28.000000
-24.000000
-52.000000
-36.000000
-28.000000
-32.000000
-40.000000
-48.000000
-24.000000
-16.000000
-64.000000
-36.000000
-60.000000
-44.000000
-32.000000
-20.000000
-20.000000
-52.000000
-12.000000
-32.000000
-32.000000
-40.000000
-40.000000
-28.000000
-44.000000
-44.000000
-44.000000
-56.000000
-44.000000
-48.000000
-64.000000
-56.000000
-48.000000
-32.000000
-64.000000
-48.000000
-44.000000
-72.000000
-36.000000
-64.000000
-36.000000
-68.000000
-44.000000
-56.000000
-60.000000
-44.000000
-68.000000
-92.000000
-80.000000
-76.000000
-84.000000
-44.000000
-56.000000
-80.000000
-68.000000
-76.000000
-68.000000
-68.000000
-44.000000
-48.000000
-64.000000
-64.000000
-40.000000
-20.000000
-20.000000
-16.000000
-40.000000
-40.000000
-60.000000
-76.000000
-44.000000
-88.000000
-52.000000
-52.000000
-64.000000
-64.000000
-48.000000
-64.000000
-44.000000
-80.000000
-64.000000
-76.000000
-64.000000
-48.000000
-32.000000
-64.000000
-36.000000
-68.000000
-56.000000
-80.000000
-32.000000
-80.000000
-16.000000
-56.000000
-36.000000
-48.000000
-48.000000
-28.000000
-44.000000
-32.000000
-52.000000
-44.000000
-20.000000
-24.000000
-36.000000
-48.000000
-40.000000
-44.000000
-32.000000
-32.000000
-12.000000
-4.000000
0.000000
24.000000
-16.000000
-28.000000
-28.000000
-36.000000
-36.000000
-20.000000
-24.000000
-28.000000
-44.000000
-36.000000
-44.000000
-44.000000
-48.000000
-44.000000
-24.000000
-44.000000
-24.000000
-36.000000
-28.000000
-12.000000
-32.000000
-36.000000
-32.000000
-44.000000
-32.000000
-12.000000
-16.000000
-28.000000
-32.000000
-32.000000
-12.000000
-20.000000
-24.000000
-20.000000
-44.000000
-24.000000
-32.000000
-28.000000
-36.000000
-24.000000
-36.000000
-48.000000
-32.000000
-48.000000
-28.000000
-40.000000
-24.000000
-12.000000
-52.000000
-72.000000
-36.000000
-72.000000
-48.000000
-52.000000
-48.000000
-52.000000
-36.000000
-56.000000
-48.000000
-40.000000
-28.000000
-36.000000
-52.000000
-28.000000
-44.000000
-40.000000
-20.000000
-28.000000
-48.000000
-28.000000
0.000000
-16.000000
-20.000000
-28.000000
-12.000000
-16.000000
-48.000000
-28.000000
-76.000000
-48.000000
-36.000000
-40.000000
-44.000000
-16.000000
-32.000000
-36.000000
-40.000000
-48.000000
-24.000000
-48.000000
-40.000000
-24.000000
-64.000000
-16.000000
-44.000000
-48.000000
-44.000000
-44.000000
-44.000000
-72.000000
-68.000000
-56.000000
-44.000000
-48.000000
-16.000000
-60.000000
-12.000000
-36.000000
-28.000000
-24.000000
0.000000
-44.000000
-32.000000
-24.000000
-32.000000
-20.000000
-20.000000
-28.000000
-44.000000
-32.000000
-44.000000
-28.000000
-32.000000
-4.000000
-56.000000
-16.000000
-24.000000
-16.000000
-36.000000
-32.000000
-36.000000
-28.000000
-28.000000
-28.000000
-44.000000
-32.000000
-32.000000
-36.000000
-32.000000
-32.000000
-20.000000
-44.000000
-64.000000
-28.000000
-36.000000
-36.000000
-40.000000
-48.000000
-28.000000
-72.000000
-40.000000
-12.000000
-36.000000
-12.000000
-32.000000
-36.000000
-36.000000
-24.000000
-28.000000
-36.000000
-64.000000
-64.000000
-52.000000
-64.000000
-76.000000
-68.000000
-64.000000
-64.000000
-92.000000
-72.000000
-64.000000
-76.000000
-60.000000
-76.000000
-96.000000
-76.000000
-72.000000
-48.000000
-44.000000
-76.000000
-72.000000
-76.000000
-72.000000
-64.000000
-56.000000
-60.000000
-60.000000
-68.000000
-80.000000
-80.000000
-36.000000
-60.000000
-44.000000
-80.000000
-32.000000
-92.000000
-60.000000
-40.000000
-36.000000
-52.000000
-28.000000
-48.000000
-48.000000
-16.000000
-56.000000
-48.000000
-72.000000
-36.000000
-48.000000
-56.000000
-88.000000
-80.000000
-84.000000
-48.000000
-48.000000
-84.000000
-20.000000
-52.000000
-56.000000
-44.000000
-72.000000
-60.000000
-72.000000
-56.000000
-52.000000
-36.000000
-44.000000
-44.000000
-48.000000
-64.000000
-20.000000
-60.000000
-48.000000
-28.000000
-44.000000
-80.000000
-28.000000
-28.000000
-40.000000
-20.000000
-28.000000
-40.000000
-32.000000
-28.000000
-44.000000
-28.000000
-16.000000
-32.000000
-28.000000
-28.000000
-20.000000
-40.000000
-48.000000
-52.000000
-48.000000
-32.000000
-64.000000
-44.000000
-32.000000
-40.000000
-60.000000
-40.000000
-48.000000
-44.000000
-40.000000
-32.000000
-60.000000
-44.000000
-20.000000
-32.000000
-24.000000
-20.000000
-20.000000
-36.000000
-48.000000
-24.000000
-24.000000
-20.000000
-32.000000
-36.000000
-40.000000
-28.000000
-8.000000
-28.000000
-40.000000
-32.000000
0.000000
-24.000000
-44.000000
0.000000
-36.000000
-24.000000
-36.000000
-52.000000
-20.000000
-40.000000
-16.000000
-28.000000
-28.000000
-44.000000
-64.000000
-32.000000
-76.000000
-60.000000
-88.000000
-56.000000
-48.000000
-32.000000
-36.000000
-16.000000
-12.000000
-36.000000
-28.000000
-44.000000
-44.000000
-16.000000
-48.000000
-36.000000
-20.000000
-12.000000
-44.000000
-48.000000
-32.000000
-28.000000
-12.000000
-24.000000
-40.000000
-28.000000
-40.000000
-24.000000
-64.000000
-28.000000
-28.000000
-52.000000
-16.000000
-16.000000
-48.000000
-20.000000
-28.000000
-24.000000
-32.000000
-32.000000
-36.000000
-48.000000
-24.000000
-8.000000
-44.000000
-44.000000
-52.000000
-60.000000
-28.000000
-32.000000
-64.000000
-20.000000
-16.000000
-32.000000
-20.000000
-24.000000
4.000000
-8.000000
-4.000000
12.000000
-16.000000
-16.000000
-16.000000
0.000000
8.000000
-8.000000
-40.000000
-24.000000
-20.000000
-12.000000
-20.000000
-16.000000
-16.000000
0.000000
-16.000000
-36.000000
-12.000000
-12.000000
-8.000000
-20.000000
-20.000000
-32.000000
-48.000000
-32.000000
-28.000000
-16.000000
-12.000000
-32.000000
-28.000000
-32.000000
-36.000000
-56.000000
-16.000000
-16.000000
-48.000000
-24.000000
-24.000000
-16.000000
-44.000000
0.000000
-24.000000
-44.000000
-28.000000
-40.000000
-40.000000
-24.000000
-4.000000
-48.000000
-48.000000
-8.000000
-44.000000
-16.000000
-56.000000
-68.000000
-64.000000
-64.000000
-60.000000
-44.000000
-76.000000
-48.000000
-40.000000
-44.000000
-56.000000
-60.000000
-64.000000
-56.000000
-64.000000
-68.000000
-68.000000
-68.000000
-44.000000
-68.000000
-60.000000
-32.000000
-68.000000
-20.000000
-72.000000
-60.000000
-60.000000
-48.000000
-44.000000
-48.000000
-56.000000
-32.000000
-80.000000
-44.000000
-52.000000
-16.000000
-36.000000
-20.000000
-48.000000
-36.000000
-60.000000
-40.000000
-32.000000
-64.000000
-52.000000
-44.000000
-60.000000
-44.000000
-36.000000
-84.000000
-44.000000
-64.000000
-56.000000
-44.000000
-56.000000
-72.000000
-36.000000
-48.000000
-52.000000
-56.000000
-40.000000
-28.000000
-72.000000
-32.000000
-52.000000
-84.000000
-28.000000
-32.000000
-48.000000
-52.000000
-44.000000
-56.000000
-32.000000
-44.000000
-48.000000
-32.000000
-44.000000
-28.000000
-56.000000
-36.000000
-44.000000
-24.000000
-28.000000
-16.000000
-28.000000
-24.000000
-8.000000
-28.000000
-40.000000
-48.000000
-52.000000
-52.000000
-36.000000
-84.000000
-48.000000
-20.000000
-24.000000
-36.000000
-52.000000
-52.000000
-52.000000
-48.000000
-36.000000
-28.000000
-36.000000
-32.000000
-40.000000
-12.000000
-28.000000
-16.000000
-32.000000
-28.000000
-36.000000
-8.000000
-28.000000
-24.000000
-48.000000
-32.000000
-20.000000
-40.000000
0.000000
-36.000000
-28.000000
-28.000000
-8.000000
-36.000000
-36.000000
-20.000000
0.000000
-40.000000
-20.000000
4.000000
-24.000000
0.000000
-40.000000
-28.000000
-60.000000
-64.000000
-72.000000
-76.000000
-44.000000
-48.000000
-52.000000
-40.000000
-40.000000
-48.000000
-36.000000
-16.000000
-44.000000
-12.000000
-16.000000
-40.000000
-12.000000
-24.000000
-48.000000
0.000000
-16.000000
-24.000000
-28.000000
-48.000000
-28.000000
-40.000000
-48.000000
-20.000000
-48.000000
-16.000000
-28.000000
-36.000000
-12.000000
-24.000000
-24.000000
-12.000000
-36.000000
-12.000000
-20.000000
0.000000
-12.000000
-36.000000
-48.000000
-40.000000
-36.000000
-48.000000
-4.000000
-40.000000
-56.000000
-44.000000
-84.000000
-28.000000
-64.000000
-52.000000
-40.000000
-12.000000
-36.000000
-24.000000
-12.000000
-8.000000
-16.000000
-24.000000
0.000000
-16.000000
-12.000000
-20.000000
-32.000000
-16.000000
-48.000000
-24.000000
-52.000000
-4.000000
-32.000000
-20.000000
-32.000000
-32.000000
-36.000000
-44.000000
-28.000000
-64.000000
-16.000000
-40.000000
-32.000000
-36.000000
-44.000000
-32.000000
-20.000000
-20.000000
-48.000000
-40.000000
-44.000000
-28.000000
-16.000000
-48.000000
-52.000000
-48.000000
-40.000000
-36.000000
-32.000000
-52.000000
-60.000000
-40.000000
-28.000000
-16.000000
-28.000000
-44.000000
-16.000000
-24.000000
-52.000000
-24.000000
-60.000000
-52.000000
-44.000000
-40.000000
-52.000000
-48.000000
-64.000000
-40.000000
-64.000000
-28.000000
-48.000000
-48.000000
-48.000000
-60.000000
-64.000000
-60.000000
-68.000000
-56.000000
-72.000000
-56.000000
-52.000000
-48.000000
-56.000000
-80.000000
-88.000000
-48.000000
-72.000000
-48.000000
-52.000000
-44.000000
-60.000000
-64.000000
-48.000000
-80.000000
-52.000000
-60.000000
-80.000000
-76.000000
-44.000000
-48.000000
-12.000000
-44.000000
-16.000000
-48.000000
-24.000000
-60.000000
-40.000000
-60.000000
-52.000000
-44.000000
-56.000000
-48.000000
-76.000000
-36.000000
-44.000000
-72.000000
-48.000000
-72.000000
-76.000000
-60.000000
-72.000000
-64.000000
-56.000000
-60.000000
-52.000000
-60.000000
-48.000000
-20.000000
-88.000000
-48.000000
-16.000000
-24.000000
-36.000000
0.000000
-48.000000
-64.000000
-36.000000
-16.000000
-60.000000
-20.000000
-48.000000
-64.000000
-8.000000
-48.000000
-8.000000
-52.000000
-28.000000
-44.000000
-16.000000
-16.000000
-8.000000
-16.000000
-12.000000
-28.000000
-24.000000
-20.000000
-48.000000
-24.000000
-48.000000
-48.000000
-44.000000
-36.000000
-32.000000
-44.000000
-16.000000
-44.000000
-24.000000
-44.000000
-40.000000
-16.000000
-40.000000
-48.000000
-32.000000
-32.000000
-24.000000
-48.000000
-40.000000
-28.000000
-48.000000
-16.000000
-28.000000
-24.000000
-16.000000
-24.000000
-36.000000
-20.000000
-20.000000
-32.000000
-48.000000
-12.000000
-24.000000
-28.000000
4.000000
-36.000000
-20.000000
-20.000000
-48.000000
-4.000000
-20.000000
-12.000000
-60.000000
-64.000000
-72.000000
-68.000000
-64.000000
-80.000000
-32.000000
-72.000000
-44.000000
-44.000000
-20.000000
-44.000000
-28.000000
-48.000000
-20.000000
-36.000000
-32.000000
-28.000000
-32.000000
-52.000000
-16.000000
-16.000000
-12.000000
-28.000000
-36.000000
-16.000000
0.000000
-12.000000
-16.000000
-32.000000
-16.000000
-32.000000
-32.000000
-36.000000
8.000000
-12.000000
-56.000000
16.000000
-32.000000
-60.000000
-12.000000
-12.000000
-20.000000
-24.000000
-8.000000
-20.000000
-20.000000
-28.000000
-80.000000
-52.000000
-24.000000
-60.000000
-60.000000
-72.000000
-16.000000
-44.000000
-8.000000
-20.000000
8.000000
-32.000000
16.000000
-32.000000
-16.000000
-16.000000
4.000000
-8.000000
-20.000000
-8.000000
-20.000000
-16.000000
4.000000
-32.000000
0.000000
-48.000000
-8.000000
-16.000000
-12.000000
-16.000000
20.000000
4.000000
-8.000000
-16.000000
-8.000000
-32.000000
-24.000000
-16.000000
-28.000000
-20.000000
-44.000000
-28.000000
-16.000000
-20.000000
-16.000000
-20.000000
-16.000000
-12.000000
-32.000000
-24.000000
-40.000000
-16.000000
-32.000000
-20.000000
-12.000000
-20.000000
12.000000
-4.000000
-20.000000
-44.000000
-24.000000
-12.000000
-44.000000
-24.000000
-44.000000
-48.000000
-36.000000
-48.000000
-44.000000
-64.000000
-32.000000
-28.000000
-36.000000
-80.000000
-36.000000
-56.000000
-36.000000
-52.000000
-60.000000
-48.000000
-16.000000
-48.000000
-52.000000
-80.000000
-44.000000
-40.000000
-68.000000
-76.000000
-72.000000
-80.000000
-72.000000
-52.000000
-64.000000
-52.000000
-48.000000
-76.000000
-64.000000
-68.000000
-40.000000
-72.000000
-28.000000
-32.000000
-16.000000
-32.000000
-36.000000
-28.000000
-28.000000
-48.000000
-72.000000
-56.000000
-40.000000
-60.000000
-44.000000
-52.000000
-44.000000
-40.000000
-96.000000
-16.000000
-52.000000
-52.000000
-44.000000
-64.000000
-76.000000
-32.000000
-76.000000
-40.000000
-52.000000
-52.000000
-48.000000
-24.000000
-68.000000
-28.000000
-44.000000
-36.000000
-36.000000
-56.000000
-68.000000
-24.000000
-32.000000
-36.000000
-44.000000
-72.000000
-40.000000
-44.000000
-40.000000
-28.000000
-16.000000
-52.000000
-36.000000
-32.000000
4.000000
4.000000
-24.000000
-20.000000
-20.000000
-48.000000
-28.000000
-44.000000
-36.000000
-64.000000
-36.000000
-16.000000
-52.000000
-52.000000
-36.000000
-36.000000
-40.000000
-24.000000
-56.000000
-32.000000
-64.000000
-44.000000
-40.000000
-20.000000
-16.000000
-40.000000
-16.000000
-16.000000
-24.000000
-24.000000
-36.000000
-12.000000
-24.000000
-16.000000
-52.000000
-28.000000
-28.000000
-24.000000
-16.000000
-12.000000
-28.000000
-16.000000
-40.000000
-28.000000
-32.000000
-36.000000
0.000000
-40.000000
-28.000000
4.000000
-24.000000
-84.000000
-36.000000
-72.000000
-64.000000
-40.000000
-24.000000
-52.000000
-56.000000
-44.000000
-52.000000
-36.000000
-60.000000
-32.000000
-28.000000
-32.000000
-32.000000
-20.000000
-40.000000
-16.000000
-8.000000
-24.000000
-60.000000
-20.000000
-40.000000
-28.000000
-32.000000
-12.000000
-44.000000
-48.000000
0.000000
-32.000000
-24.000000
-36.000000
-24.000000
-28.000000
-48.000000
-44.000000
-16.000000
-20.000000
-52.000000
-52.000000
-32.000000
-44.000000
-40.000000
-40.000000
-44.000000
-40.000000
-88.000000
-32.000000
-72.000000
-48.000000
-64.000000
-52.000000
-48.000000
-44.000000
-48.000000
-8.000000
-32.000000
-20.000000
-32.000000
-52.000000
-16.000000
-12.000000
-12.000000
-28.000000
4.000000
-12.000000
-32.000000
-20.000000
-32.000000
-40.000000
-32.000000
0.000000
-16.000000
-24.000000
-20.000000
-36.000000
-20.000000
-36.000000
-28.000000
-16.000000
-32.000000
-40.000000
-24.000000
-40.000000
-16.000000
-52.000000
-32.000000
-28.000000
-28.000000
-28.000000
-48.000000
-48.000000
-44.000000
-32.000000
-48.000000
-28.000000
-60.000000
-36.000000
-64.000000
-40.000000
-36.000000
-20.000000
-56.000000
-16.000000
-24.000000
-28.000000
-20.000000
-36.000000
-36.000000
-40.000000
-48.000000
-36.000000
-36.000000
-48.000000
-40.000000
-40.000000
-52.000000
-76.000000
-64.000000
-52.000000
-32.000000
-72.000000
-76.000000
-72.000000
-52.000000
-28.000000
-60.000000
-72.000000
-80.000000
-76.000000
-76.000000
-60.000000
-44.000000
-60.000000
-80.000000
-72.000000
-84.000000
-76.000000
-72.000000
-76.000000
-76.000000
-52.000000
-48.000000
-60.000000
-64.000000
-68.000000
-44.000000
-76.000000
-48.000000
-32.000000
-36.000000
-32.000000
-40.000000
-32.000000
-48.000000
-52.000000
-40.000000
-40.000000
-44.000000
-72.000000
-56.000000
-80.000000
-60.000000
-40.000000
-84.000000
-88.000000
-92.000000
-84.000000
-72.000000
-40.000000
-72.000000
-52.000000
-32.000000
-56.000000
-44.000000
-48.000000
-28.000000
-32.000000
-52.000000
-24.000000
-36.000000
-80.000000
-32.000000
-48.000000
-32.000000
-44.000000
-48.000000
-24.000000
-52.000000
-20.000000
-76.000000
-52.000000
-32.000000
-60.000000
-12.000000
-52.000000
-44.000000
-24.000000
-20.000000
-12.000000
-16.000000
-24.000000
-24.000000
-52.000000
-52.000000
-52.000000
-32.000000
-60.000000
-32.000000
-20.000000
-36.000000
-68.000000
-8.000000
-40.000000
-48.000000
-44.000000
-48.000000
-40.000000
-32.000000
-36.000000
-32.000000
-16.000000
-32.000000
-44.000000
-4.000000
-20.000000
-20.000000
-36.000000
-24.000000
-44.000000
-28.000000
-28.000000
-28.000000
-28.000000
-44.000000
-12.000000
-32.000000
-36.000000
-20.000000
-16.000000
-20.000000
-12.000000
-28.000000
-28.000000
-44.000000
-28.000000
-8.000000
-60.000000
-40.000000
-48.000000
-48.000000
-84.000000
-68.000000
-64.000000
-72.000000
-44.000000
-48.000000
-44.000000
-44.000000
-32.000000
-44.000000
-28.000000
-32.000000
-20.000000
-20.000000
-28.000000
-24.000000
-16.000000
-48.000000
-44.000000
-20.000000
-60.000000
0.000000
-44.000000
-32.000000
-36.000000
-8.000000
-44.000000
-48.000000
-48.000000
-24.000000
-28.000000
-32.000000
-52.000000
-36.000000
-40.000000
-44.000000
-36.000000
-36.000000
-28.000000
-56.000000
-36.000000
-56.000000
-52.000000
-52.000000
-56.000000
-28.000000
-44.000000
-48.000000
-80.000000
-80.000000
-36.000000
-60.000000
-44.000000
-12.000000
-52.000000
-16.000000
-16.000000
-12.000000
-36.000000
-28.000000
-32.000000
-12.000000
-16.000000
-40.000000
-28.000000
-24.000000
-32.000000
-24.000000
-24.000000
-32.000000
-36.000000
-16.000000
-28.000000
-32.000000
-44.000000
-16.000000
-48.000000
-44.000000
-52.000000
-40.000000
-40.000000
-28.000000
-44.000000
-52.000000
-32.000000
-72.000000
-68.000000
-48.000000
-32.000000
-64.000000
-44.000000
-52.000000
-20.000000
-52.000000
-32.000000
-44.000000
-40.000000
-44.000000
-60.000000
-40.000000
-40.000000
-60.000000
-28.000000
-36.000000
4.000000
-28.000000
-40.000000
-36.000000
-40.000000
-32.000000
-52.000000
-72.000000
-52.000000
-64.000000
-40.000000
-72.000000
-44.000000
-32.000000
-76.000000
-32.000000
-52.000000
-88.000000
-72.000000
-48.000000
-60.000000
-44.000000
-52.000000
-40.000000
-44.000000
-60.000000
-64.000000
-64.000000
-64.000000
-64.000000
-80.000000
-80.000000
-64.000000
-84.000000
-88.000000
-60.000000
-64.000000
-64.000000
-80.000000
-84.000000
-68.000000
-48.000000
-64.000000
-32.000000
-20.000000
-44.000000
-12.000000
-32.000000
-32.000000
-40.000000
-68.000000
-36.000000
-60.000000
-56.000000
-28.000000
-16.000000
-32.000000
-68.000000
-76.000000
-76.000000
-36.000000
-68.000000
-60.000000
-80.000000
-68.000000
-68.000000
-52.000000
-20.000000
-44.000000
-32.000000
-64.000000
-40.000000
-32.000000
-32.000000
-64.000000
-28.000000
-44.000000
-32.000000
-40.000000
-68.000000
-36.000000
-44.000000
-44.000000
-24.000000
-24.000000
-48.000000
-48.000000
-60.000000
-24.000000
-64.000000
-44.000000
-52.000000
-28.000000
-40.000000
-44.000000
-16.000000
-20.000000
-32.000000
-28.000000
-44.000000
-40.000000
-52.000000
-68.000000
-32.000000
-36.000000
-44.000000
-40.000000
-12.000000
-60.000000
-36.000000
-28.000000
-52.000000
-40.000000
-44.000000
-32.000000
-44.000000
-36.000000
-48.000000
-40.000000
-28.000000
-40.000000
-24.000000
-56.000000
-48.000000
-64.000000
-40.000000
-72.000000
-32.000000
-32.000000
-16.000000
-32.000000
-12.000000
-28.000000
-52.000000
-28.000000
-44.000000
-28.000000
-24.000000
-44.000000
-20.000000
-48.000000
-32.000000
-24.000000
-32.000000
-28.000000
-64.000000
-36.000000
-88.000000
-56.000000
-52.000000
-52.000000
-44.000000
-44.000000
-48.000000
-32.000000
-48.000000
-32.000000
-16.000000
-76.000000
-12.000000
-56.000000
-32.000000
-28.000000
-16.000000
-40.000000
-32.000000
-48.000000
-44.000000
-36.000000
-52.000000
-28.000000
-36.000000
-28.000000
-48.000000
-24.000000
-24.000000
-28.000000
-32.000000
-24.000000
-44.000000
-40.000000
-44.000000
-52.000000
-24.000000
-32.000000
-48.000000
-28.000000
-32.000000
-28.000000
-64.000000
-20.000000
-40.000000
-48.000000
-76.000000
-60.000000
-68.000000
-52.000000
-56.000000
-48.000000
-48.000000
-12.000000
-20.000000
-16.000000
-16.000000
-16.000000
-40.000000
4.000000
-24.000000
-16.000000
-28.000000
-16.000000
-28.000000
-12.000000
-16.000000
-8.000000
-24.000000
-4.000000
-32.000000
-24.000000
-32.000000
-40.000000
-12.000000
-28.000000
-64.000000
-32.000000
-44.000000
-32.000000
-28.000000
-40.000000
-44.000000
-40.000000
-40.000000
-44.000000
-36.000000
-44.000000
-16.000000
-44.000000
-32.000000
-52.000000
-64.000000
-48.000000
-32.000000
-56.000000
-24.000000
-44.000000
-44.000000
-32.000000
-24.000000
-48.000000
-36.000000
-36.000000
-12.000000
-32.000000
