476.000000
708.000000
984.000000
1156.000000
1268.000000
1372.000000
1308.000000
1148.000000
896.000000
548.000000
116.000000
-344.000000
-840.000000
-1288.000000
-1712.000000
-2016.000000
-2184.000000
-2256.000000
-2136.000000
-1920.000000
-1508.000000
-1028.000000
-456.000000
132.000000
720.000000
1276.000000
1660.000000
2020.000000
2188.000000
2192.000000
2036.000000
1804.000000
1392.000000
996.000000
500.000000
24.000000
-440.000000
-828.000000
-1136.000000
-1332.000000
-1444.000000
-1412.000000
-1288.000000
-1172.000000
-924.000000
-644.000000
-396.000000
-208.000000
-76.000000
-24.000000
-52.000000
-44.000000
-48.000000
-52.000000
-36.000000
-32.000000
-60.000000
-28.000000
-52.000000
-68.000000
-52.000000
-68.000000
-68.000000
-44.000000
-24.000000
-72.000000
-40.000000
-32.000000
-36.000000
-20.000000
-12.000000
-8.000000
-24.000000
-36.000000
-44.000000
-52.000000
-56.000000
-24.000000
-44.000000
-40.000000
-36.000000
-40.000000
-40.000000
-40.000000
-52.000000
-64.000000
-32.000000
-32.000000
-64.000000
-36.000000
-56.000000
-48.000000
-56.000000
-12.000000
-4.000000
-20.000000
-60.000000
-60.000000
-24.000000
-20.000000
-52.000000
-40.000000
-12.000000
-60.000000
-24.000000
-44.000000
-44.000000
-36.000000
-48.000000
-48.000000
-36.000000
-28.000000
-48.000000
-44.000000
-64.000000
-24.000000
-32.000000
-28.000000
-12.000000
-12.000000
-32.000000
-24.000000
-32.000000
-48.000000
-40.000000
-64.000000
-28.000000
-28.000000
-32.000000
-60.000000
-48.000000
-48.000000
-24.000000
-48.000000
-52.000000
-36.000000
-60.000000
-44.000000
-32.000000
-44.000000
-24.000000
-24.000000
-28.000000
-32.000000
-48.000000
-40.000000
-52.000000
-36.000000
-40.000000
-60.000000
-52.000000
-36.000000
-24.000000
-36.000000
-20.000000
-48.000000
-28.000000
-16.000000
-28.000000
-36.000000
-16.000000
-36.000000
-52.000000
-44.000000
-48.000000
-44.000000
-32.000000
-12.000000
-44.000000
-44.000000
-60.000000
-64.000000
-60.000000
-60.000000
-40.000000
-64.000000
-64.000000
-56.000000
-40.000000
-44.000000
-44.000000
-24.000000
-56.000000
-40.000000
-16.000000
-32.000000
-32.000000
-12.000000
-16.000000
-32.000000
-12.000000
-48.000000
-12.000000
-16.000000
-56.000000
-44.000000
-28.000000
-36.000000
-16.000000
-80.000000
-20.000000
-20.000000
-48.000000
-44.000000
-24.000000
-32.000000
-28.000000
-32.000000
-36.000000
-44.000000
-44.000000
-48.000000
-24.000000
-48.000000
-32.000000
-40.000000
-40.000000
-48.000000
-72.000000
-56.000000
-72.000000
-52.000000
-28.000000
-8.000000
-12.000000
-20.000000
-20.000000
-8.000000
4.000000
-40.000000
-12.000000
-8.000000
0.000000
-20.000000
0.000000
-8.000000
-4.000000
-44.000000
-24.000000
-16.000000
-44.000000
12.000000
-24.000000
8.000000
-28.000000
-20.000000
-28.000000
-28.000000
-40.000000
-36.000000
-4.000000
-24.000000
-36.000000
-36.000000
-48.000000
0.000000
-40.000000
-24.000000
-40.000000
-24.000000
-44.000000
-24.000000
-24.000000
-36.000000
-32.000000
-28.000000
-28.000000
-16.000000
-40.000000
-24.000000
-44.000000
-20.000000
-52.000000
-20.000000
-12.000000
-20.000000
-16.000000
-4.000000
-28.000000
-12.000000
-20.000000
-28.000000
-12.000000
-32.000000
-32.000000
-28.000000
4.000000
-56.000000
-52.000000
-52.000000
-20.000000
-24.000000
-48.000000
-44.000000
-80.000000
-52.000000
-72.000000
-64.000000
-44.000000
-20.000000
-40.000000
-56.000000
-48.000000
-48.000000
-40.000000
-56.000000
-84.000000
-84.000000
-60.000000
-48.000000
-36.000000
-52.000000
-68.000000
-60.000000
0.000000
-84.000000
-60.000000
-40.000000
-32.000000
-4.000000
-4.000000
-24.000000
-36.000000
-32.000000
-52.000000
-28.000000
-72.000000
-48.000000
-56.000000
-64.000000
-60.000000
-56.000000
-52.000000
-48.000000
-52.000000
-48.000000
-52.000000
-52.000000
-24.000000
-64.000000
0.000000
-76.000000
-52.000000
-32.000000
-32.000000
-20.000000
-36.000000
-60.000000
-28.000000
-40.000000
-36.000000
-44.000000
-40.000000
-32.000000
-24.000000
-76.000000
0.000000
-32.000000
-36.000000
-32.000000
-20.000000
-28.000000
-24.000000
-12.000000
-24.000000
-20.000000
-16.000000
-12.000000
28.000000
12.000000
-12.000000
-28.000000
-32.000000
-12.000000
-28.000000
-28.000000
-60.000000
-32.000000
-40.000000
-8.000000
-40.000000
-32.000000
-44.000000
-24.000000
-28.000000
-24.000000
-48.000000
-28.000000
-16.000000
-36.000000
-24.000000
-48.000000
-24.000000
-40.000000
-28.000000
0.000000
-8.000000
-8.000000
0.000000
-16.000000
-20.000000
-52.000000
-28.000000
-32.000000
-36.000000
-28.000000
0.000000
-4.000000
-20.000000
-12.000000
-24.000000
-24.000000
-20.000000
-36.000000
-40.000000
16.000000
-24.000000
-4.000000
-32.000000
-48.000000
-24.000000
-40.000000
-44.000000
-48.000000
-56.000000
-48.000000
-44.000000
-36.000000
0.000000
-52.000000
-32.000000
-56.000000
-16.000000
-20.000000
-44.000000
-28.000000
-24.000000
-40.000000
-24.000000
-68.000000
-36.000000
-60.000000
-16.000000
-40.000000
-20.000000
-48.000000
-32.000000
-12.000000
-32.000000
-32.000000
-48.000000
-12.000000
-20.000000
-32.000000
-32.000000
-40.000000
-52.000000
-32.000000
-32.000000
-16.000000
-32.000000
-60.000000
-36.000000
-16.000000
-40.000000
-40.000000
-44.000000
-48.000000
-64.000000
-48.000000
-56.000000
-48.000000
-52.000000
-24.000000
-36.000000
-20.000000
-16.000000
-20.000000
-40.000000
-20.000000
-36.000000
-20.000000
-20.000000
-32.000000
-24.000000
-12.000000
-48.000000
0.000000
-28.000000
-32.000000
-16.000000
-36.000000
-28.000000
-12.000000
-44.000000
-36.000000
-36.000000
-56.000000
-28.000000
-16.000000
-28.000000
-24.000000
-36.000000
-36.000000
-36.000000
-44.000000
-44.000000
-48.000000
-40.000000
-32.000000
-36.000000
-40.000000
-40.000000
-28.000000
-16.000000
-48.000000
-56.000000
-40.000000
-36.000000
-52.000000
-32.000000
-40.000000
-52.000000
-60.000000
-24.000000
-16.000000
-48.000000
-12.000000
-40.000000
-36.000000
-20.000000
-36.000000
-36.000000
-36.000000
-48.000000
-60.000000
-64.000000
-52.000000
-36.000000
-84.000000
-92.000000
-44.000000
-72.000000
-68.000000
-76.000000
-64.000000
-68.000000
-64.000000
-88.000000
-64.000000
-56.000000
-72.000000
-80.000000
-72.000000
-80.000000
-80.000000
-28.000000
-76.000000
-68.000000
-60.000000
-68.000000
-76.000000
-88.000000
-60.000000
-52.000000
-72.000000
-68.000000
-68.000000
-36.000000
-20.000000
-36.000000
-12.000000
-36.000000
-72.000000
-44.000000
-40.000000
-52.000000
-32.000000
-48.000000
-56.000000
-48.000000
-48.000000
-48.000000
-56.000000
-92.000000
-56.000000
-32.000000
-80.000000
-64.000000
-60.000000
-24.000000
-88.000000
-40.000000
-56.000000
-76.000000
-68.000000
-52.000000
-56.000000
-32.000000
-40.000000
-40.000000
-60.000000
-8.000000
-48.000000
-44.000000
-64.000000
-32.000000
-52.000000
-44.000000
-32.000000
-56.000000
-32.000000
-36.000000
-24.000000
-28.000000
-24.000000
-28.000000
-28.000000
-16.000000
-8.000000
0.000000
-32.000000
-16.000000
-12.000000
-32.000000
-44.000000
-40.000000
-28.000000
-56.000000
-36.000000
-40.000000
-36.000000
-32.000000
-36.000000
-28.000000
-40.000000
-48.000000
-28.000000
-20.000000
-12.000000
-12.000000
-40.000000
-40.000000
-8.000000
-32.000000
-24.000000
-28.000000
0.000000
-16.000000
-32.000000
-20.000000
-28.000000
-36.000000
-20.000000
-28.000000
16.000000
-8.000000
-20.000000
-12.000000
-8.000000
-4.000000
-28.000000
-20.000000
-8.000000
-24.000000
8.000000
0.000000
-32.000000
-24.000000
-32.000000
-32.000000
-40.000000
-48.000000
-44.000000
-48.000000
-28.000000
-44.000000
-24.000000
-44.000000
-20.000000
-40.000000
-16.000000
-36.000000
-20.000000
4.000000
-28.000000
-36.000000
-4.000000
-28.000000
-36.000000
-20.000000
-28.000000
-28.000000
-16.000000
-20.000000
-28.000000
-20.000000
-32.000000
-48.000000
-40.000000
-12.000000
-16.000000
-24.000000
-28.000000
-24.000000
-4.000000
-52.000000
-32.000000
-28.000000
-24.000000
-24.000000
-24.000000
-32.000000
-24.000000
-20.000000
-12.000000
-28.000000
-36.000000
-64.000000
-48.000000
-16.000000
-52.000000
-64.000000
-32.000000
-32.000000
-24.000000
8.000000
-16.000000
-20.000000
-4.000000
-28.000000
-12.000000
-12.000000
-16.000000
-12.000000
-28.000000
-16.000000
-8.000000
-12.000000
-20.000000
-28.000000
-28.000000
-20.000000
-20.000000
-20.000000
-12.000000
-32.000000
-4.000000
-28.000000
-36.000000
-20.000000
-20.000000
-28.000000
-16.000000
-24.000000
-40.000000
-28.000000
-36.000000
-32.000000
-44.000000
-32.000000
-48.000000
-32.000000
-28.000000
-20.000000
-28.000000
-28.000000
-52.000000
-52.000000
-32.000000
-36.000000
-52.000000
-28.000000
-32.000000
-8.000000
-8.000000
-36.000000
-20.000000
-32.000000
-40.000000
-48.000000
-52.000000
-20.000000
-28.000000
-44.000000
-52.000000
-64.000000
-52.000000
-68.000000
-44.000000
-44.000000
-64.000000
-68.000000
-56.000000
-60.000000
-88.000000
-52.000000
-44.000000
-52.000000
-48.000000
-44.000000
-88.000000
-32.000000
-56.000000
-72.000000
-48.000000
-44.000000
-96.000000
-72.000000
-84.000000
-72.000000
-56.000000
-56.000000
-72.000000
-44.000000
-44.000000
-44.000000
-24.000000
-40.000000
-24.000000
-20.000000
-16.000000
-28.000000
-32.000000
-32.000000
-44.000000
-68.000000
-44.000000
-84.000000
-60.000000
-36.000000
-64.000000
-44.000000
-40.000000
-68.000000
-48.000000
-72.000000
-44.000000
-64.000000
-52.000000
-48.000000
-64.000000
-44.000000
-44.000000
-36.000000
-36.000000
-64.000000
-40.000000
-40.000000
-48.000000
-48.000000
-40.000000
-28.000000
-48.000000
-32.000000
-28.000000
-80.000000
-32.000000
-60.000000
-28.000000
-72.000000
-20.000000
-52.000000
-24.000000
-48.000000
-28.000000
-48.000000
-32.000000
-20.000000
-16.000000
-12.000000
-20.000000
-20.000000
-36.000000
-56.000000
-40.000000
-44.000000
-52.000000
-28.000000
-32.000000
-40.000000
-40.000000
-40.000000
-48.000000
-40.000000
-32.000000
-32.000000
-36.000000
-40.000000
-36.000000
-16.000000
-16.000000
-20.000000
-60.000000
-24.000000
-16.000000
-28.000000
4.000000
-28.000000
-16.000000
-48.000000
-12.000000
-16.000000
-12.000000
-28.000000
-52.000000
-36.000000
-24.000000
-32.000000
-16.000000
-32.000000
-12.000000
-40.000000
-4.000000
-20.000000
-16.000000
0.000000
-24.000000
-32.000000
-28.000000
-80.000000
-32.000000
-72.000000
-88.000000
-24.000000
-64.000000
-40.000000
-48.000000
-44.000000
-48.000000
0.000000
-28.000000
-16.000000
-32.000000
-16.000000
-16.000000
-36.000000
-32.000000
-4.000000
-20.000000
-36.000000
-12.000000
-24.000000
-40.000000
-28.000000
-44.000000
-44.000000
-12.000000
-32.000000
-12.000000
4.000000
-24.000000
-24.000000
-8.000000
-20.000000
-36.000000
-24.000000
-32.000000
-52.000000
-52.000000
-40.000000
-28.000000
-36.000000
-16.000000
-44.000000
-16.000000
-16.000000
-48.000000
-52.000000
-44.000000
-40.000000
-92.000000
-44.000000
-44.000000
-16.000000
-28.000000
-20.000000
-12.000000
-16.000000
-16.000000
-16.000000
-12.000000
-16.000000
-8.000000
-28.000000
-12.000000
-20.000000
4.000000
-40.000000
-4.000000
-28.000000
-16.000000
-8.000000
-16.000000
-12.000000
-44.000000
4.000000
-32.000000
-12.000000
-32.000000
-24.000000
-20.000000
-16.000000
-40.000000
-32.000000
-16.000000
-36.000000
-32.000000
-36.000000
-44.000000
-24.000000
-32.000000
-28.000000
-40.000000
-40.000000
-28.000000
-32.000000
-60.000000
-24.000000
-32.000000
-36.000000
-52.000000
-48.000000
-48.000000
-44.000000
-12.000000
-40.000000
-20.000000
-28.000000
-32.000000
-44.000000
-28.000000
-52.000000
-52.000000
-68.000000
-56.000000
-44.000000
-24.000000
-72.000000
-52.000000
-80.000000
-56.000000
-32.000000
-76.000000
-68.000000
-64.000000
-56.000000
-72.000000
-80.000000
-80.000000
-36.000000
-72.000000
-72.000000
-60.000000
-52.000000
-76.000000
-64.000000
-64.000000
-48.000000
-40.000000
-48.000000
-68.000000
-76.000000
-76.000000
-64.000000
-48.000000
-44.000000
-52.000000
-44.000000
0.000000
-20.000000
-40.000000
-24.000000
-36.000000
-36.000000
-44.000000
-48.000000
-80.000000
-52.000000
-64.000000
-52.000000
-52.000000
-40.000000
-60.000000
-56.000000
-60.000000
-60.000000
-64.000000
-52.000000
-56.000000
-76.000000
-28.000000
-52.000000
-60.000000
-40.000000
-36.000000
-16.000000
-16.000000
-32.000000
-8.000000
-44.000000
-36.000000
-76.000000
-16.000000
-52.000000
-36.000000
-24.000000
-36.000000
-44.000000
-40.000000
-20.000000
-60.000000
-48.000000
-16.000000
-40.000000
-36.000000
-40.000000
-32.000000
-16.000000
-20.000000
-16.000000
-44.000000
-36.000000
-52.000000
-48.000000
-24.000000
-32.000000
-64.000000
-32.000000
-68.000000
-48.000000
-36.000000
-60.000000
-40.000000
-40.000000
-32.000000
-44.000000
-56.000000
-60.000000
-52.000000
-28.000000
-52.000000
-28.000000
-16.000000
-28.000000
-28.000000
-12.000000
-28.000000
-28.000000
-48.000000
-36.000000
12.000000
-20.000000
-24.000000
-20.000000
-48.000000
-4.000000
-28.000000
-12.000000
-12.000000
-16.000000
-32.000000
-20.000000
-44.000000
-32.000000
-12.000000
-44.000000
-36.000000
-64.000000
-40.000000
-76.000000
-76.000000
-56.000000
-68.000000
-52.000000
-60.000000
-52.000000
-20.000000
-72.000000
-36.000000
-44.000000
-24.000000
-12.000000
-16.000000
-16.000000
-56.000000
-48.000000
-32.000000
-24.000000
-36.000000
-36.000000
-28.000000
-32.000000
-36.000000
-44.000000
-68.000000
-40.000000
-40.000000
-48.000000
-36.000000
-24.000000
-60.000000
-28.000000
-24.000000
-40.000000
-12.000000
-52.000000
-28.000000
-64.000000
-28.000000
-56.000000
-56.000000
-44.000000
-24.000000
-40.000000
-48.000000
-52.000000
-56.000000
-76.000000
-52.000000
-60.000000
-40.000000
-48.000000
-28.000000
-16.000000
-16.000000
-20.000000
-36.000000
-8.000000
-20.000000
-32.000000
-20.000000
-24.000000
-20.000000
-24.000000
-24.000000
-28.000000
-8.000000
-76.000000
-16.000000
-40.000000
-16.000000
-20.000000
-20.000000
-12.000000
-36.000000
-24.000000
-12.000000
-52.000000
-56.000000
-44.000000
-32.000000
-44.000000
-28.000000
-44.000000
-28.000000
-44.000000
-36.000000
-16.000000
-36.000000
-36.000000
-40.000000
-48.000000
-32.000000
-28.000000
-28.000000
-48.000000
-16.000000
-20.000000
-48.000000
-36.000000
-24.000000
-32.000000
-20.000000
-24.000000
-40.000000
-12.000000
-16.000000
-48.000000
-48.000000
-32.000000
-32.000000
-36.000000
-64.000000
-60.000000
-56.000000
-56.000000
-48.000000
-40.000000
-68.000000
-44.000000
-52.000000
-36.000000
-60.000000
-64.000000
-76.000000
-76.000000
-64.000000
-36.000000
-72.000000
-76.000000
-64.000000
-80.000000
-80.000000
-76.000000
-80.000000
-56.000000
-88.000000
-48.000000
-88.000000
-96.000000
-52.000000
-92.000000
-76.000000
-48.000000
-48.000000
-64.000000
-40.000000
-52.000000
-28.000000
-44.000000
0.000000
-60.000000
-16.000000
-68.000000
-60.000000
-60.000000
-40.000000
-48.000000
-80.000000
-48.000000
-48.000000
-40.000000
-60.000000
-48.000000
-64.000000
-40.000000
-48.000000
-32.000000
-52.000000
-48.000000
-56.000000
-40.000000
-36.000000
-32.000000
-48.000000
-52.000000
-56.000000
-52.000000
-60.000000
-44.000000
-52.000000
-44.000000
-48.000000
-44.000000
-20.000000
-44.000000
-28.000000
-24.000000
-28.000000
-32.000000
-28.000000
-60.000000
-40.000000
-40.000000
-56.000000
-32.000000
-20.000000
-12.000000
-4.000000
-4.000000
-40.000000
-36.000000
-40.000000
-68.000000
-48.000000
-28.000000
-28.000000
-36.000000
-48.000000
-40.000000
-40.000000
-36.000000
-48.000000
-28.000000
-16.000000
-20.000000
-16.000000
-40.000000
-60.000000
-28.000000
-28.000000
-48.000000
-44.000000
-36.000000
-16.000000
-48.000000
-16.000000
-32.000000
-48.000000
-28.000000
-24.000000
-44.000000
-32.000000
-8.000000
-36.000000
-16.000000
-44.000000
-48.000000
-28.000000
-28.000000
-8.000000
-20.000000
-16.000000
-16.000000
-36.000000
-28.000000
-52.000000
-32.000000
-36.000000
-36.000000
-56.000000
-36.000000
-32.000000
-76.000000
-64.000000
-32.000000
-56.000000
-28.000000
-40.000000
-28.000000
-32.000000
-28.000000
-28.000000
-32.000000
-20.000000
-20.000000
-28.000000
-40.000000
-44.000000
-36.000000
-40.000000
-44.000000
-36.000000
-36.000000
-40.000000
-32.000000
-52.000000
-28.000000
-28.000000
-48.000000
-20.000000
-56.000000
-8.000000
-36.000000
-20.000000
-56.000000
-28.000000
-56.000000
-60.000000
-44.000000
-48.000000
-36.000000
-32.000000
-52.000000
-36.000000
-40.000000
-44.000000
-52.000000
-88.000000
-72.000000
-52.000000
-44.000000
-56.000000
-16.000000
-20.000000
-24.000000
-16.000000
-24.000000
-28.000000
-12.000000
-16.000000
-12.000000
-36.000000
-24.000000
-28.000000
-36.000000
0.000000
-32.000000
-20.000000
-36.000000
-12.000000
-36.000000
-36.000000
-16.000000
-36.000000
-32.000000
-36.000000
-12.000000
-40.000000
-40.000000
-32.000000
-48.000000
-24.000000
-44.000000
-32.000000
-48.000000
-36.000000
-40.000000
-36.000000
-44.000000
-52.000000
-44.000000
-56.000000
-28.000000
-52.000000
-28.000000
-36.000000
-64.000000
-28.000000
-44.000000
-52.000000
-44.000000
-32.000000
-32.000000
-40.000000
-24.000000
-36.000000
-24.000000
-48.000000
-52.000000
-16.000000
-28.000000
-44.000000
-32.000000
-72.000000
-60.000000
-64.000000
-44.000000
-92.000000
-68.000000
-64.000000
-64.000000
-76.000000
-60.000000
-60.000000
-60.000000
-76.000000
-68.000000
-60.000000
-72.000000
-88.000000
-76.000000
-48.000000
-72.000000
-88.000000
-80.000000
-76.000000
-52.000000
-80.000000
-64.000000
-60.000000
-56.000000
-44.000000
-88.000000
-80.000000
-68.000000
-60.000000
-36.000000
-24.000000
-52.000000
-12.000000
-40.000000
-36.000000
-32.000000
-76.000000
-60.000000
-32.000000
-88.000000
-76.000000
-72.000000
-36.000000
-48.000000
-76.000000
-28.000000
-52.000000
-76.000000
-44.000000
-52.000000
-60.000000
-72.000000
-56.000000
-48.000000
-48.000000
-32.000000
-44.000000
-64.000000
-40.000000
-52.000000
-36.000000
-72.000000
-52.000000
-28.000000
-52.000000
-44.000000
-100.000000
-40.000000
-68.000000
-52.000000
-48.000000
-28.000000
-48.000000
-12.000000
-40.000000
-48.000000
-40.000000
-48.000000
-20.000000
-36.000000
-28.000000
0.000000
-40.000000
-16.000000
-48.000000
-44.000000
-28.000000
-72.000000
-32.000000
-48.000000
-20.000000
-60.000000
-48.000000
-32.000000
-36.000000
-44.000000
-32.000000
-28.000000
-28.000000
-48.000000
-28.000000
-36.000000
-52.000000
-24.000000
-32.000000
-28.000000
-20.000000
-36.000000
-28.000000
-16.000000
-48.000000
-24.000000
-16.000000
-16.000000
-36.000000
-52.000000
-44.000000
-16.000000
-44.000000
-4.000000
-16.000000
-24.000000
-28.000000
-40.000000
-32.000000
-28.000000
-8.000000
-12.000000
0.000000
-24.000000
-36.000000
-44.000000
-84.000000
-88.000000
-40.000000
-28.000000
-76.000000
-20.000000
-48.000000
-44.000000
-40.000000
-48.000000
-44.000000
-28.000000
-32.000000
-16.000000
-52.000000
-36.000000
-28.000000
-28.000000
-24.000000
-16.000000
-24.000000
-44.000000
-40.000000
-40.000000
-52.000000
-16.000000
-24.000000
-36.000000
-24.000000
-20.000000
-20.000000
-32.000000
-44.000000
-24.000000
-36.000000
-28.000000
-40.000000
-24.000000
-44.000000
-64.000000
-24.000000
-60.000000
-32.000000
-36.000000
-36.000000
-52.000000
-40.000000
-68.000000
-72.000000
-72.000000
-60.000000
-48.000000
-24.000000
-72.000000
-20.000000
0.000000
-24.000000
-8.000000
-28.000000
-4.000000
-28.000000
-8.000000
-28.000000
-44.000000
-28.000000
-24.000000
-20.000000
-32.000000
-24.000000
-20.000000
-24.000000
-24.000000
-16.000000
-20.000000
-24.000000
-28.000000
-60.000000
-56.000000
-40.000000
-48.000000
-36.000000
-36.000000
-40.000000
-28.000000
-36.000000
-48.000000
-28.000000
-32.000000
-52.000000
-36.000000
-32.000000
-36.000000
-36.000000
-56.000000
-36.000000
-40.000000
-48.000000
-60.000000
-52.000000
-40.000000
-40.000000
-32.000000
-44.000000
-32.000000
-12.000000
-28.000000
-28.000000
-52.000000
-36.000000
-40.000000
-40.000000
-64.000000
-44.000000
-52.000000
-64.000000
-60.000000
-64.000000
-52.000000
-52.000000
-60.000000
-72.000000
-80.000000
-80.000000
-76.000000
-80.000000
-56.000000
-80.000000
-64.000000
-48.000000
-96.000000
-64.000000
-88.000000
-76.000000
-48.000000
-56.000000
-36.000000
-40.000000
-64.000000
-68.000000
-92.000000
-92.000000
-72.000000
-48.000000
-56.000000
-52.000000
-72.000000
-60.000000
-64.000000
-20.000000
-24.000000
-32.000000
-28.000000
-28.000000
-32.000000
-76.000000
-36.000000
-52.000000
-44.000000
-40.000000
-48.000000
-60.000000
-52.000000
-92.000000
-72.000000
-48.000000
-72.000000
-48.000000
-48.000000
-80.000000
-52.000000
-60.000000
-72.000000
-56.000000
-20.000000
-64.000000
-60.000000
-36.000000
-60.000000
-40.000000
-40.000000
-28.000000
-72.000000
-32.000000
-60.000000
-52.000000
-16.000000
-52.000000
-40.000000
-40.000000
-12.000000
-44.000000
-44.000000
-32.000000
-64.000000
-32.000000
-28.000000
-32.000000
-32.000000
-28.000000
-8.000000
-12.000000
-24.000000
-44.000000
-44.000000
-52.000000
-40.000000
-64.000000
-44.000000
-48.000000
-48.000000
-32.000000
-44.000000
-52.000000
-36.000000
-60.000000
-40.000000
-48.000000
-36.000000
-44.000000
-40.000000
-32.000000
-44.000000
-64.000000
-36.000000
-44.000000
-32.000000
-28.000000
-28.000000
-24.000000
-28.000000
-28.000000
-48.000000
-32.000000
-20.000000
-36.000000
-36.000000
-32.000000
-32.000000
0.000000
-8.000000
-28.000000
-12.000000
-32.000000
-56.000000
-20.000000
-36.000000
-24.000000
-40.000000
-52.000000
-60.000000
-40.000000
-60.000000
-52.000000
-52.000000
-40.000000
-48.000000
-64.000000
-16.000000
-44.000000
-36.000000
-36.000000
-28.000000
-36.000000
-48.000000
-24.000000
-28.000000
-24.000000
-32.000000
-24.000000
-64.000000
-32.000000
0.000000
-36.000000
-32.000000
-20.000000
-32.000000
-36.000000
-28.000000
-44.000000
-20.000000
-32.000000
-44.000000
-40.000000
-40.000000
-44.000000
-28.000000
-32.000000
-48.000000
-24.000000
-48.000000
-44.000000
-44.000000
-28.000000
-44.000000
-24.000000
-16.000000
-40.000000
-56.000000
-56.000000
-40.000000
-60.000000
-4.000000
-44.000000
-32.000000
-24.000000
-20.000000
-24.000000
4.000000
-16.000000
-8.000000
-12.000000
-12.000000
-16.000000
-8.000000
-20.000000
-8.000000
-32.000000
-20.000000
-24.000000
-36.000000
-32.000000
-24.000000
-40.000000
-32.000000
-32.000000
-44.000000
-16.000000
-40.000000
-20.000000
-20.000000
-40.000000
-40.000000
-20.000000
-48.000000
-44.000000
-32.000000
-52.000000
-16.000000
-44.000000
-48.000000
-28.000000
-44.000000
-36.000000
-40.000000
-48.000000
-28.000000
-52.000000
-44.000000
-56.000000
-32.000000
-52.000000
-16.000000
-32.000000
-36.000000
-28.000000
-24.000000
-20.000000
-24.000000
-52.000000
-48.000000
-16.000000
-36.000000
-52.000000
-60.000000
-64.000000
-68.000000
-60.000000
-56.000000
-80.000000
-80.000000
-80.000000
-84.000000
-60.000000
-32.000000
-64.000000
-64.000000
-48.000000
