484.000000
776.000000
988.000000
1176.000000
1324.000000
1304.000000
1264.000000
1084.000000
800.000000
428.000000
16.000000
-476.000000
-972.000000
-1404.000000
-1832.000000
-2108.000000
-2272.000000
-2304.000000
-2144.000000
-1884.000000
-1480.000000
-1008.000000
-380.000000
212.000000
788.000000
1312.000000
1732.000000
2008.000000
2140.000000
2148.000000
1964.000000
1736.000000
1352.000000
872.000000
408.000000
-72.000000
-496.000000
-868.000000
-1152.000000
-1332.000000
-1436.000000
-1412.000000
-1284.000000
-1112.000000
-888.000000
-636.000000
-368.000000
-176.000000
-88.000000
-28.000000
-16.000000
-44.000000
-24.000000
-28.000000
-56.000000
-48.000000
-44.000000
-64.000000
-28.000000
-52.000000
-20.000000
-28.000000
-52.000000
-52.000000
-52.000000
-84.000000
-28.000000
-64.000000
-32.000000
-68.000000
-16.000000
-84.000000
-20.000000
-52.000000
-40.000000
-56.000000
-48.000000
-32.000000
-56.000000
-24.000000
-32.000000
-24.000000
-56.000000
-28.000000
-36.000000
-32.000000
-32.000000
-8.000000
-36.000000
-32.000000
-40.000000
-44.000000
-32.000000
-52.000000
-44.000000
-52.000000
-36.000000
-32.000000
-44.000000
-40.000000
-32.000000
-64.000000
-24.000000
-36.000000
-36.000000
-56.000000
-36.000000
-40.000000
-28.000000
-36.000000
-40.000000
-36.000000
-32.000000
-16.000000
-44.000000
-44.000000
-40.000000
-20.000000
-8.000000
-28.000000
-32.000000
-48.000000
-44.000000
-60.000000
-28.000000
-24.000000
-48.000000
-32.000000
-24.000000
-28.000000
-44.000000
-8.000000
-32.000000
-28.000000
-64.000000
-48.000000
-48.000000
-88.000000
-88.000000
-56.000000
-36.000000
-64.000000
-52.000000
-44.000000
-40.000000
-40.000000
-32.000000
-48.000000
-48.000000
-28.000000
-56.000000
8.000000
-40.000000
-36.000000
-12.000000
-44.000000
-24.000000
-12.000000
-28.000000
-8.000000
-40.000000
-40.000000
-20.000000
-16.000000
-8.000000
-24.000000
-28.000000
-32.000000
-4.000000
-40.000000
-44.000000
-24.000000
-36.000000
-32.000000
-60.000000
-20.000000
-32.000000
-32.000000
-32.000000
-48.000000
-32.000000
-28.000000
-24.000000
-40.000000
-52.000000
-56.000000
-72.000000
-52.000000
-72.000000
-36.000000
-48.000000
-32.000000
-12.000000
-8.000000
-12.000000
4.000000
-16.000000
0.000000
-20.000000
20.000000
-48.000000
-8.000000
-20.000000
-24.000000
-24.000000
-16.000000
-12.000000
-16.000000
-36.000000
8.000000
-24.000000
-32.000000
-12.000000
-48.000000
-8.000000
-32.000000
-44.000000
-12.000000
-16.000000
-16.000000
-12.000000
-40.000000
-24.000000
-28.000000
-20.000000
-24.000000
-16.000000
-36.000000
12.000000
-28.000000
-24.000000
-24.000000
-28.000000
-40.000000
-48.000000
-48.000000
-28.000000
0.000000
-36.000000
-24.000000
-8.000000
-12.000000
-28.000000
-28.000000
-36.000000
-12.000000
-36.000000
-28.000000
-16.000000
-32.000000
-16.000000
-52.000000
-52.000000
-40.000000
-64.000000
-48.000000
-64.000000
-36.000000
-76.000000
-48.000000
-44.000000
-44.000000
-68.000000
-60.000000
-64.000000
-64.000000
-48.000000
-56.000000
-64.000000
-60.000000
-80.000000
-60.000000
-64.000000
-84.000000
-64.000000
-72.000000
-48.000000
-64.000000
-84.000000
-68.000000
-88.000000
-56.000000
-44.000000
-64.000000
-48.000000
-40.000000
-16.000000
-44.000000
-56.000000
-24.000000
-48.000000
-32.000000
-44.000000
-52.000000
-64.000000
-52.000000
-24.000000
-56.000000
-52.000000
-52.000000
-52.000000
-44.000000
-64.000000
-52.000000
-76.000000
-76.000000
-68.000000
-48.000000
-20.000000
-36.000000
-24.000000
-64.000000
-80.000000
-36.000000
-40.000000
-28.000000
-76.000000
-48.000000
-28.000000
-48.000000
-40.000000
-12.000000
-84.000000
-32.000000
-40.000000
-48.000000
-32.000000
-60.000000
-48.000000
-48.000000
-52.000000
-48.000000
-52.000000
-32.000000
-24.000000
8.000000
-44.000000
-32.000000
-8.000000
-40.000000
-36.000000
-36.000000
-16.000000
0.000000
-56.000000
-60.000000
-28.000000
-48.000000
-48.000000
-64.000000
-48.000000
-40.000000
-52.000000
-44.000000
-32.000000
-40.000000
-32.000000
-36.000000
-36.000000
-32.000000
-28.000000
-40.000000
-28.000000
-24.000000
-20.000000
-36.000000
-28.000000
-24.000000
-24.000000
-44.000000
-32.000000
-36.000000
-36.000000
-24.000000
-16.000000
-60.000000
-32.000000
-32.000000
-8.000000
-40.000000
-20.000000
-4.000000
-24.000000
-24.000000
-28.000000
-36.000000
-36.000000
-72.000000
-60.000000
-52.000000
-64.000000
-68.000000
-64.000000
-68.000000
-36.000000
-48.000000
-40.000000
-32.000000
-36.000000
-32.000000
-16.000000
-40.000000
-28.000000
-32.000000
-28.000000
-44.000000
-40.000000
-48.000000
-28.000000
-36.000000
-32.000000
-72.000000
-28.000000
-48.000000
-32.000000
-24.000000
-36.000000
-40.000000
-44.000000
-24.000000
-24.000000
-24.000000
-36.000000
-40.000000
-28.000000
-36.000000
-28.000000
-28.000000
-56.000000
-36.000000
-44.000000
-24.000000
-52.000000
-28.000000
-52.000000
-56.000000
-44.000000
-64.000000
-72.000000
-36.000000
-36.000000
-52.000000
-4.000000
-12.000000
-20.000000
-8.000000
-24.000000
-24.000000
-28.000000
-24.000000
-12.000000
-36.000000
-40.000000
0.000000
-24.000000
-20.000000
-20.000000
-8.000000
-36.000000
-12.000000
-40.000000
-16.000000
-20.000000
-20.000000
-32.000000
-36.000000
-16.000000
-36.000000
-40.000000
-32.000000
-16.000000
-52.000000
-36.000000
-32.000000
-44.000000
-44.000000
-32.000000
-60.000000
-44.000000
-12.000000
-48.000000
-36.000000
-36.000000
-60.000000
-60.000000
-52.000000
-24.000000
4.000000
4.000000
-52.000000
-8.000000
-24.000000
-40.000000
-32.000000
-20.000000
-24.000000
-48.000000
-28.000000
-48.000000
-48.000000
-40.000000
-36.000000
-32.000000
-36.000000
-68.000000
-56.000000
-44.000000
-40.000000
-60.000000
-80.000000
-72.000000
-84.000000
-24.000000
-60.000000
-60.000000
-52.000000
-68.000000
-44.000000
-68.000000
-76.000000
-88.000000
-76.000000
-68.000000
-48.000000
-56.000000
-56.000000
-44.000000
-80.000000
-48.000000
-76.000000
-68.000000
-36.000000
-88.000000
-68.000000
-48.000000
-32.000000
0.000000
-20.000000
-16.000000
-48.000000
-68.000000
-36.000000
-44.000000
-60.000000
-52.000000
-52.000000
-48.000000
-52.000000
-64.000000
-64.000000
-28.000000
-52.000000
-32.000000
-64.000000
-36.000000
-68.000000
-60.000000
-64.000000
-72.000000
-48.000000
-44.000000
-24.000000
-80.000000
-56.000000
-48.000000
-36.000000
-52.000000
-64.000000
-52.000000
-32.000000
-32.000000
-48.000000
-28.000000
-48.000000
-40.000000
-44.000000
-24.000000
-48.000000
-24.000000
-56.000000
-40.000000
-48.000000
-32.000000
-28.000000
0.000000
-16.000000
-16.000000
-16.000000
-32.000000
-28.000000
-56.000000
-60.000000
-28.000000
-28.000000
-48.000000
-36.000000
-60.000000
-44.000000
-36.000000
-32.000000
-40.000000
-24.000000
-28.000000
-68.000000
-44.000000
-44.000000
-20.000000
-20.000000
-20.000000
-44.000000
-28.000000
-44.000000
-44.000000
-40.000000
-28.000000
-40.000000
-12.000000
-44.000000
-12.000000
-20.000000
-28.000000
-36.000000
-28.000000
-44.000000
-44.000000
-8.000000
-20.000000
-44.000000
-36.000000
-16.000000
-20.000000
-8.000000
-16.000000
0.000000
-16.000000
-80.000000
-56.000000
-60.000000
-36.000000
-52.000000
-52.000000
-48.000000
-56.000000
-44.000000
-52.000000
-32.000000
-36.000000
-52.000000
-32.000000
-40.000000
-44.000000
-52.000000
-28.000000
-36.000000
-56.000000
-44.000000
-24.000000
-32.000000
-36.000000
-20.000000
-24.000000
-40.000000
-16.000000
-16.000000
-36.000000
-24.000000
-32.000000
-60.000000
-52.000000
-52.000000
-24.000000
-44.000000
-48.000000
-44.000000
-48.000000
-44.000000
-48.000000
-32.000000
-56.000000
-32.000000
-16.000000
-28.000000
-60.000000
-36.000000
-28.000000
-80.000000
-80.000000
-64.000000
-48.000000
-32.000000
-64.000000
-48.000000
-40.000000
-16.000000
0.000000
-24.000000
-32.000000
-16.000000
-16.000000
-20.000000
-48.000000
-24.000000
-28.000000
-40.000000
-44.000000
-16.000000
-44.000000
-32.000000
-28.000000
-20.000000
-28.000000
-28.000000
-8.000000
-36.000000
-28.000000
-60.000000
-40.000000
-28.000000
-24.000000
-28.000000
-36.000000
-48.000000
-36.000000
-32.000000
-20.000000
-36.000000
-44.000000
-32.000000
-40.000000
-20.000000
-32.000000
-40.000000
-28.000000
-60.000000
-44.000000
-32.000000
-40.000000
-52.000000
-32.000000
-32.000000
-40.000000
-8.000000
-32.000000
-28.000000
-24.000000
-24.000000
-40.000000
-16.000000
-52.000000
-64.000000
-68.000000
-64.000000
-48.000000
-36.000000
-48.000000
-40.000000
-44.000000
-64.000000
-68.000000
-68.000000
-48.000000
-48.000000
-64.000000
-44.000000
-60.000000
-60.000000
-64.000000
-60.000000
-64.000000
-52.000000
-68.000000
-68.000000
-56.000000
-48.000000
-56.000000
-64.000000
-48.000000
-52.000000
-60.000000
-36.000000
-64.000000
-68.000000
-68.000000
-72.000000
-32.000000
-48.000000
-8.000000
-24.000000
-28.000000
-52.000000
-44.000000
-48.000000
-68.000000
-36.000000
-48.000000
-64.000000
-44.000000
-68.000000
-60.000000
-48.000000
-76.000000
-60.000000
-72.000000
-56.000000
-48.000000
-52.000000
-72.000000
-52.000000
-72.000000
-32.000000
-60.000000
-40.000000
-76.000000
-36.000000
-60.000000
-12.000000
-36.000000
-64.000000
-40.000000
-44.000000
-44.000000
-60.000000
-56.000000
-48.000000
-48.000000
-72.000000
-32.000000
-32.000000
-48.000000
-40.000000
-40.000000
-48.000000
-40.000000
-40.000000
-8.000000
-16.000000
-8.000000
-8.000000
-40.000000
-52.000000
-52.000000
-56.000000
-52.000000
-44.000000
-56.000000
-28.000000
-44.000000
-64.000000
-48.000000
-60.000000
-60.000000
-44.000000
-32.000000
-40.000000
-20.000000
-20.000000
-32.000000
-32.000000
-52.000000
-40.000000
-36.000000
-52.000000
-52.000000
-40.000000
-20.000000
-20.000000
-44.000000
-16.000000
-20.000000
-24.000000
-8.000000
-32.000000
-44.000000
-44.000000
-32.000000
-28.000000
-52.000000
-48.000000
-16.000000
-8.000000
-36.000000
-44.000000
-48.000000
-48.000000
-32.000000
-36.000000
-44.000000
-60.000000
-76.000000
-24.000000
-64.000000
-36.000000
-76.000000
-44.000000
-52.000000
-48.000000
-44.000000
-72.000000
-56.000000
-32.000000
-16.000000
-36.000000
-12.000000
-24.000000
-20.000000
-44.000000
-40.000000
-20.000000
-36.000000
-24.000000
-52.000000
-40.000000
-48.000000
-36.000000
-20.000000
-28.000000
-32.000000
-52.000000
-44.000000
-40.000000
-36.000000
-16.000000
-8.000000
-12.000000
-44.000000
-36.000000
-48.000000
-32.000000
-36.000000
-24.000000
-44.000000
-44.000000
-40.000000
-48.000000
-88.000000
-64.000000
-48.000000
-76.000000
-32.000000
-52.000000
-48.000000
-8.000000
-20.000000
0.000000
-24.000000
-16.000000
-36.000000
-8.000000
-28.000000
-8.000000
0.000000
-12.000000
-32.000000
-16.000000
-40.000000
-44.000000
-8.000000
-40.000000
-28.000000
-36.000000
-20.000000
-32.000000
-24.000000
-24.000000
-28.000000
-16.000000
-28.000000
-12.000000
-32.000000
-20.000000
-40.000000
-40.000000
-16.000000
-32.000000
-24.000000
-20.000000
-40.000000
-40.000000
-36.000000
-24.000000
-44.000000
-48.000000
-32.000000
-28.000000
-32.000000
-40.000000
-32.000000
-60.000000
-32.000000
-8.000000
-24.000000
-28.000000
-44.000000
-32.000000
-52.000000
-40.000000
-40.000000
-40.000000
-44.000000
-40.000000
-28.000000
-36.000000
-68.000000
-60.000000
-56.000000
-44.000000
-68.000000
-64.000000
-56.000000
-48.000000
-64.000000
-48.000000
-52.000000
-76.000000
-48.000000
-36.000000
-52.000000
-68.000000
-52.000000
-44.000000
-48.000000
-36.000000
-72.000000
-72.000000
-88.000000
-76.000000
-72.000000
-76.000000
-72.000000
-60.000000
-76.000000
-68.000000
-64.000000
-52.000000
-48.000000
-16.000000
-36.000000
-36.000000
-32.000000
-36.000000
-48.000000
-60.000000
-32.000000
-40.000000
-96.000000
-80.000000
-56.000000
-64.000000
-72.000000
-88.000000
-68.000000
-56.000000
-20.000000
-56.000000
-56.000000
-48.000000
-32.000000
-48.000000
-44.000000
-44.000000
-80.000000
-28.000000
-48.000000
-48.000000
-60.000000
-44.000000
-36.000000
-40.000000
-24.000000
-36.000000
-48.000000
-48.000000
-72.000000
-24.000000
-44.000000
-44.000000
-28.000000
-36.000000
-28.000000
-16.000000
-40.000000
-20.000000
-28.000000
-32.000000
-12.000000
-20.000000
-36.000000
-32.000000
-44.000000
-48.000000
-44.000000
-52.000000
-28.000000
-36.000000
-52.000000
-40.000000
-28.000000
-64.000000
-44.000000
-44.000000
-24.000000
-40.000000
-48.000000
-40.000000
-48.000000
-48.000000
-32.000000
-28.000000
-16.000000
-32.000000
-20.000000
-32.000000
-36.000000
-16.000000
-20.000000
-40.000000
-12.000000
-36.000000
-20.000000
-36.000000
-44.000000
-12.000000
-40.000000
-44.000000
-40.000000
-60.000000
-16.000000
0.000000
-28.000000
-20.000000
-32.000000
-64.000000
-52.000000
-48.000000
-16.000000
-40.000000
-60.000000
-44.000000
-112.000000
-76.000000
-80.000000
-48.000000
-48.000000
-44.000000
-48.000000
-28.000000
-48.000000
-32.000000
-20.000000
-44.000000
-52.000000
-36.000000
-16.000000
-48.000000
-44.000000
-48.000000
-28.000000
-12.000000
-32.000000
-36.000000
-48.000000
-32.000000
-12.000000
-36.000000
-24.000000
-28.000000
-52.000000
-76.000000
-28.000000
-24.000000
-36.000000
4.000000
-28.000000
-48.000000
-52.000000
-36.000000
-48.000000
-56.000000
-52.000000
-40.000000
-28.000000
-56.000000
-48.000000
-48.000000
-64.000000
-48.000000
-48.000000
-84.000000
-48.000000
-44.000000
-36.000000
-40.000000
-24.000000
-20.000000
-12.000000
-8.000000
-28.000000
-28.000000
-12.000000
-12.000000
-36.000000
-36.000000
-8.000000
-32.000000
-4.000000
-32.000000
-16.000000
-36.000000
-16.000000
-20.000000
-12.000000
-32.000000
-32.000000
-20.000000
0.000000
-40.000000
-56.000000
-24.000000
-36.000000
-40.000000
-56.000000
-36.000000
-28.000000
-32.000000
-32.000000
-52.000000
-44.000000
-44.000000
-40.000000
-48.000000
-44.000000
-28.000000
-44.000000
-48.000000
-52.000000
-44.000000
-40.000000
-24.000000
-36.000000
-56.000000
-40.000000
-76.000000
-20.000000
-16.000000
-16.000000
-40.000000
-40.000000
-48.000000
-44.000000
-52.000000
-60.000000
-48.000000
-40.000000
-52.000000
-32.000000
-52.000000
-44.000000
-68.000000
-60.000000
-80.000000
-76.000000
-72.000000
-64.000000
-64.000000
-48.000000
-88.000000
-76.000000
-68.000000
-52.000000
-52.000000
-48.000000
-92.000000
-76.000000
-72.000000
-56.000000
-88.000000
-88.000000
-48.000000
-80.000000
-48.000000
-88.000000
-64.000000
-52.000000
-80.000000
-56.000000
-52.000000
-40.000000
-40.000000
-32.000000
-24.000000
-52.000000
-52.000000
-72.000000
-64.000000
-48.000000
-64.000000
-56.000000
-52.000000
-48.000000
-56.000000
-36.000000
-56.000000
-48.000000
-44.000000
-40.000000
-48.000000
-40.000000
-60.000000
-60.000000
-48.000000
-36.000000
-60.000000
-40.000000
-52.000000
-60.000000
-36.000000
-24.000000
-76.000000
-64.000000
-32.000000
-68.000000
-52.000000
-56.000000
-40.000000
-40.000000
-40.000000
-36.000000
-48.000000
-32.000000
-40.000000
-52.000000
-40.000000
-44.000000
-28.000000
-20.000000
-48.000000
-24.000000
-32.000000
-28.000000
-24.000000
-32.000000
-32.000000
-36.000000
-36.000000
-96.000000
-36.000000
-32.000000
-32.000000
-36.000000
-44.000000
-36.000000
-52.000000
-44.000000
-44.000000
-20.000000
-32.000000
-36.000000
-16.000000
-16.000000
-16.000000
-48.000000
-24.000000
-40.000000
-16.000000
-32.000000
-48.000000
-36.000000
-16.000000
-40.000000
-60.000000
-32.000000
-8.000000
-24.000000
-32.000000
-36.000000
-48.000000
-20.000000
-36.000000
-28.000000
-36.000000
-52.000000
4.000000
-48.000000
-36.000000
-60.000000
-36.000000
-68.000000
-52.000000
-92.000000
-56.000000
-88.000000
-76.000000
-72.000000
-28.000000
-76.000000
-36.000000
-28.000000
-48.000000
-40.000000
-44.000000
-52.000000
-36.000000
-40.000000
-48.000000
-64.000000
-16.000000
-52.000000
-28.000000
-28.000000
-20.000000
-16.000000
-48.000000
-8.000000
-12.000000
-52.000000
-44.000000
-24.000000
-44.000000
-40.000000
-24.000000
-40.000000
-52.000000
-44.000000
-48.000000
-44.000000
-48.000000
-52.000000
-24.000000
-52.000000
-52.000000
-64.000000
-64.000000
-32.000000
-52.000000
-80.000000
-80.000000
-80.000000
-52.000000
-40.000000
-64.000000
-24.000000
-24.000000
-32.000000
-32.000000
-44.000000
-28.000000
-36.000000
-40.000000
-48.000000
-32.000000
-12.000000
4.000000
-48.000000
-32.000000
-48.000000
-16.000000
-44.000000
-24.000000
-32.000000
-16.000000
-16.000000
-28.000000
-24.000000
-28.000000
-52.000000
-40.000000
-48.000000
-48.000000
-32.000000
-20.000000
-44.000000
-44.000000
-36.000000
-36.000000
-28.000000
-40.000000
-52.000000
-52.000000
-36.000000
-36.000000
-36.000000
-40.000000
-48.000000
-52.000000
-28.000000
-28.000000
-36.000000
-16.000000
-36.000000
-48.000000
0.000000
-40.000000
-4.000000
-40.000000
-40.000000
-44.000000
-52.000000
-20.000000
-40.000000
-44.000000
-56.000000
-64.000000
-44.000000
-44.000000
-44.000000
-48.000000
-72.000000
-72.000000
-92.000000
-72.000000
-76.000000
-56.000000
-72.000000
-60.000000
-92.000000
-76.000000
-80.000000
-60.000000
-52.000000
-64.000000
-80.000000
-60.000000
-60.000000
-80.000000
-52.000000
-76.000000
-72.000000
-64.000000
-84.000000
-64.000000
-60.000000
-64.000000
-88.000000
-36.000000
-68.000000
-36.000000
-32.000000
-28.000000
-48.000000
-28.000000
-60.000000
-44.000000
-68.000000
-64.000000
-72.000000
-40.000000
-72.000000
-52.000000
-32.000000
-72.000000
-76.000000
-44.000000
-40.000000
-72.000000
-52.000000
-28.000000
-80.000000
-60.000000
-68.000000
-28.000000
-72.000000
-76.000000
-20.000000
-72.000000
-32.000000
-52.000000
-52.000000
-60.000000
-64.000000
-48.000000
-56.000000
-64.000000
-28.000000
-72.000000
-48.000000
-56.000000
-60.000000
-52.000000
-56.000000
-24.000000
-40.000000
-44.000000
-32.000000
-60.000000
-36.000000
-12.000000
-40.000000
-28.000000
-48.000000
-36.000000
-48.000000
-20.000000
-64.000000
-24.000000
-68.000000
-44.000000
-44.000000
-48.000000
-36.000000
-60.000000
-48.000000
-28.000000
-44.000000
-40.000000
-44.000000
-28.000000
-20.000000
-40.000000
-44.000000
-32.000000
-28.000000
-32.000000
-36.000000
-32.000000
-32.000000
-24.000000
-48.000000
-28.000000
-32.000000
-8.000000
-28.000000
-24.000000
-36.000000
-28.000000
-36.000000
-52.000000
-36.000000
-44.000000
-8.000000
-44.000000
-28.000000
-28.000000
-52.000000
-36.000000
-12.000000
-44.000000
-64.000000
-52.000000
-64.000000
-76.000000
-68.000000
-56.000000
-48.000000
-44.000000
-52.000000
-32.000000
-52.000000
-52.000000
-28.000000
-8.000000
-32.000000
-28.000000
-40.000000
-28.000000
-28.000000
-20.000000
-16.000000
-12.000000
-32.000000
-24.000000
-40.000000
-16.000000
-48.000000
-48.000000
-60.000000
-24.000000
-8.000000
-40.000000
-28.000000
-8.000000
-36.000000
-32.000000
-44.000000
-20.000000
-36.000000
-28.000000
-40.000000
-44.000000
-28.000000
-44.000000
-48.000000
-44.000000
-48.000000
-48.000000
-48.000000
-48.000000
-52.000000
-64.000000
-52.000000
-32.000000
-48.000000
-20.000000
-8.000000
-20.000000
-8.000000
-8.000000
-12.000000
-12.000000
-12.000000
8.000000
-8.000000
-32.000000
4.000000
-24.000000
-48.000000
-28.000000
0.000000
-28.000000
-40.000000
0.000000
-44.000000
-28.000000
-20.000000
-24.000000
-44.000000
-44.000000
-40.000000
-8.000000
-48.000000
-28.000000
-40.000000
-44.000000
-32.000000
-44.000000
-32.000000
-48.000000
-52.000000
-40.000000
-56.000000
-32.000000
-20.000000
-16.000000
-48.000000
-56.000000
-40.000000
-56.000000
-36.000000
-44.000000
-24.000000
-16.000000
-24.000000
-40.000000
-16.000000
-32.000000
-32.000000
-16.000000
-44.000000
-32.000000
-36.000000
-36.000000
-64.000000
-32.000000
-36.000000
-48.000000
-52.000000
-40.000000
-56.000000
-56.000000
-64.000000
-64.000000
-44.000000
-64.000000
-52.000000
-40.000000
-76.000000
-52.000000
-52.000000
-40.000000
-80.000000
-72.000000
-56.000000
-80.000000
-68.000000
-76.000000
-44.000000
-88.000000
-52.000000
-88.000000
-44.000000
-72.000000
-84.000000
-64.000000
-60.000000
-56.000000
-68.000000
-32.000000
-28.000000
-44.000000
-28.000000
-44.000000
-36.000000
-72.000000
-68.000000
-48.000000
-32.000000
-44.000000
-40.000000
-60.000000
-40.000000
-64.000000
-92.000000
-36.000000
-40.000000
-44.000000
-40.000000
-60.000000
-60.000000
-76.000000
-52.000000
-56.000000
-80.000000
-48.000000
-68.000000
-52.000000
-48.000000
-48.000000
-72.000000
-48.000000
-52.000000
-32.000000
-96.000000
-48.000000
-24.000000
-52.000000
-44.000000
-44.000000
-48.000000
-36.000000
-60.000000
-40.000000
-56.000000
-36.000000
-64.000000
-28.000000
-8.000000
-32.000000
-16.000000
-4.000000
-24.000000
-24.000000
-60.000000
-68.000000
-52.000000
-48.000000
-48.000000
-28.000000
-64.000000
-32.000000
-60.000000
-44.000000
-28.000000
-40.000000
-48.000000
-36.000000
-36.000000
-40.000000
-28.000000
-16.000000
-32.000000
-24.000000
-48.000000
-44.000000
-40.000000
-40.000000
-32.000000
-52.000000
-44.000000
-24.000000
4.000000
-28.000000
-28.000000
-56.000000
-20.000000
-36.000000
-40.000000
-16.000000
-36.000000
-28.000000
-24.000000
-28.000000
-20.000000
-32.000000
-40.000000
-72.000000
-64.000000
-20.000000
-48.000000
-56.000000
-72.000000
-64.000000
-44.000000
-64.000000
-32.000000
-64.000000
-52.000000
-32.000000
-48.000000
-44.000000
-36.000000
-36.000000
-72.000000
-28.000000
-32.000000
-52.000000
-28.000000
-36.000000
-48.000000
-40.000000
-36.000000
-28.000000
-44.000000
-32.000000
-24.000000
-28.000000
-40.000000
-32.000000
-60.000000
-20.000000
-72.000000
-52.000000
-36.000000
-28.000000
-36.000000
-32.000000
-44.000000
-56.000000
-36.000000
-44.000000
-48.000000
-32.000000
-48.000000
-28.000000
-32.000000
-48.000000
-36.000000
-80.000000
-64.000000
-72.000000
-52.000000
-40.000000
-24.000000
-16.000000
-32.000000
-36.000000
-12.000000
-16.000000
-48.000000
-28.000000
8.000000
0.000000
-12.000000
-36.000000
-24.000000
-12.000000
-8.000000
-36.000000
-8.000000
-12.000000
-12.000000
-28.000000
-20.000000
-16.000000
-32.000000
-8.000000
-24.000000
-32.000000
-32.000000
-44.000000
-28.000000
-28.000000
-16.000000
-40.000000
-40.000000
-44.000000
-24.000000
-36.000000
-36.000000
-32.000000
-24.000000
-36.000000
-32.000000
-48.000000
-36.000000
-52.000000
-40.000000
-48.000000
-40.000000
-12.000000
-36.000000
-28.000000
-16.000000
-24.000000
-20.000000
-36.000000
-48.000000
-48.000000
-40.000000
-40.000000
-44.000000
-44.000000
-40.000000
-40.000000
-44.000000
-52.000000
-28.000000
-48.000000
-56.000000
-64.000000
-56.000000
-80.000000
-60.000000
-76.000000
-88.000000
-72.000000
-80.000000
-64.000000
-80.000000
-76.000000
-60.000000
-52.000000
-56.000000
-84.000000
-76.000000
-76.000000
-76.000000
-76.000000
-92.000000
-68.000000
-36.000000
-72.000000
-72.000000
-64.000000
-56.000000
-80.000000
-24.000000
-32.000000
-24.000000
-20.000000
-60.000000
-32.000000
-28.000000
-64.000000
-52.000000
-56.000000
-52.000000
-52.000000
-80.000000
-68.000000
