404.000000
656.000000
900.000000
1144.000000
1276.000000
1376.000000
1336.000000
1232.000000
968.000000
636.000000
248.000000
-252.000000
-720.000000
-1184.000000
-1640.000000
-1964.000000
-2184.000000
-2268.000000
-2168.000000
-1964.000000
-1600.000000
-1140.000000
-560.000000
20.000000
612.000000
1156.000000
1608.000000
1948.000000
2168.000000
2204.000000
2096.000000
1868.000000
1516.000000
1072.000000
596.000000
140.000000
-356.000000
-740.000000
-1064.000000
-1292.000000
-1412.000000
-1404.000000
-1336.000000
-1160.000000
-952.000000
-716.000000
-436.000000
-240.000000
-88.000000
-8.000000
-16.000000
-20.000000
-36.000000
-8.000000
-28.000000
-36.000000
-8.000000
-48.000000
-24.000000
-64.000000
-44.000000
-36.000000
-56.000000
-24.000000
-52.000000
-44.000000
-40.000000
-36.000000
-48.000000
-60.000000
-44.000000
-80.000000
-60.000000
-40.000000
-72.000000
-76.000000
-96.000000
-60.000000
-72.000000
-48.000000
-64.000000
-60.000000
-44.000000
-64.000000
-84.000000
-36.000000
-68.000000
-68.000000
-40.000000
-88.000000
-80.000000
-40.000000
-72.000000
-52.000000
-52.000000
-52.000000
-56.000000
-28.000000
-32.000000
-44.000000
-16.000000
-32.000000
-24.000000
-76.000000
-52.000000
-60.000000
-48.000000
-40.000000
-84.000000
-56.000000
-64.000000
-64.000000
-80.000000
-76.000000
-64.000000
-48.000000
-40.000000
-72.000000
-56.000000
-48.000000
-40.000000
-88.000000
-64.000000
-32.000000
-28.000000
-44.000000
-40.000000
-16.000000
-60.000000
-52.000000
-44.000000
-64.000000
-20.000000
-76.000000
-24.000000
-60.000000
-48.000000
-28.000000
-36.000000
-36.000000
-60.000000
-28.000000
-48.000000
-16.000000
-48.000000
-36.000000
-24.000000
-16.000000
-12.000000
-24.000000
-32.000000
-48.000000
-24.000000
-48.000000
-44.000000
-68.000000
-56.000000
-36.000000
-68.000000
-36.000000
-44.000000
-36.000000
-40.000000
-16.000000
-36.000000
-36.000000
-44.000000
-36.000000
-28.000000
-28.000000
-32.000000
-36.000000
-36.000000
-36.000000
-8.000000
-28.000000
-28.000000
-20.000000
-32.000000
-36.000000
-44.000000
-36.000000
-44.000000
-28.000000
-20.000000
-28.000000
-32.000000
-4.000000
-24.000000
-48.000000
-12.000000
-52.000000
-36.000000
-8.000000
-36.000000
8.000000
4.000000
-36.000000
-48.000000
-48.000000
-88.000000
-72.000000
-68.000000
-48.000000
-64.000000
-40.000000
-44.000000
-40.000000
-72.000000
-16.000000
-40.000000
-40.000000
-28.000000
-52.000000
-32.000000
-8.000000
-40.000000
-4.000000
-20.000000
-24.000000
-32.000000
-44.000000
-48.000000
-12.000000
-28.000000
-44.000000
-40.000000
-40.000000
-40.000000
-28.000000
-36.000000
-28.000000
-28.000000
-24.000000
-56.000000
-32.000000
-40.000000
-24.000000
-40.000000
-36.000000
-40.000000
-52.000000
-16.000000
-20.000000
-36.000000
-44.000000
-72.000000
-76.000000
-80.000000
-80.000000
-60.000000
-40.000000
-60.000000
-12.000000
-44.000000
-20.000000
-8.000000
-4.000000
-44.000000
-12.000000
-40.000000
-4.000000
-4.000000
-32.000000
-28.000000
-36.000000
-4.000000
-52.000000
-28.000000
-36.000000
-24.000000
-16.000000
-8.000000
-16.000000
-20.000000
-28.000000
-32.000000
-28.000000
-16.000000
-24.000000
-28.000000
-32.000000
-24.000000
-28.000000
-44.000000
-36.000000
-32.000000
-44.000000
-40.000000
-28.000000
-36.000000
-52.000000
-44.000000
-28.000000
-40.000000
-40.000000
-28.000000
-36.000000
-52.000000
-32.000000
-24.000000
-32.000000
-20.000000
-44.000000
-32.000000
-32.000000
0.000000
-44.000000
-52.000000
-28.000000
-56.000000
-40.000000
-44.000000
-52.000000
-60.000000
-52.000000
-56.000000
-68.000000
-48.000000
-76.000000
-72.000000
-60.000000
-52.000000
-64.000000
-100.000000
-60.000000
-52.000000
-72.000000
-68.000000
-72.000000
-72.000000
-72.000000
-76.000000
-72.000000
-80.000000
-72.000000
-68.000000
-64.000000
-84.000000
-64.000000
-64.000000
-56.000000
-48.000000
-72.000000
-64.000000
-48.000000
-52.000000
-48.000000
-44.000000
-12.000000
-52.000000
-36.000000
-44.000000
-48.000000
-52.000000
-52.000000
-52.000000
-68.000000
-64.000000
-44.000000
-36.000000
-56.000000
-64.000000
-52.000000
-48.000000
-60.000000
-72.000000
-76.000000
-48.000000
-32.000000
-56.000000
-76.000000
-60.000000
-56.000000
-64.000000
-64.000000
-36.000000
-52.000000
-20.000000
-68.000000
-56.000000
-40.000000
-36.000000
-28.000000
-48.000000
-44.000000
-36.000000
-52.000000
-8.000000
-72.000000
-32.000000
-64.000000
-56.000000
-32.000000
-36.000000
-40.000000
-40.000000
-44.000000
8.000000
-40.000000
-28.000000
-28.000000
-44.000000
-40.000000
-44.000000
-72.000000
-40.000000
-60.000000
-32.000000
-44.000000
-44.000000
-52.000000
-60.000000
-52.000000
-52.000000
-16.000000
-44.000000
-44.000000
-40.000000
-44.000000
-28.000000
-36.000000
-44.000000
-24.000000
-12.000000
-36.000000
-44.000000
-36.000000
-52.000000
-36.000000
-24.000000
-20.000000
-44.000000
-24.000000
-36.000000
0.000000
-20.000000
-20.000000
-16.000000
-48.000000
-40.000000
-20.000000
-16.000000
8.000000
-32.000000
-36.000000
-20.000000
-20.000000
-72.000000
-56.000000
-72.000000
-60.000000
-60.000000
-32.000000
-60.000000
-60.000000
-48.000000
-32.000000
-52.000000
-52.000000
-40.000000
-44.000000
-48.000000
-20.000000
-52.000000
-64.000000
-32.000000
-52.000000
-32.000000
-24.000000
-48.000000
-12.000000
-24.000000
-32.000000
-20.000000
-40.000000
-44.000000
-16.000000
-32.000000
-32.000000
-36.000000
-36.000000
-56.000000
-64.000000
-36.000000
-32.000000
-12.000000
-8.000000
-40.000000
-28.000000
-40.000000
-20.000000
-56.000000
-36.000000
-44.000000
-40.000000
-40.000000
-80.000000
-80.000000
-60.000000
-68.000000
-40.000000
-72.000000
4.000000
-24.000000
-16.000000
-32.000000
-20.000000
-8.000000
0.000000
-28.000000
-24.000000
0.000000
-36.000000
-12.000000
-28.000000
-24.000000
-16.000000
-60.000000
-4.000000
-16.000000
-20.000000
-12.000000
-28.000000
-16.000000
-20.000000
-44.000000
-28.000000
-24.000000
-48.000000
-16.000000
-44.000000
-24.000000
-28.000000
-24.000000
-48.000000
-44.000000
-40.000000
-64.000000
-56.000000
-28.000000
-72.000000
-60.000000
-48.000000
-28.000000
-44.000000
-64.000000
-76.000000
-36.000000
-52.000000
-48.000000
-24.000000
-36.000000
-36.000000
-16.000000
-28.000000
-24.000000
-48.000000
-68.000000
-24.000000
-52.000000
-32.000000
-48.000000
-44.000000
-72.000000
-60.000000
-64.000000
-52.000000
-72.000000
-76.000000
-48.000000
-72.000000
-92.000000
-80.000000
-60.000000
-88.000000
-72.000000
-84.000000
-80.000000
-84.000000
-68.000000
-96.000000
-64.000000
-96.000000
-60.000000
-60.000000
-60.000000
-48.000000
-76.000000
-60.000000
-64.000000
-84.000000
-52.000000
-48.000000
-56.000000
-60.000000
-60.000000
-40.000000
-36.000000
-8.000000
-28.000000
-52.000000
-44.000000
-48.000000
-40.000000
-60.000000
-28.000000
-48.000000
-44.000000
-76.000000
-64.000000
-44.000000
-76.000000
-60.000000
-44.000000
-68.000000
-52.000000
-64.000000
-60.000000
-56.000000
-52.000000
-60.000000
-72.000000
-52.000000
-52.000000
-40.000000
-44.000000
-44.000000
-48.000000
-12.000000
-20.000000
-24.000000
-60.000000
-36.000000
-72.000000
-32.000000
-48.000000
-32.000000
-64.000000
-32.000000
-40.000000
-36.000000
-28.000000
-52.000000
-36.000000
-52.000000
-4.000000
16.000000
4.000000
-24.000000
-20.000000
-16.000000
-52.000000
-44.000000
-32.000000
-40.000000
-72.000000
-64.000000
-28.000000
-48.000000
-48.000000
-36.000000
-52.000000
-44.000000
-44.000000
-32.000000
-44.000000
-40.000000
-44.000000
-44.000000
-40.000000
-24.000000
-28.000000
-28.000000
-44.000000
-16.000000
-24.000000
-40.000000
-20.000000
-32.000000
-32.000000
-32.000000
-24.000000
-32.000000
-32.000000
-20.000000
0.000000
-24.000000
-44.000000
-36.000000
-28.000000
-28.000000
-20.000000
-28.000000
-12.000000
-48.000000
-28.000000
-32.000000
-44.000000
-52.000000
-48.000000
-72.000000
-100.000000
-80.000000
-52.000000
-56.000000
-76.000000
-28.000000
-48.000000
-48.000000
-28.000000
-36.000000
-44.000000
-36.000000
-32.000000
-20.000000
-48.000000
-28.000000
-44.000000
-16.000000
-20.000000
-60.000000
-44.000000
-16.000000
-28.000000
-24.000000
-40.000000
-16.000000
-16.000000
-44.000000
-20.000000
-36.000000
-16.000000
-32.000000
-48.000000
-32.000000
-44.000000
-40.000000
-48.000000
-52.000000
-40.000000
-48.000000
-28.000000
-44.000000
-40.000000
-24.000000
-48.000000
-76.000000
-80.000000
-64.000000
-68.000000
-40.000000
-36.000000
-36.000000
-4.000000
4.000000
-20.000000
0.000000
-36.000000
-36.000000
-8.000000
-36.000000
-36.000000
8.000000
-16.000000
-20.000000
-24.000000
-12.000000
-40.000000
-28.000000
-24.000000
-12.000000
-16.000000
-16.000000
-36.000000
-8.000000
12.000000
-24.000000
-4.000000
-28.000000
-4.000000
-44.000000
-28.000000
-36.000000
-28.000000
-28.000000
-32.000000
-36.000000
-36.000000
-28.000000
-56.000000
-48.000000
-52.000000
-48.000000
-40.000000
-36.000000
-52.000000
-64.000000
-40.000000
-32.000000
-36.000000
-32.000000
-16.000000
-24.000000
-36.000000
-28.000000
-16.000000
-28.000000
-32.000000
-36.000000
-44.000000
-20.000000
-60.000000
-32.000000
-60.000000
-24.000000
-60.000000
-48.000000
-64.000000
-68.000000
-64.000000
-72.000000
-80.000000
-76.000000
-60.000000
-52.000000
-72.000000
-76.000000
-64.000000
-68.000000
-60.000000
-52.000000
-52.000000
-60.000000
-72.000000
-84.000000
-60.000000
-84.000000
-52.000000
-60.000000
-76.000000
-88.000000
-56.000000
-80.000000
-60.000000
-48.000000
-80.000000
-60.000000
-64.000000
-56.000000
-48.000000
-24.000000
-32.000000
-60.000000
-40.000000
-60.000000
-68.000000
-60.000000
-52.000000
-80.000000
-80.000000
-76.000000
-76.000000
-64.000000
-52.000000
-88.000000
-60.000000
-80.000000
-72.000000
-32.000000
-64.000000
-68.000000
-40.000000
-72.000000
-44.000000
-52.000000
-64.000000
-60.000000
-44.000000
-24.000000
-72.000000
-52.000000
-76.000000
-28.000000
-76.000000
-32.000000
-64.000000
-52.000000
-44.000000
-56.000000
-52.000000
-44.000000
-64.000000
-24.000000
-72.000000
-20.000000
-44.000000
-24.000000
-12.000000
-28.000000
-28.000000
-32.000000
-40.000000
-40.000000
-44.000000
-64.000000
-60.000000
-48.000000
-40.000000
-48.000000
-56.000000
-56.000000
-56.000000
-44.000000
-64.000000
-40.000000
-40.000000
-44.000000
-48.000000
-36.000000
-44.000000
-20.000000
-24.000000
-36.000000
-44.000000
-32.000000
-16.000000
-24.000000
-32.000000
-36.000000
-32.000000
-28.000000
-36.000000
-40.000000
-48.000000
-20.000000
-36.000000
-32.000000
-36.000000
-32.000000
-32.000000
-28.000000
-36.000000
-32.000000
-12.000000
-32.000000
-20.000000
-48.000000
-28.000000
-64.000000
-72.000000
-60.000000
-44.000000
-76.000000
-68.000000
-44.000000
-52.000000
-60.000000
-52.000000
-56.000000
-40.000000
-40.000000
-44.000000
-24.000000
-40.000000
-28.000000
-44.000000
-44.000000
-36.000000
-12.000000
-16.000000
-44.000000
-16.000000
-40.000000
-32.000000
-44.000000
-24.000000
-44.000000
-44.000000
0.000000
-28.000000
-56.000000
-32.000000
-48.000000
-60.000000
-8.000000
-52.000000
-32.000000
-56.000000
-56.000000
-44.000000
-52.000000
-52.000000
-64.000000
-60.000000
-28.000000
-56.000000
-64.000000
-88.000000
-88.000000
-52.000000
-52.000000
-60.000000
-32.000000
-36.000000
-16.000000
-24.000000
-32.000000
-16.000000
-8.000000
-24.000000
-16.000000
0.000000
-24.000000
-8.000000
-4.000000
-28.000000
-44.000000
-24.000000
-60.000000
-12.000000
-28.000000
-16.000000
-16.000000
-36.000000
-16.000000
-28.000000
-16.000000
-32.000000
-16.000000
-28.000000
-44.000000
-36.000000
-20.000000
-52.000000
-40.000000
-48.000000
-36.000000
-36.000000
-28.000000
-52.000000
-48.000000
-32.000000
-36.000000
-44.000000
-40.000000
-48.000000
-48.000000
-40.000000
-52.000000
-32.000000
-36.000000
-40.000000
-32.000000
-24.000000
-32.000000
-20.000000
-24.000000
-44.000000
-60.000000
-44.000000
-36.000000
-72.000000
-52.000000
-68.000000
-40.000000
-36.000000
-32.000000
-60.000000
-48.000000
-72.000000
-64.000000
-64.000000
-80.000000
-76.000000
-56.000000
-52.000000
-88.000000
-52.000000
-60.000000
-76.000000
-56.000000
-68.000000
-72.000000
-56.000000
-92.000000
-76.000000
-64.000000
-48.000000
-60.000000
-60.000000
-72.000000
-64.000000
-72.000000
-92.000000
-84.000000
-36.000000
-76.000000
-32.000000
-60.000000
-12.000000
-48.000000
-44.000000
-60.000000
-60.000000
-64.000000
-64.000000
-72.000000
-56.000000
-76.000000
-76.000000
-92.000000
-76.000000
-68.000000
-68.000000
-52.000000
-44.000000
-56.000000
-68.000000
-88.000000
-68.000000
-44.000000
-72.000000
-44.000000
-80.000000
-52.000000
-52.000000
-88.000000
-52.000000
-76.000000
-32.000000
-80.000000
-16.000000
-52.000000
-64.000000
-32.000000
-48.000000
-48.000000
-52.000000
-80.000000
-64.000000
-64.000000
-52.000000
-36.000000
-72.000000
-48.000000
-44.000000
-28.000000
-16.000000
-24.000000
-32.000000
-28.000000
-44.000000
-44.000000
-48.000000
-20.000000
-48.000000
-60.000000
-68.000000
-44.000000
-28.000000
-40.000000
-48.000000
-40.000000
-52.000000
-40.000000
-36.000000
-44.000000
-56.000000
-28.000000
-48.000000
-44.000000
-28.000000
-48.000000
-44.000000
-40.000000
-56.000000
-32.000000
-12.000000
-52.000000
-36.000000
-44.000000
-16.000000
-44.000000
-40.000000
-36.000000
-28.000000
-16.000000
-32.000000
-40.000000
-32.000000
-32.000000
-52.000000
-60.000000
0.000000
-28.000000
-24.000000
-28.000000
-60.000000
-48.000000
-60.000000
-88.000000
-68.000000
-80.000000
-36.000000
-64.000000
-48.000000
-60.000000
-48.000000
-52.000000
-56.000000
-40.000000
-16.000000
-12.000000
-40.000000
-44.000000
-56.000000
-20.000000
-36.000000
-20.000000
-28.000000
-36.000000
-40.000000
-32.000000
-56.000000
-32.000000
-60.000000
-24.000000
-36.000000
-44.000000
-28.000000
-40.000000
-40.000000
-36.000000
-52.000000
-48.000000
-36.000000
-28.000000
-24.000000
-52.000000
-68.000000
-48.000000
-40.000000
-52.000000
-40.000000
-40.000000
-56.000000
-72.000000
-64.000000
-60.000000
-96.000000
-40.000000
-48.000000
-48.000000
-8.000000
-28.000000
-20.000000
-36.000000
4.000000
-32.000000
-24.000000
-16.000000
-20.000000
-28.000000
-28.000000
-40.000000
-36.000000
-40.000000
-32.000000
-44.000000
-32.000000
-24.000000
-36.000000
-44.000000
-28.000000
-44.000000
-12.000000
-44.000000
-40.000000
-28.000000
-32.000000
-36.000000
-36.000000
-52.000000
-68.000000
-36.000000
-48.000000
-56.000000
-56.000000
-40.000000
-24.000000
-44.000000
-36.000000
-60.000000
-52.000000
-48.000000
-60.000000
-36.000000
-56.000000
-60.000000
-24.000000
-60.000000
-28.000000
-8.000000
-52.000000
-36.000000
-12.000000
-72.000000
-48.000000
-32.000000
-60.000000
-48.000000
-48.000000
-64.000000
-56.000000
-60.000000
-32.000000
-48.000000
-52.000000
-76.000000
-72.000000
-84.000000
-64.000000
-60.000000
-64.000000
-52.000000
-64.000000
-84.000000
-72.000000
-100.000000
-76.000000
-88.000000
-84.000000
-68.000000
-52.000000
-52.000000
-48.000000
-44.000000
-64.000000
-80.000000
-88.000000
-72.000000
-100.000000
-76.000000
-76.000000
-56.000000
-56.000000
-72.000000
-24.000000
-36.000000
-28.000000
-12.000000
-36.000000
-40.000000
-40.000000
-64.000000
-48.000000
-36.000000
-44.000000
-60.000000
-52.000000
-56.000000
-92.000000
-64.000000
-36.000000
-72.000000
-52.000000
-44.000000
-84.000000
-60.000000
-32.000000
-64.000000
-72.000000
-52.000000
-80.000000
-60.000000
-52.000000
-60.000000
-48.000000
-44.000000
-76.000000
-56.000000
-52.000000
-60.000000
-28.000000
-88.000000
-52.000000
-52.000000
-28.000000
-44.000000
-36.000000
-44.000000
-28.000000
-60.000000
-72.000000
-40.000000
-48.000000
-16.000000
-8.000000
-20.000000
-28.000000
-20.000000
-40.000000
-32.000000
-52.000000
-52.000000
-36.000000
-52.000000
-48.000000
-48.000000
-36.000000
-52.000000
-52.000000
-36.000000
-48.000000
-44.000000
-44.000000
-44.000000
-36.000000
-44.000000
-52.000000
-36.000000
-36.000000
-52.000000
-32.000000
-32.000000
-60.000000
-44.000000
-40.000000
-40.000000
-32.000000
-40.000000
-40.000000
-40.000000
-28.000000
-20.000000
-64.000000
-36.000000
0.000000
-32.000000
-28.000000
-16.000000
-48.000000
-32.000000
-20.000000
-44.000000
-16.000000
-36.000000
-52.000000
-56.000000
-48.000000
-72.000000
-32.000000
-76.000000
-84.000000
-68.000000
-64.000000
-52.000000
-44.000000
-28.000000
-52.000000
-48.000000
-44.000000
-48.000000
-32.000000
-36.000000
-32.000000
-8.000000
-24.000000
-40.000000
-32.000000
-8.000000
-20.000000
-36.000000
-28.000000
-44.000000
-20.000000
-44.000000
-32.000000
-12.000000
-12.000000
-40.000000
-32.000000
-44.000000
-36.000000
-28.000000
-60.000000
-36.000000
-44.000000
-32.000000
-52.000000
-32.000000
-36.000000
-44.000000
-28.000000
-36.000000
-32.000000
-68.000000
-72.000000
-56.000000
-64.000000
-28.000000
-60.000000
-20.000000
-20.000000
-16.000000
-28.000000
0.000000
-16.000000
-32.000000
-32.000000
-16.000000
-12.000000
-36.000000
-24.000000
-28.000000
-4.000000
-12.000000
-20.000000
-20.000000
-20.000000
-36.000000
-32.000000
-16.000000
-36.000000
-4.000000
-36.000000
-16.000000
-8.000000
-28.000000
-28.000000
-28.000000
-36.000000
-40.000000
-36.000000
-32.000000
-32.000000
-52.000000
-28.000000
-60.000000
-28.000000
-44.000000
-20.000000
-28.000000
-52.000000
-28.000000
-32.000000
-44.000000
-32.000000
-44.000000
-48.000000
-36.000000
-36.000000
-28.000000
-36.000000
-24.000000
-40.000000
-12.000000
-44.000000
-16.000000
-40.000000
-60.000000
-52.000000
-56.000000
-44.000000
-52.000000
-60.000000
-72.000000
-76.000000
-76.000000
-68.000000
-72.000000
-60.000000
-68.000000
-84.000000
-100.000000
-68.000000
-80.000000
-52.000000
-52.000000
-92.000000
-40.000000
-88.000000
-64.000000
-48.000000
-72.000000
-80.000000
-68.000000
-76.000000
-48.000000
-80.000000
-44.000000
-64.000000
-92.000000
-80.000000
-76.000000
-60.000000
-80.000000
-60.000000
-48.000000
-32.000000
-52.000000
-16.000000
-40.000000
-40.000000
-64.000000
-56.000000
-44.000000
-68.000000
-56.000000
-60.000000
-76.000000
-72.000000
-84.000000
-72.000000
-72.000000
-64.000000
-64.000000
-60.000000
-64.000000
-52.000000
-60.000000
-52.000000
-80.000000
-68.000000
-72.000000
-56.000000
-60.000000
-72.000000
-60.000000
-36.000000
-52.000000
-36.000000
-28.000000
-100.000000
-24.000000
-88.000000
-36.000000
-36.000000
-56.000000
-40.000000
-64.000000
-40.000000
-64.000000
-40.000000
-64.000000
-60.000000
-28.000000
4.000000
-32.000000
-12.000000
-28.000000
-32.000000
-36.000000
-64.000000
-24.000000
-48.000000
-56.000000
-72.000000
-64.000000
-40.000000
-76.000000
-48.000000
-60.000000
-44.000000
-48.000000
-60.000000
-48.000000
-32.000000
-36.000000
-40.000000
-44.000000
-40.000000
-44.000000
-52.000000
-40.000000
-36.000000
-52.000000
-28.000000
-28.000000
-40.000000
-36.000000
-40.000000
-36.000000
-36.000000
-28.000000
-36.000000
-44.000000
-40.000000
-32.000000
-28.000000
-28.000000
-24.000000
-60.000000
-12.000000
-32.000000
-44.000000
-20.000000
-48.000000
-76.000000
-60.000000
-72.000000
-40.000000
-84.000000
-68.000000
-20.000000
-72.000000
-36.000000
-72.000000
-60.000000
-48.000000
-56.000000
-52.000000
-12.000000
-48.000000
-12.000000
-32.000000
-28.000000
-44.000000
-52.000000
-56.000000
-60.000000
-64.000000
-32.000000
-60.000000
-24.000000
-16.000000
-24.000000
-56.000000
-36.000000
-32.000000
-24.000000
-64.000000
-44.000000
-40.000000
-12.000000
-52.000000
-24.000000
-76.000000
-64.000000
-52.000000
-20.000000
-32.000000
-68.000000
-28.000000
-60.000000
-44.000000
-60.000000
-84.000000
-88.000000
-68.000000
-28.000000
-48.000000
-36.000000
-28.000000
-52.000000
-24.000000
-36.000000
-4.000000
-20.000000
-20.000000
-36.000000
-28.000000
-32.000000
0.000000
-40.000000
-36.000000
-16.000000
-32.000000
-32.000000
-32.000000
0.000000
-20.000000
-24.000000
-8.000000
-36.000000
-36.000000
-8.000000
-36.000000
-12.000000
-40.000000
-20.000000
-32.000000
-32.000000
-32.000000
-24.000000
-24.000000
-36.000000
-32.000000
-28.000000
-28.000000
-52.000000
-32.000000
-32.000000
-44.000000
-44.000000
-60.000000
-68.000000
-28.000000
-44.000000
-32.000000
-36.000000
-44.000000
-28.000000
-32.000000
-32.000000
-16.000000
-28.000000
-44.000000
-40.000000
8.000000
-40.000000
-36.000000
-40.000000
-76.000000
-56.000000
-52.000000
-44.000000
-72.000000
-60.000000
-48.000000
-76.000000
-60.000000
-40.000000
-80.000000
-48.000000
-72.000000
-72.000000
-64.000000
-88.000000
-60.000000
-80.000000
-40.000000
-76.000000
-72.000000
-60.000000
-76.000000
-92.000000
-64.000000
-52.000000
-52.000000
-64.000000
-76.000000
-68.000000
-72.000000
-72.000000
-92.000000
-64.000000
-52.000000
-24.000000
-64.000000
-52.000000
-24.000000
-48.000000
-56.000000
-44.000000
-52.000000
-64.000000
-64.000000
-28.000000
-48.000000
-72.000000
-44.000000
-60.000000
-72.000000
-92.000000
-52.000000
-68.000000
-68.000000
-56.000000
-72.000000
-52.000000
-76.000000
-76.000000
-72.000000
-44.000000
-48.000000
-44.000000
-40.000000
-76.000000
-16.000000
-72.000000
-48.000000
-48.000000
-52.000000
-48.000000
-44.000000
-60.000000
-72.000000
-44.000000
-48.000000
-72.000000
-48.000000
-40.000000
-52.000000
-36.000000
-60.000000
-28.000000
-60.000000
-20.000000
0.000000
-56.000000
-28.000000
-36.000000
-40.000000
-88.000000
-52.000000
-52.000000
-52.000000
-40.000000
-40.000000
-48.000000
-48.000000
-64.000000
-44.000000
-40.000000
-56.000000
-44.000000
-28.000000
-48.000000
-52.000000
-36.000000
-36.000000
-52.000000
-36.000000
-24.000000
-32.000000
-44.000000
-36.000000
-52.000000
-20.000000
-48.000000
-20.000000
-32.000000
-52.000000
-56.000000
-20.000000
-28.000000
-20.000000
0.000000
-20.000000
-24.000000
-20.000000
-12.000000
-28.000000
-52.000000
-20.000000
-40.000000
-44.000000
-68.000000
-80.000000
-52.000000
-64.000000
-60.000000
-44.000000
-76.000000
-40.000000
-64.000000
-56.000000
-48.000000
-44.000000
-52.000000
-28.000000
-24.000000
-28.000000
-48.000000
-44.000000
-44.000000
-48.000000
-28.000000
-28.000000
-36.000000
-28.000000
-48.000000
-36.000000
-44.000000
-28.000000
-36.000000
-44.000000
-48.000000
-20.000000
-48.000000
-24.000000
-44.000000
-32.000000
-32.000000
-40.000000
-64.000000
-36.000000
-36.000000
-32.000000
-44.000000
-28.000000
-56.000000
-48.000000
-52.000000
-36.000000
-48.000000
-76.000000
-80.000000
-72.000000
-84.000000
-52.000000
-44.000000
-40.000000
-28.000000
-32.000000
-20.000000
-20.000000
-32.000000
-52.000000
-40.000000
-16.000000
0.000000
-32.000000
0.000000
-20.000000
-8.000000
-20.000000
-16.000000
-28.000000
-32.000000
-48.000000
-36.000000
-32.000000
-24.000000
-36.000000
-28.000000
-20.000000
-32.000000
-44.000000
-36.000000
-32.000000
-24.000000
-48.000000
-40.000000
-32.000000
-36.000000
-44.000000
-52.000000
-40.000000
-36.000000
-44.000000
-36.000000
-52.000000
-40.000000
-44.000000
-44.000000
