544.000000
788.000000
1044.000000
1184.000000
1328.000000
1324.000000
1252.000000
1044.000000
784.000000
396.000000
-28.000000
-516.000000
-1004.000000
-1456.000000
-1824.000000
-2096.000000
-2260.000000
-2256.000000
-2088.000000
-1780.000000
-1340.000000
-828.000000
-256.000000
328.000000
904.000000
1376.000000
1796.000000
2044.000000
2180.000000
2160.000000
1944.000000
1652.000000
1248.000000
820.000000
336.000000
-116.000000
-596.000000
-920.000000
-1200.000000
-1368.000000
-1420.000000
-1380.000000
-1264.000000
-1068.000000
-832.000000
-600.000000
-360.000000
-148.000000
-48.000000
-20.000000
-24.000000
-48.000000
-48.000000
-40.000000
-40.000000
-36.000000
-36.000000
-52.000000
-60.000000
-40.000000
-40.000000
-36.000000
-40.000000
-40.000000
-28.000000
-48.000000
-24.000000
-32.000000
-48.000000
-12.000000
-28.000000
-48.000000
-60.000000
-72.000000
-48.000000
-48.000000
-60.000000
-24.000000
-60.000000
-40.000000
-72.000000
-44.000000
-64.000000
-32.000000
-48.000000
-40.000000
-36.000000
-56.000000
-60.000000
-28.000000
-16.000000
-52.000000
-8.000000
-52.000000
-24.000000
-16.000000
-44.000000
-52.000000
-48.000000
-32.000000
-48.000000
-64.000000
-28.000000
-52.000000
-32.000000
-20.000000
-32.000000
-48.000000
-40.000000
-44.000000
-4.000000
-56.000000
-40.000000
-48.000000
-56.000000
-24.000000
-64.000000
-52.000000
-56.000000
-80.000000
-72.000000
-48.000000
-76.000000
-28.000000
-68.000000
-56.000000
-24.000000
-20.000000
-4.000000
-20.000000
-36.000000
-40.000000
-32.000000
-48.000000
-16.000000
-36.000000
-12.000000
-12.000000
-8.000000
-36.000000
-20.000000
-56.000000
-32.000000
-12.000000
-32.000000
-36.000000
-44.000000
-32.000000
-28.000000
-48.000000
-20.000000
-48.000000
-40.000000
-32.000000
-56.000000
-36.000000
-20.000000
-24.000000
-32.000000
-44.000000
-52.000000
-40.000000
-48.000000
-40.000000
-52.000000
-52.000000
-48.000000
-36.000000
-48.000000
-80.000000
-48.000000
-44.000000
-56.000000
-28.000000
-36.000000
-68.000000
-44.000000
-52.000000
-44.000000
-28.000000
-24.000000
-40.000000
-48.000000
-40.000000
-36.000000
-52.000000
-64.000000
-52.000000
-40.000000
-64.000000
-36.000000
-80.000000
-56.000000
-80.000000
-88.000000
-72.000000
-68.000000
-72.000000
-52.000000
-84.000000
-68.000000
-60.000000
-64.000000
-60.000000
-80.000000
-64.000000
-52.000000
-68.000000
-52.000000
-68.000000
-76.000000
-56.000000
-76.000000
-100.000000
-60.000000
-64.000000
-72.000000
-88.000000
-64.000000
-72.000000
-44.000000
-44.000000
-28.000000
-32.000000
-40.000000
-52.000000
-52.000000
-44.000000
-76.000000
-84.000000
-68.000000
-64.000000
-52.000000
-60.000000
-64.000000
-60.000000
-72.000000
-64.000000
-36.000000
-56.000000
-52.000000
-100.000000
-40.000000
-68.000000
-76.000000
-76.000000
-68.000000
-52.000000
-68.000000
-60.000000
-48.000000
-24.000000
-36.000000
-44.000000
-40.000000
-60.000000
-64.000000
-20.000000
-48.000000
-84.000000
-40.000000
-64.000000
-40.000000
-60.000000
-52.000000
-44.000000
-48.000000
-60.000000
-40.000000
-56.000000
-44.000000
-8.000000
-24.000000
-36.000000
-20.000000
-20.000000
-36.000000
-52.000000
-64.000000
-40.000000
-52.000000
-52.000000
-44.000000
-28.000000
-68.000000
-48.000000
-44.000000
-56.000000
-44.000000
-52.000000
-48.000000
-36.000000
-36.000000
-36.000000
-44.000000
-48.000000
-40.000000
-24.000000
-44.000000
-48.000000
-28.000000
-44.000000
-16.000000
-32.000000
-20.000000
-40.000000
-44.000000
-44.000000
-28.000000
-28.000000
-20.000000
-12.000000
-20.000000
-36.000000
-32.000000
-16.000000
-36.000000
-20.000000
-36.000000
-56.000000
-48.000000
-76.000000
-72.000000
-64.000000
-76.000000
-52.000000
-104.000000
-80.000000
-56.000000
-72.000000
-44.000000
-52.000000
-48.000000
-40.000000
-48.000000
-16.000000
-44.000000
-32.000000
-32.000000
-12.000000
-48.000000
-16.000000
-52.000000
-48.000000
-48.000000
-28.000000
-80.000000
-44.000000
-20.000000
-48.000000
-48.000000
-40.000000
-48.000000
-32.000000
-16.000000
-44.000000
-48.000000
-24.000000
-64.000000
-24.000000
-40.000000
-44.000000
-28.000000
-32.000000
-52.000000
-24.000000
-32.000000
-32.000000
-48.000000
-48.000000
-64.000000
-44.000000
-80.000000
-44.000000
-52.000000
-32.000000
-36.000000
-52.000000
0.000000
-24.000000
-44.000000
-24.000000
-16.000000
-36.000000
-48.000000
-36.000000
-32.000000
-20.000000
-32.000000
-24.000000
-32.000000
-32.000000
-48.000000
-40.000000
-28.000000
-12.000000
-36.000000
-32.000000
-32.000000
-52.000000
-36.000000
-32.000000
-32.000000
-28.000000
-36.000000
-36.000000
-16.000000
-20.000000
-20.000000
-40.000000
-36.000000
-80.000000
-28.000000
-28.000000
-52.000000
-52.000000
-64.000000
-44.000000
-32.000000
-36.000000
-48.000000
-44.000000
-32.000000
-44.000000
-24.000000
-48.000000
-64.000000
-28.000000
-44.000000
-24.000000
-12.000000
-64.000000
-28.000000
-52.000000
-32.000000
-60.000000
-48.000000
-76.000000
-56.000000
-56.000000
-64.000000
-64.000000
-72.000000
-60.000000
-92.000000
-64.000000
-80.000000
-80.000000
-68.000000
-76.000000
-72.000000
-80.000000
-84.000000
-64.000000
-72.000000
-56.000000
-40.000000
-60.000000
-56.000000
-72.000000
-64.000000
-44.000000
-44.000000
-52.000000
-52.000000
-52.000000
-108.000000
-64.000000
-108.000000
-44.000000
-16.000000
-16.000000
-32.000000
-8.000000
-48.000000
-48.000000
-36.000000
-68.000000
-60.000000
-44.000000
-84.000000
-68.000000
-48.000000
-56.000000
-96.000000
-64.000000
-72.000000
-56.000000
-48.000000
-60.000000
-44.000000
-40.000000
-72.000000
-48.000000
-52.000000
-52.000000
-28.000000
-72.000000
-76.000000
-48.000000
-64.000000
-60.000000
-48.000000
-76.000000
-36.000000
-36.000000
-56.000000
-40.000000
-40.000000
-40.000000
-52.000000
-88.000000
-36.000000
-48.000000
-32.000000
-72.000000
-12.000000
-32.000000
-16.000000
-44.000000
-36.000000
0.000000
-52.000000
-32.000000
-40.000000
-40.000000
-48.000000
-44.000000
-52.000000
-48.000000
-48.000000
-16.000000
-60.000000
-44.000000
-52.000000
-60.000000
-48.000000
-32.000000
-40.000000
-32.000000
-16.000000
-28.000000
-36.000000
-32.000000
-32.000000
-24.000000
-52.000000
-28.000000
-16.000000
-36.000000
-32.000000
-60.000000
-36.000000
-32.000000
-40.000000
-48.000000
-28.000000
-32.000000
-44.000000
-32.000000
-8.000000
-28.000000
-12.000000
0.000000
-48.000000
-40.000000
-32.000000
-40.000000
-76.000000
-52.000000
-64.000000
-72.000000
-64.000000
-68.000000
-64.000000
-64.000000
-48.000000
-60.000000
-52.000000
-40.000000
-44.000000
-40.000000
-56.000000
-48.000000
-32.000000
-44.000000
-48.000000
-32.000000
-28.000000
-48.000000
-36.000000
-40.000000
-52.000000
-32.000000
-28.000000
-44.000000
-20.000000
-44.000000
-16.000000
-32.000000
-36.000000
-20.000000
-24.000000
-60.000000
-12.000000
-36.000000
-20.000000
-36.000000
-56.000000
-24.000000
-40.000000
-48.000000
-68.000000
-56.000000
-36.000000
-56.000000
-48.000000
-48.000000
-56.000000
-76.000000
-72.000000
-56.000000
-72.000000
-52.000000
-64.000000
-28.000000
-16.000000
-12.000000
-16.000000
-28.000000
-36.000000
-28.000000
-40.000000
-40.000000
-24.000000
-24.000000
-24.000000
-16.000000
-32.000000
-40.000000
-32.000000
-36.000000
-28.000000
-32.000000
-28.000000
-36.000000
-8.000000
-28.000000
-16.000000
-32.000000
-40.000000
-44.000000
-36.000000
-48.000000
-48.000000
-40.000000
-48.000000
-48.000000
-44.000000
-52.000000
-44.000000
-32.000000
-48.000000
-32.000000
-40.000000
-28.000000
-24.000000
-56.000000
-40.000000
-40.000000
-32.000000
-36.000000
-32.000000
-44.000000
-60.000000
-32.000000
-48.000000
-72.000000
-40.000000
-28.000000
-52.000000
-32.000000
-56.000000
-36.000000
-40.000000
-20.000000
-28.000000
-40.000000
-52.000000
-48.000000
-64.000000
-56.000000
-68.000000
-40.000000
-52.000000
-80.000000
-48.000000
-60.000000
-52.000000
-72.000000
-80.000000
-84.000000
-72.000000
-76.000000
-44.000000
-64.000000
-72.000000
-84.000000
-52.000000
-68.000000
-56.000000
-68.000000
-68.000000
-88.000000
-72.000000
-80.000000
-84.000000
-76.000000
-60.000000
-44.000000
-48.000000
-48.000000
-12.000000
-48.000000
-72.000000
-44.000000
-72.000000
-48.000000
-72.000000
-60.000000
-44.000000
-72.000000
-64.000000
-40.000000
-76.000000
-76.000000
-68.000000
-64.000000
-44.000000
-56.000000
-56.000000
-48.000000
-88.000000
-56.000000
-20.000000
-36.000000
-68.000000
-24.000000
-64.000000
-44.000000
-48.000000
-52.000000
-44.000000
-52.000000
-52.000000
-36.000000
-80.000000
-52.000000
-52.000000
-52.000000
-72.000000
-28.000000
-80.000000
-20.000000
-32.000000
-28.000000
-36.000000
-48.000000
-32.000000
0.000000
-4.000000
-4.000000
-28.000000
-20.000000
-20.000000
-52.000000
-32.000000
-56.000000
-36.000000
-32.000000
-24.000000
-24.000000
-48.000000
-28.000000
-48.000000
-32.000000
-40.000000
-40.000000
-44.000000
-36.000000
-32.000000
-40.000000
-32.000000
-20.000000
-44.000000
-44.000000
-20.000000
-40.000000
-32.000000
-24.000000
-36.000000
-28.000000
-24.000000
-28.000000
-28.000000
-32.000000
-44.000000
-52.000000
-44.000000
-40.000000
-32.000000
-8.000000
-12.000000
-40.000000
-20.000000
-12.000000
-28.000000
-36.000000
-32.000000
-52.000000
-28.000000
-64.000000
-56.000000
-60.000000
-112.000000
-44.000000
-52.000000
-32.000000
-52.000000
-40.000000
-56.000000
-8.000000
-20.000000
-8.000000
-28.000000
-64.000000
-20.000000
-16.000000
-16.000000
-36.000000
-24.000000
12.000000
-12.000000
-32.000000
-48.000000
-32.000000
-24.000000
-20.000000
-44.000000
-28.000000
-8.000000
-32.000000
-16.000000
-40.000000
-36.000000
-40.000000
-20.000000
-20.000000
-60.000000
-8.000000
-40.000000
-20.000000
-56.000000
-40.000000
-40.000000
-60.000000
-16.000000
-56.000000
-16.000000
-76.000000
-48.000000
-84.000000
-52.000000
-44.000000
-36.000000
-28.000000
-32.000000
-20.000000
-40.000000
-12.000000
-36.000000
-36.000000
-4.000000
4.000000
-8.000000
4.000000
-8.000000
-20.000000
-16.000000
-12.000000
-44.000000
12.000000
-32.000000
-28.000000
-28.000000
8.000000
-36.000000
-32.000000
-20.000000
-20.000000
-16.000000
-32.000000
-28.000000
-28.000000
-44.000000
-24.000000
-24.000000
-20.000000
0.000000
-36.000000
-20.000000
-36.000000
-36.000000
-52.000000
-16.000000
-24.000000
-44.000000
-48.000000
-36.000000
-44.000000
-40.000000
-28.000000
-44.000000
8.000000
-36.000000
-32.000000
-20.000000
-24.000000
-20.000000
-40.000000
-36.000000
-36.000000
-40.000000
-36.000000
-32.000000
-44.000000
-48.000000
-32.000000
-64.000000
-68.000000
-68.000000
-76.000000
-48.000000
-56.000000
-76.000000
-52.000000
-64.000000
-52.000000
-56.000000
-64.000000
-56.000000
-76.000000
-56.000000
-60.000000
-84.000000
-64.000000
-76.000000
-60.000000
-44.000000
-52.000000
-72.000000
-80.000000
-32.000000
-76.000000
-72.000000
-88.000000
-72.000000
-76.000000
-64.000000
-44.000000
-36.000000
-36.000000
-36.000000
-28.000000
-68.000000
-36.000000
-48.000000
-28.000000
-32.000000
-72.000000
-36.000000
-60.000000
-48.000000
-52.000000
-76.000000
-60.000000
-76.000000
-56.000000
-44.000000
-44.000000
-40.000000
-56.000000
-68.000000
-32.000000
-44.000000
-32.000000
-40.000000
-48.000000
-68.000000
-40.000000
-48.000000
-72.000000
-56.000000
-40.000000
-40.000000
-56.000000
-68.000000
8.000000
-76.000000
-24.000000
-16.000000
-48.000000
-28.000000
-48.000000
-28.000000
-68.000000
-24.000000
-64.000000
-24.000000
-24.000000
-16.000000
-48.000000
-4.000000
-64.000000
-8.000000
-36.000000
-36.000000
-44.000000
-48.000000
-32.000000
-48.000000
-28.000000
-52.000000
-44.000000
-28.000000
-28.000000
-48.000000
-40.000000
-36.000000
-44.000000
-36.000000
-56.000000
-16.000000
-44.000000
-44.000000
-12.000000
-28.000000
-32.000000
-44.000000
-52.000000
-52.000000
-40.000000
-8.000000
-32.000000
-24.000000
-32.000000
-36.000000
-44.000000
-60.000000
-36.000000
-24.000000
-60.000000
-24.000000
-40.000000
-20.000000
-16.000000
-8.000000
-16.000000
-44.000000
-32.000000
-36.000000
-80.000000
-76.000000
-36.000000
-52.000000
-60.000000
-64.000000
-44.000000
-80.000000
-32.000000
-56.000000
-8.000000
-32.000000
-16.000000
-28.000000
-32.000000
-56.000000
-32.000000
-28.000000
-32.000000
-52.000000
-24.000000
-20.000000
-16.000000
-28.000000
-64.000000
-24.000000
-44.000000
-24.000000
-28.000000
-20.000000
-48.000000
-40.000000
-36.000000
-24.000000
-36.000000
-48.000000
-32.000000
-32.000000
-28.000000
-16.000000
-40.000000
-16.000000
-32.000000
-52.000000
-28.000000
-32.000000
-48.000000
-48.000000
-64.000000
-60.000000
-48.000000
-44.000000
-40.000000
-32.000000
-52.000000
-32.000000
-44.000000
-40.000000
-16.000000
-40.000000
0.000000
-16.000000
-28.000000
-20.000000
-32.000000
-36.000000
-24.000000
-16.000000
-32.000000
-8.000000
-20.000000
-44.000000
-36.000000
-16.000000
-28.000000
-20.000000
-32.000000
-36.000000
-40.000000
-44.000000
-32.000000
-52.000000
-44.000000
-48.000000
-40.000000
-32.000000
-48.000000
-60.000000
-24.000000
-44.000000
-28.000000
-36.000000
-40.000000
-44.000000
-44.000000
-48.000000
-52.000000
-48.000000
-32.000000
-36.000000
-36.000000
-20.000000
-20.000000
-16.000000
-28.000000
-12.000000
-40.000000
-52.000000
-28.000000
-32.000000
-16.000000
-60.000000
-32.000000
-56.000000
-56.000000
-52.000000
-64.000000
-52.000000
-76.000000
-84.000000
-52.000000
-48.000000
-80.000000
-68.000000
-88.000000
-64.000000
-76.000000
-60.000000
-64.000000
-72.000000
-80.000000
-64.000000
-84.000000
-52.000000
-72.000000
-68.000000
-72.000000
-84.000000
-100.000000
-80.000000
-68.000000
-52.000000
-72.000000
-72.000000
-76.000000
-104.000000
-76.000000
-48.000000
-64.000000
-28.000000
-32.000000
-48.000000
-32.000000
-16.000000
-52.000000
-48.000000
-32.000000
-36.000000
-60.000000
-60.000000
-60.000000
-72.000000
-64.000000
-36.000000
-92.000000
-84.000000
-64.000000
-20.000000
-64.000000
-60.000000
-36.000000
-60.000000
-36.000000
-72.000000
-40.000000
-48.000000
-56.000000
-48.000000
-36.000000
-88.000000
-48.000000
-84.000000
-48.000000
-36.000000
-36.000000
-44.000000
-32.000000
-56.000000
-24.000000
-28.000000
-64.000000
-28.000000
-24.000000
-48.000000
-44.000000
-40.000000
-28.000000
-12.000000
0.000000
-32.000000
0.000000
-36.000000
-48.000000
-48.000000
-60.000000
-24.000000
-72.000000
-44.000000
-24.000000
-52.000000
-64.000000
-44.000000
-28.000000
-44.000000
-48.000000
-24.000000
-44.000000
-36.000000
-20.000000
-32.000000
-36.000000
-52.000000
-28.000000
-48.000000
-24.000000
-36.000000
-16.000000
-32.000000
-48.000000
-40.000000
-40.000000
-12.000000
-12.000000
-32.000000
-56.000000
-16.000000
-44.000000
-44.000000
-48.000000
-56.000000
-32.000000
-20.000000
-32.000000
-16.000000
-36.000000
-48.000000
-24.000000
-28.000000
-52.000000
-40.000000
-60.000000
-88.000000
-92.000000
-80.000000
-52.000000
-32.000000
-48.000000
-48.000000
-68.000000
-24.000000
-32.000000
-36.000000
-40.000000
-24.000000
-44.000000
-32.000000
-20.000000
-56.000000
-48.000000
-48.000000
-48.000000
-28.000000
-36.000000
-52.000000
-24.000000
-12.000000
-32.000000
-20.000000
-48.000000
-32.000000
-4.000000
-52.000000
-32.000000
-60.000000
-36.000000
-12.000000
-48.000000
-36.000000
-28.000000
-52.000000
-40.000000
-32.000000
-40.000000
-44.000000
-60.000000
-64.000000
-36.000000
-56.000000
-72.000000
-60.000000
-52.000000
-60.000000
-40.000000
-12.000000
-56.000000
-8.000000
-12.000000
-24.000000
-40.000000
-36.000000
-28.000000
-28.000000
-20.000000
-24.000000
-40.000000
-24.000000
-36.000000
-16.000000
-48.000000
-16.000000
-24.000000
-28.000000
-32.000000
-16.000000
-16.000000
-16.000000
-32.000000
-28.000000
-64.000000
-20.000000
-64.000000
-24.000000
-40.000000
-32.000000
-16.000000
-44.000000
-40.000000
-44.000000
-32.000000
-48.000000
-52.000000
-36.000000
-48.000000
-52.000000
-32.000000
-44.000000
-40.000000
-32.000000
-20.000000
-72.000000
-44.000000
-32.000000
-8.000000
-48.000000
-20.000000
-16.000000
-8.000000
-48.000000
-56.000000
-4.000000
-52.000000
-28.000000
-44.000000
-64.000000
-36.000000
-68.000000
-64.000000
-56.000000
-56.000000
-48.000000
-48.000000
-80.000000
-64.000000
-40.000000
-76.000000
-44.000000
-84.000000
-56.000000
-48.000000
-72.000000
-56.000000
-64.000000
-56.000000
-48.000000
-32.000000
-68.000000
-40.000000
-64.000000
-64.000000
-72.000000
-76.000000
-36.000000
-56.000000
-44.000000
-76.000000
-64.000000
-72.000000
-84.000000
-44.000000
-48.000000
-16.000000
4.000000
-56.000000
-24.000000
-56.000000
-52.000000
-60.000000
-80.000000
-52.000000
-56.000000
-52.000000
-52.000000
-52.000000
-52.000000
-80.000000
-92.000000
-72.000000
-60.000000
-72.000000
-40.000000
-80.000000
-32.000000
-68.000000
-60.000000
-48.000000
-52.000000
-44.000000
-64.000000
-60.000000
-40.000000
-52.000000
-48.000000
-44.000000
-28.000000
-68.000000
-44.000000
-56.000000
-68.000000
-20.000000
-48.000000
-60.000000
-32.000000
-60.000000
-36.000000
-40.000000
-44.000000
-60.000000
-24.000000
-20.000000
-28.000000
-28.000000
-12.000000
-60.000000
-32.000000
-36.000000
-36.000000
-80.000000
-48.000000
-76.000000
-52.000000
-48.000000
-32.000000
-32.000000
-56.000000
-36.000000
-36.000000
-36.000000
-48.000000
-36.000000
-36.000000
-32.000000
-32.000000
-60.000000
-36.000000
-48.000000
-28.000000
-56.000000
-8.000000
-28.000000
-40.000000
-32.000000
-20.000000
-32.000000
-24.000000
-20.000000
-48.000000
-32.000000
-28.000000
-16.000000
0.000000
-40.000000
-24.000000
-40.000000
-28.000000
-24.000000
-24.000000
-24.000000
-12.000000
-16.000000
-68.000000
-48.000000
-48.000000
-56.000000
-88.000000
-76.000000
-84.000000
-60.000000
-20.000000
-20.000000
-68.000000
-36.000000
-40.000000
-28.000000
-24.000000
-48.000000
-36.000000
-32.000000
-36.000000
-60.000000
-24.000000
-32.000000
-48.000000
-8.000000
-44.000000
-24.000000
-52.000000
-44.000000
-52.000000
-48.000000
-60.000000
-44.000000
-24.000000
-52.000000
-28.000000
-60.000000
-28.000000
-44.000000
-48.000000
-28.000000
-44.000000
-64.000000
-44.000000
-32.000000
-24.000000
-48.000000
-52.000000
-40.000000
-60.000000
-40.000000
-64.000000
-76.000000
-28.000000
-64.000000
-36.000000
-36.000000
-56.000000
-40.000000
-44.000000
-20.000000
-32.000000
-52.000000
-36.000000
-8.000000
-40.000000
-32.000000
-44.000000
-48.000000
-32.000000
-52.000000
-32.000000
-32.000000
-28.000000
-32.000000
-32.000000
-28.000000
-28.000000
-48.000000
-8.000000
-48.000000
-48.000000
-16.000000
-52.000000
-24.000000
-48.000000
-24.000000
-48.000000
-64.000000
-12.000000
-40.000000
-40.000000
-48.000000
-32.000000
-32.000000
-44.000000
-52.000000
-52.000000
-40.000000
-60.000000
-32.000000
-48.000000
-48.000000
-28.000000
-36.000000
-24.000000
-36.000000
-48.000000
-32.000000
-36.000000
-48.000000
-24.000000
-28.000000
-56.000000
-36.000000
-44.000000
-56.000000
-52.000000
-40.000000
-52.000000
-32.000000
-76.000000
-60.000000
-64.000000
-76.000000
-48.000000
-64.000000
-64.000000
-52.000000
-88.000000
-84.000000
-76.000000
-44.000000
-68.000000
-48.000000
-48.000000
-44.000000
-72.000000
-76.000000
-64.000000
-88.000000
-64.000000
-84.000000
-96.000000
-60.000000
-76.000000
-64.000000
-60.000000
-64.000000
-56.000000
-48.000000
-40.000000
-16.000000
-52.000000
-28.000000
-48.000000
-36.000000
-68.000000
-44.000000
-52.000000
-36.000000
-44.000000
-72.000000
-80.000000
-48.000000
-72.000000
-48.000000
-80.000000
-48.000000
-72.000000
-56.000000
-60.000000
-56.000000
-32.000000
-48.000000
-64.000000
-88.000000
-60.000000
-52.000000
-48.000000
-64.000000
-52.000000
-40.000000
-64.000000
-36.000000
-52.000000
-44.000000
-52.000000
-52.000000
-44.000000
-52.000000
-28.000000
-48.000000
-4.000000
-60.000000
-48.000000
-44.000000
-56.000000
-12.000000
-20.000000
-40.000000
-20.000000
-20.000000
-24.000000
-24.000000
-60.000000
-64.000000
-44.000000
-52.000000
-32.000000
-44.000000
-56.000000
-32.000000
-48.000000
-40.000000
-28.000000
-76.000000
-28.000000
-52.000000
-44.000000
-48.000000
-40.000000
-60.000000
-28.000000
-44.000000
-24.000000
-40.000000
-40.000000
-32.000000
-36.000000
-36.000000
-32.000000
-24.000000
-44.000000
-28.000000
8.000000
-64.000000
-44.000000
-44.000000
-36.000000
-28.000000
-60.000000
-44.000000
-28.000000
-28.000000
-76.000000
-36.000000
-16.000000
-36.000000
-36.000000
-68.000000
-44.000000
-48.000000
-88.000000
-64.000000
-60.000000
-68.000000
-60.000000
-60.000000
-24.000000
-40.000000
-28.000000
-36.000000
-48.000000
-32.000000
-28.000000
-48.000000
-24.000000
-16.000000
-48.000000
-52.000000
-40.000000
-44.000000
-44.000000
-56.000000
-28.000000
-36.000000
-36.000000
-40.000000
-16.000000
-20.000000
-32.000000
-16.000000
-28.000000
-60.000000
-32.000000
-48.000000
-52.000000
-48.000000
-40.000000
-48.000000
-36.000000
-40.000000
-32.000000
-44.000000
-52.000000
-52.000000
-60.000000
-60.000000
-52.000000
-68.000000
-64.000000
-72.000000
-40.000000
-44.000000
-48.000000
-28.000000
-20.000000
-8.000000
-48.000000
-24.000000
-36.000000
-52.000000
-24.000000
-16.000000
-56.000000
-24.000000
-36.000000
-28.000000
-40.000000
-40.000000
-12.000000
-12.000000
-20.000000
-52.000000
-24.000000
-32.000000
-28.000000
-28.000000
-44.000000
-16.000000
-20.000000
-48.000000
-24.000000
-28.000000
-48.000000
-24.000000
-48.000000
-48.000000
-24.000000
-48.000000
-32.000000
-28.000000
-44.000000
-32.000000
-52.000000
-36.000000
-28.000000
-44.000000
-52.000000
-44.000000
-40.000000
-48.000000
-52.000000
-24.000000
-44.000000
-8.000000
-20.000000
-28.000000
-28.000000
-28.000000
-44.000000
-48.000000
-52.000000
-44.000000
-40.000000
-48.000000
-72.000000
-64.000000
-60.000000
-68.000000
-48.000000
-44.000000
-100.000000
-76.000000
-88.000000
-68.000000
-76.000000
-72.000000
-88.000000
-60.000000
-84.000000
-92.000000
-88.000000
-72.000000
-76.000000
-76.000000
-64.000000
-72.000000
-68.000000
-64.000000
-60.000000
-68.000000
-52.000000
-76.000000
-84.000000
-36.000000
-68.000000
-84.000000
-72.000000
-72.000000
-44.000000
-24.000000
-36.000000
-24.000000
-44.000000
-60.000000
-68.000000
-60.000000
-88.000000
-40.000000
-76.000000
-72.000000
-36.000000
-80.000000
-44.000000
-56.000000
-68.000000
-76.000000
-104.000000
-60.000000
-28.000000
-60.000000
-36.000000
-80.000000
-8.000000
4.000000
-76.000000
-76.000000
-72.000000
-28.000000
-32.000000
-72.000000
-32.000000
-52.000000
-40.000000
-76.000000
-72.000000
-52.000000
-68.000000
-48.000000
-36.000000
-48.000000
-36.000000
-36.000000
-60.000000
-40.000000
-48.000000
-32.000000
-56.000000
4.000000
-24.000000
-24.000000
-12.000000
-36.000000
-44.000000
-40.000000
-36.000000
-32.000000
-32.000000
-68.000000
-64.000000
-56.000000
-60.000000
-56.000000
-36.000000
-56.000000
-68.000000
-40.000000
-56.000000
-40.000000
-44.000000
-56.000000
-40.000000
-48.000000
-28.000000
-36.000000
-72.000000
-24.000000
