632.000000
928.000000
1120.000000
1264.000000
1336.000000
1308.000000
1176.000000
940.000000
636.000000
240.000000
-220.000000
-700.000000
-1164.000000
-1628.000000
-1916.000000
-2176.000000
-2260.000000
-2188.000000
-1976.000000
-1620.000000
-1164.000000
-620.000000
-12.000000
556.000000
1108.000000
1576.000000
1932.000000
2148.000000
2188.000000
2136.000000
1872.000000
1556.000000
1132.000000
652.000000
164.000000
-284.000000
-716.000000
-1028.000000
-1248.000000
-1400.000000
-1408.000000
-1324.000000
-1192.000000
-972.000000
-756.000000
-456.000000
-240.000000
-92.000000
-40.000000
-40.000000
-20.000000
-36.000000
-56.000000
-36.000000
-48.000000
-64.000000
-68.000000
-48.000000
-68.000000
-48.000000
-48.000000
-48.000000
-44.000000
-12.000000
-8.000000
-36.000000
-36.000000
-48.000000
-16.000000
-56.000000
-40.000000
-36.000000
-64.000000
-36.000000
-52.000000
-44.000000
-64.000000
-44.000000
-72.000000
-40.000000
-72.000000
-72.000000
-80.000000
-52.000000
-56.000000
-60.000000
-60.000000
-88.000000
-76.000000
-56.000000
-60.000000
-56.000000
-52.000000
-40.000000
-80.000000
-96.000000
-80.000000
-68.000000
-56.000000
-48.000000
-68.000000
-68.000000
-84.000000
-40.000000
-48.000000
-60.000000
-76.000000
-56.000000
-48.000000
-28.000000
4.000000
-36.000000
-40.000000
-48.000000
-68.000000
-40.000000
-60.000000
-60.000000
-56.000000
-44.000000
-64.000000
-48.000000
-48.000000
-76.000000
-64.000000
-36.000000
-56.000000
-64.000000
-72.000000
-52.000000
-44.000000
-44.000000
-36.000000
-64.000000
-52.000000
-52.000000
-60.000000
-44.000000
-64.000000
-64.000000
-48.000000
-84.000000
-48.000000
-60.000000
-52.000000
-60.000000
-28.000000
-64.000000
-32.000000
-44.000000
-48.000000
-32.000000
-60.000000
-24.000000
-84.000000
-40.000000
-20.000000
-32.000000
-44.000000
-24.000000
-48.000000
-44.000000
-32.000000
-64.000000
-48.000000
-44.000000
-44.000000
-28.000000
-32.000000
-32.000000
-64.000000
-36.000000
-48.000000
-48.000000
-60.000000
-44.000000
-52.000000
-52.000000
-48.000000
-44.000000
-32.000000
-40.000000
-44.000000
-52.000000
-32.000000
-8.000000
-32.000000
-44.000000
-32.000000
-16.000000
-44.000000
-20.000000
-20.000000
-24.000000
-32.000000
-40.000000
-28.000000
-12.000000
-40.000000
-48.000000
-32.000000
-40.000000
-44.000000
-44.000000
-32.000000
-24.000000
-32.000000
-76.000000
-60.000000
-60.000000
-48.000000
-52.000000
-72.000000
-36.000000
-36.000000
-48.000000
-32.000000
-52.000000
-36.000000
-20.000000
-52.000000
-36.000000
-44.000000
-28.000000
-44.000000
-36.000000
-28.000000
-20.000000
-12.000000
-48.000000
-20.000000
-28.000000
-48.000000
-24.000000
-64.000000
-48.000000
-44.000000
-20.000000
-60.000000
-36.000000
-36.000000
-40.000000
-64.000000
-48.000000
-28.000000
-32.000000
-48.000000
-8.000000
-44.000000
-32.000000
-44.000000
-44.000000
-32.000000
-36.000000
-24.000000
-52.000000
-88.000000
-88.000000
-80.000000
-52.000000
-64.000000
-40.000000
-40.000000
-16.000000
-44.000000
0.000000
-36.000000
-12.000000
-20.000000
-32.000000
-24.000000
-36.000000
-16.000000
-64.000000
-16.000000
-36.000000
-12.000000
-16.000000
-16.000000
-12.000000
-24.000000
-16.000000
-24.000000
-36.000000
-36.000000
-44.000000
-40.000000
8.000000
-48.000000
-16.000000
-20.000000
-36.000000
-28.000000
-28.000000
-36.000000
-36.000000
-44.000000
-48.000000
-52.000000
-40.000000
-36.000000
-44.000000
-16.000000
-40.000000
-44.000000
-64.000000
-44.000000
-64.000000
-40.000000
-44.000000
-36.000000
-48.000000
-8.000000
-8.000000
-36.000000
-36.000000
-52.000000
-20.000000
-60.000000
-32.000000
-44.000000
-52.000000
-28.000000
-60.000000
-40.000000
-52.000000
-68.000000
-28.000000
-64.000000
-60.000000
-28.000000
-84.000000
-64.000000
-60.000000
-60.000000
-80.000000
-60.000000
-48.000000
-84.000000
-76.000000
-80.000000
-60.000000
-36.000000
-52.000000
-68.000000
-76.000000
-92.000000
-64.000000
-76.000000
-76.000000
-48.000000
-48.000000
-56.000000
-60.000000
-44.000000
-60.000000
-64.000000
-28.000000
-40.000000
-44.000000
-16.000000
-56.000000
-68.000000
-48.000000
-64.000000
-64.000000
-40.000000
-68.000000
-72.000000
-72.000000
-72.000000
-48.000000
-48.000000
-56.000000
-76.000000
-48.000000
-60.000000
-60.000000
-40.000000
-80.000000
-76.000000
-60.000000
-60.000000
-52.000000
-72.000000
-80.000000
-64.000000
-36.000000
-68.000000
-52.000000
-48.000000
-36.000000
-84.000000
-60.000000
-56.000000
-32.000000
-36.000000
-56.000000
-40.000000
-56.000000
-64.000000
-44.000000
-48.000000
-52.000000
-36.000000
-52.000000
-20.000000
-8.000000
-12.000000
-32.000000
-36.000000
-44.000000
-52.000000
-64.000000
-52.000000
-52.000000
-44.000000
-76.000000
-60.000000
-48.000000
-48.000000
-40.000000
-40.000000
-52.000000
-40.000000
-8.000000
-40.000000
-60.000000
-24.000000
-56.000000
-44.000000
-40.000000
-56.000000
-44.000000
-44.000000
-52.000000
-12.000000
-52.000000
-32.000000
-52.000000
-40.000000
-48.000000
-20.000000
-32.000000
-60.000000
-36.000000
-40.000000
-24.000000
-28.000000
-44.000000
-60.000000
-20.000000
-40.000000
-48.000000
-36.000000
-8.000000
-20.000000
-56.000000
-68.000000
-60.000000
-80.000000
-88.000000
-52.000000
-64.000000
-52.000000
-64.000000
-48.000000
-28.000000
-44.000000
-40.000000
-24.000000
-24.000000
-52.000000
-32.000000
-44.000000
-32.000000
-44.000000
-48.000000
-60.000000
-36.000000
-44.000000
-32.000000
-16.000000
-44.000000
-44.000000
-36.000000
-8.000000
-52.000000
-44.000000
-24.000000
-24.000000
-40.000000
-76.000000
-36.000000
-36.000000
-40.000000
-44.000000
-56.000000
-20.000000
-36.000000
-28.000000
-36.000000
-44.000000
-48.000000
-52.000000
-48.000000
-72.000000
-76.000000
-72.000000
-60.000000
-40.000000
-60.000000
-64.000000
-32.000000
-12.000000
-32.000000
-24.000000
-12.000000
-36.000000
-36.000000
-8.000000
-28.000000
-32.000000
-12.000000
-40.000000
-4.000000
-32.000000
-24.000000
-20.000000
-20.000000
-20.000000
-12.000000
-20.000000
-44.000000
-44.000000
-24.000000
-44.000000
-20.000000
-48.000000
-12.000000
-36.000000
-64.000000
-24.000000
-60.000000
-40.000000
-56.000000
-40.000000
-52.000000
-32.000000
-40.000000
-64.000000
-44.000000
-36.000000
-52.000000
-24.000000
-56.000000
-64.000000
-48.000000
-52.000000
-40.000000
-36.000000
-24.000000
-28.000000
-44.000000
0.000000
-24.000000
-8.000000
-12.000000
-40.000000
-68.000000
-16.000000
-52.000000
-64.000000
-56.000000
-52.000000
-56.000000
-48.000000
-76.000000
-68.000000
-64.000000
-48.000000
-48.000000
-44.000000
-68.000000
-48.000000
-56.000000
-44.000000
-48.000000
-52.000000
-80.000000
-88.000000
-72.000000
-88.000000
-72.000000
-88.000000
-84.000000
-56.000000
-64.000000
-64.000000
-32.000000
-100.000000
-36.000000
-60.000000
-84.000000
-48.000000
-48.000000
-40.000000
-28.000000
-20.000000
-36.000000
-40.000000
-32.000000
-40.000000
-56.000000
-72.000000
-56.000000
-60.000000
-72.000000
-56.000000
-48.000000
-28.000000
-40.000000
-52.000000
-60.000000
-72.000000
-52.000000
-76.000000
-60.000000
-44.000000
-36.000000
-52.000000
-64.000000
-56.000000
-52.000000
-20.000000
-44.000000
-96.000000
-40.000000
-72.000000
-28.000000
-56.000000
-28.000000
-44.000000
-56.000000
-32.000000
-60.000000
-52.000000
-48.000000
-56.000000
-16.000000
-24.000000
-28.000000
-60.000000
-20.000000
-56.000000
-4.000000
-36.000000
-28.000000
-36.000000
-32.000000
-24.000000
-32.000000
-44.000000
-32.000000
-32.000000
-52.000000
-56.000000
-60.000000
-48.000000
-44.000000
-44.000000
-52.000000
-40.000000
-40.000000
-52.000000
-36.000000
-52.000000
-40.000000
-32.000000
-40.000000
-12.000000
-48.000000
-40.000000
-32.000000
-44.000000
-40.000000
-4.000000
-48.000000
-44.000000
-40.000000
-40.000000
-40.000000
-12.000000
-24.000000
-20.000000
-28.000000
-52.000000
-4.000000
-28.000000
-32.000000
-48.000000
-28.000000
-48.000000
-4.000000
-16.000000
-32.000000
-36.000000
-44.000000
-40.000000
-48.000000
-48.000000
-32.000000
-32.000000
-68.000000
-56.000000
-44.000000
-32.000000
-68.000000
-24.000000
-44.000000
-56.000000
-44.000000
-32.000000
-32.000000
-24.000000
-28.000000
-60.000000
-52.000000
-36.000000
-52.000000
-12.000000
-20.000000
-40.000000
-8.000000
-44.000000
-40.000000
-44.000000
-32.000000
-36.000000
-32.000000
-68.000000
-44.000000
-40.000000
-48.000000
-24.000000
-52.000000
-40.000000
-32.000000
-52.000000
-32.000000
-32.000000
-52.000000
-48.000000
-20.000000
-36.000000
-52.000000
-68.000000
-48.000000
-52.000000
-72.000000
-52.000000
-36.000000
-52.000000
-4.000000
-52.000000
-28.000000
-12.000000
-36.000000
4.000000
-16.000000
-4.000000
-24.000000
-24.000000
-44.000000
-32.000000
-32.000000
-12.000000
-20.000000
-28.000000
-24.000000
-24.000000
-24.000000
-24.000000
-32.000000
-12.000000
-36.000000
-20.000000
-28.000000
-52.000000
-20.000000
-48.000000
-44.000000
-40.000000
-36.000000
-36.000000
-16.000000
-24.000000
-32.000000
-40.000000
-40.000000
-40.000000
-24.000000
-44.000000
-40.000000
-24.000000
-44.000000
-40.000000
-68.000000
-32.000000
-32.000000
-8.000000
-20.000000
0.000000
-28.000000
-20.000000
-20.000000
-44.000000
-16.000000
-68.000000
-8.000000
-48.000000
-52.000000
-68.000000
-80.000000
-56.000000
-64.000000
-60.000000
-64.000000
-72.000000
-76.000000
-64.000000
-32.000000
-48.000000
-92.000000
-76.000000
-56.000000
-44.000000
-60.000000
-76.000000
-48.000000
-92.000000
-48.000000
-68.000000
-52.000000
-72.000000
-76.000000
-48.000000
-60.000000
-72.000000
-64.000000
-60.000000
-44.000000
-60.000000
-88.000000
-44.000000
-68.000000
-20.000000
0.000000
-16.000000
-56.000000
-12.000000
-28.000000
-44.000000
-32.000000
-76.000000
-36.000000
-60.000000
-48.000000
-72.000000
-40.000000
-52.000000
-56.000000
-56.000000
-76.000000
-44.000000
-52.000000
-56.000000
-68.000000
-40.000000
-72.000000
-52.000000
-36.000000
-52.000000
-52.000000
-32.000000
-44.000000
-56.000000
-32.000000
-48.000000
-48.000000
-28.000000
-32.000000
-56.000000
-24.000000
-64.000000
-28.000000
-40.000000
-44.000000
-44.000000
-28.000000
-56.000000
-36.000000
-60.000000
-32.000000
-44.000000
-20.000000
-36.000000
-4.000000
-8.000000
-28.000000
-40.000000
-12.000000
-36.000000
-32.000000
-72.000000
-56.000000
-40.000000
-36.000000
-40.000000
-44.000000
-52.000000
-28.000000
-60.000000
-32.000000
-28.000000
-40.000000
-44.000000
-44.000000
-52.000000
-52.000000
-32.000000
-44.000000
-40.000000
-44.000000
-28.000000
0.000000
-28.000000
-52.000000
-44.000000
-44.000000
16.000000
-20.000000
-16.000000
-36.000000
-48.000000
-36.000000
-24.000000
-48.000000
-16.000000
-20.000000
-32.000000
-48.000000
-24.000000
-28.000000
0.000000
-28.000000
-36.000000
-64.000000
-76.000000
-60.000000
-76.000000
-60.000000
-32.000000
-60.000000
-64.000000
-40.000000
-20.000000
-40.000000
-52.000000
-48.000000
-40.000000
-24.000000
-40.000000
-40.000000
-48.000000
-52.000000
-28.000000
-20.000000
-20.000000
-28.000000
-20.000000
-44.000000
-4.000000
-40.000000
-20.000000
-48.000000
-24.000000
-28.000000
-40.000000
-48.000000
-32.000000
-60.000000
-32.000000
-48.000000
-32.000000
-52.000000
-40.000000
-28.000000
-44.000000
-40.000000
-28.000000
-28.000000
-12.000000
-44.000000
-48.000000
-52.000000
-68.000000
-48.000000
-60.000000
-64.000000
-40.000000
-44.000000
-28.000000
-8.000000
-24.000000
-4.000000
-8.000000
-12.000000
-24.000000
-16.000000
-8.000000
-44.000000
8.000000
-8.000000
-56.000000
-24.000000
-28.000000
-16.000000
-28.000000
-36.000000
-28.000000
-16.000000
-36.000000
-8.000000
-36.000000
-40.000000
-28.000000
-40.000000
-44.000000
-20.000000
-32.000000
-52.000000
-28.000000
-48.000000
-44.000000
-32.000000
-32.000000
-36.000000
-48.000000
-60.000000
-52.000000
-32.000000
-36.000000
-32.000000
-44.000000
-60.000000
-40.000000
-40.000000
-20.000000
-32.000000
-36.000000
-16.000000
0.000000
-8.000000
-52.000000
-24.000000
-40.000000
-44.000000
-48.000000
-44.000000
-48.000000
-64.000000
-76.000000
-76.000000
-52.000000
-48.000000
-68.000000
-64.000000
-64.000000
-60.000000
-56.000000
-52.000000
-72.000000
-56.000000
-52.000000
-44.000000
-48.000000
-92.000000
-84.000000
-76.000000
-60.000000
-88.000000
-72.000000
-84.000000
-72.000000
-28.000000
-84.000000
-64.000000
-64.000000
-60.000000
-64.000000
-72.000000
-52.000000
-88.000000
-56.000000
-44.000000
-60.000000
-24.000000
-52.000000
-8.000000
-44.000000
-48.000000
-72.000000
-56.000000
-80.000000
-80.000000
-52.000000
-44.000000
-60.000000
-44.000000
-76.000000
-88.000000
-64.000000
-72.000000
-60.000000
-76.000000
-68.000000
-60.000000
-40.000000
-76.000000
-36.000000
-48.000000
-36.000000
-64.000000
-48.000000
-52.000000
-40.000000
-32.000000
-40.000000
-48.000000
-36.000000
-36.000000
-52.000000
-28.000000
-48.000000
-28.000000
-40.000000
-28.000000
-4.000000
-20.000000
-20.000000
-44.000000
-20.000000
-24.000000
-20.000000
-28.000000
-20.000000
0.000000
-28.000000
-32.000000
-36.000000
-36.000000
-64.000000
-56.000000
-60.000000
-24.000000
-36.000000
-56.000000
-60.000000
-32.000000
-56.000000
-32.000000
-48.000000
-36.000000
-16.000000
-32.000000
-48.000000
-44.000000
-12.000000
-40.000000
-40.000000
-60.000000
-24.000000
-36.000000
-36.000000
-24.000000
-48.000000
-28.000000
-32.000000
-28.000000
-28.000000
-36.000000
-44.000000
-32.000000
-16.000000
-12.000000
-16.000000
-32.000000
-44.000000
-64.000000
-12.000000
-32.000000
-24.000000
-12.000000
-48.000000
-32.000000
-24.000000
-48.000000
-56.000000
-60.000000
-64.000000
-44.000000
-76.000000
-64.000000
-60.000000
-48.000000
-64.000000
-52.000000
-68.000000
-60.000000
-56.000000
-24.000000
-28.000000
-28.000000
-16.000000
-24.000000
-40.000000
-20.000000
-36.000000
-44.000000
-40.000000
-8.000000
-28.000000
-28.000000
-40.000000
-28.000000
-44.000000
-28.000000
-36.000000
-36.000000
-48.000000
-32.000000
-52.000000
-48.000000
-28.000000
-24.000000
-36.000000
-28.000000
-40.000000
-52.000000
-40.000000
-44.000000
-44.000000
-48.000000
-52.000000
-52.000000
-64.000000
-80.000000
-80.000000
-60.000000
-48.000000
-40.000000
-44.000000
-40.000000
-32.000000
-52.000000
-28.000000
-8.000000
-32.000000
-20.000000
-8.000000
-24.000000
-28.000000
-32.000000
-36.000000
-28.000000
-28.000000
-16.000000
-44.000000
-24.000000
-24.000000
-32.000000
-48.000000
-28.000000
-32.000000
-32.000000
-24.000000
-32.000000
-36.000000
-36.000000
-12.000000
-36.000000
-12.000000
-12.000000
-28.000000
-40.000000
-32.000000
-40.000000
-52.000000
-16.000000
-20.000000
-44.000000
-36.000000
-36.000000
-40.000000
-40.000000
-44.000000
-60.000000
-32.000000
-20.000000
-48.000000
12.000000
-16.000000
-44.000000
-36.000000
-32.000000
-36.000000
-20.000000
-60.000000
-48.000000
-60.000000
-44.000000
-36.000000
-64.000000
-44.000000
-48.000000
-56.000000
-64.000000
-60.000000
-68.000000
-64.000000
-56.000000
-84.000000
-52.000000
-68.000000
-84.000000
-60.000000
-60.000000
-52.000000
-68.000000
-60.000000
-64.000000
-80.000000
-88.000000
-48.000000
-76.000000
-80.000000
-68.000000
-84.000000
-64.000000
-80.000000
-76.000000
-76.000000
-92.000000
-76.000000
-56.000000
-60.000000
-32.000000
-24.000000
-16.000000
-24.000000
-72.000000
-60.000000
-76.000000
-72.000000
-56.000000
-60.000000
-36.000000
-76.000000
-72.000000
-44.000000
-32.000000
-48.000000
-76.000000
-52.000000
-80.000000
-60.000000
-60.000000
-76.000000
-56.000000
-64.000000
-44.000000
-76.000000
-72.000000
-40.000000
-64.000000
-40.000000
-20.000000
-76.000000
-52.000000
-36.000000
-60.000000
-40.000000
-32.000000
-44.000000
-44.000000
-36.000000
-48.000000
-40.000000
-36.000000
-48.000000
-28.000000
-40.000000
-36.000000
-36.000000
-36.000000
8.000000
-8.000000
-12.000000
-20.000000
-32.000000
-32.000000
-52.000000
-40.000000
-44.000000
-36.000000
-48.000000
-36.000000
-32.000000
-48.000000
-24.000000
-48.000000
-48.000000
-24.000000
-56.000000
-32.000000
-24.000000
-44.000000
-24.000000
-24.000000
-48.000000
-20.000000
-32.000000
-20.000000
-60.000000
-16.000000
-12.000000
-8.000000
0.000000
-28.000000
-48.000000
-36.000000
-20.000000
-20.000000
-36.000000
-8.000000
-8.000000
-16.000000
-36.000000
-24.000000
-12.000000
-24.000000
-16.000000
-16.000000
-32.000000
-64.000000
-48.000000
-40.000000
-56.000000
-64.000000
-48.000000
-76.000000
-52.000000
-44.000000
-60.000000
-36.000000
-36.000000
-72.000000
-48.000000
-44.000000
-20.000000
-44.000000
-24.000000
-48.000000
-44.000000
-8.000000
-36.000000
-12.000000
-52.000000
-24.000000
-28.000000
-32.000000
-44.000000
-24.000000
-32.000000
-60.000000
-24.000000
-32.000000
-36.000000
-12.000000
-44.000000
-32.000000
-8.000000
-44.000000
-40.000000
-40.000000
-44.000000
-24.000000
-52.000000
-52.000000
-32.000000
-20.000000
-28.000000
-48.000000
-32.000000
-52.000000
-76.000000
-80.000000
-56.000000
-76.000000
-52.000000
-16.000000
-40.000000
-24.000000
-28.000000
-36.000000
-24.000000
-8.000000
-16.000000
0.000000
-16.000000
-32.000000
-24.000000
-8.000000
-40.000000
-16.000000
-12.000000
-48.000000
-8.000000
-48.000000
-12.000000
-12.000000
-12.000000
-24.000000
0.000000
-24.000000
-28.000000
-24.000000
-16.000000
-24.000000
-28.000000
-32.000000
-28.000000
-28.000000
-32.000000
-28.000000
-32.000000
-40.000000
-36.000000
-48.000000
-8.000000
-32.000000
-68.000000
-48.000000
-40.000000
-52.000000
-12.000000
-52.000000
-24.000000
-36.000000
-24.000000
-36.000000
-36.000000
-12.000000
-32.000000
-28.000000
-24.000000
-24.000000
-44.000000
-24.000000
-36.000000
-32.000000
-36.000000
-52.000000
-40.000000
-68.000000
-48.000000
-64.000000
-64.000000
-52.000000
-68.000000
-48.000000
-32.000000
-44.000000
-88.000000
-68.000000
-84.000000
-72.000000
-48.000000
-52.000000
-52.000000
-76.000000
-76.000000
-68.000000
-28.000000
-32.000000
-80.000000
-40.000000
-56.000000
-68.000000
-88.000000
-56.000000
-92.000000
-60.000000
-80.000000
-68.000000
-64.000000
-44.000000
-36.000000
-60.000000
-16.000000
-20.000000
-44.000000
-52.000000
-56.000000
-56.000000
-48.000000
-24.000000
-60.000000
-36.000000
-88.000000
-52.000000
-32.000000
-52.000000
-64.000000
-64.000000
-56.000000
-48.000000
-60.000000
-56.000000
-56.000000
-60.000000
-64.000000
-44.000000
-60.000000
-80.000000
-56.000000
-40.000000
-88.000000
-36.000000
-80.000000
-32.000000
-52.000000
-36.000000
-40.000000
-60.000000
-60.000000
-48.000000
-32.000000
-36.000000
-36.000000
-52.000000
-40.000000
-80.000000
-52.000000
-40.000000
-24.000000
-4.000000
-36.000000
-8.000000
-36.000000
-24.000000
-40.000000
-52.000000
-68.000000
-48.000000
-52.000000
-40.000000
-52.000000
-48.000000
-40.000000
-40.000000
-44.000000
-36.000000
-36.000000
-52.000000
-48.000000
-24.000000
-52.000000
-28.000000
-48.000000
-28.000000
-48.000000
-32.000000
-16.000000
-40.000000
-20.000000
-40.000000
-24.000000
-40.000000
-28.000000
-56.000000
-24.000000
-16.000000
-28.000000
-32.000000
-12.000000
-36.000000
-20.000000
-44.000000
-24.000000
-20.000000
-16.000000
-24.000000
-28.000000
-20.000000
-44.000000
-40.000000
-48.000000
-76.000000
-80.000000
-76.000000
-28.000000
-80.000000
-48.000000
-64.000000
-32.000000
-32.000000
-60.000000
-48.000000
-40.000000
-28.000000
-60.000000
-36.000000
-28.000000
-12.000000
-4.000000
-24.000000
-8.000000
-8.000000
-12.000000
-28.000000
-12.000000
-36.000000
-16.000000
-48.000000
-24.000000
-24.000000
-24.000000
-20.000000
-36.000000
-20.000000
-32.000000
-36.000000
-36.000000
-20.000000
-32.000000
-28.000000
-36.000000
-28.000000
-28.000000
-52.000000
-16.000000
-48.000000
-32.000000
-32.000000
-64.000000
-80.000000
-80.000000
-72.000000
-52.000000
-48.000000
-24.000000
-32.000000
-16.000000
-28.000000
-16.000000
-12.000000
-16.000000
-48.000000
-12.000000
-12.000000
-36.000000
4.000000
-12.000000
-20.000000
-8.000000
-20.000000
-36.000000
4.000000
-32.000000
0.000000
-16.000000
-16.000000
-8.000000
-32.000000
-28.000000
-24.000000
-36.000000
-16.000000
-28.000000
-32.000000
-44.000000
-24.000000
-48.000000
-44.000000
-36.000000
-48.000000
-48.000000
-32.000000
-52.000000
-40.000000
-44.000000
-44.000000
-28.000000
-36.000000
-48.000000
-28.000000
-56.000000
-28.000000
-44.000000
-16.000000
-16.000000
-12.000000
-32.000000
-40.000000
-28.000000
-24.000000
-12.000000
-48.000000
-48.000000
-44.000000
-76.000000
-60.000000
-40.000000
-48.000000
-52.000000
-80.000000
-76.000000
-64.000000
-48.000000
-76.000000
-80.000000
-48.000000
-52.000000
-88.000000
-76.000000
-36.000000
-52.000000
-56.000000
-56.000000
-76.000000
-52.000000
-72.000000
-68.000000
-60.000000
-32.000000
-84.000000
-64.000000
-72.000000
-44.000000
-72.000000
-76.000000
-68.000000
-40.000000
-80.000000
-44.000000
-32.000000
-44.000000
-24.000000
-40.000000
-48.000000
-48.000000
-72.000000
-80.000000
-44.000000
-52.000000
-48.000000
-40.000000
-52.000000
-40.000000
-44.000000
-40.000000
-32.000000
-52.000000
-56.000000
-56.000000
-44.000000
-40.000000
-36.000000
-84.000000
-28.000000
-32.000000
-40.000000
-12.000000
-52.000000
-64.000000
-40.000000
-48.000000
-32.000000
-56.000000
-44.000000
-36.000000
-60.000000
-28.000000
-72.000000
-36.000000
-20.000000
-52.000000
-28.000000
-32.000000
-40.000000
-32.000000
-24.000000
-32.000000
-32.000000
-24.000000
4.000000
-60.000000
4.000000
-32.000000
-20.000000
-32.000000
-40.000000
-52.000000
-32.000000
-40.000000
-44.000000
-56.000000
-32.000000
-36.000000
-56.000000
-36.000000
-48.000000
-40.000000
-32.000000
-40.000000
-16.000000
-52.000000
-32.000000
-32.000000
-32.000000
-20.000000
-20.000000
-40.000000
-36.000000
-24.000000
-32.000000
-16.000000
-20.000000
-44.000000
-28.000000
-52.000000
-48.000000
-60.000000
-48.000000
-36.000000
-40.000000
-24.000000
4.000000
-28.000000
-32.000000
-28.000000
-32.000000
-28.000000
-28.000000
-40.000000
-64.000000
-60.000000
-64.000000
-44.000000
-72.000000
-56.000000
-40.000000
-56.000000
-56.000000
-32.000000
-60.000000
-12.000000
-32.000000
-28.000000
-20.000000
-16.000000
-32.000000
-16.000000
-20.000000
-60.000000
4.000000
-32.000000
-28.000000
-32.000000
-40.000000
-28.000000
-28.000000
-32.000000
-28.000000
-12.000000
-32.000000
-36.000000
-36.000000
-36.000000
-24.000000
-36.000000
-40.000000
-44.000000
-32.000000
-28.000000
-36.000000
-20.000000
-44.000000
-20.000000
-36.000000
-56.000000
-28.000000
-48.000000
-52.000000
-56.000000
-44.000000
-64.000000
-48.000000
-40.000000
-36.000000
-20.000000
-24.000000
-12.000000
-36.000000
-8.000000
-12.000000
4.000000
-8.000000
8.000000
12.000000
-16.000000
-44.000000
-12.000000
-20.000000
-8.000000
-4.000000
-32.000000
-28.000000
-32.000000
-12.000000
-20.000000
-20.000000
-48.000000
-40.000000
-24.000000
-12.000000
-36.000000
-12.000000
-28.000000
-44.000000
-24.000000
-36.000000
-32.000000
-52.000000
-28.000000
-32.000000
