600.000000
804.000000
1028.000000
1208.000000
1288.000000
1312.000000
1200.000000
1016.000000
748.000000
340.000000
-116.000000
-580.000000
-1060.000000
-1496.000000
-1884.000000
-2148.000000
-2256.000000
-2248.000000
-2072.000000
-1752.000000
-1288.000000
-784.000000
-208.000000
416.000000
964.000000
1476.000000
1828.000000
2100.000000
2172.000000
2144.000000
1964.000000
1620.000000
1216.000000
744.000000
304.000000
-208.000000
-608.000000
-992.000000
-1196.000000
-1384.000000
-1416.000000
-1352.000000
-1260.000000
-1036.000000
-828.000000
-540.000000
-292.000000
-136.000000
-44.000000
-32.000000
-80.000000
-56.000000
-64.000000
-80.000000
-44.000000
-8.000000
-52.000000
-20.000000
-36.000000
-12.000000
-36.000000
-40.000000
-48.000000
-8.000000
-20.000000
-40.000000
0.000000
-32.000000
-24.000000
-16.000000
-44.000000
-32.000000
-8.000000
-28.000000
-36.000000
-16.000000
-32.000000
-24.000000
-16.000000
-24.000000
-52.000000
-56.000000
-24.000000
-36.000000
-8.000000
-44.000000
-48.000000
-32.000000
-12.000000
-24.000000
-16.000000
-36.000000
-32.000000
-52.000000
-24.000000
-28.000000
-44.000000
-28.000000
-16.000000
-40.000000
-52.000000
-32.000000
-20.000000
-48.000000
-24.000000
-28.000000
-12.000000
-4.000000
-36.000000
-40.000000
-16.000000
-36.000000
-24.000000
-24.000000
-52.000000
-56.000000
-32.000000
-52.000000
-72.000000
-64.000000
-60.000000
-56.000000
-40.000000
-48.000000
-72.000000
-60.000000
-60.000000
-56.000000
-48.000000
-64.000000
-96.000000
-68.000000
-60.000000
-52.000000
-68.000000
-84.000000
-52.000000
-76.000000
-60.000000
-48.000000
-52.000000
-76.000000
-64.000000
-56.000000
-72.000000
-48.000000
-76.000000
-52.000000
-76.000000
-72.000000
-32.000000
-36.000000
-16.000000
-32.000000
-32.000000
-52.000000
-24.000000
-36.000000
-52.000000
-36.000000
-52.000000
-84.000000
-80.000000
-64.000000
-72.000000
-44.000000
-40.000000
-76.000000
-36.000000
-32.000000
-72.000000
-32.000000
-60.000000
-56.000000
-52.000000
-84.000000
-16.000000
-36.000000
-16.000000
-68.000000
-16.000000
-36.000000
-32.000000
-48.000000
-36.000000
-20.000000
-60.000000
-64.000000
-28.000000
-40.000000
-44.000000
-36.000000
-48.000000
-32.000000
-32.000000
-48.000000
-32.000000
-36.000000
-8.000000
-20.000000
-8.000000
-56.000000
0.000000
-16.000000
-52.000000
-16.000000
-60.000000
-40.000000
-28.000000
-44.000000
-48.000000
-40.000000
-32.000000
-36.000000
-32.000000
-40.000000
-36.000000
-44.000000
-44.000000
-28.000000
-40.000000
-4.000000
-20.000000
-8.000000
-36.000000
-24.000000
-32.000000
-12.000000
-24.000000
-24.000000
-20.000000
-40.000000
-28.000000
-28.000000
-48.000000
0.000000
-28.000000
-28.000000
-48.000000
-28.000000
-28.000000
-52.000000
-4.000000
-28.000000
-24.000000
-20.000000
-16.000000
-32.000000
-12.000000
-32.000000
-48.000000
-64.000000
-44.000000
-48.000000
-56.000000
-88.000000
-60.000000
-52.000000
-48.000000
-40.000000
-44.000000
-36.000000
-32.000000
-52.000000
-24.000000
-24.000000
-20.000000
-36.000000
-40.000000
0.000000
-48.000000
-40.000000
-44.000000
-28.000000
-24.000000
-36.000000
-16.000000
-32.000000
-12.000000
-28.000000
-44.000000
-12.000000
-36.000000
-24.000000
-36.000000
-32.000000
-16.000000
-28.000000
-32.000000
-52.000000
-24.000000
-44.000000
-44.000000
-52.000000
-32.000000
-48.000000
-60.000000
-16.000000
-24.000000
-44.000000
-60.000000
-44.000000
-56.000000
-40.000000
-52.000000
0.000000
-56.000000
-16.000000
0.000000
-16.000000
4.000000
-4.000000
-12.000000
4.000000
-16.000000
-8.000000
-40.000000
-32.000000
-24.000000
-28.000000
-24.000000
-32.000000
-32.000000
-16.000000
-28.000000
-28.000000
-12.000000
-20.000000
-32.000000
0.000000
-8.000000
-16.000000
-44.000000
-36.000000
-32.000000
-24.000000
-36.000000
-24.000000
-40.000000
-48.000000
-44.000000
-28.000000
-52.000000
-48.000000
-20.000000
-40.000000
-40.000000
-28.000000
-52.000000
-36.000000
-24.000000
-36.000000
-48.000000
-40.000000
-44.000000
-16.000000
-24.000000
-44.000000
-44.000000
-52.000000
-28.000000
-8.000000
-56.000000
-52.000000
-56.000000
-48.000000
-56.000000
-44.000000
-40.000000
-28.000000
-44.000000
-48.000000
-44.000000
-64.000000
-44.000000
-72.000000
-64.000000
-76.000000
-56.000000
-52.000000
-60.000000
-88.000000
-72.000000
-68.000000
-64.000000
-52.000000
-32.000000
-68.000000
-80.000000
-44.000000
-64.000000
-60.000000
-44.000000
-36.000000
-76.000000
-76.000000
-76.000000
-56.000000
-52.000000
-60.000000
-40.000000
-40.000000
-12.000000
-44.000000
-32.000000
-56.000000
-44.000000
-36.000000
-60.000000
-64.000000
-32.000000
-60.000000
-36.000000
-32.000000
-48.000000
-48.000000
-68.000000
-64.000000
-36.000000
-52.000000
-68.000000
-48.000000
-44.000000
-64.000000
-32.000000
-60.000000
-56.000000
-48.000000
-44.000000
-36.000000
-56.000000
-36.000000
-48.000000
-24.000000
-72.000000
-28.000000
-56.000000
-28.000000
-44.000000
-68.000000
-28.000000
-44.000000
-40.000000
-16.000000
-44.000000
-44.000000
-52.000000
-4.000000
-64.000000
8.000000
8.000000
-16.000000
-12.000000
-44.000000
-28.000000
-36.000000
-56.000000
-20.000000
-32.000000
0.000000
-40.000000
-56.000000
-16.000000
-48.000000
-28.000000
-36.000000
-28.000000
-40.000000
-24.000000
-32.000000
-40.000000
-48.000000
-28.000000
-20.000000
-16.000000
-20.000000
-28.000000
-20.000000
-20.000000
-28.000000
-32.000000
-16.000000
-32.000000
-32.000000
-32.000000
-28.000000
-36.000000
-36.000000
-20.000000
-24.000000
-52.000000
-40.000000
12.000000
-12.000000
-12.000000
-32.000000
-20.000000
-16.000000
-36.000000
-32.000000
-36.000000
-48.000000
-64.000000
-28.000000
-32.000000
-68.000000
-52.000000
-64.000000
-60.000000
-32.000000
-44.000000
-28.000000
-36.000000
-4.000000
-8.000000
-36.000000
-4.000000
-28.000000
-12.000000
-24.000000
-8.000000
-28.000000
-60.000000
-44.000000
-28.000000
-8.000000
-24.000000
-44.000000
-40.000000
-32.000000
-32.000000
-20.000000
-40.000000
-12.000000
-28.000000
-28.000000
-36.000000
-32.000000
-32.000000
-36.000000
-44.000000
-24.000000
-32.000000
-32.000000
-32.000000
-44.000000
-40.000000
-32.000000
-44.000000
-52.000000
-84.000000
-68.000000
-84.000000
-52.000000
-32.000000
-28.000000
-60.000000
-8.000000
-24.000000
0.000000
-4.000000
-12.000000
0.000000
12.000000
-8.000000
-20.000000
0.000000
-32.000000
-8.000000
-12.000000
4.000000
-20.000000
-20.000000
-16.000000
-12.000000
-20.000000
-8.000000
-12.000000
-48.000000
-4.000000
-28.000000
-20.000000
-40.000000
-32.000000
-60.000000
-32.000000
-44.000000
-12.000000
-32.000000
-32.000000
-32.000000
-36.000000
-40.000000
-48.000000
-12.000000
-64.000000
-28.000000
-28.000000
-24.000000
-40.000000
-48.000000
-32.000000
-56.000000
-36.000000
-20.000000
0.000000
-32.000000
-56.000000
-16.000000
-36.000000
-12.000000
-20.000000
-52.000000
-32.000000
-60.000000
-48.000000
-24.000000
-64.000000
-48.000000
-44.000000
-60.000000
-56.000000
-64.000000
-76.000000
-56.000000
-40.000000
-72.000000
-64.000000
-76.000000
-44.000000
-52.000000
-44.000000
-72.000000
-92.000000
-40.000000
-80.000000
-72.000000
-40.000000
-72.000000
-76.000000
-68.000000
-48.000000
-48.000000
-60.000000
-76.000000
-24.000000
-84.000000
-60.000000
-64.000000
-68.000000
-52.000000
0.000000
-4.000000
-24.000000
-36.000000
-52.000000
-60.000000
-24.000000
-40.000000
-12.000000
-32.000000
-36.000000
-20.000000
-36.000000
-72.000000
-36.000000
-60.000000
-60.000000
-36.000000
-48.000000
-40.000000
-52.000000
-28.000000
-40.000000
-68.000000
-60.000000
-24.000000
-56.000000
-68.000000
-60.000000
-20.000000
-64.000000
-52.000000
-40.000000
-28.000000
-52.000000
-44.000000
-48.000000
-44.000000
-52.000000
-36.000000
-16.000000
-68.000000
-28.000000
-52.000000
-44.000000
-40.000000
-40.000000
-48.000000
-40.000000
-20.000000
-8.000000
-36.000000
-12.000000
-28.000000
-28.000000
-44.000000
-24.000000
-52.000000
-32.000000
-40.000000
-24.000000
-36.000000
-28.000000
-20.000000
-44.000000
-32.000000
-36.000000
-24.000000
-48.000000
-44.000000
-28.000000
-44.000000
-24.000000
-32.000000
-12.000000
-36.000000
-8.000000
-36.000000
-24.000000
-28.000000
-24.000000
-24.000000
-24.000000
-32.000000
-16.000000
-40.000000
-32.000000
-28.000000
-20.000000
-20.000000
-4.000000
-32.000000
-44.000000
-24.000000
-20.000000
-12.000000
-8.000000
-48.000000
-16.000000
-20.000000
-40.000000
-52.000000
-48.000000
-56.000000
-88.000000
-32.000000
-64.000000
-52.000000
-12.000000
-44.000000
-36.000000
-44.000000
-44.000000
-28.000000
-20.000000
-44.000000
-16.000000
-40.000000
-12.000000
-16.000000
-36.000000
-36.000000
-12.000000
-24.000000
-8.000000
-28.000000
-60.000000
-8.000000
-24.000000
-16.000000
-44.000000
-32.000000
-24.000000
-40.000000
-12.000000
-16.000000
-32.000000
-24.000000
-16.000000
-36.000000
-28.000000
-48.000000
-40.000000
-28.000000
-28.000000
-40.000000
-36.000000
-32.000000
-24.000000
-44.000000
-84.000000
-72.000000
-40.000000
-36.000000
0.000000
-4.000000
-40.000000
-8.000000
0.000000
-12.000000
12.000000
-12.000000
-8.000000
0.000000
-24.000000
-16.000000
-12.000000
-20.000000
-20.000000
0.000000
-36.000000
0.000000
-20.000000
-32.000000
-44.000000
-16.000000
-48.000000
4.000000
-12.000000
-32.000000
-24.000000
-24.000000
-24.000000
-32.000000
-24.000000
-16.000000
-32.000000
-12.000000
-20.000000
-16.000000
0.000000
-32.000000
-36.000000
-8.000000
-44.000000
-44.000000
-16.000000
-12.000000
-40.000000
-48.000000
-24.000000
-20.000000
0.000000
-24.000000
-24.000000
-28.000000
-24.000000
-36.000000
8.000000
-28.000000
-20.000000
-36.000000
-48.000000
-52.000000
-52.000000
-48.000000
-72.000000
-44.000000
-76.000000
-80.000000
-64.000000
-60.000000
-64.000000
-52.000000
-88.000000
-72.000000
-68.000000
-44.000000
-60.000000
-60.000000
-68.000000
-52.000000
-44.000000
-48.000000
-84.000000
-68.000000
-76.000000
-44.000000
-48.000000
-52.000000
-68.000000
-72.000000
-52.000000
-76.000000
-44.000000
-64.000000
-64.000000
-76.000000
-52.000000
-28.000000
-40.000000
-16.000000
-32.000000
-36.000000
-16.000000
-48.000000
-28.000000
-64.000000
-44.000000
-52.000000
-40.000000
-72.000000
-60.000000
-44.000000
-52.000000
-44.000000
-52.000000
-60.000000
-16.000000
-80.000000
-60.000000
-44.000000
-32.000000
-68.000000
-12.000000
-76.000000
-44.000000
-28.000000
-60.000000
-60.000000
-36.000000
-48.000000
-28.000000
-56.000000
-32.000000
-52.000000
-24.000000
-68.000000
-24.000000
-28.000000
-28.000000
-32.000000
-36.000000
-36.000000
-48.000000
-24.000000
-28.000000
-52.000000
-4.000000
-12.000000
28.000000
0.000000
-12.000000
-8.000000
-28.000000
-20.000000
-24.000000
-40.000000
-24.000000
-64.000000
-40.000000
-36.000000
-24.000000
-64.000000
-36.000000
-60.000000
-32.000000
-40.000000
-36.000000
-44.000000
-52.000000
-44.000000
-36.000000
-36.000000
-40.000000
-52.000000
-24.000000
-28.000000
-8.000000
-8.000000
-44.000000
-12.000000
-32.000000
-16.000000
-16.000000
-24.000000
-24.000000
-32.000000
-20.000000
-24.000000
0.000000
-8.000000
-44.000000
-8.000000
-48.000000
-8.000000
-24.000000
-4.000000
-12.000000
-20.000000
-32.000000
-60.000000
-36.000000
-32.000000
-84.000000
-36.000000
-48.000000
-72.000000
-28.000000
-36.000000
-56.000000
-36.000000
-48.000000
-28.000000
-40.000000
-40.000000
-20.000000
-56.000000
-20.000000
-32.000000
-52.000000
-28.000000
-20.000000
-40.000000
-32.000000
-24.000000
-28.000000
0.000000
-44.000000
-16.000000
-36.000000
-8.000000
-40.000000
-24.000000
-44.000000
-48.000000
-40.000000
-44.000000
-32.000000
-32.000000
-52.000000
-24.000000
-68.000000
-24.000000
-32.000000
-48.000000
-28.000000
-44.000000
-28.000000
-72.000000
-64.000000
-76.000000
-32.000000
-48.000000
-48.000000
-32.000000
-20.000000
-16.000000
-8.000000
0.000000
-12.000000
-20.000000
-20.000000
-12.000000
-4.000000
-8.000000
12.000000
-12.000000
4.000000
0.000000
-24.000000
-36.000000
-12.000000
-24.000000
-52.000000
-4.000000
-28.000000
-28.000000
-24.000000
-24.000000
-4.000000
-36.000000
-16.000000
-64.000000
-48.000000
-24.000000
-28.000000
-8.000000
-28.000000
-44.000000
-28.000000
16.000000
-28.000000
-44.000000
-8.000000
-16.000000
-36.000000
-8.000000
-36.000000
-48.000000
-20.000000
-48.000000
-20.000000
-28.000000
-16.000000
-44.000000
-12.000000
-24.000000
-12.000000
-44.000000
-28.000000
-48.000000
-40.000000
-60.000000
-4.000000
-52.000000
-32.000000
-72.000000
-60.000000
-36.000000
-76.000000
-80.000000
-64.000000
-52.000000
-76.000000
-76.000000
-84.000000
-88.000000
-76.000000
-52.000000
-52.000000
-56.000000
-80.000000
-44.000000
-44.000000
-64.000000
-60.000000
-56.000000
-76.000000
-52.000000
-76.000000
-52.000000
-72.000000
-72.000000
-48.000000
-44.000000
-88.000000
-36.000000
-92.000000
-28.000000
-28.000000
-36.000000
-44.000000
-32.000000
-8.000000
-52.000000
-24.000000
-32.000000
-56.000000
-56.000000
-64.000000
-52.000000
-44.000000
-52.000000
-48.000000
-80.000000
-40.000000
-76.000000
-60.000000
-48.000000
-64.000000
-64.000000
-76.000000
-60.000000
-56.000000
-32.000000
-68.000000
-48.000000
-48.000000
-68.000000
-28.000000
-64.000000
-16.000000
-32.000000
-68.000000
-52.000000
-72.000000
-16.000000
-28.000000
-76.000000
-40.000000
-80.000000
-52.000000
-28.000000
-56.000000
-44.000000
-40.000000
-40.000000
-32.000000
-32.000000
-8.000000
-16.000000
-48.000000
-12.000000
-28.000000
-32.000000
-60.000000
-60.000000
-44.000000
-32.000000
-40.000000
-36.000000
-16.000000
-40.000000
-48.000000
-40.000000
-32.000000
-36.000000
-48.000000
-20.000000
-48.000000
-36.000000
-32.000000
-32.000000
-20.000000
-44.000000
-28.000000
-32.000000
-28.000000
-16.000000
-44.000000
-24.000000
-20.000000
-28.000000
-32.000000
-40.000000
-28.000000
-12.000000
-44.000000
0.000000
-16.000000
-4.000000
-40.000000
-36.000000
-44.000000
-56.000000
-28.000000
-32.000000
-20.000000
-48.000000
-40.000000
-44.000000
-64.000000
-48.000000
-48.000000
-56.000000
-52.000000
-64.000000
-60.000000
-44.000000
-36.000000
-44.000000
-48.000000
-24.000000
-40.000000
-44.000000
-48.000000
-48.000000
-40.000000
-40.000000
0.000000
-24.000000
-48.000000
-28.000000
-12.000000
-36.000000
-48.000000
-4.000000
-32.000000
-44.000000
-36.000000
-32.000000
-20.000000
-28.000000
-48.000000
-16.000000
-32.000000
-36.000000
-36.000000
-4.000000
-68.000000
-20.000000
-52.000000
-36.000000
-20.000000
-32.000000
-36.000000
-72.000000
-36.000000
-32.000000
-68.000000
-44.000000
-76.000000
-52.000000
-28.000000
-8.000000
-28.000000
-16.000000
-28.000000
4.000000
-8.000000
-20.000000
-28.000000
-36.000000
16.000000
-16.000000
-8.000000
-28.000000
-8.000000
-12.000000
-36.000000
-24.000000
-44.000000
0.000000
-28.000000
-64.000000
-20.000000
-16.000000
-44.000000
-24.000000
-36.000000
-32.000000
-4.000000
-24.000000
-24.000000
-52.000000
-36.000000
-24.000000
-40.000000
-36.000000
-24.000000
-28.000000
-32.000000
-44.000000
-36.000000
-48.000000
-60.000000
-60.000000
-48.000000
-28.000000
-48.000000
-24.000000
-28.000000
-24.000000
-32.000000
-36.000000
-32.000000
-20.000000
-28.000000
-32.000000
-48.000000
4.000000
-36.000000
-28.000000
-32.000000
-36.000000
-52.000000
-40.000000
-52.000000
-76.000000
-80.000000
-64.000000
-72.000000
-76.000000
-72.000000
-60.000000
-40.000000
-52.000000
-60.000000
-72.000000
-52.000000
-48.000000
-52.000000
-36.000000
-76.000000
-20.000000
-48.000000
-68.000000
-68.000000
-48.000000
-84.000000
-80.000000
-68.000000
-64.000000
-84.000000
-68.000000
-80.000000
-72.000000
-64.000000
-48.000000
-44.000000
-28.000000
-12.000000
-48.000000
-40.000000
-48.000000
-32.000000
-52.000000
-72.000000
-36.000000
-48.000000
-48.000000
-12.000000
-72.000000
-60.000000
-52.000000
-64.000000
-44.000000
-40.000000
-72.000000
-48.000000
-28.000000
-68.000000
-64.000000
-20.000000
-56.000000
-48.000000
-52.000000
-56.000000
-52.000000
-28.000000
-64.000000
-32.000000
-56.000000
-72.000000
-4.000000
-60.000000
-48.000000
-32.000000
-40.000000
-40.000000
-40.000000
-36.000000
-40.000000
-24.000000
-36.000000
-40.000000
-20.000000
-40.000000
-32.000000
4.000000
-28.000000
-28.000000
-32.000000
-40.000000
-64.000000
-32.000000
-52.000000
-72.000000
-28.000000
-20.000000
-52.000000
-40.000000
-44.000000
-8.000000
-28.000000
-44.000000
-28.000000
-44.000000
-44.000000
-8.000000
-44.000000
-64.000000
-28.000000
-28.000000
-48.000000
-24.000000
-8.000000
-32.000000
-32.000000
-32.000000
-32.000000
-32.000000
-24.000000
-48.000000
-8.000000
-44.000000
-32.000000
-36.000000
4.000000
-24.000000
-36.000000
-16.000000
-20.000000
-16.000000
-52.000000
-40.000000
-32.000000
-28.000000
-36.000000
-36.000000
-72.000000
-76.000000
-60.000000
-48.000000
-44.000000
-60.000000
-36.000000
-56.000000
-32.000000
-36.000000
-32.000000
-20.000000
-20.000000
-44.000000
-44.000000
-16.000000
-64.000000
-16.000000
-44.000000
-48.000000
-24.000000
-36.000000
-16.000000
-48.000000
-28.000000
-40.000000
-44.000000
-32.000000
-24.000000
-8.000000
-28.000000
-8.000000
-20.000000
-24.000000
-36.000000
-28.000000
-48.000000
-48.000000
-28.000000
-36.000000
-36.000000
-40.000000
-48.000000
-32.000000
-40.000000
-52.000000
-52.000000
-56.000000
-32.000000
-64.000000
-80.000000
-56.000000
-60.000000
0.000000
-52.000000
-20.000000
0.000000
0.000000
-24.000000
-16.000000
0.000000
-20.000000
-20.000000
-16.000000
-36.000000
-20.000000
-20.000000
-16.000000
-12.000000
-4.000000
-28.000000
-32.000000
8.000000
-28.000000
-32.000000
-28.000000
-4.000000
-28.000000
-32.000000
-24.000000
-20.000000
-40.000000
-36.000000
-20.000000
-36.000000
-24.000000
-36.000000
-24.000000
-36.000000
-24.000000
-24.000000
-48.000000
-52.000000
-48.000000
-40.000000
-48.000000
-32.000000
-40.000000
-48.000000
-48.000000
-48.000000
-44.000000
-28.000000
-8.000000
-36.000000
-48.000000
-20.000000
-12.000000
-32.000000
-28.000000
-52.000000
-24.000000
-52.000000
-40.000000
-44.000000
-56.000000
-60.000000
-32.000000
-68.000000
-80.000000
-56.000000
-40.000000
-48.000000
-60.000000
-64.000000
-60.000000
-32.000000
-68.000000
-20.000000
-32.000000
-96.000000
-48.000000
-80.000000
-44.000000
-64.000000
-76.000000
-80.000000
-68.000000
-80.000000
-60.000000
-44.000000
-76.000000
-40.000000
-72.000000
-68.000000
-68.000000
-64.000000
-44.000000
-44.000000
-32.000000
-28.000000
-40.000000
-20.000000
-36.000000
-20.000000
-76.000000
-32.000000
-36.000000
-56.000000
-28.000000
-60.000000
-48.000000
-56.000000
-52.000000
-64.000000
-72.000000
-64.000000
-48.000000
-48.000000
-44.000000
-76.000000
-8.000000
-48.000000
-84.000000
-56.000000
-40.000000
-36.000000
-20.000000
-44.000000
-72.000000
-44.000000
-28.000000
-40.000000
-16.000000
-60.000000
-40.000000
-28.000000
-60.000000
-24.000000
-56.000000
-20.000000
-60.000000
-36.000000
-44.000000
-28.000000
-28.000000
-12.000000
4.000000
-12.000000
-8.000000
-28.000000
-40.000000
-12.000000
-36.000000
-32.000000
-84.000000
-44.000000
-20.000000
-52.000000
-24.000000
-48.000000
-36.000000
-36.000000
-32.000000
-40.000000
-40.000000
-32.000000
-28.000000
-32.000000
-24.000000
-44.000000
-28.000000
-28.000000
-36.000000
-40.000000
-12.000000
-24.000000
-24.000000
-16.000000
-32.000000
-32.000000
-40.000000
-12.000000
-32.000000
12.000000
-24.000000
-32.000000
-44.000000
-32.000000
-12.000000
-8.000000
-20.000000
-12.000000
-36.000000
-20.000000
-16.000000
-48.000000
-12.000000
-52.000000
-40.000000
-44.000000
-84.000000
-36.000000
-52.000000
-68.000000
-28.000000
-52.000000
-48.000000
-52.000000
-28.000000
-32.000000
-48.000000
-20.000000
-36.000000
-32.000000
-16.000000
-16.000000
-40.000000
-8.000000
-32.000000
-36.000000
-24.000000
-52.000000
-36.000000
-60.000000
-32.000000
-28.000000
-40.000000
-36.000000
-16.000000
-24.000000
-32.000000
-20.000000
-20.000000
-24.000000
-52.000000
-36.000000
-60.000000
-32.000000
-48.000000
-28.000000
-28.000000
-44.000000
-36.000000
-44.000000
-28.000000
-28.000000
-32.000000
-52.000000
-80.000000
-84.000000
-52.000000
-28.000000
-16.000000
-16.000000
-32.000000
-20.000000
-32.000000
-12.000000
-40.000000
0.000000
-20.000000
-28.000000
12.000000
-28.000000
-8.000000
-12.000000
-20.000000
-24.000000
-8.000000
-16.000000
24.000000
-4.000000
-32.000000
-12.000000
-28.000000
-44.000000
-40.000000
-32.000000
-36.000000
-36.000000
-40.000000
-28.000000
-28.000000
-24.000000
-32.000000
-20.000000
-36.000000
-60.000000
-16.000000
-40.000000
-40.000000
-32.000000
-36.000000
-20.000000
-28.000000
-48.000000
-48.000000
-40.000000
-44.000000
-36.000000
-20.000000
-20.000000
-12.000000
-8.000000
-20.000000
-32.000000
-20.000000
-48.000000
-24.000000
-44.000000
-32.000000
-40.000000
-28.000000
-44.000000
-40.000000
-52.000000
-64.000000
-56.000000
-48.000000
-72.000000
-28.000000
-76.000000
-64.000000
-84.000000
-76.000000
-36.000000
-60.000000
-80.000000
-76.000000
-72.000000
-96.000000
-84.000000
-64.000000
-64.000000
-40.000000
-64.000000
-32.000000
-48.000000
-60.000000
-60.000000
-56.000000
-84.000000
-88.000000
-80.000000
-60.000000
-56.000000
-84.000000
-48.000000
-32.000000
-16.000000
-44.000000
-28.000000
-40.000000
-52.000000
-56.000000
-24.000000
-68.000000
-72.000000
-56.000000
-72.000000
-48.000000
-40.000000
-48.000000
-48.000000
-40.000000
-56.000000
-72.000000
-44.000000
-56.000000
-32.000000
-72.000000
-64.000000
-52.000000
-56.000000
-36.000000
-68.000000
-52.000000
-12.000000
-72.000000
-60.000000
-40.000000
-64.000000
-32.000000
-48.000000
-28.000000
-88.000000
-36.000000
-60.000000
-24.000000
-52.000000
-44.000000
-16.000000
-40.000000
-36.000000
-64.000000
-36.000000
-40.000000
-4.000000
-16.000000
0.000000
-28.000000
-16.000000
-32.000000
-52.000000
-48.000000
-52.000000
-44.000000
-36.000000
-52.000000
-52.000000
-36.000000
-32.000000
-48.000000
-36.000000
-32.000000
-20.000000
-16.000000
-28.000000
-12.000000
-32.000000
-36.000000
-44.000000
-20.000000
-28.000000
-36.000000
-16.000000
-28.000000
-40.000000
-40.000000
-44.000000
-16.000000
-40.000000
-8.000000
-8.000000
-28.000000
-16.000000
-12.000000
-36.000000
-28.000000
-20.000000
-20.000000
-16.000000
-24.000000
-28.000000
-44.000000
-24.000000
-8.000000
-52.000000
-32.000000
-72.000000
-56.000000
-64.000000
-64.000000
-40.000000
-36.000000
-48.000000
-44.000000
-40.000000
-48.000000
-72.000000
-32.000000
-44.000000
-40.000000
-12.000000
-40.000000
-52.000000
-12.000000
-60.000000
-8.000000
-36.000000
-20.000000
-24.000000
-36.000000
-16.000000
-20.000000
-20.000000
-32.000000
-32.000000
-24.000000
-48.000000
-36.000000
-32.000000
-36.000000
-12.000000
-16.000000
-52.000000
-40.000000
-60.000000
-56.000000
-28.000000
-28.000000
-32.000000
-52.000000
-32.000000
-44.000000
