412.000000
688.000000
912.000000
1140.000000
1304.000000
1332.000000
1336.000000
1168.000000
944.000000
616.000000
208.000000
-256.000000
-780.000000
-1220.000000
-1660.000000
-1956.000000
-2176.000000
-2252.000000
-2212.000000
-1972.000000
-1604.000000
-1120.000000
-588.000000
28.000000
608.000000
1164.000000
1588.000000
1932.000000
2168.000000
2204.000000
2076.000000
1840.000000
1476.000000
1064.000000
588.000000
92.000000
-368.000000
-796.000000
-1100.000000
-1292.000000
-1412.000000
-1396.000000
-1332.000000
-1180.000000
-940.000000
-712.000000
-456.000000
-212.000000
-64.000000
-8.000000
-8.000000
-20.000000
-24.000000
-36.000000
-48.000000
-32.000000
-36.000000
-32.000000
-64.000000
-28.000000
-64.000000
-16.000000
-36.000000
-32.000000
-32.000000
-28.000000
-28.000000
-36.000000
-12.000000
-60.000000
-40.000000
-40.000000
-32.000000
-28.000000
-52.000000
-40.000000
-64.000000
-40.000000
-28.000000
-44.000000
-36.000000
-44.000000
-52.000000
-52.000000
-32.000000
-48.000000
-36.000000
-28.000000
-44.000000
-16.000000
-8.000000
-48.000000
-24.000000
4.000000
-32.000000
-24.000000
-40.000000
-40.000000
-32.000000
-56.000000
-52.000000
-52.000000
-52.000000
-52.000000
-52.000000
-40.000000
-76.000000
-60.000000
-60.000000
-60.000000
-52.000000
-76.000000
-84.000000
-72.000000
-56.000000
-52.000000
-80.000000
-76.000000
-60.000000
-56.000000
-64.000000
-40.000000
-56.000000
-60.000000
-64.000000
-44.000000
-36.000000
-60.000000
-64.000000
-64.000000
-32.000000
-88.000000
-72.000000
-56.000000
-80.000000
-24.000000
-60.000000
-4.000000
-28.000000
-48.000000
-40.000000
-12.000000
-48.000000
-52.000000
-44.000000
-52.000000
-60.000000
-36.000000
-44.000000
-48.000000
-48.000000
-32.000000
-60.000000
-52.000000
-52.000000
-64.000000
-72.000000
-48.000000
-40.000000
-60.000000
-44.000000
-64.000000
-20.000000
-68.000000
-16.000000
-40.000000
-56.000000
-36.000000
-60.000000
-48.000000
-40.000000
-40.000000
-20.000000
-48.000000
4.000000
-48.000000
-48.000000
-28.000000
-52.000000
-40.000000
-48.000000
-24.000000
-56.000000
-16.000000
-20.000000
0.000000
8.000000
0.000000
-12.000000
-32.000000
-52.000000
-48.000000
-28.000000
-36.000000
-40.000000
-44.000000
-40.000000
-48.000000
-40.000000
-48.000000
-44.000000
-24.000000
-16.000000
-48.000000
-40.000000
-28.000000
-28.000000
-40.000000
-36.000000
-40.000000
-16.000000
0.000000
-12.000000
-20.000000
-28.000000
-48.000000
-48.000000
-52.000000
-16.000000
-36.000000
-24.000000
-20.000000
-32.000000
-36.000000
-12.000000
-32.000000
0.000000
-8.000000
-12.000000
-32.000000
-12.000000
-28.000000
-36.000000
-4.000000
0.000000
-16.000000
-36.000000
-56.000000
-52.000000
-28.000000
-56.000000
-24.000000
-48.000000
-44.000000
-64.000000
-36.000000
-44.000000
-36.000000
-36.000000
-32.000000
-36.000000
-24.000000
-32.000000
-24.000000
-36.000000
-40.000000
-8.000000
-32.000000
-32.000000
-40.000000
-12.000000
-28.000000
-24.000000
-20.000000
-52.000000
-28.000000
-44.000000
-16.000000
-32.000000
-24.000000
-52.000000
-28.000000
-32.000000
-36.000000
-48.000000
-44.000000
-20.000000
-36.000000
-32.000000
-24.000000
-44.000000
-36.000000
-32.000000
-36.000000
-40.000000
-60.000000
-84.000000
-48.000000
-36.000000
-32.000000
-40.000000
-12.000000
-48.000000
-48.000000
-32.000000
-32.000000
-32.000000
-12.000000
-32.000000
-20.000000
-36.000000
-16.000000
-16.000000
-12.000000
-36.000000
-4.000000
-28.000000
-12.000000
-4.000000
-24.000000
-36.000000
0.000000
-24.000000
-28.000000
4.000000
-8.000000
-24.000000
-24.000000
-16.000000
4.000000
-24.000000
-44.000000
-20.000000
-32.000000
-4.000000
-36.000000
-32.000000
-32.000000
-24.000000
-24.000000
-28.000000
-40.000000
-36.000000
-12.000000
-28.000000
-32.000000
-12.000000
-44.000000
-16.000000
-32.000000
-8.000000
-16.000000
-8.000000
-28.000000
-44.000000
-28.000000
-64.000000
-12.000000
-20.000000
-44.000000
-24.000000
-32.000000
-44.000000
-48.000000
-64.000000
-32.000000
-52.000000
-20.000000
-60.000000
-56.000000
-56.000000
-44.000000
-60.000000
-48.000000
-56.000000
-64.000000
-44.000000
-20.000000
-80.000000
-48.000000
-44.000000
-76.000000
-48.000000
-48.000000
-60.000000
-60.000000
-44.000000
-72.000000
-44.000000
-48.000000
-84.000000
-48.000000
-40.000000
-72.000000
-48.000000
-48.000000
-44.000000
-24.000000
-24.000000
-8.000000
-52.000000
-32.000000
-44.000000
-52.000000
-44.000000
-48.000000
-44.000000
-40.000000
-48.000000
-36.000000
-56.000000
-80.000000
-40.000000
-36.000000
-48.000000
-32.000000
-44.000000
-48.000000
-48.000000
-12.000000
-80.000000
-52.000000
-60.000000
-60.000000
-20.000000
-44.000000
-72.000000
-40.000000
-40.000000
-60.000000
-52.000000
-44.000000
-60.000000
-40.000000
-24.000000
-56.000000
-28.000000
-44.000000
-56.000000
-16.000000
-44.000000
-48.000000
-28.000000
-24.000000
-20.000000
-32.000000
4.000000
4.000000
-12.000000
-20.000000
-32.000000
-48.000000
-32.000000
-36.000000
-12.000000
-44.000000
-12.000000
-28.000000
-44.000000
-28.000000
-28.000000
-28.000000
-24.000000
-48.000000
-20.000000
-24.000000
-36.000000
-32.000000
-32.000000
-44.000000
-28.000000
-16.000000
-20.000000
-8.000000
12.000000
-32.000000
-24.000000
-44.000000
-20.000000
-36.000000
-16.000000
0.000000
-36.000000
-36.000000
-16.000000
-32.000000
-36.000000
-28.000000
-16.000000
-8.000000
-32.000000
-28.000000
4.000000
-24.000000
-20.000000
-20.000000
-24.000000
-48.000000
-20.000000
-52.000000
-24.000000
-56.000000
-68.000000
-24.000000
-32.000000
-32.000000
-16.000000
-12.000000
-36.000000
-36.000000
-8.000000
-28.000000
-28.000000
-20.000000
-20.000000
-20.000000
-36.000000
-36.000000
-36.000000
-32.000000
-8.000000
-32.000000
-28.000000
-24.000000
-24.000000
-12.000000
-12.000000
-28.000000
-16.000000
-20.000000
-28.000000
-48.000000
-32.000000
-16.000000
-28.000000
-20.000000
-32.000000
-20.000000
-24.000000
-28.000000
-32.000000
-16.000000
-36.000000
-32.000000
-56.000000
-76.000000
-80.000000
-72.000000
-28.000000
-40.000000
-44.000000
-44.000000
-12.000000
-28.000000
-44.000000
-12.000000
-12.000000
-20.000000
-28.000000
-28.000000
-24.000000
-28.000000
-12.000000
-8.000000
0.000000
-28.000000
-12.000000
-16.000000
-16.000000
-24.000000
-24.000000
-28.000000
-16.000000
8.000000
-28.000000
-20.000000
-24.000000
-16.000000
-20.000000
-12.000000
-40.000000
-40.000000
-16.000000
-24.000000
-40.000000
-48.000000
-36.000000
-52.000000
-32.000000
-36.000000
-36.000000
-24.000000
-32.000000
-20.000000
-48.000000
-40.000000
-24.000000
-44.000000
-40.000000
-32.000000
-32.000000
-24.000000
0.000000
-12.000000
-12.000000
-16.000000
-32.000000
-36.000000
-16.000000
-64.000000
-28.000000
-56.000000
-48.000000
-40.000000
-52.000000
-40.000000
-44.000000
-48.000000
-44.000000
-60.000000
-16.000000
-36.000000
-48.000000
-72.000000
-76.000000
-64.000000
-80.000000
-80.000000
-88.000000
-40.000000
-40.000000
-72.000000
-32.000000
-60.000000
-76.000000
-32.000000
-60.000000
-68.000000
-40.000000
-48.000000
-64.000000
-24.000000
-72.000000
-56.000000
-88.000000
-32.000000
-16.000000
-20.000000
-4.000000
0.000000
-68.000000
-32.000000
-44.000000
-60.000000
-48.000000
-40.000000
-48.000000
-48.000000
-68.000000
-40.000000
-48.000000
-60.000000
-52.000000
-52.000000
-64.000000
-32.000000
-56.000000
-48.000000
-44.000000
-32.000000
-32.000000
-48.000000
-56.000000
-48.000000
-32.000000
-72.000000
-40.000000
-48.000000
-76.000000
-36.000000
-60.000000
-16.000000
-60.000000
-20.000000
-64.000000
-28.000000
-28.000000
-48.000000
-36.000000
-36.000000
-64.000000
-44.000000
-36.000000
-36.000000
-40.000000
4.000000
-44.000000
16.000000
-36.000000
-44.000000
-24.000000
-44.000000
-32.000000
-44.000000
-56.000000
-28.000000
-24.000000
-32.000000
-56.000000
-24.000000
-48.000000
-40.000000
-24.000000
-64.000000
-36.000000
-40.000000
-28.000000
-28.000000
-32.000000
-28.000000
-24.000000
-48.000000
-44.000000
-32.000000
-40.000000
-36.000000
-48.000000
-24.000000
-40.000000
-28.000000
-32.000000
-20.000000
-48.000000
-16.000000
-40.000000
-48.000000
-24.000000
-24.000000
-48.000000
-16.000000
-16.000000
-20.000000
0.000000
-24.000000
-16.000000
-32.000000
-56.000000
-44.000000
-64.000000
-48.000000
-52.000000
-64.000000
-64.000000
-36.000000
-40.000000
-44.000000
-52.000000
-44.000000
-32.000000
-52.000000
-48.000000
-36.000000
-28.000000
-24.000000
-24.000000
0.000000
-48.000000
0.000000
-28.000000
-20.000000
-16.000000
-32.000000
-32.000000
0.000000
-28.000000
-48.000000
-28.000000
-28.000000
-12.000000
-32.000000
-20.000000
-44.000000
-44.000000
-28.000000
-28.000000
-12.000000
-20.000000
-24.000000
-32.000000
-20.000000
-44.000000
-40.000000
-28.000000
-40.000000
-32.000000
-48.000000
-44.000000
-64.000000
-60.000000
-52.000000
-24.000000
-16.000000
-12.000000
-8.000000
-8.000000
12.000000
-24.000000
-16.000000
-20.000000
4.000000
4.000000
4.000000
-4.000000
0.000000
-16.000000
0.000000
-40.000000
-12.000000
-32.000000
-32.000000
-48.000000
-32.000000
-32.000000
-36.000000
-8.000000
-20.000000
-20.000000
-36.000000
-32.000000
-32.000000
-20.000000
-48.000000
-12.000000
-28.000000
-52.000000
-24.000000
-36.000000
-52.000000
-24.000000
-48.000000
-32.000000
-28.000000
-40.000000
-44.000000
-36.000000
-24.000000
-52.000000
-48.000000
-20.000000
0.000000
-24.000000
-24.000000
-8.000000
-24.000000
-68.000000
-20.000000
-32.000000
-36.000000
-36.000000
-44.000000
-48.000000
-36.000000
-32.000000
-48.000000
-48.000000
-64.000000
-48.000000
-40.000000
-48.000000
-32.000000
-72.000000
-72.000000
-48.000000
-48.000000
-60.000000
-44.000000
-64.000000
-36.000000
-52.000000
-36.000000
-56.000000
-40.000000
-60.000000
-48.000000
-72.000000
-16.000000
-56.000000
-72.000000
-48.000000
-64.000000
-60.000000
-40.000000
-72.000000
-28.000000
-76.000000
-48.000000
-32.000000
-12.000000
-44.000000
-40.000000
-32.000000
-60.000000
-28.000000
-20.000000
-84.000000
-52.000000
-44.000000
-64.000000
-48.000000
-40.000000
-24.000000
-72.000000
-68.000000
-68.000000
-44.000000
-56.000000
-48.000000
-56.000000
-48.000000
-68.000000
-40.000000
-32.000000
-60.000000
-40.000000
-60.000000
-32.000000
-48.000000
-28.000000
-48.000000
-28.000000
-56.000000
-40.000000
-32.000000
-32.000000
-32.000000
-44.000000
-24.000000
-76.000000
-20.000000
-60.000000
-32.000000
-48.000000
-48.000000
-24.000000
-28.000000
-28.000000
-8.000000
-8.000000
-32.000000
-24.000000
-52.000000
-52.000000
-24.000000
-32.000000
-40.000000
-56.000000
-44.000000
-28.000000
-28.000000
-44.000000
-40.000000
-44.000000
-44.000000
-36.000000
-36.000000
-36.000000
-52.000000
-16.000000
-32.000000
-12.000000
-36.000000
-28.000000
-32.000000
-32.000000
-20.000000
-8.000000
-8.000000
-32.000000
-28.000000
-24.000000
-28.000000
-68.000000
-44.000000
-16.000000
-12.000000
-36.000000
-32.000000
-76.000000
-16.000000
-16.000000
-48.000000
-24.000000
-28.000000
-20.000000
-8.000000
-40.000000
-56.000000
-36.000000
-72.000000
-40.000000
-48.000000
-60.000000
-44.000000
-44.000000
-52.000000
-32.000000
-32.000000
-48.000000
-32.000000
-52.000000
-28.000000
-36.000000
-48.000000
-24.000000
-40.000000
-32.000000
-20.000000
-28.000000
-44.000000
-28.000000
-4.000000
-24.000000
-16.000000
-40.000000
-52.000000
-20.000000
-44.000000
-36.000000
-16.000000
-32.000000
-44.000000
-36.000000
-24.000000
-16.000000
-44.000000
-36.000000
-28.000000
-48.000000
-32.000000
-52.000000
-36.000000
-36.000000
-20.000000
-44.000000
-48.000000
-68.000000
-40.000000
-60.000000
-68.000000
-32.000000
-40.000000
-12.000000
-48.000000
0.000000
-12.000000
0.000000
4.000000
4.000000
-24.000000
-8.000000
-16.000000
-16.000000
-16.000000
-8.000000
-40.000000
-28.000000
-36.000000
-28.000000
-28.000000
-8.000000
-48.000000
-16.000000
-28.000000
-28.000000
-24.000000
-28.000000
-16.000000
-36.000000
-36.000000
-40.000000
-36.000000
-16.000000
-36.000000
-48.000000
-36.000000
-24.000000
-24.000000
-44.000000
-32.000000
-24.000000
-28.000000
-28.000000
-32.000000
-16.000000
-36.000000
-32.000000
-16.000000
-36.000000
-44.000000
-32.000000
-16.000000
-32.000000
-8.000000
-36.000000
-20.000000
-28.000000
-24.000000
-12.000000
-48.000000
-32.000000
-44.000000
-44.000000
-40.000000
-32.000000
-64.000000
-32.000000
-32.000000
-76.000000
-76.000000
-60.000000
-48.000000
-56.000000
-60.000000
-72.000000
-48.000000
-68.000000
-60.000000
-44.000000
-76.000000
-48.000000
-76.000000
-68.000000
-72.000000
-40.000000
-56.000000
-80.000000
-32.000000
-60.000000
-72.000000
-48.000000
-76.000000
-68.000000
-60.000000
-48.000000
-52.000000
-28.000000
-36.000000
-24.000000
-68.000000
-12.000000
-56.000000
-68.000000
-36.000000
-64.000000
-32.000000
-32.000000
-52.000000
-40.000000
-48.000000
-40.000000
-56.000000
-48.000000
-48.000000
-68.000000
-52.000000
-60.000000
-8.000000
-68.000000
-56.000000
-44.000000
-52.000000
-56.000000
-56.000000
-40.000000
-52.000000
-20.000000
-32.000000
-64.000000
-24.000000
-44.000000
-48.000000
-8.000000
-48.000000
-20.000000
-44.000000
-56.000000
-24.000000
-40.000000
-52.000000
-8.000000
-44.000000
-12.000000
-28.000000
-20.000000
-20.000000
-28.000000
0.000000
-12.000000
-28.000000
-16.000000
-4.000000
-16.000000
-8.000000
-60.000000
-40.000000
-24.000000
-36.000000
-36.000000
-36.000000
-36.000000
-28.000000
-16.000000
-32.000000
-28.000000
-24.000000
-32.000000
-24.000000
-16.000000
-48.000000
-12.000000
-48.000000
-32.000000
-24.000000
-24.000000
-36.000000
-40.000000
-28.000000
-24.000000
-16.000000
-28.000000
-28.000000
-32.000000
-24.000000
-20.000000
-8.000000
-20.000000
-20.000000
-24.000000
-28.000000
4.000000
-32.000000
-24.000000
-40.000000
-40.000000
-32.000000
-64.000000
-20.000000
-84.000000
-68.000000
-64.000000
-24.000000
-48.000000
-28.000000
-48.000000
-40.000000
-20.000000
-32.000000
8.000000
-52.000000
-20.000000
-60.000000
-16.000000
-24.000000
-40.000000
-36.000000
-52.000000
-28.000000
-48.000000
-12.000000
-24.000000
-20.000000
-52.000000
-32.000000
-48.000000
-8.000000
-32.000000
-48.000000
-48.000000
-24.000000
-44.000000
-36.000000
-28.000000
-28.000000
-32.000000
-28.000000
-36.000000
-28.000000
-44.000000
-32.000000
-32.000000
-52.000000
-28.000000
-16.000000
-32.000000
-12.000000
-32.000000
-72.000000
-28.000000
-48.000000
-56.000000
-16.000000
-48.000000
-24.000000
-4.000000
-12.000000
-8.000000
-4.000000
-16.000000
12.000000
-12.000000
4.000000
4.000000
-16.000000
-44.000000
-40.000000
-8.000000
-12.000000
-16.000000
-28.000000
-4.000000
-16.000000
-12.000000
0.000000
-36.000000
-28.000000
-28.000000
-40.000000
-24.000000
-32.000000
-44.000000
-16.000000
-24.000000
-48.000000
-36.000000
-4.000000
-48.000000
-24.000000
-28.000000
-24.000000
-32.000000
-40.000000
-32.000000
-36.000000
-48.000000
-32.000000
-40.000000
-28.000000
-24.000000
-44.000000
-16.000000
-28.000000
-20.000000
8.000000
-12.000000
-4.000000
-32.000000
0.000000
-44.000000
-28.000000
-56.000000
-40.000000
-16.000000
-48.000000
-36.000000
-32.000000
-44.000000
-40.000000
-36.000000
-48.000000
-64.000000
-72.000000
-60.000000
-60.000000
-48.000000
-80.000000
-60.000000
-48.000000
-48.000000
-84.000000
-64.000000
-56.000000
-64.000000
-72.000000
-24.000000
-80.000000
-56.000000
-32.000000
-56.000000
-44.000000
-44.000000
-76.000000
-24.000000
-76.000000
-56.000000
-52.000000
-48.000000
-40.000000
-44.000000
-52.000000
-32.000000
-24.000000
-48.000000
-32.000000
-56.000000
-60.000000
-60.000000
-36.000000
-56.000000
-64.000000
-40.000000
-48.000000
-24.000000
-72.000000
-40.000000
-68.000000
-56.000000
-60.000000
-64.000000
-52.000000
-52.000000
-40.000000
-32.000000
-40.000000
-56.000000
-52.000000
-32.000000
-60.000000
-44.000000
-76.000000
-40.000000
-48.000000
-32.000000
-32.000000
-36.000000
-52.000000
-40.000000
-20.000000
-28.000000
-28.000000
-56.000000
-16.000000
-44.000000
-28.000000
-44.000000
-20.000000
-20.000000
-24.000000
-12.000000
-32.000000
-24.000000
-32.000000
-48.000000
-20.000000
-60.000000
-64.000000
-48.000000
-40.000000
-20.000000
-44.000000
-44.000000
-40.000000
-32.000000
-60.000000
-36.000000
-20.000000
-32.000000
-28.000000
-40.000000
-12.000000
-36.000000
-16.000000
-24.000000
-12.000000
-16.000000
-48.000000
-32.000000
-12.000000
-48.000000
-48.000000
-16.000000
-28.000000
-16.000000
-28.000000
-20.000000
-28.000000
-36.000000
0.000000
-24.000000
-12.000000
-16.000000
0.000000
-8.000000
-20.000000
-48.000000
-24.000000
-16.000000
-56.000000
-64.000000
-40.000000
-56.000000
-72.000000
-44.000000
-60.000000
-44.000000
-48.000000
-56.000000
-40.000000
-36.000000
-36.000000
-36.000000
-36.000000
-20.000000
-36.000000
-36.000000
-20.000000
-20.000000
-20.000000
4.000000
-40.000000
-44.000000
-24.000000
-56.000000
-16.000000
-44.000000
-44.000000
0.000000
-36.000000
-52.000000
-24.000000
-44.000000
-36.000000
-16.000000
-52.000000
-32.000000
-40.000000
-52.000000
-32.000000
-28.000000
-48.000000
-28.000000
-44.000000
-40.000000
-40.000000
-28.000000
-40.000000
-84.000000
-64.000000
-40.000000
-64.000000
-28.000000
-32.000000
-24.000000
-24.000000
-8.000000
-32.000000
12.000000
12.000000
-12.000000
-32.000000
-12.000000
-20.000000
-28.000000
-16.000000
-20.000000
-24.000000
-16.000000
-20.000000
-16.000000
-28.000000
-24.000000
-36.000000
-36.000000
-20.000000
-32.000000
-12.000000
-12.000000
-4.000000
-32.000000
-4.000000
-16.000000
-36.000000
-44.000000
-44.000000
-32.000000
-44.000000
-20.000000
-36.000000
-32.000000
-60.000000
-44.000000
-24.000000
-28.000000
-28.000000
-64.000000
-44.000000
-56.000000
-28.000000
-60.000000
-24.000000
-40.000000
-48.000000
-12.000000
-12.000000
0.000000
-28.000000
-16.000000
-40.000000
-36.000000
-32.000000
-48.000000
-44.000000
-72.000000
-48.000000
-56.000000
-36.000000
-48.000000
-60.000000
-36.000000
-48.000000
-64.000000
-52.000000
-56.000000
-84.000000
-64.000000
-68.000000
-68.000000
-44.000000
-68.000000
-44.000000
-72.000000
-64.000000
-72.000000
-88.000000
-64.000000
-64.000000
-64.000000
-56.000000
-16.000000
-52.000000
-96.000000
-72.000000
-60.000000
-56.000000
-68.000000
-60.000000
-24.000000
-16.000000
-16.000000
-20.000000
-28.000000
-52.000000
-40.000000
-60.000000
-72.000000
-48.000000
-60.000000
-40.000000
-84.000000
-60.000000
-60.000000
-60.000000
-76.000000
-52.000000
-68.000000
-60.000000
-64.000000
-72.000000
-44.000000
-72.000000
-20.000000
-60.000000
-56.000000
-56.000000
-52.000000
-64.000000
-40.000000
-36.000000
-36.000000
-44.000000
-80.000000
-24.000000
-36.000000
-16.000000
-44.000000
-44.000000
-52.000000
-24.000000
-36.000000
-16.000000
-68.000000
-60.000000
-36.000000
-36.000000
-48.000000
-32.000000
-4.000000
-32.000000
-16.000000
-16.000000
-32.000000
-32.000000
-24.000000
-44.000000
-40.000000
-28.000000
-48.000000
-48.000000
-48.000000
-36.000000
-48.000000
-52.000000
-48.000000
-24.000000
-32.000000
-40.000000
-52.000000
-56.000000
-24.000000
-28.000000
-24.000000
-24.000000
-24.000000
-12.000000
-36.000000
-16.000000
-36.000000
-40.000000
-44.000000
-32.000000
-28.000000
-28.000000
-32.000000
-20.000000
-20.000000
-24.000000
-28.000000
-16.000000
-28.000000
-28.000000
-16.000000
-24.000000
-20.000000
-44.000000
-24.000000
-48.000000
0.000000
-52.000000
-72.000000
-36.000000
-72.000000
-68.000000
-56.000000
-76.000000
-48.000000
-64.000000
-40.000000
-40.000000
-44.000000
-40.000000
-24.000000
-28.000000
-36.000000
-24.000000
-36.000000
-36.000000
-32.000000
-32.000000
-44.000000
-16.000000
-12.000000
-32.000000
-32.000000
-24.000000
-36.000000
-24.000000
-16.000000
-40.000000
-24.000000
-12.000000
-24.000000
-4.000000
-12.000000
-8.000000
-44.000000
-24.000000
-20.000000
-40.000000
-48.000000
-16.000000
-40.000000
-40.000000
-52.000000
-24.000000
-52.000000
-48.000000
-44.000000
-44.000000
-40.000000
-60.000000
-56.000000
-44.000000
-64.000000
-16.000000
-28.000000
0.000000
-12.000000
-20.000000
-24.000000
0.000000
-20.000000
-12.000000
-12.000000
-16.000000
-16.000000
-48.000000
-24.000000
-40.000000
-12.000000
-16.000000
-20.000000
-36.000000
12.000000
-60.000000
-12.000000
-24.000000
-24.000000
-12.000000
-36.000000
-36.000000
-12.000000
-28.000000
-32.000000
-12.000000
-32.000000
-48.000000
-12.000000
-32.000000
-24.000000
-40.000000
-48.000000
-40.000000
-40.000000
-36.000000
-48.000000
-64.000000
-40.000000
-36.000000
-32.000000
-20.000000
-32.000000
-8.000000
-8.000000
-28.000000
-12.000000
-32.000000
0.000000
-40.000000
-16.000000
-44.000000
-44.000000
-32.000000
-48.000000
-44.000000
-64.000000
-64.000000
-48.000000
-64.000000
-64.000000
-56.000000
-52.000000
-40.000000
-76.000000
-88.000000
-80.000000
-68.000000
-52.000000
-52.000000
-88.000000
-60.000000
-64.000000
-72.000000
-56.000000
-64.000000
-72.000000
-48.000000
-52.000000
-36.000000
-52.000000
-72.000000
-60.000000
-68.000000
-68.000000
-68.000000
-68.000000
-64.000000
-76.000000
-52.000000
-32.000000
-28.000000
-40.000000
-32.000000
-60.000000
-40.000000
-52.000000
-84.000000
-60.000000
-60.000000
-40.000000
-48.000000
-48.000000
-40.000000
-80.000000
-44.000000
-44.000000
-64.000000
-72.000000
-52.000000
-44.000000
-48.000000
-52.000000
-24.000000
-80.000000
-32.000000
-56.000000
-52.000000
-40.000000
-40.000000
-44.000000
-36.000000
-32.000000
-40.000000
-56.000000
-52.000000
-32.000000
-32.000000
-28.000000
-24.000000
-64.000000
-24.000000
-44.000000
-32.000000
-52.000000
-48.000000
-24.000000
-28.000000
-24.000000
-20.000000
-4.000000
-36.000000
-16.000000
-52.000000
-20.000000
-52.000000
-52.000000
-52.000000
-44.000000
-32.000000
-32.000000
-28.000000
-24.000000
-36.000000
-32.000000
-24.000000
-48.000000
-40.000000
-28.000000
-32.000000
-32.000000
-16.000000
-36.000000
-16.000000
-20.000000
-20.000000
-8.000000
-28.000000
-36.000000
-40.000000
-36.000000
-24.000000
-16.000000
-28.000000
-28.000000
-4.000000
-12.000000
-36.000000
-28.000000
0.000000
-8.000000
-44.000000
-8.000000
-24.000000
-20.000000
-56.000000
-32.000000
-44.000000
-32.000000
-52.000000
-80.000000
-64.000000
-92.000000
-64.000000
-68.000000
-28.000000
-44.000000
-52.000000
-48.000000
-28.000000
-36.000000
-28.000000
-28.000000
-36.000000
-40.000000
-28.000000
-48.000000
-44.000000
-32.000000
-28.000000
-40.000000
-32.000000
-16.000000
-24.000000
-24.000000
-28.000000
-28.000000
-20.000000
-32.000000
-36.000000
-24.000000
-48.000000
-28.000000
-28.000000
-60.000000
-36.000000
-48.000000
-40.000000
-8.000000
-36.000000
-36.000000
-36.000000
-64.000000
-24.000000
-44.000000
-60.000000
-64.000000
-52.000000
-64.000000
-68.000000
-44.000000
-24.000000
-48.000000
-40.000000
-36.000000
-12.000000
-12.000000
-12.000000
-32.000000
-4.000000
-16.000000
