516.000000
804.000000
1024.000000
1200.000000
1308.000000
1344.000000
1248.000000
1064.000000
800.000000
436.000000
4.000000
-476.000000
-940.000000
-1412.000000
-1780.000000
-2060.000000
-2212.000000
-2216.000000
-2080.000000
-1812.000000
-1408.000000
-892.000000
-308.000000
280.000000
852.000000
1348.000000
1788.000000
2056.000000
2216.000000
2180.000000
2004.000000
1712.000000
1336.000000
880.000000
396.000000
-96.000000
-496.000000
-908.000000
-1168.000000
-1344.000000
-1392.000000
-1364.000000
-1264.000000
-1072.000000
-876.000000
-600.000000
-360.000000
-156.000000
-48.000000
-16.000000
-8.000000
-28.000000
-40.000000
-52.000000
-36.000000
-48.000000
-44.000000
-36.000000
-64.000000
-24.000000
-44.000000
-20.000000
-20.000000
0.000000
-16.000000
-28.000000
-40.000000
-24.000000
-28.000000
-48.000000
-28.000000
-32.000000
-56.000000
-20.000000
-52.000000
-48.000000
-56.000000
-68.000000
-72.000000
-60.000000
-80.000000
-48.000000
-56.000000
-88.000000
-72.000000
-68.000000
-64.000000
-36.000000
-84.000000
-64.000000
-60.000000
-60.000000
-76.000000
-52.000000
-60.000000
-80.000000
-64.000000
-64.000000
-80.000000
-56.000000
-84.000000
-76.000000
-84.000000
-60.000000
-60.000000
-60.000000
-68.000000
-28.000000
-28.000000
-20.000000
-16.000000
-16.000000
-48.000000
-48.000000
-52.000000
-48.000000
-44.000000
-40.000000
-60.000000
-32.000000
-44.000000
-52.000000
-80.000000
-48.000000
-36.000000
-52.000000
-48.000000
-60.000000
-28.000000
-64.000000
-56.000000
-56.000000
-60.000000
-44.000000
-56.000000
-32.000000
-48.000000
-36.000000
-36.000000
-8.000000
-44.000000
-52.000000
-32.000000
-64.000000
-36.000000
-44.000000
-32.000000
-76.000000
-24.000000
-40.000000
-28.000000
-32.000000
-48.000000
-40.000000
-40.000000
-48.000000
-24.000000
-8.000000
-8.000000
-8.000000
-32.000000
-20.000000
-40.000000
-48.000000
-16.000000
-60.000000
-24.000000
-80.000000
-32.000000
-48.000000
-52.000000
-32.000000
-8.000000
-24.000000
-36.000000
-52.000000
-20.000000
-40.000000
-20.000000
-32.000000
-36.000000
-32.000000
-24.000000
-12.000000
-40.000000
-16.000000
-24.000000
-12.000000
-20.000000
-44.000000
-16.000000
-20.000000
-32.000000
-40.000000
0.000000
-12.000000
-24.000000
-36.000000
-24.000000
-8.000000
-12.000000
-48.000000
-28.000000
-20.000000
-24.000000
-24.000000
-36.000000
-40.000000
-60.000000
-60.000000
-68.000000
-76.000000
-72.000000
-56.000000
-68.000000
-44.000000
-40.000000
-52.000000
-24.000000
-36.000000
-32.000000
-20.000000
-20.000000
-44.000000
-12.000000
-36.000000
-12.000000
-12.000000
-36.000000
-28.000000
-20.000000
-36.000000
-8.000000
-20.000000
-36.000000
-44.000000
-16.000000
-48.000000
-24.000000
-28.000000
-28.000000
-40.000000
-32.000000
-32.000000
-68.000000
-24.000000
-12.000000
-32.000000
-28.000000
-36.000000
-28.000000
-48.000000
-40.000000
-44.000000
-24.000000
-44.000000
-48.000000
-64.000000
-36.000000
-84.000000
-48.000000
-48.000000
-32.000000
-52.000000
-16.000000
-12.000000
0.000000
-8.000000
-4.000000
0.000000
0.000000
-16.000000
-16.000000
-20.000000
-40.000000
-8.000000
-32.000000
-12.000000
-12.000000
-24.000000
-40.000000
-16.000000
-24.000000
-8.000000
-20.000000
0.000000
-24.000000
-24.000000
0.000000
-24.000000
-36.000000
-44.000000
-20.000000
-24.000000
-28.000000
-28.000000
-44.000000
-32.000000
-36.000000
-40.000000
-24.000000
-36.000000
-44.000000
-32.000000
-28.000000
-36.000000
-40.000000
-36.000000
-48.000000
-28.000000
-28.000000
-20.000000
-32.000000
4.000000
-24.000000
-24.000000
-8.000000
-36.000000
-16.000000
-20.000000
-60.000000
-52.000000
-52.000000
-36.000000
-36.000000
-40.000000
-36.000000
-56.000000
-44.000000
-52.000000
-52.000000
-60.000000
-68.000000
-52.000000
-72.000000
-80.000000
-60.000000
-56.000000
-48.000000
-104.000000
-60.000000
-68.000000
-64.000000
-32.000000
-64.000000
-88.000000
-72.000000
-88.000000
-80.000000
-72.000000
-76.000000
-24.000000
-52.000000
-40.000000
-76.000000
-88.000000
-72.000000
-44.000000
-16.000000
0.000000
-16.000000
-32.000000
-16.000000
-40.000000
-44.000000
-68.000000
-52.000000
-72.000000
-52.000000
-44.000000
-40.000000
-72.000000
-68.000000
-68.000000
-64.000000
-40.000000
-60.000000
-52.000000
-60.000000
-60.000000
-52.000000
-36.000000
-64.000000
-44.000000
-52.000000
-48.000000
-40.000000
-36.000000
-56.000000
-72.000000
-52.000000
-48.000000
-52.000000
-36.000000
-52.000000
-24.000000
-44.000000
-36.000000
-36.000000
-40.000000
-52.000000
-32.000000
-32.000000
-36.000000
-20.000000
-36.000000
-20.000000
-28.000000
-4.000000
-24.000000
-40.000000
-8.000000
-20.000000
-48.000000
-32.000000
-48.000000
-36.000000
-60.000000
-28.000000
-44.000000
-60.000000
-56.000000
-32.000000
-40.000000
-12.000000
-32.000000
-40.000000
-28.000000
-32.000000
-28.000000
-32.000000
-48.000000
-16.000000
-28.000000
-24.000000
-20.000000
-32.000000
-24.000000
-28.000000
-48.000000
-12.000000
-28.000000
-36.000000
0.000000
8.000000
-20.000000
-36.000000
-8.000000
-24.000000
-16.000000
-20.000000
-20.000000
4.000000
-16.000000
-24.000000
-40.000000
-24.000000
-16.000000
-56.000000
-40.000000
-68.000000
-44.000000
-32.000000
-64.000000
-40.000000
-56.000000
-36.000000
-28.000000
-48.000000
-36.000000
-20.000000
-8.000000
-28.000000
-32.000000
-32.000000
-4.000000
-20.000000
-16.000000
-8.000000
-16.000000
-16.000000
-28.000000
8.000000
-44.000000
-20.000000
-16.000000
-48.000000
-28.000000
-8.000000
-32.000000
8.000000
-44.000000
-28.000000
-24.000000
-16.000000
-44.000000
-12.000000
-32.000000
-32.000000
-16.000000
-48.000000
-36.000000
-36.000000
-24.000000
-40.000000
-44.000000
-32.000000
-52.000000
-80.000000
-68.000000
-40.000000
-40.000000
-48.000000
-40.000000
-28.000000
0.000000
-16.000000
0.000000
-4.000000
-16.000000
-12.000000
-24.000000
4.000000
4.000000
-32.000000
-16.000000
4.000000
4.000000
-24.000000
-32.000000
-16.000000
-16.000000
-44.000000
-16.000000
-20.000000
-20.000000
-44.000000
-24.000000
-12.000000
-20.000000
-24.000000
-28.000000
-4.000000
-28.000000
-16.000000
-24.000000
-16.000000
-32.000000
-28.000000
-12.000000
-20.000000
-24.000000
-28.000000
-32.000000
-24.000000
-12.000000
-36.000000
-16.000000
-44.000000
-20.000000
-32.000000
-24.000000
-16.000000
-44.000000
8.000000
-16.000000
-40.000000
-8.000000
-12.000000
-36.000000
4.000000
-40.000000
-56.000000
-8.000000
-60.000000
-48.000000
-60.000000
-44.000000
-40.000000
-56.000000
-44.000000
-52.000000
-56.000000
-44.000000
-44.000000
-48.000000
-68.000000
-72.000000
-64.000000
-44.000000
-44.000000
-52.000000
-32.000000
-52.000000
-72.000000
-68.000000
-72.000000
-60.000000
-76.000000
-52.000000
-72.000000
-64.000000
-76.000000
-64.000000
-64.000000
-68.000000
-68.000000
-48.000000
-16.000000
-8.000000
-28.000000
-20.000000
-20.000000
-56.000000
-44.000000
-64.000000
-40.000000
-32.000000
-28.000000
-40.000000
-32.000000
-68.000000
-44.000000
-48.000000
-44.000000
-60.000000
-44.000000
-76.000000
-56.000000
-52.000000
-56.000000
-12.000000
-20.000000
-40.000000
-80.000000
-28.000000
-20.000000
-52.000000
-48.000000
-36.000000
-48.000000
-20.000000
-56.000000
-48.000000
-24.000000
-60.000000
-20.000000
0.000000
-28.000000
-24.000000
-28.000000
-36.000000
-32.000000
-20.000000
-44.000000
-44.000000
-16.000000
4.000000
0.000000
0.000000
-28.000000
-36.000000
-12.000000
-44.000000
-4.000000
-24.000000
-48.000000
-48.000000
-48.000000
-32.000000
-32.000000
-24.000000
-36.000000
-28.000000
-16.000000
-32.000000
-24.000000
-24.000000
-28.000000
-24.000000
-44.000000
-32.000000
-48.000000
0.000000
-28.000000
-8.000000
-20.000000
-20.000000
-36.000000
-28.000000
-20.000000
-12.000000
-16.000000
-16.000000
-20.000000
-12.000000
-48.000000
-12.000000
-24.000000
-24.000000
-20.000000
-16.000000
-8.000000
-8.000000
-20.000000
-20.000000
-16.000000
-12.000000
-40.000000
-36.000000
-72.000000
-48.000000
-32.000000
-72.000000
-36.000000
-44.000000
-52.000000
-16.000000
-32.000000
-28.000000
-36.000000
-24.000000
-48.000000
-16.000000
-24.000000
-24.000000
-24.000000
-44.000000
0.000000
-48.000000
-16.000000
-36.000000
-20.000000
-40.000000
-16.000000
-16.000000
-40.000000
-16.000000
-12.000000
-16.000000
-12.000000
-20.000000
-32.000000
-20.000000
-24.000000
-16.000000
-28.000000
-12.000000
-36.000000
-24.000000
-24.000000
-28.000000
-20.000000
-12.000000
-20.000000
-28.000000
-48.000000
-44.000000
-76.000000
-48.000000
-32.000000
-56.000000
-44.000000
-36.000000
-36.000000
-12.000000
-24.000000
-12.000000
-8.000000
-12.000000
12.000000
0.000000
-8.000000
0.000000
-28.000000
32.000000
-12.000000
-8.000000
-16.000000
-16.000000
-4.000000
-12.000000
-16.000000
4.000000
-20.000000
-16.000000
-8.000000
-44.000000
-12.000000
0.000000
-24.000000
-16.000000
-32.000000
-8.000000
-24.000000
-28.000000
-28.000000
-12.000000
-20.000000
-28.000000
-32.000000
-32.000000
-40.000000
-32.000000
-16.000000
-36.000000
-16.000000
-12.000000
-44.000000
-12.000000
-32.000000
-36.000000
-20.000000
-12.000000
-20.000000
-12.000000
-20.000000
-36.000000
0.000000
-36.000000
-24.000000
-12.000000
-52.000000
-44.000000
-48.000000
-64.000000
-56.000000
-52.000000
-52.000000
-52.000000
-52.000000
-48.000000
-56.000000
-52.000000
-72.000000
-64.000000
-64.000000
-64.000000
-52.000000
-68.000000
-28.000000
-24.000000
-52.000000
-52.000000
-60.000000
-64.000000
-92.000000
-88.000000
-72.000000
-64.000000
-64.000000
-56.000000
-52.000000
-52.000000
-72.000000
-48.000000
-48.000000
-52.000000
-24.000000
-20.000000
-8.000000
-28.000000
-44.000000
-40.000000
-36.000000
-60.000000
-64.000000
-56.000000
-88.000000
-36.000000
-64.000000
-64.000000
-28.000000
-44.000000
-48.000000
-48.000000
-48.000000
-88.000000
-52.000000
-48.000000
-52.000000
-36.000000
-76.000000
-56.000000
-52.000000
-40.000000
-52.000000
-56.000000
-48.000000
-36.000000
-60.000000
-40.000000
-52.000000
-16.000000
-40.000000
-36.000000
-80.000000
-52.000000
-28.000000
-16.000000
-40.000000
-48.000000
-32.000000
-52.000000
-12.000000
-52.000000
-44.000000
8.000000
-20.000000
-12.000000
-8.000000
-24.000000
-28.000000
-36.000000
-36.000000
-52.000000
-32.000000
-28.000000
-48.000000
-4.000000
-52.000000
-44.000000
-36.000000
-40.000000
-40.000000
-24.000000
-44.000000
-40.000000
-20.000000
-32.000000
-8.000000
-36.000000
8.000000
-16.000000
-16.000000
-16.000000
-40.000000
-28.000000
-16.000000
-28.000000
-32.000000
-28.000000
-28.000000
-8.000000
-20.000000
-36.000000
-36.000000
-24.000000
-8.000000
-20.000000
-32.000000
-28.000000
-24.000000
-8.000000
-8.000000
-12.000000
-24.000000
-8.000000
-60.000000
-44.000000
-68.000000
-48.000000
-52.000000
-84.000000
-60.000000
-72.000000
-52.000000
-52.000000
-64.000000
-44.000000
-40.000000
-28.000000
-52.000000
-36.000000
-36.000000
-36.000000
-28.000000
-8.000000
-24.000000
-24.000000
-24.000000
-40.000000
-28.000000
-16.000000
-24.000000
-20.000000
-40.000000
-32.000000
-8.000000
0.000000
12.000000
-28.000000
-32.000000
-24.000000
-36.000000
-12.000000
-16.000000
-24.000000
-44.000000
0.000000
-28.000000
-36.000000
-28.000000
-28.000000
-32.000000
-44.000000
-32.000000
-20.000000
-76.000000
-52.000000
-40.000000
-48.000000
0.000000
-28.000000
-36.000000
-8.000000
-24.000000
0.000000
-28.000000
-16.000000
-20.000000
0.000000
-16.000000
0.000000
-24.000000
-12.000000
-12.000000
-20.000000
16.000000
-20.000000
-16.000000
-40.000000
-28.000000
0.000000
-28.000000
-20.000000
-16.000000
-36.000000
-16.000000
-32.000000
-36.000000
-8.000000
-28.000000
-8.000000
-12.000000
-8.000000
-24.000000
-24.000000
-20.000000
-36.000000
-16.000000
-40.000000
-12.000000
-44.000000
-32.000000
-12.000000
-32.000000
-36.000000
-16.000000
-28.000000
-36.000000
-24.000000
-12.000000
-8.000000
0.000000
-28.000000
-12.000000
-32.000000
-36.000000
0.000000
-44.000000
-24.000000
-48.000000
-32.000000
-44.000000
-52.000000
-36.000000
-44.000000
-40.000000
-56.000000
-44.000000
-36.000000
-72.000000
-64.000000
-60.000000
-64.000000
-60.000000
-44.000000
-48.000000
-64.000000
-60.000000
-76.000000
-76.000000
-72.000000
-60.000000
-52.000000
-48.000000
-64.000000
-56.000000
-80.000000
-76.000000
-52.000000
-80.000000
-44.000000
-76.000000
-68.000000
-80.000000
-36.000000
-80.000000
-16.000000
-52.000000
-4.000000
-60.000000
-32.000000
-52.000000
-72.000000
-48.000000
-60.000000
-48.000000
-72.000000
-32.000000
-76.000000
-56.000000
-48.000000
-28.000000
-64.000000
-56.000000
-48.000000
-48.000000
-56.000000
-72.000000
-64.000000
-16.000000
-36.000000
-56.000000
-44.000000
-88.000000
-44.000000
-56.000000
-52.000000
-48.000000
-28.000000
-32.000000
-36.000000
-80.000000
-44.000000
-48.000000
-40.000000
-36.000000
-44.000000
-76.000000
-36.000000
-56.000000
-20.000000
-36.000000
-28.000000
-36.000000
-16.000000
-16.000000
0.000000
-28.000000
-36.000000
-24.000000
-28.000000
-44.000000
-32.000000
-28.000000
-56.000000
-72.000000
-36.000000
-40.000000
-24.000000
-40.000000
-40.000000
-28.000000
-36.000000
-24.000000
-44.000000
-48.000000
-32.000000
-40.000000
-44.000000
-24.000000
-20.000000
-24.000000
-36.000000
-32.000000
-8.000000
-24.000000
-12.000000
-20.000000
-12.000000
-32.000000
-32.000000
0.000000
-28.000000
-16.000000
-8.000000
-24.000000
-20.000000
-32.000000
-48.000000
8.000000
-20.000000
0.000000
-16.000000
-16.000000
-48.000000
-16.000000
-52.000000
-72.000000
-76.000000
-80.000000
-88.000000
-64.000000
-60.000000
-48.000000
-40.000000
-40.000000
-36.000000
-12.000000
-48.000000
-48.000000
-40.000000
-16.000000
-28.000000
-36.000000
-24.000000
-36.000000
4.000000
-20.000000
-16.000000
-28.000000
-28.000000
-32.000000
-32.000000
-12.000000
-24.000000
-28.000000
-32.000000
-24.000000
-8.000000
-12.000000
-32.000000
-16.000000
-24.000000
12.000000
-36.000000
-36.000000
-24.000000
-28.000000
-36.000000
-32.000000
-16.000000
-28.000000
-36.000000
-44.000000
-48.000000
-28.000000
-64.000000
-52.000000
-76.000000
-44.000000
-28.000000
-20.000000
-12.000000
-20.000000
-20.000000
8.000000
-12.000000
-12.000000
4.000000
4.000000
4.000000
8.000000
-8.000000
-28.000000
-20.000000
-12.000000
0.000000
-12.000000
-32.000000
-40.000000
-16.000000
-24.000000
-32.000000
-24.000000
-12.000000
-64.000000
-12.000000
-48.000000
-28.000000
-32.000000
-12.000000
-32.000000
-24.000000
-4.000000
-44.000000
-48.000000
-16.000000
-28.000000
-36.000000
-32.000000
-16.000000
-20.000000
-24.000000
-64.000000
-48.000000
-28.000000
-32.000000
-16.000000
-48.000000
-24.000000
-16.000000
-16.000000
-16.000000
-36.000000
-28.000000
-36.000000
-32.000000
-44.000000
-32.000000
-56.000000
-48.000000
-48.000000
-44.000000
-48.000000
-48.000000
-52.000000
-48.000000
-36.000000
-52.000000
-60.000000
-64.000000
-64.000000
-20.000000
-64.000000
-64.000000
-40.000000
-72.000000
-64.000000
-72.000000
-64.000000
-72.000000
-44.000000
-84.000000
-56.000000
-60.000000
-72.000000
-56.000000
-32.000000
-48.000000
-72.000000
-44.000000
-84.000000
-56.000000
-48.000000
-44.000000
-24.000000
-24.000000
-40.000000
-32.000000
-16.000000
-52.000000
-64.000000
-60.000000
-40.000000
-44.000000
-48.000000
-52.000000
-64.000000
-56.000000
-52.000000
-56.000000
-40.000000
-48.000000
-44.000000
-48.000000
-44.000000
-36.000000
-40.000000
-68.000000
-28.000000
-52.000000
-24.000000
-64.000000
-32.000000
-64.000000
-40.000000
-28.000000
-48.000000
-32.000000
-24.000000
-52.000000
-24.000000
-32.000000
-48.000000
-12.000000
-36.000000
-24.000000
-40.000000
-16.000000
-32.000000
-32.000000
-28.000000
-20.000000
-36.000000
-8.000000
-8.000000
-28.000000
-4.000000
-24.000000
-36.000000
-36.000000
-44.000000
-60.000000
-16.000000
-36.000000
-72.000000
-44.000000
-40.000000
-16.000000
-28.000000
-44.000000
-32.000000
-40.000000
-28.000000
-24.000000
-16.000000
-32.000000
-16.000000
-40.000000
-28.000000
-40.000000
-24.000000
-20.000000
-28.000000
-36.000000
-40.000000
-32.000000
-16.000000
0.000000
-8.000000
-16.000000
-8.000000
-52.000000
-32.000000
0.000000
-20.000000
-20.000000
-36.000000
-20.000000
-36.000000
-36.000000
0.000000
-40.000000
-64.000000
-40.000000
-40.000000
-44.000000
-40.000000
-52.000000
-76.000000
-36.000000
-56.000000
-40.000000
-48.000000
-40.000000
-52.000000
-20.000000
-24.000000
-40.000000
-28.000000
-12.000000
-36.000000
-16.000000
-12.000000
-16.000000
-24.000000
-28.000000
-8.000000
4.000000
-16.000000
-20.000000
-28.000000
-24.000000
-52.000000
-44.000000
-16.000000
-36.000000
-32.000000
-24.000000
-52.000000
-32.000000
-20.000000
-36.000000
-44.000000
-36.000000
-40.000000
-48.000000
-48.000000
-48.000000
-24.000000
-28.000000
-44.000000
-28.000000
-52.000000
-72.000000
-64.000000
-60.000000
-60.000000
-44.000000
-44.000000
-24.000000
-32.000000
-16.000000
-32.000000
-16.000000
-28.000000
-20.000000
-20.000000
-16.000000
-48.000000
-20.000000
-32.000000
-28.000000
-24.000000
-12.000000
-20.000000
-44.000000
-12.000000
-32.000000
-32.000000
0.000000
-32.000000
-36.000000
-36.000000
-32.000000
-48.000000
-32.000000
-24.000000
-32.000000
-52.000000
-28.000000
-44.000000
-40.000000
-28.000000
-32.000000
-28.000000
-36.000000
-28.000000
-64.000000
-40.000000
-48.000000
-44.000000
-36.000000
-56.000000
-52.000000
-32.000000
-40.000000
-40.000000
-28.000000
-28.000000
-28.000000
-16.000000
-32.000000
-48.000000
-64.000000
-12.000000
-32.000000
-60.000000
-60.000000
-68.000000
-28.000000
-60.000000
-36.000000
-52.000000
-80.000000
-52.000000
-48.000000
-80.000000
-44.000000
-80.000000
-80.000000
-80.000000
-60.000000
-76.000000
-44.000000
-72.000000
-80.000000
-52.000000
-68.000000
-60.000000
-44.000000
-56.000000
-48.000000
-52.000000
-92.000000
-52.000000
-76.000000
-92.000000
-76.000000
-76.000000
-68.000000
-72.000000
-60.000000
-48.000000
-64.000000
-40.000000
-52.000000
-20.000000
-28.000000
-52.000000
-52.000000
-32.000000
-68.000000
-60.000000
-24.000000
-72.000000
-36.000000
-48.000000
-52.000000
-64.000000
-60.000000
-32.000000
-52.000000
-28.000000
-24.000000
-40.000000
-76.000000
-60.000000
-64.000000
-40.000000
-44.000000
-44.000000
-36.000000
-64.000000
-40.000000
-60.000000
-60.000000
-48.000000
-44.000000
-32.000000
-56.000000
-24.000000
-44.000000
-44.000000
-60.000000
-36.000000
-52.000000
-40.000000
-40.000000
-32.000000
-36.000000
-32.000000
-32.000000
-12.000000
-4.000000
-8.000000
-16.000000
-48.000000
-24.000000
-64.000000
-52.000000
-44.000000
-52.000000
-24.000000
-52.000000
-44.000000
-32.000000
-52.000000
-64.000000
-48.000000
-28.000000
-60.000000
-40.000000
-40.000000
-56.000000
-28.000000
-28.000000
-32.000000
-48.000000
-40.000000
-48.000000
-12.000000
-28.000000
-32.000000
-40.000000
-12.000000
-28.000000
-48.000000
-16.000000
-20.000000
-48.000000
-36.000000
-44.000000
-48.000000
-20.000000
-16.000000
-28.000000
-12.000000
-28.000000
-28.000000
-12.000000
-8.000000
-20.000000
-48.000000
-40.000000
-48.000000
-64.000000
-48.000000
-60.000000
-52.000000
-44.000000
-72.000000
-60.000000
-40.000000
-60.000000
-64.000000
-40.000000
-32.000000
-44.000000
-44.000000
-28.000000
-20.000000
-40.000000
-48.000000
-32.000000
-36.000000
-36.000000
-44.000000
-32.000000
-16.000000
-52.000000
-16.000000
-60.000000
-36.000000
-40.000000
-16.000000
-36.000000
-28.000000
-20.000000
-32.000000
-32.000000
-20.000000
-48.000000
-28.000000
-28.000000
-16.000000
-24.000000
-40.000000
-52.000000
-52.000000
-40.000000
-32.000000
-52.000000
-56.000000
-68.000000
-80.000000
-88.000000
-64.000000
-40.000000
-40.000000
-60.000000
-28.000000
-8.000000
-24.000000
-20.000000
-12.000000
4.000000
0.000000
4.000000
-20.000000
-28.000000
-28.000000
-40.000000
-8.000000
-20.000000
-28.000000
-40.000000
-20.000000
-28.000000
-48.000000
-32.000000
-8.000000
-40.000000
-32.000000
-24.000000
-48.000000
-16.000000
-24.000000
-44.000000
-16.000000
-32.000000
-36.000000
-32.000000
-32.000000
-44.000000
-28.000000
-28.000000
-36.000000
-28.000000
-48.000000
-44.000000
-24.000000
-16.000000
-36.000000
-52.000000
-28.000000
-68.000000
-40.000000
-36.000000
-48.000000
-8.000000
-16.000000
-48.000000
-20.000000
-12.000000
-24.000000
-44.000000
-28.000000
-40.000000
-28.000000
-40.000000
-36.000000
-60.000000
-52.000000
-60.000000
-68.000000
-64.000000
-52.000000
-64.000000
-72.000000
-72.000000
-64.000000
-52.000000
-48.000000
-72.000000
-72.000000
-44.000000
-60.000000
-88.000000
-56.000000
-80.000000
-40.000000
-64.000000
-40.000000
-68.000000
-84.000000
-92.000000
-56.000000
-44.000000
-96.000000
-68.000000
-100.000000
-88.000000
-28.000000
-48.000000
-48.000000
-16.000000
-48.000000
-52.000000
-28.000000
-52.000000
-56.000000
-60.000000
-48.000000
-56.000000
-52.000000
-44.000000
-64.000000
-52.000000
-72.000000
-40.000000
-60.000000
-68.000000
-52.000000
-92.000000
-64.000000
-68.000000
-80.000000
-76.000000
-32.000000
-68.000000
-40.000000
-80.000000
-32.000000
-60.000000
-40.000000
-76.000000
-52.000000
-92.000000
-48.000000
-24.000000
-36.000000
-52.000000
-32.000000
-72.000000
-28.000000
-60.000000
-64.000000
-32.000000
-56.000000
-28.000000
-64.000000
-48.000000
-32.000000
12.000000
-16.000000
-12.000000
-12.000000
-40.000000
-24.000000
-36.000000
-44.000000
-52.000000
-16.000000
-56.000000
-56.000000
-44.000000
-48.000000
-40.000000
-44.000000
-48.000000
-40.000000
-52.000000
-44.000000
-40.000000
-32.000000
-60.000000
-20.000000
-32.000000
-20.000000
-20.000000
-32.000000
-32.000000
-52.000000
-32.000000
-28.000000
-24.000000
-40.000000
-12.000000
-36.000000
-28.000000
-24.000000
-56.000000
-48.000000
-32.000000
-40.000000
-48.000000
0.000000
-28.000000
-52.000000
-16.000000
-28.000000
-40.000000
-28.000000
-36.000000
-60.000000
-48.000000
-52.000000
-68.000000
-52.000000
-52.000000
-100.000000
-36.000000
-56.000000
-52.000000
-36.000000
-56.000000
-36.000000
-36.000000
-44.000000
-28.000000
-24.000000
-52.000000
-40.000000
-48.000000
-36.000000
-24.000000
-48.000000
-28.000000
-44.000000
-28.000000
-16.000000
-36.000000
-36.000000
-44.000000
-44.000000
-52.000000
-36.000000
-28.000000
-56.000000
-32.000000
-76.000000
-20.000000
-44.000000
-44.000000
-44.000000
-44.000000
-44.000000
-52.000000
-52.000000
-56.000000
-52.000000
-48.000000
-60.000000
-64.000000
-92.000000
-60.000000
-48.000000
-52.000000
-28.000000
-36.000000
-28.000000
-16.000000
-32.000000
-28.000000
-24.000000
-12.000000
-40.000000
-16.000000
-20.000000
-12.000000
8.000000
-12.000000
-16.000000
-12.000000
-8.000000
-24.000000
-16.000000
-12.000000
-4.000000
-16.000000
-12.000000
-48.000000
0.000000
-40.000000
-16.000000
-32.000000
-16.000000
-28.000000
-28.000000
-20.000000
-28.000000
-28.000000
-40.000000
-36.000000
