452.000000
708.000000
968.000000
1168.000000
1284.000000
1356.000000
1316.000000
1128.000000
908.000000
552.000000
164.000000
-328.000000
-828.000000
-1288.000000
-1696.000000
-2008.000000
-2216.000000
-2248.000000
-2148.000000
-1920.000000
-1556.000000
-1056.000000
-544.000000
72.000000
660.000000
1200.000000
1632.000000
1960.000000
2124.000000
2148.000000
2060.000000
1804.000000
1428.000000
984.000000
500.000000
64.000000
-412.000000
-828.000000
-1096.000000
-1308.000000
-1440.000000
-1408.000000
-1320.000000
-1172.000000
-932.000000
-676.000000
-412.000000
-216.000000
-60.000000
-40.000000
-16.000000
-20.000000
-44.000000
-48.000000
-36.000000
-36.000000
-52.000000
-48.000000
-48.000000
-48.000000
-36.000000
-32.000000
-44.000000
-48.000000
-40.000000
-44.000000
-56.000000
-40.000000
-60.000000
-52.000000
-76.000000
-60.000000
-72.000000
-52.000000
-36.000000
-40.000000
-28.000000
-44.000000
-24.000000
-40.000000
-40.000000
-20.000000
-52.000000
8.000000
-24.000000
-24.000000
-8.000000
-16.000000
-24.000000
-24.000000
-36.000000
-44.000000
-16.000000
-44.000000
-36.000000
-32.000000
-28.000000
-36.000000
-44.000000
-44.000000
-56.000000
-24.000000
0.000000
-48.000000
-28.000000
-48.000000
-28.000000
-28.000000
-32.000000
-4.000000
-68.000000
-56.000000
-28.000000
-64.000000
-44.000000
-32.000000
-72.000000
-52.000000
-32.000000
-44.000000
-48.000000
-40.000000
-40.000000
-8.000000
-28.000000
-32.000000
8.000000
-36.000000
-20.000000
-52.000000
-44.000000
-16.000000
-60.000000
-48.000000
-56.000000
-48.000000
-64.000000
-76.000000
-72.000000
-80.000000
-60.000000
-48.000000
-60.000000
-76.000000
-64.000000
-76.000000
-76.000000
-52.000000
-84.000000
-72.000000
-72.000000
-64.000000
-76.000000
-64.000000
-64.000000
-72.000000
-72.000000
-88.000000
-44.000000
-80.000000
-84.000000
-48.000000
-64.000000
-40.000000
-76.000000
-68.000000
-68.000000
-60.000000
-48.000000
-72.000000
-44.000000
-24.000000
-44.000000
-40.000000
-60.000000
-52.000000
-56.000000
-36.000000
-36.000000
-80.000000
-36.000000
-48.000000
-80.000000
-64.000000
-60.000000
-108.000000
-60.000000
-68.000000
-72.000000
-32.000000
-92.000000
-52.000000
-72.000000
-80.000000
-56.000000
-20.000000
-64.000000
-64.000000
-60.000000
-68.000000
-52.000000
-64.000000
-48.000000
-60.000000
-44.000000
-32.000000
-60.000000
-40.000000
-40.000000
-60.000000
-32.000000
-36.000000
-24.000000
-40.000000
-72.000000
-36.000000
-44.000000
-36.000000
-28.000000
-24.000000
-36.000000
0.000000
-32.000000
-16.000000
-48.000000
-52.000000
-48.000000
-56.000000
-28.000000
-80.000000
-44.000000
-68.000000
-52.000000
-40.000000
-40.000000
-40.000000
-40.000000
-32.000000
-28.000000
-28.000000
-36.000000
-36.000000
-48.000000
-48.000000
-40.000000
-28.000000
-32.000000
-24.000000
-8.000000
-12.000000
-44.000000
-36.000000
-40.000000
-20.000000
-52.000000
-24.000000
-24.000000
-32.000000
-40.000000
-48.000000
-28.000000
-20.000000
-36.000000
-32.000000
-24.000000
-32.000000
0.000000
-20.000000
-20.000000
-36.000000
-32.000000
-68.000000
-44.000000
-48.000000
-40.000000
-36.000000
-72.000000
-64.000000
-52.000000
-48.000000
-36.000000
-40.000000
-52.000000
-12.000000
-52.000000
-40.000000
-64.000000
-32.000000
-32.000000
-28.000000
-8.000000
-28.000000
-20.000000
-40.000000
-32.000000
-36.000000
-52.000000
-24.000000
-40.000000
-56.000000
-4.000000
-36.000000
-32.000000
-48.000000
-56.000000
-4.000000
-52.000000
-44.000000
-16.000000
-36.000000
-48.000000
-40.000000
-40.000000
-32.000000
-44.000000
-40.000000
-68.000000
-48.000000
-60.000000
-80.000000
-72.000000
-68.000000
-44.000000
-72.000000
-44.000000
-68.000000
-28.000000
-44.000000
-44.000000
-20.000000
-20.000000
-12.000000
-36.000000
-16.000000
0.000000
-16.000000
-32.000000
0.000000
-24.000000
-12.000000
-32.000000
-28.000000
-32.000000
-48.000000
-32.000000
-28.000000
-24.000000
-36.000000
-12.000000
-48.000000
-32.000000
-48.000000
-24.000000
-48.000000
-44.000000
-28.000000
-28.000000
-40.000000
-32.000000
-32.000000
-44.000000
-40.000000
-48.000000
-48.000000
-52.000000
-36.000000
-72.000000
-40.000000
-20.000000
-72.000000
-36.000000
-44.000000
-44.000000
-52.000000
-8.000000
8.000000
-40.000000
-32.000000
-16.000000
-32.000000
-36.000000
-56.000000
-28.000000
-40.000000
-48.000000
-52.000000
-68.000000
-52.000000
-56.000000
-64.000000
-64.000000
-68.000000
-68.000000
-56.000000
-60.000000
-48.000000
-36.000000
-80.000000
-92.000000
-80.000000
-64.000000
-76.000000
-20.000000
-84.000000
-64.000000
-48.000000
-52.000000
-88.000000
-72.000000
-76.000000
-48.000000
-72.000000
-92.000000
-76.000000
-56.000000
-88.000000
-36.000000
-68.000000
-64.000000
-76.000000
-44.000000
-64.000000
-12.000000
-44.000000
-52.000000
-40.000000
-52.000000
-64.000000
-56.000000
-40.000000
-68.000000
-80.000000
-64.000000
-76.000000
-76.000000
-76.000000
-60.000000
-84.000000
-68.000000
-72.000000
-64.000000
-56.000000
-72.000000
-64.000000
-76.000000
-52.000000
-60.000000
-60.000000
-88.000000
-48.000000
-48.000000
-76.000000
-60.000000
-44.000000
-84.000000
-32.000000
-72.000000
-24.000000
-68.000000
-32.000000
-56.000000
-72.000000
-32.000000
-64.000000
-84.000000
-32.000000
-68.000000
-28.000000
-44.000000
-36.000000
-32.000000
-16.000000
-8.000000
-24.000000
-44.000000
-56.000000
-60.000000
-56.000000
-48.000000
-44.000000
-44.000000
-56.000000
-52.000000
-52.000000
-48.000000
-36.000000
-36.000000
-32.000000
-60.000000
-44.000000
-48.000000
-48.000000
-36.000000
-48.000000
-24.000000
-16.000000
-32.000000
-24.000000
-36.000000
-32.000000
-32.000000
-36.000000
-32.000000
-16.000000
-32.000000
-40.000000
-8.000000
-28.000000
-20.000000
-32.000000
-24.000000
-32.000000
-12.000000
-28.000000
-32.000000
-44.000000
-32.000000
8.000000
-40.000000
-36.000000
-32.000000
-72.000000
-52.000000
-72.000000
-72.000000
-64.000000
-56.000000
-76.000000
-40.000000
-48.000000
-48.000000
-40.000000
-36.000000
-44.000000
-32.000000
-36.000000
-48.000000
-20.000000
4.000000
-4.000000
-24.000000
-24.000000
-44.000000
-16.000000
-28.000000
-44.000000
-36.000000
-40.000000
-32.000000
-44.000000
-48.000000
-48.000000
-8.000000
-44.000000
-32.000000
-36.000000
-48.000000
-40.000000
-48.000000
-36.000000
-44.000000
-32.000000
-36.000000
-52.000000
-48.000000
-48.000000
-44.000000
-64.000000
-40.000000
-84.000000
-68.000000
-64.000000
-80.000000
-64.000000
-52.000000
-28.000000
-40.000000
-24.000000
-28.000000
-12.000000
0.000000
-28.000000
-16.000000
-32.000000
-16.000000
-24.000000
-16.000000
-20.000000
-52.000000
-28.000000
-16.000000
-32.000000
-24.000000
-36.000000
-28.000000
-20.000000
-32.000000
-24.000000
-36.000000
-28.000000
-24.000000
-28.000000
-28.000000
-32.000000
-44.000000
-28.000000
-36.000000
-16.000000
-44.000000
-48.000000
-40.000000
-52.000000
-36.000000
-24.000000
-36.000000
-44.000000
-32.000000
-32.000000
-48.000000
-44.000000
-36.000000
-48.000000
-32.000000
-48.000000
-48.000000
-24.000000
-24.000000
-24.000000
-16.000000
-32.000000
-32.000000
-44.000000
-60.000000
-28.000000
-44.000000
-48.000000
-44.000000
-52.000000
-44.000000
-76.000000
-80.000000
-52.000000
-60.000000
-44.000000
-68.000000
-84.000000
-64.000000
-76.000000
-68.000000
-68.000000
-48.000000
-64.000000
-88.000000
-60.000000
-96.000000
-64.000000
-84.000000
-28.000000
-96.000000
-80.000000
-72.000000
-72.000000
-40.000000
-84.000000
-84.000000
-64.000000
-80.000000
-44.000000
-68.000000
-64.000000
-76.000000
-36.000000
-24.000000
-20.000000
-16.000000
-44.000000
-40.000000
-68.000000
-68.000000
-48.000000
-32.000000
-68.000000
-44.000000
-36.000000
-76.000000
-64.000000
-64.000000
-48.000000
-60.000000
-68.000000
-36.000000
-60.000000
-36.000000
-40.000000
-76.000000
-36.000000
-48.000000
-40.000000
-32.000000
-72.000000
-20.000000
-72.000000
-44.000000
-32.000000
-88.000000
-40.000000
-40.000000
-32.000000
-52.000000
-72.000000
-36.000000
-32.000000
-48.000000
-32.000000
-52.000000
-40.000000
-48.000000
-28.000000
-16.000000
-48.000000
-28.000000
-12.000000
-20.000000
-24.000000
-28.000000
-28.000000
-36.000000
-68.000000
-36.000000
-36.000000
-48.000000
-56.000000
-48.000000
-36.000000
-56.000000
-52.000000
-36.000000
-44.000000
-32.000000
-44.000000
-36.000000
-40.000000
-24.000000
-44.000000
-48.000000
-36.000000
-36.000000
-16.000000
-28.000000
-28.000000
-24.000000
-32.000000
-36.000000
-32.000000
-12.000000
-28.000000
-32.000000
-44.000000
-52.000000
-16.000000
-24.000000
-32.000000
-16.000000
-28.000000
-56.000000
-20.000000
-32.000000
-32.000000
-12.000000
-4.000000
-32.000000
-44.000000
-32.000000
-64.000000
-76.000000
-40.000000
-84.000000
-56.000000
-60.000000
-68.000000
-44.000000
-56.000000
-48.000000
-24.000000
-20.000000
-16.000000
-48.000000
-28.000000
-36.000000
-16.000000
-52.000000
-36.000000
-32.000000
-40.000000
-28.000000
-20.000000
-44.000000
-16.000000
-24.000000
-52.000000
-20.000000
-36.000000
-20.000000
-16.000000
-48.000000
-12.000000
-52.000000
-36.000000
-20.000000
-36.000000
-28.000000
-52.000000
-44.000000
-36.000000
-44.000000
-36.000000
-52.000000
-44.000000
-36.000000
-44.000000
-48.000000
-92.000000
-72.000000
-44.000000
-44.000000
-48.000000
-40.000000
-20.000000
0.000000
-4.000000
4.000000
-24.000000
-20.000000
-12.000000
-16.000000
-56.000000
-28.000000
-20.000000
4.000000
-20.000000
-28.000000
-24.000000
-36.000000
-24.000000
-16.000000
-20.000000
-32.000000
-40.000000
-8.000000
-60.000000
-36.000000
-28.000000
-44.000000
-28.000000
-28.000000
-36.000000
-48.000000
-32.000000
-44.000000
-48.000000
-44.000000
-48.000000
-32.000000
-56.000000
-64.000000
-32.000000
-36.000000
-48.000000
-32.000000
-56.000000
-40.000000
-52.000000
-44.000000
-36.000000
-28.000000
-64.000000
-36.000000
-20.000000
-36.000000
-36.000000
-36.000000
-32.000000
-56.000000
-64.000000
-52.000000
-48.000000
-60.000000
-52.000000
-52.000000
-52.000000
-48.000000
-52.000000
-72.000000
-88.000000
-76.000000
-60.000000
-76.000000
-84.000000
-88.000000
-92.000000
-100.000000
-80.000000
-48.000000
-72.000000
-72.000000
-44.000000
-76.000000
-80.000000
-64.000000
-80.000000
-56.000000
-48.000000
-60.000000
-60.000000
-96.000000
-92.000000
-80.000000
-60.000000
-80.000000
-60.000000
-48.000000
-48.000000
-40.000000
-60.000000
-44.000000
-52.000000
-48.000000
-52.000000
-68.000000
-52.000000
-52.000000
-68.000000
-36.000000
-80.000000
-92.000000
-60.000000
-40.000000
-40.000000
-60.000000
-64.000000
-76.000000
-64.000000
-60.000000
-64.000000
-56.000000
-36.000000
-56.000000
-76.000000
-48.000000
-28.000000
-76.000000
-60.000000
-28.000000
-76.000000
-40.000000
-40.000000
-28.000000
-64.000000
-32.000000
-48.000000
-28.000000
-44.000000
-16.000000
-36.000000
-44.000000
-36.000000
-24.000000
-76.000000
-40.000000
-24.000000
-12.000000
-16.000000
-32.000000
-28.000000
-12.000000
-32.000000
-24.000000
-28.000000
-68.000000
-40.000000
-60.000000
-52.000000
-60.000000
-28.000000
-76.000000
-40.000000
-44.000000
-36.000000
-56.000000
-36.000000
-24.000000
-32.000000
-28.000000
-28.000000
-60.000000
-24.000000
-52.000000
-32.000000
-32.000000
-32.000000
-56.000000
-20.000000
-32.000000
-32.000000
-32.000000
-12.000000
-24.000000
-36.000000
-4.000000
-24.000000
-44.000000
-24.000000
-32.000000
-24.000000
-36.000000
-52.000000
-32.000000
-24.000000
-24.000000
-24.000000
-72.000000
-44.000000
-72.000000
-72.000000
-60.000000
-92.000000
-52.000000
-68.000000
-52.000000
-32.000000
-60.000000
-44.000000
-40.000000
-60.000000
-36.000000
-24.000000
-60.000000
-16.000000
-40.000000
-40.000000
-24.000000
-48.000000
-36.000000
-36.000000
-32.000000
-20.000000
-44.000000
-28.000000
-88.000000
-72.000000
-32.000000
-52.000000
-36.000000
-56.000000
-36.000000
-56.000000
-16.000000
-48.000000
-48.000000
-16.000000
-52.000000
-72.000000
-36.000000
-44.000000
-52.000000
-52.000000
-44.000000
-48.000000
-36.000000
-60.000000
-80.000000
-64.000000
-68.000000
-64.000000
-60.000000
-48.000000
-16.000000
-20.000000
-12.000000
-8.000000
0.000000
-28.000000
0.000000
-40.000000
-28.000000
-16.000000
-12.000000
0.000000
-24.000000
-24.000000
-32.000000
-12.000000
-32.000000
-20.000000
-40.000000
-4.000000
-48.000000
-44.000000
-16.000000
-32.000000
-36.000000
-12.000000
-40.000000
-24.000000
-40.000000
-40.000000
-24.000000
-52.000000
-32.000000
-24.000000
-24.000000
-44.000000
-44.000000
-40.000000
-40.000000
-40.000000
-24.000000
-36.000000
-32.000000
-24.000000
-24.000000
-20.000000
-44.000000
-36.000000
-44.000000
-36.000000
0.000000
-44.000000
-28.000000
-8.000000
-28.000000
-28.000000
-56.000000
-24.000000
-36.000000
-36.000000
-44.000000
-52.000000
-64.000000
-76.000000
-52.000000
-56.000000
-56.000000
-48.000000
-84.000000
-64.000000
-76.000000
-64.000000
-64.000000
-76.000000
-44.000000
-64.000000
-76.000000
-32.000000
-80.000000
-44.000000
-44.000000
-44.000000
-60.000000
-44.000000
-68.000000
-64.000000
-64.000000
-56.000000
-64.000000
-44.000000
-60.000000
-48.000000
-72.000000
-44.000000
-52.000000
-32.000000
-16.000000
-12.000000
-44.000000
-28.000000
-76.000000
-36.000000
-56.000000
-64.000000
-40.000000
-64.000000
-48.000000
-56.000000
-72.000000
-56.000000
-72.000000
-56.000000
-72.000000
-80.000000
-88.000000
-72.000000
-64.000000
-44.000000
-80.000000
-76.000000
-40.000000
-52.000000
-36.000000
-28.000000
-76.000000
-48.000000
-52.000000
-48.000000
-76.000000
-32.000000
-96.000000
-12.000000
-40.000000
-52.000000
-32.000000
-64.000000
-28.000000
-76.000000
-28.000000
-68.000000
-44.000000
-40.000000
-28.000000
-28.000000
-16.000000
0.000000
-20.000000
-12.000000
-36.000000
-12.000000
-64.000000
-40.000000
-40.000000
-40.000000
-64.000000
-20.000000
-48.000000
-76.000000
-36.000000
-48.000000
-32.000000
-32.000000
-36.000000
-52.000000
-32.000000
-52.000000
-52.000000
-40.000000
-28.000000
-40.000000
-40.000000
-40.000000
-44.000000
-24.000000
-52.000000
-28.000000
-20.000000
-28.000000
-28.000000
-32.000000
-32.000000
-28.000000
-24.000000
-28.000000
-24.000000
-36.000000
-40.000000
-48.000000
-32.000000
-12.000000
-12.000000
-24.000000
-32.000000
-8.000000
-24.000000
-52.000000
-36.000000
-56.000000
-28.000000
-44.000000
-72.000000
-96.000000
-64.000000
-56.000000
-64.000000
-40.000000
-68.000000
-24.000000
-44.000000
-40.000000
-32.000000
-28.000000
-32.000000
-36.000000
-32.000000
-44.000000
-24.000000
-44.000000
-40.000000
-4.000000
-40.000000
-24.000000
-28.000000
-40.000000
-48.000000
-64.000000
-32.000000
-48.000000
-32.000000
-44.000000
-32.000000
-24.000000
-32.000000
-36.000000
-52.000000
-40.000000
-36.000000
-64.000000
-36.000000
-36.000000
-56.000000
-24.000000
-56.000000
-44.000000
-76.000000
-68.000000
-44.000000
-64.000000
-48.000000
-52.000000
-48.000000
-24.000000
-44.000000
-12.000000
-20.000000
-20.000000
-28.000000
-32.000000
-24.000000
-48.000000
-40.000000
-40.000000
-8.000000
-24.000000
-16.000000
-16.000000
-4.000000
-16.000000
-24.000000
-28.000000
-32.000000
-20.000000
-24.000000
-28.000000
-20.000000
-24.000000
-32.000000
-24.000000
-32.000000
-24.000000
-24.000000
-32.000000
-44.000000
-28.000000
-44.000000
-48.000000
-16.000000
-44.000000
-36.000000
-40.000000
-44.000000
-32.000000
-44.000000
-40.000000
-48.000000
-28.000000
-48.000000
-28.000000
-24.000000
-36.000000
-44.000000
-40.000000
-24.000000
-40.000000
-28.000000
-60.000000
-28.000000
-64.000000
-28.000000
-52.000000
-16.000000
-52.000000
-64.000000
-60.000000
-60.000000
-48.000000
-52.000000
-52.000000
-76.000000
-52.000000
-84.000000
-80.000000
-48.000000
-76.000000
-72.000000
-40.000000
-96.000000
-48.000000
-72.000000
-84.000000
-48.000000
-84.000000
-48.000000
-76.000000
-28.000000
-12.000000
-56.000000
-60.000000
-52.000000
-80.000000
-60.000000
-56.000000
-64.000000
-56.000000
-52.000000
-40.000000
-24.000000
-48.000000
-28.000000
-44.000000
-52.000000
-60.000000
-28.000000
-64.000000
-80.000000
-72.000000
-56.000000
-48.000000
-72.000000
-60.000000
-36.000000
-44.000000
-72.000000
-64.000000
-56.000000
-48.000000
-48.000000
-40.000000
-64.000000
-72.000000
-60.000000
-64.000000
-48.000000
-68.000000
-64.000000
-52.000000
-52.000000
-40.000000
-64.000000
-48.000000
-52.000000
-40.000000
-44.000000
-60.000000
-20.000000
-72.000000
-32.000000
-52.000000
-68.000000
-48.000000
-52.000000
-52.000000
-32.000000
-28.000000
-24.000000
-24.000000
-20.000000
-24.000000
-28.000000
-40.000000
-40.000000
-48.000000
-60.000000
-28.000000
-80.000000
-48.000000
-64.000000
-52.000000
-40.000000
-52.000000
-36.000000
-64.000000
-28.000000
-28.000000
-52.000000
-36.000000
-40.000000
-20.000000
-36.000000
-28.000000
-40.000000
-24.000000
-16.000000
-36.000000
-24.000000
-36.000000
-24.000000
-28.000000
-44.000000
-32.000000
-16.000000
-44.000000
-28.000000
-60.000000
-24.000000
-24.000000
-40.000000
-12.000000
-20.000000
-20.000000
-36.000000
-32.000000
-8.000000
-24.000000
-44.000000
-52.000000
-56.000000
-68.000000
-48.000000
-56.000000
-80.000000
-60.000000
-60.000000
-44.000000
-32.000000
-56.000000
-24.000000
-24.000000
-56.000000
-32.000000
-36.000000
-28.000000
-28.000000
-32.000000
-48.000000
-40.000000
-36.000000
-28.000000
-28.000000
-28.000000
-36.000000
-40.000000
-56.000000
-20.000000
-44.000000
-52.000000
-28.000000
-32.000000
-28.000000
-36.000000
-8.000000
-8.000000
-44.000000
-12.000000
-32.000000
-36.000000
-64.000000
-32.000000
-56.000000
-28.000000
-40.000000
-16.000000
-28.000000
-48.000000
-52.000000
-48.000000
-76.000000
-56.000000
-24.000000
-48.000000
-44.000000
-40.000000
-32.000000
-8.000000
-32.000000
-48.000000
-52.000000
-36.000000
-36.000000
-8.000000
-16.000000
-8.000000
-40.000000
-40.000000
-16.000000
-16.000000
-28.000000
-28.000000
-20.000000
-28.000000
-56.000000
-20.000000
-52.000000
-24.000000
-48.000000
-36.000000
-28.000000
-16.000000
-32.000000
-40.000000
-28.000000
-28.000000
-32.000000
-40.000000
-32.000000
-28.000000
-48.000000
-32.000000
-44.000000
-36.000000
-24.000000
-44.000000
-28.000000
-36.000000
-60.000000
-32.000000
-56.000000
-44.000000
-32.000000
-36.000000
-24.000000
-64.000000
-28.000000
-36.000000
-60.000000
-44.000000
-16.000000
-32.000000
-48.000000
-52.000000
-60.000000
-28.000000
-44.000000
-44.000000
-60.000000
-36.000000
-64.000000
-84.000000
-60.000000
-60.000000
-52.000000
-60.000000
-80.000000
-68.000000
-56.000000
-60.000000
-72.000000
-76.000000
-64.000000
-48.000000
-52.000000
-48.000000
-64.000000
-44.000000
-72.000000
-48.000000
-100.000000
-32.000000
-72.000000
-80.000000
-64.000000
-92.000000
-48.000000
-104.000000
-44.000000
-64.000000
-40.000000
-16.000000
-32.000000
-44.000000
-44.000000
-48.000000
-68.000000
-64.000000
-52.000000
-84.000000
-56.000000
-60.000000
-64.000000
-56.000000
-64.000000
-60.000000
-48.000000
-40.000000
-72.000000
-44.000000
-92.000000
-60.000000
-60.000000
-44.000000
-36.000000
-40.000000
-68.000000
-20.000000
-56.000000
-64.000000
-32.000000
-80.000000
-36.000000
-80.000000
-8.000000
-56.000000
-44.000000
-32.000000
-68.000000
-40.000000
-28.000000
-60.000000
-52.000000
-40.000000
-48.000000
-36.000000
-52.000000
-48.000000
-4.000000
-8.000000
-20.000000
-32.000000
-32.000000
-60.000000
-44.000000
-32.000000
-44.000000
-24.000000
-48.000000
-24.000000
-36.000000
-48.000000
-40.000000
-60.000000
-28.000000
-40.000000
-52.000000
-52.000000
-12.000000
-64.000000
-48.000000
-20.000000
-40.000000
-40.000000
-28.000000
-36.000000
-16.000000
-52.000000
-12.000000
-12.000000
-48.000000
-32.000000
-16.000000
-20.000000
-12.000000
-36.000000
-32.000000
4.000000
-16.000000
-36.000000
-24.000000
-20.000000
-40.000000
-32.000000
-32.000000
-36.000000
-36.000000
-32.000000
-32.000000
-60.000000
-72.000000
-88.000000
-76.000000
-60.000000
-92.000000
-48.000000
-60.000000
-64.000000
-52.000000
-44.000000
-36.000000
-60.000000
-32.000000
-24.000000
-36.000000
-20.000000
-36.000000
-48.000000
-28.000000
-44.000000
-40.000000
-40.000000
-28.000000
-24.000000
0.000000
-44.000000
-24.000000
-24.000000
-56.000000
-12.000000
-48.000000
-36.000000
-36.000000
-44.000000
-40.000000
-32.000000
-44.000000
-32.000000
-24.000000
-28.000000
-56.000000
-20.000000
-32.000000
-40.000000
-40.000000
-32.000000
-64.000000
-56.000000
-64.000000
-76.000000
-84.000000
-64.000000
-48.000000
-32.000000
-44.000000
-40.000000
-40.000000
-20.000000
-16.000000
-20.000000
-20.000000
8.000000
-36.000000
-20.000000
-20.000000
-40.000000
-12.000000
-48.000000
-36.000000
-32.000000
-32.000000
-16.000000
-48.000000
-4.000000
-4.000000
-12.000000
-12.000000
-44.000000
-12.000000
-32.000000
-16.000000
-16.000000
-48.000000
-32.000000
-28.000000
-32.000000
-24.000000
-28.000000
-36.000000
-60.000000
-32.000000
-48.000000
-28.000000
-36.000000
-64.000000
-20.000000
-56.000000
-32.000000
-60.000000
-24.000000
-36.000000
-48.000000
-40.000000
-40.000000
0.000000
-28.000000
-24.000000
-16.000000
-28.000000
-36.000000
-24.000000
-52.000000
-28.000000
-60.000000
-56.000000
-48.000000
-52.000000
-28.000000
-44.000000
-48.000000
-56.000000
-52.000000
-64.000000
-44.000000
-84.000000
-52.000000
-52.000000
-92.000000
-68.000000
-60.000000
-100.000000
-68.000000
-76.000000
-48.000000
-88.000000
-60.000000
-80.000000
-100.000000
-68.000000
-52.000000
-72.000000
-88.000000
-80.000000
-72.000000
-92.000000
-92.000000
-104.000000
-40.000000
-64.000000
-44.000000
-40.000000
-48.000000
-28.000000
-52.000000
-56.000000
-48.000000
-36.000000
-84.000000
-48.000000
-80.000000
-80.000000
-40.000000
-64.000000
-60.000000
-40.000000
-80.000000
-76.000000
-60.000000
-64.000000
-60.000000
-84.000000
-64.000000
-56.000000
-84.000000
-44.000000
-56.000000
-88.000000
-32.000000
-48.000000
-64.000000
-36.000000
-80.000000
-56.000000
-36.000000
-80.000000
-24.000000
-36.000000
-64.000000
-40.000000
-84.000000
-36.000000
-60.000000
-36.000000
-72.000000
-20.000000
-72.000000
-40.000000
-32.000000
-44.000000
-36.000000
-20.000000
-36.000000
-44.000000
-44.000000
-44.000000
-36.000000
-56.000000
-64.000000
-48.000000
-8.000000
-44.000000
-40.000000
-60.000000
-52.000000
-20.000000
-52.000000
-40.000000
-52.000000
-52.000000
-36.000000
-28.000000
-28.000000
-48.000000
-28.000000
-52.000000
-24.000000
-24.000000
-44.000000
-40.000000
-44.000000
-36.000000
-20.000000
-48.000000
-48.000000
-28.000000
-24.000000
-20.000000
-64.000000
-60.000000
-24.000000
-20.000000
-16.000000
-24.000000
-44.000000
-36.000000
-24.000000
-20.000000
-44.000000
-52.000000
-48.000000
-72.000000
-48.000000
-76.000000
-84.000000
-52.000000
-48.000000
-56.000000
-60.000000
-40.000000
-52.000000
-44.000000
-40.000000
-64.000000
-24.000000
-24.000000
-44.000000
-28.000000
-16.000000
-36.000000
-32.000000
-52.000000
-12.000000
-36.000000
-28.000000
-32.000000
-32.000000
