496.000000
764.000000
996.000000
1192.000000
1292.000000
1304.000000
1248.000000
1080.000000
820.000000
468.000000
28.000000
-416.000000
-920.000000
-1376.000000
-1756.000000
-2044.000000
-2228.000000
-2224.000000
-2120.000000
-1832.000000
-1436.000000
-924.000000
-372.000000
232.000000
820.000000
1348.000000
1760.000000
2028.000000
2176.000000
2180.000000
2020.000000
1736.000000
1352.000000
892.000000
424.000000
-52.000000
-508.000000
-876.000000
-1168.000000
-1336.000000
-1404.000000
-1392.000000
-1276.000000
-1084.000000
-880.000000
-620.000000
-364.000000
-172.000000
-40.000000
-40.000000
-48.000000
-40.000000
-48.000000
-52.000000
-44.000000
-76.000000
-68.000000
-52.000000
-24.000000
-48.000000
-16.000000
12.000000
-8.000000
-28.000000
-28.000000
-52.000000
-24.000000
-40.000000
-36.000000
-48.000000
-52.000000
-72.000000
-52.000000
-52.000000
-60.000000
-60.000000
-80.000000
-76.000000
-40.000000
-72.000000
-68.000000
-60.000000
-84.000000
-60.000000
-84.000000
-76.000000
-52.000000
-72.000000
-80.000000
-64.000000
-80.000000
-60.000000
-64.000000
-96.000000
-40.000000
-60.000000
-48.000000
-76.000000
-80.000000
-92.000000
-56.000000
-68.000000
-84.000000
-72.000000
-72.000000
-52.000000
-48.000000
-36.000000
-24.000000
-28.000000
-44.000000
-56.000000
-64.000000
-64.000000
-60.000000
-48.000000
-72.000000
-68.000000
-52.000000
-36.000000
-36.000000
-88.000000
-76.000000
-24.000000
-60.000000
-60.000000
-80.000000
-32.000000
-64.000000
-44.000000
-52.000000
-76.000000
-52.000000
-44.000000
-64.000000
-48.000000
-76.000000
-36.000000
-52.000000
-28.000000
-48.000000
-40.000000
-44.000000
-76.000000
-52.000000
-32.000000
-28.000000
-48.000000
-44.000000
-24.000000
-40.000000
-44.000000
-28.000000
-36.000000
-12.000000
0.000000
-4.000000
-24.000000
-8.000000
-20.000000
-48.000000
-44.000000
-24.000000
-40.000000
-52.000000
-60.000000
-44.000000
-48.000000
-48.000000
-32.000000
-40.000000
-36.000000
-44.000000
-36.000000
-36.000000
-36.000000
-36.000000
-20.000000
-8.000000
-32.000000
-32.000000
-44.000000
-20.000000
-16.000000
-40.000000
-24.000000
-40.000000
-40.000000
-4.000000
-16.000000
-32.000000
-24.000000
-12.000000
-12.000000
-28.000000
-20.000000
-20.000000
-48.000000
-16.000000
-20.000000
-36.000000
-32.000000
-28.000000
-32.000000
0.000000
-16.000000
-44.000000
-52.000000
-28.000000
-52.000000
-64.000000
-48.000000
-68.000000
-52.000000
-60.000000
-28.000000
-52.000000
-40.000000
-40.000000
-12.000000
-28.000000
-28.000000
-56.000000
-12.000000
-4.000000
-12.000000
-20.000000
-28.000000
-32.000000
-12.000000
-24.000000
-12.000000
-36.000000
-28.000000
-28.000000
-44.000000
-24.000000
-32.000000
-36.000000
-44.000000
-36.000000
-36.000000
-40.000000
-32.000000
-32.000000
-52.000000
-48.000000
-36.000000
-52.000000
-32.000000
-40.000000
-48.000000
-48.000000
-60.000000
-48.000000
-52.000000
-72.000000
-64.000000
-36.000000
-52.000000
-28.000000
-20.000000
-4.000000
-12.000000
-28.000000
8.000000
-4.000000
-16.000000
12.000000
-48.000000
-4.000000
-12.000000
-28.000000
-4.000000
-40.000000
-16.000000
-16.000000
-36.000000
-36.000000
-36.000000
-32.000000
-24.000000
-20.000000
-44.000000
-20.000000
-52.000000
-16.000000
-32.000000
-40.000000
-32.000000
-28.000000
-28.000000
-28.000000
-36.000000
-32.000000
-32.000000
-28.000000
-20.000000
-40.000000
-52.000000
-40.000000
-36.000000
-44.000000
-44.000000
-36.000000
-52.000000
-44.000000
-28.000000
-28.000000
-28.000000
-48.000000
-44.000000
-20.000000
-28.000000
-24.000000
-36.000000
-32.000000
-28.000000
-48.000000
-52.000000
-48.000000
-60.000000
-60.000000
-60.000000
-44.000000
-36.000000
-88.000000
-36.000000
-20.000000
-52.000000
-84.000000
-64.000000
-56.000000
-56.000000
-76.000000
-72.000000
-32.000000
-64.000000
-88.000000
-64.000000
-48.000000
-88.000000
-60.000000
-68.000000
-80.000000
-80.000000
-88.000000
-84.000000
-56.000000
-52.000000
-56.000000
-52.000000
-48.000000
-40.000000
-56.000000
-32.000000
-40.000000
-24.000000
-32.000000
-12.000000
-36.000000
-48.000000
-48.000000
-32.000000
-44.000000
-60.000000
-64.000000
-40.000000
-56.000000
-44.000000
-44.000000
-52.000000
-52.000000
-56.000000
-76.000000
-60.000000
-52.000000
-76.000000
-60.000000
-40.000000
-64.000000
-60.000000
-28.000000
-64.000000
-60.000000
-56.000000
-56.000000
-32.000000
-28.000000
-60.000000
-36.000000
-72.000000
-36.000000
-40.000000
-44.000000
-36.000000
-60.000000
-44.000000
-32.000000
-52.000000
-32.000000
-44.000000
-52.000000
-24.000000
-40.000000
-8.000000
-12.000000
-32.000000
-16.000000
-24.000000
-32.000000
-36.000000
-28.000000
-76.000000
-32.000000
-36.000000
-64.000000
-60.000000
-44.000000
-56.000000
-48.000000
-28.000000
-32.000000
-44.000000
-56.000000
-44.000000
-28.000000
-48.000000
-28.000000
-36.000000
-32.000000
-24.000000
-32.000000
-36.000000
-32.000000
-24.000000
-32.000000
-4.000000
-28.000000
-28.000000
-28.000000
-12.000000
-8.000000
-24.000000
-24.000000
-32.000000
-24.000000
-24.000000
-20.000000
0.000000
-12.000000
-16.000000
-20.000000
-24.000000
-12.000000
-24.000000
-68.000000
-60.000000
-92.000000
-76.000000
-52.000000
-72.000000
-60.000000
-56.000000
-52.000000
-40.000000
-36.000000
-20.000000
0.000000
-28.000000
-32.000000
-64.000000
-32.000000
-16.000000
-36.000000
-52.000000
-40.000000
-28.000000
-24.000000
-28.000000
-12.000000
-28.000000
-44.000000
-28.000000
-12.000000
-36.000000
-28.000000
-20.000000
-24.000000
-20.000000
-28.000000
-12.000000
-36.000000
-44.000000
-24.000000
-64.000000
-48.000000
-48.000000
-28.000000
-32.000000
-36.000000
-36.000000
-40.000000
-36.000000
-48.000000
-72.000000
-56.000000
-72.000000
-60.000000
-60.000000
-28.000000
-24.000000
-12.000000
-12.000000
-32.000000
-44.000000
-4.000000
-16.000000
0.000000
-16.000000
-12.000000
-8.000000
-24.000000
-44.000000
-36.000000
-4.000000
-56.000000
-24.000000
-16.000000
-16.000000
-36.000000
-8.000000
-32.000000
-16.000000
-20.000000
-52.000000
-8.000000
-60.000000
-24.000000
-44.000000
-16.000000
-32.000000
-28.000000
-32.000000
-48.000000
-32.000000
-36.000000
-36.000000
-28.000000
-28.000000
-48.000000
-52.000000
-28.000000
-24.000000
-72.000000
-48.000000
-44.000000
-32.000000
-48.000000
-20.000000
-36.000000
-12.000000
-36.000000
0.000000
-28.000000
-36.000000
-16.000000
-40.000000
-72.000000
-64.000000
-56.000000
-72.000000
-48.000000
-48.000000
-76.000000
-72.000000
-60.000000
-52.000000
-64.000000
-88.000000
-72.000000
-60.000000
-84.000000
-56.000000
-76.000000
-64.000000
-60.000000
-52.000000
-52.000000
-72.000000
-48.000000
-44.000000
-72.000000
-96.000000
-60.000000
-48.000000
-64.000000
-84.000000
-68.000000
-60.000000
-44.000000
-56.000000
-40.000000
-64.000000
-60.000000
-40.000000
-44.000000
-24.000000
-24.000000
-24.000000
-44.000000
-16.000000
-92.000000
-44.000000
-44.000000
-52.000000
-64.000000
-52.000000
-80.000000
-48.000000
-48.000000
-32.000000
-68.000000
-76.000000
-40.000000
-76.000000
-76.000000
-48.000000
-56.000000
-72.000000
-44.000000
-44.000000
-80.000000
-44.000000
-20.000000
-44.000000
-40.000000
-88.000000
-44.000000
-24.000000
-16.000000
-72.000000
-12.000000
-36.000000
-16.000000
-32.000000
-28.000000
-36.000000
-32.000000
-48.000000
-32.000000
-28.000000
-12.000000
-16.000000
-48.000000
-16.000000
-20.000000
-20.000000
-28.000000
-12.000000
-36.000000
-48.000000
-44.000000
-40.000000
-32.000000
-64.000000
-28.000000
-44.000000
-48.000000
-36.000000
-52.000000
-12.000000
-56.000000
-52.000000
-28.000000
-44.000000
-40.000000
-44.000000
-28.000000
-28.000000
-36.000000
-36.000000
-20.000000
-20.000000
-32.000000
-24.000000
-8.000000
-12.000000
-32.000000
-44.000000
-36.000000
-4.000000
-32.000000
-36.000000
-20.000000
-20.000000
-44.000000
-16.000000
-40.000000
-24.000000
-32.000000
-16.000000
-28.000000
-24.000000
-16.000000
-28.000000
-44.000000
-56.000000
-32.000000
-92.000000
-56.000000
-72.000000
-44.000000
-60.000000
-44.000000
-96.000000
-32.000000
-20.000000
-8.000000
-32.000000
-36.000000
-16.000000
-40.000000
-36.000000
-24.000000
-36.000000
-64.000000
-48.000000
-40.000000
-28.000000
-36.000000
-12.000000
-16.000000
-44.000000
-24.000000
-28.000000
-40.000000
-44.000000
-48.000000
-36.000000
-20.000000
-52.000000
-20.000000
-20.000000
-24.000000
-32.000000
-24.000000
-36.000000
-48.000000
-40.000000
-24.000000
-48.000000
-16.000000
-24.000000
-40.000000
-68.000000
-72.000000
-36.000000
-16.000000
-24.000000
-40.000000
-44.000000
-12.000000
-12.000000
-32.000000
-20.000000
-8.000000
-44.000000
12.000000
-24.000000
-24.000000
-36.000000
-28.000000
-20.000000
-8.000000
-52.000000
-32.000000
-24.000000
-36.000000
-16.000000
-24.000000
-8.000000
-20.000000
-56.000000
-36.000000
-20.000000
-36.000000
-20.000000
-12.000000
-24.000000
-32.000000
-44.000000
-12.000000
-40.000000
-40.000000
-48.000000
-32.000000
-36.000000
-40.000000
-40.000000
-48.000000
-24.000000
-28.000000
-32.000000
-44.000000
-48.000000
-44.000000
-28.000000
-32.000000
-60.000000
-32.000000
-44.000000
12.000000
-44.000000
-20.000000
-24.000000
-64.000000
-12.000000
-40.000000
-60.000000
-12.000000
-40.000000
-24.000000
-60.000000
-64.000000
-48.000000
-40.000000
-28.000000
-48.000000
-56.000000
-76.000000
-44.000000
-32.000000
-80.000000
-52.000000
-48.000000
-64.000000
-72.000000
-72.000000
-68.000000
-44.000000
-32.000000
-48.000000
-68.000000
-76.000000
-76.000000
-68.000000
-68.000000
-52.000000
-76.000000
-52.000000
-64.000000
-36.000000
-68.000000
-44.000000
-60.000000
-16.000000
-16.000000
-24.000000
-32.000000
-52.000000
-52.000000
-44.000000
-80.000000
-44.000000
-52.000000
-48.000000
-36.000000
-48.000000
-76.000000
-52.000000
-72.000000
-36.000000
-72.000000
-76.000000
-52.000000
-40.000000
-44.000000
-64.000000
-60.000000
-36.000000
-76.000000
-64.000000
-20.000000
-76.000000
-48.000000
-72.000000
-72.000000
-40.000000
-28.000000
-64.000000
-60.000000
-24.000000
-52.000000
-48.000000
-52.000000
-48.000000
-60.000000
-40.000000
-32.000000
-28.000000
-44.000000
-28.000000
-40.000000
-24.000000
-16.000000
-12.000000
-28.000000
-20.000000
-28.000000
-20.000000
-60.000000
-16.000000
-36.000000
-44.000000
-76.000000
-36.000000
-44.000000
-24.000000
-44.000000
-32.000000
-56.000000
-48.000000
-24.000000
-60.000000
-36.000000
-16.000000
-28.000000
-20.000000
-32.000000
-28.000000
-60.000000
-32.000000
-12.000000
-20.000000
-28.000000
-28.000000
-24.000000
-12.000000
-32.000000
-32.000000
-32.000000
-28.000000
-24.000000
4.000000
-24.000000
-52.000000
-40.000000
-56.000000
-56.000000
-16.000000
-28.000000
-32.000000
-32.000000
-12.000000
-16.000000
-36.000000
-40.000000
-28.000000
-60.000000
-56.000000
-24.000000
-64.000000
-28.000000
-48.000000
-56.000000
-44.000000
-28.000000
-64.000000
-28.000000
-28.000000
-40.000000
-24.000000
-8.000000
-20.000000
-24.000000
-28.000000
-28.000000
-28.000000
-36.000000
-32.000000
-16.000000
-28.000000
-28.000000
-8.000000
-24.000000
-44.000000
-32.000000
-20.000000
-20.000000
-24.000000
-12.000000
-32.000000
-16.000000
-36.000000
-48.000000
-28.000000
-60.000000
-12.000000
-52.000000
-40.000000
-44.000000
-28.000000
-28.000000
-60.000000
-80.000000
-80.000000
-36.000000
-72.000000
-56.000000
-32.000000
-48.000000
-28.000000
-12.000000
-12.000000
-20.000000
-8.000000
-4.000000
-12.000000
-12.000000
-12.000000
-32.000000
-8.000000
-28.000000
-8.000000
-32.000000
-16.000000
-20.000000
-8.000000
-24.000000
-8.000000
-16.000000
-12.000000
-4.000000
-16.000000
-24.000000
-28.000000
-12.000000
0.000000
-24.000000
-24.000000
-20.000000
-28.000000
-36.000000
-32.000000
-44.000000
-40.000000
-24.000000
-32.000000
-36.000000
-44.000000
-24.000000
-36.000000
-32.000000
-24.000000
-24.000000
-52.000000
-36.000000
-32.000000
-16.000000
-36.000000
-12.000000
-32.000000
4.000000
-8.000000
-48.000000
-12.000000
-32.000000
-24.000000
-32.000000
-48.000000
-32.000000
-44.000000
-48.000000
-40.000000
-56.000000
-56.000000
-64.000000
-48.000000
-48.000000
-60.000000
-72.000000
-44.000000
-80.000000
-76.000000
-72.000000
-60.000000
-60.000000
-80.000000
-60.000000
-68.000000
-52.000000
-36.000000
-64.000000
-44.000000
-48.000000
-76.000000
-60.000000
-48.000000
-72.000000
-48.000000
-64.000000
-60.000000
-60.000000
-36.000000
-48.000000
-16.000000
-20.000000
-32.000000
-24.000000
-20.000000
-56.000000
-56.000000
-16.000000
-64.000000
-60.000000
-52.000000
-56.000000
-56.000000
-44.000000
-76.000000
-52.000000
-52.000000
-40.000000
-60.000000
-48.000000
-40.000000
-56.000000
-48.000000
-32.000000
-48.000000
-44.000000
-44.000000
-36.000000
-72.000000
-36.000000
-60.000000
-16.000000
-80.000000
-60.000000
-36.000000
-52.000000
-28.000000
-44.000000
-32.000000
-48.000000
-24.000000
-56.000000
-8.000000
-60.000000
-44.000000
-52.000000
-32.000000
-32.000000
-24.000000
-28.000000
4.000000
-16.000000
-28.000000
-8.000000
-36.000000
-36.000000
-32.000000
-36.000000
-28.000000
-52.000000
-36.000000
-32.000000
-48.000000
-28.000000
-44.000000
-24.000000
-40.000000
-28.000000
-32.000000
-40.000000
-32.000000
-20.000000
-40.000000
-24.000000
-36.000000
-28.000000
-32.000000
-28.000000
-36.000000
-20.000000
-24.000000
-24.000000
-40.000000
-8.000000
-32.000000
-24.000000
-32.000000
-44.000000
4.000000
-52.000000
-8.000000
-28.000000
-12.000000
-4.000000
-24.000000
-4.000000
-44.000000
-48.000000
-12.000000
0.000000
-40.000000
-48.000000
-72.000000
-60.000000
-28.000000
-56.000000
-52.000000
-48.000000
-44.000000
-40.000000
-24.000000
-32.000000
-40.000000
-20.000000
-44.000000
-40.000000
-36.000000
-16.000000
4.000000
-56.000000
-60.000000
-16.000000
-20.000000
-40.000000
-28.000000
-28.000000
-40.000000
-36.000000
-20.000000
-28.000000
-36.000000
-16.000000
-48.000000
-56.000000
-8.000000
-28.000000
-20.000000
-52.000000
-16.000000
-44.000000
-48.000000
-12.000000
-32.000000
-80.000000
-24.000000
-44.000000
-48.000000
-40.000000
-44.000000
-80.000000
-36.000000
-88.000000
-56.000000
-20.000000
-40.000000
-40.000000
-44.000000
0.000000
4.000000
-12.000000
-32.000000
0.000000
-12.000000
-16.000000
-12.000000
-4.000000
-12.000000
-4.000000
-8.000000
-12.000000
-28.000000
-24.000000
4.000000
-12.000000
-20.000000
-20.000000
-4.000000
-16.000000
-4.000000
-28.000000
-20.000000
-20.000000
-12.000000
-32.000000
-16.000000
-36.000000
-32.000000
-28.000000
-40.000000
-40.000000
-48.000000
-44.000000
-24.000000
-8.000000
-36.000000
-24.000000
-36.000000
-24.000000
-24.000000
-32.000000
-20.000000
-40.000000
-16.000000
-32.000000
-4.000000
-24.000000
-16.000000
16.000000
-24.000000
-20.000000
-16.000000
-48.000000
-44.000000
-44.000000
-32.000000
-20.000000
-52.000000
-40.000000
-44.000000
-28.000000
-40.000000
-68.000000
-20.000000
-32.000000
-40.000000
-28.000000
-44.000000
-60.000000
-60.000000
-76.000000
-80.000000
-28.000000
-48.000000
-76.000000
-68.000000
-68.000000
-40.000000
-64.000000
-40.000000
-60.000000
-56.000000
-52.000000
-64.000000
-68.000000
-64.000000
-44.000000
-88.000000
-48.000000
-32.000000
-52.000000
-40.000000
-16.000000
-44.000000
-24.000000
-56.000000
-36.000000
-64.000000
-56.000000
-76.000000
-44.000000
-32.000000
-64.000000
-48.000000
-40.000000
-24.000000
-40.000000
-48.000000
-56.000000
-60.000000
-48.000000
-60.000000
-60.000000
-60.000000
-80.000000
-64.000000
-72.000000
-48.000000
-52.000000
-64.000000
-32.000000
-48.000000
-60.000000
-24.000000
-32.000000
-52.000000
-24.000000
-36.000000
-52.000000
-68.000000
-16.000000
-64.000000
-32.000000
-48.000000
-16.000000
-52.000000
-32.000000
-52.000000
-36.000000
-28.000000
-40.000000
8.000000
-24.000000
-20.000000
-44.000000
-44.000000
-48.000000
-64.000000
-52.000000
-60.000000
-56.000000
-48.000000
-36.000000
-48.000000
-28.000000
-36.000000
-56.000000
-56.000000
-40.000000
-56.000000
-48.000000
-44.000000
-52.000000
-64.000000
-52.000000
-56.000000
-52.000000
-52.000000
-64.000000
-44.000000
-56.000000
-40.000000
-44.000000
-36.000000
-48.000000
-40.000000
-60.000000
-52.000000
-32.000000
-40.000000
-48.000000
-60.000000
-40.000000
-48.000000
-32.000000
-28.000000
-72.000000
-28.000000
-20.000000
-28.000000
-52.000000
-48.000000
-16.000000
-60.000000
-52.000000
-80.000000
-92.000000
-40.000000
-76.000000
-48.000000
-68.000000
-64.000000
-76.000000
-44.000000
-44.000000
-60.000000
-60.000000
-68.000000
-48.000000
-16.000000
-72.000000
-60.000000
-56.000000
-36.000000
-32.000000
-36.000000
-28.000000
-28.000000
-36.000000
-52.000000
-48.000000
-48.000000
-32.000000
-76.000000
-44.000000
-20.000000
-44.000000
-24.000000
-40.000000
-44.000000
-52.000000
-48.000000
-44.000000
-52.000000
-48.000000
-48.000000
-52.000000
-44.000000
-56.000000
-40.000000
-72.000000
-72.000000
-64.000000
-68.000000
-56.000000
-52.000000
-52.000000
-28.000000
-28.000000
-16.000000
-16.000000
4.000000
-16.000000
-8.000000
8.000000
-28.000000
-16.000000
-8.000000
-24.000000
-8.000000
-12.000000
-8.000000
-8.000000
-24.000000
-16.000000
-32.000000
-16.000000
-48.000000
-28.000000
-12.000000
-16.000000
-12.000000
-32.000000
-20.000000
-12.000000
-20.000000
-28.000000
-28.000000
-28.000000
-16.000000
-24.000000
-12.000000
-16.000000
-8.000000
-24.000000
-16.000000
-16.000000
-20.000000
-4.000000
-44.000000
-48.000000
-48.000000
0.000000
-4.000000
-16.000000
0.000000
12.000000
12.000000
-20.000000
-4.000000
-12.000000
-8.000000
-16.000000
-16.000000
-16.000000
-28.000000
-24.000000
-32.000000
-24.000000
-36.000000
-44.000000
-60.000000
-56.000000
-24.000000
-32.000000
-52.000000
-48.000000
-32.000000
-36.000000
-44.000000
-40.000000
-76.000000
-60.000000
-52.000000
-28.000000
-36.000000
-48.000000
-64.000000
-48.000000
-36.000000
-16.000000
-48.000000
-24.000000
-28.000000
-36.000000
-48.000000
-72.000000
-56.000000
-40.000000
-76.000000
-36.000000
-24.000000
0.000000
-4.000000
-24.000000
-16.000000
-28.000000
-44.000000
-32.000000
-36.000000
-32.000000
-56.000000
-44.000000
-36.000000
-48.000000
-24.000000
-36.000000
-40.000000
-8.000000
-36.000000
-52.000000
-44.000000
-52.000000
-44.000000
-20.000000
-36.000000
-80.000000
-56.000000
-48.000000
-52.000000
-12.000000
-32.000000
-44.000000
-64.000000
-24.000000
-48.000000
-40.000000
-28.000000
-44.000000
-44.000000
-28.000000
-56.000000
-20.000000
-24.000000
-32.000000
-40.000000
-48.000000
-28.000000
-28.000000
-36.000000
-28.000000
-8.000000
0.000000
-4.000000
-24.000000
-16.000000
-4.000000
-44.000000
-48.000000
-56.000000
-40.000000
-52.000000
-40.000000
-44.000000
-48.000000
-56.000000
-32.000000
-36.000000
-36.000000
-60.000000
-32.000000
-32.000000
-32.000000
-44.000000
-44.000000
-44.000000
-28.000000
-32.000000
-44.000000
-28.000000
-36.000000
-20.000000
-36.000000
-32.000000
-28.000000
-60.000000
-12.000000
-36.000000
-44.000000
-16.000000
-20.000000
-16.000000
-16.000000
-20.000000
-32.000000
-24.000000
-48.000000
-28.000000
-36.000000
-28.000000
-36.000000
-64.000000
-52.000000
-60.000000
-88.000000
-52.000000
-44.000000
-68.000000
-52.000000
-48.000000
-48.000000
-44.000000
-32.000000
-28.000000
-36.000000
-36.000000
-52.000000
-32.000000
-32.000000
-12.000000
-16.000000
-28.000000
-24.000000
-16.000000
-20.000000
-44.000000
-20.000000
-20.000000
-44.000000
-52.000000
-24.000000
-20.000000
-8.000000
-32.000000
-24.000000
-36.000000
-28.000000
-40.000000
-12.000000
-28.000000
-36.000000
-24.000000
-44.000000
-48.000000
-32.000000
-44.000000
-28.000000
-36.000000
-28.000000
-36.000000
-72.000000
-60.000000
-88.000000
-44.000000
-28.000000
-20.000000
-24.000000
-24.000000
-4.000000
-24.000000
12.000000
0.000000
-28.000000
-20.000000
-8.000000
-20.000000
-4.000000
-16.000000
-16.000000
-16.000000
-24.000000
-24.000000
-24.000000
-8.000000
-20.000000
-28.000000
-32.000000
-12.000000
-40.000000
-4.000000
-36.000000
-48.000000
-48.000000
-44.000000
-16.000000
-44.000000
-16.000000
-28.000000
-28.000000
-48.000000
-16.000000
-44.000000
-40.000000
-36.000000
-16.000000
-40.000000
-44.000000
-40.000000
-40.000000
-48.000000
-24.000000
-28.000000
-20.000000
-40.000000
-48.000000
12.000000
-8.000000
-44.000000
-28.000000
-20.000000
-48.000000
-56.000000
-44.000000
-48.000000
-44.000000
-76.000000
-28.000000
-36.000000
-72.000000
-44.000000
-72.000000
-56.000000
-68.000000
-80.000000
-84.000000
-72.000000
-64.000000
-60.000000
-88.000000
-76.000000
-48.000000
-92.000000
-76.000000
-80.000000
-92.000000
-84.000000
-80.000000
-88.000000
-60.000000
-84.000000
-84.000000
-84.000000
-60.000000
-80.000000
-56.000000
-36.000000
-48.000000
-68.000000
-52.000000
-64.000000
-60.000000
-20.000000
-40.000000
-28.000000
-24.000000
-52.000000
-40.000000
-72.000000
-36.000000
-52.000000
-64.000000
-72.000000
-60.000000
-48.000000
-36.000000
-76.000000
-84.000000
-72.000000
-76.000000
-64.000000
-48.000000
-56.000000
-60.000000
-76.000000
-28.000000
-56.000000
-60.000000
-52.000000
-16.000000
-32.000000
-60.000000
-76.000000
-60.000000
-64.000000
-52.000000
-56.000000
-68.000000
-28.000000
-72.000000
-48.000000
-36.000000
-28.000000
-48.000000
-60.000000
-32.000000
-68.000000
-28.000000
-36.000000
-36.000000
-12.000000
-32.000000
-32.000000
0.000000
-8.000000
-32.000000
-24.000000
-20.000000
-68.000000
-12.000000
-56.000000
-56.000000
-40.000000
-40.000000
-48.000000
-24.000000
-44.000000
-52.000000
-24.000000
-24.000000
-32.000000
-32.000000
-40.000000
-40.000000
-24.000000
-32.000000
-32.000000
-36.000000
-44.000000
4.000000
-16.000000
-36.000000
-12.000000
-24.000000
-12.000000
-12.000000
-24.000000
-28.000000
-36.000000
-28.000000
-12.000000
-20.000000
4.000000
4.000000
-24.000000
-20.000000
-12.000000
-28.000000
-16.000000
-4.000000
-4.000000
-24.000000
-32.000000
-24.000000
-52.000000
-44.000000
-52.000000
-48.000000
-28.000000
-56.000000
-36.000000
-32.000000
-40.000000
-44.000000
-48.000000
-16.000000
-20.000000
-20.000000
-4.000000
-20.000000
-24.000000
-16.000000
-28.000000
-8.000000
-24.000000
-20.000000
-8.000000
-24.000000
-16.000000
-32.000000
-8.000000
-24.000000
-52.000000
-16.000000
-20.000000
-28.000000
-16.000000
-8.000000
-32.000000
-36.000000
-28.000000
-20.000000
-28.000000
-28.000000
-40.000000
-40.000000
-20.000000
-36.000000
-32.000000
-44.000000
-44.000000
-64.000000
-72.000000
-52.000000
-76.000000
-52.000000
-44.000000
-40.000000
-28.000000
-16.000000
0.000000
-20.000000
-28.000000
-28.000000
-32.000000
-36.000000
-20.000000
-20.000000
-36.000000
-36.000000
-44.000000
-16.000000
-24.000000
-28.000000
-28.000000
-20.000000
-28.000000
-16.000000
-24.000000
-44.000000
-8.000000
-28.000000
-20.000000
-20.000000
-24.000000
-36.000000
-24.000000
-36.000000
-44.000000
-4.000000
-20.000000
-44.000000
-16.000000
-36.000000
