608.000000
880.000000
1068.000000
1264.000000
1312.000000
1316.000000
1188.000000
1036.000000
728.000000
316.000000
-136.000000
-628.000000
-1088.000000
-1520.000000
-1884.000000
-2136.000000
-2236.000000
-2216.000000
-2044.000000
-1712.000000
-1296.000000
-776.000000
-180.000000
436.000000
1012.000000
1472.000000
1836.000000
2092.000000
2208.000000
2140.000000
1936.000000
1620.000000
1204.000000
756.000000
276.000000
-176.000000
-660.000000
-968.000000
-1236.000000
-1376.000000
-1416.000000
-1360.000000
-1224.000000
-1040.000000
-788.000000
-524.000000
-292.000000
-112.000000
-32.000000
-28.000000
-44.000000
-32.000000
-72.000000
-60.000000
-40.000000
-44.000000
-64.000000
-52.000000
-24.000000
-36.000000
-36.000000
-8.000000
-32.000000
-8.000000
-44.000000
-12.000000
0.000000
-28.000000
-16.000000
0.000000
-4.000000
-12.000000
-40.000000
-32.000000
4.000000
-48.000000
-32.000000
-16.000000
-28.000000
-28.000000
-16.000000
-40.000000
-52.000000
-8.000000
-40.000000
-16.000000
-32.000000
-20.000000
-12.000000
-48.000000
-20.000000
-40.000000
-48.000000
-40.000000
-32.000000
-44.000000
-48.000000
-32.000000
-40.000000
-48.000000
-44.000000
-36.000000
-28.000000
-44.000000
-56.000000
-32.000000
-40.000000
-32.000000
-52.000000
-28.000000
-28.000000
-32.000000
-16.000000
-36.000000
-36.000000
-36.000000
-48.000000
-48.000000
-44.000000
-60.000000
-52.000000
-84.000000
-56.000000
-52.000000
-72.000000
-68.000000
-48.000000
-48.000000
-56.000000
-32.000000
-68.000000
-44.000000
-76.000000
-36.000000
-84.000000
-24.000000
-52.000000
-56.000000
-40.000000
-44.000000
-40.000000
-52.000000
-60.000000
-60.000000
-80.000000
-56.000000
-60.000000
-52.000000
-76.000000
-72.000000
-72.000000
-20.000000
-56.000000
-48.000000
-24.000000
-36.000000
-20.000000
-32.000000
-64.000000
-24.000000
-32.000000
-60.000000
-68.000000
-64.000000
-56.000000
-36.000000
-36.000000
-48.000000
-40.000000
-60.000000
-40.000000
-44.000000
-36.000000
-64.000000
-20.000000
-12.000000
-68.000000
-20.000000
-20.000000
-40.000000
-32.000000
-60.000000
-60.000000
-12.000000
-72.000000
-32.000000
-52.000000
-48.000000
-32.000000
-68.000000
-48.000000
-40.000000
-40.000000
-52.000000
-36.000000
-20.000000
-52.000000
-24.000000
-60.000000
-32.000000
-32.000000
-48.000000
-28.000000
-24.000000
-32.000000
-4.000000
-40.000000
-16.000000
-24.000000
-40.000000
-40.000000
-20.000000
-52.000000
-40.000000
-28.000000
-36.000000
-36.000000
-36.000000
-16.000000
-40.000000
-40.000000
-36.000000
-52.000000
-24.000000
-20.000000
-32.000000
-28.000000
-36.000000
-16.000000
-44.000000
-44.000000
-12.000000
-44.000000
-44.000000
-40.000000
-24.000000
-36.000000
-36.000000
-36.000000
-12.000000
-32.000000
-20.000000
-36.000000
-24.000000
-28.000000
-12.000000
-44.000000
-8.000000
12.000000
-16.000000
-44.000000
-32.000000
-32.000000
-48.000000
-44.000000
-76.000000
-64.000000
-52.000000
-72.000000
-72.000000
-44.000000
-44.000000
-68.000000
-48.000000
-36.000000
-44.000000
-32.000000
-40.000000
-36.000000
-24.000000
-48.000000
-32.000000
-36.000000
-32.000000
-20.000000
-28.000000
-52.000000
-40.000000
-32.000000
-24.000000
-40.000000
-20.000000
-72.000000
-12.000000
-48.000000
-36.000000
-16.000000
-40.000000
-32.000000
-44.000000
-64.000000
-28.000000
-44.000000
-44.000000
-40.000000
-48.000000
-16.000000
-52.000000
-32.000000
-36.000000
-48.000000
-28.000000
-44.000000
-48.000000
-52.000000
-48.000000
-40.000000
-28.000000
-28.000000
-64.000000
-28.000000
-16.000000
-40.000000
-8.000000
-16.000000
-12.000000
4.000000
-24.000000
-32.000000
-16.000000
-12.000000
-24.000000
-16.000000
-16.000000
0.000000
16.000000
0.000000
-8.000000
-20.000000
-8.000000
-36.000000
-16.000000
-36.000000
-24.000000
-44.000000
-24.000000
-28.000000
-24.000000
-44.000000
-28.000000
-44.000000
-48.000000
-44.000000
-40.000000
-32.000000
-36.000000
-32.000000
-36.000000
-44.000000
-48.000000
-28.000000
-24.000000
-36.000000
-36.000000
-36.000000
-24.000000
-32.000000
-24.000000
-20.000000
4.000000
-12.000000
-44.000000
-36.000000
-16.000000
-40.000000
-16.000000
-56.000000
-44.000000
-52.000000
-28.000000
-48.000000
-64.000000
-56.000000
-40.000000
-72.000000
-60.000000
-68.000000
-64.000000
-52.000000
-80.000000
-64.000000
-64.000000
-56.000000
-60.000000
-64.000000
-80.000000
-48.000000
-48.000000
-52.000000
-52.000000
-80.000000
-72.000000
-56.000000
-48.000000
-88.000000
-96.000000
-84.000000
-56.000000
-76.000000
-48.000000
-84.000000
-56.000000
-76.000000
-40.000000
-36.000000
-28.000000
-36.000000
-8.000000
-36.000000
-28.000000
-56.000000
-40.000000
-48.000000
-44.000000
-72.000000
-60.000000
-68.000000
-60.000000
-36.000000
-56.000000
-48.000000
-60.000000
-60.000000
-64.000000
-48.000000
-72.000000
-32.000000
-68.000000
-80.000000
-76.000000
-48.000000
-44.000000
-16.000000
-52.000000
-68.000000
-32.000000
-28.000000
-80.000000
-4.000000
-84.000000
-28.000000
-40.000000
-60.000000
-60.000000
-56.000000
-52.000000
-32.000000
-32.000000
-24.000000
-44.000000
-28.000000
-36.000000
-12.000000
-16.000000
-36.000000
-24.000000
-20.000000
-40.000000
-16.000000
-32.000000
-44.000000
-48.000000
-56.000000
-52.000000
-56.000000
-40.000000
-40.000000
-36.000000
-28.000000
-56.000000
-32.000000
-28.000000
-48.000000
-28.000000
-56.000000
-40.000000
-24.000000
-44.000000
-40.000000
-24.000000
-36.000000
-32.000000
-20.000000
-48.000000
-52.000000
-36.000000
-28.000000
-12.000000
-12.000000
-44.000000
-52.000000
-56.000000
-48.000000
-40.000000
-24.000000
-32.000000
-32.000000
-28.000000
-36.000000
-48.000000
-20.000000
-40.000000
-32.000000
-36.000000
-52.000000
-24.000000
-60.000000
-88.000000
-68.000000
-60.000000
-36.000000
-48.000000
-44.000000
-36.000000
-44.000000
-60.000000
-28.000000
-72.000000
-44.000000
-16.000000
-24.000000
-56.000000
-36.000000
-28.000000
-20.000000
-40.000000
-36.000000
-36.000000
-36.000000
-36.000000
-28.000000
-20.000000
-36.000000
-20.000000
-52.000000
-28.000000
-24.000000
-8.000000
-32.000000
-28.000000
-36.000000
-92.000000
-72.000000
-48.000000
-12.000000
-44.000000
-52.000000
-64.000000
-44.000000
-36.000000
-36.000000
-56.000000
-64.000000
-40.000000
-76.000000
-72.000000
-84.000000
-44.000000
-76.000000
-44.000000
-12.000000
-16.000000
4.000000
-32.000000
-28.000000
-20.000000
-20.000000
-28.000000
12.000000
-4.000000
-20.000000
0.000000
-28.000000
-44.000000
-44.000000
-32.000000
-68.000000
0.000000
-36.000000
-12.000000
-28.000000
0.000000
-28.000000
-28.000000
-28.000000
-32.000000
-28.000000
-24.000000
-32.000000
-32.000000
-32.000000
-56.000000
-24.000000
-36.000000
-32.000000
-32.000000
-32.000000
-16.000000
-28.000000
-28.000000
-36.000000
-48.000000
-48.000000
-64.000000
-36.000000
-48.000000
-48.000000
-12.000000
-48.000000
-40.000000
-60.000000
-24.000000
-16.000000
-28.000000
-12.000000
-32.000000
-36.000000
-52.000000
-48.000000
-48.000000
-48.000000
-44.000000
-64.000000
-80.000000
-60.000000
-52.000000
-64.000000
-52.000000
-64.000000
-76.000000
-60.000000
-72.000000
-60.000000
-64.000000
-72.000000
-76.000000
-52.000000
-84.000000
-68.000000
-68.000000
-76.000000
-32.000000
-72.000000
-108.000000
-84.000000
-80.000000
-68.000000
-100.000000
-60.000000
-72.000000
-84.000000
-68.000000
-88.000000
-36.000000
-28.000000
-28.000000
-16.000000
-32.000000
-36.000000
-56.000000
-52.000000
-48.000000
-48.000000
-56.000000
-88.000000
-64.000000
-76.000000
-48.000000
-56.000000
-56.000000
-72.000000
-52.000000
-76.000000
-40.000000
-48.000000
-52.000000
-60.000000
-60.000000
-56.000000
-36.000000
-80.000000
-60.000000
-52.000000
-48.000000
-56.000000
-52.000000
-68.000000
-68.000000
-48.000000
-48.000000
-40.000000
-44.000000
-40.000000
-12.000000
-48.000000
-36.000000
-40.000000
-32.000000
-44.000000
-36.000000
-48.000000
-52.000000
-16.000000
-28.000000
4.000000
-24.000000
-40.000000
-24.000000
-32.000000
-36.000000
-64.000000
-76.000000
-48.000000
-36.000000
-48.000000
-36.000000
-60.000000
-56.000000
-36.000000
-44.000000
-32.000000
-36.000000
-28.000000
-64.000000
-48.000000
-36.000000
-52.000000
-36.000000
-32.000000
-12.000000
-32.000000
-36.000000
-40.000000
-44.000000
-8.000000
-28.000000
-48.000000
-48.000000
-16.000000
-24.000000
-32.000000
-24.000000
-52.000000
-32.000000
-48.000000
-28.000000
-16.000000
-40.000000
-36.000000
-36.000000
-28.000000
12.000000
-20.000000
-32.000000
-76.000000
-48.000000
-88.000000
-52.000000
-48.000000
-72.000000
-60.000000
-36.000000
-44.000000
-44.000000
-20.000000
-64.000000
-28.000000
-28.000000
-20.000000
-36.000000
-32.000000
-44.000000
-20.000000
-40.000000
-52.000000
-36.000000
-36.000000
-28.000000
-44.000000
-36.000000
-28.000000
-44.000000
-36.000000
-32.000000
-32.000000
-16.000000
-52.000000
-28.000000
-16.000000
-32.000000
-28.000000
-24.000000
-36.000000
-36.000000
-36.000000
-36.000000
-28.000000
-40.000000
-52.000000
-20.000000
-36.000000
-40.000000
-48.000000
-40.000000
-64.000000
-40.000000
-28.000000
-52.000000
-52.000000
-12.000000
-28.000000
-16.000000
-16.000000
-12.000000
-16.000000
0.000000
-32.000000
-24.000000
4.000000
-48.000000
-16.000000
-24.000000
-24.000000
-12.000000
-32.000000
-20.000000
-20.000000
-16.000000
-16.000000
-20.000000
-32.000000
-52.000000
-48.000000
-48.000000
-36.000000
-32.000000
-40.000000
-44.000000
-36.000000
-52.000000
-36.000000
-16.000000
-64.000000
-28.000000
-28.000000
-28.000000
-44.000000
-44.000000
-28.000000
-40.000000
-48.000000
-40.000000
-44.000000
-48.000000
-52.000000
-40.000000
-28.000000
-32.000000
-48.000000
-40.000000
0.000000
-40.000000
-20.000000
-12.000000
-32.000000
-40.000000
-32.000000
-44.000000
-20.000000
-64.000000
-52.000000
-44.000000
-52.000000
-20.000000
-64.000000
-40.000000
-56.000000
-56.000000
-56.000000
-68.000000
-72.000000
-48.000000
-48.000000
-80.000000
-48.000000
-68.000000
-52.000000
-72.000000
-64.000000
-40.000000
-60.000000
-60.000000
-80.000000
-36.000000
-88.000000
-80.000000
-60.000000
-64.000000
-96.000000
-64.000000
-72.000000
-80.000000
-52.000000
-16.000000
-32.000000
-8.000000
-12.000000
-20.000000
-44.000000
-44.000000
-44.000000
-40.000000
-72.000000
-72.000000
-76.000000
-36.000000
-60.000000
-32.000000
-60.000000
-48.000000
-84.000000
-72.000000
-60.000000
-32.000000
-48.000000
-56.000000
-84.000000
-44.000000
-40.000000
-52.000000
-60.000000
-76.000000
-64.000000
-52.000000
-40.000000
-36.000000
-32.000000
-64.000000
-56.000000
0.000000
-72.000000
-12.000000
-56.000000
-24.000000
-52.000000
-36.000000
-32.000000
-36.000000
-44.000000
-72.000000
-16.000000
-60.000000
-24.000000
-8.000000
-28.000000
0.000000
-44.000000
-24.000000
-36.000000
-40.000000
-40.000000
-24.000000
-52.000000
-20.000000
-48.000000
-28.000000
-68.000000
-28.000000
-44.000000
-40.000000
-44.000000
-32.000000
-40.000000
-36.000000
-24.000000
-36.000000
-44.000000
-52.000000
-48.000000
-64.000000
-32.000000
-36.000000
-36.000000
-28.000000
-32.000000
-40.000000
-24.000000
-20.000000
-36.000000
8.000000
-36.000000
-8.000000
-32.000000
-48.000000
-40.000000
-32.000000
-32.000000
-40.000000
4.000000
-40.000000
-32.000000
4.000000
-32.000000
-8.000000
-52.000000
-68.000000
-36.000000
-56.000000
-76.000000
-56.000000
-76.000000
-56.000000
-24.000000
-80.000000
-32.000000
-48.000000
-32.000000
-16.000000
-48.000000
-32.000000
-16.000000
-48.000000
-28.000000
-12.000000
-28.000000
-40.000000
-32.000000
-28.000000
-12.000000
-8.000000
-24.000000
-44.000000
-24.000000
-16.000000
-36.000000
-32.000000
-16.000000
-28.000000
-16.000000
-28.000000
-20.000000
-20.000000
-24.000000
-20.000000
-32.000000
-20.000000
-44.000000
-36.000000
-24.000000
-24.000000
-36.000000
-36.000000
-32.000000
-48.000000
-56.000000
-60.000000
-64.000000
-44.000000
-36.000000
-40.000000
-24.000000
-4.000000
-16.000000
-32.000000
-28.000000
-16.000000
0.000000
-24.000000
12.000000
-36.000000
-8.000000
-20.000000
-16.000000
-20.000000
-40.000000
-12.000000
-28.000000
-20.000000
-32.000000
-20.000000
-32.000000
-20.000000
-24.000000
-36.000000
-8.000000
-16.000000
-24.000000
-44.000000
-24.000000
-40.000000
-36.000000
-44.000000
-40.000000
-32.000000
-40.000000
-36.000000
-36.000000
-44.000000
-48.000000
-36.000000
-64.000000
-44.000000
-24.000000
-40.000000
-28.000000
-28.000000
-28.000000
-24.000000
-16.000000
-16.000000
-20.000000
-40.000000
-32.000000
-44.000000
-64.000000
-40.000000
-24.000000
-52.000000
-28.000000
-44.000000
-56.000000
-68.000000
-56.000000
-60.000000
-72.000000
-60.000000
-44.000000
-48.000000
-56.000000
-76.000000
-72.000000
-76.000000
-48.000000
-80.000000
-44.000000
-64.000000
-44.000000
-48.000000
-64.000000
-68.000000
-68.000000
-80.000000
-80.000000
-56.000000
-84.000000
-92.000000
-60.000000
-72.000000
-88.000000
-96.000000
-68.000000
-72.000000
-60.000000
-48.000000
-24.000000
-40.000000
-48.000000
-24.000000
-32.000000
-52.000000
-36.000000
-56.000000
-80.000000
-56.000000
-40.000000
-56.000000
-56.000000
-64.000000
-88.000000
-72.000000
-56.000000
-16.000000
-32.000000
-40.000000
-72.000000
-48.000000
-72.000000
-28.000000
-52.000000
-64.000000
-52.000000
-52.000000
-60.000000
-28.000000
-48.000000
-52.000000
-52.000000
-48.000000
-24.000000
-20.000000
-60.000000
-12.000000
-56.000000
-16.000000
-48.000000
-16.000000
-36.000000
-20.000000
-40.000000
-32.000000
-40.000000
-28.000000
-8.000000
-8.000000
-8.000000
-20.000000
-28.000000
-40.000000
-28.000000
-32.000000
-36.000000
-56.000000
-48.000000
-64.000000
-52.000000
-44.000000
-40.000000
-48.000000
-48.000000
-44.000000
-36.000000
-56.000000
-16.000000
-44.000000
-32.000000
-48.000000
-32.000000
-28.000000
-28.000000
-28.000000
-24.000000
-32.000000
4.000000
-12.000000
-20.000000
-12.000000
-24.000000
-44.000000
-28.000000
-12.000000
-8.000000
0.000000
-36.000000
-4.000000
-12.000000
-40.000000
-40.000000
-24.000000
-28.000000
-48.000000
-32.000000
16.000000
-12.000000
-48.000000
-52.000000
-64.000000
-88.000000
-60.000000
-68.000000
-60.000000
-32.000000
-52.000000
-28.000000
-4.000000
-20.000000
-44.000000
-16.000000
-44.000000
-40.000000
-36.000000
-36.000000
-4.000000
-28.000000
-32.000000
-28.000000
-36.000000
-44.000000
-36.000000
-20.000000
-24.000000
-36.000000
-20.000000
-36.000000
-44.000000
-36.000000
-40.000000
-28.000000
-32.000000
-44.000000
-24.000000
-36.000000
-24.000000
-48.000000
-28.000000
-56.000000
-28.000000
-32.000000
-48.000000
-64.000000
-32.000000
-52.000000
-68.000000
-72.000000
-76.000000
-48.000000
-40.000000
-60.000000
-44.000000
-48.000000
-32.000000
-12.000000
-20.000000
-8.000000
-16.000000
-16.000000
-12.000000
-28.000000
-8.000000
-8.000000
-16.000000
-20.000000
-32.000000
4.000000
-40.000000
8.000000
-20.000000
-20.000000
-20.000000
-32.000000
-20.000000
-36.000000
-32.000000
-28.000000
-24.000000
-16.000000
-8.000000
-40.000000
-32.000000
-24.000000
-32.000000
-16.000000
-20.000000
-24.000000
-12.000000
-56.000000
-32.000000
-48.000000
-40.000000
-48.000000
-24.000000
-56.000000
-52.000000
-36.000000
-60.000000
-20.000000
-40.000000
-36.000000
-36.000000
-24.000000
-12.000000
-20.000000
-44.000000
-20.000000
-40.000000
-32.000000
-48.000000
-56.000000
-40.000000
-44.000000
-52.000000
-52.000000
-60.000000
-40.000000
-76.000000
-60.000000
-60.000000
-92.000000
-64.000000
-44.000000
-72.000000
-68.000000
-76.000000
-40.000000
-80.000000
-76.000000
-32.000000
-76.000000
-80.000000
-68.000000
-72.000000
-64.000000
-80.000000
-48.000000
-52.000000
-72.000000
-48.000000
-68.000000
-60.000000
-72.000000
-56.000000
-48.000000
-68.000000
-32.000000
-40.000000
-48.000000
-28.000000
-20.000000
-24.000000
-36.000000
-60.000000
-48.000000
-68.000000
-52.000000
-56.000000
-72.000000
-60.000000
-80.000000
-56.000000
-72.000000
-36.000000
-68.000000
-68.000000
-52.000000
-68.000000
-48.000000
-36.000000
-56.000000
-36.000000
-68.000000
-32.000000
-52.000000
-44.000000
-24.000000
-44.000000
-76.000000
-48.000000
-44.000000
-48.000000
-60.000000
-40.000000
-36.000000
-20.000000
-56.000000
-36.000000
-48.000000
-40.000000
-36.000000
-56.000000
-44.000000
-40.000000
-32.000000
-24.000000
-44.000000
-24.000000
-12.000000
-28.000000
-24.000000
-28.000000
-60.000000
-44.000000
-36.000000
-48.000000
-24.000000
-28.000000
-52.000000
-68.000000
-36.000000
-36.000000
-48.000000
-44.000000
-32.000000
-44.000000
-28.000000
-28.000000
-32.000000
-40.000000
-28.000000
-20.000000
-40.000000
-20.000000
-36.000000
-32.000000
-24.000000
-32.000000
-4.000000
-20.000000
-8.000000
-8.000000
-20.000000
-16.000000
-36.000000
-12.000000
-48.000000
-20.000000
8.000000
-16.000000
-8.000000
-28.000000
-16.000000
-28.000000
-24.000000
-4.000000
-40.000000
-12.000000
-48.000000
-68.000000
-56.000000
-72.000000
-36.000000
-80.000000
-52.000000
-56.000000
-64.000000
-40.000000
-40.000000
-36.000000
-28.000000
-32.000000
-32.000000
0.000000
-4.000000
-16.000000
-16.000000
-40.000000
-24.000000
0.000000
-20.000000
-20.000000
-40.000000
-40.000000
-24.000000
-40.000000
-24.000000
-28.000000
-24.000000
-44.000000
-32.000000
-36.000000
-24.000000
-32.000000
-20.000000
-44.000000
-20.000000
-48.000000
-16.000000
-28.000000
-40.000000
-48.000000
-36.000000
-48.000000
-44.000000
-48.000000
-48.000000
-72.000000
-56.000000
-60.000000
-52.000000
-40.000000
-52.000000
-16.000000
-32.000000
-12.000000
4.000000
-32.000000
-12.000000
-32.000000
-16.000000
-8.000000
-12.000000
4.000000
-8.000000
-36.000000
-16.000000
-12.000000
-12.000000
-32.000000
-20.000000
-12.000000
-32.000000
0.000000
-28.000000
-24.000000
-24.000000
-52.000000
-32.000000
-8.000000
-20.000000
-20.000000
-48.000000
-36.000000
-28.000000
-32.000000
-12.000000
-44.000000
-28.000000
-44.000000
-24.000000
-44.000000
-20.000000
-36.000000
-44.000000
-44.000000
-20.000000
-60.000000
-32.000000
-24.000000
-36.000000
-40.000000
8.000000
-28.000000
-28.000000
-20.000000
-24.000000
-36.000000
-28.000000
-36.000000
-44.000000
-44.000000
-52.000000
-44.000000
-48.000000
-72.000000
-72.000000
-48.000000
-76.000000
-48.000000
-52.000000
-72.000000
-68.000000
-96.000000
-76.000000
-52.000000
-92.000000
-32.000000
-32.000000
-60.000000
-48.000000
-48.000000
-40.000000
-80.000000
-52.000000
-72.000000
-52.000000
-60.000000
-52.000000
-64.000000
-60.000000
-52.000000
-64.000000
-52.000000
-76.000000
-48.000000
-36.000000
-36.000000
-24.000000
-24.000000
-28.000000
-52.000000
-36.000000
-32.000000
-60.000000
-44.000000
-72.000000
-24.000000
-48.000000
-52.000000
-36.000000
-60.000000
-48.000000
-48.000000
-52.000000
-52.000000
-52.000000
-76.000000
-48.000000
-28.000000
-80.000000
-48.000000
-40.000000
-72.000000
-36.000000
-48.000000
-24.000000
-36.000000
-40.000000
-44.000000
-28.000000
-52.000000
-16.000000
-72.000000
-16.000000
-36.000000
-40.000000
-36.000000
-24.000000
-28.000000
-40.000000
-32.000000
-36.000000
-36.000000
-20.000000
-28.000000
-52.000000
8.000000
-8.000000
-24.000000
-36.000000
-16.000000
-36.000000
-20.000000
-32.000000
-20.000000
-48.000000
-20.000000
-36.000000
-68.000000
-48.000000
-44.000000
-36.000000
-32.000000
-36.000000
-24.000000
-32.000000
-36.000000
-28.000000
-24.000000
-32.000000
-28.000000
-28.000000
-36.000000
-12.000000
-24.000000
-48.000000
-16.000000
-36.000000
-20.000000
-36.000000
-16.000000
-32.000000
-20.000000
-16.000000
-32.000000
-44.000000
-24.000000
-24.000000
-36.000000
-56.000000
-36.000000
-36.000000
16.000000
-12.000000
-8.000000
-4.000000
-44.000000
-36.000000
-60.000000
-48.000000
-68.000000
-68.000000
-76.000000
-20.000000
-60.000000
-52.000000
-40.000000
-56.000000
-24.000000
-48.000000
-28.000000
-16.000000
-40.000000
-32.000000
0.000000
-32.000000
-32.000000
-12.000000
-32.000000
-24.000000
4.000000
-16.000000
-36.000000
-12.000000
-32.000000
-28.000000
-20.000000
-32.000000
-40.000000
-16.000000
-16.000000
-24.000000
-44.000000
-40.000000
-28.000000
-40.000000
-36.000000
-24.000000
-36.000000
-44.000000
-24.000000
-52.000000
-24.000000
-32.000000
-44.000000
-36.000000
-52.000000
-52.000000
-60.000000
-28.000000
-52.000000
-48.000000
0.000000
-32.000000
-12.000000
-12.000000
-8.000000
4.000000
-8.000000
-4.000000
-32.000000
-12.000000
-32.000000
-28.000000
-8.000000
-8.000000
-32.000000
-40.000000
-52.000000
-12.000000
-20.000000
-24.000000
-32.000000
-40.000000
-8.000000
-24.000000
-24.000000
-20.000000
4.000000
-24.000000
-16.000000
-16.000000
-32.000000
-24.000000
-32.000000
-44.000000
-44.000000
-32.000000
-28.000000
-48.000000
-32.000000
-52.000000
-52.000000
-36.000000
-12.000000
-64.000000
-40.000000
-32.000000
-36.000000
-36.000000
-48.000000
-12.000000
16.000000
-20.000000
-20.000000
-12.000000
-36.000000
-44.000000
-16.000000
-56.000000
-52.000000
-32.000000
-48.000000
-28.000000
-64.000000
-48.000000
-52.000000
-52.000000
-56.000000
-52.000000
-44.000000
-76.000000
-60.000000
-68.000000
-48.000000
-48.000000
-64.000000
-60.000000
-60.000000
-48.000000
-64.000000
-92.000000
-64.000000
-60.000000
-44.000000
-60.000000
-52.000000
-60.000000
-64.000000
-64.000000
-72.000000
-52.000000
-64.000000
-56.000000
-48.000000
-40.000000
-44.000000
-28.000000
-32.000000
-24.000000
-28.000000
-36.000000
-40.000000
-28.000000
-52.000000
-36.000000
-56.000000
-68.000000
-60.000000
-72.000000
-48.000000
-56.000000
-32.000000
-56.000000
-60.000000
-48.000000
-52.000000
-76.000000
-52.000000
-32.000000
-52.000000
-40.000000
-52.000000
-80.000000
-44.000000
-36.000000
-60.000000
-52.000000
-68.000000
-44.000000
-36.000000
-52.000000
-32.000000
-24.000000
-36.000000
-36.000000
-52.000000
-52.000000
-36.000000
-32.000000
-36.000000
-44.000000
-28.000000
-28.000000
-24.000000
-20.000000
-48.000000
-8.000000
-20.000000
-28.000000
-40.000000
-16.000000
-44.000000
-36.000000
-12.000000
-60.000000
-28.000000
-52.000000
-48.000000
-32.000000
-32.000000
-32.000000
-32.000000
-20.000000
-60.000000
-40.000000
-24.000000
-36.000000
-28.000000
-24.000000
-24.000000
-28.000000
-24.000000
-24.000000
-8.000000
-36.000000
-32.000000
-24.000000
-32.000000
-20.000000
-36.000000
-28.000000
-20.000000
-28.000000
-52.000000
-16.000000
-28.000000
-32.000000
-48.000000
-16.000000
-16.000000
-40.000000
-8.000000
-20.000000
-24.000000
-24.000000
16.000000
-68.000000
-48.000000
-40.000000
-48.000000
-64.000000
-56.000000
-44.000000
-48.000000
-52.000000
-36.000000
-28.000000
-44.000000
-12.000000
-52.000000
-32.000000
-32.000000
-20.000000
-40.000000
-48.000000
-8.000000
-28.000000
-24.000000
-28.000000
-44.000000
-12.000000
-44.000000
-8.000000
-20.000000
-20.000000
-32.000000
-48.000000
-24.000000
-28.000000
-36.000000
-32.000000
-32.000000
-28.000000
-28.000000
-24.000000
-40.000000
-48.000000
-40.000000
-32.000000
-32.000000
