644.000000
856.000000
1084.000000
1256.000000
1336.000000
1328.000000
1244.000000
1032.000000
684.000000
308.000000
-156.000000
-624.000000
-1112.000000
-1556.000000
-1896.000000
-2160.000000
-2280.000000
-2280.000000
-2072.000000
-1716.000000
-1292.000000
-732.000000
-144.000000
468.000000
1012.000000
1504.000000
1880.000000
2108.000000
2168.000000
2136.000000
1900.000000
1584.000000
1156.000000
688.000000
196.000000
-256.000000
-692.000000
-1012.000000
-1244.000000
-1380.000000
-1408.000000
-1348.000000
-1224.000000
-996.000000
-784.000000
-520.000000
-264.000000
-116.000000
-44.000000
-12.000000
-48.000000
-52.000000
-56.000000
-52.000000
-28.000000
-44.000000
-68.000000
-60.000000
-48.000000
-48.000000
-48.000000
-60.000000
-48.000000
-52.000000
-76.000000
-72.000000
-64.000000
-68.000000
-48.000000
-32.000000
-20.000000
-20.000000
-12.000000
-24.000000
-56.000000
0.000000
16.000000
8.000000
-4.000000
-24.000000
-12.000000
-28.000000
-20.000000
-32.000000
-12.000000
-44.000000
-44.000000
-24.000000
-28.000000
-28.000000
-32.000000
-24.000000
-32.000000
-36.000000
-36.000000
-32.000000
-36.000000
-28.000000
-52.000000
-36.000000
-40.000000
-52.000000
-24.000000
-32.000000
-44.000000
-48.000000
-40.000000
-40.000000
-40.000000
-52.000000
-44.000000
-44.000000
-32.000000
-60.000000
-44.000000
-32.000000
-44.000000
-52.000000
-24.000000
-28.000000
-36.000000
-32.000000
-36.000000
-28.000000
-60.000000
-12.000000
-64.000000
-56.000000
-36.000000
-60.000000
-40.000000
-44.000000
-72.000000
-60.000000
-52.000000
-52.000000
-60.000000
-64.000000
-68.000000
-60.000000
-56.000000
-72.000000
-72.000000
-72.000000
-88.000000
-80.000000
-100.000000
-108.000000
-92.000000
-92.000000
-72.000000
-88.000000
-96.000000
-80.000000
-56.000000
-84.000000
-84.000000
-64.000000
-64.000000
-56.000000
-44.000000
-76.000000
-56.000000
-96.000000
-40.000000
-28.000000
-48.000000
-52.000000
-44.000000
-60.000000
-52.000000
-64.000000
-68.000000
-60.000000
-56.000000
-48.000000
-60.000000
-72.000000
-76.000000
-60.000000
-52.000000
-48.000000
-40.000000
-44.000000
-56.000000
-52.000000
-64.000000
-72.000000
-64.000000
-72.000000
-40.000000
-84.000000
-48.000000
-40.000000
-84.000000
-48.000000
-40.000000
-68.000000
-32.000000
-64.000000
-52.000000
-60.000000
-60.000000
-24.000000
-56.000000
-48.000000
-56.000000
-56.000000
-16.000000
-44.000000
-32.000000
-60.000000
-16.000000
-16.000000
-16.000000
-32.000000
-36.000000
-16.000000
-32.000000
-48.000000
-32.000000
-48.000000
-44.000000
-40.000000
-60.000000
-40.000000
-48.000000
-56.000000
-48.000000
-72.000000
-28.000000
-60.000000
-32.000000
-48.000000
-36.000000
-48.000000
-44.000000
-32.000000
-48.000000
-52.000000
-20.000000
-36.000000
-60.000000
-32.000000
-40.000000
-44.000000
-40.000000
-12.000000
-16.000000
-32.000000
-60.000000
-32.000000
-40.000000
-52.000000
-32.000000
-24.000000
-20.000000
-32.000000
-28.000000
-48.000000
-20.000000
-16.000000
-52.000000
-28.000000
-32.000000
-56.000000
-68.000000
-76.000000
-76.000000
-60.000000
-60.000000
-64.000000
-56.000000
-40.000000
-64.000000
-60.000000
-32.000000
-60.000000
-48.000000
-16.000000
-36.000000
-36.000000
-36.000000
-48.000000
-64.000000
-12.000000
-32.000000
-36.000000
-56.000000
-36.000000
-36.000000
-28.000000
-48.000000
-60.000000
-64.000000
-16.000000
-36.000000
-32.000000
-48.000000
-60.000000
-36.000000
-48.000000
-40.000000
-48.000000
-64.000000
-44.000000
-64.000000
-48.000000
-44.000000
-44.000000
-48.000000
-44.000000
-52.000000
-48.000000
-72.000000
-60.000000
-88.000000
-60.000000
-68.000000
-56.000000
-24.000000
-28.000000
-20.000000
-28.000000
-48.000000
-24.000000
-32.000000
-24.000000
-36.000000
-48.000000
-24.000000
-44.000000
-32.000000
-32.000000
-28.000000
-24.000000
-16.000000
-28.000000
-28.000000
-20.000000
-52.000000
-36.000000
-48.000000
-44.000000
-28.000000
-52.000000
-36.000000
-36.000000
-60.000000
-28.000000
-36.000000
-64.000000
-32.000000
-52.000000
-36.000000
-64.000000
-48.000000
-24.000000
-44.000000
-40.000000
-44.000000
-64.000000
-44.000000
-56.000000
-28.000000
-48.000000
-20.000000
-8.000000
-24.000000
-64.000000
-16.000000
-44.000000
-56.000000
-32.000000
-44.000000
-52.000000
-48.000000
-52.000000
-48.000000
-52.000000
-64.000000
-72.000000
-52.000000
-84.000000
-52.000000
-56.000000
-72.000000
-64.000000
-80.000000
-92.000000
-56.000000
-60.000000
-92.000000
-80.000000
-64.000000
-76.000000
-44.000000
-76.000000
-100.000000
-60.000000
-72.000000
-56.000000
-80.000000
-76.000000
-80.000000
-80.000000
-56.000000
-84.000000
-84.000000
-56.000000
-68.000000
-80.000000
-52.000000
-68.000000
-52.000000
-48.000000
-44.000000
-52.000000
-20.000000
-64.000000
-52.000000
-52.000000
-72.000000
-72.000000
-92.000000
-60.000000
-72.000000
-84.000000
-64.000000
-64.000000
-52.000000
-52.000000
-60.000000
-80.000000
-76.000000
-36.000000
-64.000000
-56.000000
-56.000000
-104.000000
-76.000000
-56.000000
-44.000000
-60.000000
-72.000000
-20.000000
-72.000000
-76.000000
-56.000000
-56.000000
-52.000000
-28.000000
-80.000000
-48.000000
-48.000000
-44.000000
-44.000000
-44.000000
-40.000000
-32.000000
-48.000000
-40.000000
-36.000000
-28.000000
-8.000000
-28.000000
-12.000000
-32.000000
-20.000000
-32.000000
-44.000000
-32.000000
-60.000000
-40.000000
-56.000000
-64.000000
-40.000000
-48.000000
-64.000000
-64.000000
-48.000000
-56.000000
-52.000000
-48.000000
-36.000000
-56.000000
-52.000000
-44.000000
-44.000000
-36.000000
-20.000000
-44.000000
-32.000000
-16.000000
-32.000000
-32.000000
-32.000000
-60.000000
-40.000000
-44.000000
-32.000000
-36.000000
-44.000000
-32.000000
-16.000000
-52.000000
-52.000000
-32.000000
-20.000000
-36.000000
-36.000000
-16.000000
-20.000000
-12.000000
-40.000000
-48.000000
-68.000000
-88.000000
-60.000000
-44.000000
-64.000000
-36.000000
-56.000000
-72.000000
-32.000000
-44.000000
-56.000000
-84.000000
-44.000000
-60.000000
-28.000000
-48.000000
-32.000000
-36.000000
-36.000000
-44.000000
-44.000000
-32.000000
-64.000000
-48.000000
-28.000000
-40.000000
-48.000000
-48.000000
-44.000000
-52.000000
-40.000000
-40.000000
-56.000000
-68.000000
-48.000000
-72.000000
-52.000000
-52.000000
-76.000000
-20.000000
-32.000000
-44.000000
-40.000000
-52.000000
-56.000000
-32.000000
-60.000000
-60.000000
-92.000000
-72.000000
-64.000000
-72.000000
-60.000000
-60.000000
-44.000000
-32.000000
-16.000000
-28.000000
-48.000000
-16.000000
-64.000000
-16.000000
-20.000000
-20.000000
-16.000000
-8.000000
-44.000000
-48.000000
-72.000000
-52.000000
-32.000000
-40.000000
-28.000000
-36.000000
-52.000000
-16.000000
-48.000000
-40.000000
-28.000000
-56.000000
-24.000000
-64.000000
-48.000000
-32.000000
-48.000000
-44.000000
-48.000000
-32.000000
-36.000000
-48.000000
-60.000000
-36.000000
-64.000000
-36.000000
-40.000000
-48.000000
-60.000000
-48.000000
-52.000000
-44.000000
-64.000000
-32.000000
-48.000000
-56.000000
-40.000000
-32.000000
-36.000000
-24.000000
-52.000000
-36.000000
-44.000000
-44.000000
-32.000000
-52.000000
-52.000000
-52.000000
-60.000000
-52.000000
-52.000000
-72.000000
-80.000000
-44.000000
-64.000000
-64.000000
-44.000000
-76.000000
-72.000000
-96.000000
-76.000000
-76.000000
-52.000000
-72.000000
-88.000000
-36.000000
-76.000000
-68.000000
-60.000000
-76.000000
-60.000000
-76.000000
-32.000000
-48.000000
-28.000000
-92.000000
-72.000000
-72.000000
-36.000000
-60.000000
-40.000000
-28.000000
-24.000000
-60.000000
-24.000000
-44.000000
-32.000000
-60.000000
-52.000000
-48.000000
-48.000000
-64.000000
-32.000000
-96.000000
-40.000000
-48.000000
-56.000000
-52.000000
-72.000000
-56.000000
-60.000000
-80.000000
-56.000000
-32.000000
-64.000000
-56.000000
-44.000000
-36.000000
-48.000000
-48.000000
-64.000000
-56.000000
-52.000000
-52.000000
-36.000000
-40.000000
-36.000000
-36.000000
-32.000000
-48.000000
-44.000000
-52.000000
-28.000000
-24.000000
-36.000000
-44.000000
-24.000000
-52.000000
-52.000000
-40.000000
-28.000000
-36.000000
-20.000000
-24.000000
-24.000000
-28.000000
-32.000000
-48.000000
-32.000000
-36.000000
-36.000000
-56.000000
-28.000000
-60.000000
-52.000000
-56.000000
-44.000000
-32.000000
-40.000000
-28.000000
-48.000000
-28.000000
-48.000000
-28.000000
-44.000000
-20.000000
-32.000000
-48.000000
-44.000000
-40.000000
-40.000000
-32.000000
-44.000000
-36.000000
-32.000000
-36.000000
-24.000000
-20.000000
-52.000000
-36.000000
-16.000000
-24.000000
-8.000000
-12.000000
12.000000
-32.000000
-20.000000
-52.000000
-44.000000
-36.000000
-16.000000
-64.000000
-92.000000
-84.000000
-52.000000
-48.000000
-56.000000
-48.000000
-60.000000
-56.000000
-28.000000
-48.000000
-24.000000
-32.000000
-28.000000
-28.000000
-56.000000
-48.000000
-52.000000
-48.000000
-20.000000
-52.000000
-52.000000
-44.000000
-36.000000
0.000000
-40.000000
-12.000000
-64.000000
-28.000000
-32.000000
-24.000000
-40.000000
-40.000000
-52.000000
-20.000000
-32.000000
-36.000000
-16.000000
4.000000
-24.000000
-24.000000
-44.000000
-44.000000
-28.000000
-36.000000
-52.000000
-68.000000
-28.000000
-60.000000
-88.000000
-60.000000
-80.000000
-60.000000
-64.000000
-28.000000
-60.000000
-12.000000
-20.000000
-20.000000
-28.000000
-32.000000
-36.000000
-24.000000
-36.000000
-28.000000
-28.000000
-20.000000
-40.000000
-16.000000
-24.000000
-20.000000
-32.000000
-44.000000
-28.000000
-36.000000
-24.000000
-36.000000
-48.000000
-20.000000
-32.000000
-36.000000
-36.000000
-48.000000
-28.000000
-40.000000
-36.000000
-28.000000
-32.000000
-32.000000
-40.000000
-32.000000
-40.000000
-36.000000
-28.000000
-64.000000
-44.000000
-12.000000
-12.000000
-36.000000
-68.000000
-44.000000
-52.000000
-48.000000
-12.000000
-28.000000
-28.000000
-36.000000
-28.000000
-36.000000
-48.000000
-40.000000
-44.000000
-44.000000
-52.000000
-48.000000
-80.000000
-44.000000
-60.000000
-44.000000
-72.000000
-52.000000
-52.000000
-72.000000
-68.000000
-68.000000
-52.000000
-56.000000
-64.000000
-68.000000
-68.000000
-68.000000
-60.000000
-44.000000
-76.000000
-56.000000
-52.000000
-72.000000
-72.000000
-52.000000
-64.000000
-52.000000
-40.000000
-92.000000
-72.000000
-56.000000
-84.000000
-80.000000
-52.000000
-76.000000
-44.000000
-8.000000
-20.000000
-44.000000
-48.000000
-40.000000
-56.000000
-68.000000
-32.000000
-60.000000
-52.000000
-48.000000
-56.000000
-80.000000
-72.000000
-68.000000
-60.000000
-64.000000
-68.000000
-40.000000
-40.000000
-68.000000
-56.000000
-48.000000
-60.000000
-40.000000
-60.000000
-52.000000
-32.000000
-60.000000
-32.000000
-48.000000
-36.000000
-36.000000
-48.000000
-16.000000
-60.000000
-40.000000
-44.000000
-64.000000
-36.000000
-40.000000
-48.000000
-48.000000
-52.000000
-48.000000
-48.000000
-60.000000
-32.000000
-12.000000
-8.000000
-8.000000
-32.000000
-28.000000
-32.000000
-48.000000
-36.000000
-52.000000
-48.000000
-40.000000
-40.000000
-48.000000
-44.000000
-52.000000
-44.000000
-48.000000
-28.000000
-48.000000
-40.000000
-44.000000
-40.000000
-52.000000
-48.000000
-36.000000
-32.000000
-60.000000
-24.000000
-40.000000
-48.000000
-16.000000
-36.000000
-40.000000
-28.000000
-24.000000
-52.000000
-48.000000
-36.000000
-44.000000
-52.000000
-24.000000
-48.000000
-52.000000
-36.000000
-28.000000
-12.000000
-36.000000
-16.000000
-36.000000
-24.000000
-72.000000
-28.000000
-44.000000
-60.000000
-64.000000
-64.000000
-96.000000
-80.000000
-60.000000
-40.000000
-64.000000
-52.000000
-68.000000
-40.000000
-32.000000
-36.000000
-28.000000
-28.000000
-48.000000
-36.000000
-32.000000
-28.000000
-32.000000
-76.000000
-48.000000
-48.000000
-60.000000
-48.000000
-44.000000
-32.000000
-60.000000
-32.000000
-16.000000
-36.000000
-28.000000
-48.000000
-32.000000
-16.000000
-16.000000
-32.000000
-32.000000
-32.000000
-48.000000
-28.000000
-48.000000
-32.000000
-36.000000
-40.000000
-48.000000
-44.000000
-48.000000
-40.000000
-60.000000
-64.000000
-44.000000
-28.000000
-36.000000
-40.000000
-16.000000
-16.000000
-40.000000
-4.000000
-40.000000
-12.000000
-20.000000
-28.000000
-4.000000
-4.000000
-16.000000
-32.000000
-12.000000
-44.000000
-8.000000
-40.000000
-20.000000
-24.000000
-36.000000
-32.000000
-52.000000
-32.000000
-4.000000
-24.000000
-36.000000
-20.000000
-48.000000
-36.000000
-56.000000
-64.000000
-32.000000
-64.000000
-52.000000
-40.000000
-60.000000
-44.000000
-28.000000
-28.000000
-60.000000
-56.000000
-48.000000
-56.000000
-24.000000
-56.000000
-40.000000
-36.000000
-40.000000
-52.000000
-44.000000
-36.000000
-12.000000
-20.000000
-32.000000
-28.000000
-48.000000
-52.000000
-36.000000
-52.000000
-64.000000
-64.000000
-52.000000
-68.000000
-76.000000
-88.000000
-72.000000
-80.000000
-48.000000
-72.000000
-92.000000
-64.000000
-88.000000
-72.000000
-76.000000
-60.000000
-60.000000
-60.000000
-88.000000
-64.000000
-92.000000
-96.000000
-80.000000
-60.000000
-84.000000
-64.000000
-80.000000
-64.000000
-80.000000
-56.000000
-92.000000
-76.000000
-64.000000
-60.000000
-76.000000
-32.000000
-40.000000
-16.000000
-32.000000
-40.000000
-48.000000
-60.000000
-64.000000
-72.000000
-72.000000
-68.000000
-84.000000
-32.000000
-80.000000
-52.000000
-40.000000
-84.000000
-68.000000
-80.000000
-64.000000
-32.000000
-88.000000
-36.000000
-52.000000
-68.000000
-36.000000
-28.000000
-68.000000
-60.000000
-64.000000
-40.000000
-28.000000
-80.000000
-40.000000
-48.000000
-24.000000
-52.000000
-24.000000
-56.000000
-32.000000
-40.000000
-64.000000
-52.000000
-28.000000
-36.000000
-32.000000
-56.000000
-24.000000
-32.000000
-12.000000
-16.000000
20.000000
-12.000000
-4.000000
-12.000000
-24.000000
-16.000000
-44.000000
-40.000000
-44.000000
-48.000000
-32.000000
-32.000000
-40.000000
-36.000000
-40.000000
-40.000000
-24.000000
-28.000000
-32.000000
-28.000000
-48.000000
-60.000000
-24.000000
12.000000
-12.000000
-32.000000
-16.000000
-40.000000
-48.000000
-8.000000
-12.000000
-16.000000
-24.000000
-32.000000
-24.000000
-28.000000
-4.000000
-28.000000
-32.000000
-28.000000
-32.000000
-16.000000
-24.000000
0.000000
-36.000000
-24.000000
-16.000000
-28.000000
-12.000000
-40.000000
-36.000000
-44.000000
-52.000000
-80.000000
-56.000000
-60.000000
-40.000000
-28.000000
-76.000000
-48.000000
-36.000000
-28.000000
-24.000000
-28.000000
-40.000000
-16.000000
-44.000000
-32.000000
-32.000000
-16.000000
-16.000000
-24.000000
-4.000000
-24.000000
-28.000000
-16.000000
-48.000000
-12.000000
-44.000000
-12.000000
-36.000000
-52.000000
-48.000000
-8.000000
-36.000000
-28.000000
-44.000000
0.000000
-40.000000
-36.000000
-44.000000
-24.000000
-56.000000
-36.000000
-60.000000
-72.000000
-40.000000
-48.000000
-40.000000
-64.000000
-84.000000
-44.000000
-84.000000
-60.000000
-68.000000
-32.000000
-20.000000
4.000000
-16.000000
-24.000000
-16.000000
-48.000000
-32.000000
-16.000000
0.000000
-24.000000
-28.000000
-16.000000
-48.000000
-24.000000
-20.000000
-36.000000
-8.000000
-36.000000
-24.000000
-36.000000
-32.000000
-44.000000
-24.000000
-48.000000
-28.000000
-36.000000
-36.000000
-28.000000
-28.000000
-36.000000
-28.000000
-36.000000
-32.000000
-28.000000
-52.000000
-28.000000
-44.000000
-48.000000
-52.000000
-40.000000
-48.000000
-36.000000
-36.000000
-64.000000
-40.000000
-52.000000
-40.000000
-40.000000
-60.000000
8.000000
-28.000000
-24.000000
-32.000000
-36.000000
-48.000000
-40.000000
-48.000000
-40.000000
-52.000000
-56.000000
-64.000000
-60.000000
-48.000000
-44.000000
-76.000000
-68.000000
-60.000000
-60.000000
-80.000000
-88.000000
-68.000000
-32.000000
-80.000000
-84.000000
-48.000000
-84.000000
-84.000000
-76.000000
-80.000000
-80.000000
-80.000000
-56.000000
-60.000000
-92.000000
-80.000000
-48.000000
-88.000000
-52.000000
-96.000000
-80.000000
-56.000000
-96.000000
-64.000000
-60.000000
-44.000000
-56.000000
-24.000000
-28.000000
-44.000000
-64.000000
-48.000000
-52.000000
-48.000000
-56.000000
-72.000000
-72.000000
-68.000000
-76.000000
-84.000000
-64.000000
-76.000000
-80.000000
-44.000000
-64.000000
-52.000000
-36.000000
-56.000000
-56.000000
-52.000000
-60.000000
-64.000000
-72.000000
-44.000000
-80.000000
-44.000000
-56.000000
-52.000000
-60.000000
-52.000000
-80.000000
-56.000000
-60.000000
-36.000000
-44.000000
-60.000000
-44.000000
-60.000000
-36.000000
-48.000000
-44.000000
-40.000000
-32.000000
-36.000000
0.000000
-28.000000
-44.000000
-20.000000
-36.000000
-40.000000
-40.000000
-68.000000
-44.000000
-56.000000
-40.000000
-48.000000
-44.000000
-44.000000
-48.000000
-60.000000
-44.000000
-48.000000
-36.000000
-44.000000
-40.000000
-20.000000
-40.000000
-44.000000
-36.000000
-44.000000
-48.000000
-32.000000
-32.000000
-28.000000
-24.000000
-48.000000
-48.000000
0.000000
-20.000000
-44.000000
-32.000000
-8.000000
-20.000000
-20.000000
-28.000000
-20.000000
-28.000000
0.000000
-28.000000
-32.000000
-16.000000
-28.000000
-8.000000
-32.000000
-36.000000
-52.000000
-64.000000
-48.000000
-48.000000
-60.000000
-68.000000
-64.000000
-56.000000
-40.000000
-52.000000
-28.000000
-36.000000
-24.000000
-12.000000
-20.000000
-20.000000
-28.000000
-20.000000
-28.000000
-52.000000
0.000000
-16.000000
-48.000000
-60.000000
-24.000000
-28.000000
-36.000000
-20.000000
-12.000000
-56.000000
-24.000000
-32.000000
-24.000000
-36.000000
-24.000000
-52.000000
-52.000000
-32.000000
-48.000000
-40.000000
-44.000000
-32.000000
-32.000000
-36.000000
-48.000000
-36.000000
-32.000000
-36.000000
-24.000000
-52.000000
-64.000000
-48.000000
-64.000000
-52.000000
-52.000000
-16.000000
-20.000000
-64.000000
-4.000000
-52.000000
4.000000
0.000000
-16.000000
-16.000000
0.000000
0.000000
-16.000000
-40.000000
-12.000000
-28.000000
-20.000000
-12.000000
-20.000000
-12.000000
-48.000000
-12.000000
-12.000000
-32.000000
-16.000000
-56.000000
-20.000000
-48.000000
-16.000000
-16.000000
-60.000000
-52.000000
-48.000000
-24.000000
-40.000000
-28.000000
-20.000000
-36.000000
-40.000000
-36.000000
-32.000000
-32.000000
-36.000000
-28.000000
-60.000000
-36.000000
-56.000000
-12.000000
-40.000000
-32.000000
-20.000000
-32.000000
-16.000000
-36.000000
-52.000000
-32.000000
-44.000000
-52.000000
-28.000000
-48.000000
-32.000000
-48.000000
-36.000000
-36.000000
-44.000000
-60.000000
-64.000000
-76.000000
-44.000000
-40.000000
-52.000000
-40.000000
-80.000000
-76.000000
-80.000000
-88.000000
-56.000000
-48.000000
-56.000000
-76.000000
-88.000000
-68.000000
-56.000000
-60.000000
-52.000000
-76.000000
-52.000000
-68.000000
-76.000000
-48.000000
-88.000000
-44.000000
-76.000000
-80.000000
-80.000000
-32.000000
-24.000000
-16.000000
-24.000000
-28.000000
-60.000000
-44.000000
-48.000000
-68.000000
-48.000000
-44.000000
-72.000000
-72.000000
-60.000000
-64.000000
-68.000000
-68.000000
-44.000000
-44.000000
-40.000000
-64.000000
-32.000000
-64.000000
-24.000000
-80.000000
-60.000000
-60.000000
-44.000000
-24.000000
-76.000000
-16.000000
-72.000000
-40.000000
-40.000000
-80.000000
-44.000000
-24.000000
-28.000000
-64.000000
-32.000000
-36.000000
-32.000000
-12.000000
-44.000000
-40.000000
-24.000000
-52.000000
-32.000000
-28.000000
-32.000000
-20.000000
-24.000000
-28.000000
-44.000000
-36.000000
-48.000000
-32.000000
-48.000000
-48.000000
-76.000000
-52.000000
-64.000000
-60.000000
-56.000000
-32.000000
-44.000000
-28.000000
-44.000000
-40.000000
-40.000000
-40.000000
-52.000000
-44.000000
-40.000000
-44.000000
-24.000000
-36.000000
-36.000000
-48.000000
-40.000000
-28.000000
-48.000000
-52.000000
-60.000000
-44.000000
-24.000000
-32.000000
-8.000000
0.000000
-24.000000
-40.000000
-28.000000
-56.000000
-16.000000
-20.000000
-52.000000
-12.000000
-24.000000
-36.000000
-4.000000
-36.000000
-76.000000
-80.000000
-60.000000
-44.000000
-52.000000
-28.000000
-36.000000
-64.000000
-60.000000
-48.000000
-60.000000
-40.000000
-24.000000
-28.000000
-24.000000
-48.000000
-52.000000
-16.000000
-16.000000
-32.000000
-36.000000
-44.000000
-64.000000
-28.000000
-44.000000
-24.000000
-52.000000
-28.000000
-16.000000
-36.000000
-44.000000
-40.000000
-28.000000
-32.000000
-16.000000
-16.000000
-60.000000
-28.000000
-40.000000
-36.000000
-44.000000
-36.000000
-44.000000
-32.000000
-60.000000
-44.000000
-60.000000
-52.000000
-32.000000
-76.000000
-64.000000
-56.000000
-48.000000
-40.000000
-16.000000
-8.000000
0.000000
-12.000000
-4.000000
-24.000000
12.000000
-32.000000
-32.000000
-12.000000
-16.000000
-20.000000
-8.000000
-8.000000
-28.000000
-36.000000
-28.000000
-20.000000
-40.000000
-16.000000
-28.000000
-20.000000
-28.000000
-20.000000
-36.000000
-20.000000
-52.000000
-24.000000
-48.000000
-52.000000
-20.000000
-36.000000
-32.000000
-44.000000
-36.000000
-32.000000
-48.000000
-20.000000
-68.000000
-44.000000
-36.000000
-44.000000
-48.000000
-52.000000
-40.000000
-60.000000
-36.000000
-36.000000
-28.000000
-36.000000
-40.000000
-44.000000
-48.000000
-12.000000
-28.000000
-36.000000
-24.000000
-44.000000
-32.000000
-40.000000
-36.000000
-76.000000
-80.000000
-64.000000
-48.000000
-72.000000
-60.000000
-48.000000
-80.000000
-60.000000
-68.000000
-88.000000
-64.000000
-60.000000
-52.000000
-72.000000
-80.000000
-80.000000
-76.000000
-92.000000
-48.000000
-72.000000
-64.000000
-80.000000
-84.000000
-72.000000
-64.000000
-92.000000
-60.000000
-36.000000
-76.000000
-56.000000
-72.000000
-48.000000
-72.000000
-64.000000
-44.000000
-44.000000
4.000000
-48.000000
-28.000000
-48.000000
-44.000000
-48.000000
-40.000000
-56.000000
-68.000000
-48.000000
-60.000000
-72.000000
-64.000000
-52.000000
-56.000000
-48.000000
-72.000000
-64.000000
-52.000000
-56.000000
-48.000000
-84.000000
-48.000000
-68.000000
-40.000000
-24.000000
-52.000000
-48.000000
-52.000000
-84.000000
-48.000000
-52.000000
-40.000000
-36.000000
-76.000000
-36.000000
-16.000000
-60.000000
-52.000000
-68.000000
-28.000000
-44.000000
-20.000000
-48.000000
-52.000000
-28.000000
-36.000000
0.000000
0.000000
0.000000
-32.000000
-32.000000
-36.000000
-48.000000
-48.000000
-28.000000
-52.000000
-40.000000
-40.000000
-64.000000
-52.000000
-48.000000
-48.000000
-60.000000
-48.000000
-32.000000
-36.000000
-48.000000
-40.000000
-36.000000
-40.000000
-52.000000
-32.000000
-40.000000
-32.000000
-44.000000
-20.000000
-28.000000
-36.000000
-32.000000
-40.000000
-32.000000
-40.000000
-8.000000
-40.000000
-32.000000
-32.000000
-28.000000
-28.000000
-40.000000
-20.000000
-20.000000
-24.000000
-28.000000
-28.000000
-40.000000
-12.000000
-40.000000
-36.000000
-60.000000
-68.000000
-52.000000
-28.000000
-88.000000
-40.000000
-76.000000
-44.000000
-64.000000
-28.000000
-40.000000
-48.000000
-68.000000
-48.000000
-24.000000
-64.000000
-28.000000
-44.000000
-36.000000
-36.000000
-60.000000
-40.000000
-40.000000
-20.000000
-36.000000
-52.000000
-4.000000
-32.000000
-48.000000
-48.000000
-20.000000
-28.000000
