476.000000
732.000000
1008.000000
1144.000000
1280.000000
1332.000000
1240.000000
1072.000000
824.000000
440.000000
4.000000
-460.000000
-916.000000
-1380.000000
-1768.000000
-2064.000000
-2208.000000
-2268.000000
-2136.000000
-1860.000000
-1448.000000
-964.000000
-424.000000
192.000000
796.000000
1296.000000
1748.000000
2008.000000
2120.000000
2140.000000
1984.000000
1712.000000
1332.000000
880.000000
392.000000
-68.000000
-520.000000
-908.000000
-1176.000000
-1344.000000
-1416.000000
-1424.000000
-1280.000000
-1112.000000
-888.000000
-624.000000
-372.000000
-160.000000
-48.000000
-12.000000
-16.000000
-28.000000
-32.000000
-52.000000
-20.000000
-28.000000
-28.000000
-40.000000
-40.000000
-20.000000
-36.000000
-28.000000
-16.000000
-12.000000
-28.000000
-4.000000
-48.000000
-16.000000
-64.000000
-52.000000
-40.000000
-48.000000
-44.000000
-32.000000
-28.000000
-52.000000
-28.000000
-64.000000
-52.000000
-28.000000
-40.000000
-36.000000
-40.000000
-36.000000
-28.000000
-32.000000
-44.000000
-32.000000
-20.000000
-20.000000
-36.000000
-16.000000
-36.000000
-36.000000
-28.000000
-40.000000
-20.000000
-28.000000
-36.000000
-20.000000
-32.000000
-24.000000
-28.000000
-16.000000
-12.000000
-24.000000
-32.000000
-24.000000
8.000000
0.000000
-16.000000
-32.000000
-20.000000
-64.000000
-68.000000
-44.000000
-88.000000
-44.000000
-96.000000
-68.000000
-40.000000
-44.000000
-32.000000
-48.000000
-48.000000
-40.000000
-48.000000
-36.000000
-24.000000
-32.000000
-4.000000
-32.000000
-48.000000
-36.000000
-36.000000
-36.000000
-28.000000
-8.000000
-24.000000
-36.000000
-32.000000
-24.000000
-16.000000
-52.000000
-24.000000
-24.000000
-44.000000
-24.000000
-24.000000
-60.000000
-12.000000
-36.000000
-32.000000
-32.000000
-44.000000
-52.000000
-32.000000
-36.000000
-28.000000
-52.000000
-44.000000
-28.000000
-60.000000
-52.000000
-52.000000
-88.000000
-40.000000
-44.000000
-32.000000
-12.000000
-20.000000
-12.000000
-32.000000
-4.000000
0.000000
-24.000000
-48.000000
-12.000000
4.000000
-20.000000
-16.000000
-28.000000
-24.000000
-12.000000
-28.000000
-20.000000
-36.000000
-8.000000
-48.000000
-28.000000
-28.000000
-8.000000
-48.000000
-32.000000
-36.000000
-16.000000
-28.000000
-32.000000
-32.000000
-28.000000
-16.000000
4.000000
-40.000000
-28.000000
-20.000000
-36.000000
-28.000000
-48.000000
-48.000000
-48.000000
-32.000000
-36.000000
-60.000000
-24.000000
-40.000000
-16.000000
-48.000000
-24.000000
-12.000000
-44.000000
-36.000000
-24.000000
-12.000000
-36.000000
-60.000000
-28.000000
-32.000000
-40.000000
-48.000000
-52.000000
-44.000000
-68.000000
-36.000000
-36.000000
-72.000000
-64.000000
-48.000000
-72.000000
-76.000000
-76.000000
-76.000000
-52.000000
-64.000000
-40.000000
-48.000000
-108.000000
-64.000000
-24.000000
-56.000000
-52.000000
-56.000000
-68.000000
-56.000000
-48.000000
-64.000000
-76.000000
-48.000000
-72.000000
-56.000000
-72.000000
-60.000000
-72.000000
-36.000000
-16.000000
-48.000000
-56.000000
-40.000000
-52.000000
-40.000000
-56.000000
-44.000000
-60.000000
-52.000000
-60.000000
-76.000000
-64.000000
-64.000000
-32.000000
-60.000000
-52.000000
-76.000000
-76.000000
-48.000000
-76.000000
-72.000000
-48.000000
-32.000000
-40.000000
-56.000000
-24.000000
-52.000000
-48.000000
-76.000000
-40.000000
-40.000000
-68.000000
-48.000000
-32.000000
-16.000000
-44.000000
-52.000000
-32.000000
-60.000000
-32.000000
-44.000000
-52.000000
-32.000000
-40.000000
-56.000000
-40.000000
-32.000000
-28.000000
-12.000000
0.000000
-40.000000
-12.000000
-28.000000
-12.000000
-32.000000
-48.000000
-44.000000
-32.000000
-32.000000
-36.000000
-52.000000
-48.000000
-40.000000
-44.000000
-60.000000
-20.000000
-36.000000
-48.000000
-40.000000
-40.000000
-36.000000
-32.000000
-44.000000
-40.000000
-36.000000
-28.000000
-12.000000
-32.000000
-44.000000
-8.000000
-36.000000
-28.000000
4.000000
-12.000000
-36.000000
-40.000000
-12.000000
-36.000000
-56.000000
-4.000000
-36.000000
-40.000000
-20.000000
-8.000000
-16.000000
-20.000000
-32.000000
-36.000000
-16.000000
-64.000000
-24.000000
-40.000000
-64.000000
-72.000000
-56.000000
-80.000000
-52.000000
-40.000000
-56.000000
-28.000000
-56.000000
-44.000000
-32.000000
-36.000000
-12.000000
-36.000000
-36.000000
-44.000000
-24.000000
-52.000000
-36.000000
-56.000000
-48.000000
-24.000000
-24.000000
-24.000000
-28.000000
-52.000000
-12.000000
-28.000000
-32.000000
-28.000000
-44.000000
-20.000000
-32.000000
-48.000000
-32.000000
-32.000000
-12.000000
-24.000000
-28.000000
-28.000000
-56.000000
-20.000000
-36.000000
-36.000000
-40.000000
-60.000000
-68.000000
-44.000000
-72.000000
-68.000000
-68.000000
-60.000000
-52.000000
-28.000000
-8.000000
-12.000000
-24.000000
0.000000
-16.000000
-12.000000
0.000000
-4.000000
-20.000000
-16.000000
-32.000000
-16.000000
-36.000000
-12.000000
-28.000000
-12.000000
-28.000000
-16.000000
-48.000000
-32.000000
-12.000000
-36.000000
-24.000000
-8.000000
-52.000000
-8.000000
-24.000000
-36.000000
-44.000000
-48.000000
-32.000000
-16.000000
-20.000000
-32.000000
-56.000000
-12.000000
-40.000000
-24.000000
-16.000000
-48.000000
-40.000000
-44.000000
-60.000000
-60.000000
-28.000000
-20.000000
-24.000000
-16.000000
-20.000000
-44.000000
-24.000000
-12.000000
-40.000000
-16.000000
-28.000000
-44.000000
-44.000000
-56.000000
-52.000000
-44.000000
-32.000000
-64.000000
-64.000000
-60.000000
-36.000000
-52.000000
-44.000000
-64.000000
-80.000000
-72.000000
-60.000000
-52.000000
-48.000000
-24.000000
-96.000000
-52.000000
-36.000000
-60.000000
-60.000000
-68.000000
-56.000000
-56.000000
-88.000000
-60.000000
-88.000000
-40.000000
-76.000000
-44.000000
-84.000000
-52.000000
-84.000000
-72.000000
-48.000000
-16.000000
-36.000000
-12.000000
-20.000000
-24.000000
-40.000000
-44.000000
-44.000000
-44.000000
-72.000000
-72.000000
-40.000000
-64.000000
-68.000000
-52.000000
-80.000000
-60.000000
-44.000000
-64.000000
-84.000000
-60.000000
-40.000000
-64.000000
-52.000000
-44.000000
-64.000000
-32.000000
-56.000000
-56.000000
-48.000000
-40.000000
-56.000000
-52.000000
-44.000000
-72.000000
-28.000000
-52.000000
-36.000000
-80.000000
-32.000000
-48.000000
-28.000000
-52.000000
-32.000000
-36.000000
-52.000000
-40.000000
-32.000000
-16.000000
-16.000000
-12.000000
-40.000000
-16.000000
-8.000000
-40.000000
-32.000000
-44.000000
-28.000000
-48.000000
-40.000000
-48.000000
-48.000000
-20.000000
-72.000000
-32.000000
-56.000000
-36.000000
-28.000000
-44.000000
-24.000000
-36.000000
-16.000000
-36.000000
-36.000000
-40.000000
-36.000000
-32.000000
-32.000000
-44.000000
-24.000000
-20.000000
-28.000000
-24.000000
-24.000000
-28.000000
-28.000000
8.000000
-20.000000
-28.000000
-12.000000
-28.000000
0.000000
-24.000000
-32.000000
-28.000000
-32.000000
-32.000000
-16.000000
-24.000000
-4.000000
-48.000000
-64.000000
-28.000000
-56.000000
-60.000000
-60.000000
-36.000000
-48.000000
-64.000000
-40.000000
-48.000000
-16.000000
-32.000000
-44.000000
-12.000000
-12.000000
-36.000000
-44.000000
-32.000000
-48.000000
-12.000000
-20.000000
-16.000000
-20.000000
-32.000000
-20.000000
-52.000000
-28.000000
-36.000000
-28.000000
-32.000000
-24.000000
-24.000000
-40.000000
-40.000000
-36.000000
-28.000000
-32.000000
-36.000000
-28.000000
-48.000000
-40.000000
-40.000000
-28.000000
-32.000000
-44.000000
-48.000000
-60.000000
-40.000000
-76.000000
-56.000000
-48.000000
-60.000000
-68.000000
-28.000000
-44.000000
-16.000000
-28.000000
-12.000000
-28.000000
-48.000000
4.000000
-32.000000
-16.000000
-8.000000
-24.000000
-12.000000
-20.000000
-16.000000
-28.000000
-20.000000
-8.000000
-32.000000
-24.000000
-16.000000
-40.000000
-4.000000
-48.000000
-24.000000
-52.000000
-36.000000
-48.000000
-44.000000
-40.000000
-36.000000
-32.000000
-36.000000
-28.000000
-24.000000
-32.000000
-32.000000
-32.000000
-28.000000
-52.000000
-32.000000
-24.000000
-56.000000
-32.000000
-32.000000
-40.000000
-32.000000
-36.000000
-32.000000
-36.000000
-20.000000
-56.000000
-36.000000
-8.000000
-36.000000
-44.000000
-48.000000
-52.000000
-28.000000
-32.000000
-32.000000
-44.000000
-64.000000
-32.000000
-56.000000
-52.000000
-72.000000
-52.000000
-72.000000
-68.000000
-48.000000
-64.000000
-64.000000
-40.000000
-48.000000
-96.000000
-92.000000
-64.000000
-72.000000
-72.000000
-72.000000
-72.000000
-72.000000
-64.000000
-76.000000
-72.000000
-64.000000
-44.000000
-72.000000
-76.000000
-60.000000
-72.000000
-76.000000
-52.000000
-60.000000
-40.000000
-16.000000
-28.000000
-28.000000
-64.000000
-60.000000
-20.000000
-64.000000
-64.000000
-52.000000
-84.000000
-56.000000
-44.000000
-32.000000
-52.000000
-56.000000
-56.000000
-56.000000
-60.000000
-40.000000
-40.000000
-44.000000
-24.000000
-56.000000
-36.000000
-64.000000
-52.000000
-68.000000
-24.000000
-52.000000
-36.000000
-48.000000
-64.000000
-40.000000
-32.000000
-52.000000
-40.000000
-40.000000
-8.000000
-24.000000
-52.000000
-12.000000
-28.000000
-60.000000
-44.000000
-36.000000
-48.000000
-24.000000
-36.000000
-8.000000
-20.000000
-4.000000
-24.000000
-8.000000
-28.000000
-36.000000
-44.000000
-32.000000
-12.000000
-20.000000
-36.000000
-44.000000
-44.000000
-44.000000
-28.000000
-52.000000
-48.000000
-28.000000
-44.000000
-20.000000
-36.000000
-32.000000
-52.000000
-48.000000
-12.000000
-28.000000
-24.000000
-24.000000
-36.000000
-8.000000
-12.000000
-16.000000
-36.000000
-28.000000
-36.000000
-24.000000
-44.000000
-16.000000
-64.000000
-60.000000
-24.000000
-48.000000
-32.000000
-40.000000
-48.000000
-28.000000
16.000000
-12.000000
-28.000000
-36.000000
-20.000000
-56.000000
-100.000000
-40.000000
-44.000000
-76.000000
-60.000000
-48.000000
-52.000000
-32.000000
-28.000000
-48.000000
-28.000000
-36.000000
-44.000000
-32.000000
-52.000000
0.000000
-44.000000
0.000000
-32.000000
-28.000000
-8.000000
-20.000000
-28.000000
-16.000000
-32.000000
-16.000000
-20.000000
-44.000000
-40.000000
-20.000000
-36.000000
-28.000000
-28.000000
-36.000000
-16.000000
-40.000000
-40.000000
-12.000000
-32.000000
-32.000000
-44.000000
-32.000000
-48.000000
-52.000000
-40.000000
-36.000000
-28.000000
-36.000000
-56.000000
-84.000000
-56.000000
-48.000000
-36.000000
-24.000000
-24.000000
-20.000000
-16.000000
-44.000000
-16.000000
-32.000000
-12.000000
-28.000000
-16.000000
-32.000000
4.000000
-28.000000
0.000000
-16.000000
-36.000000
-8.000000
-40.000000
-24.000000
-36.000000
-12.000000
-32.000000
-20.000000
-28.000000
-8.000000
-32.000000
-16.000000
-12.000000
-40.000000
-8.000000
-28.000000
-40.000000
-44.000000
-20.000000
-36.000000
-36.000000
-44.000000
-32.000000
-48.000000
-48.000000
-32.000000
-16.000000
-44.000000
-32.000000
-28.000000
-52.000000
-48.000000
-24.000000
-52.000000
-40.000000
-24.000000
-20.000000
-20.000000
-36.000000
-12.000000
-20.000000
-40.000000
-48.000000
-32.000000
-40.000000
-56.000000
-32.000000
-60.000000
-52.000000
-76.000000
-48.000000
-44.000000
-64.000000
-60.000000
-64.000000
-64.000000
-44.000000
-60.000000
-96.000000
-64.000000
-48.000000
-96.000000
-68.000000
-80.000000
-36.000000
-88.000000
-64.000000
-68.000000
-100.000000
-84.000000
-48.000000
-84.000000
-60.000000
-52.000000
-48.000000
-100.000000
-56.000000
-52.000000
-84.000000
-40.000000
-36.000000
-28.000000
-36.000000
-24.000000
-32.000000
-32.000000
-32.000000
-56.000000
-52.000000
-44.000000
-84.000000
-52.000000
-52.000000
-72.000000
-72.000000
-36.000000
-48.000000
-72.000000
-36.000000
-60.000000
-72.000000
-68.000000
-36.000000
-40.000000
-48.000000
-40.000000
-60.000000
-32.000000
-36.000000
-64.000000
-40.000000
-48.000000
-72.000000
-48.000000
-20.000000
-40.000000
-48.000000
-60.000000
-24.000000
-40.000000
-44.000000
-28.000000
-28.000000
-56.000000
-28.000000
-56.000000
-32.000000
-36.000000
-44.000000
-20.000000
-12.000000
-4.000000
-12.000000
-48.000000
-12.000000
-48.000000
-36.000000
-52.000000
-44.000000
-28.000000
-72.000000
-4.000000
-16.000000
-32.000000
-28.000000
-36.000000
-44.000000
-20.000000
-36.000000
-20.000000
-32.000000
-16.000000
-36.000000
-40.000000
-16.000000
-12.000000
-36.000000
-20.000000
-44.000000
-40.000000
-36.000000
-32.000000
-52.000000
-36.000000
-32.000000
-16.000000
-32.000000
-32.000000
-36.000000
-36.000000
8.000000
-28.000000
-20.000000
-20.000000
-32.000000
-32.000000
-28.000000
-16.000000
-36.000000
-8.000000
-20.000000
-68.000000
-40.000000
-52.000000
-36.000000
-56.000000
-48.000000
-48.000000
-72.000000
-56.000000
-56.000000
-20.000000
-36.000000
-32.000000
-40.000000
-40.000000
-20.000000
-4.000000
-40.000000
-28.000000
-8.000000
-28.000000
-60.000000
-32.000000
-48.000000
-44.000000
-20.000000
-28.000000
-24.000000
-24.000000
-28.000000
-20.000000
-44.000000
-40.000000
-32.000000
-72.000000
-36.000000
-36.000000
-44.000000
-44.000000
-20.000000
-36.000000
-28.000000
-48.000000
-44.000000
-48.000000
-36.000000
-48.000000
-36.000000
-44.000000
-88.000000
-76.000000
-40.000000
-48.000000
-24.000000
-72.000000
-12.000000
-28.000000
-44.000000
-12.000000
0.000000
-32.000000
-24.000000
-32.000000
8.000000
-32.000000
-20.000000
-12.000000
-40.000000
4.000000
-40.000000
-36.000000
-16.000000
-20.000000
-24.000000
-20.000000
-28.000000
-20.000000
-40.000000
-16.000000
-44.000000
-24.000000
-28.000000
-48.000000
-28.000000
-24.000000
-40.000000
-24.000000
-24.000000
-36.000000
-44.000000
-36.000000
-48.000000
-44.000000
-32.000000
-56.000000
-60.000000
-24.000000
-32.000000
-28.000000
-32.000000
-40.000000
-32.000000
-36.000000
-28.000000
-28.000000
-12.000000
-16.000000
-28.000000
4.000000
-36.000000
-44.000000
-20.000000
-60.000000
-20.000000
-60.000000
-32.000000
-56.000000
-56.000000
-56.000000
-36.000000
-60.000000
-48.000000
-52.000000
-48.000000
-64.000000
-60.000000
-60.000000
-72.000000
-60.000000
-92.000000
-60.000000
-72.000000
-60.000000
-72.000000
-76.000000
-68.000000
-80.000000
-68.000000
-40.000000
-60.000000
-76.000000
-84.000000
-68.000000
-48.000000
-68.000000
-60.000000
-72.000000
-68.000000
-60.000000
-40.000000
-32.000000
-28.000000
-36.000000
-48.000000
-48.000000
-32.000000
-72.000000
-44.000000
-52.000000
-60.000000
-36.000000
-72.000000
-64.000000
-64.000000
-52.000000
-48.000000
-56.000000
-64.000000
-76.000000
-76.000000
-68.000000
-64.000000
-44.000000
-48.000000
-48.000000
-28.000000
-28.000000
-96.000000
-72.000000
-88.000000
-40.000000
-68.000000
-40.000000
-60.000000
-48.000000
-44.000000
-56.000000
-48.000000
-64.000000
-48.000000
-32.000000
-60.000000
-20.000000
-68.000000
-36.000000
-44.000000
-72.000000
-28.000000
-60.000000
-8.000000
-16.000000
-40.000000
-36.000000
-28.000000
-48.000000
-48.000000
-56.000000
-48.000000
-44.000000
-20.000000
-44.000000
-44.000000
-36.000000
-36.000000
-24.000000
-48.000000
-68.000000
-32.000000
-36.000000
-36.000000
-24.000000
-28.000000
-32.000000
-28.000000
-20.000000
-20.000000
-36.000000
-32.000000
-20.000000
-28.000000
-36.000000
-44.000000
-12.000000
-32.000000
-36.000000
-32.000000
-36.000000
-32.000000
-36.000000
-12.000000
-36.000000
-24.000000
-4.000000
-44.000000
-36.000000
-28.000000
-12.000000
-20.000000
-8.000000
-44.000000
-36.000000
-44.000000
-72.000000
-72.000000
-68.000000
-56.000000
-56.000000
-80.000000
-36.000000
-44.000000
-52.000000
-28.000000
-48.000000
-40.000000
-72.000000
-20.000000
-52.000000
-48.000000
-12.000000
-40.000000
-64.000000
-16.000000
-44.000000
-20.000000
-48.000000
-28.000000
-40.000000
-16.000000
-32.000000
-44.000000
-4.000000
-16.000000
-20.000000
-28.000000
-32.000000
-44.000000
-28.000000
-40.000000
-40.000000
-28.000000
-40.000000
-36.000000
-44.000000
-32.000000
-44.000000
-36.000000
-44.000000
-16.000000
-68.000000
-36.000000
-44.000000
-56.000000
-72.000000
-40.000000
-60.000000
-28.000000
-40.000000
-12.000000
-28.000000
-4.000000
-20.000000
-32.000000
-20.000000
-24.000000
4.000000
-12.000000
-20.000000
-32.000000
-16.000000
-24.000000
-32.000000
-24.000000
-24.000000
-32.000000
-36.000000
8.000000
-24.000000
-24.000000
-24.000000
-36.000000
-32.000000
-28.000000
0.000000
-32.000000
0.000000
-60.000000
-40.000000
-44.000000
-32.000000
-28.000000
-44.000000
-40.000000
-28.000000
-32.000000
-32.000000
-32.000000
-48.000000
-28.000000
-36.000000
-48.000000
-32.000000
-56.000000
-20.000000
-40.000000
-32.000000
-32.000000
-32.000000
-24.000000
-36.000000
-28.000000
-24.000000
-16.000000
-24.000000
-36.000000
-40.000000
-44.000000
-36.000000
-72.000000
-32.000000
-44.000000
-52.000000
-52.000000
-56.000000
-48.000000
-52.000000
-64.000000
-76.000000
-56.000000
-60.000000
-44.000000
-80.000000
-92.000000
-52.000000
-60.000000
-52.000000
-80.000000
-64.000000
-64.000000
-56.000000
-52.000000
-44.000000
-56.000000
-44.000000
-60.000000
-60.000000
-44.000000
-56.000000
-52.000000
-12.000000
-60.000000
-28.000000
-24.000000
-16.000000
-48.000000
-12.000000
-48.000000
-44.000000
-36.000000
-52.000000
-56.000000
-64.000000
-76.000000
-48.000000
-64.000000
-80.000000
-64.000000
-64.000000
-68.000000
-56.000000
-52.000000
-20.000000
-64.000000
-76.000000
-72.000000
-76.000000
-36.000000
-76.000000
-48.000000
-64.000000
-48.000000
-28.000000
-52.000000
-68.000000
-52.000000
-64.000000
-60.000000
-20.000000
-52.000000
-40.000000
-36.000000
-64.000000
-24.000000
-60.000000
-24.000000
-60.000000
-44.000000
-36.000000
-48.000000
-20.000000
-20.000000
-24.000000
12.000000
-48.000000
-8.000000
-48.000000
-52.000000
-40.000000
-44.000000
-40.000000
-40.000000
-12.000000
-60.000000
-48.000000
-32.000000
-60.000000
-36.000000
-44.000000
-40.000000
-80.000000
-52.000000
-68.000000
-28.000000
-48.000000
-36.000000
-36.000000
-32.000000
-28.000000
-48.000000
-24.000000
-20.000000
-32.000000
-36.000000
-32.000000
-12.000000
-24.000000
-44.000000
-12.000000
-16.000000
-40.000000
-4.000000
-28.000000
-8.000000
-28.000000
-24.000000
-28.000000
-24.000000
-28.000000
-16.000000
-32.000000
-76.000000
-64.000000
-36.000000
-56.000000
-60.000000
-64.000000
-48.000000
-36.000000
-48.000000
-36.000000
-64.000000
-24.000000
-44.000000
-48.000000
-40.000000
-32.000000
-28.000000
-48.000000
-64.000000
-20.000000
-24.000000
-8.000000
-48.000000
-16.000000
-16.000000
-28.000000
-16.000000
-52.000000
-16.000000
-44.000000
-36.000000
-24.000000
-60.000000
-28.000000
-48.000000
-48.000000
-28.000000
-20.000000
-44.000000
-36.000000
-28.000000
-24.000000
-48.000000
-16.000000
-16.000000
-16.000000
-40.000000
-28.000000
-44.000000
-28.000000
-68.000000
-84.000000
-32.000000
-76.000000
-52.000000
-48.000000
-28.000000
-52.000000
-16.000000
-20.000000
-8.000000
-16.000000
-12.000000
-16.000000
-20.000000
0.000000
-8.000000
-8.000000
-48.000000
-28.000000
-24.000000
-40.000000
-16.000000
-12.000000
-28.000000
-44.000000
-8.000000
-36.000000
-16.000000
-36.000000
-44.000000
-16.000000
-44.000000
-16.000000
-28.000000
-20.000000
-20.000000
-48.000000
4.000000
-56.000000
-36.000000
-12.000000
-28.000000
-32.000000
-28.000000
-28.000000
-44.000000
-52.000000
-36.000000
-56.000000
-32.000000
-56.000000
-40.000000
-8.000000
-24.000000
-16.000000
-36.000000
-28.000000
-16.000000
-56.000000
-8.000000
-52.000000
-16.000000
-48.000000
-32.000000
-64.000000
-36.000000
-68.000000
-52.000000
-40.000000
-64.000000
-36.000000
-80.000000
-40.000000
-60.000000
-52.000000
-60.000000
-88.000000
-76.000000
-92.000000
-92.000000
-76.000000
-40.000000
-80.000000
-68.000000
-48.000000
-84.000000
-56.000000
-84.000000
-48.000000
-68.000000
-56.000000
-64.000000
-72.000000
-76.000000
-72.000000
-48.000000
-80.000000
-88.000000
-76.000000
-36.000000
-20.000000
-48.000000
-64.000000
0.000000
-32.000000
-68.000000
-48.000000
-72.000000
-72.000000
-60.000000
-60.000000
-20.000000
-88.000000
-40.000000
-44.000000
-60.000000
-44.000000
-68.000000
-68.000000
-68.000000
-48.000000
-72.000000
-44.000000
-36.000000
-36.000000
-44.000000
-60.000000
-28.000000
-88.000000
-44.000000
-56.000000
-48.000000
-36.000000
-52.000000
-48.000000
-12.000000
-48.000000
-24.000000
-40.000000
-36.000000
-20.000000
-36.000000
-32.000000
-36.000000
-36.000000
-56.000000
-40.000000
-32.000000
-28.000000
-16.000000
-20.000000
-32.000000
-36.000000
-16.000000
-20.000000
-32.000000
-48.000000
-72.000000
-52.000000
-48.000000
-36.000000
-36.000000
-32.000000
-48.000000
-24.000000
-44.000000
-32.000000
-44.000000
-28.000000
-12.000000
-24.000000
-48.000000
-32.000000
-36.000000
-48.000000
-56.000000
-12.000000
-28.000000
-16.000000
-24.000000
-44.000000
-36.000000
-16.000000
-16.000000
-32.000000
-40.000000
-24.000000
-32.000000
-32.000000
-28.000000
-36.000000
-20.000000
-44.000000
-44.000000
-8.000000
-32.000000
-24.000000
-12.000000
-48.000000
-28.000000
-64.000000
-40.000000
-80.000000
-56.000000
-68.000000
-36.000000
-88.000000
-48.000000
-48.000000
-68.000000
-60.000000
-76.000000
-36.000000
-32.000000
-40.000000
-24.000000
-28.000000
-44.000000
-20.000000
-32.000000
-12.000000
-32.000000
-36.000000
-24.000000
-52.000000
-28.000000
-36.000000
-68.000000
-44.000000
-28.000000
-28.000000
-36.000000
-32.000000
-28.000000
-32.000000
-24.000000
-52.000000
-40.000000
-24.000000
-40.000000
-28.000000
-36.000000
-28.000000
-32.000000
-32.000000
-40.000000
-40.000000
-24.000000
-32.000000
-76.000000
-80.000000
-76.000000
-28.000000
-44.000000
-44.000000
-32.000000
-44.000000
-16.000000
-20.000000
-20.000000
-12.000000
-28.000000
-32.000000
-20.000000
-32.000000
-12.000000
-36.000000
-12.000000
-16.000000
-24.000000
-16.000000
-32.000000
-28.000000
-24.000000
-24.000000
-32.000000
-24.000000
-16.000000
-32.000000
-48.000000
-28.000000
-44.000000
-28.000000
-20.000000
-28.000000
-4.000000
-28.000000
-28.000000
-16.000000
-36.000000
-28.000000
-40.000000
-36.000000
-40.000000
-44.000000
-40.000000
-68.000000
-56.000000
-32.000000
-44.000000
-40.000000
-28.000000
-28.000000
-32.000000
-36.000000
-44.000000
-32.000000
-36.000000
-28.000000
-8.000000
-32.000000
-44.000000
-32.000000
-44.000000
-44.000000
-28.000000
-52.000000
-64.000000
-48.000000
-44.000000
-68.000000
-44.000000
-48.000000
-84.000000
-60.000000
-72.000000
-68.000000
-56.000000
-72.000000
-68.000000
-60.000000
-72.000000
-60.000000
-68.000000
-76.000000
-52.000000
-68.000000
-84.000000
-52.000000
-76.000000
-76.000000
-64.000000
-72.000000
-48.000000
-88.000000
-32.000000
-92.000000
-72.000000
-64.000000
-68.000000
-52.000000
-32.000000
-40.000000
-32.000000
-40.000000
-48.000000
-56.000000
-72.000000
-32.000000
-72.000000
-52.000000
-60.000000
-56.000000
-40.000000
-48.000000
-52.000000
-88.000000
-52.000000
-52.000000
-64.000000
-64.000000
-60.000000
-68.000000
-28.000000
-48.000000
-56.000000
-56.000000
-64.000000
-28.000000
-52.000000
-28.000000
-28.000000
-80.000000
-8.000000
-56.000000
