536.000000
816.000000
1040.000000
1232.000000
1300.000000
1332.000000
1236.000000
1004.000000
760.000000
344.000000
-96.000000
-580.000000
-1060.000000
-1476.000000
-1828.000000
-2112.000000
-2236.000000
-2216.000000
-2080.000000
-1768.000000
-1336.000000
-828.000000
-260.000000
368.000000
952.000000
1412.000000
1808.000000
2080.000000
2144.000000
2132.000000
1944.000000
1636.000000
1244.000000
764.000000
272.000000
-208.000000
-600.000000
-984.000000
-1228.000000
-1360.000000
-1408.000000
-1376.000000
-1248.000000
-1056.000000
-828.000000
-552.000000
-304.000000
-116.000000
-60.000000
-16.000000
-60.000000
-32.000000
-44.000000
-28.000000
-40.000000
-20.000000
-32.000000
-32.000000
-36.000000
-16.000000
-32.000000
-52.000000
0.000000
-12.000000
-44.000000
4.000000
-24.000000
-32.000000
-40.000000
-60.000000
-32.000000
-28.000000
-12.000000
-64.000000
-48.000000
-20.000000
-40.000000
-40.000000
-36.000000
-36.000000
-36.000000
-36.000000
-48.000000
-32.000000
-36.000000
-36.000000
-64.000000
-28.000000
-44.000000
-16.000000
-36.000000
-28.000000
-24.000000
-52.000000
-24.000000
-20.000000
-40.000000
-36.000000
-44.000000
-20.000000
-48.000000
-40.000000
-16.000000
-16.000000
-20.000000
-16.000000
-36.000000
0.000000
-4.000000
-20.000000
-36.000000
-36.000000
12.000000
-24.000000
-64.000000
-36.000000
-72.000000
-64.000000
-52.000000
-28.000000
-52.000000
-32.000000
-32.000000
-28.000000
-28.000000
-12.000000
-28.000000
-52.000000
12.000000
-44.000000
-32.000000
-40.000000
-28.000000
-52.000000
-40.000000
-24.000000
-44.000000
-28.000000
-60.000000
-24.000000
-32.000000
-44.000000
-52.000000
-64.000000
-16.000000
-32.000000
-36.000000
-32.000000
-4.000000
-24.000000
-28.000000
-28.000000
-36.000000
-36.000000
-36.000000
-40.000000
-20.000000
-28.000000
-24.000000
-16.000000
-36.000000
-40.000000
-68.000000
-36.000000
-32.000000
-64.000000
-60.000000
-32.000000
-36.000000
-28.000000
-20.000000
-8.000000
-24.000000
-24.000000
-20.000000
-44.000000
-16.000000
-20.000000
-12.000000
-24.000000
-36.000000
-8.000000
-36.000000
-8.000000
-48.000000
-28.000000
-4.000000
-32.000000
-12.000000
-24.000000
-32.000000
0.000000
-28.000000
-16.000000
-16.000000
-32.000000
-28.000000
-28.000000
-48.000000
-20.000000
-48.000000
-40.000000
-24.000000
-32.000000
-24.000000
-20.000000
-40.000000
-36.000000
-36.000000
-28.000000
-48.000000
8.000000
-40.000000
-48.000000
-4.000000
-40.000000
-24.000000
-8.000000
-24.000000
-28.000000
-24.000000
-20.000000
-20.000000
-28.000000
-56.000000
-24.000000
-40.000000
-24.000000
-56.000000
-76.000000
-60.000000
-80.000000
-44.000000
-32.000000
-72.000000
-64.000000
-52.000000
-60.000000
-64.000000
-80.000000
-72.000000
-40.000000
-64.000000
-56.000000
-56.000000
-64.000000
-80.000000
-24.000000
-72.000000
-36.000000
-56.000000
-56.000000
-64.000000
-60.000000
-84.000000
-80.000000
-60.000000
-40.000000
-72.000000
-36.000000
-68.000000
-84.000000
-44.000000
-48.000000
-36.000000
-24.000000
0.000000
-48.000000
-16.000000
-44.000000
-36.000000
-44.000000
-52.000000
-40.000000
-20.000000
-64.000000
-52.000000
-64.000000
-52.000000
-60.000000
-76.000000
-48.000000
-72.000000
-72.000000
-48.000000
-52.000000
-56.000000
-40.000000
-48.000000
-64.000000
-44.000000
-52.000000
-52.000000
-36.000000
-64.000000
-52.000000
-40.000000
-36.000000
-32.000000
-64.000000
-48.000000
-32.000000
-32.000000
0.000000
-36.000000
-32.000000
-16.000000
-56.000000
-28.000000
-48.000000
-20.000000
-12.000000
-40.000000
-12.000000
-48.000000
-44.000000
-24.000000
-36.000000
-24.000000
-40.000000
-44.000000
-4.000000
-48.000000
-40.000000
-24.000000
-36.000000
-64.000000
-56.000000
-40.000000
-56.000000
-48.000000
-52.000000
-40.000000
-28.000000
-52.000000
-24.000000
-24.000000
-28.000000
-24.000000
-32.000000
-48.000000
-32.000000
-32.000000
-36.000000
-36.000000
-32.000000
-44.000000
-56.000000
-16.000000
-12.000000
-20.000000
-36.000000
-36.000000
-8.000000
-28.000000
-28.000000
-28.000000
-24.000000
-32.000000
-8.000000
-44.000000
-24.000000
-12.000000
-48.000000
-44.000000
-44.000000
-40.000000
-44.000000
-96.000000
-36.000000
-64.000000
-60.000000
-44.000000
-44.000000
-48.000000
-52.000000
-76.000000
-8.000000
-36.000000
-52.000000
-32.000000
-36.000000
-44.000000
-28.000000
-60.000000
-28.000000
-20.000000
-48.000000
-32.000000
-12.000000
-44.000000
-36.000000
-24.000000
-40.000000
-20.000000
-20.000000
-28.000000
-28.000000
-52.000000
-24.000000
-36.000000
-56.000000
-4.000000
-28.000000
-44.000000
-12.000000
-28.000000
-64.000000
-32.000000
-32.000000
-48.000000
-28.000000
-60.000000
-72.000000
-36.000000
-36.000000
-64.000000
-36.000000
-40.000000
-36.000000
-36.000000
-32.000000
-16.000000
-28.000000
-12.000000
-8.000000
-20.000000
-8.000000
-52.000000
-24.000000
-16.000000
-20.000000
-40.000000
-24.000000
4.000000
-40.000000
-20.000000
-24.000000
-56.000000
-12.000000
-28.000000
-36.000000
-16.000000
-20.000000
-12.000000
-56.000000
-28.000000
-20.000000
-28.000000
-16.000000
-12.000000
-20.000000
-60.000000
-20.000000
-32.000000
-40.000000
-36.000000
-40.000000
-32.000000
-36.000000
-28.000000
-60.000000
-36.000000
-72.000000
-28.000000
-36.000000
-40.000000
-36.000000
-24.000000
4.000000
-32.000000
-28.000000
0.000000
-32.000000
-60.000000
-28.000000
-28.000000
-36.000000
-40.000000
-20.000000
-48.000000
-64.000000
-44.000000
-64.000000
-60.000000
-48.000000
-48.000000
-76.000000
-84.000000
-48.000000
-28.000000
-60.000000
-44.000000
-72.000000
-56.000000
-44.000000
-48.000000
-88.000000
-88.000000
-64.000000
-60.000000
-48.000000
-76.000000
-72.000000
-60.000000
-64.000000
-72.000000
-56.000000
-52.000000
-64.000000
-76.000000
-64.000000
-52.000000
-44.000000
-16.000000
-44.000000
-24.000000
-16.000000
-44.000000
-44.000000
-60.000000
-72.000000
-56.000000
-52.000000
-88.000000
-48.000000
-48.000000
-20.000000
-36.000000
-68.000000
-60.000000
-48.000000
-60.000000
-36.000000
-84.000000
-52.000000
-60.000000
-48.000000
-20.000000
-48.000000
-48.000000
-64.000000
-44.000000
-36.000000
-28.000000
-76.000000
-44.000000
-76.000000
-40.000000
-32.000000
-44.000000
-52.000000
-56.000000
-36.000000
-36.000000
-28.000000
-32.000000
-52.000000
-44.000000
-20.000000
-24.000000
4.000000
-40.000000
-12.000000
12.000000
0.000000
-8.000000
-24.000000
-44.000000
-32.000000
-44.000000
-40.000000
-36.000000
-32.000000
-52.000000
-36.000000
-32.000000
-48.000000
-48.000000
-32.000000
-24.000000
-44.000000
-36.000000
-12.000000
-72.000000
-28.000000
-24.000000
-56.000000
-48.000000
-12.000000
-48.000000
-28.000000
-52.000000
12.000000
-12.000000
-16.000000
-24.000000
-32.000000
-28.000000
-24.000000
-12.000000
-36.000000
-32.000000
-32.000000
-40.000000
-28.000000
-32.000000
-16.000000
-32.000000
-48.000000
-28.000000
-36.000000
-32.000000
-12.000000
-72.000000
-60.000000
-84.000000
-64.000000
-32.000000
-40.000000
-52.000000
-52.000000
-48.000000
-28.000000
-32.000000
-36.000000
-28.000000
-24.000000
-40.000000
-48.000000
-16.000000
-8.000000
-16.000000
-28.000000
-24.000000
8.000000
-20.000000
-12.000000
-36.000000
-60.000000
-4.000000
-36.000000
-28.000000
-52.000000
-24.000000
-28.000000
-16.000000
-64.000000
-36.000000
-12.000000
-32.000000
-20.000000
-44.000000
-40.000000
-32.000000
-32.000000
-52.000000
-28.000000
-36.000000
-36.000000
-56.000000
-44.000000
-44.000000
-68.000000
-48.000000
-88.000000
-76.000000
-32.000000
-32.000000
-44.000000
-40.000000
-28.000000
-16.000000
-28.000000
4.000000
-8.000000
-16.000000
-4.000000
-16.000000
-16.000000
-32.000000
-12.000000
-24.000000
0.000000
-40.000000
-16.000000
-32.000000
-24.000000
-12.000000
-36.000000
-36.000000
-28.000000
-32.000000
-28.000000
-36.000000
-32.000000
-48.000000
-32.000000
-36.000000
-24.000000
-40.000000
-36.000000
-44.000000
-20.000000
-32.000000
-20.000000
-36.000000
-40.000000
-32.000000
-20.000000
-32.000000
-44.000000
-32.000000
-64.000000
-36.000000
-36.000000
-20.000000
-44.000000
-24.000000
-48.000000
-16.000000
-20.000000
-32.000000
-16.000000
-16.000000
-40.000000
-24.000000
-48.000000
-44.000000
-24.000000
-36.000000
-28.000000
-48.000000
-48.000000
-60.000000
-60.000000
-56.000000
-56.000000
-48.000000
-48.000000
-20.000000
-48.000000
-88.000000
-52.000000
-68.000000
-36.000000
-44.000000
-52.000000
-60.000000
-92.000000
-64.000000
-36.000000
-64.000000
-72.000000
-52.000000
-56.000000
-60.000000
-68.000000
-40.000000
-76.000000
-68.000000
-88.000000
-60.000000
-64.000000
-48.000000
-20.000000
-36.000000
-28.000000
-60.000000
-40.000000
-40.000000
-44.000000
-56.000000
-80.000000
-52.000000
-52.000000
-56.000000
-68.000000
-40.000000
-40.000000
-72.000000
-64.000000
-64.000000
-60.000000
-76.000000
-52.000000
-28.000000
-84.000000
-36.000000
-72.000000
-48.000000
-36.000000
-64.000000
-32.000000
-44.000000
-24.000000
-52.000000
-44.000000
-32.000000
-48.000000
-48.000000
-60.000000
-48.000000
-28.000000
-60.000000
-56.000000
-36.000000
-48.000000
-40.000000
-28.000000
-80.000000
-68.000000
-28.000000
-16.000000
-20.000000
-20.000000
-48.000000
-32.000000
-52.000000
-40.000000
-28.000000
-84.000000
-28.000000
-36.000000
-44.000000
-28.000000
-40.000000
-40.000000
-68.000000
-48.000000
-36.000000
-48.000000
-44.000000
-40.000000
-16.000000
-20.000000
-36.000000
-52.000000
-28.000000
-8.000000
-44.000000
-44.000000
-32.000000
-32.000000
-28.000000
-24.000000
-48.000000
-16.000000
-40.000000
-20.000000
-20.000000
-44.000000
-28.000000
0.000000
-52.000000
-28.000000
-12.000000
-48.000000
-64.000000
-52.000000
-28.000000
-12.000000
-40.000000
-8.000000
-52.000000
-68.000000
-92.000000
-60.000000
-28.000000
-60.000000
-32.000000
-64.000000
-52.000000
-48.000000
-32.000000
-40.000000
-76.000000
-24.000000
-52.000000
-16.000000
-20.000000
-12.000000
-44.000000
4.000000
0.000000
-32.000000
-8.000000
-36.000000
0.000000
-36.000000
-32.000000
-28.000000
-20.000000
-24.000000
-24.000000
-20.000000
-44.000000
-36.000000
-32.000000
-24.000000
-48.000000
-44.000000
-36.000000
-40.000000
-40.000000
-36.000000
-24.000000
-44.000000
-48.000000
-60.000000
-32.000000
-48.000000
-52.000000
-52.000000
-84.000000
-60.000000
-76.000000
-28.000000
-36.000000
-36.000000
-32.000000
-12.000000
-32.000000
-20.000000
-28.000000
-24.000000
-12.000000
-24.000000
-4.000000
-12.000000
-36.000000
-20.000000
-16.000000
-36.000000
-16.000000
-28.000000
-28.000000
-28.000000
-28.000000
-28.000000
-36.000000
-8.000000
-64.000000
-32.000000
-40.000000
-44.000000
-36.000000
-40.000000
-28.000000
-28.000000
-16.000000
-48.000000
-40.000000
-40.000000
-36.000000
-36.000000
-56.000000
-48.000000
-40.000000
-32.000000
-48.000000
-56.000000
-52.000000
-40.000000
-88.000000
-32.000000
-36.000000
-48.000000
-36.000000
8.000000
-36.000000
-36.000000
-28.000000
-44.000000
-40.000000
-12.000000
-56.000000
-48.000000
-64.000000
-52.000000
-32.000000
-68.000000
-44.000000
-60.000000
-52.000000
-56.000000
-92.000000
-60.000000
-80.000000
-76.000000
-96.000000
-76.000000
-52.000000
-32.000000
-52.000000
-84.000000
-44.000000
-56.000000
-96.000000
-72.000000
-88.000000
-72.000000
-32.000000
-60.000000
-60.000000
-60.000000
-64.000000
-76.000000
-60.000000
-44.000000
-52.000000
-84.000000
-64.000000
-52.000000
-48.000000
-28.000000
-28.000000
-24.000000
-48.000000
-56.000000
-76.000000
-16.000000
-48.000000
-56.000000
-64.000000
-48.000000
-40.000000
-24.000000
-64.000000
-32.000000
-48.000000
-40.000000
-44.000000
-52.000000
-56.000000
-40.000000
-64.000000
-56.000000
-72.000000
-60.000000
-48.000000
-68.000000
-32.000000
-84.000000
-16.000000
-56.000000
-52.000000
-36.000000
-48.000000
-36.000000
-12.000000
-8.000000
-52.000000
-24.000000
-32.000000
-36.000000
-28.000000
-20.000000
-44.000000
-40.000000
-32.000000
-36.000000
-24.000000
-4.000000
-24.000000
-16.000000
-20.000000
-32.000000
-48.000000
-52.000000
-24.000000
-72.000000
-36.000000
-52.000000
-52.000000
-44.000000
-36.000000
-32.000000
-48.000000
-32.000000
-36.000000
-48.000000
-36.000000
-24.000000
-16.000000
-64.000000
-28.000000
-36.000000
-24.000000
-32.000000
-28.000000
-28.000000
-36.000000
-20.000000
-52.000000
-56.000000
4.000000
-52.000000
-12.000000
-20.000000
-24.000000
-36.000000
-52.000000
-72.000000
-24.000000
-36.000000
4.000000
-24.000000
-28.000000
-32.000000
-20.000000
-44.000000
-12.000000
-44.000000
-60.000000
-56.000000
-36.000000
-60.000000
-80.000000
-24.000000
-52.000000
-40.000000
-44.000000
-28.000000
-32.000000
-44.000000
-16.000000
-24.000000
-48.000000
-16.000000
-44.000000
-24.000000
-60.000000
-36.000000
-32.000000
-24.000000
-52.000000
-28.000000
-32.000000
-32.000000
-48.000000
-24.000000
-20.000000
-36.000000
-52.000000
-52.000000
-48.000000
-24.000000
-16.000000
-28.000000
-44.000000
-40.000000
-40.000000
-28.000000
-36.000000
-28.000000
-72.000000
-20.000000
-48.000000
-36.000000
-52.000000
-52.000000
-48.000000
-60.000000
-64.000000
-48.000000
-60.000000
-40.000000
-32.000000
-32.000000
-8.000000
-8.000000
4.000000
-32.000000
-16.000000
4.000000
8.000000
8.000000
-36.000000
-8.000000
-24.000000
-8.000000
-20.000000
-32.000000
-20.000000
-40.000000
-16.000000
-20.000000
-24.000000
-28.000000
-16.000000
-32.000000
-24.000000
-28.000000
-32.000000
-28.000000
-36.000000
-12.000000
-20.000000
-4.000000
-64.000000
-28.000000
-44.000000
-44.000000
-44.000000
-44.000000
-48.000000
-48.000000
-36.000000
-40.000000
-32.000000
-40.000000
-40.000000
-60.000000
-28.000000
-28.000000
-60.000000
-28.000000
-44.000000
-44.000000
-16.000000
-12.000000
-36.000000
-36.000000
-36.000000
-48.000000
-36.000000
-56.000000
-28.000000
-52.000000
-20.000000
-76.000000
-64.000000
-80.000000
-60.000000
-60.000000
-36.000000
-44.000000
-60.000000
-76.000000
-80.000000
-68.000000
-48.000000
-60.000000
-84.000000
-68.000000
-48.000000
-84.000000
-80.000000
-36.000000
-72.000000
-56.000000
-72.000000
-68.000000
-68.000000
-60.000000
-52.000000
-64.000000
-80.000000
-56.000000
-60.000000
-72.000000
-68.000000
-52.000000
-20.000000
-16.000000
-28.000000
-40.000000
-48.000000
-48.000000
-52.000000
-52.000000
-32.000000
-52.000000
-60.000000
-48.000000
-48.000000
-76.000000
-52.000000
-16.000000
-52.000000
-76.000000
-64.000000
-40.000000
-12.000000
-24.000000
-52.000000
-44.000000
-60.000000
-56.000000
-40.000000
-48.000000
-48.000000
-60.000000
-48.000000
-44.000000
-28.000000
-24.000000
-68.000000
-28.000000
-56.000000
-40.000000
-36.000000
-32.000000
-48.000000
-48.000000
-36.000000
-24.000000
-60.000000
-28.000000
-36.000000
-36.000000
-28.000000
12.000000
4.000000
-28.000000
-36.000000
-44.000000
-28.000000
-36.000000
-48.000000
-28.000000
-40.000000
-20.000000
-32.000000
-40.000000
-56.000000
-24.000000
-44.000000
-20.000000
-44.000000
-40.000000
-36.000000
-52.000000
-28.000000
-32.000000
-44.000000
-28.000000
-20.000000
-36.000000
-28.000000
-52.000000
-28.000000
-40.000000
-56.000000
-24.000000
-32.000000
-24.000000
-20.000000
-40.000000
-32.000000
-12.000000
-32.000000
-24.000000
-24.000000
-32.000000
-28.000000
-8.000000
-44.000000
-24.000000
-20.000000
-36.000000
-20.000000
-36.000000
-48.000000
-64.000000
-52.000000
-60.000000
-76.000000
-64.000000
-88.000000
-28.000000
-40.000000
-32.000000
-32.000000
-12.000000
-52.000000
-24.000000
-28.000000
-32.000000
-36.000000
-32.000000
-12.000000
-60.000000
-48.000000
-16.000000
-44.000000
-36.000000
-20.000000
-12.000000
-24.000000
-20.000000
-64.000000
-44.000000
-48.000000
-44.000000
-24.000000
-28.000000
-56.000000
-40.000000
-24.000000
-36.000000
-28.000000
-40.000000
-20.000000
-48.000000
-32.000000
-44.000000
-44.000000
-52.000000
-40.000000
-28.000000
-48.000000
-68.000000
-68.000000
-24.000000
-88.000000
-48.000000
-24.000000
-32.000000
-52.000000
-24.000000
-44.000000
-24.000000
-8.000000
-12.000000
-8.000000
-12.000000
-44.000000
-4.000000
-20.000000
-16.000000
-12.000000
-24.000000
4.000000
-20.000000
-20.000000
-40.000000
-8.000000
-32.000000
-16.000000
-32.000000
-44.000000
-8.000000
-36.000000
-20.000000
-16.000000
-28.000000
-32.000000
-40.000000
-28.000000
-40.000000
-28.000000
-40.000000
-24.000000
-40.000000
-48.000000
-36.000000
-36.000000
-28.000000
-44.000000
-36.000000
-32.000000
-60.000000
-48.000000
-16.000000
-12.000000
-16.000000
-32.000000
-16.000000
-4.000000
-32.000000
-20.000000
-28.000000
-44.000000
-36.000000
-44.000000
-44.000000
-52.000000
-40.000000
-60.000000
-48.000000
-56.000000
-52.000000
-60.000000
-36.000000
-36.000000
-72.000000
-76.000000
-48.000000
-52.000000
-68.000000
-80.000000
-48.000000
-64.000000
-84.000000
-72.000000
-40.000000
-56.000000
-44.000000
-72.000000
-60.000000
-72.000000
-80.000000
-36.000000
-76.000000
-76.000000
-64.000000
-60.000000
-76.000000
-80.000000
-60.000000
-72.000000
-64.000000
-24.000000
-20.000000
-40.000000
-28.000000
-56.000000
-40.000000
-44.000000
-60.000000
-72.000000
-76.000000
-48.000000
-80.000000
-84.000000
-80.000000
-84.000000
-68.000000
-52.000000
-60.000000
-64.000000
-32.000000
-48.000000
-68.000000
-52.000000
-64.000000
-56.000000
-44.000000
-56.000000
-72.000000
-44.000000
-52.000000
-60.000000
-68.000000
-68.000000
-32.000000
-52.000000
-56.000000
-52.000000
-32.000000
-48.000000
-32.000000
-56.000000
-20.000000
-32.000000
-48.000000
-24.000000
-32.000000
-40.000000
-20.000000
-36.000000
-16.000000
8.000000
-16.000000
-36.000000
-36.000000
-44.000000
-40.000000
-44.000000
-44.000000
-40.000000
-48.000000
-28.000000
-52.000000
-68.000000
-16.000000
-52.000000
-28.000000
-32.000000
-52.000000
-24.000000
-20.000000
-20.000000
-16.000000
-16.000000
-56.000000
-16.000000
-20.000000
-12.000000
-36.000000
-36.000000
-16.000000
-32.000000
-40.000000
-20.000000
-36.000000
-36.000000
-16.000000
-24.000000
-28.000000
-24.000000
-64.000000
-32.000000
-40.000000
-44.000000
0.000000
-40.000000
-36.000000
20.000000
-8.000000
0.000000
-12.000000
-60.000000
-44.000000
-56.000000
-52.000000
-92.000000
-24.000000
-84.000000
-16.000000
-44.000000
-64.000000
-28.000000
-36.000000
-24.000000
-8.000000
-48.000000
-28.000000
-52.000000
-4.000000
-40.000000
-20.000000
-16.000000
-32.000000
-44.000000
-20.000000
-16.000000
-16.000000
-16.000000
-40.000000
-36.000000
-24.000000
-44.000000
-44.000000
-32.000000
-32.000000
-36.000000
-28.000000
-24.000000
-36.000000
-24.000000
-36.000000
-64.000000
-20.000000
-28.000000
-48.000000
-36.000000
-44.000000
-36.000000
-56.000000
-28.000000
-76.000000
-64.000000
-60.000000
-44.000000
-56.000000
-32.000000
-20.000000
-12.000000
-20.000000
-16.000000
4.000000
-48.000000
0.000000
-28.000000
-32.000000
-28.000000
0.000000
-40.000000
-12.000000
-28.000000
-44.000000
-12.000000
-52.000000
-20.000000
0.000000
-28.000000
-40.000000
-12.000000
-44.000000
-40.000000
-36.000000
-24.000000
-8.000000
-48.000000
-48.000000
-32.000000
-36.000000
-40.000000
-36.000000
-28.000000
-32.000000
-48.000000
-28.000000
-52.000000
-44.000000
-52.000000
-40.000000
-28.000000
-20.000000
-32.000000
-40.000000
-32.000000
-52.000000
-20.000000
-52.000000
0.000000
-12.000000
-28.000000
-28.000000
-36.000000
-28.000000
-24.000000
-44.000000
-24.000000
-32.000000
-60.000000
-40.000000
-64.000000
-56.000000
-72.000000
-68.000000
-76.000000
-76.000000
-44.000000
-48.000000
-76.000000
-44.000000
-64.000000
-60.000000
-60.000000
-88.000000
-72.000000
-80.000000
-92.000000
-76.000000
-60.000000
-48.000000
-80.000000
-48.000000
-44.000000
-52.000000
-48.000000
-84.000000
-72.000000
-24.000000
-56.000000
-80.000000
-40.000000
-72.000000
-56.000000
-32.000000
-24.000000
-40.000000
-8.000000
-40.000000
-16.000000
-56.000000
-60.000000
-48.000000
-60.000000
-40.000000
-44.000000
-72.000000
-64.000000
-52.000000
-68.000000
-64.000000
-56.000000
-52.000000
-48.000000
-56.000000
-64.000000
-76.000000
-40.000000
-48.000000
-56.000000
-52.000000
-48.000000
-52.000000
-52.000000
-36.000000
-60.000000
-44.000000
-64.000000
-60.000000
-24.000000
-20.000000
-88.000000
-4.000000
-52.000000
-52.000000
-48.000000
-36.000000
-40.000000
-32.000000
-32.000000
-36.000000
-52.000000
-20.000000
-24.000000
-12.000000
-12.000000
-16.000000
-20.000000
-40.000000
-36.000000
-68.000000
-32.000000
-20.000000
-60.000000
-60.000000
-32.000000
-36.000000
-40.000000
-32.000000
-60.000000
-48.000000
-60.000000
-32.000000
-12.000000
-52.000000
-48.000000
-32.000000
-36.000000
-40.000000
-52.000000
-40.000000
-28.000000
-40.000000
-44.000000
-40.000000
-8.000000
0.000000
-24.000000
-44.000000
-16.000000
-28.000000
-20.000000
-16.000000
-44.000000
-32.000000
-48.000000
-24.000000
-16.000000
-36.000000
-36.000000
-28.000000
-36.000000
-36.000000
-32.000000
-36.000000
-64.000000
-80.000000
-76.000000
-68.000000
-76.000000
-60.000000
-52.000000
-48.000000
-60.000000
-32.000000
-64.000000
-48.000000
-32.000000
-40.000000
-32.000000
-56.000000
-40.000000
-44.000000
-24.000000
-44.000000
-20.000000
-28.000000
-24.000000
-36.000000
-28.000000
-44.000000
0.000000
-28.000000
-32.000000
-48.000000
-12.000000
-36.000000
-36.000000
-44.000000
-20.000000
-32.000000
-28.000000
-24.000000
-20.000000
-8.000000
-40.000000
-16.000000
-48.000000
-44.000000
-52.000000
-44.000000
-40.000000
-32.000000
-40.000000
-76.000000
-72.000000
-84.000000
-60.000000
-40.000000
-64.000000
-28.000000
-36.000000
-28.000000
-8.000000
4.000000
-20.000000
-24.000000
-28.000000
-32.000000
-12.000000
-4.000000
-12.000000
-44.000000
-36.000000
-24.000000
-12.000000
-36.000000
-36.000000
-28.000000
-28.000000
-52.000000
-20.000000
-28.000000
-40.000000
-40.000000
-16.000000
-36.000000
-12.000000
-52.000000
-28.000000
-32.000000
-40.000000
-36.000000
-32.000000
-44.000000
-48.000000
-48.000000
-44.000000
-44.000000
-44.000000
-28.000000
-32.000000
-40.000000
-48.000000
-56.000000
-24.000000
-48.000000
-32.000000
-32.000000
-48.000000
-48.000000
-20.000000
-28.000000
-12.000000
-36.000000
-64.000000
-52.000000
-32.000000
-56.000000
-64.000000
-32.000000
-52.000000
-20.000000
-56.000000
-68.000000
-72.000000
-64.000000
-68.000000
-56.000000
-44.000000
-60.000000
-64.000000
-64.000000
-88.000000
-60.000000
-60.000000
-60.000000
-64.000000
-60.000000
-60.000000
-88.000000
-60.000000
-88.000000
-72.000000
-60.000000
-76.000000
-40.000000
-44.000000
-72.000000
-52.000000
-44.000000
-92.000000
-60.000000
-60.000000
-40.000000
-48.000000
-4.000000
-24.000000
-36.000000
-36.000000
-56.000000
-32.000000
-56.000000
-88.000000
-64.000000
-40.000000
-52.000000
-40.000000
-40.000000
-64.000000
-40.000000
-52.000000
-60.000000
-40.000000
-52.000000
-32.000000
-60.000000
-52.000000
-64.000000
-72.000000
-36.000000
-68.000000
-52.000000
-76.000000
-36.000000
-60.000000
-24.000000
-76.000000
-28.000000
