648.000000
920.000000
1124.000000
1280.000000
1324.000000
1284.000000
1144.000000
896.000000
556.000000
148.000000
-340.000000
-832.000000
-1256.000000
-1688.000000
-2020.000000
-2204.000000
-2268.000000
-2180.000000
-1972.000000
-1556.000000
-1080.000000
-532.000000
48.000000
680.000000
1180.000000
1656.000000
1964.000000
2144.000000
2200.000000
2064.000000
1832.000000
1472.000000
1072.000000
564.000000
68.000000
-396.000000
-796.000000
-1124.000000
-1308.000000
-1432.000000
-1404.000000
-1312.000000
-1164.000000
-956.000000
-684.000000
-424.000000
-212.000000
-60.000000
-36.000000
-28.000000
-36.000000
-28.000000
-32.000000
-32.000000
-24.000000
-40.000000
-24.000000
-16.000000
-36.000000
-32.000000
-32.000000
-20.000000
-20.000000
-16.000000
0.000000
-24.000000
-12.000000
-16.000000
-40.000000
-8.000000
-28.000000
-16.000000
-12.000000
-32.000000
-12.000000
-32.000000
-64.000000
-20.000000
-12.000000
-32.000000
-36.000000
-44.000000
-44.000000
-72.000000
-76.000000
-36.000000
-60.000000
-60.000000
-28.000000
-72.000000
-20.000000
-36.000000
-32.000000
-28.000000
-24.000000
-28.000000
0.000000
-16.000000
-44.000000
-32.000000
-16.000000
-8.000000
-36.000000
-44.000000
-24.000000
-52.000000
-16.000000
-16.000000
-56.000000
-4.000000
-28.000000
-20.000000
-44.000000
-32.000000
-52.000000
-16.000000
-32.000000
-24.000000
-48.000000
-12.000000
-32.000000
-48.000000
-48.000000
-32.000000
-52.000000
-40.000000
-36.000000
-32.000000
-56.000000
-36.000000
-36.000000
-88.000000
-72.000000
-80.000000
-48.000000
-44.000000
-64.000000
-44.000000
-16.000000
-12.000000
-28.000000
0.000000
12.000000
-32.000000
-8.000000
-20.000000
-16.000000
-20.000000
-12.000000
0.000000
-16.000000
-8.000000
-8.000000
-24.000000
-16.000000
-36.000000
-28.000000
-16.000000
-36.000000
-16.000000
-36.000000
-28.000000
-12.000000
-40.000000
-40.000000
-20.000000
-36.000000
-36.000000
-32.000000
-44.000000
-32.000000
-36.000000
-24.000000
-48.000000
-48.000000
-48.000000
-44.000000
-40.000000
-40.000000
-56.000000
-48.000000
-48.000000
-32.000000
-44.000000
-52.000000
-24.000000
-24.000000
0.000000
-32.000000
-20.000000
-24.000000
-24.000000
-44.000000
-44.000000
-24.000000
-28.000000
-52.000000
-64.000000
-60.000000
-40.000000
-56.000000
-52.000000
-56.000000
-76.000000
-64.000000
-92.000000
-80.000000
-60.000000
-52.000000
-64.000000
-48.000000
-64.000000
-80.000000
-92.000000
-76.000000
-60.000000
-80.000000
-88.000000
-48.000000
-60.000000
-56.000000
-64.000000
-56.000000
-64.000000
-80.000000
-56.000000
-72.000000
-52.000000
-68.000000
-52.000000
-76.000000
-52.000000
-24.000000
-32.000000
-16.000000
-44.000000
-44.000000
-32.000000
-56.000000
-56.000000
-40.000000
-36.000000
-64.000000
-56.000000
-52.000000
-60.000000
-64.000000
-56.000000
-40.000000
-52.000000
-60.000000
-72.000000
-56.000000
-64.000000
-64.000000
-52.000000
-12.000000
-60.000000
-40.000000
-28.000000
-60.000000
-28.000000
-52.000000
-48.000000
-52.000000
-32.000000
-28.000000
-40.000000
-48.000000
-28.000000
-44.000000
-32.000000
-72.000000
-16.000000
-72.000000
-64.000000
-32.000000
-44.000000
-20.000000
-24.000000
-32.000000
-16.000000
-28.000000
-28.000000
-28.000000
-36.000000
-52.000000
-64.000000
-32.000000
-44.000000
-60.000000
-40.000000
-24.000000
-28.000000
-52.000000
-24.000000
-40.000000
-44.000000
-24.000000
-44.000000
-36.000000
-36.000000
-8.000000
-36.000000
-28.000000
-24.000000
-16.000000
-36.000000
-36.000000
-44.000000
-32.000000
-36.000000
-28.000000
-28.000000
-28.000000
-28.000000
-44.000000
-36.000000
-24.000000
-40.000000
-16.000000
-36.000000
-8.000000
-8.000000
-36.000000
-12.000000
-28.000000
-36.000000
-36.000000
-12.000000
-16.000000
-44.000000
-52.000000
-56.000000
-84.000000
-56.000000
-60.000000
-36.000000
-64.000000
-40.000000
-48.000000
-48.000000
-40.000000
-44.000000
-48.000000
-24.000000
-24.000000
-24.000000
-12.000000
-32.000000
-24.000000
-32.000000
0.000000
-40.000000
-16.000000
-20.000000
-44.000000
-32.000000
-48.000000
-16.000000
-48.000000
-36.000000
-40.000000
-24.000000
-36.000000
-52.000000
-44.000000
-36.000000
-40.000000
-24.000000
-32.000000
-24.000000
-44.000000
-40.000000
-24.000000
-48.000000
-16.000000
-52.000000
-60.000000
-44.000000
-52.000000
-52.000000
-92.000000
-36.000000
-40.000000
-48.000000
-44.000000
-32.000000
-52.000000
-16.000000
-40.000000
0.000000
-20.000000
-12.000000
-16.000000
-8.000000
-48.000000
0.000000
-24.000000
-20.000000
-20.000000
-24.000000
-8.000000
-16.000000
-28.000000
-20.000000
-36.000000
-36.000000
-52.000000
-32.000000
-40.000000
-16.000000
-60.000000
-16.000000
-36.000000
-36.000000
-28.000000
-32.000000
-28.000000
-36.000000
-32.000000
-12.000000
-48.000000
-40.000000
-32.000000
-36.000000
-64.000000
-64.000000
-60.000000
-40.000000
-52.000000
-32.000000
-56.000000
-24.000000
-28.000000
-36.000000
-20.000000
-44.000000
12.000000
-24.000000
-20.000000
-44.000000
-44.000000
-12.000000
-60.000000
-28.000000
-48.000000
-68.000000
-60.000000
-64.000000
-76.000000
-52.000000
-64.000000
-48.000000
-44.000000
-44.000000
-52.000000
-88.000000
-84.000000
-68.000000
-56.000000
-72.000000
-64.000000
-68.000000
-76.000000
-88.000000
-60.000000
-76.000000
-88.000000
-48.000000
-80.000000
-84.000000
-68.000000
-44.000000
-32.000000
-36.000000
-64.000000
-48.000000
-44.000000
-56.000000
-72.000000
-40.000000
-36.000000
-32.000000
-28.000000
-44.000000
-40.000000
-60.000000
-44.000000
-44.000000
-60.000000
-60.000000
-28.000000
-44.000000
-48.000000
-60.000000
-80.000000
-68.000000
-80.000000
-44.000000
-32.000000
-56.000000
-40.000000
-72.000000
-60.000000
-28.000000
-44.000000
-28.000000
-52.000000
-44.000000
-52.000000
-44.000000
-32.000000
-80.000000
-64.000000
-64.000000
-40.000000
-40.000000
-36.000000
-48.000000
-32.000000
-44.000000
-64.000000
-24.000000
-40.000000
-88.000000
-16.000000
-40.000000
-16.000000
-56.000000
-20.000000
-16.000000
-44.000000
-36.000000
-4.000000
-56.000000
-24.000000
-56.000000
-48.000000
-60.000000
-76.000000
-56.000000
-40.000000
-28.000000
-44.000000
-36.000000
-40.000000
-28.000000
-20.000000
-52.000000
-40.000000
-52.000000
-44.000000
-24.000000
-40.000000
-64.000000
-40.000000
-24.000000
-28.000000
-24.000000
-36.000000
-24.000000
-40.000000
-60.000000
-48.000000
-28.000000
-28.000000
-32.000000
-40.000000
-20.000000
-32.000000
-28.000000
-32.000000
-64.000000
-36.000000
-40.000000
-12.000000
-24.000000
-32.000000
-24.000000
-28.000000
-40.000000
-48.000000
-40.000000
-64.000000
-80.000000
-52.000000
-84.000000
-40.000000
-64.000000
-44.000000
-48.000000
-32.000000
-48.000000
-32.000000
-68.000000
-16.000000
-32.000000
-56.000000
-24.000000
-84.000000
-36.000000
-24.000000
-32.000000
-24.000000
-44.000000
-48.000000
-52.000000
-12.000000
-52.000000
-32.000000
-44.000000
-64.000000
-12.000000
-36.000000
-56.000000
-32.000000
-48.000000
-44.000000
-52.000000
-52.000000
-12.000000
-60.000000
-32.000000
-56.000000
-44.000000
-20.000000
-56.000000
-56.000000
-24.000000
-52.000000
-72.000000
-56.000000
-56.000000
-76.000000
0.000000
-44.000000
-32.000000
-28.000000
-20.000000
-12.000000
-12.000000
-8.000000
-20.000000
-16.000000
-4.000000
8.000000
-40.000000
-20.000000
-24.000000
-16.000000
0.000000
-12.000000
-16.000000
-20.000000
12.000000
-24.000000
-32.000000
-20.000000
-12.000000
-24.000000
-28.000000
-32.000000
-24.000000
-40.000000
-40.000000
-20.000000
-36.000000
-48.000000
-24.000000
-36.000000
-20.000000
-40.000000
-20.000000
-48.000000
-24.000000
-36.000000
-32.000000
-44.000000
-28.000000
-20.000000
-36.000000
-72.000000
-28.000000
-32.000000
-40.000000
-32.000000
-8.000000
-44.000000
4.000000
-40.000000
-32.000000
-28.000000
-44.000000
-36.000000
-44.000000
-52.000000
-44.000000
-28.000000
-36.000000
-52.000000
-44.000000
-64.000000
-76.000000
-48.000000
-40.000000
-40.000000
-52.000000
-68.000000
-76.000000
-72.000000
-76.000000
-52.000000
-72.000000
-48.000000
-60.000000
-68.000000
-52.000000
-76.000000
-104.000000
-76.000000
-80.000000
-64.000000
-48.000000
-52.000000
-64.000000
-64.000000
-52.000000
-40.000000
-72.000000
-60.000000
-64.000000
-36.000000
-40.000000
-52.000000
-24.000000
-36.000000
-44.000000
-44.000000
-44.000000
-60.000000
-52.000000
-76.000000
-56.000000
-24.000000
-56.000000
-52.000000
-64.000000
-88.000000
-64.000000
-40.000000
-60.000000
-60.000000
-52.000000
-44.000000
-16.000000
-56.000000
-60.000000
-32.000000
-44.000000
-72.000000
-28.000000
-52.000000
-60.000000
-36.000000
-32.000000
-40.000000
-60.000000
-32.000000
-40.000000
-52.000000
-40.000000
-44.000000
-16.000000
-48.000000
-48.000000
-12.000000
-48.000000
-24.000000
-24.000000
-52.000000
-28.000000
-32.000000
-24.000000
-16.000000
-36.000000
-20.000000
-28.000000
-60.000000
-48.000000
-20.000000
-32.000000
-4.000000
-44.000000
-32.000000
-44.000000
-28.000000
-32.000000
-36.000000
-20.000000
-48.000000
-24.000000
-48.000000
-8.000000
-24.000000
-24.000000
-32.000000
0.000000
-48.000000
-28.000000
-28.000000
-32.000000
-52.000000
-52.000000
-40.000000
-12.000000
-32.000000
-16.000000
-16.000000
-28.000000
-36.000000
-20.000000
-28.000000
-28.000000
-20.000000
-32.000000
-28.000000
-12.000000
-28.000000
-20.000000
-8.000000
-16.000000
-44.000000
-72.000000
-80.000000
-44.000000
-68.000000
-28.000000
-52.000000
-56.000000
-76.000000
-40.000000
-60.000000
-64.000000
-36.000000
-28.000000
-32.000000
-32.000000
-44.000000
-28.000000
-28.000000
-28.000000
-24.000000
-32.000000
-24.000000
-36.000000
-36.000000
-20.000000
-28.000000
-16.000000
-20.000000
-20.000000
-36.000000
-64.000000
-44.000000
-56.000000
-32.000000
-32.000000
-44.000000
-28.000000
-20.000000
-24.000000
-44.000000
-36.000000
-20.000000
-48.000000
-44.000000
-40.000000
-40.000000
-44.000000
-44.000000
-40.000000
-96.000000
-64.000000
-52.000000
-40.000000
-44.000000
-24.000000
-64.000000
-32.000000
-36.000000
-28.000000
-20.000000
-28.000000
4.000000
0.000000
-28.000000
-28.000000
-24.000000
-16.000000
-8.000000
-4.000000
-44.000000
-20.000000
0.000000
-28.000000
-20.000000
-12.000000
-44.000000
4.000000
-24.000000
-12.000000
-52.000000
-40.000000
-36.000000
-24.000000
-20.000000
-36.000000
-28.000000
-32.000000
-20.000000
-36.000000
-44.000000
-36.000000
-20.000000
-32.000000
-44.000000
-36.000000
-28.000000
-12.000000
-48.000000
-72.000000
-44.000000
-44.000000
-24.000000
-36.000000
-32.000000
0.000000
4.000000
-40.000000
-4.000000
-36.000000
-28.000000
-32.000000
-40.000000
-56.000000
-24.000000
-48.000000
-48.000000
-40.000000
-64.000000
-48.000000
-52.000000
-48.000000
-56.000000
-64.000000
-36.000000
-72.000000
-40.000000
-32.000000
-36.000000
-60.000000
-84.000000
-64.000000
-64.000000
-72.000000
-48.000000
-44.000000
-80.000000
-72.000000
-72.000000
-32.000000
-48.000000
-56.000000
-84.000000
-68.000000
-44.000000
-80.000000
-36.000000
-52.000000
-52.000000
-36.000000
-28.000000
-32.000000
-28.000000
-32.000000
-36.000000
-40.000000
-48.000000
-36.000000
-40.000000
-36.000000
-32.000000
-76.000000
-76.000000
-44.000000
-60.000000
-64.000000
-92.000000
-60.000000
-72.000000
-76.000000
-64.000000
-56.000000
-36.000000
-44.000000
-44.000000
-16.000000
-76.000000
-64.000000
-80.000000
-44.000000
-44.000000
-40.000000
-32.000000
-36.000000
-72.000000
-20.000000
-68.000000
-32.000000
-32.000000
-64.000000
-52.000000
-64.000000
-44.000000
-32.000000
-24.000000
-60.000000
-32.000000
-48.000000
-24.000000
-20.000000
-32.000000
-28.000000
-32.000000
-36.000000
-28.000000
-44.000000
-48.000000
-40.000000
-24.000000
-44.000000
-40.000000
-64.000000
-44.000000
-56.000000
-48.000000
-56.000000
-24.000000
-36.000000
-36.000000
-16.000000
-24.000000
-12.000000
-36.000000
-48.000000
-44.000000
-32.000000
-28.000000
-24.000000
-28.000000
-32.000000
-36.000000
-44.000000
-44.000000
-56.000000
-28.000000
-52.000000
-28.000000
-52.000000
-28.000000
-20.000000
-32.000000
-36.000000
-48.000000
-40.000000
-8.000000
-28.000000
-28.000000
-28.000000
-44.000000
-12.000000
-32.000000
-44.000000
-24.000000
-76.000000
-28.000000
-72.000000
-40.000000
-44.000000
-36.000000
-28.000000
-32.000000
-44.000000
-28.000000
-52.000000
-16.000000
-28.000000
-36.000000
-36.000000
-16.000000
-32.000000
-36.000000
-44.000000
-36.000000
-24.000000
-28.000000
-48.000000
-8.000000
-12.000000
-52.000000
-16.000000
-48.000000
-28.000000
-52.000000
-24.000000
-24.000000
-48.000000
-40.000000
-28.000000
-32.000000
-48.000000
-32.000000
-36.000000
-36.000000
-48.000000
-44.000000
-36.000000
-40.000000
-44.000000
-48.000000
-56.000000
-56.000000
-32.000000
-84.000000
-8.000000
-44.000000
-52.000000
-32.000000
-32.000000
4.000000
-20.000000
-8.000000
-4.000000
4.000000
12.000000
0.000000
-24.000000
-24.000000
-28.000000
-16.000000
-24.000000
-48.000000
-32.000000
-32.000000
-56.000000
-40.000000
-40.000000
-16.000000
-52.000000
-32.000000
-44.000000
-32.000000
-52.000000
-20.000000
-52.000000
-32.000000
-32.000000
-16.000000
-40.000000
-44.000000
-12.000000
-24.000000
-28.000000
-36.000000
-20.000000
-48.000000
-44.000000
-20.000000
-20.000000
-48.000000
-40.000000
-48.000000
-64.000000
-36.000000
-32.000000
-36.000000
0.000000
-24.000000
-32.000000
-8.000000
-44.000000
-20.000000
-48.000000
-56.000000
-80.000000
-44.000000
-44.000000
-52.000000
-40.000000
-48.000000
-68.000000
-36.000000
-64.000000
-24.000000
-48.000000
-72.000000
-56.000000
-76.000000
-60.000000
-60.000000
-84.000000
-44.000000
-60.000000
-48.000000
-48.000000
-48.000000
-28.000000
-68.000000
-56.000000
-56.000000
-88.000000
-60.000000
-44.000000
-76.000000
-88.000000
-72.000000
-28.000000
-56.000000
-32.000000
-64.000000
-48.000000
-28.000000
-48.000000
-28.000000
-56.000000
-36.000000
-76.000000
-40.000000
-52.000000
-44.000000
-48.000000
-56.000000
-76.000000
-28.000000
-36.000000
-48.000000
-32.000000
-48.000000
-48.000000
-72.000000
-68.000000
-36.000000
-56.000000
-56.000000
-72.000000
-52.000000
-68.000000
-48.000000
-40.000000
-64.000000
-40.000000
-40.000000
-64.000000
-52.000000
-32.000000
-48.000000
-44.000000
-48.000000
-28.000000
-72.000000
-40.000000
-56.000000
-32.000000
-40.000000
-64.000000
-32.000000
-48.000000
-56.000000
-28.000000
-36.000000
16.000000
-32.000000
4.000000
-44.000000
-12.000000
-64.000000
-40.000000
-52.000000
-24.000000
-48.000000
-24.000000
-52.000000
-16.000000
-40.000000
-52.000000
-20.000000
-48.000000
-40.000000
-48.000000
-60.000000
-40.000000
-28.000000
-32.000000
-48.000000
-32.000000
-32.000000
-64.000000
-12.000000
-44.000000
-36.000000
-32.000000
-24.000000
-52.000000
-44.000000
-24.000000
-28.000000
-56.000000
-28.000000
-20.000000
-44.000000
-36.000000
-36.000000
-12.000000
-16.000000
-28.000000
-48.000000
-64.000000
-36.000000
-32.000000
-28.000000
-48.000000
-24.000000
-76.000000
-64.000000
-48.000000
-76.000000
-68.000000
-28.000000
-60.000000
-40.000000
-56.000000
-32.000000
-56.000000
-40.000000
-60.000000
-40.000000
-40.000000
-28.000000
-12.000000
-20.000000
-32.000000
-40.000000
-52.000000
-16.000000
-44.000000
-36.000000
-16.000000
-52.000000
-16.000000
0.000000
-40.000000
-24.000000
-28.000000
-28.000000
-36.000000
-24.000000
-36.000000
-28.000000
-44.000000
-32.000000
-16.000000
-24.000000
-24.000000
-32.000000
-40.000000
-8.000000
-60.000000
-32.000000
-44.000000
-52.000000
-64.000000
-52.000000
-76.000000
-72.000000
-48.000000
-12.000000
-44.000000
-40.000000
-40.000000
-20.000000
-16.000000
-24.000000
-40.000000
-20.000000
-20.000000
-8.000000
-20.000000
-12.000000
-40.000000
-44.000000
-16.000000
-16.000000
-44.000000
-48.000000
-24.000000
-36.000000
-16.000000
-40.000000
-48.000000
-20.000000
-24.000000
-32.000000
-24.000000
-44.000000
4.000000
-36.000000
-44.000000
-20.000000
-44.000000
-32.000000
-28.000000
-40.000000
-28.000000
-24.000000
-52.000000
-40.000000
-20.000000
-48.000000
-40.000000
-40.000000
-12.000000
-28.000000
-44.000000
-28.000000
-48.000000
-40.000000
-20.000000
-20.000000
-28.000000
-24.000000
-32.000000
-32.000000
-64.000000
-36.000000
-52.000000
-52.000000
-60.000000
-28.000000
-56.000000
-44.000000
-44.000000
-32.000000
-48.000000
-24.000000
-36.000000
-40.000000
-68.000000
-68.000000
-40.000000
-68.000000
-88.000000
-64.000000
-88.000000
-76.000000
-72.000000
-72.000000
-64.000000
-44.000000
-60.000000
-56.000000
-40.000000
-40.000000
-44.000000
-80.000000
-44.000000
-36.000000
-48.000000
-56.000000
-40.000000
-64.000000
-12.000000
-52.000000
-16.000000
-20.000000
-52.000000
-48.000000
-44.000000
-68.000000
-84.000000
-28.000000
-36.000000
-36.000000
-36.000000
-52.000000
-44.000000
-44.000000
-40.000000
-48.000000
-40.000000
-72.000000
-52.000000
-52.000000
-44.000000
-64.000000
-52.000000
-52.000000
-52.000000
-48.000000
-40.000000
-48.000000
-52.000000
-60.000000
-44.000000
-48.000000
-52.000000
-8.000000
-52.000000
-60.000000
0.000000
-24.000000
-52.000000
-40.000000
-52.000000
-28.000000
-40.000000
-32.000000
-16.000000
-40.000000
-44.000000
-12.000000
-12.000000
-8.000000
-4.000000
-32.000000
-44.000000
-32.000000
-48.000000
-72.000000
-48.000000
-40.000000
-56.000000
-44.000000
-28.000000
-44.000000
-60.000000
-36.000000
-32.000000
-32.000000
-20.000000
-52.000000
-36.000000
-36.000000
-24.000000
-48.000000
-28.000000
-32.000000
-24.000000
-24.000000
-32.000000
-36.000000
-28.000000
-48.000000
-12.000000
-28.000000
-44.000000
-28.000000
-28.000000
-32.000000
-24.000000
-28.000000
-28.000000
-8.000000
-48.000000
-20.000000
-8.000000
-60.000000
-68.000000
-40.000000
-28.000000
-24.000000
-40.000000
-36.000000
-48.000000
-76.000000
-68.000000
-48.000000
-40.000000
-48.000000
-64.000000
-36.000000
-60.000000
-64.000000
-36.000000
-32.000000
-32.000000
-44.000000
-20.000000
-36.000000
-44.000000
-32.000000
-36.000000
-40.000000
-32.000000
-48.000000
-24.000000
-32.000000
-32.000000
-28.000000
-32.000000
-48.000000
-36.000000
-36.000000
-24.000000
-44.000000
-32.000000
-64.000000
-52.000000
-48.000000
-44.000000
-64.000000
-28.000000
-48.000000
-32.000000
-40.000000
-44.000000
-40.000000
-44.000000
-48.000000
-52.000000
-32.000000
-52.000000
-88.000000
-80.000000
-4.000000
-20.000000
-52.000000
-48.000000
-40.000000
-20.000000
-40.000000
-40.000000
-12.000000
-36.000000
12.000000
-16.000000
-44.000000
-20.000000
-28.000000
-28.000000
-36.000000
-36.000000
-36.000000
-24.000000
-48.000000
-36.000000
-16.000000
-32.000000
-40.000000
-20.000000
-44.000000
-20.000000
-20.000000
-28.000000
-32.000000
-28.000000
-52.000000
-32.000000
-52.000000
-44.000000
-40.000000
-36.000000
-40.000000
-36.000000
-52.000000
-36.000000
-52.000000
-44.000000
-28.000000
-56.000000
-56.000000
-40.000000
-60.000000
-24.000000
-48.000000
-24.000000
-8.000000
-20.000000
-40.000000
-28.000000
-24.000000
-56.000000
-24.000000
-52.000000
-48.000000
-28.000000
-64.000000
-48.000000
-72.000000
-60.000000
-40.000000
-44.000000
-52.000000
-36.000000
-48.000000
-32.000000
-76.000000
-44.000000
-72.000000
-80.000000
-56.000000
-64.000000
-80.000000
-32.000000
-76.000000
-76.000000
-76.000000
-52.000000
-64.000000
-48.000000
-60.000000
-72.000000
-36.000000
-40.000000
-44.000000
-76.000000
-64.000000
-72.000000
-84.000000
-76.000000
-80.000000
-28.000000
-32.000000
-24.000000
-24.000000
-36.000000
-56.000000
-52.000000
-68.000000
-60.000000
-52.000000
-64.000000
-52.000000
-76.000000
-56.000000
-104.000000
-44.000000
-48.000000
-68.000000
-60.000000
-28.000000
-60.000000
-44.000000
-24.000000
-88.000000
-36.000000
-76.000000
-56.000000
-40.000000
-92.000000
-40.000000
-40.000000
-40.000000
-56.000000
-24.000000
-48.000000
-40.000000
-24.000000
-44.000000
-72.000000
-16.000000
-76.000000
-28.000000
-76.000000
-24.000000
-48.000000
-28.000000
-76.000000
-28.000000
-36.000000
-44.000000
-40.000000
-4.000000
-12.000000
-36.000000
-20.000000
-44.000000
-36.000000
-60.000000
-32.000000
-60.000000
-40.000000
-60.000000
-56.000000
-40.000000
-32.000000
-52.000000
-44.000000
-48.000000
-52.000000
-56.000000
-20.000000
-36.000000
-32.000000
-20.000000
-40.000000
-44.000000
-44.000000
-44.000000
-4.000000
-28.000000
-20.000000
-36.000000
-52.000000
-44.000000
-16.000000
-20.000000
-32.000000
-44.000000
-40.000000
-24.000000
4.000000
-28.000000
-28.000000
-28.000000
-28.000000
-28.000000
-32.000000
-60.000000
-48.000000
-40.000000
-8.000000
-64.000000
-64.000000
-48.000000
-88.000000
-52.000000
-44.000000
-68.000000
-56.000000
-32.000000
-72.000000
-32.000000
-52.000000
-36.000000
-44.000000
-16.000000
-56.000000
-16.000000
-28.000000
-56.000000
-32.000000
-20.000000
-36.000000
-52.000000
-40.000000
-60.000000
-36.000000
-28.000000
-28.000000
-32.000000
-28.000000
-44.000000
-28.000000
-32.000000
-36.000000
-44.000000
-36.000000
-24.000000
-48.000000
-44.000000
-36.000000
-44.000000
-36.000000
-44.000000
-40.000000
-16.000000
-44.000000
-60.000000
-32.000000
-68.000000
-76.000000
-56.000000
-88.000000
-56.000000
-36.000000
-52.000000
-48.000000
-32.000000
-16.000000
-44.000000
-20.000000
-24.000000
12.000000
-28.000000
-20.000000
-24.000000
-24.000000
-32.000000
-8.000000
-32.000000
-24.000000
-44.000000
-20.000000
-12.000000
-32.000000
-20.000000
-36.000000
-20.000000
-32.000000
-20.000000
-44.000000
-32.000000
-28.000000
-60.000000
-24.000000
-48.000000
-52.000000
-52.000000
-48.000000
-60.000000
-44.000000
-40.000000
-48.000000
-44.000000
-52.000000
-40.000000
-64.000000
-48.000000
-36.000000
-40.000000
-72.000000
-44.000000
-24.000000
-32.000000
-16.000000
-28.000000
-40.000000
8.000000
-32.000000
-44.000000
-4.000000
-32.000000
-24.000000
-48.000000
-32.000000
-64.000000
-8.000000
-44.000000
-52.000000
-32.000000
-36.000000
-48.000000
-72.000000
-52.000000
-36.000000
-68.000000
-60.000000
-36.000000
-32.000000
-44.000000
-76.000000
-52.000000
-60.000000
-88.000000
-48.000000
-80.000000
-80.000000
-44.000000
-76.000000
-52.000000
-92.000000
-80.000000
-84.000000
-72.000000
-56.000000
-88.000000
-36.000000
-68.000000
-64.000000
-44.000000
-40.000000
-52.000000
-20.000000
-36.000000
-36.000000
-32.000000
-48.000000
-44.000000
-44.000000
-64.000000
-72.000000
-44.000000
-36.000000
-60.000000
-64.000000
-48.000000
-68.000000
-44.000000
-64.000000
-28.000000
-64.000000
-36.000000
-64.000000
-28.000000
-60.000000
-56.000000
-20.000000
-64.000000
-20.000000
-64.000000
-28.000000
-64.000000
-36.000000
-72.000000
-36.000000
-52.000000
-28.000000
-52.000000
-52.000000
-52.000000
-52.000000
-32.000000
-40.000000
-48.000000
-52.000000
-56.000000
-48.000000
-40.000000
-56.000000
-24.000000
-28.000000
-12.000000
-16.000000
-8.000000
-44.000000
-48.000000
-28.000000
-44.000000
-28.000000
-48.000000
-12.000000
-36.000000
-52.000000
-40.000000
-48.000000
-32.000000
-24.000000
