192.000000
1188.000000
2516.000000
3752.000000
4772.000000
5284.000000
5316.000000
4848.000000
3952.000000
2704.000000
1188.000000
-420.000000
-1988.000000
-3392.000000
-4488.000000
-5204.000000
-5444.000000
-5192.000000
-4496.000000
-3388.000000
-1972.000000
-368.000000
1240.000000
2768.000000
4024.000000
4900.000000
5332.000000
5268.000000
4724.000000
3756.000000
2452.000000
920.000000
-688.000000
-2236.000000
-3612.000000
-4660.000000
-5296.000000
-5468.000000
-5136.000000
-4380.000000
-3200.000000
-1728.000000
-136.000000
1504.000000
2984.000000
4180.000000
5004.000000
5348.000000
5208.000000
4588.000000
3544.000000
2200.000000
676.000000
-948.000000
-2476.000000
-3808.000000
-4784.000000
-5348.000000
-5436.000000
-5036.000000
-4200.000000
-2988.000000
-1524.000000
-484.000000
-136.000000
-8.000000
-8.000000
-72.000000
-48.000000
-72.000000
-72.000000
-64.000000
-48.000000
-44.000000
-68.000000
-60.000000
-64.000000
-60.000000
-80.000000
-52.000000
-88.000000
-88.000000
-72.000000
-60.000000
-28.000000
-48.000000
-52.000000
-64.000000
-64.000000
-80.000000
-80.000000
-52.000000
-60.000000
-56.000000
-44.000000
-72.000000
-64.000000
-56.000000
-48.000000
-44.000000
-44.000000
-44.000000
-48.000000
-40.000000
-60.000000
-52.000000
-68.000000
-72.000000
-68.000000
-68.000000
-60.000000
-60.000000
-68.000000
-68.000000
-28.000000
-52.000000
-64.000000
-76.000000
-48.000000
-36.000000
-60.000000
-64.000000
-56.000000
-60.000000
-48.000000
-60.000000
-40.000000
-48.000000
-76.000000
-48.000000
-60.000000
-64.000000
-60.000000
-60.000000
-84.000000
-56.000000
-52.000000
-64.000000
-44.000000
-72.000000
-76.000000
-64.000000
-56.000000
-60.000000
-40.000000
-56.000000
-60.000000
-52.000000
-76.000000
-32.000000
-60.000000
-72.000000
-56.000000
-40.000000
-56.000000
-76.000000
-68.000000
-92.000000
-48.000000
-68.000000
-56.000000
-52.000000
-48.000000
-68.000000
-48.000000
-64.000000
-64.000000
-56.000000
-72.000000
-64.000000
-76.000000
-60.000000
-64.000000
-60.000000
-52.000000
-56.000000
-72.000000
-64.000000
-72.000000
-60.000000
-64.000000
-52.000000
-60.000000
-44.000000
-72.000000
-48.000000
-64.000000
-36.000000
-40.000000
-44.000000
-60.000000
-56.000000
-60.000000
-52.000000
-52.000000
-56.000000
-60.000000
-56.000000
-52.000000
-52.000000
-60.000000
-64.000000
-64.000000
-60.000000
-52.000000
-60.000000
-48.000000
-64.000000
-64.000000
-36.000000
-52.000000
-52.000000
-64.000000
-68.000000
-60.000000
-56.000000
-24.000000
-52.000000
-72.000000
-52.000000
-76.000000
-60.000000
-48.000000
-56.000000
-68.000000
-48.000000
-64.000000
-72.000000
-28.000000
-28.000000
-28.000000
-36.000000
-48.000000
-28.000000
-60.000000
-60.000000
-68.000000
-60.000000
-48.000000
-52.000000
-72.000000
-48.000000
-72.000000
-48.000000
-48.000000
-60.000000
-52.000000
-52.000000
-56.000000
-60.000000
-56.000000
-56.000000
-40.000000
-44.000000
-40.000000
-64.000000
-52.000000
-76.000000
-36.000000
-60.000000
-52.000000
-40.000000
-64.000000
-68.000000
-64.000000
-56.000000
-32.000000
-56.000000
-56.000000
-56.000000
-56.000000
-80.000000
-80.000000
-68.000000
-56.000000
-84.000000
-52.000000
-64.000000
-48.000000
-56.000000
-68.000000
-60.000000
-52.000000
-52.000000
-48.000000
-56.000000
-68.000000
-64.000000
-48.000000
-48.000000
-60.000000
-76.000000
-56.000000
-60.000000
-48.000000
-72.000000
-84.000000
-48.000000
-56.000000
-60.000000
-72.000000
-56.000000
-56.000000
-60.000000
-60.000000
-52.000000
-72.000000
-44.000000
-72.000000
-44.000000
-60.000000
-60.000000
-56.000000
-52.000000
-52.000000
-64.000000
-60.000000
-60.000000
-52.000000
-48.000000
-72.000000
-56.000000
-64.000000
-48.000000
-56.000000
-52.000000
-48.000000
-52.000000
-52.000000
-44.000000
-44.000000
-60.000000
-72.000000
-60.000000
-44.000000
-68.000000
-56.000000
-64.000000
-44.000000
-56.000000
-56.000000
-60.000000
-64.000000
-36.000000
-44.000000
-48.000000
-52.000000
-60.000000
-68.000000
-52.000000
-60.000000
-48.000000
-48.000000
-64.000000
-48.000000
-64.000000
-48.000000
-60.000000
-48.000000
-44.000000
-56.000000
-40.000000
-52.000000
-48.000000
-48.000000
-40.000000
-44.000000
-52.000000
-32.000000
-32.000000
-60.000000
-60.000000
-48.000000
-60.000000
-24.000000
-28.000000
-32.000000
-64.000000
-72.000000
-36.000000
-64.000000
-64.000000
-60.000000
-64.000000
-56.000000
-60.000000
-48.000000
-52.000000
-64.000000
-52.000000
-76.000000
-60.000000
-60.000000
-40.000000
-40.000000
-64.000000
-80.000000
-52.000000
-36.000000
-48.000000
-44.000000
-52.000000
-60.000000
-52.000000
-56.000000
-48.000000
-48.000000
-60.000000
-64.000000
-40.000000
-60.000000
-76.000000
-56.000000
-60.000000
-52.000000
-68.000000
-68.000000
-76.000000
-40.000000
-36.000000
-68.000000
-64.000000
-64.000000
-48.000000
-52.000000
-64.000000
-48.000000
-84.000000
-52.000000
-48.000000
-64.000000
-60.000000
-64.000000
-64.000000
-44.000000
-72.000000
-68.000000
-72.000000
-52.000000
-64.000000
-76.000000
-64.000000
-64.000000
-44.000000
-48.000000
-72.000000
-72.000000
-76.000000
-52.000000
-72.000000
-52.000000
-68.000000
-52.000000
-40.000000
-56.000000
-72.000000
-64.000000
-52.000000
-64.000000
-60.000000
-52.000000
-44.000000
-72.000000
-60.000000
-60.000000
-68.000000
-40.000000
-52.000000
-48.000000
-40.000000
-36.000000
-52.000000
-44.000000
-32.000000
-36.000000
-32.000000
-44.000000
-12.000000
-20.000000
-40.000000
-36.000000
-56.000000
-48.000000
-36.000000
-48.000000
-44.000000
-40.000000
-28.000000
-44.000000
-40.000000
-48.000000
-44.000000
-44.000000
-32.000000
-28.000000
-52.000000
-48.000000
-48.000000
-52.000000
-20.000000
-32.000000
-56.000000
-36.000000
-32.000000
-12.000000
-52.000000
-48.000000
-44.000000
-28.000000
-16.000000
-28.000000
-32.000000
-40.000000
-48.000000
-28.000000
-32.000000
-40.000000
-52.000000
-24.000000
-40.000000
-24.000000
-32.000000
-28.000000
-28.000000
-48.000000
-64.000000
-36.000000
-24.000000
-40.000000
-36.000000
-44.000000
-44.000000
-64.000000
-40.000000
-32.000000
-52.000000
-56.000000
-48.000000
-56.000000
-52.000000
-32.000000
-68.000000
-60.000000
-56.000000
-48.000000
-60.000000
-60.000000
-48.000000
-60.000000
-52.000000
-52.000000
-52.000000
-64.000000
-60.000000
-52.000000
-60.000000
-60.000000
-64.000000
-72.000000
-64.000000
-64.000000
-68.000000
-72.000000
-72.000000
-96.000000
-68.000000
-56.000000
-64.000000
-92.000000
-36.000000
-72.000000
-72.000000
-80.000000
-92.000000
-84.000000
-64.000000
-96.000000
-68.000000
-76.000000
-80.000000
-76.000000
-76.000000
-64.000000
-96.000000
-72.000000
-92.000000
-100.000000
-80.000000
-80.000000
-88.000000
-80.000000
-92.000000
-96.000000
-92.000000
-76.000000
-76.000000
-84.000000
-96.000000
-88.000000
-88.000000
-92.000000
-80.000000
-76.000000
-72.000000
-68.000000
-88.000000
-84.000000
-76.000000
-80.000000
-80.000000
-76.000000
-92.000000
-84.000000
-88.000000
-88.000000
-92.000000
-76.000000
-84.000000
-92.000000
-68.000000
-88.000000
-96.000000
-96.000000
-76.000000
-72.000000
-88.000000
-80.000000
-104.000000
-64.000000
-80.000000
-92.000000
-84.000000
-80.000000
-80.000000
-72.000000
-76.000000
-72.000000
-52.000000
-60.000000
-48.000000
-60.000000
-64.000000
-60.000000
-64.000000
-52.000000
-60.000000
-56.000000
-64.000000
-52.000000
-60.000000
-52.000000
-76.000000
-36.000000
-60.000000
-32.000000
-52.000000
-48.000000
-44.000000
-48.000000
-56.000000
-44.000000
-44.000000
-36.000000
-48.000000
-52.000000
-40.000000
-40.000000
-24.000000
-52.000000
-44.000000
-44.000000
-44.000000
-68.000000
-48.000000
-48.000000
-44.000000
-40.000000
-52.000000
-56.000000
-52.000000
-72.000000
-48.000000
-64.000000
-52.000000
-64.000000
-64.000000
-52.000000
-36.000000
-60.000000
-40.000000
-80.000000
-52.000000
-72.000000
-52.000000
-56.000000
-60.000000
-64.000000
-60.000000
-60.000000
-52.000000
-52.000000
-72.000000
-60.000000
-60.000000
-72.000000
-48.000000
-52.000000
-52.000000
-56.000000
-60.000000
-60.000000
-72.000000
-48.000000
-48.000000
-64.000000
-52.000000
-72.000000
-52.000000
-52.000000
-60.000000
-52.000000
-64.000000
-44.000000
-56.000000
-64.000000
-72.000000
-48.000000
-60.000000
-60.000000
-68.000000
-48.000000
-48.000000
-32.000000
-64.000000
-36.000000
-32.000000
-52.000000
-56.000000
-80.000000
-76.000000
-40.000000
-52.000000
-44.000000
-64.000000
-44.000000
-60.000000
-60.000000
-44.000000
-56.000000
-44.000000
-48.000000
-60.000000
-60.000000
-56.000000
-28.000000
-60.000000
-44.000000
-60.000000
-48.000000
-56.000000
-52.000000
-56.000000
-40.000000
-52.000000
-40.000000
-40.000000
-52.000000
-44.000000
-28.000000
-44.000000
-68.000000
-44.000000
-56.000000
-48.000000
-60.000000
-44.000000
-44.000000
-36.000000
-64.000000
-28.000000
-44.000000
-52.000000
-32.000000
-32.000000
-36.000000
-56.000000
-60.000000
-64.000000
-32.000000
-44.000000
-44.000000
-44.000000
-48.000000
-40.000000
-32.000000
-60.000000
-68.000000
-48.000000
-56.000000
-44.000000
-44.000000
-72.000000
-80.000000
-48.000000
-60.000000
-60.000000
-40.000000
-44.000000
-48.000000
-52.000000
-52.000000
-24.000000
-36.000000
-28.000000
-36.000000
-48.000000
-52.000000
-52.000000
-72.000000
-52.000000
-48.000000
-52.000000
-32.000000
-48.000000
-60.000000
-72.000000
-48.000000
-56.000000
-56.000000
-36.000000
-48.000000
-64.000000
-32.000000
-60.000000
-48.000000
-52.000000
-80.000000
-48.000000
-48.000000
-48.000000
-52.000000
-40.000000
-44.000000
-44.000000
-56.000000
-44.000000
-52.000000
-72.000000
-60.000000
-44.000000
-52.000000
-44.000000
-52.000000
-48.000000
-44.000000
-52.000000
-52.000000
-44.000000
-48.000000
-72.000000
-32.000000
-52.000000
-36.000000
-40.000000
-60.000000
-40.000000
-56.000000
-60.000000
-52.000000
-52.000000
-64.000000
-64.000000
-44.000000
-68.000000
-68.000000
-64.000000
-64.000000
-48.000000
-36.000000
-56.000000
-60.000000
-72.000000
-52.000000
-52.000000
-52.000000
-56.000000
-60.000000
-44.000000
-36.000000
-40.000000
-52.000000
-60.000000
-40.000000
-28.000000
-72.000000
-80.000000
-56.000000
-60.000000
-56.000000
-56.000000
-48.000000
-64.000000
-72.000000
-68.000000
-48.000000
-44.000000
-44.000000
-56.000000
-68.000000
-44.000000
-60.000000
-52.000000
-72.000000
-60.000000
-52.000000
-76.000000
-52.000000
-60.000000
-48.000000
-48.000000
-48.000000
-68.000000
-64.000000
-60.000000
-44.000000
-56.000000
-64.000000
-64.000000
-60.000000
-44.000000
-52.000000
-92.000000
-56.000000
-48.000000
-76.000000
-60.000000
-84.000000
-72.000000
-40.000000
-60.000000
-60.000000
-76.000000
-68.000000
-68.000000
-60.000000
-60.000000
-48.000000
-56.000000
-68.000000
-64.000000
-68.000000
-80.000000
-56.000000
-56.000000
-56.000000
-76.000000
-64.000000
-40.000000
-28.000000
-56.000000
-72.000000
-64.000000
-60.000000
-64.000000
-40.000000
-76.000000
-48.000000
-60.000000
-48.000000
-52.000000
-60.000000
-64.000000
-60.000000
-72.000000
-72.000000
-76.000000
-56.000000
-68.000000
-68.000000
-56.000000
-56.000000
-60.000000
-40.000000
-52.000000
-60.000000
-64.000000
-44.000000
-60.000000
-64.000000
-32.000000
-64.000000
-56.000000
-56.000000
-40.000000
-60.000000
-60.000000
-60.000000
-64.000000
-52.000000
-60.000000
-56.000000
-56.000000
-48.000000
-60.000000
-48.000000
-56.000000
-72.000000
-56.000000
-52.000000
-76.000000
-44.000000
-64.000000
-64.000000
-48.000000
-44.000000
-36.000000
-52.000000
-68.000000
-60.000000
-76.000000
-48.000000
-60.000000
-60.000000
-60.000000
-36.000000
-44.000000
-40.000000
-44.000000
-56.000000
-56.000000
-80.000000
-64.000000
-72.000000
-36.000000
-76.000000
-52.000000
-52.000000
-60.000000
-44.000000
-48.000000
-60.000000
-60.000000
-48.000000
-52.000000
-48.000000
-52.000000
-52.000000
-44.000000
-44.000000
-44.000000
-44.000000
-24.000000
-40.000000
-36.000000
-52.000000
-44.000000
-60.000000
-44.000000
-32.000000
-32.000000
-52.000000
-52.000000
-32.000000
-44.000000
-36.000000
-40.000000
-60.000000
-48.000000
-28.000000
-28.000000
-52.000000
-52.000000
-60.000000
-52.000000
-32.000000
-60.000000
-52.000000
-48.000000
-40.000000
-44.000000
-64.000000
-80.000000
-40.000000
-40.000000
-28.000000
-52.000000
-52.000000
-44.000000
-44.000000
-40.000000
-40.000000
-52.000000
-48.000000
-44.000000
-36.000000
-32.000000
-44.000000
-40.000000
-20.000000
-24.000000
-40.000000
-40.000000
-32.000000
-16.000000
-32.000000
-48.000000
-32.000000
-36.000000
-36.000000
-32.000000
-52.000000
-44.000000
-52.000000
-48.000000
-44.000000
-60.000000
-48.000000
-60.000000
-40.000000
-32.000000
-32.000000
-36.000000
-32.000000
-56.000000
-48.000000
-48.000000
-44.000000
-40.000000
-48.000000
-64.000000
-76.000000
-64.000000
-40.000000
-40.000000
-52.000000
-60.000000
-64.000000
-44.000000
-36.000000
-60.000000
-60.000000
-56.000000
-48.000000
-40.000000
-52.000000
-56.000000
-76.000000
-52.000000
-64.000000
-52.000000
-52.000000
-72.000000
-60.000000
-60.000000
-52.000000
-64.000000
-52.000000
-52.000000
-52.000000
-72.000000
-64.000000
-48.000000
-48.000000
-40.000000
-40.000000
-76.000000
-48.000000
-52.000000
-60.000000
-52.000000
-64.000000
-64.000000
-64.000000
-52.000000
-68.000000
-68.000000
-72.000000
-56.000000
-56.000000
-40.000000
-44.000000
-64.000000
-60.000000
-84.000000
-48.000000
-60.000000
-56.000000
-56.000000
-44.000000
-60.000000
-76.000000
-60.000000
-72.000000
-44.000000
-56.000000
-56.000000
-64.000000
-60.000000
-44.000000
-56.000000
-52.000000
-60.000000
-60.000000
-52.000000
-48.000000
-52.000000
-32.000000
-56.000000
-52.000000
-64.000000
-52.000000
-24.000000
-64.000000
-48.000000
-72.000000
-56.000000
-48.000000
-84.000000
-52.000000
-60.000000
-88.000000
-48.000000
-56.000000
-60.000000
-56.000000
-60.000000
-64.000000
-40.000000
-52.000000
-60.000000
-60.000000
-68.000000
-44.000000
-52.000000
-20.000000
-52.000000
-52.000000
-52.000000
-56.000000
-56.000000
-60.000000
-80.000000
-56.000000
-44.000000
-44.000000
-56.000000
-48.000000
-40.000000
-40.000000
-40.000000
-52.000000
-80.000000
-60.000000
-60.000000
-64.000000
-52.000000
-60.000000
-76.000000
-56.000000
-32.000000
-64.000000
-72.000000
-52.000000
-56.000000
-44.000000
-60.000000
-36.000000
-80.000000
-40.000000
-28.000000
-60.000000
-40.000000
-60.000000
-36.000000
-48.000000
-64.000000
-48.000000
-56.000000
-60.000000
-52.000000
-60.000000
-80.000000
-64.000000
-40.000000
-52.000000
-52.000000
-64.000000
-60.000000
-56.000000
-60.000000
-84.000000
-48.000000
-52.000000
-60.000000
-64.000000
-44.000000
-68.000000
-52.000000
-56.000000
-52.000000
-64.000000
-72.000000
-72.000000
-60.000000
-28.000000
-80.000000
-52.000000
-44.000000
-56.000000
-40.000000
-56.000000
-60.000000
-48.000000
-64.000000
-36.000000
-48.000000
-60.000000
-56.000000
-40.000000
-72.000000
-80.000000
-64.000000
-52.000000
-44.000000
-48.000000
-56.000000
-80.000000
-64.000000
-68.000000
-52.000000
-48.000000
-64.000000
-52.000000
-60.000000
-56.000000
-64.000000
-52.000000
-48.000000
-56.000000
-32.000000
-48.000000
-40.000000
-48.000000
-32.000000
-48.000000
-28.000000
-48.000000
-48.000000
-56.000000
-32.000000
-64.000000
-32.000000
-44.000000
-60.000000
-48.000000
-48.000000
-52.000000
-36.000000
-68.000000
-60.000000
-48.000000
-56.000000
-48.000000
-32.000000
-60.000000
-48.000000
-68.000000
-48.000000
-48.000000
-64.000000
-44.000000
-44.000000
-68.000000
-52.000000
-36.000000
-40.000000
-72.000000
-60.000000
-32.000000
-56.000000
-52.000000
-64.000000
-52.000000
-52.000000
-52.000000
-64.000000
-48.000000
-60.000000
-60.000000
-48.000000
-52.000000
-56.000000
-72.000000
-32.000000
-32.000000
-40.000000
-52.000000
-76.000000
-56.000000
-40.000000
-56.000000
-44.000000
-44.000000
-76.000000
-64.000000
-64.000000
-48.000000
-52.000000
-68.000000
-60.000000
-60.000000
-56.000000
-48.000000
-60.000000
-48.000000
-60.000000
-48.000000
-52.000000
-48.000000
-52.000000
-44.000000
-76.000000
-36.000000
-76.000000
-64.000000
-36.000000
-72.000000
-52.000000
-44.000000
-48.000000
-44.000000
-60.000000
-60.000000
-48.000000
-60.000000
-52.000000
-80.000000
-40.000000
-52.000000
-36.000000
-48.000000
-64.000000
-52.000000
-40.000000
-40.000000
-32.000000
-48.000000
-28.000000
-52.000000
-44.000000
-52.000000
-60.000000
-56.000000
-44.000000
-72.000000
-52.000000
-36.000000
-48.000000
-56.000000
-28.000000
-52.000000
-52.000000
-48.000000
-52.000000
-52.000000
-88.000000
-60.000000
-64.000000
-48.000000
-28.000000
-52.000000
-52.000000
-36.000000
-36.000000
-48.000000
-48.000000
-64.000000
-44.000000
-32.000000
-36.000000
-40.000000
-52.000000
-36.000000
-36.000000
-32.000000
-48.000000
-48.000000
-56.000000
-60.000000
-52.000000
-24.000000
-56.000000
-48.000000
-16.000000
-44.000000
-72.000000
-52.000000
-68.000000
-44.000000
-48.000000
-52.000000
-44.000000
-40.000000
-52.000000
-52.000000
-52.000000
-60.000000
-44.000000
-68.000000
-36.000000
-60.000000
-60.000000
-56.000000
-60.000000
-56.000000
-44.000000
-60.000000
-40.000000
-60.000000
-60.000000
-52.000000
-40.000000
-60.000000
-40.000000
-44.000000
-48.000000
-52.000000
-48.000000
-44.000000
-40.000000
-52.000000
-60.000000
-40.000000
-40.000000
-60.000000
-56.000000
-64.000000
-52.000000
-44.000000
-24.000000
-44.000000
-48.000000
-60.000000
-56.000000
-52.000000
-64.000000
-48.000000
-64.000000
-40.000000
-48.000000
-20.000000
-64.000000
-16.000000
-60.000000
-56.000000
-56.000000
-60.000000
-52.000000
-60.000000
-44.000000
-40.000000
-48.000000
-48.000000
-48.000000
-44.000000
-44.000000
-76.000000
-68.000000
-68.000000
-44.000000
-48.000000
-44.000000
-56.000000
-56.000000
-44.000000
-52.000000
-56.000000
-76.000000
-72.000000
-52.000000
-60.000000
-56.000000
-60.000000
-48.000000
-32.000000
-68.000000
-72.000000
-64.000000
-60.000000
-52.000000
-52.000000
-52.000000
-52.000000
-56.000000
-60.000000
-48.000000
-40.000000
-72.000000
-52.000000
-64.000000
-48.000000
-60.000000
-68.000000
-68.000000
-48.000000
-40.000000
-68.000000
-44.000000
-52.000000
-68.000000
-76.000000
-76.000000
-44.000000
-52.000000
-52.000000
-56.000000
-56.000000
-40.000000
-48.000000
-16.000000
-56.000000
-56.000000
-56.000000
-60.000000
-56.000000
-48.000000
-52.000000
-56.000000
-60.000000
-52.000000
-36.000000
-52.000000
-32.000000
-52.000000
-52.000000
-72.000000
-60.000000
-64.000000
-44.000000
-52.000000
-88.000000
-68.000000
-48.000000
-48.000000
-48.000000
-64.000000
-32.000000
-56.000000
-52.000000
-52.000000
-36.000000
-56.000000
-76.000000
-36.000000
-48.000000
-48.000000
-56.000000
-44.000000
-44.000000
-68.000000
-36.000000
-60.000000
-64.000000
-40.000000
-32.000000
-48.000000
-44.000000
-76.000000
-44.000000
-72.000000
-44.000000
-40.000000
-72.000000
-44.000000
-48.000000
-48.000000
-48.000000
-48.000000
-44.000000
-40.000000
-48.000000
-52.000000
-36.000000
-48.000000
-28.000000
-8.000000
-48.000000
-60.000000
-52.000000
-40.000000
-40.000000
-52.000000
-48.000000
-52.000000
-40.000000
-72.000000
-48.000000
-52.000000
-52.000000
-48.000000
-48.000000
-60.000000
-56.000000
-56.000000
-44.000000
-64.000000
-64.000000
-60.000000
-52.000000
-52.000000
-44.000000
-72.000000
-48.000000
-44.000000
-68.000000
-44.000000
-40.000000
-56.000000
-56.000000
-40.000000
-36.000000
-52.000000
-48.000000
-56.000000
-48.000000
-52.000000
-52.000000
-48.000000
-44.000000
-44.000000
-32.000000
-44.000000
-40.000000
-48.000000
-44.000000
-48.000000
-40.000000
-32.000000
-60.000000
-40.000000
-48.000000
-48.000000
-52.000000
-68.000000
-48.000000
-48.000000
-48.000000
-60.000000
-24.000000
-40.000000
-64.000000
-36.000000
-52.000000
-56.000000
-64.000000
-72.000000
-72.000000
-60.000000
-64.000000
-48.000000
-36.000000
-48.000000
-44.000000
-60.000000
-44.000000
-56.000000
-32.000000
-52.000000
-76.000000
-56.000000
-44.000000
-48.000000
-52.000000
-72.000000
-68.000000
-72.000000
-40.000000
-80.000000
-36.000000
-72.000000
-52.000000
-64.000000
-64.000000
-44.000000
-44.000000
-48.000000
-48.000000
-72.000000
-64.000000
-60.000000
-64.000000
-48.000000
-72.000000
-40.000000
-52.000000
-68.000000
-68.000000
-60.000000
-48.000000
-48.000000
-60.000000
-48.000000
-56.000000
-68.000000
-44.000000
-76.000000
-44.000000
-64.000000
-64.000000
-52.000000
-60.000000
-72.000000
-56.000000
-68.000000
-40.000000
-64.000000
-84.000000
-72.000000
-72.000000
-52.000000
-60.000000
-64.000000
-44.000000
-56.000000
-80.000000
-64.000000
-64.000000
-64.000000
-68.000000
-32.000000
-48.000000
-44.000000
-64.000000
-44.000000
-60.000000
-72.000000
-72.000000
-44.000000
-56.000000
-52.000000
-64.000000
-60.000000
-48.000000
-44.000000
-44.000000
-52.000000
-68.000000
-72.000000
-60.000000
-64.000000
-64.000000
-76.000000
-48.000000
-48.000000
-52.000000
-36.000000
-44.000000
-68.000000
-56.000000
-72.000000
-60.000000
-60.000000
-60.000000
-64.000000
-48.000000
-52.000000
-64.000000
-40.000000
-56.000000
-44.000000
-60.000000
-60.000000
-60.000000
-64.000000
-44.000000
-48.000000
-48.000000
-64.000000
-68.000000
-48.000000
-52.000000
-72.000000
-64.000000
-88.000000
-56.000000
-56.000000
-56.000000
-60.000000
-68.000000
-52.000000
-72.000000
-48.000000
-60.000000
-56.000000
-60.000000
-64.000000
-52.000000
-44.000000
-52.000000
-44.000000
-64.000000
-84.000000
-84.000000
-52.000000
-52.000000
-60.000000
-52.000000
-60.000000
-60.000000
-44.000000
-60.000000
-40.000000
-40.000000
-40.000000
-40.000000
-48.000000
-64.000000
-60.000000
-52.000000
-52.000000
-88.000000
-64.000000
-64.000000
-72.000000
-44.000000
-60.000000
-60.000000
-60.000000
-52.000000
-60.000000
-44.000000
-40.000000
-60.000000
-56.000000
-52.000000
-36.000000
-48.000000
-52.000000
-52.000000
-64.000000
-56.000000
-64.000000
-52.000000
-60.000000
-76.000000
-44.000000
-48.000000
-60.000000
-48.000000
-48.000000
-68.000000
-76.000000
-64.000000
-56.000000
-64.000000
-44.000000
-80.000000
-52.000000
-48.000000
-56.000000
-36.000000
-60.000000
-64.000000
-68.000000
-48.000000
-56.000000
-72.000000
-72.000000
-40.000000
-28.000000
-72.000000
-60.000000
-56.000000
-52.000000
-28.000000
-56.000000
-40.000000
-48.000000
-36.000000
-60.000000
-52.000000
-68.000000
-48.000000
-52.000000
-60.000000
-68.000000
-60.000000
-64.000000
-64.000000
-48.000000
-64.000000
-84.000000
-56.000000
-76.000000
-56.000000
-44.000000
-48.000000
-64.000000
-56.000000
-48.000000
-44.000000
-52.000000
-72.000000
-44.000000
-60.000000
-48.000000
-64.000000
-44.000000
-52.000000
-52.000000
-44.000000
-48.000000
-52.000000
-68.000000
-56.000000
-44.000000
-72.000000
-56.000000
-56.000000
-56.000000
-52.000000
-72.000000
-52.000000
-32.000000
-36.000000
-68.000000
-64.000000
-56.000000
-72.000000
-64.000000
-60.000000
-52.000000
-60.000000
-60.000000
-72.000000
-52.000000
-68.000000
-68.000000
-48.000000
-44.000000
-64.000000
-52.000000
-72.000000
-56.000000
-48.000000
-56.000000
-84.000000
-68.000000
