308.000000
1332.000000
2704.000000
3932.000000
4860.000000
5316.000000
5284.000000
4752.000000
3800.000000
2516.000000
996.000000
-628.000000
-2200.000000
-3532.000000
-4600.000000
-5236.000000
-5440.000000
-5140.000000
-4384.000000
-3188.000000
-1760.000000
-144.000000
1468.000000
2960.000000
4172.000000
5004.000000
5344.000000
5236.000000
4640.000000
3608.000000
2244.000000
712.000000
-904.000000
-2444.000000
-3760.000000
-4756.000000
-5336.000000
-5432.000000
-5036.000000
-4212.000000
-3016.000000
-1504.000000
116.000000
1756.000000
3192.000000
4348.000000
5096.000000
5396.000000
5160.000000
4492.000000
3400.000000
2016.000000
452.000000
-1164.000000
-2664.000000
-3952.000000
-4880.000000
-5368.000000
-5416.000000
-4932.000000
-4040.000000
-2776.000000
-1356.000000
-408.000000
-96.000000
12.000000
0.000000
-48.000000
-56.000000
-48.000000
-52.000000
-52.000000
-40.000000
-40.000000
-32.000000
-44.000000
-60.000000
-68.000000
-44.000000
-72.000000
-88.000000
-72.000000
-40.000000
-32.000000
-28.000000
-20.000000
-40.000000
-48.000000
-52.000000
-56.000000
-40.000000
-40.000000
-44.000000
-40.000000
-28.000000
-48.000000
-52.000000
-44.000000
-32.000000
-28.000000
-40.000000
-40.000000
-28.000000
-28.000000
-44.000000
-56.000000
-36.000000
-56.000000
-48.000000
-44.000000
-28.000000
-52.000000
-48.000000
-48.000000
-40.000000
-28.000000
-20.000000
-32.000000
-48.000000
-20.000000
-20.000000
-36.000000
-48.000000
-36.000000
-40.000000
-48.000000
-24.000000
-28.000000
-52.000000
-40.000000
-40.000000
-72.000000
-72.000000
-48.000000
-44.000000
-40.000000
-52.000000
-44.000000
-44.000000
-20.000000
-32.000000
-36.000000
-48.000000
-44.000000
-40.000000
-36.000000
-28.000000
-32.000000
-36.000000
-32.000000
-20.000000
-32.000000
-32.000000
-16.000000
-36.000000
-52.000000
-56.000000
-52.000000
-16.000000
-44.000000
-36.000000
-32.000000
-32.000000
-48.000000
-32.000000
-56.000000
-64.000000
-36.000000
-48.000000
-40.000000
-32.000000
-52.000000
-48.000000
-36.000000
-24.000000
-16.000000
-36.000000
-48.000000
-44.000000
-52.000000
-44.000000
-32.000000
-44.000000
-48.000000
-32.000000
-36.000000
-40.000000
-24.000000
-36.000000
-24.000000
-24.000000
-40.000000
-44.000000
-32.000000
-48.000000
-36.000000
-20.000000
-52.000000
-36.000000
-36.000000
-32.000000
-40.000000
-48.000000
-48.000000
-40.000000
-40.000000
-48.000000
-32.000000
-44.000000
-52.000000
-32.000000
-28.000000
-44.000000
-44.000000
-48.000000
-44.000000
-40.000000
-32.000000
-28.000000
-32.000000
-48.000000
-48.000000
-32.000000
-28.000000
-36.000000
-40.000000
-40.000000
-32.000000
-28.000000
-24.000000
-24.000000
-20.000000
-32.000000
-16.000000
-28.000000
-44.000000
-64.000000
-32.000000
-40.000000
-44.000000
-48.000000
-32.000000
-48.000000
-32.000000
-28.000000
-16.000000
-28.000000
-48.000000
-36.000000
-28.000000
-56.000000
-56.000000
-40.000000
-52.000000
-28.000000
-48.000000
-64.000000
-40.000000
-48.000000
-48.000000
-48.000000
-56.000000
-32.000000
-40.000000
-68.000000
-32.000000
-60.000000
-60.000000
-16.000000
-28.000000
-32.000000
-40.000000
-40.000000
-24.000000
-44.000000
-48.000000
-56.000000
-52.000000
-68.000000
-28.000000
-36.000000
-32.000000
-32.000000
-32.000000
-40.000000
-44.000000
-32.000000
-40.000000
-28.000000
-68.000000
-32.000000
-36.000000
-40.000000
-44.000000
-44.000000
-44.000000
-44.000000
-48.000000
-68.000000
-52.000000
-60.000000
-80.000000
-68.000000
-72.000000
-32.000000
-36.000000
-80.000000
-56.000000
-60.000000
-60.000000
-36.000000
-64.000000
-52.000000
-48.000000
-44.000000
-40.000000
-80.000000
-56.000000
-52.000000
-32.000000
-68.000000
-60.000000
-44.000000
-72.000000
-44.000000
-48.000000
-80.000000
-60.000000
-40.000000
-52.000000
-60.000000
-64.000000
-76.000000
-68.000000
-64.000000
-64.000000
-52.000000
-72.000000
-60.000000
-72.000000
-52.000000
-56.000000
-52.000000
-76.000000
-64.000000
-80.000000
-72.000000
-72.000000
-72.000000
-72.000000
-64.000000
-72.000000
-68.000000
-60.000000
-48.000000
-60.000000
-60.000000
-76.000000
-32.000000
-40.000000
-52.000000
-72.000000
-52.000000
-60.000000
-48.000000
-56.000000
-80.000000
-80.000000
-56.000000
-48.000000
-64.000000
-64.000000
-76.000000
-60.000000
-56.000000
-52.000000
-64.000000
-48.000000
-72.000000
-36.000000
-92.000000
-64.000000
-56.000000
-60.000000
-52.000000
-72.000000
-68.000000
-52.000000
-64.000000
-76.000000
-84.000000
-92.000000
-76.000000
-72.000000
-40.000000
-56.000000
-76.000000
-76.000000
-60.000000
-80.000000
-52.000000
-76.000000
-56.000000
-64.000000
-64.000000
-68.000000
-56.000000
-68.000000
-80.000000
-44.000000
-56.000000
-72.000000
-80.000000
-80.000000
-64.000000
-80.000000
-96.000000
-60.000000
-76.000000
-76.000000
-52.000000
-64.000000
-60.000000
-72.000000
-60.000000
-64.000000
-68.000000
-72.000000
-84.000000
-72.000000
-52.000000
-96.000000
-80.000000
-64.000000
-68.000000
-76.000000
-56.000000
-80.000000
-92.000000
-72.000000
-84.000000
-80.000000
-68.000000
-96.000000
-76.000000
-76.000000
-108.000000
-80.000000
-88.000000
-80.000000
-68.000000
-76.000000
-80.000000
-76.000000
-68.000000
-80.000000
-92.000000
-76.000000
-60.000000
-76.000000
-68.000000
-72.000000
-80.000000
-76.000000
-84.000000
-76.000000
-80.000000
-88.000000
-56.000000
-72.000000
-80.000000
-96.000000
-76.000000
-76.000000
-80.000000
-84.000000
-72.000000
-72.000000
-76.000000
-64.000000
-80.000000
-80.000000
-72.000000
-80.000000
-72.000000
-88.000000
-68.000000
-72.000000
-80.000000
-68.000000
-88.000000
-84.000000
-80.000000
-80.000000
-76.000000
-72.000000
-72.000000
-92.000000
-60.000000
-72.000000
-84.000000
-84.000000
-80.000000
-84.000000
-80.000000
-64.000000
-76.000000
-72.000000
-80.000000
-56.000000
-80.000000
-72.000000
-60.000000
-80.000000
-84.000000
-48.000000
-76.000000
-84.000000
-76.000000
-60.000000
-52.000000
-68.000000
-48.000000
-72.000000
-76.000000
-56.000000
-60.000000
-60.000000
-76.000000
-72.000000
-68.000000
-60.000000
-88.000000
-52.000000
-56.000000
-44.000000
-52.000000
-72.000000
-56.000000
-64.000000
-76.000000
-56.000000
-68.000000
-60.000000
-64.000000
-64.000000
-64.000000
-64.000000
-80.000000
-52.000000
-68.000000
-88.000000
-76.000000
-60.000000
-72.000000
-56.000000
-68.000000
-72.000000
-68.000000
-68.000000
-44.000000
-48.000000
-56.000000
-64.000000
-60.000000
-52.000000
-72.000000
-68.000000
-64.000000
-48.000000
-56.000000
-80.000000
-56.000000
-64.000000
-68.000000
-56.000000
-52.000000
-60.000000
-60.000000
-60.000000
-60.000000
-64.000000
-56.000000
-64.000000
-64.000000
-48.000000
-76.000000
-76.000000
-64.000000
-64.000000
-72.000000
-76.000000
-84.000000
-64.000000
-48.000000
-48.000000
-52.000000
-72.000000
-64.000000
-44.000000
-52.000000
-56.000000
-60.000000
-40.000000
-44.000000
-60.000000
-52.000000
-48.000000
-48.000000
-44.000000
-48.000000
-56.000000
-52.000000
-56.000000
-60.000000
-72.000000
-40.000000
-44.000000
-40.000000
-48.000000
-68.000000
-60.000000
-36.000000
-48.000000
-52.000000
-52.000000
-52.000000
-40.000000
-44.000000
-48.000000
-52.000000
-48.000000
-52.000000
-60.000000
-32.000000
-48.000000
-64.000000
-40.000000
-52.000000
-20.000000
-48.000000
-32.000000
-36.000000
-52.000000
-36.000000
-48.000000
-32.000000
-44.000000
-48.000000
-28.000000
-40.000000
-40.000000
-40.000000
-44.000000
-32.000000
-48.000000
-68.000000
-44.000000
-20.000000
-52.000000
-44.000000
-44.000000
-48.000000
-44.000000
-28.000000
-20.000000
-36.000000
-20.000000
-36.000000
-40.000000
-40.000000
-40.000000
-52.000000
-36.000000
-16.000000
-44.000000
-52.000000
-24.000000
-40.000000
-36.000000
-24.000000
-40.000000
-52.000000
-32.000000
-28.000000
-32.000000
-28.000000
-24.000000
-48.000000
-40.000000
-64.000000
-56.000000
-44.000000
-28.000000
-36.000000
-48.000000
-44.000000
-52.000000
-40.000000
-40.000000
-20.000000
-48.000000
-32.000000
-36.000000
-56.000000
-36.000000
-36.000000
-52.000000
-44.000000
-32.000000
-44.000000
-36.000000
-36.000000
-44.000000
-32.000000
-40.000000
-40.000000
-40.000000
-36.000000
-32.000000
-44.000000
-32.000000
-20.000000
-52.000000
-32.000000
-36.000000
-56.000000
-32.000000
-32.000000
-48.000000
-52.000000
-48.000000
-44.000000
-52.000000
-32.000000
-28.000000
-36.000000
-52.000000
-40.000000
-32.000000
-28.000000
-36.000000
-20.000000
-28.000000
-24.000000
-36.000000
-32.000000
-4.000000
-40.000000
-24.000000
-20.000000
-20.000000
-36.000000
-40.000000
-32.000000
-32.000000
-36.000000
-36.000000
-52.000000
-36.000000
-32.000000
-40.000000
-52.000000
-32.000000
-32.000000
-56.000000
-44.000000
-40.000000
-48.000000
-32.000000
-32.000000
-44.000000
-24.000000
-12.000000
-28.000000
-36.000000
-44.000000
-32.000000
-16.000000
-12.000000
-16.000000
-32.000000
-32.000000
-24.000000
-16.000000
-36.000000
-40.000000
-40.000000
-40.000000
-32.000000
-40.000000
-32.000000
-36.000000
-32.000000
-36.000000
-16.000000
-40.000000
-28.000000
-20.000000
-48.000000
-68.000000
-52.000000
-40.000000
-24.000000
-32.000000
-40.000000
-48.000000
-32.000000
-36.000000
-40.000000
-16.000000
-16.000000
-32.000000
0.000000
-36.000000
-24.000000
-28.000000
-36.000000
-28.000000
-36.000000
-44.000000
-40.000000
-40.000000
-40.000000
-44.000000
-44.000000
-40.000000
-44.000000
-24.000000
-36.000000
-36.000000
-52.000000
-52.000000
-36.000000
-44.000000
-48.000000
-52.000000
-52.000000
-48.000000
-28.000000
-32.000000
-52.000000
-48.000000
-44.000000
-48.000000
-36.000000
-40.000000
-44.000000
-48.000000
-24.000000
-44.000000
-52.000000
-40.000000
-48.000000
-32.000000
-32.000000
-36.000000
-44.000000
-40.000000
-48.000000
-32.000000
-40.000000
-40.000000
-56.000000
-48.000000
-36.000000
-60.000000
-40.000000
-36.000000
-44.000000
-52.000000
-36.000000
-44.000000
-36.000000
-36.000000
-36.000000
-32.000000
-36.000000
-56.000000
-40.000000
-60.000000
-64.000000
-52.000000
-36.000000
-52.000000
-36.000000
-52.000000
-32.000000
-44.000000
-52.000000
-68.000000
-68.000000
-64.000000
-52.000000
-48.000000
-48.000000
-60.000000
-60.000000
-52.000000
-24.000000
-40.000000
-48.000000
-44.000000
-44.000000
-40.000000
-44.000000
-36.000000
-36.000000
-44.000000
-44.000000
-36.000000
-64.000000
-44.000000
-56.000000
-40.000000
-48.000000
-64.000000
-44.000000
-52.000000
-36.000000
-60.000000
-48.000000
-40.000000
-52.000000
-48.000000
-52.000000
-44.000000
-52.000000
-56.000000
-60.000000
-60.000000
-72.000000
-60.000000
-56.000000
-44.000000
-56.000000
-68.000000
-72.000000
-48.000000
-48.000000
-64.000000
-40.000000
-60.000000
-40.000000
-32.000000
-48.000000
-48.000000
-76.000000
-48.000000
-48.000000
-52.000000
-72.000000
-68.000000
-64.000000
-60.000000
-52.000000
-48.000000
-36.000000
-48.000000
-60.000000
-52.000000
-44.000000
-80.000000
-40.000000
-64.000000
-56.000000
-52.000000
-56.000000
-44.000000
-48.000000
-60.000000
-68.000000
-56.000000
-40.000000
-40.000000
-64.000000
-52.000000
-68.000000
-60.000000
-48.000000
-40.000000
-68.000000
-56.000000
-52.000000
-52.000000
-56.000000
-60.000000
-64.000000
-72.000000
-52.000000
-24.000000
-76.000000
-48.000000
-64.000000
-48.000000
-44.000000
-64.000000
-68.000000
-72.000000
-60.000000
-68.000000
-56.000000
-64.000000
-68.000000
-56.000000
-48.000000
-68.000000
-64.000000
-76.000000
-48.000000
-72.000000
-64.000000
-52.000000
-64.000000
-40.000000
-64.000000
-56.000000
-60.000000
-76.000000
-64.000000
-52.000000
-60.000000
-56.000000
-36.000000
-52.000000
-56.000000
-80.000000
-72.000000
-56.000000
-68.000000
-48.000000
-52.000000
-52.000000
-64.000000
-52.000000
-84.000000
-52.000000
-64.000000
-64.000000
-72.000000
-64.000000
-80.000000
-72.000000
-60.000000
-48.000000
-80.000000
-64.000000
-52.000000
-48.000000
-56.000000
-64.000000
-72.000000
-64.000000
-52.000000
-72.000000
-56.000000
-72.000000
-68.000000
-64.000000
-56.000000
-52.000000
-80.000000
-56.000000
-56.000000
-48.000000
-52.000000
-92.000000
-80.000000
-48.000000
-48.000000
-80.000000
-72.000000
-64.000000
-72.000000
-40.000000
-76.000000
-80.000000
-76.000000
-64.000000
-72.000000
-60.000000
-80.000000
-72.000000
-72.000000
-60.000000
-48.000000
-56.000000
-80.000000
-92.000000
-56.000000
-60.000000
-60.000000
-76.000000
-80.000000
-64.000000
-68.000000
-64.000000
-64.000000
-64.000000
-80.000000
-44.000000
-48.000000
-44.000000
-48.000000
-48.000000
-72.000000
-72.000000
-60.000000
-56.000000
-48.000000
-72.000000
-92.000000
-72.000000
-68.000000
-72.000000
-88.000000
-76.000000
-68.000000
-56.000000
-72.000000
-76.000000
-72.000000
-76.000000
-64.000000
-76.000000
-64.000000
-88.000000
-72.000000
-64.000000
-64.000000
-72.000000
-68.000000
-68.000000
-68.000000
-44.000000
-64.000000
-72.000000
-72.000000
-72.000000
-76.000000
-92.000000
-48.000000
-80.000000
-76.000000
-76.000000
-84.000000
-76.000000
-84.000000
-84.000000
-52.000000
-76.000000
-60.000000
-64.000000
-72.000000
-64.000000
-48.000000
-60.000000
-72.000000
-88.000000
-64.000000
-60.000000
-48.000000
-52.000000
-72.000000
-68.000000
-68.000000
-64.000000
-68.000000
-68.000000
-56.000000
-52.000000
-92.000000
-60.000000
-92.000000
-88.000000
-88.000000
-56.000000
-80.000000
-72.000000
-76.000000
-72.000000
-92.000000
-64.000000
-68.000000
-60.000000
-68.000000
-68.000000
-64.000000
-64.000000
-64.000000
-44.000000
-64.000000
-64.000000
-72.000000
-60.000000
-64.000000
-64.000000
-60.000000
-52.000000
-52.000000
-64.000000
-64.000000
-56.000000
-72.000000
-64.000000
-60.000000
-88.000000
-80.000000
-64.000000
-68.000000
-60.000000
-68.000000
-60.000000
-56.000000
-60.000000
-52.000000
-76.000000
-68.000000
-48.000000
-48.000000
-80.000000
-88.000000
-64.000000
-44.000000
-40.000000
-68.000000
-48.000000
-68.000000
-64.000000
-56.000000
-60.000000
-68.000000
-64.000000
-64.000000
-72.000000
-60.000000
-52.000000
-60.000000
-48.000000
-68.000000
-72.000000
-64.000000
-56.000000
-72.000000
-52.000000
-52.000000
-56.000000
-32.000000
-48.000000
-56.000000
-52.000000
-60.000000
-48.000000
-68.000000
-52.000000
-80.000000
-64.000000
-68.000000
-72.000000
-48.000000
-44.000000
-60.000000
-64.000000
-56.000000
-60.000000
-52.000000
-56.000000
-64.000000
-48.000000
-64.000000
-76.000000
-72.000000
-40.000000
-44.000000
-52.000000
-64.000000
-52.000000
-60.000000
-56.000000
-40.000000
-44.000000
-48.000000
-60.000000
-48.000000
-56.000000
-48.000000
-76.000000
-60.000000
-64.000000
-48.000000
-64.000000
-72.000000
-32.000000
-48.000000
-48.000000
-60.000000
-48.000000
-72.000000
-52.000000
-72.000000
-60.000000
-76.000000
-48.000000
-48.000000
-52.000000
-64.000000
-60.000000
-56.000000
-48.000000
-52.000000
-44.000000
-60.000000
-40.000000
-64.000000
-44.000000
-52.000000
-48.000000
-76.000000
-68.000000
-76.000000
-60.000000
-64.000000
-64.000000
-56.000000
-52.000000
-72.000000
-64.000000
-56.000000
-60.000000
-60.000000
-48.000000
-48.000000
-56.000000
-64.000000
-52.000000
-60.000000
-60.000000
-72.000000
-60.000000
-40.000000
-48.000000
-40.000000
-60.000000
-68.000000
-64.000000
-56.000000
-72.000000
-76.000000
-64.000000
-60.000000
-52.000000
-68.000000
-40.000000
-40.000000
-64.000000
-52.000000
-72.000000
-56.000000
-56.000000
-52.000000
-60.000000
-72.000000
-60.000000
-40.000000
-72.000000
-32.000000
-52.000000
-52.000000
-48.000000
-32.000000
-52.000000
-56.000000
-88.000000
-52.000000
-56.000000
-36.000000
-68.000000
-68.000000
-60.000000
-60.000000
-48.000000
-52.000000
-76.000000
-56.000000
-64.000000
-44.000000
-72.000000
-64.000000
-48.000000
-52.000000
-44.000000
-48.000000
-28.000000
-48.000000
-28.000000
-56.000000
-52.000000
-44.000000
-40.000000
-48.000000
-48.000000
-32.000000
-40.000000
-52.000000
-48.000000
-36.000000
-60.000000
-48.000000
-60.000000
-64.000000
-32.000000
-52.000000
-24.000000
-44.000000
-48.000000
-32.000000
-36.000000
-60.000000
-48.000000
-48.000000
-48.000000
-52.000000
-60.000000
-56.000000
-48.000000
-44.000000
-64.000000
-48.000000
-56.000000
-44.000000
-48.000000
-52.000000
-64.000000
-60.000000
-36.000000
-44.000000
-52.000000
-52.000000
-60.000000
-48.000000
-48.000000
-64.000000
-52.000000
-48.000000
-48.000000
-36.000000
-48.000000
-52.000000
-60.000000
-64.000000
-44.000000
-60.000000
-64.000000
-40.000000
-56.000000
-56.000000
-52.000000
-52.000000
-48.000000
-60.000000
-60.000000
-44.000000
-40.000000
-68.000000
-72.000000
-60.000000
-60.000000
-52.000000
-48.000000
-36.000000
-36.000000
-60.000000
-60.000000
-52.000000
-44.000000
-48.000000
-56.000000
-52.000000
-60.000000
-48.000000
-48.000000
-72.000000
-32.000000
-32.000000
-48.000000
-44.000000
-52.000000
-72.000000
-56.000000
-60.000000
-44.000000
-64.000000
-60.000000
-52.000000
-60.000000
-76.000000
-80.000000
-64.000000
-60.000000
-68.000000
-60.000000
-64.000000
-52.000000
-60.000000
-64.000000
-72.000000
-32.000000
-56.000000
-64.000000
-40.000000
-60.000000
-60.000000
-44.000000
-40.000000
-68.000000
-52.000000
-64.000000
-64.000000
-52.000000
-48.000000
-48.000000
-76.000000
-72.000000
-44.000000
-40.000000
-60.000000
-48.000000
-60.000000
-56.000000
-44.000000
-56.000000
-64.000000
-60.000000
-60.000000
-48.000000
-72.000000
-72.000000
-48.000000
-40.000000
-36.000000
-32.000000
-60.000000
-72.000000
-60.000000
-40.000000
-44.000000
-56.000000
-64.000000
-48.000000
-44.000000
-60.000000
-76.000000
-44.000000
-60.000000
-48.000000
-48.000000
-56.000000
-80.000000
-60.000000
-64.000000
-48.000000
-56.000000
-60.000000
-52.000000
-48.000000
-52.000000
-72.000000
-52.000000
-52.000000
-56.000000
-68.000000
-72.000000
-80.000000
-32.000000
-76.000000
-52.000000
-72.000000
-64.000000
-68.000000
-60.000000
-72.000000
-60.000000
-80.000000
-60.000000
-64.000000
-60.000000
-64.000000
-68.000000
-60.000000
-56.000000
-60.000000
-44.000000
-76.000000
-76.000000
-60.000000
-60.000000
-84.000000
-72.000000
-64.000000
-60.000000
-60.000000
-60.000000
-64.000000
-72.000000
-56.000000
-84.000000
-88.000000
-68.000000
-96.000000
-68.000000
-80.000000
-92.000000
-56.000000
-64.000000
-64.000000
-60.000000
-72.000000
-56.000000
-68.000000
-68.000000
-68.000000
-56.000000
-68.000000
-76.000000
-64.000000
-64.000000
-72.000000
-80.000000
-88.000000
-72.000000
-76.000000
-76.000000
-64.000000
-56.000000
-60.000000
-68.000000
-84.000000
-84.000000
-60.000000
-56.000000
-72.000000
-88.000000
-56.000000
-48.000000
-72.000000
-64.000000
-72.000000
-56.000000
-88.000000
-68.000000
-56.000000
-76.000000
-80.000000
-64.000000
-56.000000
-40.000000
-64.000000
-60.000000
-68.000000
-72.000000
-64.000000
-84.000000
-72.000000
-60.000000
-64.000000
-80.000000
-64.000000
-52.000000
-60.000000
-52.000000
-64.000000
-76.000000
-56.000000
-60.000000
-52.000000
-84.000000
-60.000000
-92.000000
-52.000000
-56.000000
-76.000000
-80.000000
-44.000000
-68.000000
-28.000000
-72.000000
-64.000000
-48.000000
-76.000000
-72.000000
-72.000000
-80.000000
-60.000000
-72.000000
-76.000000
-68.000000
-64.000000
-76.000000
-64.000000
-84.000000
-64.000000
-68.000000
-88.000000
-84.000000
-96.000000
-72.000000
-80.000000
-76.000000
-88.000000
-48.000000
-72.000000
-88.000000
-76.000000
-68.000000
-60.000000
-64.000000
-80.000000
-76.000000
-92.000000
-52.000000
-56.000000
-92.000000
-76.000000
-72.000000
-60.000000
-76.000000
-76.000000
-64.000000
-76.000000
-60.000000
-72.000000
-88.000000
-80.000000
-72.000000
-56.000000
-60.000000
-72.000000
-72.000000
-72.000000
-48.000000
-56.000000
-68.000000
-76.000000
-96.000000
-52.000000
-72.000000
-52.000000
-64.000000
-80.000000
-64.000000
-60.000000
-76.000000
-88.000000
-100.000000
-80.000000
-60.000000
-96.000000
-72.000000
-84.000000
-64.000000
-76.000000
-60.000000
-92.000000
-84.000000
-80.000000
-72.000000
-72.000000
-64.000000
-68.000000
-88.000000
-64.000000
-60.000000
-44.000000
-48.000000
-68.000000
-52.000000
-84.000000
-56.000000
-64.000000
-72.000000
-76.000000
-76.000000
-68.000000
-68.000000
-64.000000
-60.000000
-80.000000
-64.000000
-84.000000
-52.000000
-68.000000
-60.000000
-56.000000
-60.000000
-60.000000
-64.000000
-68.000000
-68.000000
-56.000000
-56.000000
-44.000000
-92.000000
-84.000000
-80.000000
-52.000000
-52.000000
-68.000000
-80.000000
-68.000000
-60.000000
-48.000000
-76.000000
-80.000000
-64.000000
-56.000000
-68.000000
-52.000000
-60.000000
-72.000000
-72.000000
-32.000000
-52.000000
-76.000000
-72.000000
-60.000000
-64.000000
-64.000000
-72.000000
-48.000000
-52.000000
-64.000000
-56.000000
-52.000000
-76.000000
-76.000000
-88.000000
-72.000000
-76.000000
-80.000000
-68.000000
-60.000000
-60.000000
-64.000000
-52.000000
-72.000000
-68.000000
-88.000000
-72.000000
-64.000000
-60.000000
-80.000000
-60.000000
-92.000000
-64.000000
-76.000000
-56.000000
-76.000000
-68.000000
-72.000000
-76.000000
-68.000000
-64.000000
-72.000000
-60.000000
-76.000000
-64.000000
-72.000000
-52.000000
-60.000000
-52.000000
-72.000000
-64.000000
-80.000000
-60.000000
-40.000000
-72.000000
-68.000000
-48.000000
-52.000000
-72.000000
-60.000000
-72.000000
-80.000000
-48.000000
-48.000000
-72.000000
-76.000000
-44.000000
-64.000000
-44.000000
-56.000000
-68.000000
-80.000000
-64.000000
-48.000000
-40.000000
-80.000000
-76.000000
-64.000000
-60.000000
-76.000000
-96.000000
-56.000000
-52.000000
-56.000000
-64.000000
-72.000000
-64.000000
-40.000000
-76.000000
-60.000000
-64.000000
-76.000000
-44.000000
-28.000000
-68.000000
-80.000000
-64.000000
-64.000000
-64.000000
-64.000000
-68.000000
-60.000000
-52.000000
-60.000000
-60.000000
-56.000000
-60.000000
-64.000000
-28.000000
-56.000000
-68.000000
-72.000000
-60.000000
-64.000000
-48.000000
-52.000000
-52.000000
-80.000000
-36.000000
-64.000000
-80.000000
-68.000000
-52.000000
-44.000000
-44.000000
-72.000000
-48.000000
-64.000000
-56.000000
-56.000000
-72.000000
-84.000000
-48.000000
-64.000000
-64.000000
-60.000000
-64.000000
-44.000000
-52.000000
-48.000000
-44.000000
-56.000000
-52.000000
-56.000000
-48.000000
-64.000000
-88.000000
-60.000000
-56.000000
-56.000000
-72.000000
-32.000000
-28.000000
-32.000000
-16.000000
-40.000000
-68.000000
-60.000000
-40.000000
-60.000000
-40.000000
-64.000000
-60.000000
-56.000000
-60.000000
-72.000000
-68.000000
-36.000000
-36.000000
-48.000000
-60.000000
-80.000000
-48.000000
-60.000000
-40.000000
-76.000000
-44.000000
-72.000000
-64.000000
-48.000000
-72.000000
-48.000000
-48.000000
-56.000000
-52.000000
-68.000000
-52.000000
-52.000000
-52.000000
-44.000000
-52.000000
-76.000000
-60.000000
-44.000000
-44.000000
-48.000000
-48.000000
-52.000000
-52.000000
-64.000000
-76.000000
-60.000000
-56.000000
-60.000000
-68.000000
-68.000000
-40.000000
-28.000000
-52.000000
-44.000000
-52.000000
-44.000000
-60.000000
-28.000000
-32.000000
-60.000000
-48.000000
-48.000000
-28.000000
-52.000000
-36.000000
-36.000000
-40.000000
-40.000000
-48.000000
-72.000000
-64.000000
