2.416992
1.601562
0.024414
-1.557617
-2.944336
-3.808594
-4.052734
-3.725586
-2.836914
-1.411133
0.322266
2.192383
4.179688
6.015625
7.509766
8.569336
9.091797
9.003906
8.432617
7.187500
5.595703
3.740234
1.718750
-0.190430
-1.875000
-3.144531
-3.886719
-4.077148
-3.583984
-2.631836
-1.127930
0.629883
2.558594
4.501953
6.298828
7.758789
8.715820
9.165039
9.003906
8.251953
6.982422
5.341797
3.388672
1.435547
-0.463867
-2.070312
-3.300781
-3.925781
-3.969727
-3.442383
-2.363281
-0.854492
0.961914
2.944336
4.848633
6.591797
7.993164
8.857422
9.218750
8.969727
8.134766
6.791992
5.034180
3.510742
2.778320
2.578125
2.504883
2.573242
2.587891
2.573242
2.573242
2.563477
2.543945
2.563477
2.553711
2.587891
2.578125
2.578125
2.617188
2.607422
2.617188
2.612305
2.587891
2.597656
2.602539
2.573242
2.597656
2.592773
2.602539
2.602539
2.578125
2.578125
2.602539
2.553711
2.587891
2.587891
2.548828
2.573242
2.568359
2.558594
2.597656
2.607422
2.563477
2.607422
2.592773
2.602539
2.568359
2.578125
2.587891
2.592773
2.597656
2.592773
2.592773
2.602539
2.587891
2.587891
2.583008
2.539062
2.539062
2.509766
2.553711
2.587891
2.529297
2.587891
2.553711
2.597656
2.612305
2.563477
2.626953
2.612305
2.592773
2.597656
2.578125
2.583008
2.563477
2.607422
2.592773
2.573242
2.587891
2.587891
2.597656
2.592773
2.578125
2.553711
2.592773
2.587891
2.578125
2.597656
2.578125
2.587891
2.592773
2.583008
2.568359
2.587891
2.573242
2.587891
2.568359
2.553711
2.587891
2.573242
2.578125
2.583008
2.587891
2.578125
2.568359
2.524414
2.563477
2.558594
2.607422
2.597656
2.563477
2.612305
2.626953
2.626953
2.617188
2.622070
2.626953
2.597656
2.592773
2.583008
2.587891
2.563477
2.568359
2.592773
2.592773
2.578125
2.563477
2.602539
2.597656
2.597656
2.573242
2.573242
2.553711
2.587891
2.597656
2.558594
2.543945
2.534180
2.558594
2.539062
2.597656
2.543945
2.563477
2.553711
2.597656
2.573242
2.553711
2.558594
2.568359
2.583008
2.558594
2.558594
2.597656
2.602539
2.622070
2.587891
2.607422
2.592773
2.622070
2.636719
2.602539
2.578125
2.597656
2.612305
2.587891
2.558594
2.587891
2.548828
2.578125
2.592773
2.553711
2.534180
2.558594
2.524414
2.578125
2.563477
2.543945
2.543945
2.553711
2.558594
2.573242
2.573242
2.548828
2.568359
2.597656
2.558594
2.553711
2.573242
2.558594
2.553711
2.563477
2.578125
2.578125
2.578125
2.568359
2.587891
2.578125
2.587891
2.583008
2.583008
2.578125
2.597656
2.563477
2.592773
2.592773
2.573242
2.607422
2.607422
2.612305
2.607422
2.592773
2.592773
2.568359
2.587891
2.563477
2.553711
2.534180
2.548828
2.548828
2.573242
2.568359
2.568359
2.592773
2.573242
2.592773
2.612305
2.583008
2.563477
2.553711
2.597656
2.612305
2.592773
2.587891
2.612305
2.612305
2.617188
2.612305
2.573242
2.563477
2.617188
2.617188
2.617188
2.607422
2.607422
2.612305
2.622070
2.612305
2.583008
2.617188
2.622070
2.622070
2.602539
2.617188
2.597656
2.602539
2.597656
2.578125
2.612305
2.563477
2.553711
2.539062
2.553711
2.587891
2.543945
2.573242
2.592773
2.578125
2.602539
2.592773
2.607422
2.607422
2.607422
2.583008
2.578125
2.583008
2.597656
2.583008
2.597656
2.573242
2.563477
2.583008
2.597656
2.568359
2.592773
2.597656
2.573242
2.612305
2.558594
2.587891
2.597656
2.607422
2.592773
2.597656
2.592773
2.597656
2.578125
2.592773
2.573242
2.587891
2.597656
2.631836
2.573242
2.597656
2.607422
2.592773
2.573242
2.558594
2.578125
2.534180
2.558594
2.539062
2.553711
2.578125
2.573242
2.558594
2.583008
2.578125
2.607422
2.573242
2.568359
2.563477
2.568359
2.578125
2.587891
2.587891
2.592773
2.578125
2.587891
2.592773
2.592773
2.592773
2.592773
2.573242
2.573242
2.573242
2.573242
2.597656
2.568359
2.563477
2.558594
2.573242
2.558594
2.553711
2.568359
2.563477
2.583008
2.553711
2.568359
2.529297
2.558594
2.553711
2.543945
2.553711
2.563477
2.563477
2.529297
2.524414
2.539062
2.568359
2.573242
2.597656
2.602539
2.583008
2.602539
2.578125
2.573242
2.597656
2.573242
2.587891
2.587891
2.583008
2.548828
2.558594
2.568359
2.568359
2.558594
2.548828
2.553711
2.539062
2.553711
2.563477
2.534180
2.539062
2.553711
2.553711
2.548828
2.568359
2.534180
2.519531
2.534180
2.509766
2.543945
2.548828
2.553711
2.563477
2.548828
2.529297
2.548828
2.519531
2.539062
2.543945
2.539062
2.534180
2.519531
2.543945
2.553711
2.558594
2.592773
2.592773
2.612305
2.578125
2.568359
2.578125
2.553711
2.553711
2.563477
2.529297
2.543945
2.519531
2.524414
2.558594
2.504883
2.539062
2.543945
2.539062
2.519531
2.548828
2.509766
2.539062
2.539062
2.548828
2.529297
2.553711
2.514648
2.563477
2.519531
2.524414
2.534180
2.519531
2.573242
2.563477
2.534180
2.583008
2.543945
2.563477
2.563477
2.558594
2.529297
2.553711
2.568359
2.495117
2.514648
2.553711
2.529297
2.553711
2.553711
2.529297
2.578125
2.548828
2.539062
2.553711
2.524414
2.514648
2.524414
2.553711
2.519531
2.558594
2.539062
2.509766
2.519531
2.543945
2.529297
2.519531
2.539062
2.534180
2.539062
2.534180
2.539062
2.539062
2.558594
2.563477
2.563477
2.543945
2.587891
2.563477
2.553711
2.587891
2.578125
2.558594
2.597656
2.573242
2.587891
2.578125
2.573242
2.592773
2.587891
2.587891
2.583008
2.573242
2.578125
2.602539
2.587891
2.587891
2.583008
2.573242
2.573242
2.622070
2.568359
2.543945
2.553711
2.534180
2.539062
2.519531
2.534180
2.563477
2.553711
2.558594
2.558594
2.529297
2.558594
2.548828
2.558594
2.539062
2.583008
2.568359
2.543945
2.548828
2.563477
2.553711
2.563477
2.539062
2.563477
2.578125
2.587891
2.558594
2.607422
2.568359
2.578125
2.563477
2.573242
2.568359
2.563477
2.558594
2.539062
2.583008
2.573242
2.587891
2.563477
2.553711
2.592773
2.568359
2.548828
2.558594
2.553711
2.553711
2.583008
2.558594
2.558594
2.504883
2.539062
2.548828
2.529297
2.519531
2.543945
2.563477
2.558594
2.578125
2.573242
2.548828
2.568359
2.548828
2.563477
2.587891
2.558594
2.578125
2.587891
2.548828
2.553711
2.558594
2.573242
2.578125
2.553711
2.558594
2.573242
2.568359
2.558594
2.553711
2.563477
2.539062
2.573242
2.563477
2.583008
2.573242
2.568359
2.573242
2.563477
2.563477
2.543945
2.534180
2.592773
2.539062
2.548828
2.519531
2.539062
2.558594
2.543945
2.553711
2.524414
2.543945
2.568359
2.597656
2.592773
2.602539
2.558594
2.587891
2.597656
2.578125
2.578125
2.592773
2.548828
2.578125
2.548828
2.548828
2.558594
2.553711
2.543945
2.568359
2.563477
2.548828
2.548828
2.558594
2.558594
2.524414
2.543945
2.529297
2.539062
2.543945
2.553711
2.553711
2.553711
2.539062
2.548828
2.519531
2.539062
2.534180
2.548828
2.583008
2.524414
2.543945
2.543945
2.563477
2.558594
2.529297
2.583008
2.543945
2.558594
2.573242
2.602539
2.568359
2.617188
2.617188
2.612305
2.583008
2.558594
2.558594
2.558594
2.524414
2.524414
2.553711
2.529297
2.524414
2.509766
2.514648
2.539062
2.529297
2.558594
2.534180
2.534180
2.553711
2.553711
2.558594
2.558594
2.558594
2.534180
2.558594
2.573242
2.529297
2.548828
2.553711
2.553711
2.553711
2.558594
2.539062
2.548828
2.553711
2.573242
2.558594
2.558594
2.568359
2.548828
2.553711
2.578125
2.543945
2.573242
2.558594
2.583008
2.583008
2.583008
2.631836
2.583008
2.553711
2.563477
2.543945
2.563477
2.573242
2.539062
2.553711
2.534180
2.539062
2.563477
2.534180
2.548828
2.558594
2.587891
2.587891
2.573242
2.592773
2.592773
2.563477
2.622070
2.597656
2.607422
2.563477
2.597656
2.617188
2.631836
2.622070
2.597656
2.597656
2.612305
2.573242
2.573242
2.617188
2.612305
2.612305
2.622070
2.612305
2.592773
2.597656
2.636719
2.626953
2.597656
2.612305
2.612305
2.636719
2.578125
2.626953
2.563477
2.558594
2.558594
2.573242
2.553711
2.548828
2.553711
2.578125
2.602539
2.597656
2.607422
2.592773
2.597656
2.607422
2.612305
2.602539
2.578125
2.602539
2.573242
2.607422
2.597656
2.583008
2.592773
2.622070
2.578125
2.573242
2.563477
2.597656
2.597656
2.583008
2.583008
2.622070
2.592773
2.607422
2.587891
2.578125
2.612305
2.602539
2.617188
2.622070
2.563477
2.558594
2.607422
2.592773
2.597656
2.573242
2.583008
2.587891
2.573242
2.539062
2.519531
2.553711
2.553711
2.534180
2.539062
2.563477
2.563477
2.597656
2.612305
2.592773
2.597656
2.563477
2.573242
2.592773
2.592773
2.587891
2.578125
2.617188
2.578125
2.612305
2.607422
2.563477
2.587891
2.578125
2.592773
2.587891
2.587891
2.573242
2.597656
2.592773
2.568359
2.583008
2.583008
2.553711
2.578125
2.553711
2.573242
2.578125
2.563477
2.539062
2.563477
2.548828
2.568359
2.587891
2.563477
2.558594
2.539062
2.553711
2.539062
2.543945
2.573242
2.587891
2.578125
2.622070
2.626953
2.568359
2.636719
2.622070
2.587891
2.597656
2.568359
2.578125
2.583008
2.573242
2.568359
2.563477
2.587891
2.558594
2.563477
2.563477
2.578125
2.592773
2.529297
2.573242
2.587891
2.548828
2.548828
2.573242
2.583008
2.534180
2.558594
2.553711
2.563477
2.558594
2.548828
2.553711
2.534180
2.597656
2.553711
2.543945
2.558594
2.548828
2.583008
2.548828
2.558594
2.534180
2.539062
2.558594
2.587891
2.578125
2.597656
2.607422
2.573242
2.597656
2.592773
2.568359
2.558594
2.534180
2.583008
2.553711
2.573242
2.539062
2.558594
2.539062
2.543945
2.529297
2.573242
2.519531
2.534180
2.583008
2.524414
2.524414
2.519531
2.539062
2.534180
2.529297
2.558594
2.524414
2.539062
2.563477
2.534180
2.509766
2.539062
2.568359
2.534180
2.568359
2.573242
2.553711
2.563477
2.534180
2.553711
2.548828
2.529297
2.534180
2.529297
2.534180
2.553711
2.539062
2.534180
2.558594
2.539062
2.578125
2.553711
2.563477
2.563477
2.529297
2.553711
2.563477
2.553711
2.563477
2.524414
2.534180
2.519531
2.558594
2.592773
2.524414
2.578125
2.553711
2.539062
2.553711
2.587891
2.578125
2.573242
2.558594
2.543945
2.587891
2.558594
2.553711
2.558594
2.568359
2.568359
2.573242
2.583008
2.568359
2.578125
2.592773
2.592773
2.568359
2.553711
2.602539
2.583008
2.583008
2.626953
2.587891
2.587891
2.578125
2.583008
2.587891
2.578125
2.568359
2.563477
2.509766
2.534180
2.529297
2.553711
2.548828
2.534180
2.568359
2.553711
2.558594
2.558594
2.592773
2.597656
2.578125
2.607422
2.563477
2.563477
2.578125
2.578125
2.592773
2.607422
2.587891
2.573242
2.587891
2.573242
2.583008
2.592773
2.573242
2.573242
2.558594
2.573242
2.602539
2.543945
2.573242
2.568359
2.553711
2.553711
2.563477
2.543945
2.592773
2.568359
2.539062
2.558594
2.583008
2.553711
2.543945
2.519531
2.563477
2.573242
2.529297
2.509766
2.534180
2.529297
2.543945
2.543945
2.534180
2.558594
2.553711
2.558594
2.568359
2.578125
2.558594
2.563477
2.583008
2.548828
2.573242
2.563477
2.578125
2.583008
2.558594
2.539062
2.578125
2.519531
2.563477
2.563477
2.543945
2.558594
2.578125
2.519531
2.534180
2.548828
2.553711
2.534180
2.524414
2.519531
2.548828
2.558594
2.553711
2.558594
2.534180
2.563477
2.534180
2.539062
2.519531
2.519531
2.495117
2.504883
2.534180
2.568359
2.548828
2.558594
2.539062
2.563477
2.573242
2.597656
2.602539
2.563477
2.617188
2.602539
2.583008
2.548828
2.529297
2.587891
2.539062
2.534180
2.524414
2.524414
2.543945
2.534180
2.500000
2.500000
2.573242
2.548828
2.529297
2.529297
2.563477
2.524414
2.539062
2.553711
2.514648
2.524414
2.548828
2.509766
2.539062
2.529297
2.509766
2.578125
2.539062
2.539062
2.543945
2.519531
2.514648
2.519531
2.573242
2.553711
2.500000
2.519531
2.534180
2.548828
2.539062
2.568359
2.553711
2.558594
2.543945
2.578125
2.568359
2.539062
2.558594
2.539062
2.568359
2.539062
2.543945
2.490234
2.519531
2.504883
2.534180
2.573242
2.543945
2.558594
2.553711
2.519531
2.534180
2.539062
2.543945
2.543945
2.509766
2.524414
2.534180
2.534180
2.514648
2.534180
2.509766
2.529297
2.534180
2.524414
2.509766
2.543945
2.534180
2.524414
2.553711
2.558594
2.563477
2.548828
2.558594
2.519531
2.524414
2.543945
2.534180
2.548828
2.573242
2.558594
2.558594
2.578125
2.519531
2.597656
2.563477
2.500000
2.519531
2.534180
2.563477
2.534180
2.529297
2.543945
2.534180
2.548828
2.543945
2.553711
2.553711
2.568359
2.578125
2.568359
2.519531
2.563477
2.553711
2.553711
2.568359
2.583008
2.602539
2.587891
2.578125
2.602539
2.592773
2.592773
2.612305
2.602539
2.597656
2.602539
2.612305
2.617188
2.602539
2.558594
2.578125
2.573242
2.617188
2.612305
2.597656
2.592773
2.626953
2.602539
2.573242
2.568359
2.534180
2.524414
2.543945
2.543945
2.524414
2.578125
2.563477
2.583008
2.558594
2.578125
2.558594
2.563477
2.587891
2.587891
2.558594
2.587891
2.597656
2.602539
2.578125
2.597656
2.543945
2.592773
2.583008
2.573242
2.597656
2.612305
2.578125
2.568359
2.548828
2.578125
2.587891
2.592773
2.587891
2.587891
2.553711
2.519531
2.612305
2.563477
2.578125
2.573242
2.553711
2.597656
2.568359
2.563477
2.592773
2.543945
2.573242
2.563477
2.529297
2.543945
2.524414
2.548828
2.573242
2.578125
2.563477
2.592773
2.568359
2.583008
2.597656
2.583008
2.578125
2.592773
2.626953
2.626953
2.583008
2.553711
2.597656
2.587891
2.553711
2.592773
2.592773
2.568359
2.602539
2.558594
2.573242
2.578125
2.583008
2.563477
2.568359
2.578125
2.573242
2.568359
2.578125
2.563477
2.563477
2.583008
2.583008
2.583008
2.563477
2.568359
2.573242
2.602539
2.548828
2.573242
2.548828
2.568359
2.578125
2.563477
2.558594
2.563477
2.583008
2.602539
2.583008
2.612305
2.592773
2.583008
2.612305
2.587891
2.597656
2.578125
2.573242
2.568359
2.587891
2.573242
2.563477
2.563477
2.553711
2.592773
2.539062
2.543945
2.568359
2.583008
2.548828
2.563477
2.553711
2.543945
2.597656
2.543945
2.578125
2.573242
2.558594
2.578125
2.553711
2.524414
2.573242
2.529297
2.543945
2.529297
2.534180
2.524414
2.583008
2.553711
2.583008
2.568359
2.539062
2.548828
2.558594
2.573242
2.568359
2.573242
2.587891
2.631836
2.622070
2.607422
2.602539
2.563477
2.578125
2.553711
2.578125
2.548828
2.543945
2.573242
2.578125
2.543945
2.529297
2.553711
2.558594
2.558594
2.578125
2.568359
2.529297
2.578125
2.592773
2.543945
2.558594
2.548828
2.553711
2.578125
2.587891
2.558594
2.543945
2.568359
2.578125
2.548828
2.553711
2.553711
2.548828
2.583008
2.573242
2.573242
2.568359
2.558594
2.587891
2.563477
2.543945
2.573242
2.597656
2.578125
2.587891
2.587891
2.631836
2.587891
2.578125
2.607422
2.563477
2.548828
2.553711
2.568359
2.602539
2.543945
2.543945
2.568359
2.568359
2.573242
2.587891
2.573242
2.583008
2.563477
2.617188
2.539062
2.553711
2.622070
2.578125
2.592773
2.607422
2.583008
2.597656
2.607422
2.597656
2.558594
2.583008
2.607422
2.617188
2.617188
2.612305
2.592773
2.607422
2.597656
2.617188
2.592773
2.607422
2.587891
2.631836
2.622070
2.597656
2.612305
2.592773
2.607422
2.607422
2.583008
2.539062
2.583008
2.578125
2.553711
2.553711
2.592773
2.592773
2.583008
2.568359
2.587891
2.568359
2.568359
2.607422
2.573242
2.597656
2.568359
2.592773
2.592773
2.602539
2.583008
2.617188
2.592773
2.607422
2.602539
2.587891
2.602539
2.607422
2.587891
2.607422
2.597656
2.617188
2.602539
2.578125
2.573242
2.553711
2.587891
2.587891
2.573242
2.573242
2.602539
2.568359
2.597656
2.607422
2.583008
2.553711
2.587891
2.578125
2.612305
2.558594
2.534180
2.548828
2.558594
2.543945
2.558594
2.558594
2.558594
2.563477
2.592773
2.573242
2.573242
2.558594
2.578125
2.602539
2.553711
2.587891
2.583008
2.573242
2.568359
2.587891
2.568359
2.578125
2.558594
2.558594
2.563477
2.548828
2.558594
2.563477
2.573242
2.578125
2.529297
2.583008
2.543945
2.568359
2.543945
2.558594
2.573242
2.587891
2.573242
2.548828
2.558594
2.578125
2.553711
2.558594
2.548828
2.543945
2.548828
2.548828
2.563477
2.548828
2.553711
2.548828
2.583008
2.612305
2.587891
2.592773
2.592773
2.563477
2.558594
2.558594
2.592773
2.573242
2.597656
2.553711
2.573242
2.553711
2.568359
2.568359
2.592773
2.563477
2.548828
2.558594
2.548828
2.563477
2.573242
2.519531
2.534180
2.534180
2.553711
2.573242
2.500000
2.519531
2.563477
2.539062
2.568359
2.543945
2.592773
2.514648
2.519531
2.519531
2.534180
2.548828
2.529297
2.534180
2.543945
2.534180
2.539062
2.563477
2.587891
2.587891
2.587891
2.592773
2.597656
2.578125
2.568359
2.548828
2.587891
2.573242
2.563477
2.573242
2.519531
2.548828
2.548828
2.539062
2.568359
2.534180
2.539062
2.519531
2.524414
2.519531
2.529297
2.553711
2.543945
2.519531
2.534180
2.500000
2.553711
2.524414
2.514648
2.490234
2.509766
2.548828
2.539062
2.529297
2.548828
2.553711
2.553711
2.583008
2.514648
2.558594
2.539062
2.543945
2.548828
2.587891
2.558594
2.539062
2.592773
2.524414
2.578125
2.568359
2.548828
2.578125
2.568359
2.553711
2.578125
2.543945
2.500000
2.539062
2.534180
2.543945
2.578125
2.504883
2.568359
2.553711
2.529297
2.539062
2.519531
2.548828
2.578125
2.573242
2.573242
2.558594
2.568359
2.583008
2.573242
2.578125
2.558594
2.592773
2.578125
2.578125
2.578125
2.587891
2.573242
2.553711
2.597656
2.534180
2.573242
2.583008
2.587891
2.602539
2.578125
2.607422
2.597656
2.587891
2.607422
2.563477
2.607422
2.622070
2.592773
2.587891
2.539062
2.568359
2.573242
2.534180
2.534180
2.534180
2.558594
2.543945
2.558594
2.568359
2.563477
2.534180
2.558594
2.558594
2.578125
2.592773
2.563477
2.607422
2.602539
2.587891
2.583008
2.587891
2.578125
2.534180
2.563477
2.563477
2.578125
2.587891
2.578125
2.534180
2.573242
2.587891
2.573242
2.573242
2.529297
2.568359
2.568359
2.573242
2.592773
2.539062
2.587891
2.543945
2.543945
2.583008
2.553711
2.558594
2.558594
2.573242
2.519531
2.568359
2.509766
2.500000
2.529297
2.543945
2.529297
2.553711
2.529297
2.543945
2.587891
2.563477
2.548828
2.568359
2.543945
2.558594
2.568359
2.553711
2.597656
2.573242
2.553711
2.558594
2.558594
2.548828
2.578125
2.573242
2.519531
2.519531
2.597656
2.558594
2.563477
2.548828
2.553711
2.573242
2.592773
2.558594
2.534180
2.553711
2.548828
2.563477
2.578125
2.524414
2.519531
2.543945
2.563477
2.548828
2.583008
2.568359
2.558594
2.563477
2.553711
2.539062
2.563477
2.539062
2.568359
2.578125
2.568359
2.592773
2.573242
2.583008
2.592773
2.573242
2.578125
2.578125
2.573242
2.573242
2.578125
2.573242
2.558594
2.568359
2.543945
2.558594
2.563477
2.543945
2.558594
2.534180
2.548828
2.543945
2.543945
2.519531
2.534180
2.543945
2.553711
2.519531
2.563477
2.539062
2.578125
2.539062
2.539062
2.563477
2.514648
2.553711
2.543945
2.524414
2.553711
2.563477
2.548828
2.578125
2.592773
2.573242
2.568359
2.587891
2.573242
2.568359
2.568359
2.543945
2.563477
2.563477
2.563477
2.573242
2.543945
2.553711
2.539062
2.583008
2.563477
2.534180
2.578125
2.539062
2.543945
2.529297
2.558594
2.519531
2.534180
2.558594
2.558594
2.529297
2.553711
2.548828
2.524414
2.539062
2.558594
2.534180
2.539062
2.539062
2.534180
2.558594
2.583008
2.573242
2.534180
2.597656
2.553711
2.558594
2.568359
2.558594
2.583008
2.553711
2.568359
2.563477
2.539062
2.587891
2.573242
2.568359
2.563477
2.622070
2.578125
2.563477
2.558594
2.548828
2.519531
2.592773
2.553711
2.534180
2.553711
2.548828
2.573242
2.583008
2.558594
2.587891
2.524414
2.563477
2.583008
2.563477
2.539062
2.568359
2.607422
2.612305
2.578125
2.612305
2.617188
2.583008
2.592773
2.563477
2.592773
