2.055664
0.761719
-0.864258
-2.353516
-3.481445
-4.062500
-3.925781
-3.256836
-2.045898
-0.483398
1.362305
3.369141
5.273438
6.928711
8.198242
8.955078
9.165039
8.759766
7.797852
6.401367
4.599609
2.636719
0.668945
-1.162109
-2.607422
-3.574219
-3.984375
-3.818359
-3.046875
-1.782227
-0.136719
1.733398
3.730469
5.590820
7.202148
8.369141
9.101562
9.179688
8.652344
7.646484
6.098633
4.316406
2.333984
0.361328
-1.435547
-2.822266
-3.730469
-4.086914
-3.754883
-2.924805
-1.567383
0.126953
2.060547
4.033203
5.878906
7.392578
8.540039
9.169922
9.121094
8.540039
7.407227
5.830078
4.062500
2.993164
2.651367
2.539062
2.543945
2.612305
2.573242
2.617188
2.597656
2.578125
2.622070
2.592773
2.607422
2.626953
2.602539
2.563477
2.622070
2.607422
2.612305
2.622070
2.568359
2.583008
2.602539
2.573242
2.578125
2.558594
2.597656
2.597656
2.558594
2.583008
2.553711
2.568359
2.539062
2.553711
2.548828
2.563477
2.563477
2.548828
2.548828
2.578125
2.587891
2.563477
2.563477
2.563477
2.612305
2.573242
2.573242
2.597656
2.597656
2.583008
2.558594
2.573242
2.553711
2.587891
2.578125
2.568359
2.563477
2.553711
2.558594
2.578125
2.563477
2.578125
2.578125
2.558594
2.587891
2.573242
2.573242
2.563477
2.573242
2.607422
2.553711
2.568359
2.563477
2.539062
2.563477
2.573242
2.578125
2.534180
2.553711
2.548828
2.573242
2.578125
2.548828
2.553711
2.602539
2.597656
2.617188
2.607422
2.607422
2.587891
2.607422
2.597656
2.563477
2.558594
2.597656
2.597656
2.617188
2.578125
2.553711
2.592773
2.543945
2.553711
2.553711
2.534180
2.607422
2.607422
2.563477
2.568359
2.573242
2.548828
2.543945
2.568359
2.519531
2.543945
2.563477
2.563477
2.539062
2.558594
2.529297
2.568359
2.558594
2.563477
2.553711
2.553711
2.548828
2.578125
2.553711
2.548828
2.563477
2.578125
2.573242
2.553711
2.592773
2.578125
2.587891
2.626953
2.563477
2.597656
2.568359
2.587891
2.553711
2.578125
2.578125
2.548828
2.529297
2.563477
2.539062
2.539062
2.573242
2.504883
2.529297
2.548828
2.534180
2.529297
2.539062
2.539062
2.534180
2.534180
2.529297
2.578125
2.548828
2.524414
2.573242
2.553711
2.519531
2.568359
2.553711
2.529297
2.539062
2.524414
2.534180
2.543945
2.543945
2.553711
2.558594
2.583008
2.558594
2.543945
2.583008
2.558594
2.587891
2.573242
2.563477
2.553711
2.553711
2.568359
2.563477
2.534180
2.543945
2.587891
2.509766
2.539062
2.534180
2.548828
2.573242
2.568359
2.558594
2.548828
2.539062
2.568359
2.578125
2.573242
2.587891
2.592773
2.573242
2.592773
2.602539
2.578125
2.587891
2.607422
2.597656
2.583008
2.597656
2.602539
2.607422
2.592773
2.583008
2.597656
2.607422
2.602539
2.607422
2.612305
2.592773
2.602539
2.612305
2.612305
2.597656
2.573242
2.568359
2.563477
2.626953
2.626953
2.578125
2.563477
2.534180
2.563477
2.558594
2.558594
2.558594
2.573242
2.578125
2.622070
2.568359
2.587891
2.622070
2.587891
2.592773
2.592773
2.607422
2.573242
2.617188
2.617188
2.578125
2.563477
2.597656
2.622070
2.553711
2.587891
2.592773
2.563477
2.568359
2.612305
2.583008
2.587891
2.631836
2.558594
2.597656
2.578125
2.563477
2.631836
2.597656
2.592773
2.573242
2.578125
2.617188
2.592773
2.583008
2.558594
2.587891
2.583008
2.592773
2.558594
2.578125
2.534180
2.558594
2.553711
2.563477
2.563477
2.558594
2.568359
2.602539
2.592773
2.597656
2.573242
2.573242
2.612305
2.563477
2.568359
2.607422
2.592773
2.563477
2.578125
2.587891
2.573242
2.573242
2.583008
2.592773
2.568359
2.563477
2.592773
2.568359
2.578125
2.592773
2.553711
2.563477
2.514648
2.534180
2.543945
2.563477
2.607422
2.539062
2.568359
2.558594
2.548828
2.578125
2.563477
2.548828
2.558594
2.553711
2.573242
2.553711
2.519531
2.553711
2.563477
2.597656
2.578125
2.568359
2.597656
2.568359
2.587891
2.602539
2.602539
2.592773
2.573242
2.568359
2.597656
2.553711
2.563477
2.587891
2.573242
2.563477
2.543945
2.534180
2.563477
2.568359
2.548828
2.568359
2.553711
2.548828
2.563477
2.563477
2.553711
2.543945
2.558594
2.583008
2.553711
2.578125
2.529297
2.519531
2.573242
2.563477
2.553711
2.558594
2.553711
2.558594
2.548828
2.563477
2.553711
2.548828
2.573242
2.548828
2.592773
2.583008
2.617188
2.612305
2.602539
2.592773
2.587891
2.587891
2.597656
2.558594
2.543945
2.563477
2.553711
2.543945
2.568359
2.558594
2.548828
2.534180
2.504883
2.539062
2.548828
2.514648
2.558594
2.548828
2.539062
2.553711
2.558594
2.568359
2.529297
2.583008
2.573242
2.573242
2.514648
2.592773
2.548828
2.578125
2.563477
2.524414
2.597656
2.558594
2.529297
2.563477
2.583008
2.563477
2.548828
2.558594
2.519531
2.543945
2.558594
2.553711
2.573242
2.587891
2.612305
2.568359
2.563477
2.587891
2.558594
2.563477
2.534180
2.539062
2.539062
2.543945
2.539062
2.543945
2.553711
2.563477
2.548828
2.548828
2.578125
2.558594
2.568359
2.578125
2.553711
2.558594
2.587891
2.612305
2.597656
2.583008
2.602539
2.592773
2.602539
2.578125
2.597656
2.597656
2.597656
2.597656
2.573242
2.607422
2.622070
2.617188
2.607422
2.553711
2.592773
2.646484
2.583008
2.622070
2.602539
2.578125
2.622070
2.607422
2.602539
2.558594
2.583008
2.583008
2.543945
2.553711
2.578125
2.563477
2.573242
2.573242
2.578125
2.597656
2.612305
2.607422
2.607422
2.587891
2.587891
2.583008
2.597656
2.568359
2.602539
2.612305
2.563477
2.602539
2.573242
2.592773
2.578125
2.612305
2.617188
2.583008
2.597656
2.592773
2.597656
2.612305
2.626953
2.573242
2.607422
2.592773
2.578125
2.587891
2.563477
2.607422
2.568359
2.587891
2.602539
2.568359
2.587891
2.592773
2.578125
2.592773
2.558594
2.573242
2.509766
2.509766
2.543945
2.553711
2.558594
2.543945
2.578125
2.563477
2.563477
2.587891
2.573242
2.607422
2.587891
2.568359
2.583008
2.573242
2.539062
2.607422
2.568359
2.583008
2.563477
2.563477
2.583008
2.558594
2.568359
2.573242
2.592773
2.602539
2.553711
2.563477
2.578125
2.587891
2.578125
2.558594
2.578125
2.558594
2.568359
2.534180
2.558594
2.553711
2.573242
2.573242
2.563477
2.529297
2.543945
2.563477
2.587891
2.553711
2.534180
2.578125
2.553711
2.573242
2.607422
2.578125
2.587891
2.578125
2.622070
2.602539
2.597656
2.587891
2.592773
2.583008
2.592773
2.587891
2.578125
2.568359
2.592773
2.568359
2.548828
2.558594
2.548828
2.573242
2.573242
2.529297
2.558594
2.568359
2.529297
2.539062
2.553711
2.553711
2.553711
2.553711
2.539062
2.558594
2.553711
2.534180
2.563477
2.534180
2.583008
2.524414
2.553711
2.548828
2.563477
2.543945
2.548828
2.543945
2.583008
2.548828
2.568359
2.558594
2.622070
2.592773
2.602539
2.587891
2.592773
2.539062
2.587891
2.543945
2.573242
2.539062
2.548828
2.519531
2.548828
2.529297
2.543945
2.539062
2.543945
2.524414
2.553711
2.539062
2.563477
2.539062
2.548828
2.553711
2.534180
2.543945
2.573242
2.543945
2.543945
2.539062
2.553711
2.568359
2.548828
2.553711
2.534180
2.558594
2.539062
2.558594
2.539062
2.519531
2.563477
2.558594
2.587891
2.563477
2.573242
2.578125
2.607422
2.553711
2.587891
2.587891
2.587891
2.539062
2.597656
2.563477
2.553711
2.568359
2.607422
2.587891
2.568359
2.539062
2.573242
2.553711
2.563477
2.553711
2.553711
2.573242
2.578125
2.602539
2.592773
2.578125
2.553711
2.583008
2.568359
2.578125
2.573242
2.592773
2.578125
2.578125
2.597656
2.617188
2.602539
2.612305
2.583008
2.597656
2.607422
2.607422
2.607422
2.573242
2.592773
2.612305
2.626953
2.583008
2.607422
2.631836
2.617188
2.587891
2.602539
2.583008
2.631836
2.578125
2.578125
2.592773
2.583008
2.548828
2.539062
2.548828
2.553711
2.592773
2.558594
2.568359
2.592773
2.597656
2.573242
2.563477
2.563477
2.592773
2.573242
2.592773
2.592773
2.578125
2.558594
2.578125
2.602539
2.597656
2.592773
2.587891
2.583008
2.553711
2.583008
2.583008
2.558594
2.617188
2.617188
2.597656
2.587891
2.578125
2.617188
2.592773
2.563477
2.607422
2.583008
2.563477
2.578125
2.597656
2.553711
2.553711
2.558594
2.602539
2.573242
2.534180
2.519531
2.543945
2.524414
2.534180
2.539062
2.539062
2.543945
2.568359
2.534180
2.592773
2.568359
2.583008
2.558594
2.558594
2.578125
2.592773
2.563477
2.573242
2.583008
2.568359
2.583008
2.592773
2.558594
2.578125
2.573242
2.553711
2.597656
2.592773
2.558594
2.558594
2.543945
2.568359
2.553711
2.587891
2.568359
2.553711
2.558594
2.578125
2.558594
2.558594
2.573242
2.553711
2.583008
2.553711
2.534180
2.568359
2.553711
2.587891
2.553711
2.563477
2.563477
2.573242
2.602539
2.607422
2.573242
2.602539
2.578125
2.583008
2.597656
2.607422
2.607422
2.597656
2.592773
2.548828
2.568359
2.573242
2.563477
2.553711
2.548828
2.573242
2.597656
2.573242
2.568359
2.563477
2.539062
2.558594
2.539062
2.553711
2.553711
2.573242
2.563477
2.578125
2.568359
2.558594
2.563477
2.543945
2.578125
2.553711
2.543945
2.558594
2.563477
2.553711
2.597656
2.568359
2.578125
2.553711
2.578125
2.543945
2.543945
2.583008
2.578125
2.617188
2.592773
2.563477
2.607422
2.573242
2.587891
2.573242
2.587891
2.563477
2.543945
2.602539
2.548828
2.543945
2.553711
2.504883
2.553711
2.529297
2.558594
2.568359
2.514648
2.563477
2.548828
2.568359
2.519531
2.548828
2.563477
2.543945
2.539062
2.548828
2.534180
2.558594
2.543945
2.543945
2.534180
2.543945
2.558594
2.548828
2.548828
2.578125
2.553711
2.568359
2.568359
2.573242
2.519531
2.553711
2.563477
2.558594
2.583008
2.587891
2.583008
2.578125
2.587891
2.563477
2.543945
2.568359
2.563477
2.548828
2.573242
2.558594
2.578125
2.617188
2.587891
2.553711
2.563477
2.548828
2.543945
2.607422
2.568359
2.524414
2.583008
2.583008
2.597656
2.573242
2.592773
2.573242
2.573242
2.597656
2.612305
2.553711
2.587891
2.548828
2.597656
2.592773
2.583008
2.617188
2.612305
2.617188
2.641602
2.612305
2.622070
2.597656
2.578125
2.558594
2.622070
2.602539
2.602539
2.607422
2.617188
2.597656
2.597656
2.534180
2.563477
2.563477
2.543945
2.539062
2.553711
2.573242
2.587891
2.558594
2.568359
2.602539
2.568359
2.563477
2.568359
2.573242
2.587891
2.592773
2.573242
2.587891
2.583008
2.607422
2.602539
2.592773
2.568359
2.553711
2.583008
2.597656
2.597656
2.578125
2.573242
2.597656
2.597656
2.553711
2.602539
2.602539
2.587891
2.592773
2.573242
2.573242
2.563477
2.587891
2.553711
2.553711
2.578125
2.568359
2.563477
2.568359
2.587891
2.563477
2.514648
2.548828
2.529297
2.534180
2.563477
2.578125
2.558594
2.587891
2.553711
2.578125
2.529297
2.602539
2.573242
2.578125
2.563477
2.583008
2.612305
2.568359
2.578125
2.597656
2.583008
2.597656
2.587891
2.578125
2.573242
2.568359
2.602539
2.597656
2.568359
2.563477
2.573242
2.539062
2.558594
2.563477
2.568359
2.587891
2.558594
2.563477
2.563477
2.573242
2.548828
2.568359
2.573242
2.553711
2.563477
2.558594
2.578125
2.553711
2.558594
2.539062
2.573242
2.587891
2.592773
2.607422
2.602539
2.568359
2.622070
2.617188
2.617188
2.578125
2.578125
2.602539
2.592773
2.578125
2.587891
2.578125
2.587891
2.583008
2.578125
2.553711
2.568359
2.558594
2.587891
2.563477
2.539062
2.568359
2.558594
2.558594
2.578125
2.548828
2.524414
2.553711
2.583008
2.548828
2.597656
2.534180
2.563477
2.529297
2.558594
2.553711
2.539062
2.534180
2.543945
2.563477
2.543945
2.563477
2.563477
2.578125
2.563477
2.592773
2.592773
2.617188
2.597656
2.563477
2.592773
2.568359
2.578125
2.563477
2.548828
2.553711
2.558594
2.519531
2.539062
2.573242
2.524414
2.539062
2.553711
2.529297
2.529297
2.548828
2.548828
2.573242
2.524414
2.543945
2.539062
2.578125
2.558594
2.548828
2.539062
2.539062
2.524414
2.553711
2.563477
2.553711
2.563477
2.534180
2.568359
2.583008
2.543945
2.548828
2.543945
2.578125
2.539062
2.587891
2.524414
2.534180
2.543945
2.548828
2.568359
2.563477
2.563477
2.587891
2.597656
2.543945
2.548828
2.534180
2.539062
2.534180
2.500000
2.534180
2.539062
2.534180
2.578125
2.578125
2.563477
2.563477
2.563477
2.573242
2.568359
2.563477
2.573242
2.573242
2.568359
2.573242
2.578125
2.587891
2.597656
2.578125
2.568359
2.568359
2.573242
2.617188
2.592773
2.583008
2.583008
2.597656
2.622070
2.602539
2.622070
2.587891
2.612305
2.602539
2.592773
2.563477
2.612305
2.592773
2.617188
2.578125
2.612305
2.587891
2.573242
2.583008
2.548828
2.534180
2.543945
2.534180
2.543945
2.587891
2.568359
2.573242
2.573242
2.592773
2.563477
2.607422
2.553711
2.578125
2.568359
2.563477
2.602539
2.583008
2.568359
2.607422
2.607422
2.602539
2.578125
2.592773
2.592773
2.583008
2.636719
2.636719
2.592773
2.622070
2.587891
2.626953
2.578125
2.578125
2.578125
2.573242
2.592773
2.563477
2.568359
2.617188
2.592773
2.534180
2.578125
2.597656
2.587891
2.553711
2.558594
2.534180
2.539062
2.553711
2.568359
2.539062
2.568359
2.529297
2.587891
2.539062
2.578125
2.563477
2.573242
2.587891
2.607422
2.568359
2.602539
2.597656
2.568359
2.607422
2.553711
2.573242
2.587891
2.592773
2.563477
2.592773
2.592773
2.563477
2.587891
2.583008
2.573242
2.583008
2.578125
2.558594
2.597656
2.543945
2.583008
2.573242
2.587891
2.583008
2.568359
2.592773
2.543945
2.539062
2.568359
2.597656
2.568359
2.568359
2.587891
2.553711
2.543945
2.543945
2.558594
2.553711
2.558594
2.578125
2.578125
2.583008
2.607422
2.602539
2.592773
2.602539
2.587891
2.597656
2.587891
2.592773
2.583008
2.568359
2.558594
2.592773
2.553711
2.568359
2.573242
2.568359
2.578125
2.568359
2.539062
2.563477
2.548828
2.583008
2.578125
2.524414
2.573242
2.558594
2.558594
2.543945
2.548828
2.548828
2.563477
2.568359
2.553711
2.563477
2.524414
2.553711
2.548828
2.553711
2.548828
2.524414
2.592773
2.578125
2.563477
2.587891
2.573242
2.617188
2.583008
2.553711
2.607422
2.573242
2.587891
2.568359
2.553711
2.573242
2.548828
2.568359
2.563477
2.514648
2.534180
2.558594
2.563477
2.553711
2.534180
2.534180
2.534180
2.519531
2.548828
2.558594
2.534180
2.534180
2.543945
2.539062
2.543945
2.539062
2.534180
2.548828
2.548828
2.539062
2.543945
2.548828
2.558594
2.519531
2.548828
2.548828
2.543945
2.524414
2.568359
2.563477
2.553711
2.539062
2.553711
2.563477
2.558594
2.578125
2.573242
2.597656
2.568359
2.548828
2.578125
2.568359
2.553711
2.539062
2.534180
2.524414
2.539062
2.573242
2.529297
2.534180
2.553711
2.592773
2.573242
2.563477
2.568359
2.539062
2.578125
2.602539
2.563477
2.543945
2.592773
2.568359
2.597656
2.612305
2.592773
2.578125
2.587891
2.592773
2.602539
2.597656
2.568359
2.622070
2.626953
2.592773
2.592773
2.587891
2.622070
2.592773
2.607422
2.597656
2.592773
2.568359
2.592773
2.553711
2.607422
2.548828
2.558594
2.553711
2.563477
2.514648
2.529297
2.543945
2.543945
2.543945
2.553711
2.563477
2.563477
2.592773
2.602539
2.573242
2.592773
2.587891
2.626953
2.612305
2.607422
2.573242
2.592773
2.597656
2.597656
2.607422
2.597656
2.587891
2.612305
2.587891
2.573242
2.592773
2.597656
2.578125
2.602539
2.587891
2.558594
2.587891
2.587891
2.612305
2.597656
2.563477
2.563477
2.563477
2.583008
2.558594
2.597656
2.563477
2.597656
2.573242
2.563477
2.529297
2.509766
2.543945
2.543945
2.548828
2.568359
2.558594
2.587891
2.573242
2.563477
2.583008
2.573242
2.583008
2.607422
2.587891
2.578125
2.573242
2.583008
2.597656
2.592773
2.597656
2.587891
2.583008
2.568359
2.607422
2.573242
2.583008
2.568359
2.543945
2.587891
2.587891
2.568359
2.563477
2.578125
2.563477
2.578125
2.553711
2.568359
2.563477
2.558594
2.563477
2.553711
2.558594
2.558594
2.548828
2.563477
2.578125
2.587891
2.558594
2.529297
2.534180
2.558594
2.583008
2.597656
2.587891
2.607422
2.573242
2.631836
2.612305
2.583008
2.587891
2.539062
2.583008
2.583008
2.578125
2.563477
2.568359
2.583008
2.578125
2.563477
2.563477
2.578125
2.558594
2.543945
2.553711
2.534180
2.543945
2.587891
2.568359
2.514648
2.597656
2.558594
2.553711
2.563477
2.563477
2.553711
2.563477
2.558594
2.548828
2.573242
2.539062
2.539062
2.573242
2.548828
2.534180
2.553711
2.534180
2.539062
2.558594
2.553711
2.568359
2.612305
2.587891
2.607422
2.578125
2.558594
2.578125
2.568359
2.558594
2.568359
2.558594
2.534180
2.524414
2.543945
2.519531
2.539062
2.553711
2.548828
2.563477
2.524414
2.534180
2.543945
2.543945
2.563477
2.587891
2.509766
2.514648
2.568359
2.529297
2.534180
2.534180
2.534180
2.568359
2.500000
2.543945
2.558594
2.539062
2.543945
2.597656
2.568359
2.558594
2.558594
2.548828
2.539062
2.548828
2.548828
2.543945
2.583008
2.553711
2.563477
2.602539
2.592773
2.553711
2.563477
2.587891
2.534180
2.534180
2.553711
2.573242
2.519531
2.563477
2.543945
2.534180
2.563477
2.568359
2.587891
2.568359
2.583008
2.592773
2.563477
2.587891
2.563477
2.573242
2.587891
2.573242
2.558594
2.583008
2.583008
2.602539
2.587891
2.587891
2.597656
2.617188
2.607422
2.617188
2.612305
2.612305
2.622070
2.612305
2.626953
2.617188
2.607422
2.602539
2.626953
2.597656
2.617188
2.592773
2.617188
2.612305
2.597656
2.573242
2.597656
2.543945
2.553711
2.563477
2.534180
2.563477
2.558594
2.597656
2.553711
2.602539
2.597656
2.592773
2.583008
2.597656
2.573242
2.602539
2.631836
2.602539
2.597656
2.558594
2.612305
2.622070
2.587891
2.602539
2.612305
2.592773
2.583008
2.587891
2.602539
2.563477
2.583008
2.597656
2.597656
2.587891
2.573242
2.592773
2.597656
2.578125
2.592773
2.548828
2.543945
2.573242
2.617188
2.563477
2.578125
2.578125
2.597656
2.587891
2.587891
2.539062
2.524414
2.543945
2.539062
2.543945
2.543945
2.553711
2.548828
2.597656
2.578125
2.563477
2.568359
2.568359
2.578125
2.587891
2.617188
2.583008
2.578125
2.607422
2.583008
2.563477
2.612305
2.573242
2.568359
2.563477
2.573242
2.578125
2.578125
2.597656
2.592773
2.563477
2.587891
2.553711
2.558594
2.578125
2.568359
2.587891
2.563477
2.553711
2.539062
2.592773
2.573242
2.573242
2.539062
2.573242
2.548828
2.558594
2.539062
2.563477
2.543945
2.504883
2.612305
2.543945
2.626953
2.587891
2.602539
2.622070
2.607422
2.597656
2.607422
2.597656
2.607422
2.587891
2.626953
2.592773
2.578125
2.548828
2.558594
2.573242
2.602539
2.578125
2.558594
2.597656
2.573242
2.558594
2.573242
2.548828
2.558594
2.558594
2.573242
2.539062
2.534180
2.563477
2.548828
2.553711
2.553711
2.568359
2.539062
2.548828
2.534180
2.529297
2.563477
2.553711
2.539062
2.563477
2.553711
2.548828
2.548828
2.587891
2.558594
2.578125
2.612305
2.631836
2.602539
2.583008
2.583008
2.597656
2.602539
2.578125
2.568359
2.573242
2.548828
2.558594
2.558594
2.534180
2.534180
2.563477
2.534180
2.558594
2.543945
2.514648
2.534180
2.563477
2.524414
2.539062
2.539062
2.548828
2.539062
2.548828
2.568359
2.553711
2.548828
2.563477
2.558594
2.563477
2.548828
2.548828
2.539062
2.558594
2.548828
2.548828
2.553711
2.563477
2.573242
2.568359
2.563477
2.583008
2.539062
2.578125
2.568359
2.597656
2.558594
2.607422
2.563477
2.573242
2.539062
2.563477
2.568359
2.553711
2.519531
2.543945
2.563477
2.558594
2.563477
2.568359
2.568359
2.563477
2.592773
2.592773
2.534180
2.539062
2.553711
2.573242
2.612305
2.563477
2.568359
2.568359
2.587891
2.573242
2.592773
2.592773
2.617188
2.592773
2.597656
2.592773
2.597656
2.578125
2.607422
2.587891
2.558594
2.568359
2.622070
2.617188
2.622070
2.607422
2.607422
2.602539
2.602539
2.592773
2.617188
2.597656
2.558594
2.553711
2.553711
