2.182617
0.898438
-0.756836
-2.265625
-3.427734
-4.028320
-3.955078
-3.349609
-2.182617
-0.615234
1.210938
3.217773
5.092773
6.772461
8.100586
8.906250
9.135742
8.784180
7.871094
6.445312
4.726562
2.758789
0.771484
-1.020508
-2.578125
-3.540039
-4.013672
-3.901367
-3.159180
-1.943359
-0.332031
1.538086
3.525391
5.395508
7.065430
8.300781
8.999023
9.145508
8.715820
7.734375
6.245117
4.428711
2.460938
0.458984
-1.347656
-2.734375
-3.671875
-4.086914
-3.813477
-3.002930
-1.699219
-0.053711
1.865234
3.833008
5.732422
7.285156
8.432617
9.072266
9.106445
8.559570
7.465820
5.976562
4.208984
3.056641
2.651367
2.529297
2.534180
2.607422
2.587891
2.592773
2.607422
2.597656
2.573242
2.597656
2.592773
2.607422
2.597656
2.607422
2.612305
2.626953
2.631836
2.631836
2.592773
2.602539
2.602539
2.622070
2.597656
2.597656
2.607422
2.626953
2.578125
2.583008
2.558594
2.543945
2.534180
2.563477
2.553711
2.592773
2.553711
2.563477
2.597656
2.573242
2.587891
2.597656
2.592773
2.587891
2.583008
2.622070
2.626953
2.592773
2.597656
2.617188
2.587891
2.626953
2.587891
2.592773
2.587891
2.587891
2.573242
2.573242
2.578125
2.568359
2.587891
2.578125
2.583008
2.573242
2.539062
2.553711
2.587891
2.563477
2.597656
2.583008
2.592773
2.583008
2.563477
2.592773
2.587891
2.553711
2.592773
2.553711
2.558594
2.539062
2.553711
2.548828
2.529297
2.563477
2.558594
2.558594
2.592773
2.558594
2.587891
2.607422
2.597656
2.612305
2.578125
2.553711
2.573242
2.602539
2.548828
2.568359
2.583008
2.563477
2.583008
2.558594
2.573242
2.558594
2.592773
2.597656
2.563477
2.553711
2.568359
2.573242
2.573242
2.587891
2.553711
2.548828
2.548828
2.558594
2.578125
2.558594
2.534180
2.573242
2.592773
2.539062
2.534180
2.563477
2.563477
2.558594
2.573242
2.548828
2.534180
2.583008
2.558594
2.602539
2.612305
2.612305
2.612305
2.597656
2.592773
2.539062
2.597656
2.592773
2.592773
2.597656
2.592773
2.578125
2.558594
2.543945
2.573242
2.563477
2.543945
2.578125
2.558594
2.553711
2.573242
2.553711
2.592773
2.524414
2.524414
2.573242
2.563477
2.573242
2.553711
2.583008
2.548828
2.529297
2.573242
2.553711
2.543945
2.529297
2.539062
2.553711
2.553711
2.563477
2.543945
2.578125
2.592773
2.548828
2.539062
2.573242
2.597656
2.578125
2.612305
2.602539
2.587891
2.592773
2.583008
2.573242
2.587891
2.583008
2.553711
2.558594
2.539062
2.534180
2.485352
2.543945
2.578125
2.534180
2.529297
2.519531
2.534180
2.543945
2.539062
2.558594
2.534180
2.548828
2.573242
2.548828
2.543945
2.573242
2.563477
2.558594
2.548828
2.553711
2.558594
2.558594
2.553711
2.563477
2.548828
2.563477
2.568359
2.568359
2.553711
2.558594
2.548828
2.578125
2.558594
2.578125
2.548828
2.568359
2.587891
2.578125
2.612305
2.558594
2.563477
2.543945
2.573242
2.612305
2.573242
2.568359
2.578125
2.548828
2.553711
2.563477
2.534180
2.553711
2.597656
2.563477
2.568359
2.597656
2.553711
2.573242
2.597656
2.568359
2.578125
2.573242
2.587891
2.592773
2.592773
2.578125
2.573242
2.563477
2.539062
2.568359
2.587891
2.573242
2.563477
2.548828
2.602539
2.587891
2.568359
2.607422
2.626953
2.607422
2.597656
2.597656
2.602539
2.578125
2.626953
2.607422
2.583008
2.617188
2.563477
2.563477
2.543945
2.543945
2.587891
2.558594
2.578125
2.578125
2.568359
2.597656
2.563477
2.592773
2.612305
2.587891
2.578125
2.587891
2.558594
2.592773
2.587891
2.592773
2.563477
2.573242
2.607422
2.612305
2.587891
2.597656
2.607422
2.568359
2.563477
2.607422
2.578125
2.607422
2.583008
2.592773
2.578125
2.602539
2.573242
2.583008
2.578125
2.592773
2.578125
2.573242
2.548828
2.607422
2.573242
2.563477
2.578125
2.592773
2.534180
2.539062
2.558594
2.519531
2.543945
2.548828
2.548828
2.568359
2.548828
2.563477
2.573242
2.597656
2.592773
2.563477
2.568359
2.578125
2.583008
2.597656
2.587891
2.592773
2.573242
2.592773
2.583008
2.587891
2.553711
2.587891
2.592773
2.563477
2.597656
2.592773
2.578125
2.592773
2.568359
2.592773
2.573242
2.558594
2.583008
2.573242
2.568359
2.573242
2.563477
2.543945
2.573242
2.573242
2.592773
2.578125
2.587891
2.573242
2.578125
2.592773
2.578125
2.553711
2.553711
2.597656
2.592773
2.573242
2.597656
2.646484
2.612305
2.587891
2.578125
2.622070
2.592773
2.597656
2.587891
2.553711
2.578125
2.597656
2.587891
2.607422
2.583008
2.548828
2.573242
2.568359
2.563477
2.563477
2.573242
2.543945
2.514648
2.534180
2.553711
2.568359
2.583008
2.578125
2.543945
2.529297
2.558594
2.524414
2.548828
2.558594
2.558594
2.578125
2.543945
2.553711
2.573242
2.563477
2.587891
2.534180
2.553711
2.563477
2.587891
2.578125
2.597656
2.597656
2.587891
2.617188
2.602539
2.553711
2.597656
2.573242
2.558594
2.587891
2.539062
2.553711
2.558594
2.548828
2.548828
2.553711
2.539062
2.548828
2.548828
2.534180
2.573242
2.548828
2.543945
2.553711
2.539062
2.553711
2.563477
2.573242
2.553711
2.548828
2.524414
2.558594
2.539062
2.539062
2.553711
2.558594
2.553711
2.539062
2.558594
2.543945
2.563477
2.563477
2.534180
2.573242
2.568359
2.592773
2.553711
2.583008
2.607422
2.602539
2.592773
2.578125
2.563477
2.592773
2.539062
2.548828
2.539062
2.558594
2.573242
2.563477
2.578125
2.573242
2.563477
2.587891
2.543945
2.597656
2.568359
2.548828
2.587891
2.563477
2.558594
2.597656
2.587891
2.607422
2.597656
2.587891
2.612305
2.597656
2.587891
2.626953
2.578125
2.597656
2.612305
2.607422
2.617188
2.631836
2.602539
2.607422
2.597656
2.626953
2.607422
2.617188
2.587891
2.597656
2.656250
2.617188
2.612305
2.617188
2.573242
2.587891
2.553711
2.573242
2.524414
2.529297
2.573242
2.587891
2.563477
2.587891
2.597656
2.578125
2.622070
2.602539
2.592773
2.597656
2.617188
2.587891
2.607422
2.602539
2.607422
2.602539
2.583008
2.568359
2.612305
2.602539
2.592773
2.597656
2.617188
2.597656
2.597656
2.626953
2.587891
2.626953
2.578125
2.622070
2.607422
2.568359
2.612305
2.592773
2.587891
2.597656
2.543945
2.617188
2.592773
2.592773
2.568359
2.622070
2.563477
2.578125
2.568359
2.548828
2.539062
2.534180
2.519531
2.563477
2.573242
2.583008
2.587891
2.573242
2.568359
2.592773
2.573242
2.597656
2.587891
2.587891
2.607422
2.612305
2.597656
2.592773
2.583008
2.617188
2.607422
2.573242
2.573242
2.573242
2.602539
2.583008
2.583008
2.583008
2.573242
2.573242
2.607422
2.587891
2.553711
2.607422
2.563477
2.563477
2.583008
2.568359
2.587891
2.543945
2.578125
2.563477
2.597656
2.607422
2.563477
2.529297
2.563477
2.543945
2.563477
2.573242
2.592773
2.617188
2.617188
2.646484
2.626953
2.607422
2.622070
2.587891
2.612305
2.587891
2.592773
2.597656
2.592773
2.568359
2.568359
2.578125
2.563477
2.548828
2.597656
2.543945
2.573242
2.597656
2.543945
2.563477
2.587891
2.568359
2.573242
2.573242
2.578125
2.578125
2.553711
2.558594
2.553711
2.558594
2.558594
2.583008
2.568359
2.553711
2.543945
2.568359
2.558594
2.558594
2.568359
2.578125
2.583008
2.548828
2.578125
2.558594
2.573242
2.612305
2.592773
2.646484
2.578125
2.592773
2.612305
2.592773
2.573242
2.558594
2.558594
2.607422
2.563477
2.563477
2.548828
2.563477
2.563477
2.548828
2.524414
2.543945
2.524414
2.558594
2.548828
2.553711
2.529297
2.553711
2.563477
2.548828
2.568359
2.558594
2.558594
2.558594
2.543945
2.558594
2.578125
2.514648
2.553711
2.592773
2.514648
2.563477
2.568359
2.578125
2.563477
2.568359
2.563477
2.578125
2.568359
2.548828
2.583008
2.558594
2.607422
2.607422
2.592773
2.587891
2.583008
2.578125
2.612305
2.539062
2.563477
2.548828
2.563477
2.578125
2.573242
2.573242
2.587891
2.548828
2.563477
2.597656
2.563477
2.607422
2.578125
2.587891
2.573242
2.587891
2.573242
2.587891
2.573242
2.592773
2.607422
2.612305
2.617188
2.617188
2.631836
2.612305
2.622070
2.607422
2.602539
2.617188
2.602539
2.626953
2.612305
2.656250
2.592773
2.587891
2.607422
2.607422
2.646484
2.617188
2.622070
2.597656
2.597656
2.553711
2.597656
2.563477
2.578125
2.539062
2.558594
2.573242
2.583008
2.587891
2.587891
2.626953
2.622070
2.607422
2.597656
2.597656
2.597656
2.631836
2.568359
2.612305
2.612305
2.612305
2.597656
2.587891
2.602539
2.607422
2.626953
2.587891
2.612305
2.622070
2.607422
2.602539
2.587891
2.612305
2.597656
2.612305
2.583008
2.597656
2.602539
2.568359
2.602539
2.578125
2.631836
2.597656
2.563477
2.602539
2.607422
2.592773
2.607422
2.563477
2.553711
2.563477
2.573242
2.558594
2.534180
2.548828
2.558594
2.573242
2.578125
2.553711
2.587891
2.592773
2.558594
2.558594
2.602539
2.592773
2.607422
2.597656
2.583008
2.646484
2.597656
2.592773
2.602539
2.578125
2.592773
2.587891
2.607422
2.617188
2.587891
2.578125
2.568359
2.592773
2.592773
2.573242
2.607422
2.563477
2.592773
2.592773
2.573242
2.602539
2.583008
2.578125
2.592773
2.573242
2.563477
2.578125
2.592773
2.563477
2.578125
2.573242
2.573242
2.578125
2.597656
2.602539
2.602539
2.607422
2.592773
2.631836
2.631836
2.612305
2.597656
2.597656
2.612305
2.612305
2.578125
2.587891
2.612305
2.573242
2.568359
2.583008
2.573242
2.597656
2.573242
2.587891
2.563477
2.578125
2.578125
2.568359
2.592773
2.583008
2.563477
2.587891
2.578125
2.548828
2.587891
2.578125
2.568359
2.578125
2.553711
2.592773
2.578125
2.563477
2.592773
2.548828
2.578125
2.558594
2.587891
2.617188
2.587891
2.553711
2.592773
2.617188
2.592773
2.607422
2.622070
2.583008
2.617188
2.587891
2.573242
2.568359
2.578125
2.573242
2.553711
2.553711
2.553711
2.553711
2.553711
2.553711
2.548828
2.558594
2.563477
2.563477
2.578125
2.553711
2.558594
2.534180
2.543945
2.534180
2.553711
2.558594
2.553711
2.578125
2.524414
2.563477
2.563477
2.563477
2.587891
2.578125
2.573242
2.568359
2.563477
2.587891
2.558594
2.573242
2.578125
2.548828
2.578125
2.548828
2.583008
2.573242
2.602539
2.607422
2.558594
2.607422
2.573242
2.563477
2.602539
2.563477
2.563477
2.539062
2.504883
2.573242
2.553711
2.587891
2.558594
2.578125
2.558594
2.573242
2.583008
2.573242
2.587891
2.597656
2.578125
2.583008
2.607422
2.587891
2.607422
2.607422
2.587891
2.587891
2.622070
2.583008
2.597656
2.602539
2.612305
2.573242
2.656250
2.607422
2.626953
2.646484
2.617188
2.607422
2.646484
2.626953
2.626953
2.617188
2.656250
2.617188
2.656250
2.597656
2.617188
2.607422
2.578125
2.587891
2.553711
2.558594
2.592773
2.548828
2.583008
2.583008
2.573242
2.592773
2.607422
2.597656
2.587891
2.587891
2.612305
2.612305
2.597656
2.602539
2.587891
2.622070
2.617188
2.573242
2.602539
2.626953
2.612305
2.622070
2.622070
2.612305
2.597656
2.622070
2.602539
2.612305
2.612305
2.612305
2.597656
2.622070
2.626953
2.607422
2.617188
2.626953
2.587891
2.573242
2.587891
2.597656
2.578125
2.607422
2.578125
2.578125
2.558594
2.597656
2.514648
2.568359
2.543945
2.548828
2.592773
2.583008
2.578125
2.602539
2.592773
2.602539
2.617188
2.597656
2.583008
2.602539
2.568359
2.587891
2.607422
2.607422
2.563477
2.597656
2.578125
2.602539
2.578125
2.583008
2.587891
2.583008
2.573242
2.573242
2.602539
2.578125
2.583008
2.563477
2.573242
2.563477
2.597656
2.563477
2.578125
2.573242
2.592773
2.592773
2.592773
2.558594
2.573242
2.573242
2.587891
2.548828
2.568359
2.573242
2.558594
2.592773
2.587891
2.597656
2.583008
2.592773
2.622070
2.617188
2.607422
2.607422
2.583008
2.612305
2.587891
2.578125
2.612305
2.573242
2.563477
2.583008
2.587891
2.543945
2.597656
2.558594
2.563477
2.607422
2.587891
2.548828
2.592773
2.602539
2.563477
2.563477
2.592773
2.583008
2.563477
2.573242
2.558594
2.553711
2.558594
2.553711
2.573242
2.539062
2.563477
2.543945
2.534180
2.563477
2.539062
2.553711
2.568359
2.539062
2.558594
2.558594
2.592773
2.631836
2.612305
2.622070
2.597656
2.607422
2.578125
2.563477
2.602539
2.563477
2.563477
2.587891
2.543945
2.573242
2.553711
2.539062
2.534180
2.548828
2.548828
2.553711
2.543945
2.563477
2.573242
2.568359
2.568359
2.587891
2.607422
2.578125
2.534180
2.578125
2.543945
2.539062
2.553711
2.553711
2.529297
2.558594
2.573242
2.568359
2.597656
2.553711
2.563477
2.553711
2.573242
2.578125
2.578125
2.573242
2.592773
2.583008
2.583008
2.578125
2.607422
2.612305
2.592773
2.607422
2.568359
2.568359
2.587891
2.583008
2.563477
2.568359
2.558594
2.548828
2.548828
2.573242
2.558594
2.553711
2.573242
2.578125
2.558594
2.592773
2.583008
2.597656
2.578125
2.587891
2.573242
2.583008
2.607422
2.602539
2.602539
2.597656
2.597656
2.612305
2.602539
2.617188
2.617188
2.578125
2.607422
2.617188
2.636719
2.617188
2.631836
2.626953
2.626953
2.607422
2.631836
2.602539
2.641602
2.651367
2.597656
2.597656
2.592773
2.563477
2.543945
2.563477
2.563477
2.558594
2.578125
2.573242
2.583008
2.568359
2.602539
2.612305
2.578125
2.607422
2.617188
2.612305
2.617188
2.597656
2.612305
2.602539
2.597656
2.617188
2.597656
2.578125
2.587891
2.568359
2.607422
2.602539
2.617188
2.626953
2.607422
2.626953
2.631836
2.592773
2.578125
2.597656
2.612305
2.607422
2.597656
2.612305
2.597656
2.592773
2.578125
2.597656
2.602539
2.612305
2.592773
2.583008
2.602539
2.578125
2.597656
2.548828
2.553711
2.553711
2.534180
2.587891
2.543945
2.587891
2.597656
2.573242
2.597656
2.607422
2.587891
2.622070
2.607422
2.587891
2.607422
2.592773
2.558594
2.578125
2.602539
2.626953
2.612305
2.583008
2.578125
2.592773
2.597656
2.597656
2.597656
2.573242
2.597656
2.602539
2.607422
2.578125
2.558594
2.568359
2.592773
2.587891
2.573242
2.587891
2.578125
2.612305
2.587891
2.592773
2.578125
2.568359
2.558594
2.553711
2.587891
2.578125
2.548828
2.563477
2.592773
2.607422
2.607422
2.626953
2.602539
2.631836
2.597656
2.597656
2.636719
2.597656
2.597656
2.592773
2.597656
2.583008
2.592773
2.573242
2.553711
2.558594
2.587891
2.583008
2.578125
2.568359
2.553711
2.563477
2.612305
2.539062
2.553711
2.578125
2.548828
2.539062
2.573242
2.548828
2.553711
2.548828
2.583008
2.573242
2.553711
2.558594
2.543945
2.587891
2.573242
2.578125
2.568359
2.529297
2.568359
2.578125
2.558594
2.573242
2.573242
2.592773
2.622070
2.636719
2.617188
2.597656
2.597656
2.597656
2.583008
2.563477
2.563477
2.587891
2.578125
2.553711
2.539062
2.563477
2.568359
2.573242
2.558594
2.573242
2.558594
2.568359
2.563477
2.539062
2.534180
2.534180
2.553711
2.529297
2.539062
2.553711
2.553711
2.568359
2.563477
2.563477
2.592773
2.543945
2.592773
2.573242
2.529297
2.553711
2.558594
2.573242
2.553711
2.568359
2.578125
2.553711
2.558594
2.558594
2.592773
2.583008
2.592773
2.592773
2.587891
2.573242
2.592773
2.568359
2.568359
2.573242
2.573242
2.558594
2.558594
2.578125
2.558594
2.543945
2.553711
2.573242
2.592773
2.597656
2.622070
2.583008
2.558594
2.597656
2.587891
2.597656
2.592773
2.597656
2.617188
2.612305
2.626953
2.597656
2.587891
2.578125
2.573242
2.597656
2.622070
2.607422
2.602539
2.617188
2.617188
2.631836
2.617188
2.641602
2.636719
2.602539
2.617188
2.636719
2.622070
2.636719
2.617188
2.612305
2.631836
2.592773
2.587891
2.626953
2.563477
2.578125
2.568359
2.573242
2.592773
2.583008
2.587891
2.573242
2.602539
2.592773
2.622070
2.602539
2.592773
2.631836
2.612305
2.573242
2.602539
2.592773
2.597656
2.612305
2.617188
2.607422
2.607422
2.592773
2.612305
2.602539
2.592773
2.607422
2.631836
2.617188
2.617188
2.568359
2.578125
2.641602
2.607422
2.607422
2.573242
2.543945
2.602539
2.592773
2.602539
2.587891
2.602539
2.587891
2.597656
2.587891
2.563477
2.563477
2.524414
2.558594
2.539062
2.539062
2.583008
2.578125
2.583008
2.602539
2.583008
2.622070
2.587891
2.553711
2.568359
2.622070
2.573242
2.597656
2.568359
2.597656
2.563477
2.592773
2.587891
2.597656
2.563477
2.587891
2.587891
2.573242
2.583008
2.587891
2.563477
2.597656
2.602539
2.573242
2.578125
2.558594
2.597656
2.578125
2.553711
2.558594
2.558594
2.573242
2.578125
2.568359
2.573242
2.592773
2.573242
2.553711
2.568359
2.548828
2.568359
2.587891
2.573242
2.563477
2.592773
2.617188
2.622070
2.636719
2.597656
2.592773
2.597656
2.622070
2.602539
2.607422
2.587891
2.602539
2.573242
2.573242
2.558594
2.592773
2.558594
2.578125
2.597656
2.553711
2.539062
2.563477
2.539062
2.553711
2.558594
2.563477
2.563477
2.543945
2.539062
2.539062
2.529297
2.558594
2.558594
2.553711
2.543945
2.563477
2.553711
2.548828
2.548828
2.553711
2.563477
2.573242
2.539062
2.578125
2.578125
2.568359
2.587891
2.607422
2.622070
2.626953
2.573242
2.597656
2.592773
2.578125
2.573242
2.558594
2.553711
2.543945
2.543945
2.539062
2.524414
2.529297
2.539062
2.543945
2.534180
2.534180
2.543945
2.558594
2.534180
2.539062
2.548828
2.534180
2.553711
2.534180
2.543945
2.548828
2.519531
2.534180
2.553711
2.524414
2.573242
2.529297
2.558594
2.529297
2.543945
2.573242
2.573242
2.578125
2.563477
2.563477
2.602539
2.558594
2.573242
2.583008
2.543945
2.587891
2.617188
2.597656
2.578125
2.563477
2.563477
2.548828
2.548828
2.563477
2.553711
2.558594
2.553711
2.568359
2.563477
2.563477
2.563477
2.573242
2.587891
2.578125
2.563477
2.573242
2.597656
2.607422
2.622070
2.631836
2.617188
2.612305
2.602539
2.612305
2.587891
2.612305
2.592773
2.631836
2.636719
2.617188
2.602539
2.612305
2.626953
2.622070
2.597656
2.597656
2.617188
2.612305
2.631836
2.607422
2.578125
2.607422
2.607422
2.646484
2.631836
2.597656
2.578125
2.592773
2.563477
2.553711
2.578125
2.534180
2.592773
2.607422
2.612305
2.592773
2.597656
2.563477
2.597656
2.587891
2.597656
2.568359
2.563477
2.622070
2.641602
2.583008
2.602539
2.626953
2.622070
2.592773
2.587891
2.612305
2.612305
2.607422
2.597656
2.573242
2.568359
2.617188
2.617188
2.573242
2.602539
2.597656
2.592773
2.587891
2.597656
2.568359
2.573242
2.602539
2.597656
2.592773
2.568359
2.592773
2.602539
2.612305
2.578125
2.558594
2.548828
2.578125
2.558594
2.573242
2.548828
2.548828
2.568359
2.587891
2.587891
2.583008
2.583008
2.573242
2.578125
2.597656
2.592773
2.602539
2.602539
2.583008
2.583008
2.578125
2.592773
2.578125
2.568359
2.583008
2.583008
2.583008
2.573242
2.597656
2.587891
2.563477
2.568359
2.568359
2.573242
2.573242
2.578125
2.548828
2.563477
2.568359
2.592773
2.592773
2.578125
2.573242
2.558594
2.597656
2.563477
2.573242
2.558594
2.529297
2.583008
2.592773
2.524414
2.587891
2.597656
2.592773
2.607422
2.612305
2.626953
2.612305
2.622070
2.602539
2.587891
2.607422
2.612305
2.563477
2.592773
2.597656
2.583008
2.563477
2.563477
2.553711
2.568359
2.592773
2.587891
2.587891
2.548828
2.529297
2.578125
2.558594
2.553711
2.573242
2.563477
2.563477
2.548828
2.548828
2.578125
2.548828
2.587891
2.592773
2.573242
2.539062
2.548828
2.573242
2.583008
2.558594
2.558594
2.583008
2.583008
2.558594
2.583008
2.583008
2.587891
2.607422
2.607422
2.612305
2.607422
2.578125
2.602539
2.578125
2.563477
2.553711
2.548828
2.563477
2.587891
2.534180
2.534180
2.548828
2.534180
2.539062
2.539062
2.524414
2.534180
2.553711
2.558594
2.553711
2.553711
2.558594
2.573242
2.568359
2.573242
2.573242
2.553711
2.597656
2.534180
2.548828
2.563477
2.573242
2.553711
2.558594
2.548828
2.573242
2.548828
2.578125
2.553711
2.587891
2.558594
2.553711
2.563477
2.563477
2.563477
2.587891
2.578125
2.563477
2.597656
2.543945
2.548828
2.573242
2.548828
2.553711
