2.397461
1.396484
-0.229492
-1.782227
-3.081055
-3.891602
-4.018555
-3.613281
-2.636719
-1.137695
0.585938
2.578125
4.501953
6.274414
7.753906
8.691406
9.121094
8.935547
8.208008
6.982422
5.312500
3.393555
1.416016
-0.498047
-2.109375
-3.261719
-3.940430
-3.989258
-3.442383
-2.382812
-0.820312
0.937500
2.905273
4.833984
6.601562
7.949219
8.828125
9.160156
8.891602
8.085938
6.723633
5.004883
3.051758
1.064453
-0.810547
-2.358398
-3.427734
-3.984375
-3.950195
-3.344727
-2.143555
-0.615234
1.269531
3.232422
5.126953
6.826172
8.134766
8.930664
9.140625
8.833008
7.900391
6.479492
4.736328
3.286133
2.700195
2.529297
2.480469
2.524414
2.578125
2.563477
2.592773
2.592773
2.563477
2.558594
2.568359
2.592773
2.558594
2.587891
2.587891
2.607422
2.573242
2.563477
2.558594
2.563477
2.543945
2.592773
2.578125
2.519531
2.529297
2.534180
2.578125
2.563477
2.558594
2.568359
2.534180
2.607422
2.558594
2.563477
2.587891
2.548828
2.587891
2.568359
2.558594
2.558594
2.592773
2.592773
2.592773
2.573242
2.602539
2.573242
2.597656
2.578125
2.587891
2.592773
2.617188
2.631836
2.602539
2.568359
2.602539
2.578125
2.563477
2.539062
2.524414
2.592773
2.587891
2.607422
2.548828
2.558594
2.553711
2.563477
2.539062
2.563477
2.558594
2.587891
2.563477
2.558594
2.563477
2.548828
2.592773
2.602539
2.597656
2.617188
2.597656
2.573242
2.617188
2.573242
2.558594
2.583008
2.563477
2.607422
2.612305
2.617188
2.612305
2.583008
2.573242
2.592773
2.578125
2.612305
2.558594
2.587891
2.573242
2.583008
2.597656
2.568359
2.597656
2.583008
2.573242
2.578125
2.573242
2.573242
2.587891
2.578125
2.563477
2.553711
2.597656
2.553711
2.563477
2.568359
2.514648
2.558594
2.558594
2.558594
2.563477
2.543945
2.602539
2.558594
2.587891
2.597656
2.602539
2.583008
2.558594
2.573242
2.622070
2.558594
2.607422
2.578125
2.568359
2.573242
2.592773
2.578125
2.597656
2.573242
2.573242
2.548828
2.597656
2.578125
2.568359
2.578125
2.578125
2.587891
2.597656
2.553711
2.587891
2.563477
2.578125
2.578125
2.539062
2.607422
2.578125
2.592773
2.607422
2.592773
2.587891
2.578125
2.558594
2.587891
2.543945
2.563477
2.568359
2.587891
2.617188
2.573242
2.592773
2.612305
2.626953
2.578125
2.587891
2.568359
2.548828
2.578125
2.563477
2.578125
2.558594
2.543945
2.607422
2.573242
2.548828
2.543945
2.558594
2.539062
2.578125
2.548828
2.524414
2.548828
2.539062
2.524414
2.519531
2.514648
2.583008
2.548828
2.543945
2.548828
2.509766
2.509766
2.573242
2.548828
2.490234
2.495117
2.514648
2.534180
2.534180
2.534180
2.524414
2.504883
2.504883
2.524414
2.509766
2.534180
2.519531
2.553711
2.553711
2.485352
2.500000
2.514648
2.529297
2.519531
2.495117
2.475586
2.490234
2.509766
2.509766
2.509766
2.495117
2.485352
2.485352
2.509766
2.509766
2.485352
2.475586
2.495117
2.514648
2.495117
2.475586
2.485352
2.485352
2.524414
2.495117
2.500000
2.480469
2.500000
2.485352
2.490234
2.465820
2.490234
2.495117
2.500000
2.504883
2.529297
2.480469
2.514648
2.539062
2.460938
2.509766
2.480469
2.519531
2.485352
2.519531
2.553711
2.475586
2.519531
2.514648
2.480469
2.470703
2.480469
2.485352
2.465820
2.504883
2.519531
2.514648
2.534180
2.500000
2.485352
2.529297
2.500000
2.495117
2.470703
2.509766
2.543945
2.495117
2.524414
2.529297
2.553711
2.539062
2.529297
2.543945
2.563477
2.543945
2.524414
2.543945
2.563477
2.514648
2.534180
2.573242
2.563477
2.553711
2.553711
2.548828
2.490234
2.495117
2.509766
2.534180
2.514648
2.534180
2.519531
2.529297
2.509766
2.509766
2.524414
2.514648
2.514648
2.480469
2.524414
2.524414
2.519531
2.534180
2.568359
2.558594
2.539062
2.548828
2.553711
2.563477
2.548828
2.524414
2.543945
2.563477
2.583008
2.568359
2.539062
2.519531
2.558594
2.583008
2.534180
2.539062
2.519531
2.583008
2.573242
2.548828
2.578125
2.534180
2.563477
2.587891
2.514648
2.553711
2.548828
2.587891
2.534180
2.553711
2.597656
2.578125
2.597656
2.592773
2.568359
2.548828
2.626953
2.563477
2.583008
2.548828
2.568359
2.583008
2.553711
2.543945
2.592773
2.597656
2.607422
2.597656
2.622070
2.626953
2.612305
2.573242
2.631836
2.617188
2.587891
2.636719
2.607422
2.626953
2.617188
2.597656
2.617188
2.626953
2.636719
2.617188
2.617188
2.617188
2.646484
2.626953
2.709961
2.636719
2.631836
2.626953
2.680664
2.675781
2.636719
2.641602
2.646484
2.641602
2.651367
2.666016
2.685547
2.631836
2.670898
2.690430
2.666016
2.656250
2.695312
2.680664
2.685547
2.670898
2.685547
2.666016
2.734375
2.734375
2.724609
2.719727
2.690430
2.719727
2.734375
2.690430
2.739258
2.680664
2.670898
2.709961
2.705078
2.690430
2.661133
2.700195
2.690430
2.661133
2.685547
2.670898
2.695312
2.685547
2.666016
2.651367
2.695312
2.651367
2.675781
2.670898
2.656250
2.656250
2.646484
2.651367
2.641602
2.641602
2.626953
2.622070
2.617188
2.656250
2.597656
2.631836
2.626953
2.622070
2.646484
2.646484
2.612305
2.617188
2.675781
2.641602
2.631836
2.680664
2.670898
2.680664
2.636719
2.626953
2.617188
2.641602
2.641602
2.631836
2.607422
2.641602
2.612305
2.612305
2.607422
2.617188
2.626953
2.607422
2.656250
2.607422
2.597656
2.612305
2.587891
2.583008
2.602539
2.587891
2.587891
2.587891
2.617188
2.631836
2.592773
2.592773
2.583008
2.617188
2.626953
2.602539
2.612305
2.592773
2.646484
2.617188
2.612305
2.626953
2.607422
2.587891
2.631836
2.612305
2.607422
2.587891
2.631836
2.626953
2.597656
2.602539
2.587891
2.587891
2.563477
2.587891
2.607422
2.543945
2.573242
2.543945
2.543945
2.543945
2.573242
2.558594
2.539062
2.592773
2.534180
2.558594
2.592773
2.553711
2.568359
2.558594
2.534180
2.578125
2.553711
2.573242
2.553711
2.548828
2.539062
2.573242
2.568359
2.592773
2.573242
2.573242
2.568359
2.553711
2.558594
2.592773
2.592773
2.543945
2.583008
2.587891
2.597656
2.587891
2.602539
2.602539
2.602539
2.592773
2.592773
2.568359
2.524414
2.543945
2.568359
2.539062
2.529297
2.548828
2.563477
2.558594
2.563477
2.578125
2.568359
2.583008
2.543945
2.558594
2.558594
2.558594
2.548828
2.587891
2.558594
2.573242
2.568359
2.548828
2.563477
2.558594
2.539062
2.558594
2.553711
2.553711
2.578125
2.583008
2.563477
2.548828
2.539062
2.543945
2.558594
2.587891
2.573242
2.563477
2.563477
2.539062
2.578125
2.563477
2.592773
2.573242
2.553711
2.548828
2.578125
2.553711
2.597656
2.519531
2.539062
2.534180
2.568359
2.568359
2.587891
2.534180
2.553711
2.578125
2.607422
2.592773
2.578125
2.583008
2.592773
2.587891
2.612305
2.578125
2.573242
2.607422
2.587891
2.583008
2.597656
2.602539
2.587891
2.592773
2.612305
2.558594
2.587891
2.568359
2.617188
2.578125
2.583008
2.578125
2.573242
2.592773
2.612305
2.587891
2.587891
2.578125
2.543945
2.573242
2.553711
2.563477
2.543945
2.543945
2.558594
2.583008
2.563477
2.583008
2.539062
2.553711
2.563477
2.573242
2.558594
2.553711
2.607422
2.622070
2.607422
2.592773
2.592773
2.592773
2.563477
2.573242
2.587891
2.568359
2.558594
2.553711
2.568359
2.558594
2.553711
2.553711
2.548828
2.534180
2.558594
2.548828
2.529297
2.534180
2.524414
2.543945
2.548828
2.539062
2.529297
2.548828
2.543945
2.563477
2.529297
2.524414
2.509766
2.504883
2.539062
2.534180
2.539062
2.563477
2.514648
2.529297
2.534180
2.524414
2.539062
2.573242
2.563477
2.578125
2.592773
2.539062
2.558594
2.539062
2.529297
2.553711
2.539062
2.519531
2.495117
2.543945
2.470703
2.495117
2.480469
2.519531
2.495117
2.495117
2.490234
2.490234
2.519531
2.509766
2.470703
2.485352
2.495117
2.480469
2.500000
2.490234
2.495117
2.500000
2.529297
2.485352
2.504883
2.485352
2.500000
2.509766
2.529297
2.504883
2.495117
2.470703
2.534180
2.495117
2.514648
2.495117
2.485352
2.534180
2.504883
2.500000
2.514648
2.495117
2.573242
2.504883
2.490234
2.539062
2.524414
2.500000
2.519531
2.519531
2.480469
2.504883
2.534180
2.490234
2.548828
2.539062
2.534180
2.529297
2.553711
2.534180
2.529297
2.529297
2.563477
2.548828
2.524414
2.543945
2.553711
2.539062
2.578125
2.529297
2.602539
2.534180
2.568359
2.587891
2.543945
2.529297
2.587891
2.563477
2.573242
2.587891
2.563477
2.563477
2.558594
2.587891
2.563477
2.543945
2.563477
2.587891
2.583008
2.583008
2.568359
2.597656
2.602539
2.524414
2.539062
2.534180
2.553711
2.548828
2.553711
2.558594
2.539062
2.543945
2.563477
2.573242
2.597656
2.597656
2.563477
2.553711
2.563477
2.548828
2.563477
2.573242
2.592773
2.553711
2.578125
2.573242
2.607422
2.573242
2.592773
2.587891
2.578125
2.573242
2.617188
2.587891
2.617188
2.578125
2.592773
2.602539
2.583008
2.607422
2.612305
2.573242
2.592773
2.578125
2.578125
2.573242
2.622070
2.578125
2.578125
2.592773
2.553711
2.587891
2.558594
2.553711
2.539062
2.495117
2.539062
2.587891
2.548828
2.573242
2.563477
2.573242
2.573242
2.597656
2.573242
2.573242
2.592773
2.578125
2.573242
2.578125
2.578125
2.573242
2.568359
2.568359
2.573242
2.563477
2.587891
2.578125
2.563477
2.548828
2.568359
2.568359
2.563477
2.558594
2.563477
2.553711
2.563477
2.534180
2.553711
2.558594
2.524414
2.539062
2.534180
2.539062
2.539062
2.524414
2.490234
2.539062
2.558594
2.568359
2.514648
2.553711
2.539062
2.534180
2.539062
2.568359
2.539062
2.607422
2.563477
2.553711
2.573242
2.573242
2.553711
2.553711
2.529297
2.524414
2.558594
2.563477
2.529297
2.534180
2.490234
2.524414
2.519531
2.519531
2.524414
2.514648
2.509766
2.529297
2.519531
2.514648
2.519531
2.519531
2.514648
2.495117
2.495117
2.500000
2.514648
2.529297
2.524414
2.534180
2.524414
2.534180
2.524414
2.539062
2.539062
2.519531
2.534180
2.539062
2.514648
2.529297
2.539062
2.539062
2.519531
2.587891
2.573242
2.607422
2.524414
2.539062
2.534180
2.519531
2.539062
2.524414
2.534180
2.543945
2.500000
2.529297
2.519531
2.534180
2.519531
2.524414
2.539062
2.514648
2.534180
2.509766
2.524414
2.529297
2.509766
2.539062
2.548828
2.539062
2.495117
2.568359
2.514648
2.534180
2.539062
2.519531
2.548828
2.539062
2.592773
2.534180
2.543945
2.573242
2.563477
2.543945
2.563477
2.524414
2.558594
2.573242
2.553711
2.563477
2.543945
2.568359
2.583008
2.578125
2.578125
2.558594
2.578125
2.543945
2.539062
2.558594
2.553711
2.519531
2.558594
2.583008
2.578125
2.534180
2.587891
2.543945
2.548828
2.563477
2.553711
2.558594
2.587891
2.563477
2.587891
2.578125
2.563477
2.578125
2.583008
2.587891
2.563477
2.583008
2.587891
2.587891
2.539062
2.597656
2.573242
2.622070
2.622070
2.573242
2.597656
2.578125
2.607422
2.607422
2.583008
2.607422
2.602539
2.622070
2.612305
2.617188
2.607422
2.641602
2.626953
2.568359
2.568359
2.563477
2.539062
2.602539
2.578125
2.583008
2.607422
2.573242
2.597656
2.597656
2.587891
2.578125
2.597656
2.592773
2.602539
2.587891
2.617188
2.607422
2.607422
2.607422
2.597656
2.592773
2.583008
2.597656
2.617188
2.602539
2.592773
2.592773
2.607422
2.592773
2.578125
2.612305
2.583008
2.587891
2.587891
2.587891
2.607422
2.587891
2.553711
2.573242
2.617188
2.612305
2.587891
2.587891
2.607422
2.597656
2.583008
2.578125
2.558594
2.548828
2.534180
2.534180
2.548828
2.543945
2.573242
2.543945
2.568359
2.583008
2.597656
2.573242
2.583008
2.553711
2.558594
2.597656
2.607422
2.597656
2.568359
2.583008
2.573242
2.592773
2.563477
2.607422
2.583008
2.573242
2.592773
2.607422
2.592773
2.612305
2.573242
2.597656
2.578125
2.548828
2.578125
2.578125
2.587891
2.587891
2.578125
2.592773
2.607422
2.587891
2.578125
2.553711
2.578125
2.597656
2.587891
2.578125
2.558594
2.612305
2.573242
2.573242
2.592773
2.612305
2.641602
2.626953
2.651367
2.612305
2.626953
2.617188
2.617188
2.587891
2.622070
2.592773
2.587891
2.617188
2.607422
2.578125
2.563477
2.612305
2.602539
2.578125
2.602539
2.578125
2.568359
2.587891
2.592773
2.563477
2.548828
2.558594
2.558594
2.583008
2.592773
2.578125
2.563477
2.573242
2.607422
2.568359
2.612305
2.578125
2.592773
2.587891
2.587891
2.568359
2.587891
2.602539
2.563477
2.617188
2.592773
2.583008
2.612305
2.626953
2.622070
2.641602
2.607422
2.631836
2.612305
2.602539
2.607422
2.573242
2.568359
2.612305
2.597656
2.558594
2.548828
2.587891
2.602539
2.587891
2.583008
2.583008
2.587891
2.602539
2.558594
2.607422
2.568359
2.553711
2.583008
2.563477
2.587891
2.563477
2.607422
2.587891
2.563477
2.607422
2.563477
2.587891
2.583008
2.543945
2.568359
2.587891
2.592773
2.563477
2.578125
2.597656
2.573242
2.626953
2.602539
2.573242
2.597656
2.602539
2.631836
2.597656
2.631836
2.602539
2.587891
2.612305
2.592773
2.568359
2.568359
2.578125
2.573242
2.592773
2.602539
2.568359
2.573242
2.587891
2.592773
2.597656
2.597656
2.592773
2.583008
2.607422
2.587891
2.597656
2.578125
2.617188
2.583008
2.617188
2.612305
2.602539
2.617188
2.587891
2.612305
2.622070
2.597656
2.602539
2.597656
2.622070
2.612305
2.592773
2.626953
2.617188
2.617188
2.602539
2.636719
2.607422
2.597656
2.563477
2.587891
2.636719
2.602539
2.563477
2.553711
2.558594
2.534180
2.558594
2.548828
2.524414
2.563477
2.539062
2.568359
2.563477
2.573242
2.568359
2.548828
2.597656
2.543945
2.568359
2.548828
2.578125
2.558594
2.563477
2.568359
2.563477
2.578125
2.563477
2.578125
2.587891
2.573242
2.597656
2.573242
2.558594
2.563477
2.568359
2.563477
2.548828
2.578125
2.583008
2.587891
2.548828
2.553711
2.573242
2.548828
2.553711
2.563477
2.558594
2.539062
2.543945
2.573242
2.519531
2.534180
2.495117
2.485352
2.500000
2.514648
2.500000
2.500000
2.524414
2.539062
2.514648
2.558594
2.573242
2.529297
2.587891
2.558594
2.568359
2.548828
2.534180
2.534180
2.558594
2.553711
2.548828
2.524414
2.519531
2.553711
2.553711
2.543945
2.504883
2.509766
2.519531
2.543945
2.543945
2.509766
2.524414
2.529297
2.524414
2.539062
2.514648
2.490234
2.524414
2.500000
2.534180
2.524414
2.509766
2.524414
2.519531
2.495117
2.509766
2.524414
2.543945
2.514648
2.534180
2.529297
2.534180
2.548828
2.553711
2.539062
2.563477
2.543945
2.568359
2.558594
2.539062
2.563477
2.514648
2.539062
2.534180
2.529297
2.519531
2.500000
2.539062
2.504883
2.509766
2.514648
2.529297
2.519531
2.524414
2.524414
2.548828
2.509766
2.509766
2.543945
2.485352
2.529297
2.495117
2.514648
2.519531
2.504883
2.529297
2.514648
2.509766
2.524414
2.509766
2.514648
2.504883
2.495117
2.534180
2.539062
2.509766
2.504883
2.529297
2.548828
2.539062
2.553711
2.514648
2.578125
2.543945
2.568359
2.543945
2.509766
2.543945
2.548828
2.514648
2.514648
2.504883
2.534180
2.514648
2.539062
2.524414
2.485352
2.504883
2.504883
2.509766
2.524414
2.504883
2.500000
2.490234
2.514648
2.509766
2.519531
2.509766
2.485352
2.529297
2.500000
2.500000
2.509766
2.514648
2.519531
2.543945
2.480469
2.548828
2.534180
2.490234
2.534180
2.509766
2.524414
2.534180
2.514648
2.534180
2.509766
2.519531
2.543945
2.524414
2.548828
2.524414
2.524414
2.553711
2.519531
2.524414
2.539062
2.548828
2.524414
2.514648
2.495117
2.500000
2.519531
2.534180
2.543945
2.524414
2.514648
2.524414
2.568359
2.568359
2.524414
2.548828
2.563477
2.573242
2.573242
2.587891
2.548828
2.553711
2.558594
2.578125
2.578125
2.568359
2.563477
2.597656
2.543945
2.568359
2.587891
2.587891
2.587891
2.583008
2.573242
2.578125
2.563477
2.568359
2.587891
2.578125
2.587891
2.573242
2.587891
2.558594
2.529297
2.514648
2.529297
2.519531
2.519531
2.509766
2.558594
2.543945
2.558594
2.539062
2.578125
2.568359
2.553711
2.553711
2.568359
2.568359
2.578125
2.558594
2.592773
2.592773
2.607422
2.558594
2.578125
2.563477
2.578125
2.592773
2.583008
2.548828
2.607422
2.573242
2.568359
2.592773
2.563477
2.578125
2.578125
2.558594
2.583008
2.563477
2.592773
2.612305
2.563477
2.573242
2.587891
2.558594
2.583008
2.568359
2.563477
2.568359
2.548828
2.539062
2.534180
2.514648
2.519531
2.568359
2.529297
2.558594
2.563477
2.563477
2.578125
2.587891
2.568359
2.548828
2.617188
2.592773
2.578125
2.568359
2.626953
2.558594
2.592773
2.563477
2.597656
2.573242
2.587891
2.602539
2.573242
2.578125
2.592773
2.597656
2.597656
2.568359
2.578125
2.563477
2.563477
2.587891
2.587891
2.563477
2.578125
2.587891
2.602539
2.592773
2.587891
2.578125
2.573242
2.558594
2.573242
2.573242
2.548828
2.558594
2.553711
2.583008
2.612305
2.612305
2.626953
2.617188
2.631836
2.626953
2.602539
2.626953
2.617188
2.612305
2.612305
2.578125
2.592773
2.597656
2.617188
2.592773
2.578125
2.597656
2.573242
2.573242
2.617188
2.578125
2.607422
2.592773
2.578125
2.592773
2.558594
2.592773
2.578125
2.602539
2.558594
2.578125
2.578125
2.592773
2.573242
2.592773
2.583008
2.578125
2.607422
2.578125
2.578125
2.597656
2.602539
2.583008
2.573242
2.587891
2.563477
2.578125
2.612305
2.631836
2.607422
2.587891
2.626953
2.631836
2.597656
2.617188
2.597656
2.553711
2.636719
2.602539
2.612305
2.563477
2.587891
2.597656
2.578125
2.587891
2.578125
2.568359
2.563477
2.553711
2.568359
2.548828
2.568359
2.568359
2.568359
2.553711
2.553711
2.583008
2.602539
2.558594
2.583008
2.578125
2.592773
2.578125
2.578125
2.563477
2.563477
2.587891
2.563477
2.607422
2.573242
2.563477
2.568359
2.592773
2.587891
2.587891
2.592773
2.592773
2.612305
2.631836
2.622070
2.587891
2.622070
2.573242
2.578125
2.602539
2.553711
2.548828
2.592773
2.568359
2.573242
2.607422
2.592773
2.583008
2.558594
2.568359
2.578125
2.602539
2.617188
2.583008
2.612305
2.597656
2.587891
2.597656
2.617188
2.626953
2.626953
2.607422
2.636719
2.646484
2.626953
2.626953
2.631836
2.626953
2.651367
2.656250
2.626953
2.622070
2.631836
2.617188
2.602539
2.631836
2.622070
2.597656
2.626953
2.622070
2.592773
2.641602
2.631836
2.587891
2.573242
2.558594
2.573242
2.568359
2.553711
2.597656
2.597656
2.587891
2.592773
2.617188
2.592773
2.631836
2.617188
2.631836
2.602539
2.602539
2.641602
2.631836
2.636719
2.612305
2.622070
2.617188
2.636719
2.617188
2.617188
2.612305
2.592773
2.636719
2.636719
2.617188
2.587891
2.607422
2.568359
2.622070
2.622070
2.631836
2.617188
2.607422
2.617188
2.617188
2.592773
2.612305
2.568359
2.626953
2.597656
2.592773
2.617188
2.612305
2.597656
2.578125
2.539062
2.539062
2.578125
2.587891
2.587891
2.592773
2.563477
2.622070
2.607422
2.646484
2.641602
2.631836
2.592773
2.622070
2.607422
2.587891
2.578125
2.597656
2.592773
2.587891
2.592773
2.602539
2.607422
2.592773
2.587891
2.607422
2.573242
2.587891
2.587891
2.583008
2.568359
2.587891
2.587891
2.583008
2.602539
2.563477
2.583008
2.568359
2.592773
2.553711
2.578125
2.573242
2.587891
2.587891
2.578125
2.563477
2.573242
2.568359
2.563477
2.573242
2.602539
2.578125
2.617188
2.646484
2.617188
2.626953
2.607422
2.597656
2.641602
2.602539
2.597656
2.583008
2.573242
2.558594
2.578125
2.558594
2.553711
2.568359
2.587891
2.563477
2.587891
2.553711
2.568359
2.553711
2.548828
2.558594
2.558594
2.568359
2.558594
2.553711
2.558594
2.539062
2.578125
2.558594
2.524414
2.548828
2.534180
2.524414
2.539062
2.543945
2.539062
2.558594
2.534180
2.558594
2.592773
2.563477
2.558594
2.553711
2.587891
2.578125
2.612305
2.592773
2.558594
2.587891
2.578125
2.587891
2.578125
2.553711
2.563477
2.529297
2.529297
2.543945
2.548828
2.524414
2.534180
2.539062
2.529297
2.539062
2.529297
2.558594
2.519531
