2.412109
1.464844
-0.126953
-1.708984
-3.007812
-3.862305
-4.023438
-3.608398
-2.695312
-1.225586
0.517578
2.451172
4.414062
6.191406
7.656250
8.671875
9.116211
9.008789
8.281250
7.036133
5.478516
3.549805
1.547852
-0.395508
-1.992188
-3.251953
-3.935547
-4.028320
-3.520508
-2.456055
-0.981445
0.825195
2.768555
4.711914
6.494141
7.880859
8.808594
9.165039
8.964844
8.164062
6.850586
5.156250
3.217773
1.210938
-0.649414
-2.246094
-3.359375
-3.945312
-3.940430
-3.339844
-2.197266
-0.639648
1.166992
3.144531
5.078125
6.762695
8.081055
8.930664
9.199219
8.901367
8.017578
6.601562
4.887695
3.417969
2.763672
2.514648
2.490234
2.573242
2.602539
2.617188
2.592773
2.612305
2.539062
2.563477
2.534180
2.553711
2.558594
2.578125
2.597656
2.617188
2.602539
2.622070
2.602539
2.622070
2.578125
2.578125
2.573242
2.563477
2.578125
2.597656
2.573242
2.612305
2.553711
2.568359
2.587891
2.622070
2.587891
2.553711
2.578125
2.592773
2.578125
2.563477
2.578125
2.578125
2.583008
2.597656
2.612305
2.592773
2.612305
2.592773
2.563477
2.587891
2.587891
2.558594
2.592773
2.558594
2.558594
2.583008
2.583008
2.563477
2.514648
2.548828
2.539062
2.514648
2.578125
2.524414
2.524414
2.553711
2.563477
2.583008
2.573242
2.558594
2.573242
2.592773
2.553711
2.563477
2.563477
2.587891
2.587891
2.597656
2.568359
2.568359
2.568359
2.578125
2.587891
2.573242
2.558594
2.553711
2.543945
2.583008
2.563477
2.563477
2.558594
2.563477
2.573242
2.553711
2.553711
2.553711
2.548828
2.558594
2.543945
2.563477
2.543945
2.524414
2.534180
2.539062
2.558594
2.529297
2.568359
2.539062
2.509766
2.553711
2.573242
2.553711
2.583008
2.573242
2.553711
2.592773
2.597656
2.607422
2.602539
2.563477
2.587891
2.543945
2.583008
2.543945
2.548828
2.573242
2.558594
2.563477
2.543945
2.534180
2.568359
2.524414
2.524414
2.524414
2.543945
2.519531
2.539062
2.553711
2.534180
2.534180
2.514648
2.534180
2.558594
2.534180
2.534180
2.529297
2.519531
2.563477
2.539062
2.495117
2.509766
2.529297
2.543945
2.514648
2.563477
2.529297
2.553711
2.563477
2.573242
2.612305
2.612305
2.607422
2.602539
2.578125
2.553711
2.548828
2.553711
2.558594
2.539062
2.524414
2.534180
2.519531
2.548828
2.509766
2.519531
2.524414
2.514648
2.539062
2.529297
2.534180
2.509766
2.568359
2.539062
2.519531
2.558594
2.539062
2.539062
2.553711
2.534180
2.529297
2.553711
2.509766
2.548828
2.553711
2.543945
2.539062
2.534180
2.539062
2.534180
2.553711
2.524414
2.534180
2.534180
2.553711
2.578125
2.543945
2.543945
2.553711
2.553711
2.563477
2.578125
2.548828
2.543945
2.573242
2.568359
2.534180
2.558594
2.529297
2.563477
2.534180
2.543945
2.568359
2.563477
2.548828
2.563477
2.534180
2.534180
2.578125
2.578125
2.558594
2.543945
2.602539
2.563477
2.563477
2.573242
2.592773
2.563477
2.568359
2.607422
2.597656
2.587891
2.573242
2.587891
2.602539
2.597656
2.597656
2.597656
2.597656
2.592773
2.597656
2.602539
2.573242
2.573242
2.631836
2.612305
2.612305
2.607422
2.617188
2.597656
2.563477
2.558594
2.553711
2.509766
2.524414
2.553711
2.534180
2.578125
2.568359
2.597656
2.587891
2.583008
2.583008
2.553711
2.587891
2.587891
2.592773
2.558594
2.563477
2.612305
2.573242
2.592773
2.573242
2.607422
2.539062
2.587891
2.592773
2.563477
2.607422
2.617188
2.607422
2.607422
2.558594
2.597656
2.587891
2.568359
2.583008
2.543945
2.602539
2.607422
2.578125
2.592773
2.587891
2.583008
2.592773
2.583008
2.573242
2.558594
2.563477
2.592773
2.519531
2.504883
2.529297
2.543945
2.539062
2.539062
2.558594
2.548828
2.568359
2.602539
2.592773
2.583008
2.573242
2.597656
2.563477
2.587891
2.563477
2.592773
2.592773
2.568359
2.578125
2.583008
2.573242
2.597656
2.573242
2.568359
2.563477
2.583008
2.592773
2.573242
2.583008
2.578125
2.563477
2.568359
2.568359
2.578125
2.548828
2.573242
2.568359
2.578125
2.558594
2.553711
2.563477
2.592773
2.514648
2.573242
2.558594
2.563477
2.553711
2.529297
2.558594
2.578125
2.592773
2.602539
2.587891
2.617188
2.602539
2.602539
2.626953
2.578125
2.573242
2.578125
2.597656
2.578125
2.597656
2.578125
2.573242
2.558594
2.558594
2.587891
2.553711
2.543945
2.558594
2.553711
2.553711
2.558594
2.578125
2.563477
2.568359
2.529297
2.514648
2.587891
2.524414
2.543945
2.563477
2.543945
2.563477
2.563477
2.548828
2.568359
2.558594
2.558594
2.548828
2.578125
2.548828
2.563477
2.578125
2.548828
2.548828
2.597656
2.592773
2.597656
2.622070
2.592773
2.578125
2.592773
2.568359
2.578125
2.592773
2.568359
2.539062
2.534180
2.543945
2.543945
2.543945
2.539062
2.519531
2.539062
2.539062
2.563477
2.607422
2.548828
2.553711
2.563477
2.568359
2.534180
2.553711
2.558594
2.529297
2.539062
2.514648
2.539062
2.539062
2.529297
2.578125
2.558594
2.529297
2.558594
2.543945
2.558594
2.558594
2.543945
2.553711
2.543945
2.568359
2.563477
2.563477
2.543945
2.568359
2.568359
2.612305
2.553711
2.568359
2.563477
2.558594
2.539062
2.553711
2.539062
2.543945
2.573242
2.592773
2.543945
2.534180
2.558594
2.597656
2.563477
2.587891
2.587891
2.553711
2.597656
2.573242
2.563477
2.578125
2.587891
2.597656
2.602539
2.607422
2.568359
2.597656
2.587891
2.597656
2.622070
2.592773
2.626953
2.578125
2.607422
2.617188
2.597656
2.602539
2.612305
2.607422
2.626953
2.617188
2.626953
2.636719
2.626953
2.617188
2.578125
2.617188
2.612305
2.573242
2.548828
2.553711
2.563477
2.583008
2.558594
2.563477
2.617188
2.558594
2.587891
2.563477
2.607422
2.607422
2.612305
2.602539
2.607422
2.573242
2.587891
2.622070
2.568359
2.568359
2.578125
2.563477
2.641602
2.597656
2.573242
2.558594
2.587891
2.578125
2.612305
2.607422
2.597656
2.587891
2.607422
2.602539
2.563477
2.587891
2.592773
2.607422
2.602539
2.573242
2.592773
2.587891
2.578125
2.573242
2.573242
2.573242
2.563477
2.592773
2.534180
2.514648
2.534180
2.563477
2.558594
2.587891
2.553711
2.548828
2.563477
2.602539
2.597656
2.597656
2.539062
2.553711
2.592773
2.622070
2.592773
2.563477
2.573242
2.597656
2.597656
2.573242
2.578125
2.592773
2.573242
2.583008
2.543945
2.539062
2.553711
2.558594
2.573242
2.583008
2.558594
2.558594
2.587891
2.592773
2.587891
2.573242
2.543945
2.573242
2.558594
2.558594
2.563477
2.534180
2.553711
2.602539
2.592773
2.553711
2.558594
2.558594
2.563477
2.563477
2.587891
2.578125
2.622070
2.607422
2.602539
2.622070
2.597656
2.597656
2.602539
2.578125
2.553711
2.592773
2.558594
2.558594
2.573242
2.587891
2.543945
2.563477
2.539062
2.548828
2.539062
2.543945
2.548828
2.534180
2.548828
2.539062
2.534180
2.587891
2.573242
2.529297
2.519531
2.543945
2.543945
2.563477
2.558594
2.524414
2.539062
2.573242
2.558594
2.539062
2.548828
2.558594
2.578125
2.553711
2.583008
2.592773
2.563477
2.568359
2.607422
2.578125
2.602539
2.587891
2.602539
2.597656
2.573242
2.573242
2.568359
2.543945
2.553711
2.534180
2.519531
2.534180
2.543945
2.539062
2.558594
2.524414
2.529297
2.543945
2.509766
2.548828
2.534180
2.529297
2.553711
2.548828
2.543945
2.539062
2.534180
2.563477
2.543945
2.548828
2.529297
2.539062
2.529297
2.543945
2.548828
2.524414
2.543945
2.573242
2.553711
2.563477
2.534180
2.524414
2.558594
2.509766
2.548828
2.553711
2.539062
2.558594
2.553711
2.573242
2.573242
2.558594
2.583008
2.553711
2.539062
2.543945
2.539062
2.539062
2.558594
2.543945
2.539062
2.583008
2.558594
2.529297
2.563477
2.509766
2.529297
2.578125
2.578125
2.553711
2.558594
2.529297
2.558594
2.573242
2.553711
2.578125
2.573242
2.583008
2.568359
2.573242
2.573242
2.578125
2.583008
2.617188
2.587891
2.587891
2.578125
2.602539
2.592773
2.607422
2.592773
2.573242
2.617188
2.622070
2.607422
2.573242
2.597656
2.592773
2.602539
2.568359
2.558594
2.543945
2.519531
2.529297
2.534180
2.553711
2.553711
2.553711
2.587891
2.553711
2.583008
2.573242
2.573242
2.602539
2.573242
2.553711
2.583008
2.597656
2.597656
2.568359
2.602539
2.597656
2.587891
2.509766
2.539062
2.583008
2.602539
2.583008
2.573242
2.607422
2.587891
2.573242
2.597656
2.578125
2.568359
2.578125
2.573242
2.553711
2.568359
2.583008
2.597656
2.587891
2.592773
2.578125
2.592773
2.558594
2.558594
2.587891
2.543945
2.543945
2.460938
2.509766
2.534180
2.543945
2.539062
2.543945
2.578125
2.583008
2.573242
2.578125
2.578125
2.553711
2.563477
2.563477
2.587891
2.578125
2.563477
2.612305
2.553711
2.587891
2.583008
2.543945
2.573242
2.558594
2.548828
2.583008
2.553711
2.548828
2.573242
2.568359
2.553711
2.568359
2.563477
2.553711
2.583008
2.568359
2.539062
2.563477
2.573242
2.573242
2.534180
2.563477
2.558594
2.553711
2.592773
2.573242
2.519531
2.563477
2.534180
2.543945
2.529297
2.578125
2.602539
2.607422
2.568359
2.597656
2.602539
2.587891
2.592773
2.607422
2.573242
2.578125
2.592773
2.578125
2.558594
2.573242
2.548828
2.553711
2.553711
2.543945
2.543945
2.558594
2.558594
2.563477
2.587891
2.519531
2.553711
2.578125
2.573242
2.548828
2.548828
2.534180
2.563477
2.529297
2.597656
2.543945
2.539062
2.514648
2.543945
2.563477
2.529297
2.534180
2.534180
2.539062
2.548828
2.534180
2.543945
2.548828
2.568359
2.592773
2.583008
2.592773
2.592773
2.583008
2.534180
2.563477
2.568359
2.568359
2.568359
2.558594
2.529297
2.539062
2.553711
2.529297
2.519531
2.539062
2.500000
2.529297
2.529297
2.529297
2.548828
2.534180
2.524414
2.534180
2.573242
2.524414
2.529297
2.548828
2.543945
2.543945
2.534180
2.534180
2.573242
2.543945
2.568359
2.514648
2.539062
2.558594
2.539062
2.568359
2.563477
2.519531
2.563477
2.587891
2.558594
2.558594
2.558594
2.578125
2.578125
2.568359
2.607422
2.553711
2.568359
2.558594
2.558594
2.548828
2.578125
2.568359
2.568359
2.534180
2.529297
2.539062
2.563477
2.568359
2.548828
2.553711
2.587891
2.539062
2.583008
2.563477
2.558594
2.553711
2.612305
2.563477
2.587891
2.583008
2.592773
2.592773
2.592773
2.587891
2.592773
2.573242
2.612305
2.578125
2.587891
2.578125
2.592773
2.592773
2.597656
2.578125
2.612305
2.592773
2.592773
2.573242
2.587891
2.602539
2.617188
2.617188
2.597656
2.607422
2.558594
2.539062
2.539062
2.558594
2.543945
2.548828
2.558594
2.558594
2.578125
2.602539
2.583008
2.573242
2.568359
2.592773
2.597656
2.583008
2.607422
2.636719
2.587891
2.553711
2.617188
2.617188
2.612305
2.617188
2.597656
2.607422
2.587891
2.612305
2.597656
2.592773
2.597656
2.568359
2.568359
2.573242
2.587891
2.602539
2.573242
2.602539
2.587891
2.578125
2.612305
2.573242
2.617188
2.578125
2.597656
2.592773
2.553711
2.558594
2.597656
2.529297
2.548828
2.514648
2.543945
2.539062
2.534180
2.583008
2.558594
2.587891
2.568359
2.558594
2.592773
2.607422
2.587891
2.583008
2.587891
2.592773
2.587891
2.573242
2.587891
2.578125
2.573242
2.592773
2.578125
2.583008
2.568359
2.573242
2.578125
2.587891
2.578125
2.573242
2.578125
2.553711
2.592773
2.602539
2.587891
2.583008
2.563477
2.563477
2.578125
2.563477
2.578125
2.553711
2.587891
2.563477
2.548828
2.553711
2.558594
2.553711
2.553711
2.583008
2.563477
2.583008
2.607422
2.602539
2.573242
2.631836
2.578125
2.617188
2.607422
2.597656
2.578125
2.573242
2.597656
2.573242
2.573242
2.578125
2.558594
2.563477
2.597656
2.558594
2.563477
2.558594
2.543945
2.578125
2.578125
2.548828
2.548828
2.563477
2.553711
2.543945
2.568359
2.558594
2.558594
2.592773
2.543945
2.553711
2.553711
2.558594
2.553711
2.558594
2.548828
2.529297
2.563477
2.568359
2.519531
2.573242
2.568359
2.539062
2.587891
2.617188
2.607422
2.597656
2.573242
2.617188
2.578125
2.597656
2.558594
2.568359
2.539062
2.534180
2.558594
2.548828
2.558594
2.524414
2.558594
2.548828
2.534180
2.553711
2.568359
2.563477
2.553711
2.509766
2.504883
2.568359
2.558594
2.553711
2.548828
2.548828
2.578125
2.573242
2.563477
2.534180
2.543945
2.539062
2.543945
2.568359
2.558594
2.543945
2.602539
2.558594
2.553711
2.578125
2.558594
2.558594
2.563477
2.573242
2.578125
2.543945
2.573242
2.592773
2.587891
2.587891
2.573242
2.558594
2.553711
2.548828
2.548828
2.548828
2.568359
2.534180
2.548828
2.563477
2.558594
2.578125
2.568359
2.583008
2.592773
2.539062
2.607422
2.587891
2.592773
2.578125
2.602539
2.607422
2.612305
2.597656
2.587891
2.597656
2.612305
2.602539
2.646484
2.597656
2.607422
2.607422
2.592773
2.602539
2.622070
2.626953
2.607422
2.622070
2.597656
2.597656
2.592773
2.622070
2.592773
2.602539
2.592773
2.626953
2.607422
2.583008
2.558594
2.543945
2.563477
2.573242
2.529297
2.553711
2.548828
2.563477
2.617188
2.583008
2.597656
2.563477
2.607422
2.587891
2.592773
2.568359
2.587891
2.592773
2.573242
2.602539
2.602539
2.617188
2.592773
2.568359
2.563477
2.563477
2.583008
2.607422
2.539062
2.553711
2.592773
2.607422
2.612305
2.573242
2.583008
2.636719
2.583008
2.602539
2.587891
2.578125
2.563477
2.583008
2.558594
2.548828
2.568359
2.578125
2.548828
2.563477
2.534180
2.563477
2.534180
2.539062
2.534180
2.524414
2.548828
2.534180
2.573242
2.558594
2.587891
2.568359
2.607422
2.583008
2.563477
2.573242
2.597656
2.573242
2.573242
2.578125
2.573242
2.558594
2.568359
2.553711
2.563477
2.553711
2.568359
2.558594
2.568359
2.553711
2.573242
2.573242
2.587891
2.543945
2.573242
2.563477
2.558594
2.578125
2.548828
2.553711
2.568359
2.553711
2.558594
2.592773
2.578125
2.563477
2.558594
2.548828
2.568359
2.573242
2.534180
2.553711
2.583008
2.592773
2.607422
2.587891
2.626953
2.578125
2.597656
2.612305
2.597656
2.578125
2.573242
2.578125
2.578125
2.597656
2.578125
2.558594
2.573242
2.568359
2.524414
2.539062
2.553711
2.568359
2.587891
2.568359
2.563477
2.539062
2.573242
2.573242
2.529297
2.539062
2.539062
2.524414
2.529297
2.539062
2.553711
2.509766
2.553711
2.578125
2.524414
2.573242
2.553711
2.548828
2.539062
2.534180
2.539062
2.563477
2.519531
2.592773
2.568359
2.558594
2.617188
2.587891
2.587891
2.558594
2.553711
2.592773
2.573242
2.558594
2.558594
2.519531
2.534180
2.563477
2.539062
2.543945
2.543945
2.548828
2.519531
2.524414
2.534180
2.543945
2.519531
2.543945
2.543945
2.539062
2.529297
2.539062
2.543945
2.534180
2.524414
2.519531
2.524414
2.534180
2.543945
2.539062
2.568359
2.539062
2.558594
2.563477
2.534180
2.587891
2.529297
2.543945
2.568359
2.558594
2.548828
2.553711
2.519531
2.543945
2.583008
2.548828
2.578125
2.509766
2.519531
2.539062
2.534180
2.543945
2.524414
2.543945
2.573242
2.504883
2.558594
2.568359
2.553711
2.534180
2.583008
2.543945
2.553711
2.583008
2.568359
2.558594
2.573242
2.573242
2.573242
2.558594
2.587891
2.587891
2.587891
2.573242
2.587891
2.592773
2.607422
2.578125
2.597656
2.592773
2.592773
2.607422
2.587891
2.612305
2.587891
2.578125
2.553711
2.607422
2.607422
2.592773
2.597656
2.568359
2.602539
2.617188
2.568359
2.553711
2.573242
2.539062
2.539062
2.573242
2.548828
2.563477
2.573242
2.592773
2.553711
2.563477
2.578125
2.563477
2.578125
2.587891
2.563477
2.583008
2.587891
2.578125
2.578125
2.612305
2.592773
2.592773
2.553711
2.587891
2.548828
2.563477
2.617188
2.563477
2.578125
2.597656
2.558594
2.573242
2.578125
2.558594
2.573242
2.602539
2.592773
2.612305
2.602539
2.568359
2.558594
2.578125
2.583008
2.563477
2.583008
2.558594
2.592773
2.563477
2.534180
2.524414
2.524414
2.524414
2.509766
2.558594
2.548828
2.548828
2.548828
2.573242
2.543945
2.563477
2.553711
2.612305
2.592773
2.592773
2.592773
2.587891
2.587891
2.578125
2.563477
2.592773
2.583008
2.587891
2.583008
2.592773
2.578125
2.563477
2.553711
2.597656
2.563477
2.587891
2.573242
2.553711
2.563477
2.553711
2.573242
2.563477
2.573242
2.563477
2.558594
2.543945
2.578125
2.583008
2.548828
2.539062
2.514648
2.548828
2.558594
2.553711
2.529297
2.529297
2.573242
2.573242
2.587891
2.597656
2.592773
2.558594
2.573242
2.597656
2.578125
2.612305
2.592773
2.578125
2.602539
2.587891
2.558594
2.592773
2.558594
2.558594
2.578125
2.553711
2.573242
2.534180
2.558594
2.548828
2.529297
2.539062
2.568359
2.558594
2.573242
2.534180
2.553711
2.539062
2.558594
2.553711
2.592773
2.529297
2.534180
2.563477
2.553711
2.573242
2.587891
2.573242
2.553711
2.587891
2.548828
2.573242
2.568359
2.578125
2.573242
2.583008
2.612305
2.597656
2.578125
2.597656
2.607422
2.548828
2.583008
2.592773
2.578125
2.534180
2.548828
2.558594
2.524414
2.553711
2.553711
2.553711
2.553711
2.578125
2.568359
2.529297
2.592773
2.578125
2.573242
2.539062
2.543945
2.553711
2.558594
2.553711
2.578125
2.553711
2.543945
2.534180
2.558594
2.563477
2.558594
2.553711
2.539062
2.573242
2.539062
2.578125
2.539062
2.573242
2.563477
2.553711
2.573242
2.543945
2.558594
2.573242
2.573242
2.597656
2.592773
2.558594
2.578125
2.539062
2.553711
2.548828
2.529297
2.543945
2.553711
2.548828
2.553711
2.578125
2.548828
2.563477
2.583008
2.592773
2.573242
2.553711
2.573242
2.568359
2.563477
2.578125
2.587891
2.558594
2.573242
2.587891
2.597656
2.587891
2.578125
2.592773
2.568359
2.573242
2.607422
2.622070
2.612305
2.587891
2.578125
2.612305
2.636719
2.578125
2.563477
2.617188
2.602539
2.617188
2.597656
2.578125
2.626953
2.592773
2.578125
2.592773
2.543945
2.563477
2.548828
2.543945
2.558594
2.563477
2.553711
2.587891
2.578125
2.578125
2.592773
2.568359
2.592773
2.553711
2.573242
2.583008
2.583008
2.597656
2.607422
2.578125
2.592773
2.573242
2.573242
2.583008
2.573242
2.607422
2.563477
2.583008
2.592773
2.583008
2.548828
2.573242
2.592773
2.587891
2.592773
2.587891
2.568359
2.578125
2.597656
2.592773
2.563477
2.587891
2.563477
2.602539
2.597656
2.592773
2.568359
2.563477
2.563477
2.573242
2.534180
2.553711
2.548828
2.558594
2.563477
2.563477
2.583008
2.578125
2.592773
2.568359
2.607422
2.602539
2.583008
2.563477
2.578125
2.578125
2.602539
2.587891
2.583008
2.573242
2.563477
2.617188
2.587891
2.573242
2.573242
2.578125
2.548828
2.563477
2.578125
2.563477
2.583008
2.553711
2.548828
2.587891
2.558594
2.558594
2.553711
2.573242
2.534180
2.548828
2.543945
2.529297
2.568359
2.534180
2.563477
2.578125
2.558594
2.568359
2.524414
2.534180
2.548828
2.592773
2.607422
2.602539
2.607422
2.597656
2.592773
2.617188
2.587891
2.578125
2.573242
2.563477
2.573242
2.563477
2.553711
2.563477
2.563477
2.558594
2.539062
2.578125
2.548828
2.563477
2.524414
2.539062
2.563477
2.558594
2.543945
2.548828
2.548828
2.563477
2.524414
2.539062
2.563477
2.573242
2.509766
2.504883
2.524414
2.578125
2.524414
2.558594
2.543945
2.524414
2.548828
2.553711
2.553711
2.583008
2.558594
2.578125
2.563477
2.597656
2.578125
2.587891
2.568359
2.597656
2.568359
2.548828
2.524414
2.553711
2.539062
2.558594
2.543945
2.539062
2.558594
2.539062
2.543945
2.553711
2.514648
2.524414
2.504883
2.543945
2.539062
2.519531
2.548828
2.548828
2.529297
2.539062
2.558594
2.519531
2.539062
2.543945
2.558594
2.529297
2.573242
2.573242
2.534180
2.587891
2.553711
2.539062
2.587891
2.587891
2.548828
2.509766
2.539062
2.558594
2.553711
2.529297
2.548828
2.558594
2.563477
2.534180
2.573242
2.558594
2.543945
2.539062
2.524414
2.534180
2.529297
2.563477
2.553711
2.597656
2.519531
2.568359
2.548828
2.548828
2.539062
2.558594
2.568359
2.553711
2.568359
2.558594
2.568359
2.592773
2.573242
2.578125
2.592773
2.568359
