2.485352
1.669922
0.161133
-1.416016
-2.802734
-3.706055
-4.018555
-3.701172
-2.827148
-1.464844
0.214844
2.133789
4.096680
5.927734
7.470703
8.540039
9.091797
9.067383
8.461914
7.299805
5.727539
3.842773
1.835938
-0.097656
-1.762695
-3.066406
-3.872070
-4.062500
-3.686523
-2.695312
-1.230469
0.483398
2.436523
4.404297
6.210938
7.651367
8.691406
9.165039
9.018555
8.320312
7.055664
5.444336
3.540039
1.523438
-0.356445
-1.997070
-3.237305
-3.940430
-4.008789
-3.510742
-2.485352
-0.961914
0.854492
2.807617
4.736328
6.435547
7.890625
8.808594
9.174805
8.959961
8.120117
6.840820
5.151367
3.544922
2.768555
2.509766
2.451172
2.504883
2.563477
2.558594
2.548828
2.539062
2.539062
2.563477
2.519531
2.543945
2.587891
2.558594
2.578125
2.573242
2.592773
2.578125
2.592773
2.563477
2.553711
2.563477
2.558594
2.573242
2.597656
2.548828
2.563477
2.587891
2.543945
2.568359
2.583008
2.548828
2.583008
2.553711
2.568359
2.587891
2.602539
2.578125
2.543945
2.578125
2.563477
2.573242
2.563477
2.539062
2.539062
2.573242
2.553711
2.558594
2.587891
2.558594
2.597656
2.573242
2.558594
2.573242
2.587891
2.568359
2.563477
2.583008
2.573242
2.587891
2.626953
2.617188
2.631836
2.617188
2.612305
2.602539
2.622070
2.583008
2.578125
2.592773
2.587891
2.622070
2.583008
2.573242
2.597656
2.617188
2.607422
2.622070
2.617188
2.597656
2.607422
2.587891
2.602539
2.592773
2.597656
2.626953
2.597656
2.573242
2.548828
2.563477
2.578125
2.573242
2.563477
2.583008
2.597656
2.573242
2.587891
2.587891
2.587891
2.597656
2.578125
2.597656
2.592773
2.573242
2.558594
2.622070
2.592773
2.578125
2.573242
2.597656
2.583008
2.568359
2.563477
2.558594
2.573242
2.568359
2.607422
2.578125
2.563477
2.578125
2.607422
2.592773
2.558594
2.568359
2.587891
2.587891
2.587891
2.592773
2.568359
2.587891
2.573242
2.607422
2.583008
2.568359
2.578125
2.553711
2.509766
2.534180
2.529297
2.568359
2.583008
2.534180
2.597656
2.543945
2.553711
2.568359
2.563477
2.568359
2.543945
2.548828
2.597656
2.558594
2.607422
2.568359
2.583008
2.592773
2.578125
2.558594
2.578125
2.578125
2.578125
2.558594
2.563477
2.568359
2.568359
2.548828
2.558594
2.548828
2.592773
2.578125
2.573242
2.563477
2.563477
2.529297
2.583008
2.563477
2.548828
2.558594
2.553711
2.519531
2.539062
2.524414
2.539062
2.558594
2.543945
2.509766
2.568359
2.553711
2.563477
2.597656
2.592773
2.592773
2.597656
2.558594
2.617188
2.592773
2.607422
2.578125
2.607422
2.553711
2.563477
2.563477
2.583008
2.543945
2.607422
2.563477
2.553711
2.563477
2.548828
2.568359
2.524414
2.558594
2.573242
2.553711
2.568359
2.534180
2.548828
2.568359
2.553711
2.529297
2.558594
2.563477
2.548828
2.563477
2.558594
2.573242
2.558594
2.558594
2.543945
2.583008
2.607422
2.568359
2.553711
2.558594
2.563477
2.578125
2.597656
2.587891
2.612305
2.592773
2.558594
2.563477
2.602539
2.539062
2.583008
2.573242
2.553711
2.553711
2.529297
2.578125
2.607422
2.529297
2.534180
2.563477
2.558594
2.543945
2.563477
2.553711
2.553711
2.573242
2.612305
2.558594
2.597656
2.548828
2.553711
2.563477
2.578125
2.578125
2.529297
2.543945
2.534180
2.548828
2.558594
2.597656
2.539062
2.563477
2.578125
2.553711
2.539062
2.578125
2.543945
2.543945
2.529297
2.558594
2.553711
2.592773
2.592773
2.548828
2.607422
2.548828
2.573242
2.573242
2.563477
2.563477
2.553711
2.573242
2.548828
2.553711
2.597656
2.553711
2.558594
2.578125
2.568359
2.543945
2.597656
2.578125
2.578125
2.583008
2.568359
2.583008
2.612305
2.592773
2.607422
2.597656
2.622070
2.597656
2.583008
2.617188
2.607422
2.568359
2.597656
2.631836
2.587891
2.607422
2.636719
2.626953
2.612305
2.617188
2.622070
2.617188
2.631836
2.592773
2.617188
2.597656
2.607422
2.602539
2.583008
2.587891
2.548828
2.548828
2.583008
2.563477
2.578125
2.543945
2.573242
2.607422
2.587891
2.583008
2.553711
2.612305
2.592773
2.602539
2.583008
2.587891
2.597656
2.617188
2.602539
2.587891
2.519531
2.602539
2.592773
2.568359
2.573242
2.587891
2.578125
2.597656
2.597656
2.592773
2.587891
2.587891
2.592773
2.573242
2.592773
2.563477
2.568359
2.602539
2.583008
2.607422
2.587891
2.563477
2.607422
2.558594
2.568359
2.563477
2.587891
2.573242
2.529297
2.553711
2.524414
2.539062
2.568359
2.539062
2.563477
2.548828
2.583008
2.568359
2.592773
2.587891
2.563477
2.578125
2.597656
2.607422
2.583008
2.592773
2.587891
2.597656
2.563477
2.597656
2.563477
2.607422
2.548828
2.583008
2.573242
2.583008
2.563477
2.558594
2.553711
2.602539
2.548828
2.607422
2.583008
2.558594
2.573242
2.558594
2.587891
2.558594
2.539062
2.558594
2.553711
2.558594
2.558594
2.563477
2.568359
2.578125
2.558594
2.563477
2.539062
2.568359
2.583008
2.578125
2.617188
2.583008
2.587891
2.597656
2.612305
2.607422
2.568359
2.607422
2.597656
2.597656
2.597656
2.543945
2.578125
2.548828
2.563477
2.607422
2.534180
2.529297
2.548828
2.558594
2.568359
2.578125
2.543945
2.578125
2.558594
2.534180
2.578125
2.509766
2.534180
2.583008
2.563477
2.558594
2.553711
2.558594
2.568359
2.563477
2.592773
2.553711
2.558594
2.573242
2.578125
2.568359
2.548828
2.587891
2.558594
2.578125
2.617188
2.612305
2.563477
2.612305
2.617188
2.597656
2.597656
2.563477
2.558594
2.573242
2.543945
2.573242
2.573242
2.583008
2.578125
2.548828
2.539062
2.548828
2.573242
2.543945
2.573242
2.529297
2.539062
2.553711
2.543945
2.539062
2.597656
2.548828
2.543945
2.543945
2.553711
2.578125
2.578125
2.548828
2.553711
2.578125
2.563477
2.548828
2.534180
2.568359
2.558594
2.553711
2.568359
2.539062
2.573242
2.548828
2.539062
2.558594
2.553711
2.573242
2.568359
2.578125
2.568359
2.578125
2.578125
2.573242
2.543945
2.563477
2.553711
2.578125
2.583008
2.543945
2.602539
2.539062
2.558594
2.568359
2.568359
2.597656
2.587891
2.558594
2.587891
2.587891
2.539062
2.592773
2.573242
2.558594
2.578125
2.583008
2.573242
2.607422
2.573242
2.563477
2.626953
2.622070
2.583008
2.592773
2.553711
2.578125
2.573242
2.607422
2.573242
2.622070
2.617188
2.602539
2.602539
2.583008
2.597656
2.617188
2.631836
2.612305
2.573242
2.597656
2.543945
2.558594
2.548828
2.529297
2.563477
2.553711
2.558594
2.568359
2.548828
2.573242
2.563477
2.597656
2.597656
2.597656
2.573242
2.592773
2.587891
2.602539
2.573242
2.578125
2.592773
2.597656
2.592773
2.558594
2.568359
2.573242
2.563477
2.592773
2.597656
2.617188
2.553711
2.592773
2.578125
2.573242
2.587891
2.578125
2.563477
2.573242
2.597656
2.568359
2.587891
2.539062
2.597656
2.558594
2.602539
2.563477
2.607422
2.558594
2.568359
2.504883
2.563477
2.529297
2.548828
2.519531
2.558594
2.553711
2.558594
2.583008
2.587891
2.578125
2.573242
2.607422
2.587891
2.568359
2.607422
2.534180
2.568359
2.587891
2.563477
2.578125
2.573242
2.558594
2.563477
2.563477
2.539062
2.563477
2.558594
2.568359
2.558594
2.578125
2.548828
2.568359
2.543945
2.563477
2.558594
2.558594
2.558594
2.558594
2.548828
2.553711
2.563477
2.563477
2.558594
2.583008
2.563477
2.573242
2.553711
2.524414
2.529297
2.597656
2.592773
2.568359
2.587891
2.607422
2.602539
2.592773
2.631836
2.617188
2.607422
2.578125
2.573242
2.573242
2.583008
2.558594
2.573242
2.534180
2.578125
2.573242
2.558594
2.573242
2.534180
2.563477
2.558594
2.543945
2.548828
2.563477
2.558594
2.578125
2.524414
2.529297
2.548828
2.524414
2.553711
2.568359
2.553711
2.558594
2.553711
2.553711
2.543945
2.548828
2.587891
2.558594
2.573242
2.602539
2.553711
2.543945
2.563477
2.578125
2.539062
2.563477
2.597656
2.578125
2.622070
2.563477
2.597656
2.563477
2.563477
2.543945
2.553711
2.563477
2.519531
2.539062
2.558594
2.539062
2.534180
2.539062
2.553711
2.573242
2.534180
2.553711
2.539062
2.543945
2.583008
2.543945
2.553711
2.514648
2.539062
2.563477
2.553711
2.548828
2.519531
2.553711
2.568359
2.543945
2.529297
2.553711
2.563477
2.553711
2.578125
2.553711
2.553711
2.563477
2.568359
2.558594
2.553711
2.548828
2.548828
2.578125
2.563477
2.558594
2.587891
2.578125
2.607422
2.568359
2.534180
2.558594
2.534180
2.548828
2.578125
2.539062
2.563477
2.568359
2.543945
2.583008
2.573242
2.548828
2.573242
2.578125
2.539062
2.587891
2.592773
2.573242
2.573242
2.602539
2.578125
2.602539
2.592773
2.597656
2.592773
2.607422
2.592773
2.617188
2.626953
2.592773
2.597656
2.617188
2.587891
2.597656
2.607422
2.602539
2.607422
2.578125
2.626953
2.587891
2.617188
2.626953
2.617188
2.617188
2.573242
2.563477
2.543945
2.548828
2.578125
2.548828
2.548828
2.573242
2.558594
2.573242
2.583008
2.573242
2.573242
2.548828
2.558594
2.617188
2.607422
2.587891
2.563477
2.622070
2.607422
2.583008
2.563477
2.563477
2.583008
2.583008
2.597656
2.563477
2.548828
2.626953
2.607422
2.597656
2.578125
2.592773
2.607422
2.578125
2.583008
2.573242
2.583008
2.573242
2.563477
2.563477
2.617188
2.578125
2.592773
2.617188
2.563477
2.558594
2.573242
2.573242
2.548828
2.558594
2.558594
2.504883
2.578125
2.553711
2.563477
2.592773
2.607422
2.592773
2.563477
2.602539
2.573242
2.568359
2.583008
2.583008
2.587891
2.583008
2.592773
2.607422
2.568359
2.573242
2.563477
2.543945
2.626953
2.553711
2.607422
2.578125
2.563477
2.578125
2.573242
2.573242
2.583008
2.578125
2.558594
2.563477
2.558594
2.539062
2.548828
2.578125
2.597656
2.563477
2.573242
2.539062
2.597656
2.578125
2.539062
2.573242
2.553711
2.587891
2.578125
2.612305
2.592773
2.602539
2.607422
2.607422
2.587891
2.617188
2.617188
2.583008
2.612305
2.573242
2.592773
2.573242
2.583008
2.587891
2.578125
2.558594
2.553711
2.558594
2.563477
2.592773
2.558594
2.529297
2.592773
2.539062
2.553711
2.558594
2.553711
2.578125
2.548828
2.539062
2.553711
2.558594
2.578125
2.578125
2.592773
2.573242
2.539062
2.558594
2.587891
2.543945
2.553711
2.563477
2.558594
2.543945
2.602539
2.529297
2.573242
2.558594
2.607422
2.612305
2.607422
2.573242
2.597656
2.563477
2.573242
2.563477
2.587891
2.607422
2.568359
2.563477
2.514648
2.548828
2.539062
2.543945
2.509766
2.524414
2.558594
2.539062
2.524414
2.553711
2.539062
2.509766
2.548828
2.573242
2.539062
2.539062
2.563477
2.578125
2.534180
2.558594
2.583008
2.553711
2.563477
2.558594
2.543945
2.578125
2.563477
2.553711
2.558594
2.543945
2.519531
2.553711
2.573242
2.587891
2.583008
2.543945
2.583008
2.583008
2.587891
2.563477
2.597656
2.573242
2.563477
2.563477
2.543945
2.553711
2.587891
2.553711
2.578125
2.563477
2.583008
2.553711
2.558594
2.578125
2.529297
2.548828
2.558594
2.578125
2.583008
2.587891
2.607422
2.578125
2.592773
2.602539
2.602539
2.592773
2.583008
2.631836
2.617188
2.587891
2.578125
2.617188
2.622070
2.612305
2.617188
2.587891
2.631836
2.583008
2.592773
2.626953
2.597656
2.597656
2.636719
2.631836
2.626953
2.602539
2.612305
2.617188
2.592773
2.543945
2.592773
2.548828
2.573242
2.543945
2.558594
2.578125
2.578125
2.597656
2.587891
2.587891
2.587891
2.602539
2.597656
2.636719
2.602539
2.607422
2.583008
2.583008
2.612305
2.587891
2.592773
2.646484
2.612305
2.587891
2.583008
2.602539
2.622070
2.573242
2.587891
2.578125
2.578125
2.597656
2.626953
2.563477
2.587891
2.568359
2.587891
2.568359
2.607422
2.626953
2.592773
2.587891
2.578125
2.573242
2.612305
2.543945
2.592773
2.602539
2.563477
2.548828
2.524414
2.563477
2.558594
2.587891
2.563477
2.563477
2.553711
2.607422
2.568359
2.592773
2.583008
2.592773
2.592773
2.592773
2.568359
2.578125
2.563477
2.558594
2.548828
2.612305
2.568359
2.558594
2.597656
2.587891
2.587891
2.573242
2.583008
2.568359
2.573242
2.568359
2.529297
2.583008
2.587891
2.558594
2.592773
2.573242
2.573242
2.573242
2.563477
2.558594
2.553711
2.563477
2.578125
2.587891
2.543945
2.553711
2.553711
2.578125
2.568359
2.568359
2.543945
2.597656
2.617188
2.622070
2.578125
2.573242
2.622070
2.597656
2.587891
2.578125
2.587891
2.563477
2.592773
2.563477
2.558594
2.578125
2.558594
2.583008
2.548828
2.558594
2.568359
2.529297
2.553711
2.578125
2.553711
2.534180
2.558594
2.539062
2.587891
2.553711
2.543945
2.558594
2.563477
2.558594
2.543945
2.553711
2.558594
2.573242
2.568359
2.568359
2.563477
2.568359
2.563477
2.563477
2.563477
2.543945
2.578125
2.548828
2.583008
2.607422
2.592773
2.602539
2.607422
2.573242
2.578125
2.578125
2.543945
2.568359
2.587891
2.573242
2.548828
2.529297
2.558594
2.568359
2.553711
2.563477
2.553711
2.548828
2.509766
2.558594
2.524414
2.563477
2.583008
2.529297
2.543945
2.568359
2.553711
2.543945
2.592773
2.548828
2.558594
2.563477
2.534180
2.558594
2.534180
2.578125
2.563477
2.587891
2.558594
2.568359
2.568359
2.558594
2.583008
2.563477
2.539062
2.568359
2.563477
2.563477
2.568359
2.602539
2.558594
2.558594
2.592773
2.539062
2.529297
2.568359
2.548828
2.558594
2.524414
2.548828
2.558594
2.548828
2.534180
2.568359
2.529297
2.548828
2.573242
2.578125
2.558594
2.563477
2.578125
2.597656
2.587891
2.578125
2.578125
2.568359
2.612305
2.607422
2.587891
2.587891
2.592773
2.587891
2.626953
2.631836
2.592773
2.612305
2.607422
2.617188
2.607422
2.602539
2.607422
2.592773
2.607422
2.602539
2.592773
2.612305
2.612305
2.617188
2.622070
2.573242
2.573242
2.543945
2.543945
2.553711
2.563477
2.534180
2.568359
2.597656
2.573242
2.587891
2.617188
2.578125
2.612305
2.563477
2.607422
2.597656
2.592773
2.626953
2.568359
2.587891
2.617188
2.617188
2.578125
2.587891
2.617188
2.578125
2.602539
2.607422
2.612305
2.578125
2.597656
2.578125
2.587891
2.626953
2.592773
2.592773
2.578125
2.592773
2.602539
2.563477
2.631836
2.543945
2.617188
2.578125
2.602539
2.578125
2.563477
2.607422
2.539062
2.529297
2.543945
2.543945
2.519531
2.568359
2.548828
2.602539
2.558594
2.587891
2.553711
2.597656
2.558594
2.573242
2.597656
2.573242
2.607422
2.573242
2.578125
2.597656
2.587891
2.583008
2.597656
2.573242
2.592773
2.568359
2.568359
2.563477
2.587891
2.583008
2.587891
2.563477
2.563477
2.597656
2.583008
2.558594
2.568359
2.553711
2.578125
2.573242
2.553711
2.558594
2.548828
2.573242
2.568359
2.558594
2.553711
2.519531
2.583008
2.578125
2.553711
2.563477
2.573242
2.597656
2.607422
2.587891
2.626953
2.578125
2.617188
2.597656
2.563477
2.573242
2.597656
2.583008
2.592773
2.597656
2.607422
2.553711
2.553711
2.568359
2.553711
2.548828
2.553711
2.548828
2.553711
2.578125
2.578125
2.568359
2.568359
2.558594
2.558594
2.553711
2.548828
2.568359
2.587891
2.539062
2.534180
2.563477
2.529297
2.548828
2.548828
2.558594
2.553711
2.568359
2.578125
2.553711
2.578125
2.558594
2.568359
2.607422
2.578125
2.612305
2.597656
2.592773
2.631836
2.587891
2.587891
2.607422
2.563477
2.568359
2.563477
2.558594
2.573242
2.553711
2.548828
2.524414
2.539062
2.558594
2.548828
2.568359
2.548828
2.578125
2.563477
2.548828
2.568359
2.553711
2.578125
2.543945
2.558594
2.514648
2.543945
2.558594
2.539062
2.539062
2.563477
2.539062
2.543945
2.578125
2.553711
2.539062
2.539062
2.548828
2.563477
2.558594
2.563477
2.587891
2.558594
2.558594
2.573242
2.583008
2.592773
2.587891
2.548828
2.578125
2.573242
2.548828
2.558594
2.558594
2.553711
2.558594
2.568359
2.568359
2.583008
2.568359
2.548828
2.597656
2.548828
2.558594
2.573242
2.573242
2.568359
2.578125
2.587891
2.612305
2.602539
2.617188
2.587891
2.587891
2.592773
2.602539
2.592773
2.592773
2.578125
2.617188
2.602539
2.583008
2.626953
2.602539
2.612305
2.622070
2.587891
2.617188
2.617188
2.607422
2.631836
2.626953
2.592773
2.617188
2.607422
2.626953
2.597656
2.578125
2.553711
2.578125
2.563477
2.529297
2.529297
2.573242
2.587891
2.592773
2.597656
2.607422
2.558594
2.592773
2.587891
2.622070
2.578125
2.602539
2.583008
2.607422
2.636719
2.597656
2.602539
2.626953
2.563477
2.587891
2.612305
2.617188
2.631836
2.592773
2.553711
2.592773
2.602539
2.573242
2.607422
2.587891
2.612305
2.553711
2.597656
2.617188
2.602539
2.597656
2.617188
2.587891
2.592773
2.587891
2.597656
2.553711
2.592773
2.597656
2.568359
2.519531
2.529297
2.519531
2.573242
2.558594
2.548828
2.558594
2.558594
2.592773
2.583008
2.573242
2.587891
2.558594
2.578125
2.602539
2.587891
2.612305
2.568359
2.597656
2.573242
2.617188
2.563477
2.592773
2.587891
2.592773
2.597656
2.597656
2.583008
2.587891
2.573242
2.587891
2.558594
2.568359
2.568359
2.563477
2.568359
2.573242
2.553711
2.587891
2.558594
2.568359
2.558594
2.587891
2.558594
2.573242
2.553711
2.578125
2.568359
2.553711
2.519531
2.558594
2.573242
2.612305
2.602539
2.617188
2.612305
2.587891
2.592773
2.641602
2.622070
2.612305
2.578125
2.597656
2.578125
2.592773
2.587891
2.587891
2.558594
2.578125
2.548828
2.592773
2.597656
2.553711
2.558594
2.563477
2.548828
2.583008
2.529297
2.563477
2.573242
2.524414
2.563477
2.548828
2.563477
2.578125
2.548828
2.592773
2.539062
2.563477
2.558594
2.543945
2.563477
2.607422
2.558594
2.573242
2.573242
2.548828
2.558594
2.568359
2.592773
2.578125
2.573242
2.602539
2.602539
2.597656
2.612305
2.568359
2.597656
2.568359
2.553711
2.573242
2.519531
2.563477
2.558594
2.534180
2.553711
2.524414
2.524414
2.539062
2.558594
2.573242
2.563477
2.539062
2.543945
2.553711
2.587891
2.553711
2.548828
2.597656
2.573242
2.578125
2.548828
2.534180
2.548828
2.573242
2.558594
2.558594
2.558594
2.558594
2.543945
2.563477
2.558594
2.558594
2.563477
2.592773
2.563477
2.539062
2.587891
2.558594
2.587891
2.583008
2.578125
2.578125
2.583008
2.568359
2.553711
2.573242
2.543945
2.578125
2.548828
2.529297
2.563477
2.573242
2.563477
2.592773
2.587891
2.563477
2.573242
2.553711
2.587891
2.573242
2.568359
2.597656
2.612305
2.573242
2.607422
2.573242
2.583008
2.583008
2.607422
2.597656
2.578125
2.587891
2.602539
2.568359
2.597656
2.607422
2.607422
2.607422
2.631836
2.612305
2.592773
2.626953
2.602539
2.622070
2.612305
2.631836
2.587891
2.631836
2.617188
2.587891
2.558594
2.539062
2.583008
2.524414
2.578125
2.568359
2.563477
2.587891
2.592773
2.592773
2.563477
2.617188
2.617188
2.587891
2.612305
2.602539
2.607422
2.622070
2.583008
2.583008
2.607422
2.631836
2.607422
2.612305
2.573242
2.573242
2.592773
2.592773
2.607422
2.597656
2.617188
2.578125
2.641602
2.607422
2.568359
2.592773
2.607422
2.587891
2.602539
2.583008
2.573242
2.587891
2.612305
2.597656
2.568359
2.592773
2.573242
2.592773
2.563477
2.568359
2.519531
2.534180
2.553711
2.539062
2.543945
2.578125
2.548828
2.602539
2.587891
2.587891
2.587891
2.573242
2.583008
2.587891
2.597656
2.553711
2.558594
2.587891
2.583008
2.573242
2.612305
2.568359
2.597656
2.592773
2.558594
2.592773
2.597656
2.587891
2.558594
2.573242
2.563477
2.578125
2.573242
2.592773
2.568359
2.563477
2.587891
2.573242
2.587891
2.534180
2.558594
2.548828
2.553711
2.573242
2.578125
2.553711
2.568359
2.543945
2.592773
2.578125
2.553711
2.602539
2.631836
2.602539
2.607422
2.607422
2.626953
2.626953
2.607422
2.607422
2.592773
2.578125
2.587891
2.583008
2.578125
2.573242
2.568359
2.617188
2.583008
2.553711
2.563477
2.587891
2.583008
2.553711
2.573242
2.563477
2.583008
2.583008
2.563477
2.519531
2.539062
2.534180
2.558594
2.548828
2.548828
2.558594
2.587891
2.583008
2.583008
2.558594
2.568359
2.563477
2.558594
2.553711
2.563477
2.558594
