2.519531
2.558594
2.548828
2.529297
2.548828
2.524414
2.495117
2.519531
2.539062
2.514648
2.514648
2.509766
2.529297
2.539062
2.519531
2.534180
2.519531
2.539062
2.490234
2.514648
2.500000
2.519531
2.504883
2.495117
2.480469
2.548828
2.504883
2.534180
2.543945
2.553711
2.558594
2.548828
2.534180
2.529297
2.529297
2.539062
2.509766
2.509766
2.500000
2.514648
2.514648
2.524414
2.514648
2.524414
2.514648
2.514648
2.514648
2.524414
2.495117
2.509766
2.514648
2.514648
2.524414
2.539062
2.495117
2.509766
2.495117
2.495117
2.529297
2.475586
2.529297
2.495117
2.509766
2.495117
2.495117
2.475586
2.519531
2.509766
2.475586
2.519531
2.485352
2.485352
2.509766
2.519531
2.519531
2.519531
2.539062
2.495117
2.514648
2.548828
2.534180
2.509766
2.539062
2.509766
2.500000
2.504883
2.539062
2.495117
2.490234
2.495117
2.490234
2.504883
2.534180
2.524414
2.524414
2.504883
2.509766
2.456055
2.514648
2.500000
2.504883
2.504883
2.485352
2.534180
2.500000
2.495117
2.490234
2.490234
2.534180
2.524414
2.480469
2.475586
2.504883
2.514648
2.509766
2.485352
2.500000
2.529297
2.534180
2.514648
2.573242
2.548828
2.548828
2.539062
2.509766
2.543945
2.509766
2.519531
2.514648
2.514648
2.495117
2.534180
2.524414
2.485352
2.504883
2.504883
2.475586
2.490234
2.490234
2.480469
2.529297
2.519531
2.539062
2.509766
2.524414
2.504883
2.514648
2.509766
2.504883
2.490234
2.480469
2.519531
2.524414
2.543945
2.519531
2.529297
2.529297
2.500000
2.519531
2.539062
2.524414
2.534180
2.524414
2.543945
2.509766
2.519531
2.519531
2.519531
2.534180
2.539062
2.524414
2.539062
2.524414
2.500000
2.504883
2.480469
2.504883
2.495117
2.495117
2.485352
2.480469
2.490234
2.460938
2.465820
2.470703
2.490234
2.514648
2.490234
2.504883
2.475586
2.500000
2.509766
2.485352
2.495117
2.490234
2.529297
2.504883
2.539062
2.500000
2.534180
2.514648
2.504883
2.500000
2.490234
2.500000
2.504883
2.568359
2.534180
2.509766
2.548828
2.534180
2.519531
2.543945
2.509766
2.553711
2.529297
2.529297
2.534180
2.519531
2.495117
2.509766
2.504883
2.480469
2.509766
2.504883
2.509766
2.480469
2.539062
2.514648
2.529297
2.534180
2.500000
2.539062
2.514648
2.514648
2.514648
2.529297
2.548828
2.524414
2.558594
2.509766
2.539062
2.553711
2.529297
2.563477
2.558594
2.509766
2.529297
2.553711
2.485352
2.563477
2.539062
2.553711
2.543945
2.563477
2.534180
2.558594
2.519531
2.519531
2.500000
2.529297
2.524414
2.539062
2.509766
2.509766
2.529297
2.548828
2.519531
2.524414
2.490234
2.529297
2.514648
2.504883
2.524414
2.514648
2.514648
2.495117
2.553711
2.534180
2.553711
2.529297
2.519531
2.539062
2.534180
2.529297
2.529297
2.543945
2.519531
2.534180
2.543945
2.519531
2.514648
2.524414
2.534180
2.514648
2.504883
2.534180
2.509766
2.534180
2.500000
2.524414
2.509766
2.504883
2.495117
2.509766
2.504883
2.509766
2.500000
2.534180
2.500000
2.500000
2.441406
2.480469
2.500000
2.475586
2.500000
2.504883
2.475586
2.490234
2.470703
2.500000
2.480469
2.524414
2.509766
2.500000
2.534180
2.519531
2.514648
2.519531
2.509766
2.519531
2.509766
2.539062
2.500000
2.524414
2.519531
2.509766
2.509766
2.495117
2.485352
2.495117
2.514648
2.495117
2.504883
2.490234
2.475586
2.534180
2.509766
2.514648
2.470703
2.485352
2.514648
2.490234
2.504883
2.524414
2.485352
2.504883
2.529297
2.519531
2.514648
2.490234
2.470703
2.470703
2.495117
2.563477
2.495117
2.534180
2.509766
2.500000
2.524414
2.573242
2.534180
2.524414
2.543945
2.504883
2.529297
2.529297
2.500000
2.529297
2.495117
2.500000
2.485352
2.500000
2.529297
2.480469
2.504883
2.509766
2.500000
2.490234
2.485352
2.500000
2.519531
2.534180
2.495117
2.539062
2.495117
2.514648
2.509766
2.534180
2.539062
2.514648
2.524414
2.524414
2.529297
2.519531
2.519531
2.514648
2.514648
2.524414
2.534180
2.509766
2.519531
2.548828
2.519531
2.539062
2.534180
2.524414
2.485352
2.539062
2.553711
2.529297
2.514648
2.529297
2.519531
2.495117
2.514648
2.485352
2.514648
2.495117
2.500000
2.514648
2.480469
2.480469
2.490234
2.485352
2.480469
2.534180
2.480469
2.529297
2.504883
2.504883
2.514648
2.500000
2.514648
2.519531
2.509766
2.480469
2.519531
2.504883
2.495117
2.480469
2.539062
2.524414
2.514648
2.524414
2.490234
2.509766
2.524414
2.539062
2.514648
2.519531
2.500000
2.460938
2.548828
2.504883
2.553711
2.509766
2.529297
2.539062
2.519531
2.509766
2.480469
2.500000
2.509766
2.470703
2.495117
2.480469
2.504883
2.529297
2.514648
2.500000
2.553711
2.514648
2.524414
2.553711
2.514648
2.514648
2.534180
2.524414
2.539062
2.514648
2.543945
2.539062
2.534180
2.514648
2.573242
2.480469
2.543945
2.514648
2.539062
2.568359
2.519531
2.539062
2.495117
2.548828
2.495117
2.563477
2.563477
2.539062
2.568359
2.558594
2.563477
2.529297
2.539062
2.529297
2.524414
2.519531
2.529297
2.514648
2.495117
2.500000
2.495117
2.509766
2.509766
2.514648
2.534180
2.504883
2.548828
2.514648
2.553711
2.524414
2.548828
2.529297
2.539062
2.534180
2.539062
2.543945
2.529297
2.524414
2.534180
2.500000
2.509766
2.568359
2.548828
2.519531
2.529297
2.543945
2.495117
2.529297
2.509766
2.495117
2.524414
2.509766
2.514648
2.524414
2.500000
2.504883
2.475586
2.519531
2.480469
2.519531
2.480469
2.485352
2.504883
2.490234
2.495117
2.509766
2.500000
2.480469
2.490234
2.480469
2.451172
2.504883
2.514648
2.524414
2.524414
2.524414
2.529297
2.529297
2.519531
2.534180
2.539062
2.509766
2.539062
2.504883
2.514648
2.495117
2.509766
2.514648
2.495117
2.514648
2.524414
2.495117
2.495117
2.514648
2.519531
2.519531
2.480469
2.485352
2.475586
2.504883
2.504883
2.519531
2.480469
2.529297
2.514648
2.495117
2.534180
2.524414
2.543945
2.514648
2.485352
2.539062
2.500000
2.500000
2.495117
2.480469
2.534180
2.460938
2.500000
2.519531
2.543945
2.587891
2.558594
2.524414
2.548828
2.504883
2.524414
2.514648
2.524414
2.514648
2.509766
2.509766
2.514648
2.475586
2.514648
2.524414
2.524414
2.500000
2.485352
2.534180
2.485352
2.539062
2.509766
2.495117
2.519531
2.495117
2.490234
2.514648
2.514648
2.524414
2.490234
2.509766
2.504883
2.509766
2.529297
2.509766
2.534180
2.539062
2.509766
2.529297
2.529297
2.500000
2.529297
2.539062
2.543945
2.539062
2.519531
2.548828
2.534180
2.524414
2.553711
2.500000
2.524414
2.500000
2.529297
2.509766
2.490234
2.500000
2.495117
2.490234
2.485352
2.485352
2.480469
2.504883
2.460938
2.480469
2.500000
2.534180
2.480469
2.534180
2.504883
2.504883
2.529297
2.480469
2.543945
2.509766
2.490234
2.519531
2.504883
2.529297
2.485352
2.519531
2.509766
2.504883
2.509766
2.519531
2.504883
2.500000
2.524414
2.495117
2.524414
2.500000
2.543945
2.534180
2.543945
2.509766
2.543945
2.514648
2.519531
2.539062
2.504883
2.490234
2.490234
2.495117
2.480469
2.504883
2.495117
2.500000
2.504883
2.539062
2.519531
2.539062
2.529297
2.534180
2.543945
2.534180
2.539062
2.514648
2.509766
2.563477
2.534180
2.524414
2.553711
2.543945
2.563477
2.558594
2.553711
2.534180
2.543945
2.578125
2.495117
2.529297
2.524414
2.563477
2.514648
2.509766
2.553711
2.495117
2.539062
2.504883
2.563477
2.543945
2.509766
2.509766
2.485352
2.504883
2.514648
2.539062
2.519531
2.490234
2.470703
2.504883
2.524414
2.519531
2.539062
2.524414
2.519531
2.543945
2.558594
2.548828
2.519531
2.543945
2.514648
2.534180
2.543945
2.558594
2.539062
2.495117
2.514648
2.539062
2.543945
2.519531
2.539062
2.514648
2.514648
2.509766
2.524414
2.519531
2.485352
2.568359
2.480469
2.504883
2.509766
2.534180
2.490234
2.514648
2.490234
2.529297
2.485352
2.495117
2.514648
2.470703
2.524414
2.490234
2.490234
2.514648
2.509766
2.460938
2.460938
2.465820
2.500000
2.495117
2.490234
2.539062
2.509766
2.519531
2.500000
2.529297
2.534180
2.504883
2.509766
2.500000
2.534180
2.519531
2.524414
2.519531
2.514648
2.514648
2.504883
2.519531
2.490234
2.495117
2.519531
2.500000
2.495117
2.490234
2.524414
2.504883
2.490234
2.534180
2.509766
2.495117
2.495117
2.524414
2.495117
2.480469
2.495117
2.475586
2.490234
2.500000
2.495117
2.504883
2.495117
2.500000
2.519531
2.490234
2.495117
2.495117
2.524414
2.548828
2.553711
2.495117
2.529297
2.509766
2.519531
2.524414
2.509766
2.524414
2.504883
2.509766
2.509766
2.509766
2.534180
2.470703
2.529297
2.485352
2.514648
2.519531
2.539062
2.500000
2.534180
2.500000
2.490234
2.534180
2.490234
2.514648
2.495117
2.504883
2.490234
2.495117
2.539062
2.514648
2.509766
2.514648
2.529297
2.529297
2.509766
2.509766
2.490234
2.470703
2.519531
2.539062
2.514648
2.529297
2.539062
2.539062
2.514648
2.524414
2.534180
2.563477
2.509766
2.519531
2.519531
2.514648
2.485352
2.480469
2.490234
2.475586
2.514648
2.504883
2.509766
2.514648
2.490234
2.475586
2.519531
2.514648
2.485352
2.504883
2.475586
2.485352
2.529297
2.495117
2.514648
2.529297
2.480469
2.524414
2.509766
2.514648
2.534180
2.504883
2.504883
2.539062
2.519531
2.529297
2.539062
2.519531
2.519531
2.524414
2.519531
2.524414
2.519531
2.524414
2.553711
2.529297
2.529297
2.548828
2.509766
2.524414
2.500000
2.509766
2.485352
2.480469
2.490234
2.534180
2.495117
2.475586
2.509766
2.480469
2.490234
2.509766
2.548828
2.529297
2.514648
2.534180
2.514648
2.534180
2.519531
2.519531
2.548828
2.553711
2.539062
2.514648
2.500000
2.553711
2.514648
2.509766
2.500000
2.534180
2.524414
2.529297
2.524414
2.504883
2.543945
2.504883
2.514648
2.539062
2.534180
2.495117
2.490234
2.514648
2.504883
2.509766
2.480469
2.514648
2.475586
2.470703
2.485352
2.500000
2.490234
2.470703
2.441406
2.500000
2.480469
2.519531
2.480469
2.519531
2.514648
2.514648
2.514648
2.495117
2.504883
2.475586
2.504883
2.495117
2.519531
2.519531
2.495117
2.475586
2.500000
2.500000
2.470703
2.490234
2.504883
2.480469
2.490234
2.490234
2.485352
2.500000
2.475586
2.470703
2.529297
2.485352
2.470703
2.465820
2.456055
2.451172
2.470703
2.465820
2.524414
2.460938
2.480469
2.480469
2.465820
2.460938
2.465820
2.470703
2.485352
2.460938
2.451172
2.470703
2.480469
2.485352
2.509766
2.504883
2.514648
2.500000
2.514648
2.480469
2.509766
2.509766
2.524414
2.495117
2.509766
2.500000
2.519531
2.524414
2.514648
2.485352
2.504883
2.514648
2.519531
2.500000
2.485352
2.504883
2.490234
2.519531
2.519531
2.509766
2.529297
2.524414
2.524414
2.509766
2.490234
2.504883
2.509766
2.509766
2.504883
2.500000
2.490234
2.539062
2.500000
2.480469
2.534180
2.504883
2.543945
2.514648
2.495117
2.558594
2.534180
2.543945
2.568359
2.587891
2.548828
2.548828
2.539062
2.563477
2.553711
2.558594
2.519531
2.548828
2.529297
2.519531
2.529297
2.524414
2.529297
2.539062
2.539062
2.524414
2.534180
2.534180
2.514648
2.539062
2.553711
2.534180
2.539062
2.548828
2.543945
2.539062
2.539062
2.539062
2.548828
2.563477
2.553711
2.543945
2.553711
2.543945
2.568359
2.568359
2.563477
2.578125
2.553711
2.583008
2.573242
2.578125
2.597656
2.568359
2.587891
2.597656
2.612305
2.573242
2.592773
2.587891
2.568359
2.563477
2.578125
2.568359
2.573242
2.597656
2.587891
2.573242
2.573242
2.548828
2.539062
2.568359
2.534180
2.553711
2.602539
2.587891
2.563477
2.587891
2.519531
2.553711
2.553711
2.573242
2.568359
2.578125
2.578125
2.558594
2.543945
2.553711
2.543945
2.578125
2.578125
2.587891
2.568359
2.626953
2.602539
2.607422
2.597656
2.612305
2.617188
2.597656
2.626953
2.592773
2.626953
2.602539
2.578125
2.602539
2.563477
2.573242
2.573242
2.597656
2.568359
2.568359
2.573242
2.543945
2.602539
2.563477
2.578125
2.573242
2.597656
2.583008
2.612305
2.583008
2.587891
2.573242
2.602539
2.583008
2.597656
2.558594
2.592773
2.583008
2.622070
2.578125
2.597656
2.612305
2.587891
2.573242
2.597656
2.573242
2.597656
2.578125
2.563477
2.563477
2.563477
2.543945
2.583008
2.524414
2.553711
2.534180
2.539062
2.543945
2.524414
2.543945
2.524414
2.504883
2.519531
2.500000
2.460938
2.509766
2.514648
2.524414
2.490234
2.504883
2.485352
2.500000
2.514648
2.495117
2.485352
2.475586
2.475586
2.475586
2.480469
2.509766
2.465820
2.485352
2.490234
2.470703
2.480469
2.495117
2.485352
2.456055
2.485352
2.446289
2.446289
2.441406
2.441406
2.460938
2.426758
2.446289
2.446289
2.431641
2.456055
2.436523
2.412109
2.426758
2.426758
2.412109
2.451172
2.387695
2.451172
2.416992
2.416992
2.416992
2.431641
2.416992
2.387695
2.416992
2.456055
2.407227
2.441406
2.446289
2.402344
2.441406
2.451172
2.441406
2.436523
2.446289
2.441406
2.451172
2.441406
2.441406
2.416992
2.416992
2.451172
2.451172
2.441406
2.460938
2.451172
2.441406
2.446289
2.436523
2.426758
2.431641
2.407227
2.402344
2.441406
2.421875
2.446289
2.465820
2.441406
2.456055
2.431641
2.426758
2.460938
2.470703
2.416992
2.456055
2.490234
2.446289
2.451172
2.431641
2.485352
2.451172
2.441406
2.480469
2.470703
2.485352
2.480469
2.519531
2.514648
2.500000
2.514648
2.514648
2.480469
2.500000
2.495117
2.514648
2.485352
2.451172
2.500000
2.475586
2.475586
2.490234
2.519531
2.465820
2.514648
2.460938
2.529297
2.500000
2.480469
2.519531
2.470703
2.495117
2.500000
2.524414
2.524414
2.514648
2.500000
2.529297
2.500000
2.529297
2.529297
2.524414
2.529297
2.558594
2.548828
2.543945
2.534180
2.529297
2.539062
2.543945
2.553711
2.573242
2.534180
2.573242
2.592773
2.568359
2.558594
2.553711
2.548828
2.519531
2.573242
2.539062
2.514648
2.534180
2.504883
2.524414
2.529297
2.500000
2.519531
2.519531
2.558594
2.529297
2.534180
2.529297
2.529297
2.534180
2.504883
2.529297
2.519531
2.543945
2.543945
2.548828
2.500000
2.519531
2.529297
2.519531
2.524414
2.524414
2.543945
2.543945
2.548828
2.500000
2.548828
2.539062
2.509766
2.534180
2.543945
2.500000
2.514648
2.543945
2.519531
2.500000
2.524414
2.529297
2.509766
2.524414
2.504883
2.524414
2.509766
2.495117
2.460938
2.480469
2.465820
2.500000
2.495117
2.519531
2.470703
2.509766
2.514648
2.509766
2.500000
2.500000
2.504883
2.519531
2.534180
2.529297
2.539062
2.490234
2.495117
2.514648
2.500000
2.475586
2.514648
2.519531
2.460938
2.485352
2.509766
2.500000
2.504883
2.514648
2.475586
2.509766
2.524414
2.504883
2.495117
2.504883
2.490234
2.495117
2.475586
2.485352
2.514648
2.500000
2.485352
2.504883
2.480469
2.504883
2.460938
2.460938
2.456055
2.465820
2.495117
2.480469
2.519531
2.460938
2.504883
2.490234
2.480469
2.485352
2.509766
2.519531
2.534180
2.514648
2.539062
2.485352
2.514648
2.529297
2.485352
2.519531
2.495117
2.539062
2.490234
2.519531
2.514648
2.548828
2.509766
2.514648
2.500000
2.529297
2.514648
2.519531
2.534180
2.529297
2.534180
2.529297
2.519531
2.524414
2.524414
2.485352
2.519531
2.543945
2.529297
2.524414
2.509766
2.558594
2.504883
2.534180
2.504883
2.500000
2.553711
2.543945
2.553711
2.558594
2.534180
2.539062
2.578125
2.568359
2.553711
2.568359
2.534180
2.563477
2.548828
2.548828
2.558594
2.558594
2.548828
2.553711
2.543945
2.539062
2.543945
2.548828
2.534180
2.543945
2.578125
2.558594
2.519531
2.548828
2.553711
2.543945
2.563477
2.539062
2.558594
2.539062
2.568359
2.539062
2.534180
2.558594
2.534180
2.539062
2.602539
2.529297
2.563477
2.558594
2.568359
2.563477
2.539062
2.587891
2.539062
2.563477
2.592773
2.607422
2.563477
2.583008
2.563477
2.573242
2.578125
2.578125
2.573242
2.548828
2.553711
2.558594
2.553711
2.563477
2.509766
2.514648
2.524414
2.529297
2.529297
2.568359
2.529297
2.563477
2.490234
2.548828
2.568359
2.539062
2.548828
2.539062
2.524414
2.534180
2.543945
2.534180
2.534180
2.519531
2.529297
2.539062
2.539062
2.539062
2.534180
2.519531
2.524414
2.539062
2.558594
2.529297
2.558594
2.553711
2.519531
2.529297
2.568359
2.548828
2.543945
2.504883
2.500000
2.504883
2.495117
2.519531
2.470703
2.480469
2.485352
2.475586
2.480469
2.475586
2.480469
2.490234
2.500000
2.495117
2.470703
2.485352
2.485352
2.495117
2.509766
2.485352
2.500000
2.524414
2.495117
2.460938
2.509766
2.490234
2.514648
2.509766
2.500000
2.509766
2.495117
2.514648
2.504883
2.509766
2.524414
2.524414
2.524414
2.495117
2.519531
2.490234
2.509766
2.475586
2.524414
2.495117
2.495117
2.500000
2.519531
2.475586
2.500000
2.460938
2.470703
2.456055
2.480469
2.465820
2.460938
2.490234
2.490234
2.514648
2.485352
2.480469
2.500000
2.500000
2.504883
2.519531
2.495117
2.519531
2.509766
2.504883
2.534180
2.475586
2.480469
2.485352
2.514648
2.485352
2.543945
2.514648
2.563477
2.504883
2.519531
2.543945
2.519531
2.534180
2.465820
2.534180
2.504883
2.529297
2.524414
2.480469
2.539062
2.500000
2.529297
2.539062
2.504883
2.548828
2.514648
2.500000
2.509766
2.485352
2.500000
2.534180
2.529297
2.500000
2.534180
2.514648
2.519531
2.539062
2.519531
2.500000
2.500000
2.519531
2.553711
2.553711
2.539062
2.553711
2.509766
2.529297
2.524414
2.514648
2.529297
2.534180
2.534180
2.524414
2.490234
2.524414
2.519531
2.534180
2.500000
2.495117
2.553711
2.524414
2.514648
2.500000
2.514648
2.500000
2.524414
2.529297
2.509766
2.519531
2.480469
2.504883
2.524414
2.514648
2.519531
2.490234
2.504883
2.490234
2.495117
2.519531
2.500000
2.543945
2.534180
2.524414
2.534180
2.529297
2.509766
2.558594
2.514648
2.534180
2.524414
2.519531
2.519531
2.529297
2.543945
2.514648
2.514648
2.504883
2.548828
2.509766
2.514648
2.500000
2.514648
2.500000
2.519531
2.514648
2.509766
2.485352
2.509766
2.524414
2.495117
2.504883
2.524414
2.514648
2.509766
2.495117
2.504883
2.529297
2.534180
2.495117
2.480469
2.519531
2.500000
2.534180
2.475586
2.539062
2.490234
2.509766
2.553711
2.500000
2.553711
2.553711
2.500000
2.558594
2.500000
2.539062
2.524414
2.514648
2.524414
2.495117
2.495117
2.509766
2.500000
2.490234
2.519531
2.519531
2.485352
2.490234
2.509766
2.500000
2.485352
2.500000
2.539062
2.500000
2.504883
2.539062
2.509766
2.500000
2.514648
2.509766
2.485352
2.509766
2.524414
2.485352
2.490234
2.524414
2.504883
2.534180
2.534180
2.514648
2.509766
2.519531
2.539062
2.553711
2.509766
2.495117
2.500000
2.529297
2.534180
2.495117
2.524414
2.509766
2.529297
2.475586
2.485352
2.480469
2.460938
2.490234
2.475586
2.500000
2.495117
2.470703
2.475586
2.509766
2.485352
2.490234
2.490234
2.519531
2.500000
2.480469
2.475586
2.519531
2.465820
2.509766
2.500000
2.495117
2.480469
2.509766
2.519531
2.534180
2.519531
2.519531
2.509766
2.495117
2.500000
2.534180
2.519531
2.504883
2.519531
2.480469
2.534180
2.509766
2.500000
2.558594
2.485352
2.524414
2.514648
2.539062
2.539062
2.524414
2.500000
2.514648
2.480469
2.490234
2.500000
2.495117
2.480469
2.500000
2.529297
2.475586
2.539062
2.529297
2.529297
2.509766
2.509766
2.514648
2.539062
2.558594
2.529297
2.534180
2.519531
2.495117
2.539062
2.558594
2.539062
2.524414
2.573242
2.587891
2.539062
2.543945
2.534180
2.519531
2.573242
2.553711
2.539062
2.519531
2.543945
2.509766
2.553711
2.568359
2.529297
2.519531
2.539062
2.500000
2.563477
2.553711
2.529297
2.534180
2.504883
2.524414
2.465820
2.504883
2.539062
2.490234
2.500000
2.519531
2.500000
2.529297
2.519531
2.534180
2.539062
2.539062
2.534180
2.529297
2.529297
2.539062
2.519531
2.534180
2.519531
2.524414
2.548828
2.529297
2.539062
2.524414
2.509766
2.524414
2.519531
