2.495117
2.514648
2.504883
2.529297
2.529297
2.485352
2.529297
2.504883
2.509766
2.500000
2.504883
2.524414
2.514648
2.509766
2.524414
2.509766
2.514648
2.519531
2.534180
2.509766
2.509766
2.500000
2.519531
2.519531
2.509766
2.465820
2.504883
2.553711
2.495117
2.500000
2.534180
2.456055
2.529297
2.500000
2.519531
2.553711
2.534180
2.543945
2.563477
2.543945
2.524414
2.519531
2.529297
2.534180
2.524414
2.539062
2.465820
2.543945
2.539062
2.524414
2.529297
2.485352
2.480469
2.524414
2.475586
2.509766
2.475586
2.529297
2.500000
2.504883
2.524414
2.524414
2.500000
2.514648
2.495117
2.529297
2.500000
2.539062
2.519531
2.509766
2.495117
2.558594
2.504883
2.519531
2.539062
2.543945
2.504883
2.543945
2.514648
2.524414
2.524414
2.548828
2.514648
2.509766
2.553711
2.548828
2.519531
2.495117
2.534180
2.509766
2.470703
2.509766
2.509766
2.524414
2.485352
2.495117
2.485352
2.490234
2.509766
2.485352
2.539062
2.500000
2.500000
2.500000
2.514648
2.500000
2.529297
2.470703
2.534180
2.519531
2.534180
2.500000
2.519531
2.514648
2.509766
2.509766
2.500000
2.524414
2.514648
2.519531
2.514648
2.509766
2.519531
2.539062
2.495117
2.519531
2.524414
2.514648
2.529297
2.534180
2.504883
2.524414
2.514648
2.534180
2.529297
2.509766
2.514648
2.514648
2.519531
2.514648
2.495117
2.509766
2.539062
2.495117
2.548828
2.509766
2.514648
2.519531
2.519531
2.534180
2.539062
2.539062
2.553711
2.519531
2.514648
2.543945
2.509766
2.495117
2.524414
2.524414
2.563477
2.534180
2.514648
2.563477
2.514648
2.534180
2.480469
2.519531
2.500000
2.558594
2.543945
2.529297
2.539062
2.509766
2.524414
2.558594
2.553711
2.509766
2.534180
2.539062
2.529297
2.529297
2.534180
2.514648
2.534180
2.514648
2.519531
2.514648
2.504883
2.543945
2.509766
2.573242
2.539062
2.534180
2.539062
2.543945
2.548828
2.534180
2.475586
2.573242
2.543945
2.534180
2.514648
2.509766
2.548828
2.519531
2.543945
2.529297
2.495117
2.539062
2.529297
2.529297
2.539062
2.485352
2.514648
2.524414
2.514648
2.519531
2.539062
2.500000
2.534180
2.509766
2.519531
2.495117
2.534180
2.509766
2.495117
2.495117
2.490234
2.495117
2.529297
2.500000
2.490234
2.509766
2.495117
2.514648
2.500000
2.529297
2.504883
2.529297
2.509766
2.548828
2.524414
2.504883
2.548828
2.534180
2.509766
2.519531
2.524414
2.519531
2.509766
2.514648
2.509766
2.524414
2.534180
2.500000
2.529297
2.500000
2.504883
2.480469
2.504883
2.519531
2.514648
2.504883
2.495117
2.514648
2.485352
2.514648
2.480469
2.485352
2.509766
2.553711
2.509766
2.495117
2.514648
2.524414
2.509766
2.514648
2.534180
2.495117
2.490234
2.490234
2.500000
2.543945
2.543945
2.490234
2.553711
2.558594
2.539062
2.568359
2.548828
2.548828
2.543945
2.509766
2.534180
2.500000
2.480469
2.514648
2.529297
2.485352
2.524414
2.514648
2.524414
2.500000
2.514648
2.539062
2.509766
2.500000
2.495117
2.504883
2.509766
2.495117
2.539062
2.495117
2.509766
2.519531
2.524414
2.529297
2.524414
2.524414
2.524414
2.509766
2.534180
2.529297
2.519531
2.514648
2.514648
2.519531
2.509766
2.500000
2.519531
2.553711
2.548828
2.514648
2.563477
2.514648
2.509766
2.539062
2.495117
2.519531
2.495117
2.504883
2.490234
2.519531
2.504883
2.475586
2.495117
2.500000
2.514648
2.514648
2.495117
2.490234
2.514648
2.495117
2.490234
2.495117
2.495117
2.519531
2.519531
2.504883
2.543945
2.519531
2.509766
2.519531
2.519531
2.509766
2.539062
2.534180
2.495117
2.524414
2.524414
2.514648
2.509766
2.509766
2.514648
2.534180
2.534180
2.519531
2.524414
2.543945
2.504883
2.519531
2.519531
2.543945
2.529297
2.504883
2.495117
2.490234
2.504883
2.514648
2.475586
2.509766
2.504883
2.539062
2.495117
2.539062
2.500000
2.548828
2.563477
2.534180
2.529297
2.539062
2.514648
2.509766
2.534180
2.543945
2.514648
2.490234
2.553711
2.524414
2.524414
2.553711
2.553711
2.539062
2.543945
2.548828
2.519531
2.529297
2.504883
2.548828
2.534180
2.529297
2.548828
2.529297
2.524414
2.553711
2.539062
2.500000
2.524414
2.524414
2.519531
2.514648
2.524414
2.475586
2.504883
2.509766
2.456055
2.509766
2.514648
2.534180
2.543945
2.524414
2.534180
2.539062
2.534180
2.495117
2.514648
2.534180
2.539062
2.519531
2.539062
2.558594
2.539062
2.519531
2.553711
2.485352
2.485352
2.529297
2.534180
2.519531
2.514648
2.490234
2.539062
2.470703
2.524414
2.514648
2.495117
2.519531
2.480469
2.500000
2.509766
2.504883
2.519531
2.509766
2.509766
2.509766
2.495117
2.504883
2.504883
2.480469
2.504883
2.500000
2.485352
2.514648
2.460938
2.504883
2.519531
2.495117
2.519531
2.519531
2.524414
2.539062
2.524414
2.539062
2.539062
2.519531
2.500000
2.529297
2.524414
2.504883
2.524414
2.514648
2.519531
2.500000
2.500000
2.519531
2.495117
2.495117
2.495117
2.495117
2.495117
2.514648
2.519531
2.480469
2.529297
2.500000
2.475586
2.500000
2.519531
2.495117
2.485352
2.485352
2.500000
2.519531
2.534180
2.539062
2.539062
2.509766
2.534180
2.514648
2.495117
2.524414
2.514648
2.539062
2.534180
2.519531
2.563477
2.534180
2.553711
2.504883
2.558594
2.539062
2.539062
2.514648
2.509766
2.509766
2.524414
2.504883
2.485352
2.509766
2.519531
2.509766
2.524414
2.524414
2.524414
2.509766
2.519531
2.509766
2.514648
2.519531
2.504883
2.534180
2.509766
2.524414
2.529297
2.524414
2.500000
2.519531
2.524414
2.524414
2.534180
2.504883
2.543945
2.514648
2.509766
2.529297
2.539062
2.514648
2.524414
2.524414
2.524414
2.519531
2.529297
2.529297
2.534180
2.514648
2.519531
2.514648
2.514648
2.524414
2.519531
2.524414
2.490234
2.490234
2.495117
2.500000
2.504883
2.485352
2.514648
2.490234
2.495117
2.456055
2.504883
2.475586
2.495117
2.495117
2.519531
2.519531
2.504883
2.475586
2.539062
2.514648
2.529297
2.509766
2.524414
2.509766
2.524414
2.529297
2.504883
2.519531
2.519531
2.519531
2.524414
2.543945
2.543945
2.524414
2.524414
2.524414
2.509766
2.529297
2.534180
2.543945
2.519531
2.543945
2.534180
2.519531
2.500000
2.534180
2.456055
2.509766
2.485352
2.485352
2.500000
2.548828
2.504883
2.548828
2.500000
2.514648
2.534180
2.539062
2.524414
2.500000
2.529297
2.529297
2.543945
2.563477
2.539062
2.534180
2.543945
2.504883
2.568359
2.504883
2.558594
2.534180
2.602539
2.543945
2.543945
2.573242
2.509766
2.543945
2.504883
2.553711
2.578125
2.558594
2.524414
2.524414
2.509766
2.543945
2.519531
2.543945
2.529297
2.543945
2.558594
2.519531
2.529297
2.475586
2.514648
2.534180
2.514648
2.548828
2.519531
2.539062
2.539062
2.543945
2.558594
2.529297
2.543945
2.563477
2.553711
2.539062
2.529297
2.553711
2.548828
2.509766
2.539062
2.500000
2.534180
2.539062
2.553711
2.475586
2.534180
2.534180
2.485352
2.500000
2.529297
2.500000
2.509766
2.495117
2.534180
2.539062
2.504883
2.509766
2.500000
2.504883
2.480469
2.500000
2.500000
2.485352
2.490234
2.490234
2.485352
2.490234
2.514648
2.529297
2.495117
2.495117
2.500000
2.524414
2.519531
2.534180
2.539062
2.539062
2.509766
2.519531
2.539062
2.485352
2.509766
2.509766
2.519531
2.519531
2.524414
2.500000
2.519531
2.500000
2.529297
2.509766
2.519531
2.524414
2.504883
2.524414
2.529297
2.539062
2.485352
2.519531
2.539062
2.495117
2.500000
2.495117
2.500000
2.500000
2.504883
2.524414
2.519531
2.509766
2.514648
2.485352
2.509766
2.514648
2.504883
2.534180
2.509766
2.524414
2.514648
2.490234
2.534180
2.529297
2.539062
2.514648
2.509766
2.519531
2.500000
2.539062
2.500000
2.529297
2.539062
2.539062
2.519531
2.534180
2.514648
2.500000
2.514648
2.514648
2.485352
2.529297
2.490234
2.514648
2.495117
2.500000
2.514648
2.480469
2.524414
2.500000
2.519531
2.504883
2.519531
2.500000
2.534180
2.524414
2.524414
2.534180
2.534180
2.504883
2.519531
2.519531
2.529297
2.539062
2.519531
2.534180
2.548828
2.539062
2.529297
2.539062
2.509766
2.514648
2.519531
2.529297
2.529297
2.514648
2.529297
2.524414
2.504883
2.500000
2.519531
2.485352
2.529297
2.534180
2.514648
2.514648
2.465820
2.460938
2.509766
2.490234
2.495117
2.548828
2.495117
2.509766
2.514648
2.490234
2.529297
2.519531
2.514648
2.519531
2.534180
2.504883
2.514648
2.534180
2.509766
2.519531
2.553711
2.509766
2.504883
2.543945
2.543945
2.519531
2.529297
2.529297
2.509766
2.514648
2.524414
2.519531
2.504883
2.539062
2.524414
2.519531
2.534180
2.519531
2.514648
2.524414
2.460938
2.480469
2.480469
2.504883
2.495117
2.509766
2.509766
2.524414
2.509766
2.539062
2.509766
2.514648
2.534180
2.514648
2.539062
2.558594
2.553711
2.524414
2.543945
2.514648
2.553711
2.587891
2.543945
2.529297
2.539062
2.514648
2.553711
2.563477
2.534180
2.587891
2.500000
2.553711
2.519531
2.563477
2.539062
2.563477
2.529297
2.563477
2.485352
2.568359
2.534180
2.548828
2.529297
2.514648
2.524414
2.519531
2.514648
2.519531
2.543945
2.534180
2.495117
2.529297
2.553711
2.539062
2.529297
2.524414
2.519531
2.558594
2.534180
2.534180
2.539062
2.543945
2.500000
2.514648
2.568359
2.543945
2.539062
2.524414
2.534180
2.519531
2.529297
2.529297
2.524414
2.534180
2.548828
2.563477
2.504883
2.495117
2.509766
2.548828
2.509766
2.519531
2.504883
2.529297
2.495117
2.519531
2.480469
2.519531
2.524414
2.519531
2.509766
2.490234
2.504883
2.534180
2.470703
2.475586
2.495117
2.470703
2.500000
2.504883
2.524414
2.534180
2.529297
2.529297
2.504883
2.519531
2.553711
2.534180
2.534180
2.514648
2.509766
2.514648
2.504883
2.504883
2.509766
2.524414
2.500000
2.509766
2.485352
2.495117
2.495117
2.519531
2.524414
2.524414
2.509766
2.500000
2.534180
2.485352
2.500000
2.519531
2.514648
2.485352
2.495117
2.509766
2.490234
2.524414
2.509766
2.539062
2.495117
2.548828
2.519531
2.456055
2.534180
2.465820
2.529297
2.524414
2.519531
2.524414
2.553711
2.500000
2.529297
2.553711
2.485352
2.543945
2.509766
2.534180
2.519531
2.514648
2.485352
2.548828
2.524414
2.519531
2.500000
2.475586
2.524414
2.519531
2.519531
2.514648
2.500000
2.529297
2.504883
2.529297
2.514648
2.485352
2.519531
2.475586
2.514648
2.495117
2.524414
2.500000
2.524414
2.524414
2.504883
2.539062
2.514648
2.539062
2.514648
2.553711
2.514648
2.509766
2.534180
2.519531
2.539062
2.509766
2.543945
2.509766
2.543945
2.548828
2.514648
2.490234
2.500000
2.543945
2.500000
2.509766
2.514648
2.475586
2.500000
2.480469
2.519531
2.509766
2.475586
2.500000
2.490234
2.519531
2.480469
2.480469
2.500000
2.524414
2.524414
2.504883
2.519531
2.500000
2.490234
2.500000
2.509766
2.490234
2.524414
2.519531
2.514648
2.504883
2.500000
2.529297
2.519531
2.514648
2.524414
2.514648
2.529297
2.500000
2.529297
2.509766
2.524414
2.495117
2.553711
2.519531
2.495117
2.529297
2.529297
2.504883
2.519531
2.500000
2.495117
2.495117
2.475586
2.485352
2.480469
2.534180
2.509766
2.529297
2.519531
2.500000
2.529297
2.514648
2.558594
2.514648
2.534180
2.529297
2.534180
2.509766
2.534180
2.524414
2.539062
2.529297
2.548828
2.548828
2.524414
2.543945
2.529297
2.504883
2.553711
2.514648
2.529297
2.568359
2.539062
2.524414
2.558594
2.534180
2.514648
2.543945
2.534180
2.568359
2.558594
2.539062
2.543945
2.534180
2.509766
2.509766
2.504883
2.519531
2.543945
2.529297
2.490234
2.539062
2.539062
2.514648
2.534180
2.519531
2.519531
2.534180
2.534180
2.558594
2.534180
2.543945
2.548828
2.519531
2.568359
2.543945
2.539062
2.539062
2.539062
2.539062
2.514648
2.485352
2.519531
2.553711
2.509766
2.519531
2.543945
2.548828
2.543945
2.500000
2.529297
2.509766
2.514648
2.529297
2.509766
2.524414
2.509766
2.485352
2.539062
2.514648
2.519531
2.519531
2.514648
2.485352
2.495117
2.495117
2.480469
2.465820
2.509766
2.460938
2.529297
2.514648
2.553711
2.543945
2.524414
2.548828
2.534180
2.524414
2.519531
2.509766
2.524414
2.514648
2.534180
2.519531
2.524414
2.519531
2.514648
2.519531
2.514648
2.514648
2.519531
2.519531
2.490234
2.495117
2.529297
2.534180
2.519531
2.514648
2.465820
2.514648
2.519531
2.514648
2.495117
2.514648
2.524414
2.534180
2.490234
2.509766
2.519531
2.480469
2.504883
2.470703
2.465820
2.504883
2.490234
2.470703
2.548828
2.514648
2.529297
2.539062
2.548828
2.534180
2.529297
2.529297
2.524414
2.543945
2.514648
2.548828
2.514648
2.514648
2.534180
2.529297
2.519531
2.475586
2.504883
2.514648
2.509766
2.485352
2.534180
2.465820
2.529297
2.490234
2.514648
2.509766
2.514648
2.509766
2.524414
2.495117
2.534180
2.534180
2.529297
2.509766
2.519531
2.529297
2.509766
2.539062
2.500000
2.475586
2.495117
2.509766
2.524414
2.514648
2.539062
2.509766
2.524414
2.509766
2.524414
2.548828
2.495117
2.509766
2.539062
2.543945
2.500000
2.495117
2.465820
2.490234
2.500000
2.475586
2.465820
2.500000
2.495117
2.504883
2.480469
2.475586
2.519531
2.500000
2.480469
2.539062
2.500000
2.490234
2.495117
2.500000
2.519531
2.495117
2.509766
2.534180
2.504883
2.509766
2.514648
2.524414
2.519531
2.519531
2.519531
2.529297
2.519531
2.485352
2.519531
2.519531
2.500000
2.529297
2.524414
2.509766
2.524414
2.534180
2.504883
2.519531
2.529297
2.514648
2.509766
2.509766
2.495117
2.495117
2.485352
2.500000
2.500000
2.500000
2.529297
2.529297
2.534180
2.529297
2.539062
2.524414
2.524414
2.529297
2.514648
2.534180
2.509766
2.568359
2.495117
2.529297
2.500000
2.543945
2.529297
2.529297
2.524414
2.543945
2.514648
2.519531
2.524414
2.509766
2.558594
2.563477
2.568359
2.539062
2.548828
2.587891
2.553711
2.568359
2.548828
2.558594
2.529297
2.534180
2.524414
2.539062
2.519531
2.529297
2.509766
2.504883
2.500000
2.524414
2.519531
2.543945
2.519531
2.534180
2.509766
2.519531
2.514648
2.495117
2.529297
2.558594
2.514648
2.529297
2.558594
2.539062
2.539062
2.548828
2.509766
2.539062
2.519531
2.548828
2.514648
2.524414
2.539062
2.500000
2.529297
2.529297
2.539062
2.495117
2.543945
2.495117
2.524414
2.519531
2.495117
2.504883
2.524414
2.495117
2.504883
2.524414
2.514648
2.519531
2.495117
2.534180
2.509766
2.500000
2.529297
2.504883
2.475586
2.480469
2.500000
2.490234
2.509766
2.509766
2.534180
2.529297
2.519531
2.563477
2.480469
2.514648
2.534180
2.500000
2.534180
2.529297
2.504883
2.519531
2.519531
2.490234
2.514648
2.490234
2.509766
2.519531
2.485352
2.514648
2.519531
2.519531
2.495117
2.480469
2.465820
2.514648
2.495117
2.475586
2.509766
2.490234
2.495117
2.524414
2.480469
2.529297
2.470703
2.504883
2.475586
2.485352
2.534180
2.485352
2.495117
2.500000
2.553711
2.480469
2.534180
2.539062
2.534180
2.539062
2.529297
2.524414
2.543945
2.524414
2.539062
2.534180
2.534180
2.500000
2.495117
2.500000
2.490234
2.500000
2.485352
2.504883
2.490234
2.509766
2.495117
2.490234
2.495117
2.509766
2.490234
2.514648
2.509766
2.514648
2.519531
2.529297
2.514648
2.500000
2.529297
2.529297
2.539062
2.509766
2.495117
2.534180
2.539062
2.524414
2.519531
2.519531
2.524414
2.509766
2.524414
2.534180
2.553711
2.534180
2.548828
2.534180
2.529297
2.514648
2.573242
2.509766
2.548828
2.514648
2.509766
2.524414
2.475586
2.480469
2.490234
2.490234
2.480469
2.500000
2.534180
2.490234
2.514648
2.495117
2.509766
2.485352
2.524414
2.509766
2.495117
2.504883
2.558594
2.514648
2.500000
2.519531
2.509766
2.519531
2.504883
2.485352
2.519531
2.485352
2.514648
2.500000
2.524414
2.524414
2.529297
2.529297
2.524414
2.534180
2.519531
2.534180
2.500000
2.500000
2.548828
2.558594
2.539062
2.514648
2.524414
2.509766
2.500000
2.548828
2.480469
2.485352
2.514648
2.534180
2.514648
2.519531
2.519531
2.529297
2.519531
2.519531
2.524414
2.514648
2.539062
2.524414
2.509766
2.485352
2.534180
2.490234
2.519531
2.568359
2.553711
2.553711
2.514648
2.519531
2.543945
2.534180
2.539062
2.509766
2.519531
2.504883
2.558594
2.495117
2.568359
2.495117
2.519531
2.534180
2.519531
2.539062
2.509766
2.543945
2.485352
2.524414
2.480469
2.534180
2.485352
2.509766
2.485352
2.485352
2.490234
2.519531
2.504883
2.529297
2.480469
2.500000
2.485352
2.490234
2.490234
2.485352
2.514648
2.495117
2.495117
2.495117
2.485352
2.500000
2.495117
2.524414
2.490234
2.534180
2.514648
2.485352
2.485352
2.451172
2.519531
2.465820
2.495117
2.500000
2.495117
2.470703
2.475586
2.495117
2.480469
2.514648
2.470703
2.514648
2.490234
2.456055
2.495117
2.460938
2.504883
2.475586
2.475586
2.514648
2.446289
2.495117
2.460938
2.460938
2.456055
2.460938
2.480469
2.475586
2.504883
2.475586
2.490234
2.519531
2.495117
2.451172
2.514648
2.495117
2.495117
2.485352
2.509766
2.480469
2.500000
2.480469
2.475586
2.504883
2.475586
2.490234
2.509766
2.490234
2.514648
2.509766
2.514648
2.465820
2.470703
2.475586
2.485352
2.470703
2.480469
2.480469
2.480469
2.480469
2.534180
2.509766
2.475586
2.504883
2.485352
2.475586
2.504883
2.529297
2.490234
2.524414
2.495117
2.519531
2.519531
2.529297
2.495117
2.553711
2.548828
2.543945
2.480469
2.543945
2.524414
2.534180
2.524414
2.504883
2.534180
2.519531
2.553711
2.514648
2.514648
2.495117
2.504883
2.504883
2.519531
2.529297
2.524414
2.500000
2.519531
2.558594
2.509766
2.534180
2.529297
2.539062
2.534180
2.519531
2.519531
2.534180
2.548828
2.553711
2.539062
2.553711
2.514648
2.563477
2.543945
2.534180
2.578125
2.573242
2.548828
2.573242
2.573242
2.558594
2.587891
2.543945
2.592773
2.602539
2.592773
2.592773
2.548828
2.583008
2.548828
2.548828
2.553711
2.548828
2.529297
2.514648
2.524414
2.500000
2.519531
2.524414
2.548828
2.573242
2.553711
2.519531
2.573242
2.553711
2.553711
2.578125
2.558594
2.602539
2.534180
2.563477
2.573242
2.563477
2.568359
2.553711
2.578125
2.573242
2.573242
2.578125
2.617188
2.587891
2.578125
2.617188
2.622070
2.558594
2.636719
2.597656
2.612305
2.651367
2.622070
2.622070
2.636719
2.602539
2.617188
2.592773
2.617188
2.607422
2.617188
2.617188
2.622070
2.607422
2.583008
2.636719
2.573242
2.617188
2.607422
2.631836
2.626953
2.636719
2.636719
2.607422
2.626953
2.641602
2.626953
2.602539
2.636719
2.612305
2.617188
2.626953
2.592773
2.651367
2.636719
2.646484
2.646484
2.592773
2.631836
2.626953
2.651367
2.587891
2.612305
2.607422
2.617188
2.612305
2.602539
2.626953
2.612305
2.631836
2.607422
2.646484
2.636719
2.612305
2.602539
2.587891
2.636719
2.612305
2.563477
2.602539
2.602539
2.578125
2.592773
2.607422
2.636719
2.631836
2.602539
2.587891
2.626953
2.578125
2.607422
2.578125
2.583008
2.592773
2.636719
2.617188
2.563477
2.587891
2.587891
2.602539
2.587891
2.563477
2.573242
2.578125
2.534180
2.587891
2.553711
2.543945
2.558594
2.514648
2.563477
2.519531
2.553711
2.519531
2.524414
2.519531
2.529297
2.524414
2.514648
2.509766
2.495117
2.495117
2.519531
2.514648
2.500000
2.524414
2.475586
2.475586
2.470703
2.456055
2.480469
2.470703
2.490234
2.495117
2.509766
2.485352
2.519531
2.480469
2.480469
2.451172
2.485352
2.441406
2.475586
2.456055
2.465820
2.441406
2.465820
2.465820
2.465820
2.436523
2.416992
2.436523
2.460938
2.421875
2.416992
2.446289
2.451172
2.441406
2.441406
2.421875
2.416992
2.392578
2.431641
2.431641
2.416992
2.421875
2.412109
2.416992
2.412109
2.416992
2.421875
2.387695
2.421875
2.416992
2.397461
2.436523
2.392578
2.436523
2.412109
2.465820
2.436523
2.475586
2.421875
2.431641
2.426758
2.421875
2.402344
2.407227
2.407227
2.412109
2.416992
2.377930
