236.000000
1316.000000
2628.000000
3856.000000
4820.000000
5300.000000
5284.000000
4808.000000
3848.000000
2576.000000
1056.000000
-560.000000
-2108.000000
-3488.000000
-4540.000000
-5224.000000
-5464.000000
-5144.000000
-4416.000000
-3280.000000
-1840.000000
-244.000000
1376.000000
2864.000000
4092.000000
4952.000000
5320.000000
5248.000000
4648.000000
3640.000000
2312.000000
804.000000
-832.000000
-2400.000000
-3708.000000
-4740.000000
-5332.000000
-5452.000000
-5100.000000
-4268.000000
-3068.000000
-1616.000000
20.000000
1656.000000
3116.000000
4272.000000
5052.000000
5352.000000
5176.000000
4516.000000
3432.000000
2080.000000
524.000000
-1112.000000
-2612.000000
-3924.000000
-4864.000000
-5384.000000
-5428.000000
-5028.000000
-4100.000000
-2856.000000
-1408.000000
-444.000000
-124.000000
0.000000
-32.000000
-52.000000
-40.000000
-72.000000
-56.000000
-76.000000
-60.000000
-60.000000
-72.000000
-52.000000
-56.000000
-68.000000
-64.000000
-64.000000
-68.000000
-68.000000
-68.000000
-48.000000
-32.000000
-60.000000
-76.000000
-88.000000
-48.000000
-60.000000
-64.000000
-48.000000
-56.000000
-40.000000
-44.000000
-56.000000
-68.000000
-36.000000
-28.000000
-48.000000
-72.000000
-52.000000
-48.000000
-52.000000
-52.000000
-80.000000
-56.000000
-80.000000
-76.000000
-76.000000
-52.000000
-64.000000
-72.000000
-60.000000
-60.000000
-64.000000
-76.000000
-56.000000
-76.000000
-56.000000
-60.000000
-72.000000
-84.000000
-56.000000
-60.000000
-64.000000
-72.000000
-52.000000
-52.000000
-44.000000
-68.000000
-76.000000
-60.000000
-48.000000
-64.000000
-56.000000
-24.000000
-64.000000
-56.000000
-48.000000
-56.000000
-44.000000
-68.000000
-64.000000
-48.000000
-52.000000
-24.000000
-56.000000
-68.000000
-44.000000
-76.000000
-60.000000
-32.000000
-32.000000
-28.000000
-72.000000
-60.000000
-60.000000
-56.000000
-64.000000
-48.000000
-64.000000
-60.000000
-52.000000
-28.000000
-64.000000
-88.000000
-52.000000
-76.000000
-56.000000
-80.000000
-76.000000
-64.000000
-64.000000
-56.000000
-40.000000
-52.000000
-60.000000
-64.000000
-44.000000
-64.000000
-64.000000
-64.000000
-64.000000
-40.000000
-72.000000
-52.000000
-64.000000
-68.000000
-48.000000
-48.000000
-72.000000
-68.000000
-68.000000
-52.000000
-52.000000
-44.000000
-64.000000
-36.000000
-72.000000
-60.000000
-76.000000
-84.000000
-60.000000
-64.000000
-60.000000
-40.000000
-64.000000
-40.000000
-56.000000
-56.000000
-64.000000
-64.000000
-88.000000
-56.000000
-60.000000
-72.000000
-60.000000
-64.000000
-48.000000
-48.000000
-60.000000
-64.000000
-60.000000
-48.000000
-56.000000
-68.000000
-40.000000
-64.000000
-40.000000
-64.000000
-52.000000
-60.000000
-12.000000
-80.000000
-60.000000
-64.000000
-76.000000
-44.000000
-56.000000
-76.000000
-76.000000
-56.000000
-36.000000
-52.000000
-72.000000
-72.000000
-68.000000
-40.000000
-72.000000
-44.000000
-76.000000
-36.000000
-48.000000
-28.000000
-56.000000
-28.000000
-48.000000
-40.000000
-28.000000
-52.000000
-52.000000
-52.000000
-24.000000
-68.000000
-52.000000
-64.000000
-56.000000
-52.000000
-76.000000
-44.000000
-48.000000
-60.000000
-48.000000
-48.000000
-76.000000
-52.000000
-44.000000
-52.000000
-60.000000
-64.000000
-76.000000
-44.000000
-48.000000
-52.000000
-56.000000
-64.000000
-40.000000
-44.000000
-52.000000
-68.000000
-72.000000
-52.000000
-64.000000
-56.000000
-60.000000
-92.000000
-40.000000
-56.000000
-48.000000
-36.000000
-52.000000
-76.000000
-48.000000
-24.000000
-76.000000
-48.000000
-68.000000
-64.000000
-72.000000
-44.000000
-60.000000
-64.000000
-56.000000
-68.000000
-60.000000
-56.000000
-60.000000
-40.000000
-60.000000
-48.000000
-72.000000
-64.000000
-32.000000
-52.000000
-52.000000
-60.000000
-72.000000
-48.000000
-64.000000
-44.000000
-68.000000
-56.000000
-72.000000
-52.000000
-24.000000
-76.000000
-32.000000
-52.000000
-48.000000
-44.000000
-80.000000
-48.000000
-52.000000
-56.000000
-60.000000
-40.000000
-60.000000
-56.000000
-68.000000
-48.000000
-68.000000
-56.000000
-72.000000
-52.000000
-48.000000
-64.000000
-64.000000
-68.000000
-44.000000
-76.000000
-52.000000
-48.000000
-60.000000
-56.000000
-60.000000
-52.000000
-56.000000
-68.000000
-56.000000
-48.000000
-72.000000
-48.000000
-52.000000
-44.000000
-60.000000
-56.000000
-60.000000
-56.000000
-44.000000
-52.000000
-40.000000
-56.000000
-40.000000
-28.000000
-36.000000
-60.000000
-56.000000
-32.000000
-44.000000
-48.000000
-48.000000
-44.000000
-56.000000
-28.000000
-52.000000
-60.000000
-52.000000
-60.000000
-56.000000
-68.000000
-56.000000
-52.000000
-44.000000
-44.000000
-52.000000
-72.000000
-72.000000
-44.000000
-52.000000
-48.000000
-84.000000
-60.000000
-68.000000
-32.000000
-72.000000
-64.000000
-52.000000
-52.000000
-64.000000
-56.000000
-60.000000
-72.000000
-44.000000
-44.000000
-56.000000
-48.000000
-48.000000
-44.000000
-28.000000
-56.000000
-44.000000
-52.000000
-64.000000
-48.000000
-64.000000
-48.000000
-60.000000
-60.000000
-56.000000
-48.000000
-52.000000
-72.000000
-72.000000
-40.000000
-80.000000
-76.000000
-68.000000
-60.000000
-64.000000
-76.000000
-56.000000
-64.000000
-64.000000
-52.000000
-40.000000
-48.000000
-24.000000
-80.000000
-80.000000
-80.000000
-64.000000
-52.000000
-64.000000
-36.000000
-52.000000
-60.000000
-52.000000
-48.000000
-40.000000
-64.000000
-56.000000
-72.000000
-68.000000
-52.000000
-52.000000
-68.000000
-64.000000
-64.000000
-40.000000
-72.000000
-48.000000
-40.000000
-52.000000
-64.000000
-48.000000
-52.000000
-48.000000
-48.000000
-48.000000
-52.000000
-72.000000
-52.000000
-64.000000
-44.000000
-48.000000
-60.000000
-64.000000
-52.000000
-56.000000
-48.000000
-56.000000
-52.000000
-40.000000
-36.000000
-48.000000
-64.000000
-48.000000
-44.000000
-36.000000
-60.000000
-48.000000
-32.000000
-72.000000
-36.000000
-60.000000
-56.000000
-12.000000
-36.000000
-44.000000
-40.000000
-52.000000
-72.000000
-36.000000
-68.000000
-56.000000
-56.000000
-64.000000
-36.000000
-60.000000
-64.000000
-60.000000
-40.000000
-16.000000
-28.000000
-72.000000
-68.000000
-64.000000
-60.000000
-52.000000
-52.000000
-64.000000
-56.000000
-56.000000
-44.000000
-68.000000
-76.000000
-64.000000
-52.000000
-72.000000
-64.000000
-76.000000
-64.000000
-48.000000
-56.000000
-68.000000
-60.000000
-60.000000
-56.000000
-60.000000
-60.000000
-60.000000
-72.000000
-56.000000
-48.000000
-48.000000
-68.000000
-60.000000
-60.000000
-56.000000
-52.000000
-88.000000
-48.000000
-68.000000
-56.000000
-56.000000
-76.000000
-48.000000
-64.000000
-52.000000
-52.000000
-60.000000
-56.000000
-52.000000
-64.000000
-52.000000
-60.000000
-40.000000
-44.000000
-40.000000
-88.000000
-72.000000
-48.000000
-48.000000
-60.000000
-60.000000
-60.000000
-60.000000
-36.000000
-64.000000
-44.000000
-84.000000
-64.000000
-52.000000
-72.000000
-76.000000
-64.000000
-64.000000
-56.000000
-56.000000
-48.000000
-52.000000
-76.000000
-36.000000
-60.000000
-72.000000
-40.000000
-52.000000
-56.000000
-60.000000
-64.000000
-32.000000
-52.000000
-52.000000
-52.000000
-60.000000
-64.000000
-64.000000
-56.000000
-48.000000
-44.000000
-52.000000
-60.000000
-48.000000
-48.000000
-32.000000
-56.000000
-44.000000
-48.000000
-52.000000
-40.000000
-44.000000
-12.000000
-60.000000
-44.000000
-48.000000
-56.000000
-28.000000
-60.000000
-56.000000
-52.000000
-48.000000
-28.000000
-44.000000
-28.000000
-48.000000
-68.000000
-76.000000
-48.000000
-56.000000
-72.000000
-52.000000
-64.000000
-36.000000
-52.000000
-40.000000
-52.000000
-20.000000
-68.000000
-48.000000
-52.000000
-52.000000
-52.000000
-24.000000
-28.000000
-48.000000
-40.000000
-36.000000
-32.000000
-28.000000
-48.000000
-40.000000
-44.000000
-32.000000
-32.000000
-72.000000
-60.000000
-52.000000
-52.000000
-32.000000
-68.000000
-60.000000
-64.000000
-52.000000
-52.000000
-64.000000
-92.000000
-60.000000
-64.000000
-56.000000
-72.000000
-72.000000
-64.000000
-52.000000
-56.000000
-32.000000
-52.000000
-40.000000
-52.000000
-40.000000
-48.000000
-52.000000
-72.000000
-20.000000
-64.000000
-48.000000
-48.000000
-72.000000
-60.000000
-48.000000
-48.000000
-48.000000
-76.000000
-72.000000
-36.000000
-56.000000
-48.000000
-60.000000
-48.000000
-52.000000
-84.000000
-84.000000
-52.000000
-52.000000
-48.000000
-52.000000
-64.000000
-64.000000
-80.000000
-52.000000
-48.000000
-60.000000
-52.000000
-40.000000
-44.000000
-40.000000
-68.000000
-24.000000
-68.000000
-64.000000
-56.000000
-56.000000
-52.000000
-72.000000
-44.000000
-52.000000
-40.000000
-44.000000
-56.000000
-44.000000
-52.000000
-56.000000
-52.000000
-40.000000
-52.000000
-52.000000
-60.000000
-64.000000
-40.000000
-40.000000
-28.000000
-40.000000
-56.000000
-28.000000
-60.000000
-32.000000
-60.000000
-60.000000
-44.000000
-44.000000
-56.000000
-56.000000
-60.000000
-36.000000
-52.000000
-32.000000
-60.000000
-44.000000
-48.000000
-64.000000
-36.000000
-32.000000
-52.000000
-68.000000
-48.000000
-60.000000
-80.000000
-56.000000
-60.000000
-48.000000
-44.000000
-48.000000
-68.000000
-44.000000
-32.000000
-44.000000
-44.000000
-60.000000
-52.000000
-52.000000
-56.000000
-60.000000
-52.000000
-52.000000
-56.000000
-48.000000
-48.000000
-56.000000
-52.000000
-40.000000
-56.000000
-52.000000
-48.000000
-52.000000
-28.000000
-44.000000
-28.000000
-28.000000
-48.000000
-44.000000
-52.000000
-64.000000
-52.000000
-44.000000
-28.000000
-40.000000
-60.000000
-40.000000
-52.000000
-28.000000
-56.000000
-36.000000
-68.000000
-52.000000
-48.000000
-64.000000
-44.000000
-52.000000
-28.000000
-36.000000
-44.000000
-56.000000
-52.000000
-52.000000
-64.000000
-48.000000
-52.000000
-68.000000
-48.000000
-52.000000
-60.000000
-60.000000
-48.000000
-72.000000
-56.000000
-56.000000
-48.000000
-52.000000
-48.000000
-52.000000
-44.000000
-56.000000
-48.000000
-52.000000
-60.000000
-56.000000
-44.000000
-44.000000
-60.000000
-52.000000
-32.000000
-48.000000
-64.000000
-36.000000
-52.000000
-72.000000
-44.000000
-48.000000
-48.000000
-40.000000
-40.000000
-28.000000
-64.000000
-40.000000
-48.000000
-48.000000
-48.000000
-36.000000
-72.000000
-36.000000
-52.000000
-60.000000
-32.000000
-44.000000
-48.000000
-44.000000
-80.000000
-44.000000
-32.000000
-72.000000
-24.000000
-32.000000
-68.000000
-52.000000
-64.000000
-48.000000
-32.000000
-68.000000
-44.000000
-44.000000
-56.000000
-48.000000
-40.000000
-40.000000
-40.000000
-60.000000
-52.000000
-40.000000
-52.000000
-48.000000
-52.000000
-56.000000
-60.000000
-44.000000
-48.000000
-72.000000
-68.000000
-72.000000
-48.000000
-60.000000
-80.000000
-72.000000
-48.000000
-68.000000
-36.000000
-48.000000
-52.000000
-40.000000
-56.000000
-60.000000
-48.000000
-64.000000
-28.000000
-40.000000
-36.000000
-36.000000
-52.000000
-40.000000
-64.000000
-56.000000
-52.000000
-52.000000
-44.000000
-44.000000
-48.000000
-72.000000
-76.000000
-56.000000
-64.000000
-20.000000
-52.000000
-72.000000
-72.000000
-60.000000
-44.000000
-40.000000
-48.000000
-68.000000
-48.000000
-60.000000
-52.000000
-40.000000
-52.000000
-64.000000
-52.000000
-36.000000
-52.000000
-44.000000
-44.000000
-56.000000
-64.000000
-56.000000
-72.000000
-60.000000
-48.000000
-64.000000
-48.000000
-52.000000
-28.000000
-48.000000
-60.000000
-52.000000
-68.000000
-68.000000
-44.000000
-60.000000
-52.000000
-68.000000
-52.000000
-32.000000
-56.000000
-68.000000
-40.000000
-56.000000
-40.000000
-52.000000
-72.000000
-76.000000
-44.000000
-52.000000
-64.000000
-48.000000
-48.000000
-48.000000
-44.000000
-44.000000
-68.000000
-40.000000
-44.000000
-56.000000
-44.000000
-48.000000
-48.000000
-60.000000
-76.000000
-48.000000
-52.000000
-44.000000
-40.000000
-44.000000
-72.000000
-68.000000
-76.000000
-64.000000
-44.000000
-80.000000
-64.000000
-60.000000
-72.000000
-52.000000
-44.000000
-52.000000
-60.000000
-72.000000
-36.000000
-52.000000
-60.000000
-44.000000
-60.000000
-60.000000
-72.000000
-36.000000
-52.000000
-56.000000
-52.000000
-56.000000
-68.000000
-48.000000
-52.000000
-32.000000
-36.000000
-48.000000
-52.000000
-52.000000
-40.000000
-44.000000
-44.000000
-52.000000
-52.000000
-52.000000
-24.000000
-60.000000
-68.000000
-60.000000
-16.000000
-44.000000
-48.000000
-64.000000
-60.000000
-60.000000
-36.000000
-48.000000
-20.000000
-36.000000
-28.000000
-48.000000
-48.000000
-40.000000
-32.000000
-36.000000
-48.000000
-52.000000
-52.000000
-52.000000
-48.000000
-56.000000
-60.000000
-40.000000
-44.000000
-60.000000
-48.000000
-64.000000
-56.000000
-52.000000
-36.000000
-56.000000
-52.000000
-32.000000
-64.000000
-44.000000
-52.000000
-60.000000
-44.000000
-32.000000
-28.000000
-52.000000
-56.000000
-52.000000
-40.000000
-32.000000
-56.000000
-52.000000
-56.000000
-24.000000
-36.000000
-40.000000
-36.000000
-48.000000
-36.000000
-20.000000
-48.000000
-48.000000
-44.000000
-40.000000
-40.000000
-40.000000
-60.000000
-68.000000
-52.000000
-48.000000
-44.000000
-48.000000
-48.000000
-48.000000
-52.000000
-36.000000
-52.000000
-40.000000
-44.000000
-44.000000
-48.000000
-52.000000
-32.000000
-48.000000
-40.000000
-44.000000
-52.000000
-32.000000
-40.000000
-36.000000
-60.000000
-16.000000
-48.000000
-72.000000
-44.000000
-48.000000
-64.000000
-60.000000
-48.000000
-40.000000
-48.000000
-56.000000
-48.000000
-44.000000
-48.000000
-80.000000
-76.000000
-80.000000
-56.000000
-60.000000
-48.000000
-76.000000
-72.000000
-72.000000
-44.000000
-44.000000
-52.000000
-80.000000
-56.000000
-72.000000
-44.000000
-64.000000
-48.000000
-76.000000
-60.000000
-56.000000
-60.000000
-52.000000
-52.000000
-32.000000
-52.000000
-56.000000
-44.000000
-64.000000
-64.000000
-60.000000
-52.000000
-64.000000
-56.000000
-68.000000
-80.000000
-64.000000
-68.000000
-48.000000
-76.000000
-64.000000
-52.000000
-52.000000
-40.000000
-52.000000
-52.000000
-44.000000
-52.000000
-48.000000
-32.000000
-64.000000
-60.000000
-56.000000
-72.000000
-52.000000
-52.000000
-60.000000
-68.000000
-60.000000
-44.000000
-64.000000
-56.000000
-52.000000
-44.000000
-68.000000
-56.000000
-72.000000
-72.000000
-52.000000
-52.000000
-56.000000
-52.000000
-64.000000
-56.000000
-44.000000
-28.000000
-24.000000
-48.000000
-36.000000
-52.000000
-16.000000
-88.000000
-72.000000
-32.000000
-32.000000
-52.000000
-60.000000
-56.000000
-60.000000
-44.000000
-36.000000
-68.000000
-72.000000
-72.000000
-52.000000
-60.000000
-76.000000
-52.000000
-76.000000
-48.000000
-56.000000
-76.000000
-68.000000
-60.000000
-44.000000
-36.000000
-68.000000
-52.000000
-44.000000
-60.000000
-56.000000
-56.000000
-60.000000
-72.000000
-60.000000
-52.000000
-48.000000
-40.000000
-56.000000
-32.000000
-56.000000
-48.000000
-52.000000
-56.000000
-40.000000
-32.000000
-76.000000
-88.000000
-48.000000
-60.000000
-56.000000
-60.000000
-60.000000
-72.000000
-52.000000
-76.000000
-84.000000
-64.000000
-68.000000
-48.000000
-56.000000
-76.000000
-60.000000
-40.000000
-44.000000
-60.000000
-60.000000
-76.000000
-60.000000
-68.000000
-44.000000
-48.000000
-56.000000
-48.000000
-24.000000
-72.000000
-40.000000
-72.000000
-44.000000
-52.000000
-32.000000
-44.000000
-44.000000
-52.000000
-52.000000
-52.000000
-52.000000
-52.000000
-36.000000
-52.000000
-52.000000
-56.000000
-20.000000
-52.000000
-68.000000
-56.000000
-76.000000
-36.000000
-36.000000
-32.000000
-28.000000
-64.000000
-44.000000
-56.000000
-44.000000
-52.000000
-48.000000
-48.000000
-52.000000
-52.000000
-48.000000
-56.000000
-64.000000
-28.000000
-64.000000
-60.000000
-44.000000
-44.000000
-56.000000
-28.000000
-44.000000
-32.000000
-52.000000
-56.000000
-44.000000
-36.000000
-64.000000
-48.000000
-44.000000
-44.000000
-52.000000
-56.000000
-44.000000
-48.000000
-48.000000
-28.000000
-52.000000
-48.000000
-48.000000
-56.000000
-40.000000
-40.000000
-44.000000
-40.000000
-60.000000
-36.000000
-40.000000
-24.000000
-48.000000
-48.000000
-44.000000
-56.000000
-60.000000
-44.000000
-52.000000
-48.000000
-64.000000
-76.000000
-56.000000
-44.000000
-44.000000
-88.000000
-64.000000
-56.000000
-60.000000
-72.000000
-48.000000
-52.000000
-40.000000
-52.000000
-44.000000
-56.000000
-64.000000
-48.000000
-72.000000
-36.000000
-80.000000
-56.000000
-64.000000
-72.000000
-56.000000
-72.000000
-60.000000
-64.000000
-56.000000
-72.000000
-56.000000
-72.000000
-76.000000
-52.000000
-52.000000
-40.000000
-36.000000
-64.000000
-52.000000
-64.000000
-60.000000
-72.000000
-52.000000
-60.000000
-60.000000
-60.000000
-76.000000
-76.000000
-36.000000
-76.000000
-68.000000
-60.000000
-84.000000
-48.000000
-84.000000
-72.000000
-92.000000
-64.000000
-56.000000
-72.000000
-68.000000
-32.000000
-76.000000
-64.000000
-36.000000
-60.000000
-68.000000
-68.000000
-40.000000
-64.000000
-76.000000
-48.000000
-60.000000
-72.000000
-52.000000
-80.000000
-56.000000
-72.000000
-68.000000
-48.000000
-44.000000
-52.000000
-40.000000
-60.000000
-40.000000
-44.000000
-60.000000
-60.000000
-64.000000
-28.000000
-60.000000
-52.000000
-40.000000
-40.000000
-44.000000
-64.000000
-28.000000
-48.000000
-52.000000
-44.000000
-60.000000
-72.000000
-64.000000
-52.000000
-52.000000
-64.000000
-52.000000
-52.000000
-52.000000
-72.000000
-68.000000
-80.000000
-56.000000
-56.000000
-64.000000
-52.000000
-60.000000
-52.000000
-48.000000
-56.000000
-60.000000
-48.000000
-56.000000
-64.000000
-64.000000
-52.000000
-48.000000
-48.000000
-48.000000
-40.000000
-40.000000
-40.000000
-40.000000
-12.000000
-60.000000
-52.000000
-76.000000
-52.000000
-56.000000
-56.000000
-52.000000
-52.000000
-56.000000
-56.000000
-48.000000
-60.000000
-68.000000
-48.000000
-72.000000
-52.000000
-72.000000
-68.000000
-52.000000
-56.000000
-52.000000
-44.000000
-48.000000
-56.000000
-44.000000
-52.000000
-60.000000
-44.000000
-52.000000
-52.000000
-16.000000
-40.000000
-44.000000
-40.000000
-48.000000
-40.000000
-60.000000
-40.000000
-64.000000
-60.000000
-60.000000
-76.000000
-36.000000
-56.000000
-48.000000
-72.000000
-48.000000
-60.000000
-60.000000
-56.000000
-60.000000
-84.000000
-68.000000
-64.000000
-60.000000
-48.000000
-48.000000
-64.000000
-72.000000
-40.000000
-52.000000
-56.000000
-56.000000
-56.000000
-52.000000
-56.000000
-64.000000
-72.000000
-60.000000
-48.000000
-40.000000
-40.000000
-60.000000
-40.000000
-36.000000
-56.000000
-44.000000
-48.000000
-64.000000
-36.000000
-32.000000
-60.000000
-52.000000
-56.000000
-44.000000
-64.000000
-52.000000
-56.000000
-44.000000
-40.000000
-36.000000
-44.000000
-52.000000
-28.000000
-64.000000
-56.000000
-60.000000
-68.000000
-44.000000
-36.000000
-72.000000
-72.000000
-68.000000
-32.000000
-44.000000
-60.000000
-60.000000
-52.000000
-60.000000
-48.000000
-52.000000
-52.000000
-12.000000
-76.000000
-36.000000
-32.000000
-52.000000
-60.000000
-68.000000
-56.000000
-48.000000
-60.000000
-52.000000
-52.000000
-52.000000
-44.000000
-44.000000
-56.000000
-52.000000
-56.000000
-44.000000
-52.000000
-64.000000
-48.000000
-40.000000
-48.000000
-60.000000
-48.000000
-84.000000
-80.000000
-24.000000
-60.000000
-84.000000
-64.000000
-68.000000
-64.000000
-64.000000
-48.000000
-68.000000
-40.000000
-56.000000
-60.000000
-44.000000
-60.000000
-60.000000
-48.000000
-60.000000
-40.000000
-72.000000
-44.000000
-64.000000
-72.000000
-60.000000
-64.000000
-48.000000
-48.000000
-64.000000
-52.000000
-44.000000
-56.000000
-48.000000
-52.000000
-60.000000
-52.000000
-48.000000
-48.000000
-52.000000
-60.000000
-52.000000
-72.000000
-60.000000
-52.000000
-64.000000
-52.000000
-48.000000
-68.000000
-80.000000
-56.000000
-64.000000
-68.000000
-56.000000
-48.000000
-44.000000
-64.000000
-52.000000
-64.000000
-44.000000
-52.000000
-56.000000
-72.000000
-56.000000
-48.000000
-44.000000
-40.000000
-44.000000
-32.000000
-48.000000
-40.000000
-44.000000
-40.000000
-52.000000
-40.000000
-72.000000
-76.000000
-60.000000
-48.000000
-60.000000
-44.000000
-44.000000
-48.000000
-56.000000
-72.000000
-52.000000
-68.000000
-48.000000
-72.000000
-48.000000
-48.000000
-52.000000
-32.000000
-24.000000
-60.000000
-60.000000
-52.000000
-52.000000
-60.000000
-64.000000
-56.000000
-56.000000
-32.000000
-60.000000
-64.000000
-40.000000
-60.000000
-56.000000
-56.000000
-56.000000
-48.000000
-60.000000
-36.000000
-52.000000
-56.000000
-40.000000
-60.000000
-56.000000
-64.000000
-84.000000
-60.000000
-60.000000
-64.000000
-72.000000
-76.000000
-40.000000
-48.000000
-60.000000
-32.000000
-48.000000
-48.000000
-52.000000
-44.000000
-32.000000
-64.000000
-52.000000
-40.000000
-40.000000
-28.000000
-40.000000
-48.000000
-60.000000
-36.000000
-80.000000
-72.000000
-44.000000
-52.000000
-16.000000
-44.000000
-52.000000
-28.000000
-48.000000
-84.000000
-32.000000
-64.000000
-60.000000
-52.000000
-56.000000
-68.000000
-44.000000
-52.000000
-40.000000
-32.000000
-52.000000
-60.000000
-60.000000
-48.000000
-40.000000
-48.000000
-40.000000
-60.000000
-52.000000
-36.000000
-36.000000
-68.000000
-44.000000
-48.000000
-36.000000
-72.000000
-32.000000
-60.000000
-44.000000
-44.000000
-40.000000
-52.000000
-32.000000
-44.000000
-64.000000
-36.000000
-68.000000
-60.000000
-40.000000
-32.000000
-56.000000
-48.000000
-32.000000
-44.000000
-24.000000
-28.000000
-28.000000
-60.000000
-56.000000
-60.000000
-24.000000
-44.000000
-60.000000
-32.000000
-28.000000
-44.000000
-72.000000
-20.000000
-52.000000
-52.000000
-48.000000
-52.000000
-72.000000
-60.000000
-40.000000
-68.000000
-72.000000
-64.000000
-72.000000
-52.000000
-32.000000
-60.000000
-52.000000
-60.000000
-40.000000
-44.000000
-60.000000
-52.000000
-52.000000
-48.000000
-44.000000
-52.000000
-56.000000
-60.000000
-56.000000
-60.000000
-56.000000
-64.000000
-52.000000
-52.000000
-72.000000
-84.000000
-60.000000
-40.000000
-44.000000
-52.000000
-56.000000
-84.000000
-48.000000
-48.000000
-60.000000
-56.000000
-64.000000
-56.000000
-64.000000
-64.000000
-92.000000
-48.000000
-76.000000
-48.000000
-60.000000
-64.000000
-60.000000
-64.000000
-40.000000
-40.000000
-60.000000
-68.000000
-32.000000
-44.000000
-68.000000
-64.000000
-80.000000
-40.000000
-52.000000
-56.000000
-64.000000
-56.000000
-48.000000
-64.000000
-56.000000
-76.000000
-76.000000
-60.000000
-64.000000
-64.000000
-48.000000
-64.000000
-56.000000
-60.000000
-52.000000
-64.000000
-24.000000
-64.000000
-56.000000
-56.000000
-84.000000
-48.000000
-76.000000
-36.000000
-36.000000
-52.000000
-72.000000
-64.000000
-60.000000
-48.000000
-60.000000
-68.000000
-32.000000
-36.000000
-32.000000
-64.000000
-44.000000
-52.000000
-60.000000
-40.000000
-60.000000
-64.000000
-56.000000
-48.000000
-60.000000
-92.000000
-48.000000
-60.000000
-60.000000
-68.000000
-76.000000
-48.000000
-60.000000
-56.000000
-52.000000
-88.000000
-48.000000
-80.000000
-48.000000
-28.000000
-48.000000
-56.000000
-72.000000
-44.000000
-52.000000
-40.000000
-48.000000
-40.000000
-44.000000
-52.000000
-44.000000
-60.000000
-48.000000
-52.000000
-60.000000
-52.000000
-56.000000
