236.000000
1288.000000
2636.000000
3848.000000
4824.000000
5300.000000
5276.000000
4748.000000
3820.000000
2564.000000
1020.000000
-600.000000
-2156.000000
-3548.000000
-4600.000000
-5260.000000
-5472.000000
-5180.000000
-4424.000000
-3256.000000
-1848.000000
-248.000000
1392.000000
2892.000000
4108.000000
4948.000000
5336.000000
5224.000000
4644.000000
3648.000000
2280.000000
740.000000
-860.000000
-2400.000000
-3752.000000
-4760.000000
-5344.000000
-5472.000000
-5088.000000
-4272.000000
-3060.000000
-1576.000000
48.000000
1664.000000
3124.000000
4260.000000
5040.000000
5360.000000
5152.000000
4496.000000
3424.000000
2028.000000
468.000000
-1136.000000
-2640.000000
-3928.000000
-4864.000000
-5416.000000
-5404.000000
-4984.000000
-4096.000000
-2860.000000
-1420.000000
-460.000000
-152.000000
20.000000
-32.000000
-48.000000
-64.000000
-64.000000
-56.000000
-52.000000
-64.000000
-80.000000
-64.000000
-68.000000
-80.000000
-72.000000
-88.000000
-72.000000
-64.000000
-100.000000
-72.000000
-60.000000
-48.000000
-64.000000
-84.000000
-80.000000
-64.000000
-52.000000
-80.000000
-36.000000
-56.000000
-72.000000
-44.000000
-64.000000
-84.000000
-92.000000
-56.000000
-56.000000
-72.000000
-60.000000
-28.000000
-52.000000
-40.000000
-64.000000
-52.000000
-52.000000
-76.000000
-44.000000
-64.000000
-24.000000
-72.000000
-52.000000
-52.000000
-52.000000
-64.000000
-72.000000
-60.000000
-28.000000
-32.000000
-44.000000
-64.000000
-60.000000
-56.000000
-64.000000
-64.000000
-56.000000
-64.000000
-88.000000
-60.000000
-68.000000
-72.000000
-64.000000
-60.000000
-80.000000
-60.000000
-64.000000
-48.000000
-56.000000
-56.000000
-64.000000
-68.000000
-52.000000
-48.000000
-52.000000
-52.000000
-56.000000
-84.000000
-48.000000
-40.000000
-56.000000
-36.000000
-36.000000
-56.000000
-44.000000
-52.000000
-32.000000
-40.000000
-44.000000
-40.000000
-44.000000
-44.000000
-48.000000
-48.000000
-48.000000
-64.000000
-52.000000
-48.000000
-36.000000
-32.000000
-52.000000
-36.000000
-44.000000
-48.000000
-44.000000
-36.000000
-32.000000
-60.000000
-48.000000
-56.000000
-24.000000
-44.000000
-48.000000
-56.000000
-64.000000
-48.000000
-36.000000
-28.000000
-52.000000
-32.000000
-28.000000
-52.000000
-60.000000
-60.000000
-24.000000
-32.000000
-52.000000
-20.000000
-48.000000
-32.000000
-68.000000
-40.000000
-28.000000
-32.000000
-44.000000
-60.000000
-56.000000
-36.000000
-48.000000
-60.000000
-64.000000
-48.000000
-48.000000
-48.000000
-40.000000
-72.000000
-48.000000
-44.000000
-40.000000
-88.000000
-52.000000
-40.000000
-48.000000
-44.000000
-48.000000
-64.000000
-48.000000
-40.000000
-44.000000
-68.000000
-56.000000
-56.000000
-60.000000
-52.000000
-44.000000
-64.000000
-64.000000
-28.000000
-52.000000
-68.000000
-64.000000
-60.000000
-32.000000
-44.000000
-44.000000
-40.000000
-52.000000
-52.000000
-64.000000
-56.000000
-44.000000
-48.000000
-48.000000
-44.000000
-44.000000
-40.000000
-36.000000
-44.000000
-32.000000
-44.000000
-60.000000
-20.000000
-48.000000
-72.000000
-48.000000
-48.000000
-68.000000
-56.000000
-52.000000
-48.000000
-52.000000
-36.000000
-40.000000
-64.000000
-48.000000
-60.000000
-68.000000
-44.000000
-52.000000
-48.000000
-52.000000
-48.000000
-56.000000
-40.000000
-52.000000
-44.000000
-44.000000
-40.000000
-32.000000
-36.000000
-28.000000
-52.000000
-44.000000
-44.000000
-64.000000
-48.000000
-52.000000
-40.000000
-40.000000
-52.000000
-44.000000
-32.000000
-64.000000
-48.000000
-60.000000
-48.000000
-60.000000
-40.000000
-44.000000
-48.000000
-56.000000
-52.000000
-52.000000
-48.000000
-44.000000
-60.000000
-44.000000
-52.000000
-52.000000
-48.000000
-32.000000
-56.000000
-36.000000
-44.000000
-52.000000
-64.000000
-60.000000
-56.000000
-52.000000
-36.000000
-56.000000
-60.000000
-56.000000
-52.000000
-40.000000
-64.000000
-44.000000
-60.000000
-36.000000
-72.000000
-76.000000
-88.000000
-56.000000
-44.000000
-72.000000
-76.000000
-44.000000
-32.000000
-52.000000
-60.000000
-56.000000
-64.000000
-40.000000
-64.000000
-44.000000
-64.000000
-64.000000
-48.000000
-40.000000
-48.000000
-28.000000
-44.000000
-72.000000
-36.000000
-44.000000
-48.000000
-60.000000
-72.000000
-44.000000
-64.000000
-44.000000
-48.000000
-84.000000
-56.000000
-56.000000
-64.000000
-84.000000
-56.000000
-60.000000
-72.000000
-56.000000
-52.000000
-52.000000
-60.000000
-64.000000
-56.000000
-52.000000
-64.000000
-64.000000
-64.000000
-92.000000
-60.000000
-56.000000
-60.000000
-52.000000
-40.000000
-68.000000
-64.000000
-48.000000
-48.000000
-44.000000
-52.000000
-64.000000
-64.000000
-72.000000
-56.000000
-44.000000
-64.000000
-48.000000
-52.000000
-48.000000
-52.000000
-40.000000
-72.000000
-64.000000
-76.000000
-52.000000
-52.000000
-64.000000
-72.000000
-52.000000
-72.000000
-56.000000
-44.000000
-60.000000
-56.000000
-56.000000
-60.000000
-40.000000
-68.000000
-60.000000
-56.000000
-36.000000
-64.000000
-68.000000
-68.000000
-60.000000
-60.000000
-60.000000
-36.000000
-56.000000
-72.000000
-72.000000
-64.000000
-48.000000
-48.000000
-88.000000
-72.000000
-64.000000
-80.000000
-56.000000
-52.000000
-56.000000
-80.000000
-80.000000
-72.000000
-68.000000
-80.000000
-56.000000
-76.000000
-72.000000
-64.000000
-60.000000
-52.000000
-56.000000
-84.000000
-68.000000
-48.000000
-68.000000
-68.000000
-80.000000
-84.000000
-76.000000
-92.000000
-72.000000
-48.000000
-76.000000
-88.000000
-92.000000
-72.000000
-84.000000
-88.000000
-92.000000
-52.000000
-72.000000
-88.000000
-72.000000
-72.000000
-60.000000
-56.000000
-64.000000
-64.000000
-48.000000
-44.000000
-56.000000
-92.000000
-92.000000
-72.000000
-48.000000
-72.000000
-80.000000
-52.000000
-68.000000
-68.000000
-68.000000
-76.000000
-88.000000
-88.000000
-56.000000
-92.000000
-60.000000
-72.000000
-80.000000
-80.000000
-64.000000
-96.000000
-64.000000
-72.000000
-76.000000
-72.000000
-92.000000
-68.000000
-64.000000
-60.000000
-84.000000
-92.000000
-64.000000
-84.000000
-60.000000
-64.000000
-80.000000
-68.000000
-56.000000
-80.000000
-60.000000
-56.000000
-52.000000
-72.000000
-44.000000
-72.000000
-72.000000
-80.000000
-76.000000
-64.000000
-60.000000
-52.000000
-72.000000
-88.000000
-72.000000
-60.000000
-64.000000
-88.000000
-60.000000
-76.000000
-88.000000
-88.000000
-64.000000
-72.000000
-80.000000
-60.000000
-72.000000
-88.000000
-64.000000
-84.000000
-88.000000
-92.000000
-76.000000
-60.000000
-56.000000
-68.000000
-80.000000
-56.000000
-76.000000
-72.000000
-64.000000
-92.000000
-72.000000
-72.000000
-76.000000
-72.000000
-48.000000
-80.000000
-80.000000
-48.000000
-68.000000
-76.000000
-72.000000
-88.000000
-80.000000
-88.000000
-64.000000
-76.000000
-88.000000
-72.000000
-72.000000
-76.000000
-72.000000
-96.000000
-76.000000
-76.000000
-76.000000
-60.000000
-72.000000
-60.000000
-32.000000
-80.000000
-60.000000
-80.000000
-64.000000
-56.000000
-68.000000
-48.000000
-76.000000
-76.000000
-56.000000
-52.000000
-56.000000
-76.000000
-52.000000
-80.000000
-88.000000
-68.000000
-48.000000
-72.000000
-72.000000
-88.000000
-56.000000
-64.000000
-64.000000
-72.000000
-72.000000
-76.000000
-64.000000
-64.000000
-64.000000
-72.000000
-72.000000
-72.000000
-36.000000
-40.000000
-60.000000
-60.000000
-60.000000
-76.000000
-56.000000
-60.000000
-68.000000
-64.000000
-72.000000
-56.000000
-60.000000
-76.000000
-60.000000
-48.000000
-64.000000
-72.000000
-104.000000
-60.000000
-48.000000
-72.000000
-64.000000
-60.000000
-60.000000
-32.000000
-52.000000
-60.000000
-64.000000
-68.000000
-72.000000
-52.000000
-64.000000
-64.000000
-60.000000
-52.000000
-52.000000
-48.000000
-52.000000
-48.000000
-48.000000
-44.000000
-72.000000
-60.000000
-60.000000
-56.000000
-68.000000
-56.000000
-56.000000
-64.000000
-44.000000
-72.000000
-80.000000
-72.000000
-60.000000
-60.000000
-64.000000
-72.000000
-64.000000
-64.000000
-52.000000
-60.000000
-68.000000
-72.000000
-56.000000
-92.000000
-64.000000
-64.000000
-64.000000
-48.000000
-72.000000
-76.000000
-64.000000
-72.000000
-48.000000
-72.000000
-64.000000
-48.000000
-72.000000
-64.000000
-60.000000
-80.000000
-48.000000
-68.000000
-52.000000
-48.000000
-76.000000
-80.000000
-60.000000
-56.000000
-48.000000
-72.000000
-56.000000
-64.000000
-52.000000
-72.000000
-48.000000
-52.000000
-64.000000
-52.000000
-60.000000
-56.000000
-72.000000
-56.000000
-52.000000
-40.000000
-56.000000
-88.000000
-56.000000
-52.000000
-60.000000
-60.000000
-60.000000
-52.000000
-40.000000
-56.000000
-72.000000
-48.000000
-60.000000
-56.000000
-56.000000
-72.000000
-60.000000
-80.000000
-60.000000
-60.000000
-72.000000
-80.000000
-52.000000
-64.000000
-56.000000
-36.000000
-72.000000
-60.000000
-64.000000
-60.000000
-48.000000
-72.000000
-64.000000
-32.000000
-60.000000
-16.000000
-48.000000
-16.000000
-36.000000
-44.000000
-40.000000
-40.000000
-32.000000
-44.000000
-56.000000
-44.000000
-48.000000
-56.000000
-48.000000
-76.000000
-44.000000
-84.000000
-64.000000
-44.000000
-52.000000
-36.000000
-76.000000
-68.000000
-48.000000
-40.000000
-48.000000
-52.000000
-76.000000
-32.000000
-52.000000
-36.000000
-56.000000
-68.000000
-44.000000
-36.000000
-72.000000
-52.000000
-36.000000
-48.000000
-56.000000
-52.000000
-56.000000
-64.000000
-44.000000
-40.000000
-60.000000
-80.000000
-48.000000
-72.000000
-52.000000
-48.000000
-60.000000
-68.000000
-52.000000
-20.000000
-100.000000
-48.000000
-68.000000
-40.000000
-36.000000
-52.000000
-52.000000
-64.000000
-72.000000
-56.000000
-48.000000
-60.000000
-56.000000
-56.000000
-48.000000
-52.000000
-64.000000
-60.000000
-52.000000
-68.000000
-60.000000
-72.000000
-80.000000
-52.000000
-32.000000
-60.000000
-68.000000
-60.000000
-64.000000
-56.000000
-48.000000
-60.000000
-60.000000
-48.000000
-48.000000
-48.000000
-64.000000
-48.000000
-48.000000
-44.000000
-48.000000
-40.000000
-52.000000
-52.000000
-44.000000
-60.000000
-52.000000
-52.000000
-52.000000
-40.000000
-44.000000
-52.000000
-60.000000
-40.000000
-36.000000
-48.000000
-40.000000
-80.000000
-56.000000
-52.000000
-64.000000
-40.000000
-60.000000
-44.000000
-76.000000
-48.000000
-56.000000
-68.000000
-56.000000
-48.000000
-32.000000
-72.000000
-40.000000
-56.000000
-36.000000
-24.000000
-48.000000
-48.000000
-48.000000
-40.000000
-52.000000
-60.000000
-40.000000
-52.000000
-32.000000
-60.000000
-40.000000
-52.000000
-44.000000
-32.000000
-40.000000
-52.000000
-52.000000
-64.000000
0.000000
-32.000000
-40.000000
-52.000000
-44.000000
-60.000000
-48.000000
-56.000000
-60.000000
-48.000000
-56.000000
-44.000000
-52.000000
-24.000000
-64.000000
-48.000000
-52.000000
-60.000000
-68.000000
-52.000000
-36.000000
-56.000000
-56.000000
-60.000000
-32.000000
-48.000000
-60.000000
-56.000000
-40.000000
-32.000000
-20.000000
-60.000000
-56.000000
-80.000000
-36.000000
-32.000000
-48.000000
-40.000000
-68.000000
-56.000000
-36.000000
-60.000000
-48.000000
-52.000000
-52.000000
-60.000000
-80.000000
-68.000000
-72.000000
-60.000000
-48.000000
-44.000000
-60.000000
-48.000000
-44.000000
-44.000000
-68.000000
-60.000000
-52.000000
-40.000000
-24.000000
-52.000000
-48.000000
-64.000000
-48.000000
-60.000000
-56.000000
-40.000000
-72.000000
-64.000000
-48.000000
-40.000000
-52.000000
-72.000000
-64.000000
-64.000000
-76.000000
-52.000000
-44.000000
-80.000000
-48.000000
-32.000000
-72.000000
-60.000000
-68.000000
-48.000000
-64.000000
-60.000000
-60.000000
-36.000000
-72.000000
-52.000000
-64.000000
-52.000000
-40.000000
-52.000000
-44.000000
-56.000000
-48.000000
-60.000000
-56.000000
-56.000000
-68.000000
-64.000000
-52.000000
-44.000000
-60.000000
-40.000000
-52.000000
-44.000000
-52.000000
-60.000000
-60.000000
-68.000000
-44.000000
-40.000000
-44.000000
-84.000000
-72.000000
-32.000000
-40.000000
-36.000000
-64.000000
-52.000000
-52.000000
-44.000000
-68.000000
-76.000000
-72.000000
-52.000000
-60.000000
-48.000000
-60.000000
-48.000000
-64.000000
-44.000000
-60.000000
-64.000000
-64.000000
-64.000000
-40.000000
-60.000000
-44.000000
-64.000000
-56.000000
-60.000000
-32.000000
-44.000000
-52.000000
-44.000000
-40.000000
-76.000000
-76.000000
-56.000000
-44.000000
-44.000000
-44.000000
-60.000000
-56.000000
-60.000000
-68.000000
-56.000000
-56.000000
-72.000000
-48.000000
-44.000000
-68.000000
-60.000000
-52.000000
-52.000000
-48.000000
-64.000000
-56.000000
-64.000000
-72.000000
-44.000000
-36.000000
-64.000000
-36.000000
-48.000000
-48.000000
-32.000000
-72.000000
-40.000000
-60.000000
-44.000000
-60.000000
-52.000000
-84.000000
-60.000000
-32.000000
-68.000000
-56.000000
-72.000000
-60.000000
-56.000000
-52.000000
-72.000000
-72.000000
-48.000000
-48.000000
-60.000000
-64.000000
-60.000000
-60.000000
-36.000000
-36.000000
-60.000000
-60.000000
-60.000000
-64.000000
-48.000000
-52.000000
-64.000000
-64.000000
-48.000000
-80.000000
-72.000000
-80.000000
-60.000000
-48.000000
-60.000000
-52.000000
-52.000000
-52.000000
-64.000000
-44.000000
-64.000000
-60.000000
-44.000000
-44.000000
-48.000000
-56.000000
-56.000000
-48.000000
-36.000000
-40.000000
-52.000000
-44.000000
-56.000000
-64.000000
-56.000000
-64.000000
-44.000000
-60.000000
-44.000000
-36.000000
-48.000000
-48.000000
-56.000000
-48.000000
-32.000000
-52.000000
-52.000000
-56.000000
-52.000000
-52.000000
-72.000000
-44.000000
-52.000000
-40.000000
-48.000000
-60.000000
-52.000000
-72.000000
-60.000000
-60.000000
-44.000000
-60.000000
-40.000000
-36.000000
-24.000000
-64.000000
-24.000000
-40.000000
-56.000000
-44.000000
-64.000000
-68.000000
-48.000000
-44.000000
-64.000000
-68.000000
-52.000000
-76.000000
-48.000000
-64.000000
-64.000000
-80.000000
-64.000000
-56.000000
-56.000000
-48.000000
-44.000000
-56.000000
-32.000000
-60.000000
-52.000000
-56.000000
-68.000000
-44.000000
-32.000000
-84.000000
-56.000000
-32.000000
-32.000000
-68.000000
-64.000000
-44.000000
-64.000000
-60.000000
-44.000000
-48.000000
-72.000000
-40.000000
-56.000000
-56.000000
-56.000000
-48.000000
-72.000000
-80.000000
-72.000000
-44.000000
-56.000000
-52.000000
-72.000000
-64.000000
-48.000000
-48.000000
-68.000000
-60.000000
-48.000000
-60.000000
-52.000000
-68.000000
-72.000000
-56.000000
-36.000000
-64.000000
-68.000000
-52.000000
-52.000000
-68.000000
-40.000000
-56.000000
-44.000000
-60.000000
-48.000000
-52.000000
-60.000000
-60.000000
-52.000000
-52.000000
-52.000000
-40.000000
-48.000000
-64.000000
-64.000000
-60.000000
-32.000000
-48.000000
-76.000000
-68.000000
-64.000000
-48.000000
-48.000000
-44.000000
-52.000000
-48.000000
-64.000000
-56.000000
-32.000000
-64.000000
-32.000000
-56.000000
-24.000000
-64.000000
-84.000000
-44.000000
-48.000000
-68.000000
-36.000000
-48.000000
-48.000000
-64.000000
-48.000000
-72.000000
-60.000000
-52.000000
-60.000000
-60.000000
-60.000000
-64.000000
-44.000000
-56.000000
-72.000000
-52.000000
-64.000000
-52.000000
-44.000000
-52.000000
-72.000000
-44.000000
-44.000000
-52.000000
-72.000000
-56.000000
-56.000000
-44.000000
-32.000000
-44.000000
-72.000000
-56.000000
-20.000000
-44.000000
-56.000000
-48.000000
-60.000000
-52.000000
-48.000000
-36.000000
-60.000000
-44.000000
-60.000000
-52.000000
-40.000000
-40.000000
-40.000000
-72.000000
-48.000000
-52.000000
-48.000000
-52.000000
-44.000000
-80.000000
-40.000000
-16.000000
-28.000000
-32.000000
-52.000000
-60.000000
-40.000000
-52.000000
-48.000000
-44.000000
-44.000000
-40.000000
-60.000000
-44.000000
-44.000000
-48.000000
-52.000000
-52.000000
-64.000000
-52.000000
-36.000000
-44.000000
-52.000000
-56.000000
-48.000000
-44.000000
-56.000000
-44.000000
-64.000000
-32.000000
-48.000000
-64.000000
-52.000000
-48.000000
-56.000000
-36.000000
-40.000000
-48.000000
-32.000000
-44.000000
-48.000000
-56.000000
-52.000000
-44.000000
-44.000000
-52.000000
-48.000000
-56.000000
-40.000000
-56.000000
-44.000000
-44.000000
-44.000000
-56.000000
-56.000000
-36.000000
-60.000000
-28.000000
-52.000000
-44.000000
-44.000000
-36.000000
-60.000000
-60.000000
-40.000000
-52.000000
-60.000000
-48.000000
-48.000000
-40.000000
-28.000000
-48.000000
-52.000000
-48.000000
-52.000000
-48.000000
-24.000000
-44.000000
-40.000000
-32.000000
-60.000000
-36.000000
-36.000000
-36.000000
-40.000000
-36.000000
-56.000000
-52.000000
-56.000000
-40.000000
-32.000000
-40.000000
-40.000000
-40.000000
-52.000000
-36.000000
-44.000000
-72.000000
-60.000000
-44.000000
-52.000000
-52.000000
-52.000000
-80.000000
-60.000000
-44.000000
-36.000000
-72.000000
-76.000000
-96.000000
-80.000000
-52.000000
-56.000000
-72.000000
-16.000000
-48.000000
-48.000000
-44.000000
-28.000000
-52.000000
-44.000000
-40.000000
-52.000000
-40.000000
-40.000000
-32.000000
-36.000000
-60.000000
-60.000000
-24.000000
-36.000000
-48.000000
-56.000000
-48.000000
-64.000000
-56.000000
-56.000000
-56.000000
-52.000000
-48.000000
-48.000000
-36.000000
-56.000000
-52.000000
-36.000000
-36.000000
-8.000000
-44.000000
-44.000000
-52.000000
-20.000000
-28.000000
-40.000000
-48.000000
-40.000000
-44.000000
-44.000000
-52.000000
-48.000000
-44.000000
-48.000000
-48.000000
-48.000000
-52.000000
-44.000000
-40.000000
-28.000000
-76.000000
-36.000000
-48.000000
-40.000000
-40.000000
-36.000000
-32.000000
-48.000000
-32.000000
-32.000000
-56.000000
-36.000000
-60.000000
-28.000000
-8.000000
-36.000000
-48.000000
-36.000000
-28.000000
-32.000000
-44.000000
-28.000000
-44.000000
-44.000000
-44.000000
-52.000000
-40.000000
-32.000000
-44.000000
-48.000000
-48.000000
-32.000000
-60.000000
-32.000000
-40.000000
-68.000000
-56.000000
-44.000000
-40.000000
-52.000000
-48.000000
-44.000000
-52.000000
-40.000000
-48.000000
-44.000000
-32.000000
-48.000000
-40.000000
-44.000000
-52.000000
-48.000000
-64.000000
-48.000000
-40.000000
-40.000000
-40.000000
-56.000000
-60.000000
-52.000000
-56.000000
-56.000000
-56.000000
-48.000000
-40.000000
-64.000000
-48.000000
-44.000000
-44.000000
-40.000000
-48.000000
-40.000000
-36.000000
-44.000000
-52.000000
-44.000000
-36.000000
-48.000000
-20.000000
-40.000000
-48.000000
-44.000000
-64.000000
-60.000000
-44.000000
-48.000000
-44.000000
-44.000000
-44.000000
-44.000000
-44.000000
-40.000000
-40.000000
-36.000000
-36.000000
-44.000000
-60.000000
-36.000000
-48.000000
-40.000000
-52.000000
-44.000000
-32.000000
-32.000000
-60.000000
-64.000000
-44.000000
-36.000000
-64.000000
-44.000000
-56.000000
-48.000000
-44.000000
-28.000000
-36.000000
-36.000000
-60.000000
-56.000000
-48.000000
-36.000000
-48.000000
-44.000000
-16.000000
-36.000000
-28.000000
-28.000000
-48.000000
-32.000000
-36.000000
-48.000000
-32.000000
-48.000000
-48.000000
-36.000000
-44.000000
-52.000000
-48.000000
-44.000000
-40.000000
-48.000000
-52.000000
-60.000000
-56.000000
-36.000000
-48.000000
-44.000000
-44.000000
-40.000000
-28.000000
-28.000000
-36.000000
-40.000000
-20.000000
-36.000000
-32.000000
-48.000000
-48.000000
-60.000000
-24.000000
-28.000000
-68.000000
-36.000000
-52.000000
-40.000000
-56.000000
-36.000000
-36.000000
-28.000000
-44.000000
-32.000000
-48.000000
-40.000000
-44.000000
-48.000000
-44.000000
-52.000000
-32.000000
-28.000000
-40.000000
-44.000000
-68.000000
-40.000000
-56.000000
-32.000000
-72.000000
-32.000000
-36.000000
-72.000000
-48.000000
-52.000000
-40.000000
-64.000000
-40.000000
-48.000000
-48.000000
-52.000000
-40.000000
-48.000000
-40.000000
-32.000000
-40.000000
-60.000000
-48.000000
-48.000000
-32.000000
-44.000000
-36.000000
-52.000000
-40.000000
-68.000000
-56.000000
-64.000000
-32.000000
-60.000000
-60.000000
-68.000000
-60.000000
-48.000000
-56.000000
-48.000000
-60.000000
-48.000000
-44.000000
-64.000000
-32.000000
-52.000000
-48.000000
-40.000000
-40.000000
-60.000000
-52.000000
-52.000000
-48.000000
-44.000000
-48.000000
-48.000000
-76.000000
-40.000000
-60.000000
-60.000000
-48.000000
-56.000000
-48.000000
-28.000000
-56.000000
-60.000000
-44.000000
-48.000000
-44.000000
-48.000000
-64.000000
-64.000000
-36.000000
-48.000000
-60.000000
-52.000000
-56.000000
-36.000000
-44.000000
-40.000000
-60.000000
-52.000000
-56.000000
-32.000000
-16.000000
-32.000000
-40.000000
-40.000000
-40.000000
-32.000000
-28.000000
-36.000000
-60.000000
-20.000000
-44.000000
-36.000000
-56.000000
-52.000000
-44.000000
-44.000000
-64.000000
-60.000000
-64.000000
-48.000000
-60.000000
-44.000000
-52.000000
-52.000000
-36.000000
-52.000000
-64.000000
-76.000000
-52.000000
-60.000000
-48.000000
-48.000000
-52.000000
-48.000000
-32.000000
-44.000000
-64.000000
-52.000000
-68.000000
-60.000000
-48.000000
-56.000000
-56.000000
-40.000000
-52.000000
-40.000000
-40.000000
-28.000000
-44.000000
-48.000000
-64.000000
-60.000000
-56.000000
-48.000000
-52.000000
-60.000000
-48.000000
-48.000000
-48.000000
-40.000000
-48.000000
-56.000000
-52.000000
-48.000000
-56.000000
-36.000000
-64.000000
-60.000000
-60.000000
-52.000000
-64.000000
-40.000000
-56.000000
-44.000000
-44.000000
-56.000000
-68.000000
-72.000000
-52.000000
-52.000000
-44.000000
-52.000000
-40.000000
-48.000000
-60.000000
-64.000000
-64.000000
-56.000000
-72.000000
-56.000000
-56.000000
-64.000000
-60.000000
-72.000000
-44.000000
-44.000000
-64.000000
-60.000000
-56.000000
-52.000000
-60.000000
-48.000000
-48.000000
-32.000000
-48.000000
-40.000000
-48.000000
-52.000000
-40.000000
-32.000000
-24.000000
-56.000000
-48.000000
-48.000000
-40.000000
-36.000000
-44.000000
-40.000000
-48.000000
-48.000000
-28.000000
-60.000000
-40.000000
-40.000000
-52.000000
-48.000000
-36.000000
-56.000000
-36.000000
-36.000000
-24.000000
-44.000000
-44.000000
-48.000000
-40.000000
-56.000000
-32.000000
-44.000000
-56.000000
-16.000000
-32.000000
-56.000000
-40.000000
-48.000000
-56.000000
-44.000000
-40.000000
-72.000000
-44.000000
-48.000000
-20.000000
-28.000000
-44.000000
-56.000000
-60.000000
-40.000000
-72.000000
-48.000000
-60.000000
-52.000000
-60.000000
-48.000000
-44.000000
-48.000000
-48.000000
0.000000
-60.000000
-64.000000
-52.000000
-52.000000
-48.000000
-44.000000
-48.000000
-52.000000
-44.000000
-48.000000
-48.000000
-32.000000
-48.000000
-44.000000
-52.000000
-40.000000
-48.000000
-64.000000
-40.000000
-52.000000
-32.000000
-40.000000
-48.000000
-48.000000
-52.000000
-60.000000
-52.000000
-36.000000
-64.000000
-44.000000
-44.000000
-44.000000
-64.000000
-52.000000
-60.000000
-32.000000
-56.000000
-56.000000
-56.000000
-48.000000
-60.000000
-60.000000
-48.000000
-76.000000
-52.000000
-72.000000
-20.000000
-56.000000
-36.000000
-52.000000
-56.000000
-40.000000
-64.000000
-28.000000
-28.000000
-72.000000
-64.000000
-72.000000
-44.000000
-60.000000
-64.000000
-52.000000
-40.000000
-52.000000
-48.000000
-40.000000
-56.000000
-36.000000
-56.000000
-48.000000
-40.000000
-32.000000
-72.000000
-48.000000
-52.000000
-76.000000
-36.000000
-44.000000
-28.000000
-48.000000
-48.000000
-44.000000
-28.000000
-52.000000
-48.000000
-52.000000
-76.000000
