304.000000
1344.000000
2672.000000
3904.000000
4880.000000
5320.000000
5276.000000
4772.000000
3796.000000
2496.000000
972.000000
-608.000000
-2172.000000
-3544.000000
-4604.000000
-5244.000000
-5440.000000
-5132.000000
-4364.000000
-3212.000000
-1788.000000
-176.000000
1448.000000
2928.000000
4156.000000
4980.000000
5348.000000
5216.000000
4628.000000
3600.000000
2256.000000
720.000000
-900.000000
-2428.000000
-3756.000000
-4800.000000
-5340.000000
-5456.000000
-5076.000000
-4232.000000
-3012.000000
-1552.000000
76.000000
1720.000000
3160.000000
4288.000000
5068.000000
5344.000000
5128.000000
4476.000000
3388.000000
2012.000000
440.000000
-1168.000000
-2652.000000
-3928.000000
-4892.000000
-5384.000000
-5428.000000
-4972.000000
-4060.000000
-2792.000000
-1352.000000
-432.000000
-104.000000
-8.000000
-12.000000
-52.000000
-36.000000
-64.000000
-72.000000
-52.000000
-44.000000
-56.000000
-48.000000
-68.000000
-72.000000
-72.000000
-60.000000
-32.000000
-72.000000
-76.000000
-60.000000
-44.000000
-52.000000
-56.000000
-68.000000
-76.000000
-76.000000
-64.000000
-52.000000
-40.000000
-44.000000
-48.000000
-28.000000
-52.000000
-60.000000
-64.000000
-40.000000
-52.000000
-68.000000
-52.000000
-52.000000
-56.000000
-40.000000
-48.000000
-72.000000
-32.000000
-72.000000
-48.000000
-40.000000
-44.000000
-52.000000
-48.000000
-48.000000
-36.000000
-64.000000
-44.000000
-48.000000
-56.000000
-12.000000
-36.000000
-44.000000
-44.000000
-44.000000
-36.000000
-64.000000
-48.000000
-44.000000
-48.000000
-60.000000
-44.000000
-48.000000
-60.000000
-32.000000
-36.000000
-68.000000
-40.000000
-36.000000
-44.000000
-44.000000
-52.000000
-72.000000
-40.000000
-32.000000
-52.000000
-60.000000
-52.000000
-48.000000
-32.000000
-52.000000
-48.000000
-28.000000
-64.000000
-48.000000
-72.000000
-52.000000
-68.000000
-44.000000
-44.000000
-52.000000
-60.000000
-56.000000
-68.000000
-52.000000
-48.000000
-80.000000
-64.000000
-48.000000
-52.000000
-40.000000
-52.000000
-48.000000
-48.000000
-60.000000
-36.000000
-56.000000
-52.000000
-48.000000
-36.000000
-28.000000
-56.000000
-44.000000
-48.000000
-52.000000
-56.000000
-56.000000
-36.000000
-40.000000
-40.000000
-32.000000
-60.000000
-60.000000
-60.000000
-60.000000
-56.000000
-56.000000
-40.000000
-52.000000
-52.000000
-48.000000
-76.000000
-40.000000
-56.000000
-44.000000
-84.000000
-80.000000
-68.000000
-64.000000
-52.000000
-36.000000
-72.000000
-44.000000
-44.000000
-36.000000
-60.000000
-60.000000
-28.000000
-32.000000
-48.000000
-48.000000
-52.000000
-48.000000
-48.000000
-36.000000
-56.000000
-44.000000
-56.000000
-40.000000
-56.000000
-48.000000
-48.000000
-60.000000
-44.000000
-56.000000
-56.000000
-44.000000
-44.000000
-44.000000
-56.000000
-44.000000
-52.000000
-56.000000
-56.000000
-44.000000
-52.000000
-40.000000
-68.000000
-52.000000
-48.000000
-64.000000
-52.000000
-64.000000
-56.000000
-44.000000
-32.000000
-60.000000
-52.000000
-52.000000
-56.000000
-44.000000
-64.000000
-60.000000
-44.000000
-56.000000
-48.000000
-48.000000
-36.000000
-36.000000
-60.000000
-60.000000
-52.000000
-60.000000
-56.000000
-44.000000
-64.000000
-52.000000
-60.000000
-72.000000
-64.000000
-64.000000
-68.000000
-64.000000
-56.000000
-60.000000
-64.000000
-76.000000
-64.000000
-52.000000
-44.000000
-44.000000
-60.000000
-40.000000
-56.000000
-64.000000
-64.000000
-60.000000
-60.000000
-44.000000
-52.000000
-52.000000
-52.000000
-60.000000
-56.000000
-64.000000
-36.000000
-68.000000
-60.000000
-48.000000
-56.000000
-52.000000
-64.000000
-36.000000
-56.000000
-48.000000
-60.000000
-48.000000
-56.000000
-52.000000
-60.000000
-48.000000
-60.000000
-56.000000
-36.000000
-52.000000
-64.000000
-52.000000
-56.000000
-64.000000
-52.000000
-56.000000
-68.000000
-88.000000
-72.000000
-36.000000
-52.000000
-52.000000
-60.000000
-68.000000
-68.000000
-68.000000
-68.000000
-44.000000
-44.000000
-44.000000
-68.000000
-64.000000
-64.000000
-52.000000
-44.000000
-56.000000
-52.000000
-60.000000
-48.000000
-40.000000
-28.000000
-56.000000
-72.000000
-56.000000
-48.000000
-60.000000
-48.000000
-32.000000
-48.000000
-52.000000
-56.000000
-68.000000
-68.000000
-60.000000
-56.000000
-52.000000
-68.000000
-52.000000
-60.000000
-64.000000
-56.000000
-72.000000
-88.000000
-32.000000
-48.000000
-48.000000
-64.000000
-56.000000
-36.000000
-44.000000
-32.000000
-56.000000
-64.000000
-60.000000
-68.000000
-52.000000
-56.000000
-72.000000
-56.000000
-32.000000
-28.000000
-40.000000
-68.000000
-48.000000
-52.000000
-60.000000
-48.000000
-48.000000
-72.000000
-68.000000
-56.000000
-64.000000
-56.000000
-68.000000
-52.000000
-48.000000
-56.000000
-52.000000
-36.000000
-48.000000
-44.000000
-40.000000
-52.000000
-56.000000
-48.000000
-52.000000
-48.000000
-48.000000
-60.000000
-68.000000
-48.000000
-60.000000
-52.000000
-56.000000
-68.000000
-56.000000
-68.000000
-40.000000
-56.000000
-52.000000
-52.000000
-68.000000
-52.000000
-32.000000
-44.000000
-40.000000
-44.000000
-52.000000
-48.000000
-32.000000
-68.000000
-60.000000
-48.000000
-40.000000
-60.000000
-52.000000
-88.000000
-56.000000
-44.000000
-44.000000
-52.000000
-64.000000
-52.000000
-72.000000
-60.000000
-48.000000
-60.000000
-52.000000
-60.000000
-32.000000
-64.000000
-64.000000
-44.000000
-44.000000
-68.000000
-44.000000
-60.000000
-48.000000
-64.000000
-32.000000
-36.000000
-40.000000
-64.000000
-48.000000
-60.000000
-48.000000
-64.000000
-52.000000
-64.000000
-76.000000
-52.000000
-60.000000
-56.000000
-48.000000
-56.000000
-48.000000
-52.000000
-64.000000
-52.000000
-44.000000
-28.000000
-44.000000
-64.000000
-52.000000
-36.000000
-64.000000
-52.000000
-48.000000
-40.000000
-52.000000
-56.000000
-72.000000
-40.000000
-64.000000
-48.000000
-28.000000
-56.000000
-52.000000
-52.000000
-44.000000
-40.000000
-72.000000
-72.000000
-32.000000
-64.000000
-52.000000
-52.000000
-64.000000
-52.000000
-64.000000
-44.000000
-52.000000
-52.000000
-52.000000
-60.000000
-68.000000
-56.000000
-68.000000
-48.000000
-60.000000
-76.000000
-76.000000
-40.000000
-56.000000
-52.000000
-60.000000
-72.000000
-72.000000
-68.000000
-44.000000
-36.000000
-64.000000
-48.000000
-44.000000
-44.000000
-60.000000
-52.000000
-76.000000
-52.000000
-48.000000
-52.000000
-44.000000
-40.000000
-52.000000
-48.000000
-44.000000
-52.000000
-56.000000
-60.000000
-76.000000
-60.000000
-52.000000
-68.000000
-48.000000
-64.000000
-52.000000
-48.000000
-48.000000
-48.000000
-52.000000
-32.000000
-72.000000
-60.000000
-60.000000
-56.000000
-64.000000
-72.000000
-88.000000
-48.000000
-48.000000
-56.000000
-88.000000
-56.000000
-76.000000
-52.000000
-72.000000
-76.000000
-52.000000
-52.000000
-64.000000
-36.000000
-52.000000
-52.000000
-68.000000
-68.000000
-40.000000
-60.000000
-60.000000
-28.000000
-40.000000
-52.000000
-64.000000
-48.000000
-52.000000
-44.000000
-52.000000
-64.000000
-56.000000
-56.000000
-72.000000
-52.000000
-68.000000
-48.000000
-44.000000
-36.000000
-28.000000
-84.000000
-88.000000
-44.000000
-76.000000
-52.000000
-72.000000
-72.000000
-76.000000
-48.000000
-76.000000
-64.000000
-68.000000
-40.000000
-40.000000
-44.000000
-52.000000
-64.000000
-44.000000
-52.000000
-52.000000
-36.000000
-44.000000
-60.000000
-52.000000
-32.000000
-40.000000
-68.000000
-52.000000
-40.000000
-56.000000
-60.000000
-52.000000
-64.000000
-56.000000
-44.000000
-76.000000
-60.000000
-76.000000
-56.000000
-60.000000
-48.000000
-40.000000
-48.000000
-64.000000
-40.000000
-56.000000
-48.000000
-76.000000
-60.000000
-68.000000
-64.000000
-56.000000
-48.000000
-72.000000
-48.000000
-48.000000
-48.000000
-44.000000
-64.000000
-48.000000
-60.000000
-40.000000
-52.000000
-40.000000
-56.000000
-48.000000
-48.000000
-64.000000
-52.000000
-44.000000
-68.000000
-68.000000
-60.000000
-52.000000
-56.000000
-48.000000
-72.000000
-64.000000
-44.000000
-36.000000
-44.000000
-32.000000
-40.000000
-36.000000
-52.000000
-44.000000
-48.000000
-40.000000
-44.000000
-36.000000
-48.000000
-32.000000
-32.000000
-44.000000
-44.000000
-64.000000
-60.000000
-52.000000
-52.000000
-44.000000
-44.000000
-52.000000
-56.000000
-36.000000
-56.000000
-48.000000
-56.000000
-56.000000
-60.000000
-64.000000
-48.000000
-48.000000
-48.000000
-40.000000
-64.000000
-40.000000
-44.000000
-36.000000
-40.000000
-36.000000
-48.000000
-48.000000
-40.000000
-56.000000
-52.000000
-56.000000
-48.000000
-56.000000
-56.000000
-44.000000
-72.000000
-52.000000
-36.000000
-52.000000
-56.000000
-56.000000
-40.000000
-56.000000
-44.000000
-52.000000
-44.000000
-44.000000
-56.000000
-48.000000
-44.000000
-64.000000
-64.000000
-44.000000
-48.000000
-44.000000
-56.000000
-52.000000
-56.000000
-84.000000
-36.000000
-76.000000
-64.000000
-52.000000
-56.000000
-44.000000
-60.000000
-40.000000
-56.000000
-48.000000
-44.000000
-60.000000
-60.000000
-60.000000
-40.000000
-44.000000
-84.000000
-64.000000
-56.000000
-64.000000
-56.000000
-68.000000
-56.000000
-64.000000
-48.000000
-68.000000
-60.000000
-64.000000
-64.000000
-48.000000
-48.000000
-64.000000
-56.000000
-56.000000
-88.000000
-24.000000
-76.000000
-64.000000
-60.000000
-40.000000
-64.000000
-60.000000
-60.000000
-40.000000
-48.000000
-40.000000
-60.000000
-52.000000
-52.000000
-60.000000
-64.000000
-68.000000
-72.000000
-60.000000
-64.000000
-40.000000
-64.000000
-40.000000
-56.000000
-76.000000
-44.000000
-60.000000
-60.000000
-48.000000
-60.000000
-48.000000
-64.000000
-48.000000
-64.000000
-56.000000
-40.000000
-56.000000
-60.000000
-48.000000
-32.000000
-64.000000
-52.000000
-44.000000
-60.000000
-44.000000
-56.000000
-64.000000
-44.000000
-40.000000
-52.000000
-36.000000
-52.000000
-52.000000
-44.000000
-56.000000
-60.000000
-48.000000
-52.000000
-40.000000
-52.000000
-52.000000
-56.000000
-52.000000
-72.000000
-52.000000
-56.000000
-60.000000
-60.000000
-40.000000
-48.000000
-32.000000
-60.000000
-68.000000
-56.000000
-28.000000
-56.000000
-52.000000
-60.000000
-44.000000
-64.000000
-68.000000
-64.000000
-52.000000
-52.000000
-52.000000
-48.000000
-60.000000
-72.000000
-72.000000
-60.000000
-52.000000
-56.000000
-52.000000
-80.000000
-48.000000
-48.000000
-60.000000
-56.000000
-68.000000
-44.000000
-36.000000
-48.000000
-72.000000
-68.000000
-52.000000
-56.000000
-56.000000
-52.000000
-60.000000
-56.000000
-60.000000
-52.000000
-48.000000
-72.000000
-64.000000
-52.000000
-44.000000
-76.000000
-32.000000
-40.000000
-56.000000
-60.000000
-56.000000
-52.000000
-48.000000
-60.000000
-64.000000
-64.000000
-44.000000
-68.000000
-48.000000
-56.000000
-48.000000
-68.000000
-68.000000
-28.000000
-84.000000
-60.000000
-72.000000
-40.000000
-48.000000
-68.000000
-48.000000
-52.000000
-56.000000
-68.000000
-48.000000
-48.000000
-48.000000
-52.000000
-52.000000
-48.000000
-60.000000
-40.000000
-48.000000
-44.000000
-76.000000
-56.000000
-64.000000
-44.000000
-56.000000
-56.000000
-80.000000
-56.000000
-52.000000
-48.000000
-48.000000
-56.000000
-52.000000
-60.000000
-52.000000
-68.000000
-48.000000
-52.000000
-48.000000
-64.000000
-60.000000
-56.000000
-52.000000
-16.000000
-40.000000
-44.000000
-32.000000
-36.000000
-28.000000
-20.000000
-68.000000
-56.000000
-48.000000
-48.000000
-56.000000
-48.000000
-64.000000
-60.000000
-52.000000
-44.000000
-60.000000
-44.000000
-60.000000
-40.000000
-44.000000
-68.000000
-56.000000
-60.000000
-52.000000
-40.000000
-28.000000
-68.000000
-72.000000
-52.000000
-44.000000
-52.000000
-76.000000
-32.000000
-64.000000
-48.000000
-64.000000
-68.000000
-60.000000
-52.000000
-72.000000
-56.000000
-52.000000
-68.000000
-72.000000
-72.000000
-48.000000
-44.000000
-64.000000
-72.000000
-60.000000
-72.000000
-60.000000
-84.000000
-76.000000
-64.000000
-92.000000
-56.000000
-56.000000
-56.000000
-52.000000
-60.000000
-64.000000
-52.000000
-60.000000
-52.000000
-52.000000
-92.000000
-60.000000
-64.000000
-40.000000
-48.000000
-60.000000
-52.000000
-84.000000
-52.000000
-76.000000
-56.000000
-56.000000
-60.000000
-72.000000
-60.000000
-72.000000
-56.000000
-28.000000
-60.000000
-84.000000
-68.000000
-64.000000
-64.000000
-60.000000
-52.000000
-56.000000
-64.000000
-52.000000
-44.000000
-60.000000
-68.000000
-64.000000
-40.000000
-52.000000
-60.000000
-60.000000
-40.000000
-48.000000
-48.000000
-48.000000
-64.000000
-56.000000
-28.000000
-56.000000
-60.000000
-52.000000
-48.000000
-28.000000
-36.000000
-40.000000
-64.000000
-52.000000
-48.000000
-36.000000
-68.000000
-76.000000
-52.000000
-52.000000
-56.000000
-32.000000
-56.000000
-48.000000
-64.000000
-52.000000
-32.000000
-44.000000
-60.000000
-72.000000
-56.000000
-36.000000
-60.000000
-40.000000
-60.000000
-56.000000
-60.000000
-28.000000
-36.000000
-64.000000
-60.000000
-60.000000
-56.000000
-28.000000
-36.000000
-32.000000
-48.000000
-60.000000
-64.000000
-56.000000
-72.000000
-72.000000
-60.000000
-60.000000
-64.000000
-60.000000
-68.000000
-48.000000
-56.000000
-52.000000
-56.000000
-68.000000
-36.000000
-52.000000
-76.000000
-76.000000
-52.000000
-48.000000
-64.000000
-32.000000
-64.000000
-64.000000
-48.000000
-56.000000
-76.000000
-48.000000
-60.000000
-56.000000
-64.000000
-44.000000
-52.000000
-40.000000
-56.000000
-48.000000
-40.000000
-44.000000
-60.000000
-40.000000
-28.000000
-32.000000
-40.000000
-64.000000
-68.000000
-60.000000
-44.000000
-56.000000
-44.000000
-56.000000
-56.000000
-48.000000
-36.000000
-52.000000
-68.000000
-48.000000
-52.000000
-56.000000
-64.000000
-68.000000
-56.000000
-40.000000
-72.000000
-44.000000
-48.000000
-64.000000
-52.000000
-72.000000
-60.000000
-72.000000
-60.000000
-48.000000
-56.000000
-56.000000
-56.000000
-48.000000
-60.000000
-44.000000
-48.000000
-68.000000
-64.000000
-60.000000
-60.000000
-40.000000
-48.000000
-28.000000
-52.000000
-52.000000
-36.000000
-48.000000
-56.000000
-52.000000
-52.000000
-52.000000
-48.000000
-64.000000
-44.000000
-48.000000
-52.000000
-56.000000
-48.000000
-56.000000
-44.000000
-44.000000
-52.000000
-60.000000
-44.000000
-72.000000
-80.000000
-48.000000
-68.000000
-64.000000
-56.000000
-64.000000
-52.000000
-72.000000
-72.000000
-52.000000
-44.000000
-32.000000
-60.000000
-60.000000
-64.000000
-52.000000
-52.000000
-48.000000
-44.000000
-56.000000
-64.000000
-52.000000
-60.000000
-48.000000
-64.000000
-60.000000
-64.000000
-60.000000
-60.000000
-68.000000
-60.000000
-60.000000
-68.000000
-32.000000
-32.000000
-60.000000
-36.000000
-52.000000
-52.000000
-88.000000
-56.000000
-96.000000
-24.000000
-40.000000
-44.000000
-44.000000
-56.000000
-52.000000
-56.000000
-40.000000
-56.000000
-56.000000
-48.000000
-32.000000
-48.000000
-48.000000
-52.000000
-64.000000
-52.000000
-44.000000
-56.000000
-32.000000
-60.000000
-68.000000
-72.000000
-68.000000
-64.000000
-48.000000
-52.000000
-56.000000
-80.000000
-48.000000
-52.000000
-52.000000
-60.000000
-32.000000
-76.000000
-72.000000
-20.000000
-44.000000
-40.000000
-52.000000
-52.000000
-64.000000
-56.000000
-76.000000
-72.000000
-48.000000
-48.000000
-60.000000
-72.000000
-36.000000
-52.000000
-48.000000
-56.000000
-68.000000
-60.000000
-60.000000
-68.000000
-40.000000
-64.000000
-40.000000
-52.000000
-36.000000
-68.000000
-64.000000
-64.000000
-44.000000
-56.000000
-24.000000
-64.000000
-72.000000
-56.000000
-32.000000
-44.000000
-52.000000
-48.000000
-76.000000
-64.000000
-52.000000
-40.000000
-48.000000
-68.000000
-52.000000
-60.000000
-76.000000
-44.000000
-72.000000
-72.000000
-52.000000
-60.000000
-40.000000
-52.000000
-64.000000
-60.000000
-48.000000
-40.000000
-56.000000
-72.000000
-48.000000
-76.000000
-72.000000
-64.000000
-64.000000
-76.000000
-60.000000
-68.000000
-44.000000
-28.000000
-60.000000
-52.000000
-48.000000
-64.000000
-52.000000
-68.000000
-72.000000
-52.000000
-56.000000
-44.000000
-36.000000
-76.000000
-28.000000
-28.000000
-64.000000
-48.000000
-72.000000
-60.000000
-76.000000
-52.000000
-48.000000
-56.000000
-76.000000
-44.000000
-60.000000
-60.000000
-48.000000
-44.000000
-52.000000
-44.000000
-56.000000
-40.000000
-32.000000
-52.000000
-40.000000
-48.000000
-64.000000
-28.000000
-56.000000
-48.000000
-44.000000
-52.000000
-48.000000
-60.000000
-56.000000
-48.000000
-52.000000
-48.000000
-64.000000
-48.000000
-48.000000
-44.000000
-80.000000
-56.000000
-52.000000
-48.000000
-48.000000
-56.000000
-36.000000
-48.000000
-72.000000
-56.000000
-84.000000
-64.000000
-40.000000
-48.000000
-60.000000
-56.000000
-60.000000
-52.000000
-48.000000
-44.000000
-64.000000
-52.000000
-48.000000
-28.000000
-36.000000
-56.000000
-64.000000
-36.000000
-40.000000
-76.000000
-32.000000
-56.000000
-56.000000
-48.000000
-52.000000
-60.000000
-64.000000
-44.000000
-40.000000
-52.000000
-44.000000
-40.000000
-44.000000
-48.000000
-64.000000
-52.000000
-60.000000
-36.000000
-44.000000
-68.000000
-68.000000
-56.000000
-72.000000
-48.000000
-72.000000
-48.000000
-44.000000
-52.000000
-28.000000
-32.000000
-20.000000
-64.000000
-40.000000
-44.000000
-36.000000
-36.000000
-44.000000
-32.000000
-56.000000
-36.000000
-68.000000
-64.000000
-56.000000
-40.000000
-44.000000
-52.000000
-44.000000
-60.000000
-60.000000
-52.000000
-68.000000
-60.000000
-56.000000
-52.000000
-40.000000
-40.000000
-52.000000
-44.000000
-44.000000
-52.000000
-52.000000
-40.000000
-52.000000
-44.000000
-36.000000
-44.000000
-52.000000
-48.000000
-40.000000
-48.000000
-36.000000
-64.000000
-52.000000
-24.000000
-48.000000
-52.000000
-36.000000
-48.000000
-36.000000
-64.000000
-44.000000
-52.000000
-52.000000
-60.000000
-64.000000
-76.000000
-44.000000
-56.000000
-40.000000
-68.000000
-76.000000
-76.000000
-28.000000
-32.000000
-40.000000
-60.000000
-52.000000
-56.000000
-16.000000
-72.000000
-48.000000
-56.000000
-40.000000
-52.000000
-72.000000
-52.000000
-44.000000
-68.000000
-60.000000
-64.000000
-48.000000
-44.000000
-56.000000
-48.000000
-68.000000
-48.000000
-80.000000
-40.000000
-60.000000
-60.000000
-52.000000
-52.000000
-60.000000
-72.000000
-44.000000
-44.000000
-44.000000
-64.000000
-56.000000
-44.000000
-60.000000
-60.000000
-72.000000
-28.000000
-48.000000
-48.000000
-64.000000
-52.000000
-44.000000
-52.000000
-60.000000
-68.000000
-64.000000
-32.000000
-80.000000
-32.000000
-56.000000
-36.000000
-48.000000
-60.000000
-64.000000
-56.000000
-40.000000
-44.000000
-56.000000
-72.000000
-36.000000
-64.000000
-52.000000
-60.000000
-72.000000
-52.000000
-36.000000
-44.000000
-56.000000
-64.000000
-68.000000
-48.000000
-60.000000
-44.000000
-60.000000
-44.000000
-36.000000
-64.000000
-56.000000
-52.000000
-64.000000
-48.000000
-64.000000
-64.000000
-48.000000
-84.000000
-48.000000
-72.000000
-56.000000
-68.000000
-68.000000
-56.000000
-48.000000
-60.000000
-48.000000
-52.000000
-52.000000
-68.000000
-52.000000
-56.000000
-64.000000
-56.000000
-48.000000
-52.000000
-68.000000
-56.000000
-56.000000
-56.000000
-76.000000
-76.000000
-60.000000
-64.000000
-44.000000
-72.000000
-48.000000
-64.000000
-52.000000
-72.000000
-64.000000
-60.000000
-72.000000
-52.000000
-60.000000
-72.000000
-68.000000
-48.000000
-56.000000
-60.000000
-64.000000
-72.000000
-56.000000
-52.000000
-64.000000
-52.000000
-64.000000
-52.000000
-52.000000
-36.000000
-48.000000
-52.000000
-52.000000
-56.000000
-40.000000
-40.000000
-44.000000
-60.000000
-56.000000
-52.000000
-52.000000
-64.000000
-48.000000
-48.000000
-32.000000
-60.000000
-60.000000
-60.000000
-52.000000
-40.000000
-44.000000
-40.000000
-44.000000
-44.000000
-56.000000
-56.000000
-48.000000
-56.000000
-76.000000
-48.000000
-60.000000
-68.000000
-64.000000
-20.000000
-28.000000
-52.000000
-48.000000
-48.000000
-68.000000
-60.000000
-56.000000
-52.000000
-72.000000
-60.000000
-60.000000
-68.000000
-48.000000
-48.000000
-32.000000
-44.000000
-64.000000
-64.000000
-48.000000
-48.000000
-56.000000
-68.000000
-88.000000
-44.000000
-32.000000
-56.000000
-60.000000
-60.000000
-68.000000
-52.000000
-60.000000
-52.000000
-60.000000
-76.000000
-44.000000
-48.000000
-84.000000
-64.000000
-72.000000
-80.000000
-44.000000
-48.000000
-76.000000
-88.000000
-44.000000
-52.000000
-52.000000
-64.000000
-48.000000
-60.000000
-52.000000
-52.000000
-64.000000
-48.000000
-68.000000
-72.000000
-52.000000
-64.000000
-72.000000
-32.000000
-44.000000
-48.000000
-60.000000
-64.000000
-76.000000
-68.000000
-84.000000
-44.000000
-40.000000
-64.000000
-56.000000
-72.000000
-36.000000
-48.000000
-60.000000
-36.000000
-52.000000
-44.000000
-36.000000
-56.000000
-36.000000
-64.000000
-40.000000
-52.000000
-52.000000
-56.000000
-56.000000
-64.000000
-64.000000
-68.000000
-60.000000
-60.000000
-52.000000
-48.000000
-44.000000
-64.000000
-80.000000
-68.000000
-36.000000
-48.000000
-52.000000
-68.000000
-76.000000
-56.000000
-60.000000
-44.000000
-48.000000
-40.000000
-60.000000
-52.000000
-44.000000
-52.000000
-76.000000
-40.000000
-16.000000
-16.000000
-48.000000
0.000000
-36.000000
-16.000000
-52.000000
-88.000000
-52.000000
-56.000000
-44.000000
-48.000000
-52.000000
-76.000000
-60.000000
-76.000000
-48.000000
-60.000000
-60.000000
-48.000000
-40.000000
-52.000000
-48.000000
-60.000000
-52.000000
-60.000000
-40.000000
-48.000000
-72.000000
-48.000000
-64.000000
-44.000000
-80.000000
-40.000000
-56.000000
-48.000000
-72.000000
-52.000000
-40.000000
-52.000000
-40.000000
-52.000000
-52.000000
-64.000000
-64.000000
-76.000000
-68.000000
-60.000000
-52.000000
-76.000000
-44.000000
-68.000000
-44.000000
-56.000000
-52.000000
-32.000000
-56.000000
-52.000000
-60.000000
-40.000000
-64.000000
-40.000000
-52.000000
-32.000000
-56.000000
-60.000000
-40.000000
-24.000000
-64.000000
-24.000000
-40.000000
-52.000000
-44.000000
-52.000000
-80.000000
-56.000000
-68.000000
-56.000000
-64.000000
-48.000000
-48.000000
-40.000000
-72.000000
-64.000000
-52.000000
-48.000000
-40.000000
-84.000000
-76.000000
-52.000000
-92.000000
-76.000000
-36.000000
-60.000000
-64.000000
-60.000000
-28.000000
-60.000000
-48.000000
-52.000000
-52.000000
-60.000000
-48.000000
-80.000000
-64.000000
-40.000000
-56.000000
-64.000000
-32.000000
-28.000000
-68.000000
-48.000000
-60.000000
-52.000000
-80.000000
-40.000000
-44.000000
-56.000000
-40.000000
-48.000000
-68.000000
-48.000000
-68.000000
-56.000000
-56.000000
-48.000000
-72.000000
-56.000000
-64.000000
-48.000000
-36.000000
-32.000000
-76.000000
-44.000000
-44.000000
-44.000000
-44.000000
-60.000000
-76.000000
-52.000000
-40.000000
-60.000000
-64.000000
-44.000000
-64.000000
-36.000000
-56.000000
-4.000000
-52.000000
-52.000000
-32.000000
-48.000000
-56.000000
-40.000000
-56.000000
-48.000000
-52.000000
-60.000000
-36.000000
-48.000000
-52.000000
-52.000000
-52.000000
-52.000000
-36.000000
-56.000000
-48.000000
-36.000000
-48.000000
-52.000000
-68.000000
-44.000000
-52.000000
-56.000000
-44.000000
-40.000000
-28.000000
-68.000000
-44.000000
-44.000000
-56.000000
-36.000000
-68.000000
-48.000000
