624.000000
1904.000000
3200.000000
4336.000000
5084.000000
5356.000000
5132.000000
4400.000000
3296.000000
1912.000000
356.000000
-1264.000000
-2780.000000
-4032.000000
-4924.000000
-5388.000000
-5372.000000
-4888.000000
-3952.000000
-2680.000000
-1164.000000
492.000000
2080.000000
3476.000000
4552.000000
5208.000000
5380.000000
5060.000000
4264.000000
3108.000000
1684.000000
84.000000
-1504.000000
-2984.000000
-4228.000000
-5044.000000
-5444.000000
-5372.000000
-4772.000000
-3784.000000
-2428.000000
-880.000000
744.000000
2316.000000
3664.000000
4680.000000
5252.000000
5328.000000
4912.000000
4088.000000
2864.000000
1400.000000
-208.000000
-1800.000000
-3224.000000
-4396.000000
-5152.000000
-5480.000000
-5304.000000
-4648.000000
-3584.000000
-2208.000000
-884.000000
-240.000000
-40.000000
36.000000
-36.000000
-56.000000
-52.000000
-72.000000
-72.000000
-56.000000
-76.000000
-56.000000
-48.000000
-72.000000
-52.000000
-80.000000
-100.000000
-68.000000
-76.000000
-76.000000
-60.000000
-60.000000
-52.000000
-56.000000
-64.000000
-64.000000
-68.000000
-60.000000
-56.000000
-88.000000
-72.000000
-56.000000
-52.000000
-64.000000
-32.000000
-64.000000
-76.000000
-64.000000
-56.000000
-28.000000
-36.000000
-72.000000
-36.000000
-24.000000
-48.000000
-52.000000
-52.000000
-72.000000
-44.000000
-40.000000
-44.000000
-80.000000
-44.000000
-60.000000
-52.000000
-52.000000
-60.000000
-52.000000
-40.000000
-52.000000
-60.000000
-64.000000
-92.000000
-72.000000
-36.000000
-48.000000
-56.000000
-64.000000
-60.000000
-48.000000
-52.000000
-56.000000
-64.000000
-64.000000
-56.000000
-48.000000
-52.000000
-72.000000
-52.000000
-52.000000
-60.000000
-40.000000
-52.000000
-60.000000
-44.000000
-32.000000
-68.000000
-36.000000
-56.000000
-60.000000
-60.000000
-76.000000
-48.000000
-48.000000
-36.000000
-68.000000
-64.000000
-56.000000
-44.000000
-44.000000
-52.000000
-36.000000
-44.000000
-32.000000
-52.000000
-48.000000
-32.000000
-72.000000
-48.000000
-44.000000
-48.000000
-48.000000
-44.000000
-52.000000
-48.000000
-60.000000
-64.000000
-76.000000
-44.000000
-48.000000
-56.000000
-60.000000
-52.000000
-64.000000
-52.000000
-56.000000
-64.000000
-64.000000
-56.000000
-72.000000
-68.000000
-76.000000
-52.000000
-64.000000
-64.000000
-48.000000
-52.000000
-92.000000
-56.000000
-60.000000
-72.000000
-76.000000
-32.000000
-60.000000
-60.000000
-56.000000
-40.000000
-44.000000
-56.000000
-36.000000
-52.000000
-48.000000
-56.000000
-72.000000
-48.000000
-60.000000
-64.000000
-56.000000
-68.000000
-56.000000
-56.000000
-60.000000
-80.000000
-64.000000
-76.000000
-72.000000
-48.000000
-44.000000
-44.000000
-60.000000
-72.000000
-64.000000
-76.000000
-36.000000
-60.000000
-44.000000
-52.000000
-44.000000
-56.000000
-68.000000
-84.000000
-64.000000
-68.000000
-80.000000
-52.000000
-72.000000
-56.000000
-52.000000
-72.000000
-68.000000
-56.000000
-72.000000
-32.000000
-48.000000
-60.000000
-72.000000
-56.000000
-60.000000
-52.000000
-60.000000
-52.000000
-72.000000
-60.000000
-64.000000
-68.000000
-60.000000
-48.000000
-68.000000
-68.000000
-64.000000
-48.000000
-76.000000
-64.000000
-56.000000
-52.000000
-52.000000
-60.000000
-52.000000
-52.000000
-48.000000
-36.000000
-40.000000
-48.000000
-52.000000
-64.000000
-64.000000
-60.000000
-48.000000
-36.000000
-40.000000
-56.000000
-64.000000
-60.000000
-64.000000
-28.000000
-64.000000
-60.000000
-52.000000
-52.000000
-56.000000
-48.000000
-48.000000
-44.000000
-44.000000
-20.000000
-40.000000
-52.000000
-40.000000
-28.000000
-80.000000
-48.000000
-64.000000
-28.000000
-32.000000
-36.000000
-48.000000
-40.000000
-44.000000
-28.000000
-48.000000
-36.000000
-76.000000
-32.000000
-36.000000
-44.000000
-60.000000
-68.000000
-60.000000
-48.000000
-68.000000
-84.000000
-56.000000
-52.000000
-80.000000
-60.000000
-48.000000
-72.000000
-40.000000
-76.000000
-52.000000
-48.000000
-68.000000
-28.000000
-56.000000
-60.000000
-52.000000
-64.000000
-44.000000
-56.000000
-48.000000
-32.000000
-68.000000
-64.000000
-40.000000
-48.000000
-48.000000
-60.000000
-40.000000
-44.000000
-68.000000
-60.000000
-56.000000
-52.000000
-56.000000
-56.000000
-64.000000
-64.000000
-48.000000
-56.000000
-56.000000
-44.000000
-52.000000
-64.000000
-52.000000
-44.000000
-44.000000
-48.000000
-64.000000
-48.000000
-44.000000
-72.000000
-60.000000
-52.000000
-48.000000
-48.000000
-28.000000
-52.000000
-76.000000
-72.000000
-48.000000
-48.000000
-64.000000
-56.000000
-52.000000
-48.000000
-68.000000
-68.000000
-64.000000
-56.000000
-52.000000
-56.000000
-60.000000
-60.000000
-60.000000
-52.000000
-56.000000
-60.000000
-60.000000
-48.000000
-36.000000
-40.000000
-72.000000
-44.000000
-56.000000
-60.000000
-60.000000
-76.000000
-44.000000
-44.000000
-48.000000
-52.000000
-56.000000
-40.000000
-48.000000
-80.000000
-56.000000
-52.000000
-68.000000
-64.000000
-52.000000
-68.000000
-52.000000
-60.000000
-60.000000
-52.000000
-68.000000
-64.000000
-76.000000
-64.000000
-52.000000
-72.000000
-64.000000
-52.000000
-48.000000
-76.000000
-76.000000
-52.000000
-64.000000
-64.000000
-60.000000
-56.000000
-60.000000
-52.000000
-48.000000
-48.000000
-52.000000
-48.000000
-64.000000
-72.000000
-68.000000
-60.000000
-52.000000
-48.000000
-72.000000
-60.000000
-64.000000
-72.000000
-64.000000
-52.000000
-48.000000
-48.000000
-76.000000
-80.000000
-60.000000
-60.000000
-68.000000
-64.000000
-80.000000
-56.000000
-48.000000
-60.000000
-80.000000
-56.000000
-60.000000
-44.000000
-72.000000
-44.000000
-88.000000
-40.000000
-40.000000
-72.000000
-52.000000
-40.000000
-60.000000
-40.000000
-68.000000
-48.000000
-52.000000
-36.000000
-60.000000
-72.000000
-64.000000
-60.000000
-68.000000
-68.000000
-72.000000
-60.000000
-56.000000
-60.000000
-48.000000
-48.000000
-68.000000
-60.000000
-52.000000
-40.000000
-52.000000
-88.000000
-52.000000
-92.000000
-60.000000
-60.000000
-44.000000
-64.000000
-52.000000
-64.000000
-52.000000
-60.000000
-48.000000
-64.000000
-64.000000
-64.000000
-68.000000
-76.000000
-72.000000
-56.000000
-64.000000
-60.000000
-60.000000
-48.000000
-44.000000
-56.000000
-48.000000
-56.000000
-48.000000
-52.000000
-44.000000
-52.000000
-56.000000
-44.000000
-60.000000
-56.000000
-60.000000
-52.000000
-52.000000
-48.000000
-48.000000
-40.000000
-44.000000
-52.000000
-64.000000
-72.000000
-56.000000
-48.000000
-44.000000
-48.000000
-64.000000
-60.000000
-52.000000
-36.000000
-52.000000
-56.000000
-44.000000
-92.000000
-36.000000
-48.000000
-48.000000
-72.000000
-72.000000
-56.000000
-44.000000
-64.000000
-40.000000
-56.000000
-52.000000
-48.000000
-72.000000
-72.000000
-56.000000
-60.000000
-60.000000
-64.000000
-64.000000
-44.000000
-76.000000
-48.000000
-48.000000
-72.000000
-64.000000
-68.000000
-64.000000
-72.000000
-64.000000
-68.000000
-52.000000
-48.000000
-40.000000
-12.000000
-48.000000
-60.000000
-64.000000
-56.000000
-60.000000
-48.000000
-76.000000
-44.000000
-48.000000
-52.000000
-56.000000
-72.000000
-36.000000
-64.000000
-60.000000
-60.000000
-60.000000
-48.000000
-48.000000
-72.000000
-56.000000
-40.000000
-52.000000
-56.000000
-52.000000
-60.000000
-56.000000
-44.000000
-60.000000
-72.000000
-56.000000
-56.000000
-52.000000
-72.000000
-72.000000
-40.000000
-48.000000
-40.000000
-72.000000
-72.000000
-40.000000
-56.000000
-76.000000
-60.000000
-48.000000
-56.000000
-52.000000
-48.000000
-48.000000
-44.000000
-32.000000
-48.000000
-60.000000
-52.000000
-60.000000
-44.000000
-72.000000
-44.000000
-48.000000
-48.000000
-44.000000
-60.000000
-56.000000
-64.000000
-68.000000
-56.000000
-60.000000
-72.000000
-60.000000
-72.000000
-76.000000
-76.000000
-64.000000
-80.000000
-60.000000
-52.000000
-68.000000
-76.000000
-72.000000
-60.000000
-64.000000
-52.000000
-40.000000
-64.000000
-60.000000
-48.000000
-48.000000
-44.000000
-68.000000
-40.000000
-52.000000
-56.000000
-60.000000
-64.000000
-48.000000
-44.000000
-56.000000
-44.000000
-52.000000
-80.000000
-64.000000
-52.000000
-56.000000
-72.000000
-60.000000
-72.000000
-76.000000
-32.000000
-88.000000
-56.000000
-68.000000
-64.000000
-72.000000
-76.000000
-68.000000
-60.000000
-60.000000
-44.000000
-68.000000
-52.000000
-64.000000
-40.000000
-68.000000
-48.000000
-72.000000
-56.000000
-60.000000
-52.000000
-36.000000
-48.000000
-28.000000
-88.000000
-52.000000
-64.000000
-52.000000
-40.000000
-60.000000
-56.000000
-44.000000
-60.000000
-32.000000
-40.000000
-60.000000
-32.000000
-44.000000
-32.000000
-60.000000
-40.000000
-60.000000
-48.000000
-60.000000
-64.000000
-48.000000
-48.000000
-64.000000
-52.000000
-48.000000
-48.000000
-44.000000
-48.000000
-52.000000
-48.000000
-52.000000
-24.000000
-44.000000
-48.000000
-52.000000
-28.000000
-56.000000
-64.000000
-64.000000
-60.000000
-48.000000
-56.000000
-52.000000
-48.000000
-56.000000
-24.000000
-60.000000
-72.000000
-32.000000
-76.000000
-60.000000
-48.000000
-56.000000
-48.000000
-60.000000
-44.000000
-44.000000
-72.000000
-40.000000
-48.000000
-60.000000
-72.000000
-52.000000
-56.000000
-44.000000
-48.000000
-52.000000
-56.000000
-56.000000
-68.000000
-44.000000
-64.000000
-68.000000
-52.000000
-56.000000
-76.000000
-40.000000
-52.000000
-56.000000
-48.000000
-52.000000
-60.000000
-60.000000
-72.000000
-80.000000
-72.000000
-48.000000
-56.000000
-80.000000
-48.000000
-48.000000
-52.000000
-48.000000
-72.000000
-48.000000
-72.000000
-52.000000
-56.000000
-72.000000
-56.000000
-68.000000
-64.000000
-36.000000
-60.000000
-36.000000
-52.000000
-60.000000
-80.000000
-52.000000
-60.000000
-48.000000
-64.000000
-68.000000
-52.000000
-60.000000
-60.000000
-56.000000
-48.000000
-20.000000
-52.000000
-84.000000
-48.000000
-64.000000
-60.000000
-52.000000
-52.000000
-60.000000
-64.000000
-40.000000
-44.000000
-44.000000
-56.000000
-72.000000
-64.000000
-76.000000
-52.000000
-52.000000
-48.000000
-48.000000
-80.000000
-68.000000
-76.000000
-68.000000
-44.000000
-36.000000
-56.000000
-76.000000
-68.000000
-76.000000
-72.000000
-68.000000
-56.000000
-60.000000
-56.000000
-84.000000
-44.000000
-64.000000
-72.000000
-44.000000
-44.000000
-52.000000
-64.000000
-76.000000
-64.000000
-48.000000
-64.000000
-56.000000
-48.000000
-72.000000
-60.000000
-48.000000
-44.000000
-60.000000
-52.000000
-44.000000
-48.000000
-48.000000
-68.000000
-48.000000
-56.000000
-88.000000
-56.000000
-64.000000
-76.000000
-36.000000
-60.000000
-76.000000
-68.000000
-56.000000
-56.000000
-48.000000
-76.000000
-52.000000
-72.000000
-64.000000
-52.000000
-20.000000
-60.000000
-48.000000
-80.000000
-48.000000
-52.000000
-60.000000
-72.000000
-68.000000
-64.000000
-52.000000
-48.000000
-72.000000
-60.000000
-48.000000
-60.000000
-80.000000
-52.000000
-76.000000
-48.000000
-72.000000
-72.000000
-88.000000
-60.000000
-56.000000
-56.000000
-56.000000
-52.000000
-80.000000
-80.000000
-80.000000
-76.000000
-72.000000
-60.000000
-80.000000
-68.000000
-72.000000
-52.000000
-48.000000
-56.000000
-60.000000
-40.000000
-64.000000
-48.000000
-48.000000
-56.000000
-52.000000
-40.000000
-60.000000
-64.000000
-52.000000
-52.000000
-56.000000
-32.000000
-56.000000
-64.000000
-64.000000
-60.000000
-64.000000
-48.000000
-60.000000
-48.000000
-72.000000
-60.000000
-72.000000
-60.000000
-72.000000
-40.000000
-48.000000
-60.000000
-56.000000
-88.000000
-56.000000
-44.000000
-52.000000
-60.000000
-76.000000
-52.000000
-48.000000
-60.000000
-44.000000
-48.000000
-52.000000
-64.000000
-40.000000
-56.000000
-56.000000
-32.000000
-44.000000
-44.000000
-44.000000
-48.000000
-48.000000
-52.000000
-36.000000
-56.000000
-60.000000
-40.000000
-64.000000
-52.000000
-60.000000
-68.000000
-52.000000
-52.000000
-48.000000
-40.000000
-44.000000
-40.000000
-44.000000
-44.000000
-60.000000
-36.000000
-72.000000
-40.000000
-44.000000
-36.000000
-52.000000
-48.000000
-56.000000
-44.000000
-76.000000
-84.000000
-72.000000
-36.000000
-52.000000
-52.000000
-72.000000
-72.000000
-56.000000
-28.000000
-52.000000
-16.000000
-84.000000
-72.000000
-72.000000
-56.000000
-60.000000
-60.000000
-48.000000
-60.000000
-60.000000
-48.000000
-56.000000
-48.000000
-64.000000
-56.000000
-44.000000
-52.000000
-52.000000
-60.000000
-68.000000
-52.000000
-52.000000
-72.000000
-48.000000
-52.000000
-72.000000
-80.000000
-68.000000
-72.000000
-60.000000
-68.000000
-64.000000
-44.000000
-56.000000
-56.000000
-36.000000
-52.000000
-64.000000
-76.000000
-52.000000
-60.000000
-52.000000
-52.000000
-60.000000
-48.000000
-48.000000
-64.000000
-76.000000
-68.000000
-64.000000
-56.000000
-44.000000
-72.000000
-56.000000
-60.000000
-56.000000
-64.000000
-60.000000
-40.000000
-44.000000
-68.000000
-64.000000
-56.000000
-64.000000
-80.000000
-52.000000
-80.000000
-80.000000
-56.000000
-60.000000
-40.000000
-52.000000
-56.000000
-52.000000
-64.000000
-52.000000
-52.000000
-72.000000
-48.000000
-92.000000
-92.000000
-32.000000
-72.000000
-60.000000
-52.000000
-60.000000
-60.000000
-48.000000
-72.000000
-32.000000
-52.000000
-52.000000
-44.000000
-56.000000
-64.000000
-52.000000
-68.000000
-48.000000
-52.000000
-60.000000
-64.000000
-48.000000
-56.000000
-52.000000
-40.000000
-48.000000
-68.000000
-48.000000
-52.000000
-64.000000
-60.000000
-72.000000
-48.000000
-44.000000
-64.000000
-56.000000
-60.000000
-48.000000
-56.000000
-56.000000
-52.000000
-48.000000
-44.000000
-40.000000
-60.000000
-48.000000
-56.000000
-56.000000
-60.000000
-72.000000
-44.000000
-40.000000
-64.000000
-64.000000
-80.000000
-60.000000
-24.000000
-48.000000
-36.000000
-64.000000
-56.000000
-56.000000
-68.000000
-48.000000
-64.000000
-48.000000
-48.000000
-48.000000
-52.000000
-60.000000
-40.000000
-60.000000
-60.000000
-60.000000
-80.000000
-56.000000
-72.000000
-68.000000
-44.000000
-52.000000
-44.000000
-64.000000
-56.000000
-40.000000
-40.000000
-76.000000
-68.000000
-28.000000
-64.000000
-48.000000
-48.000000
-64.000000
-44.000000
-60.000000
-32.000000
-64.000000
-52.000000
-52.000000
-60.000000
-52.000000
-52.000000
-68.000000
-52.000000
-32.000000
-48.000000
-48.000000
-44.000000
-48.000000
-52.000000
-68.000000
-56.000000
-48.000000
-68.000000
-68.000000
-60.000000
-52.000000
-48.000000
-52.000000
-60.000000
-44.000000
-64.000000
-48.000000
-32.000000
-36.000000
-52.000000
-72.000000
-44.000000
-48.000000
-44.000000
-52.000000
-52.000000
-36.000000
-44.000000
-52.000000
-48.000000
-52.000000
-40.000000
-56.000000
-28.000000
-48.000000
-60.000000
-40.000000
-28.000000
-44.000000
-32.000000
-40.000000
-40.000000
-48.000000
-44.000000
-64.000000
-52.000000
-52.000000
-24.000000
-20.000000
-44.000000
-80.000000
-48.000000
-72.000000
-24.000000
-56.000000
-72.000000
-52.000000
-60.000000
-36.000000
-32.000000
-40.000000
-72.000000
-44.000000
-44.000000
-48.000000
-40.000000
-56.000000
-44.000000
-56.000000
-64.000000
-64.000000
-28.000000
-52.000000
-40.000000
-44.000000
-76.000000
-48.000000
-36.000000
-56.000000
-36.000000
-44.000000
-40.000000
-28.000000
-20.000000
-52.000000
-48.000000
-56.000000
-28.000000
-56.000000
-56.000000
-52.000000
-76.000000
-44.000000
-52.000000
-68.000000
-52.000000
-48.000000
-60.000000
-64.000000
-48.000000
-52.000000
-64.000000
-60.000000
-44.000000
-52.000000
-60.000000
-40.000000
-48.000000
-40.000000
-52.000000
-52.000000
-72.000000
-52.000000
-60.000000
-32.000000
-64.000000
-64.000000
-76.000000
-20.000000
-52.000000
-68.000000
-76.000000
-76.000000
-52.000000
-60.000000
-52.000000
-64.000000
-76.000000
-48.000000
-40.000000
-68.000000
-44.000000
-68.000000
-68.000000
-56.000000
-68.000000
-60.000000
-20.000000
-40.000000
-52.000000
-56.000000
-44.000000
-24.000000
-68.000000
-72.000000
-52.000000
-56.000000
-56.000000
-60.000000
-44.000000
-52.000000
-56.000000
-52.000000
-60.000000
-80.000000
-52.000000
-52.000000
-48.000000
-52.000000
-60.000000
-60.000000
-32.000000
-64.000000
-44.000000
-40.000000
-64.000000
-52.000000
-64.000000
-60.000000
-36.000000
-52.000000
-52.000000
-40.000000
-52.000000
-44.000000
-64.000000
-56.000000
-28.000000
-56.000000
-48.000000
-68.000000
-36.000000
-60.000000
-60.000000
-56.000000
-52.000000
-72.000000
-64.000000
-48.000000
-60.000000
-36.000000
-40.000000
-44.000000
-44.000000
-92.000000
-60.000000
-60.000000
-60.000000
-48.000000
-40.000000
-64.000000
-36.000000
-48.000000
-44.000000
-64.000000
-52.000000
-64.000000
-56.000000
-28.000000
-64.000000
-44.000000
-84.000000
-64.000000
-52.000000
-56.000000
-56.000000
-64.000000
-64.000000
-60.000000
-60.000000
-48.000000
-52.000000
-60.000000
-68.000000
-44.000000
-56.000000
-36.000000
-16.000000
-60.000000
-68.000000
-60.000000
-48.000000
-36.000000
-48.000000
-68.000000
-48.000000
-48.000000
-40.000000
-52.000000
-56.000000
-56.000000
-20.000000
-68.000000
-48.000000
-40.000000
-56.000000
-28.000000
-44.000000
-52.000000
-36.000000
-52.000000
-52.000000
-48.000000
-40.000000
-56.000000
-48.000000
-68.000000
-36.000000
-48.000000
-44.000000
-56.000000
-64.000000
-44.000000
-52.000000
-76.000000
-56.000000
-44.000000
-60.000000
-44.000000
-48.000000
-48.000000
-48.000000
-44.000000
-52.000000
-60.000000
-44.000000
-52.000000
-32.000000
-36.000000
-48.000000
-44.000000
-56.000000
-36.000000
-36.000000
-44.000000
-48.000000
-44.000000
-48.000000
-32.000000
-48.000000
-40.000000
-48.000000
-52.000000
-28.000000
-48.000000
-52.000000
-52.000000
-56.000000
-72.000000
-52.000000
-72.000000
-40.000000
-68.000000
-48.000000
-36.000000
-76.000000
-48.000000
-44.000000
-52.000000
-48.000000
-64.000000
-72.000000
-52.000000
-24.000000
-48.000000
-64.000000
-40.000000
-56.000000
-40.000000
-64.000000
-40.000000
-52.000000
-36.000000
-40.000000
-60.000000
-44.000000
-64.000000
-56.000000
-52.000000
-64.000000
-52.000000
-52.000000
-48.000000
-52.000000
-56.000000
-80.000000
-72.000000
-72.000000
-40.000000
-52.000000
-76.000000
-64.000000
-68.000000
-84.000000
-44.000000
-72.000000
-68.000000
-76.000000
-36.000000
-44.000000
-56.000000
-48.000000
-64.000000
-44.000000
-52.000000
-56.000000
-52.000000
-44.000000
-68.000000
-32.000000
-72.000000
-48.000000
-68.000000
-64.000000
-64.000000
-64.000000
-52.000000
-60.000000
-64.000000
-60.000000
-68.000000
-52.000000
-48.000000
-40.000000
-60.000000
-52.000000
-48.000000
-48.000000
-64.000000
-68.000000
-52.000000
-64.000000
-40.000000
-68.000000
-32.000000
-88.000000
-56.000000
-60.000000
-52.000000
-68.000000
-68.000000
-48.000000
-72.000000
-48.000000
-56.000000
-48.000000
-64.000000
-68.000000
-56.000000
-60.000000
-68.000000
-52.000000
-64.000000
-52.000000
-68.000000
-60.000000
-64.000000
-60.000000
-44.000000
-48.000000
-44.000000
-40.000000
-56.000000
-52.000000
-64.000000
-44.000000
-64.000000
-52.000000
-60.000000
-48.000000
-68.000000
-56.000000
-56.000000
-52.000000
-64.000000
-56.000000
-56.000000
-48.000000
-52.000000
-44.000000
-68.000000
-52.000000
-60.000000
-52.000000
-60.000000
-72.000000
-68.000000
-60.000000
-44.000000
-52.000000
-52.000000
-52.000000
-44.000000
-72.000000
-56.000000
-56.000000
-76.000000
-40.000000
-40.000000
-52.000000
-56.000000
-52.000000
-52.000000
-32.000000
-52.000000
-64.000000
-52.000000
-44.000000
-36.000000
-56.000000
-56.000000
-48.000000
-32.000000
-64.000000
-32.000000
-68.000000
-56.000000
-56.000000
-56.000000
-44.000000
-48.000000
-56.000000
-52.000000
-52.000000
-52.000000
-48.000000
-48.000000
-44.000000
-40.000000
-32.000000
-32.000000
-64.000000
-48.000000
-52.000000
-36.000000
-20.000000
-48.000000
-36.000000
-48.000000
-40.000000
-52.000000
-32.000000
-36.000000
-24.000000
-68.000000
-44.000000
-56.000000
-48.000000
-64.000000
-44.000000
-44.000000
-48.000000
-60.000000
-48.000000
-52.000000
-48.000000
-60.000000
-52.000000
-40.000000
-44.000000
-52.000000
-44.000000
-44.000000
-28.000000
-44.000000
-48.000000
-48.000000
-40.000000
-28.000000
-48.000000
-44.000000
-36.000000
-36.000000
-44.000000
-44.000000
-44.000000
-44.000000
-32.000000
-48.000000
-52.000000
-24.000000
-32.000000
-36.000000
-32.000000
-56.000000
-52.000000
-40.000000
-32.000000
-24.000000
-52.000000
-64.000000
-36.000000
-32.000000
-28.000000
-60.000000
-56.000000
-28.000000
-32.000000
-36.000000
-28.000000
-28.000000
-44.000000
-40.000000
-40.000000
-32.000000
-52.000000
-60.000000
-52.000000
-28.000000
-48.000000
-72.000000
-44.000000
-40.000000
-44.000000
-32.000000
-32.000000
-48.000000
-56.000000
-44.000000
-36.000000
-52.000000
-28.000000
-60.000000
-48.000000
-60.000000
-52.000000
-52.000000
-48.000000
-52.000000
-60.000000
-56.000000
-48.000000
-64.000000
-60.000000
-56.000000
-68.000000
-48.000000
-72.000000
-80.000000
-72.000000
-52.000000
-44.000000
-60.000000
-44.000000
-48.000000
-48.000000
-32.000000
-36.000000
-52.000000
-72.000000
-68.000000
-64.000000
-40.000000
-40.000000
-72.000000
-52.000000
-36.000000
-56.000000
-44.000000
-76.000000
-56.000000
-60.000000
-60.000000
-52.000000
-48.000000
-64.000000
-64.000000
-52.000000
-36.000000
-48.000000
-56.000000
-56.000000
-52.000000
-68.000000
-56.000000
-60.000000
-80.000000
-56.000000
-32.000000
-60.000000
-48.000000
-44.000000
-68.000000
-44.000000
-64.000000
-64.000000
-72.000000
-52.000000
-56.000000
-48.000000
-72.000000
-40.000000
-52.000000
-48.000000
-64.000000
-64.000000
-88.000000
-64.000000
-52.000000
-52.000000
-44.000000
-52.000000
-52.000000
-44.000000
-32.000000
-40.000000
-60.000000
-52.000000
-48.000000
-36.000000
-48.000000
-12.000000
-28.000000
-8.000000
-44.000000
-44.000000
-52.000000
-32.000000
-44.000000
-64.000000
-44.000000
-48.000000
-40.000000
-44.000000
-44.000000
-48.000000
-32.000000
-36.000000
-44.000000
-72.000000
-36.000000
-60.000000
-48.000000
-44.000000
-44.000000
-40.000000
-40.000000
-60.000000
-32.000000
-52.000000
-68.000000
-60.000000
-44.000000
-48.000000
-48.000000
-52.000000
-48.000000
-52.000000
-24.000000
-48.000000
-44.000000
-40.000000
-28.000000
-36.000000
-60.000000
-56.000000
-68.000000
-52.000000
-48.000000
-52.000000
-68.000000
-52.000000
-48.000000
-72.000000
-56.000000
-60.000000
-60.000000
-56.000000
-40.000000
-52.000000
-48.000000
-44.000000
-56.000000
-40.000000
-44.000000
-68.000000
-40.000000
-44.000000
-32.000000
-48.000000
-40.000000
-44.000000
-52.000000
-64.000000
-48.000000
-60.000000
-56.000000
-52.000000
-44.000000
-36.000000
-68.000000
-52.000000
-40.000000
-44.000000
-64.000000
-52.000000
-60.000000
-44.000000
-52.000000
-52.000000
-64.000000
-48.000000
-68.000000
-40.000000
-60.000000
-56.000000
-80.000000
-36.000000
-60.000000
-56.000000
-48.000000
-64.000000
-64.000000
-52.000000
-56.000000
-36.000000
-48.000000
-48.000000
-20.000000
-28.000000
-52.000000
-40.000000
-36.000000
-52.000000
-56.000000
-56.000000
-52.000000
-52.000000
-28.000000
-56.000000
-48.000000
-48.000000
-72.000000
-48.000000
-28.000000
-56.000000
-36.000000
-52.000000
-36.000000
-40.000000
-56.000000
-32.000000
-60.000000
-44.000000
-28.000000
