436.000000
1580.000000
2916.000000
4124.000000
4992.000000
5360.000000
5224.000000
4596.000000
3576.000000
2248.000000
720.000000
-912.000000
-2464.000000
-3772.000000
-4760.000000
-5328.000000
-5432.000000
-5056.000000
-4204.000000
-2968.000000
-1480.000000
128.000000
1744.000000
3168.000000
4348.000000
5092.000000
5376.000000
5144.000000
4448.000000
3364.000000
1996.000000
416.000000
-1196.000000
-2692.000000
-3956.000000
-4888.000000
-5412.000000
-5412.000000
-4912.000000
-4004.000000
-2728.000000
-1244.000000
412.000000
2012.000000
3440.000000
4500.000000
5156.000000
5368.000000
5040.000000
4312.000000
3160.000000
1740.000000
160.000000
-1472.000000
-2952.000000
-4160.000000
-5032.000000
-5436.000000
-5364.000000
-4820.000000
-3836.000000
-2528.000000
-1116.000000
-332.000000
-104.000000
-4.000000
-24.000000
-68.000000
-60.000000
-60.000000
-48.000000
-64.000000
-48.000000
-44.000000
-48.000000
-52.000000
-52.000000
-76.000000
-100.000000
-88.000000
-72.000000
-76.000000
-64.000000
-60.000000
-52.000000
-52.000000
-48.000000
-64.000000
-44.000000
-56.000000
-48.000000
-60.000000
-60.000000
-36.000000
-44.000000
-64.000000
-80.000000
-52.000000
-60.000000
-60.000000
-48.000000
-40.000000
-48.000000
-64.000000
-52.000000
-32.000000
-60.000000
-52.000000
-36.000000
-52.000000
-48.000000
-48.000000
-40.000000
-60.000000
-52.000000
-72.000000
-76.000000
-32.000000
-48.000000
-36.000000
-40.000000
-48.000000
-48.000000
-64.000000
-44.000000
-44.000000
-68.000000
-56.000000
-56.000000
-56.000000
-36.000000
-76.000000
-96.000000
-64.000000
-60.000000
-56.000000
-96.000000
-56.000000
-44.000000
-56.000000
-60.000000
-76.000000
-60.000000
-56.000000
-56.000000
-48.000000
-72.000000
-52.000000
-52.000000
-56.000000
-60.000000
-40.000000
-48.000000
-32.000000
-60.000000
-32.000000
-32.000000
-76.000000
-52.000000
-64.000000
-68.000000
-68.000000
-56.000000
-52.000000
-56.000000
-52.000000
-48.000000
-68.000000
-44.000000
-68.000000
-72.000000
-44.000000
-52.000000
-72.000000
-44.000000
-52.000000
-64.000000
-60.000000
-52.000000
-52.000000
-56.000000
-40.000000
-60.000000
-48.000000
-60.000000
-40.000000
-56.000000
-56.000000
-40.000000
-52.000000
-40.000000
-68.000000
-60.000000
-52.000000
-56.000000
-40.000000
-72.000000
-68.000000
-92.000000
-76.000000
-56.000000
-60.000000
-32.000000
-52.000000
-56.000000
-48.000000
-36.000000
-40.000000
-56.000000
-44.000000
-40.000000
-64.000000
-40.000000
-36.000000
-60.000000
-52.000000
-28.000000
-56.000000
-60.000000
-60.000000
-48.000000
-48.000000
-56.000000
-52.000000
-56.000000
-40.000000
-32.000000
-64.000000
-52.000000
-52.000000
-44.000000
-40.000000
-60.000000
-56.000000
-52.000000
-48.000000
-48.000000
-60.000000
-52.000000
-52.000000
-44.000000
-36.000000
-60.000000
-72.000000
-60.000000
-44.000000
-52.000000
-48.000000
-36.000000
-68.000000
-56.000000
-40.000000
-56.000000
-60.000000
-56.000000
-52.000000
-44.000000
-48.000000
-48.000000
-80.000000
-44.000000
-84.000000
-72.000000
-56.000000
-68.000000
-56.000000
-52.000000
-44.000000
-68.000000
-44.000000
-48.000000
-52.000000
-48.000000
-52.000000
-56.000000
-72.000000
-48.000000
-72.000000
-52.000000
-28.000000
-32.000000
-32.000000
-84.000000
-56.000000
-32.000000
-68.000000
-52.000000
-72.000000
-44.000000
-28.000000
-40.000000
-24.000000
-48.000000
-52.000000
-56.000000
-44.000000
-56.000000
-76.000000
-64.000000
-76.000000
-64.000000
-72.000000
-72.000000
-56.000000
-52.000000
-48.000000
-28.000000
-44.000000
-52.000000
-56.000000
-44.000000
-36.000000
-48.000000
-52.000000
-52.000000
-40.000000
-56.000000
-48.000000
-48.000000
-56.000000
-44.000000
-60.000000
-48.000000
-32.000000
-52.000000
-52.000000
-48.000000
-56.000000
-32.000000
-36.000000
-44.000000
-44.000000
-64.000000
-52.000000
-32.000000
-48.000000
-56.000000
-56.000000
-36.000000
-44.000000
-28.000000
-48.000000
-52.000000
-64.000000
-56.000000
-60.000000
-68.000000
-52.000000
-60.000000
-48.000000
-52.000000
-48.000000
-48.000000
-56.000000
-64.000000
-52.000000
-68.000000
-36.000000
-60.000000
-48.000000
-44.000000
-44.000000
-20.000000
-52.000000
-56.000000
-56.000000
-40.000000
-60.000000
-48.000000
-32.000000
-56.000000
-56.000000
-60.000000
-60.000000
-64.000000
-64.000000
-64.000000
-56.000000
-56.000000
-68.000000
-68.000000
-52.000000
-56.000000
-60.000000
-64.000000
-60.000000
-52.000000
-48.000000
-76.000000
-60.000000
-44.000000
-48.000000
-52.000000
-64.000000
-60.000000
-52.000000
-68.000000
-60.000000
-64.000000
-72.000000
-40.000000
-60.000000
-72.000000
-52.000000
-56.000000
-60.000000
-72.000000
-56.000000
-56.000000
-64.000000
-48.000000
-56.000000
-52.000000
-64.000000
-60.000000
-40.000000
-48.000000
-68.000000
-68.000000
-52.000000
-24.000000
-52.000000
-60.000000
-52.000000
-52.000000
-52.000000
-68.000000
-56.000000
-56.000000
-56.000000
-48.000000
-48.000000
-48.000000
-48.000000
-60.000000
-36.000000
-76.000000
-84.000000
-72.000000
-56.000000
-24.000000
-64.000000
-48.000000
-68.000000
-64.000000
-44.000000
-40.000000
-60.000000
-72.000000
-72.000000
-48.000000
-64.000000
-48.000000
-52.000000
-28.000000
-44.000000
-36.000000
-76.000000
-36.000000
-36.000000
-48.000000
-60.000000
-40.000000
-52.000000
-40.000000
-40.000000
-68.000000
-48.000000
-44.000000
-60.000000
-52.000000
-36.000000
-64.000000
-76.000000
-48.000000
-36.000000
-60.000000
-48.000000
-68.000000
-44.000000
-28.000000
-88.000000
-60.000000
-40.000000
-48.000000
-60.000000
-64.000000
-60.000000
-60.000000
-44.000000
-44.000000
-84.000000
-48.000000
-60.000000
-48.000000
-52.000000
-48.000000
-52.000000
-52.000000
-64.000000
-52.000000
-76.000000
-48.000000
-52.000000
-48.000000
-60.000000
-72.000000
-60.000000
-52.000000
-72.000000
-40.000000
-64.000000
-68.000000
-64.000000
-48.000000
-44.000000
-48.000000
-52.000000
-52.000000
-72.000000
-72.000000
-56.000000
-56.000000
-36.000000
-48.000000
-60.000000
-52.000000
-44.000000
-40.000000
-56.000000
-44.000000
-48.000000
-68.000000
-56.000000
-60.000000
-44.000000
-60.000000
-60.000000
-52.000000
-72.000000
-36.000000
-52.000000
-76.000000
-48.000000
-60.000000
-48.000000
-60.000000
-64.000000
-52.000000
-52.000000
-68.000000
-60.000000
-52.000000
-56.000000
-56.000000
-60.000000
-64.000000
-48.000000
-36.000000
-52.000000
-52.000000
-60.000000
-68.000000
-28.000000
-56.000000
-44.000000
-52.000000
-64.000000
-44.000000
-36.000000
-56.000000
-60.000000
-64.000000
-32.000000
-44.000000
-52.000000
-52.000000
-68.000000
-68.000000
-44.000000
-64.000000
-68.000000
-56.000000
-48.000000
-64.000000
-44.000000
-56.000000
-44.000000
-44.000000
-32.000000
-52.000000
-56.000000
-60.000000
-60.000000
-44.000000
-36.000000
-56.000000
-64.000000
-36.000000
-44.000000
-48.000000
-32.000000
-72.000000
-36.000000
-52.000000
-44.000000
-48.000000
-48.000000
-48.000000
-56.000000
-56.000000
-24.000000
-72.000000
-52.000000
-52.000000
-48.000000
-64.000000
-64.000000
-56.000000
-40.000000
-52.000000
-56.000000
-60.000000
-36.000000
-52.000000
-52.000000
-56.000000
-68.000000
-52.000000
-40.000000
-48.000000
-76.000000
-60.000000
-44.000000
-48.000000
-44.000000
-72.000000
-52.000000
-60.000000
-52.000000
-68.000000
-72.000000
-64.000000
-60.000000
-68.000000
-52.000000
-64.000000
-64.000000
-60.000000
-64.000000
-40.000000
-52.000000
-52.000000
-56.000000
-32.000000
-36.000000
-44.000000
-60.000000
-72.000000
-52.000000
-48.000000
-52.000000
-60.000000
-48.000000
-48.000000
-52.000000
-52.000000
-32.000000
-56.000000
-36.000000
-56.000000
-60.000000
-64.000000
-52.000000
-56.000000
-48.000000
-72.000000
-48.000000
-36.000000
-28.000000
-40.000000
-80.000000
-60.000000
-44.000000
-52.000000
-76.000000
-56.000000
-36.000000
-44.000000
-72.000000
-64.000000
-60.000000
-60.000000
-40.000000
-60.000000
-60.000000
-68.000000
-60.000000
-52.000000
-52.000000
-48.000000
-52.000000
-48.000000
-44.000000
-40.000000
-56.000000
-40.000000
-52.000000
-64.000000
-52.000000
-24.000000
-80.000000
-52.000000
-24.000000
-72.000000
-40.000000
-52.000000
-64.000000
-44.000000
-52.000000
-64.000000
-60.000000
-72.000000
-56.000000
-48.000000
-36.000000
-40.000000
-76.000000
-80.000000
-60.000000
-60.000000
-52.000000
-64.000000
-44.000000
-48.000000
-44.000000
-52.000000
-52.000000
-44.000000
-60.000000
-28.000000
-56.000000
-44.000000
-44.000000
-64.000000
-52.000000
-48.000000
-52.000000
-68.000000
-48.000000
-52.000000
-52.000000
-72.000000
-68.000000
-64.000000
-64.000000
-56.000000
-48.000000
-64.000000
-44.000000
-36.000000
-40.000000
-44.000000
-52.000000
-60.000000
-72.000000
-52.000000
-48.000000
-80.000000
-20.000000
-36.000000
-40.000000
-44.000000
-48.000000
-56.000000
-52.000000
-56.000000
-52.000000
-44.000000
-68.000000
-48.000000
-56.000000
-72.000000
-36.000000
-44.000000
-48.000000
-52.000000
-48.000000
-32.000000
-32.000000
-44.000000
-56.000000
-76.000000
-44.000000
-36.000000
-68.000000
-60.000000
-72.000000
-48.000000
-48.000000
-56.000000
-44.000000
-52.000000
-68.000000
-44.000000
-24.000000
-48.000000
-56.000000
-48.000000
-52.000000
-44.000000
-44.000000
-56.000000
-36.000000
-52.000000
-60.000000
-48.000000
-48.000000
-44.000000
-32.000000
-40.000000
-40.000000
-76.000000
-28.000000
-52.000000
-44.000000
-36.000000
-64.000000
-60.000000
-60.000000
-44.000000
-44.000000
-52.000000
-56.000000
-60.000000
-44.000000
-48.000000
-36.000000
-44.000000
-36.000000
-32.000000
-76.000000
-60.000000
-52.000000
-52.000000
-40.000000
-64.000000
-60.000000
-40.000000
-52.000000
-24.000000
-60.000000
-56.000000
-44.000000
-40.000000
-40.000000
-80.000000
-56.000000
-84.000000
-64.000000
-48.000000
-48.000000
-44.000000
-56.000000
-60.000000
-72.000000
-56.000000
-52.000000
-52.000000
-48.000000
-48.000000
-56.000000
-64.000000
-40.000000
-52.000000
-20.000000
-48.000000
-56.000000
-64.000000
-56.000000
-48.000000
-40.000000
-72.000000
-88.000000
-56.000000
-52.000000
-56.000000
-48.000000
-48.000000
-52.000000
-44.000000
-48.000000
-68.000000
-96.000000
-60.000000
-52.000000
-64.000000
-60.000000
-64.000000
-80.000000
-24.000000
-72.000000
-44.000000
-48.000000
-56.000000
-64.000000
-44.000000
-68.000000
-48.000000
-60.000000
-40.000000
-52.000000
-36.000000
-48.000000
-52.000000
-44.000000
-44.000000
-56.000000
-48.000000
-56.000000
-60.000000
-48.000000
-52.000000
-60.000000
-56.000000
-48.000000
-68.000000
-60.000000
-72.000000
-60.000000
-60.000000
-64.000000
-80.000000
-60.000000
-40.000000
-52.000000
-72.000000
-56.000000
-68.000000
-60.000000
-56.000000
-44.000000
-48.000000
-64.000000
-44.000000
-44.000000
-48.000000
-56.000000
-52.000000
-76.000000
-56.000000
-60.000000
-76.000000
-64.000000
-56.000000
-60.000000
-52.000000
-64.000000
-40.000000
-48.000000
-52.000000
-48.000000
-64.000000
-64.000000
-52.000000
-52.000000
-64.000000
-56.000000
-48.000000
-52.000000
-52.000000
-40.000000
-52.000000
-52.000000
-56.000000
-52.000000
-56.000000
-56.000000
-56.000000
-56.000000
-64.000000
-48.000000
-84.000000
-60.000000
-60.000000
-36.000000
-68.000000
-76.000000
-72.000000
-52.000000
-60.000000
-48.000000
-60.000000
-68.000000
-40.000000
-60.000000
-52.000000
-88.000000
-48.000000
-28.000000
-60.000000
-64.000000
-76.000000
-64.000000
-76.000000
-32.000000
-44.000000
-84.000000
-56.000000
-68.000000
-60.000000
-60.000000
-60.000000
-64.000000
-60.000000
-64.000000
-64.000000
-72.000000
-60.000000
-60.000000
-40.000000
-52.000000
-72.000000
-60.000000
-56.000000
-56.000000
-52.000000
-68.000000
-52.000000
-48.000000
-64.000000
-56.000000
-64.000000
-64.000000
-56.000000
-48.000000
-40.000000
-40.000000
-52.000000
-64.000000
-56.000000
-60.000000
-44.000000
-64.000000
-60.000000
-56.000000
-40.000000
-52.000000
-68.000000
-64.000000
-52.000000
-56.000000
-40.000000
-72.000000
-48.000000
-48.000000
-60.000000
-56.000000
-76.000000
-48.000000
-36.000000
-44.000000
-52.000000
-32.000000
-40.000000
-60.000000
-64.000000
-60.000000
-52.000000
-52.000000
-76.000000
-60.000000
-44.000000
-40.000000
-36.000000
-80.000000
-48.000000
-40.000000
-40.000000
-76.000000
-64.000000
-48.000000
-64.000000
-48.000000
-52.000000
-52.000000
-80.000000
-60.000000
-40.000000
-36.000000
-44.000000
-56.000000
-52.000000
-60.000000
-44.000000
-44.000000
-56.000000
-44.000000
-52.000000
-28.000000
-36.000000
-68.000000
-60.000000
-60.000000
-56.000000
-44.000000
-56.000000
-68.000000
-68.000000
-56.000000
-52.000000
-52.000000
-60.000000
-40.000000
-40.000000
-44.000000
-28.000000
-52.000000
-60.000000
-32.000000
-52.000000
-52.000000
-52.000000
-52.000000
-60.000000
-56.000000
-60.000000
-84.000000
-40.000000
-52.000000
-52.000000
-64.000000
-80.000000
-96.000000
-56.000000
-52.000000
-72.000000
-64.000000
-84.000000
-76.000000
-64.000000
-56.000000
-60.000000
-60.000000
-52.000000
-36.000000
-52.000000
-60.000000
-72.000000
-44.000000
-48.000000
-64.000000
-60.000000
-52.000000
-44.000000
-24.000000
-68.000000
-60.000000
-52.000000
-60.000000
-48.000000
-76.000000
-72.000000
-68.000000
-64.000000
-36.000000
-56.000000
-48.000000
-60.000000
-68.000000
-68.000000
-72.000000
-72.000000
-68.000000
-40.000000
-64.000000
-60.000000
-24.000000
-72.000000
-56.000000
-44.000000
-52.000000
-56.000000
-56.000000
-48.000000
-56.000000
-56.000000
-48.000000
-60.000000
-64.000000
-32.000000
-56.000000
-52.000000
-48.000000
-60.000000
-60.000000
-52.000000
-44.000000
-60.000000
-64.000000
-68.000000
-64.000000
-48.000000
-48.000000
-60.000000
-44.000000
-48.000000
-56.000000
-12.000000
-44.000000
-68.000000
-20.000000
-64.000000
-48.000000
-44.000000
-48.000000
-52.000000
-64.000000
-52.000000
-76.000000
-28.000000
-64.000000
-40.000000
-72.000000
-52.000000
-52.000000
-44.000000
-60.000000
-52.000000
-36.000000
-60.000000
-56.000000
-44.000000
-76.000000
-52.000000
-40.000000
-64.000000
-52.000000
-40.000000
-64.000000
-44.000000
-64.000000
-88.000000
-64.000000
-64.000000
-44.000000
-60.000000
-68.000000
-76.000000
-60.000000
-60.000000
-52.000000
-56.000000
-64.000000
-72.000000
-60.000000
-44.000000
-40.000000
-44.000000
-68.000000
-60.000000
-64.000000
-64.000000
-52.000000
-64.000000
-24.000000
-56.000000
-56.000000
-56.000000
-56.000000
-40.000000
-48.000000
-48.000000
-52.000000
-40.000000
-48.000000
-68.000000
-64.000000
-60.000000
-44.000000
-60.000000
-40.000000
-64.000000
-48.000000
-52.000000
-32.000000
-44.000000
-56.000000
-44.000000
-68.000000
-56.000000
-44.000000
-52.000000
-44.000000
-60.000000
-28.000000
-72.000000
-72.000000
-64.000000
-52.000000
-44.000000
-52.000000
-52.000000
-72.000000
-56.000000
-52.000000
-52.000000
-60.000000
-40.000000
-60.000000
-40.000000
-80.000000
-88.000000
-60.000000
-40.000000
-36.000000
-64.000000
-36.000000
-48.000000
-72.000000
-52.000000
-48.000000
-88.000000
-48.000000
-56.000000
-32.000000
-44.000000
-48.000000
-40.000000
-44.000000
-32.000000
-48.000000
-52.000000
-48.000000
-68.000000
-48.000000
-36.000000
-48.000000
-64.000000
-52.000000
-52.000000
-44.000000
-40.000000
-48.000000
-36.000000
-60.000000
-48.000000
-68.000000
-72.000000
-44.000000
-52.000000
-64.000000
-40.000000
-48.000000
-52.000000
-48.000000
-60.000000
-32.000000
-48.000000
-64.000000
-56.000000
-32.000000
-60.000000
-64.000000
-48.000000
-40.000000
-60.000000
-56.000000
-64.000000
-44.000000
-56.000000
-52.000000
-48.000000
-56.000000
-68.000000
-56.000000
-64.000000
-44.000000
-56.000000
-44.000000
-60.000000
-52.000000
-48.000000
-52.000000
-56.000000
-64.000000
-68.000000
-76.000000
-64.000000
-52.000000
-72.000000
-64.000000
-72.000000
-44.000000
-52.000000
-84.000000
-52.000000
-64.000000
-68.000000
-52.000000
-60.000000
-56.000000
-48.000000
-60.000000
-64.000000
-40.000000
-52.000000
-52.000000
-56.000000
-64.000000
-48.000000
-52.000000
-64.000000
-56.000000
-64.000000
-52.000000
-60.000000
-68.000000
-76.000000
-52.000000
-52.000000
-76.000000
-68.000000
-76.000000
-64.000000
-44.000000
-80.000000
-72.000000
-44.000000
-52.000000
-48.000000
-52.000000
-60.000000
-64.000000
-60.000000
-32.000000
-64.000000
-56.000000
-52.000000
-48.000000
-48.000000
-48.000000
-48.000000
-60.000000
-60.000000
-52.000000
-68.000000
-60.000000
-56.000000
-52.000000
-60.000000
-52.000000
-44.000000
-48.000000
-48.000000
-52.000000
-48.000000
-64.000000
-60.000000
-32.000000
-36.000000
-56.000000
-48.000000
-48.000000
-72.000000
-40.000000
-28.000000
-56.000000
-48.000000
-32.000000
-24.000000
-32.000000
-64.000000
-60.000000
-80.000000
-40.000000
-36.000000
-64.000000
-60.000000
-76.000000
-64.000000
-64.000000
-52.000000
-52.000000
-52.000000
-100.000000
-48.000000
-64.000000
-60.000000
-48.000000
-40.000000
-60.000000
-72.000000
-56.000000
-56.000000
-40.000000
-40.000000
-32.000000
-40.000000
-56.000000
-52.000000
-48.000000
-48.000000
-52.000000
-48.000000
-72.000000
-68.000000
-68.000000
-64.000000
-48.000000
-68.000000
-68.000000
-56.000000
-64.000000
-72.000000
-52.000000
-60.000000
-56.000000
-56.000000
-64.000000
-40.000000
-56.000000
-52.000000
-76.000000
-52.000000
-48.000000
-60.000000
-48.000000
-56.000000
-48.000000
-48.000000
-68.000000
-28.000000
-56.000000
-52.000000
-56.000000
-44.000000
-60.000000
-60.000000
-60.000000
-32.000000
-52.000000
-64.000000
-48.000000
-48.000000
-52.000000
-48.000000
-72.000000
-56.000000
-60.000000
-56.000000
-28.000000
-72.000000
-60.000000
-72.000000
-60.000000
-44.000000
-80.000000
-60.000000
-44.000000
-68.000000
-48.000000
-64.000000
-56.000000
-64.000000
-52.000000
-52.000000
-52.000000
-72.000000
-76.000000
-44.000000
-64.000000
-60.000000
-52.000000
-48.000000
-40.000000
-48.000000
-68.000000
-60.000000
-52.000000
-48.000000
-48.000000
-72.000000
-64.000000
-60.000000
-32.000000
-64.000000
-56.000000
-24.000000
-48.000000
-32.000000
-48.000000
-72.000000
-64.000000
-52.000000
-48.000000
-68.000000
-60.000000
-48.000000
-64.000000
-52.000000
-44.000000
-60.000000
-72.000000
-52.000000
-72.000000
-56.000000
-88.000000
-52.000000
-48.000000
-56.000000
-56.000000
-60.000000
-64.000000
-52.000000
-44.000000
-44.000000
-52.000000
-56.000000
-52.000000
-44.000000
-44.000000
-48.000000
-44.000000
-36.000000
-52.000000
-48.000000
-60.000000
-48.000000
-72.000000
-56.000000
-52.000000
-60.000000
-60.000000
-72.000000
-40.000000
-52.000000
-60.000000
-76.000000
-60.000000
-56.000000
-36.000000
-44.000000
-32.000000
-68.000000
-64.000000
-56.000000
-64.000000
-52.000000
-60.000000
-48.000000
-64.000000
-32.000000
-56.000000
-48.000000
-56.000000
-48.000000
-64.000000
-64.000000
-72.000000
-20.000000
-56.000000
-56.000000
-52.000000
-60.000000
-60.000000
-60.000000
-64.000000
-68.000000
-48.000000
-56.000000
-56.000000
-72.000000
-60.000000
-64.000000
-64.000000
-36.000000
-36.000000
-60.000000
-68.000000
-52.000000
-64.000000
-56.000000
-56.000000
-56.000000
-52.000000
-52.000000
-48.000000
-64.000000
-56.000000
-48.000000
-40.000000
-52.000000
-52.000000
-64.000000
-60.000000
-64.000000
-60.000000
-40.000000
-44.000000
-52.000000
-52.000000
-48.000000
-44.000000
-52.000000
-40.000000
-56.000000
-52.000000
-72.000000
-56.000000
-48.000000
-56.000000
-68.000000
-64.000000
-60.000000
-52.000000
-40.000000
-52.000000
-32.000000
-52.000000
-60.000000
-48.000000
-60.000000
-52.000000
-84.000000
-36.000000
-56.000000
-60.000000
-48.000000
-60.000000
-48.000000
-56.000000
-60.000000
-40.000000
-52.000000
-56.000000
-52.000000
-64.000000
-60.000000
-64.000000
-60.000000
-40.000000
-56.000000
-52.000000
-64.000000
-64.000000
-48.000000
-48.000000
-52.000000
-48.000000
-52.000000
-36.000000
-56.000000
-44.000000
-56.000000
-52.000000
-48.000000
-60.000000
-88.000000
-72.000000
-56.000000
-48.000000
-64.000000
-60.000000
-48.000000
-60.000000
-60.000000
-48.000000
-96.000000
-52.000000
-56.000000
-68.000000
-60.000000
-68.000000
-48.000000
-56.000000
-44.000000
-52.000000
-64.000000
-80.000000
-60.000000
-44.000000
-80.000000
-56.000000
-44.000000
-64.000000
-20.000000
-44.000000
-12.000000
-60.000000
-40.000000
-52.000000
-60.000000
-52.000000
-52.000000
-48.000000
-52.000000
-52.000000
-40.000000
-56.000000
-52.000000
-60.000000
-72.000000
-52.000000
-52.000000
-44.000000
-52.000000
-68.000000
-36.000000
-52.000000
-48.000000
-28.000000
-52.000000
-56.000000
-48.000000
-52.000000
-44.000000
-48.000000
-56.000000
-52.000000
-24.000000
-36.000000
-64.000000
-40.000000
-40.000000
-44.000000
-48.000000
-40.000000
-60.000000
-40.000000
-40.000000
-28.000000
-44.000000
-44.000000
-36.000000
-72.000000
-44.000000
-68.000000
-76.000000
-64.000000
-52.000000
-60.000000
-60.000000
-52.000000
-52.000000
-40.000000
-48.000000
-44.000000
-20.000000
-68.000000
-32.000000
-44.000000
-64.000000
-60.000000
-44.000000
-36.000000
-36.000000
-56.000000
-48.000000
-76.000000
-56.000000
-32.000000
-68.000000
-68.000000
-48.000000
-64.000000
-36.000000
-60.000000
-36.000000
-44.000000
-76.000000
-44.000000
-60.000000
-52.000000
-48.000000
-52.000000
-60.000000
-52.000000
-52.000000
-52.000000
-48.000000
-48.000000
-64.000000
-56.000000
-72.000000
-52.000000
-60.000000
-88.000000
-60.000000
-68.000000
-36.000000
-60.000000
-68.000000
-76.000000
-60.000000
-68.000000
-32.000000
-52.000000
-80.000000
-48.000000
-44.000000
-48.000000
-52.000000
-52.000000
-56.000000
-52.000000
-56.000000
-68.000000
-68.000000
-60.000000
-72.000000
-56.000000
-48.000000
-56.000000
-80.000000
-44.000000
-60.000000
-52.000000
-44.000000
-60.000000
-68.000000
-20.000000
-40.000000
-64.000000
-64.000000
-68.000000
-68.000000
-72.000000
-60.000000
-36.000000
-60.000000
-48.000000
-56.000000
-24.000000
-28.000000
-60.000000
-40.000000
-68.000000
-52.000000
-60.000000
-56.000000
-60.000000
-52.000000
-60.000000
-72.000000
-76.000000
-44.000000
-56.000000
-60.000000
-64.000000
-52.000000
-44.000000
-64.000000
-56.000000
-68.000000
-36.000000
-64.000000
-72.000000
-36.000000
-52.000000
-20.000000
-52.000000
-64.000000
-52.000000
-64.000000
-48.000000
-52.000000
-40.000000
-88.000000
-24.000000
-52.000000
-60.000000
-40.000000
-48.000000
-72.000000
-48.000000
-64.000000
-76.000000
-52.000000
-40.000000
-56.000000
-52.000000
-64.000000
-44.000000
-52.000000
-76.000000
-48.000000
-64.000000
-76.000000
-60.000000
-76.000000
-64.000000
-68.000000
-52.000000
-52.000000
-40.000000
-56.000000
-48.000000
-48.000000
-48.000000
-52.000000
-56.000000
-64.000000
-84.000000
-76.000000
-76.000000
-72.000000
-52.000000
-56.000000
-72.000000
-36.000000
-52.000000
-64.000000
-56.000000
-68.000000
-64.000000
-56.000000
-72.000000
-52.000000
-68.000000
-40.000000
-48.000000
-48.000000
-44.000000
-56.000000
-48.000000
-80.000000
-56.000000
-56.000000
-52.000000
-52.000000
-44.000000
-60.000000
-60.000000
-56.000000
-44.000000
-52.000000
-92.000000
-60.000000
-56.000000
-40.000000
-48.000000
-52.000000
-48.000000
-52.000000
-44.000000
-48.000000
-72.000000
