116.000000
1008.000000
2316.000000
3588.000000
4636.000000
5232.000000
5344.000000
4940.000000
4100.000000
2884.000000
1412.000000
-188.000000
-1792.000000
-3204.000000
-4344.000000
-5124.000000
-5436.000000
-5272.000000
-4620.000000
-3568.000000
-2208.000000
-616.000000
1000.000000
2564.000000
3844.000000
4764.000000
5288.000000
5304.000000
4844.000000
3916.000000
2628.000000
1148.000000
-472.000000
-2032.000000
-3420.000000
-4540.000000
-5228.000000
-5452.000000
-5216.000000
-4508.000000
-3408.000000
-1976.000000
-344.000000
1280.000000
2792.000000
4052.000000
4920.000000
5344.000000
5280.000000
4696.000000
3708.000000
2424.000000
900.000000
-732.000000
-2296.000000
-3652.000000
-4688.000000
-5312.000000
-5464.000000
-5120.000000
-4328.000000
-3188.000000
-1716.000000
-600.000000
-156.000000
-16.000000
4.000000
-48.000000
-80.000000
-64.000000
-112.000000
-64.000000
-64.000000
-52.000000
-56.000000
-52.000000
-68.000000
-76.000000
-80.000000
-96.000000
-80.000000
-84.000000
-80.000000
-60.000000
-56.000000
-84.000000
-80.000000
-80.000000
-56.000000
-64.000000
-40.000000
-40.000000
-64.000000
-56.000000
-48.000000
-64.000000
-64.000000
-64.000000
-72.000000
-44.000000
-48.000000
-56.000000
-36.000000
-76.000000
-68.000000
-68.000000
-64.000000
-44.000000
-40.000000
-92.000000
-64.000000
-56.000000
-52.000000
-72.000000
-56.000000
-52.000000
-56.000000
-60.000000
-48.000000
-64.000000
-52.000000
-56.000000
-48.000000
-52.000000
-60.000000
-76.000000
-60.000000
-68.000000
-52.000000
-60.000000
-56.000000
-64.000000
-76.000000
-48.000000
-36.000000
-72.000000
-48.000000
-60.000000
-44.000000
-72.000000
-88.000000
-56.000000
-68.000000
-60.000000
-72.000000
-76.000000
-60.000000
-52.000000
-60.000000
-76.000000
-68.000000
-60.000000
-72.000000
-56.000000
-60.000000
-68.000000
-36.000000
-52.000000
-44.000000
-40.000000
-60.000000
-36.000000
-68.000000
-56.000000
-60.000000
-72.000000
-48.000000
-60.000000
-52.000000
-64.000000
-80.000000
-76.000000
-76.000000
-60.000000
-56.000000
-68.000000
-80.000000
-64.000000
-64.000000
-60.000000
-60.000000
-44.000000
-72.000000
-44.000000
-76.000000
-52.000000
-36.000000
-76.000000
-60.000000
-52.000000
-48.000000
-52.000000
-64.000000
-56.000000
-72.000000
-84.000000
-76.000000
-68.000000
-48.000000
-56.000000
-84.000000
-52.000000
-60.000000
-56.000000
-32.000000
-48.000000
-64.000000
-60.000000
-68.000000
-72.000000
-72.000000
-40.000000
-56.000000
-72.000000
-48.000000
-80.000000
-44.000000
-64.000000
-52.000000
-56.000000
-56.000000
-60.000000
-60.000000
-52.000000
-44.000000
-60.000000
-44.000000
-48.000000
-56.000000
-48.000000
-72.000000
-76.000000
-72.000000
-56.000000
-64.000000
-52.000000
-76.000000
-48.000000
-44.000000
-40.000000
-64.000000
-40.000000
-72.000000
-48.000000
-44.000000
-64.000000
-56.000000
-52.000000
-52.000000
-44.000000
-64.000000
-68.000000
-52.000000
-68.000000
-52.000000
-64.000000
-64.000000
-64.000000
-56.000000
-52.000000
-64.000000
-64.000000
-48.000000
-44.000000
-56.000000
-64.000000
-56.000000
-56.000000
-36.000000
-52.000000
-84.000000
-68.000000
-48.000000
-52.000000
-40.000000
-56.000000
-68.000000
-56.000000
-68.000000
-64.000000
-64.000000
-64.000000
-52.000000
-56.000000
-64.000000
-76.000000
-56.000000
-80.000000
-68.000000
-72.000000
-64.000000
-68.000000
-76.000000
-56.000000
-52.000000
-68.000000
-56.000000
-56.000000
-76.000000
-84.000000
-88.000000
-48.000000
-60.000000
-48.000000
-36.000000
-48.000000
-56.000000
-68.000000
-52.000000
-64.000000
-56.000000
-44.000000
-64.000000
-44.000000
-56.000000
-76.000000
-60.000000
-60.000000
-64.000000
-64.000000
-68.000000
-80.000000
-60.000000
-60.000000
-60.000000
-56.000000
-56.000000
-68.000000
-64.000000
-80.000000
-60.000000
-60.000000
-64.000000
-36.000000
-76.000000
-80.000000
-40.000000
-48.000000
-16.000000
-80.000000
-64.000000
-56.000000
-64.000000
-44.000000
-40.000000
-92.000000
-52.000000
-56.000000
-60.000000
-60.000000
-60.000000
-60.000000
-48.000000
-56.000000
-80.000000
-52.000000
-48.000000
-52.000000
-48.000000
-52.000000
-60.000000
-64.000000
-80.000000
-64.000000
-52.000000
-84.000000
-48.000000
-80.000000
-28.000000
-44.000000
-64.000000
-64.000000
-48.000000
-32.000000
-80.000000
-52.000000
-68.000000
-80.000000
-60.000000
-84.000000
-56.000000
-32.000000
-48.000000
-48.000000
-64.000000
-72.000000
-76.000000
-56.000000
-72.000000
-60.000000
-76.000000
-52.000000
-52.000000
-56.000000
-56.000000
-48.000000
-56.000000
-56.000000
-64.000000
-40.000000
-56.000000
-64.000000
-60.000000
-48.000000
-68.000000
-52.000000
-60.000000
-44.000000
-68.000000
-52.000000
-52.000000
-72.000000
-56.000000
-56.000000
-64.000000
-60.000000
-60.000000
-60.000000
-36.000000
-80.000000
-72.000000
-64.000000
-48.000000
-64.000000
-52.000000
-72.000000
-68.000000
-60.000000
-52.000000
-64.000000
-64.000000
-76.000000
-64.000000
-64.000000
-48.000000
-44.000000
-68.000000
-64.000000
-36.000000
-60.000000
-64.000000
-56.000000
-48.000000
-60.000000
-88.000000
-64.000000
-72.000000
-56.000000
-52.000000
-44.000000
-56.000000
-44.000000
-68.000000
-52.000000
-68.000000
-64.000000
-88.000000
-52.000000
-92.000000
-80.000000
-76.000000
-72.000000
-80.000000
-44.000000
-44.000000
-48.000000
-60.000000
-76.000000
-64.000000
-60.000000
-60.000000
-72.000000
-48.000000
-60.000000
-36.000000
-72.000000
-48.000000
-44.000000
-56.000000
-56.000000
-64.000000
-72.000000
-44.000000
-48.000000
-36.000000
-64.000000
-52.000000
-48.000000
-44.000000
-28.000000
-52.000000
-76.000000
-56.000000
-28.000000
-52.000000
-60.000000
-44.000000
-60.000000
-40.000000
-60.000000
-52.000000
-60.000000
-68.000000
-68.000000
-48.000000
-72.000000
-60.000000
-48.000000
-56.000000
-48.000000
-64.000000
-48.000000
-56.000000
-56.000000
-44.000000
-48.000000
-48.000000
-48.000000
-60.000000
-64.000000
-52.000000
-60.000000
-84.000000
-68.000000
-64.000000
-68.000000
-60.000000
-44.000000
-64.000000
-52.000000
-72.000000
-56.000000
-52.000000
-28.000000
-36.000000
-64.000000
-44.000000
-64.000000
-64.000000
-76.000000
-52.000000
-52.000000
-64.000000
-68.000000
-40.000000
-84.000000
-48.000000
-48.000000
-56.000000
-64.000000
-56.000000
-76.000000
-60.000000
-52.000000
-64.000000
-60.000000
-44.000000
-60.000000
-40.000000
-48.000000
-60.000000
-56.000000
-84.000000
-64.000000
-56.000000
-52.000000
-40.000000
-56.000000
-52.000000
-68.000000
-68.000000
-44.000000
-60.000000
-56.000000
-52.000000
-60.000000
-40.000000
-48.000000
-16.000000
-40.000000
-52.000000
-60.000000
-52.000000
-44.000000
-48.000000
-56.000000
-56.000000
-76.000000
-56.000000
-48.000000
-48.000000
-80.000000
-56.000000
-44.000000
-24.000000
-44.000000
-12.000000
-32.000000
-20.000000
-64.000000
-60.000000
-68.000000
-56.000000
-40.000000
-56.000000
-76.000000
-48.000000
-72.000000
-60.000000
-56.000000
-64.000000
-64.000000
-52.000000
-48.000000
-40.000000
-32.000000
-56.000000
-52.000000
-32.000000
-48.000000
-60.000000
-52.000000
-40.000000
-48.000000
-44.000000
-32.000000
-40.000000
-28.000000
-36.000000
-48.000000
-68.000000
-56.000000
-60.000000
-44.000000
-64.000000
-76.000000
-52.000000
-76.000000
-32.000000
-52.000000
-60.000000
-88.000000
-44.000000
-48.000000
-44.000000
-48.000000
-56.000000
-60.000000
-44.000000
-48.000000
-48.000000
-36.000000
-52.000000
-64.000000
-36.000000
-52.000000
-44.000000
-36.000000
-36.000000
-48.000000
-68.000000
-76.000000
-68.000000
-56.000000
-68.000000
-64.000000
-56.000000
-84.000000
-60.000000
-76.000000
-64.000000
-40.000000
-68.000000
-32.000000
-48.000000
-56.000000
-52.000000
-80.000000
-56.000000
-72.000000
-48.000000
-64.000000
-36.000000
-40.000000
-44.000000
-56.000000
-44.000000
-32.000000
-64.000000
-52.000000
-44.000000
-64.000000
-48.000000
-44.000000
-64.000000
-56.000000
-48.000000
-36.000000
-48.000000
-64.000000
-76.000000
-72.000000
-40.000000
-60.000000
-56.000000
-64.000000
-64.000000
-60.000000
-56.000000
-64.000000
-60.000000
-72.000000
-56.000000
-64.000000
-48.000000
-84.000000
-56.000000
-44.000000
-56.000000
-64.000000
-48.000000
-56.000000
-56.000000
-48.000000
-64.000000
-52.000000
-76.000000
-64.000000
-44.000000
-44.000000
-52.000000
-60.000000
-64.000000
-44.000000
-40.000000
-64.000000
-44.000000
-64.000000
-56.000000
-52.000000
-44.000000
-32.000000
-16.000000
-60.000000
-64.000000
-60.000000
-40.000000
-40.000000
-56.000000
-60.000000
-36.000000
-88.000000
-32.000000
-20.000000
-48.000000
-60.000000
-44.000000
-52.000000
-44.000000
-56.000000
-72.000000
-72.000000
-64.000000
-44.000000
-60.000000
-48.000000
-72.000000
-36.000000
-68.000000
-60.000000
-76.000000
-44.000000
-44.000000
-36.000000
-72.000000
-72.000000
-64.000000
-64.000000
-32.000000
-48.000000
-64.000000
-60.000000
-48.000000
-88.000000
-76.000000
-44.000000
-60.000000
-64.000000
-48.000000
-40.000000
-64.000000
-68.000000
-44.000000
-44.000000
-84.000000
-60.000000
-60.000000
-60.000000
-84.000000
-40.000000
-56.000000
-44.000000
-56.000000
-40.000000
-52.000000
-84.000000
-48.000000
-60.000000
-60.000000
-64.000000
-48.000000
-68.000000
-64.000000
-88.000000
-40.000000
-48.000000
-64.000000
-48.000000
-56.000000
-68.000000
-44.000000
-40.000000
-64.000000
-44.000000
-52.000000
-80.000000
-52.000000
-40.000000
-72.000000
-68.000000
-56.000000
-72.000000
-68.000000
-52.000000
-52.000000
-56.000000
-52.000000
-52.000000
-40.000000
-40.000000
-52.000000
-60.000000
-36.000000
-72.000000
-52.000000
-48.000000
-64.000000
-52.000000
-44.000000
-36.000000
-40.000000
-52.000000
-44.000000
-36.000000
-52.000000
-56.000000
-52.000000
-44.000000
-36.000000
-48.000000
-84.000000
-40.000000
-32.000000
-72.000000
-48.000000
-64.000000
-60.000000
-60.000000
-56.000000
-48.000000
-52.000000
-60.000000
-48.000000
-52.000000
-52.000000
-56.000000
-24.000000
-40.000000
-48.000000
-60.000000
-60.000000
-56.000000
-56.000000
-64.000000
-52.000000
-52.000000
-36.000000
-24.000000
-44.000000
-80.000000
-52.000000
-56.000000
-52.000000
-44.000000
-76.000000
-60.000000
-44.000000
-32.000000
-56.000000
-52.000000
-52.000000
-64.000000
-48.000000
-64.000000
-48.000000
-52.000000
-64.000000
-52.000000
-44.000000
-56.000000
-72.000000
-72.000000
-56.000000
-52.000000
-68.000000
-64.000000
-48.000000
-44.000000
-48.000000
-60.000000
-72.000000
-64.000000
-40.000000
-60.000000
-48.000000
-56.000000
-76.000000
-68.000000
-56.000000
-56.000000
-72.000000
-40.000000
-52.000000
-64.000000
-60.000000
-52.000000
-68.000000
-52.000000
-48.000000
-64.000000
-64.000000
-60.000000
-44.000000
-52.000000
-52.000000
-56.000000
-56.000000
-64.000000
-60.000000
-52.000000
-72.000000
-76.000000
-60.000000
-44.000000
-56.000000
-60.000000
-76.000000
-76.000000
-60.000000
-52.000000
-52.000000
-44.000000
-60.000000
-48.000000
-52.000000
-72.000000
-56.000000
-60.000000
-60.000000
-68.000000
-68.000000
-68.000000
-68.000000
-48.000000
-52.000000
-56.000000
-64.000000
-48.000000
-48.000000
-44.000000
-64.000000
-80.000000
-76.000000
-60.000000
-60.000000
-40.000000
-44.000000
-48.000000
-40.000000
-56.000000
-40.000000
-12.000000
-60.000000
-60.000000
-48.000000
-44.000000
-76.000000
-52.000000
-32.000000
-64.000000
-64.000000
-32.000000
-52.000000
-48.000000
-64.000000
-56.000000
-44.000000
-80.000000
-44.000000
-52.000000
-60.000000
-64.000000
-48.000000
-64.000000
-48.000000
-60.000000
-60.000000
-64.000000
-48.000000
-64.000000
-56.000000
-64.000000
-64.000000
-72.000000
-48.000000
-60.000000
-76.000000
-48.000000
-52.000000
-36.000000
-64.000000
-48.000000
-12.000000
-20.000000
-52.000000
-48.000000
-36.000000
-60.000000
-44.000000
-40.000000
-68.000000
-64.000000
-64.000000
-48.000000
-60.000000
-44.000000
-48.000000
-56.000000
-60.000000
-68.000000
-56.000000
-40.000000
-60.000000
-48.000000
-44.000000
-60.000000
-56.000000
-48.000000
-48.000000
-44.000000
-72.000000
-64.000000
-56.000000
-28.000000
-68.000000
-48.000000
-56.000000
-56.000000
-36.000000
-36.000000
-48.000000
-48.000000
-36.000000
-56.000000
-28.000000
-56.000000
-52.000000
-52.000000
-56.000000
-52.000000
-52.000000
-52.000000
-68.000000
-60.000000
-32.000000
-60.000000
-72.000000
-44.000000
-48.000000
-40.000000
-40.000000
-40.000000
-52.000000
-36.000000
-60.000000
-52.000000
-56.000000
-48.000000
-32.000000
-52.000000
-48.000000
-36.000000
-56.000000
-56.000000
-76.000000
-40.000000
-36.000000
-60.000000
-36.000000
-20.000000
-60.000000
-52.000000
-36.000000
-48.000000
-48.000000
-52.000000
-52.000000
-64.000000
-44.000000
-52.000000
-48.000000
-48.000000
-40.000000
-72.000000
-56.000000
-56.000000
-32.000000
-52.000000
-36.000000
-24.000000
-32.000000
-64.000000
-48.000000
-28.000000
-40.000000
-40.000000
-64.000000
-48.000000
-56.000000
-32.000000
-48.000000
-40.000000
-52.000000
-52.000000
-56.000000
-56.000000
-40.000000
-52.000000
-56.000000
-76.000000
-60.000000
-60.000000
-48.000000
-28.000000
-68.000000
-88.000000
-48.000000
-56.000000
-52.000000
-56.000000
-44.000000
-52.000000
-48.000000
-60.000000
-48.000000
-64.000000
-72.000000
-44.000000
-24.000000
-36.000000
-36.000000
-56.000000
-52.000000
-52.000000
-60.000000
-60.000000
-40.000000
-48.000000
-44.000000
-52.000000
-72.000000
-68.000000
-64.000000
-40.000000
-56.000000
-60.000000
-40.000000
-36.000000
-28.000000
-52.000000
-64.000000
-44.000000
-60.000000
-56.000000
-52.000000
-80.000000
-56.000000
-32.000000
-48.000000
-44.000000
-56.000000
-44.000000
-52.000000
-72.000000
-44.000000
-52.000000
-44.000000
-64.000000
-56.000000
-72.000000
-60.000000
-24.000000
-24.000000
-56.000000
-60.000000
-72.000000
-60.000000
-48.000000
-56.000000
-36.000000
-40.000000
-56.000000
-16.000000
-48.000000
-36.000000
-56.000000
-48.000000
-56.000000
-56.000000
-60.000000
-56.000000
-68.000000
-60.000000
-60.000000
-80.000000
-48.000000
-56.000000
-28.000000
-56.000000
-48.000000
-52.000000
-48.000000
-48.000000
-48.000000
-64.000000
-76.000000
-56.000000
-80.000000
-52.000000
-56.000000
-64.000000
-44.000000
-36.000000
-48.000000
-20.000000
-48.000000
-36.000000
-60.000000
-40.000000
-60.000000
-60.000000
-44.000000
-52.000000
-64.000000
-80.000000
-36.000000
-40.000000
-64.000000
-36.000000
-44.000000
-52.000000
-60.000000
-36.000000
-44.000000
-48.000000
-44.000000
-44.000000
-40.000000
-36.000000
-32.000000
-52.000000
-48.000000
-24.000000
-48.000000
-72.000000
-32.000000
-72.000000
-60.000000
-60.000000
-44.000000
-56.000000
-48.000000
-64.000000
-72.000000
-84.000000
-84.000000
-60.000000
-56.000000
-52.000000
-60.000000
-68.000000
-68.000000
-52.000000
-52.000000
-56.000000
-40.000000
-56.000000
-64.000000
-48.000000
-64.000000
-48.000000
-52.000000
-56.000000
-44.000000
-52.000000
-48.000000
-56.000000
-56.000000
-44.000000
-52.000000
-52.000000
-40.000000
-44.000000
-28.000000
-48.000000
-60.000000
-60.000000
-52.000000
-32.000000
-36.000000
-60.000000
-48.000000
-52.000000
-64.000000
-36.000000
-48.000000
-60.000000
-76.000000
-60.000000
-28.000000
-48.000000
-52.000000
-60.000000
-64.000000
-48.000000
-44.000000
-44.000000
-40.000000
-24.000000
-24.000000
-44.000000
-36.000000
-40.000000
-52.000000
-56.000000
-72.000000
-60.000000
-52.000000
-56.000000
-56.000000
-64.000000
-48.000000
-24.000000
-60.000000
-56.000000
-64.000000
-36.000000
-28.000000
-44.000000
-44.000000
-40.000000
-36.000000
-40.000000
-44.000000
-48.000000
-48.000000
-40.000000
-28.000000
-60.000000
-48.000000
-52.000000
-48.000000
-52.000000
-44.000000
-48.000000
-52.000000
-80.000000
-52.000000
-48.000000
-32.000000
-52.000000
-64.000000
-48.000000
-60.000000
-64.000000
-60.000000
-48.000000
-52.000000
-52.000000
-52.000000
-60.000000
-56.000000
-60.000000
-52.000000
-76.000000
-56.000000
-52.000000
-60.000000
-60.000000
-36.000000
-72.000000
-40.000000
-60.000000
-72.000000
-28.000000
-64.000000
-60.000000
-52.000000
-60.000000
-52.000000
-56.000000
-48.000000
-56.000000
-60.000000
-48.000000
-64.000000
-52.000000
-40.000000
-40.000000
-56.000000
-48.000000
-44.000000
-56.000000
-60.000000
-56.000000
-80.000000
-64.000000
-52.000000
-44.000000
-48.000000
-56.000000
-60.000000
-52.000000
-56.000000
-52.000000
-64.000000
-72.000000
-68.000000
-48.000000
-40.000000
-88.000000
-80.000000
-52.000000
-60.000000
-72.000000
-44.000000
-44.000000
-44.000000
-56.000000
-52.000000
-68.000000
-60.000000
-68.000000
-20.000000
-80.000000
-72.000000
-44.000000
-40.000000
-8.000000
-52.000000
-60.000000
-64.000000
-52.000000
-64.000000
-72.000000
-48.000000
-60.000000
-76.000000
-44.000000
-52.000000
-56.000000
-52.000000
-64.000000
-48.000000
-44.000000
-40.000000
-56.000000
-44.000000
-52.000000
-64.000000
-60.000000
-32.000000
-64.000000
-52.000000
-64.000000
-76.000000
-56.000000
-60.000000
-60.000000
-60.000000
-44.000000
-80.000000
-44.000000
-52.000000
-44.000000
-44.000000
-64.000000
-60.000000
-68.000000
-60.000000
-60.000000
-88.000000
-76.000000
-44.000000
-36.000000
-56.000000
-64.000000
-56.000000
-60.000000
-40.000000
-76.000000
-68.000000
-48.000000
-52.000000
-52.000000
-80.000000
-44.000000
-52.000000
-32.000000
-56.000000
-44.000000
-68.000000
-44.000000
-52.000000
-48.000000
-76.000000
-60.000000
-96.000000
-60.000000
-76.000000
-92.000000
-72.000000
-64.000000
-44.000000
-60.000000
-68.000000
-60.000000
-60.000000
-52.000000
-48.000000
-68.000000
-60.000000
-76.000000
-60.000000
-60.000000
-56.000000
-80.000000
-56.000000
-48.000000
-48.000000
-60.000000
-36.000000
-36.000000
-44.000000
-64.000000
-64.000000
-52.000000
-52.000000
-60.000000
-36.000000
-84.000000
-48.000000
-56.000000
-36.000000
-56.000000
-80.000000
-80.000000
-52.000000
-44.000000
-48.000000
-56.000000
-72.000000
-72.000000
-44.000000
-60.000000
-40.000000
-68.000000
-48.000000
-52.000000
-52.000000
-60.000000
-56.000000
-64.000000
-52.000000
-56.000000
-44.000000
-32.000000
-52.000000
-40.000000
-24.000000
-48.000000
-64.000000
-44.000000
-52.000000
-52.000000
-56.000000
-52.000000
-56.000000
-40.000000
-44.000000
-60.000000
-48.000000
-40.000000
-16.000000
-44.000000
-36.000000
-64.000000
-52.000000
-52.000000
-20.000000
-60.000000
-56.000000
-48.000000
-72.000000
-52.000000
-48.000000
-48.000000
-36.000000
-40.000000
-32.000000
-40.000000
-36.000000
-48.000000
-64.000000
-52.000000
-68.000000
-60.000000
-64.000000
-40.000000
-48.000000
-64.000000
-64.000000
-76.000000
-44.000000
-52.000000
-44.000000
-60.000000
-48.000000
-44.000000
-32.000000
-72.000000
-56.000000
-44.000000
-72.000000
-36.000000
-60.000000
-52.000000
-40.000000
-56.000000
-48.000000
-56.000000
-76.000000
-80.000000
-60.000000
-28.000000
-48.000000
-56.000000
-64.000000
-48.000000
-88.000000
-68.000000
-56.000000
-64.000000
-64.000000
-44.000000
-68.000000
-64.000000
-52.000000
-72.000000
-60.000000
-48.000000
-52.000000
-60.000000
-48.000000
-64.000000
-76.000000
-40.000000
-60.000000
-48.000000
-56.000000
-48.000000
-52.000000
-60.000000
-36.000000
-60.000000
-56.000000
-48.000000
-48.000000
-48.000000
-64.000000
-68.000000
-56.000000
-32.000000
-48.000000
-32.000000
-72.000000
-44.000000
-64.000000
-60.000000
-60.000000
-64.000000
-56.000000
-28.000000
-44.000000
-40.000000
-72.000000
-76.000000
-56.000000
-48.000000
-64.000000
-60.000000
-100.000000
-68.000000
-36.000000
-60.000000
-60.000000
-52.000000
-72.000000
-52.000000
-48.000000
-52.000000
-60.000000
-44.000000
-32.000000
-48.000000
-64.000000
-40.000000
-48.000000
-52.000000
-28.000000
-76.000000
-60.000000
-60.000000
-64.000000
-48.000000
-60.000000
-52.000000
-52.000000
-52.000000
-32.000000
-56.000000
-60.000000
-56.000000
-56.000000
-52.000000
-52.000000
-64.000000
-44.000000
-32.000000
-36.000000
-60.000000
-52.000000
-64.000000
-68.000000
-52.000000
-80.000000
-56.000000
-40.000000
-56.000000
-64.000000
-48.000000
-56.000000
-80.000000
-60.000000
-52.000000
-56.000000
-64.000000
-68.000000
-60.000000
-60.000000
-64.000000
-76.000000
-64.000000
-40.000000
-60.000000
-88.000000
-36.000000
-84.000000
-60.000000
-64.000000
-72.000000
-56.000000
-64.000000
-72.000000
-60.000000
-60.000000
-52.000000
-64.000000
-60.000000
-60.000000
-68.000000
-60.000000
-68.000000
-48.000000
-52.000000
-52.000000
-52.000000
-52.000000
-64.000000
-48.000000
-52.000000
-56.000000
-64.000000
-68.000000
-48.000000
-64.000000
-48.000000
-44.000000
-52.000000
-68.000000
-72.000000
-44.000000
-48.000000
-80.000000
-56.000000
-56.000000
-60.000000
-44.000000
-56.000000
-76.000000
-68.000000
-68.000000
-60.000000
-56.000000
-36.000000
-48.000000
-68.000000
-68.000000
-48.000000
-64.000000
-64.000000
-48.000000
-44.000000
-68.000000
-48.000000
-60.000000
-80.000000
-64.000000
-44.000000
-52.000000
-80.000000
-68.000000
-56.000000
-52.000000
-56.000000
-64.000000
-84.000000
-52.000000
-72.000000
-68.000000
-68.000000
-76.000000
-80.000000
-48.000000
-64.000000
-44.000000
-64.000000
-64.000000
-72.000000
-48.000000
-64.000000
-80.000000
-64.000000
-48.000000
-56.000000
-64.000000
-56.000000
-48.000000
-48.000000
-64.000000
-72.000000
-64.000000
-80.000000
-68.000000
-92.000000
-48.000000
-72.000000
-92.000000
-64.000000
-64.000000
-88.000000
-64.000000
-64.000000
-80.000000
-56.000000
-84.000000
-68.000000
-92.000000
-76.000000
-64.000000
-88.000000
-88.000000
-92.000000
-64.000000
-72.000000
-56.000000
-92.000000
-72.000000
-72.000000
-56.000000
-80.000000
-72.000000
-56.000000
-80.000000
-80.000000
-76.000000
-80.000000
-88.000000
-64.000000
-72.000000
-72.000000
-88.000000
-88.000000
-84.000000
-68.000000
-72.000000
-72.000000
-88.000000
-92.000000
-76.000000
-76.000000
-92.000000
-80.000000
-60.000000
-76.000000
-84.000000
-76.000000
-68.000000
-96.000000
-72.000000
-76.000000
-80.000000
-80.000000
-64.000000
-72.000000
-80.000000
-68.000000
-72.000000
-76.000000
-72.000000
-76.000000
-72.000000
-80.000000
-76.000000
-84.000000
-72.000000
-88.000000
-76.000000
-52.000000
-92.000000
-92.000000
-84.000000
-60.000000
-72.000000
-80.000000
-84.000000
-48.000000
-92.000000
-48.000000
-80.000000
-48.000000
-72.000000
-80.000000
-88.000000
-76.000000
-104.000000
-80.000000
-72.000000
-76.000000
-76.000000
-68.000000
-52.000000
-72.000000
-52.000000
-60.000000
-76.000000
-72.000000
-72.000000
-72.000000
-48.000000
-64.000000
-72.000000
-76.000000
-64.000000
-72.000000
-60.000000
-60.000000
-68.000000
-64.000000
-64.000000
-72.000000
-72.000000
-52.000000
-48.000000
-56.000000
-64.000000
-80.000000
-60.000000
-60.000000
-44.000000
-76.000000
-76.000000
-64.000000
-40.000000
-48.000000
-60.000000
-44.000000
-80.000000
-48.000000
-36.000000
-56.000000
-64.000000
-76.000000
-60.000000
-52.000000
-60.000000
-60.000000
-60.000000
-64.000000
-48.000000
-36.000000
-52.000000
-48.000000
-64.000000
-44.000000
-52.000000
-52.000000
-40.000000
-44.000000
-44.000000
-52.000000
-52.000000
-56.000000
-44.000000
-32.000000
-48.000000
-56.000000
-48.000000
