2.250977
0.991211
-0.610352
-2.138672
-3.339844
-3.959961
-3.964844
-3.388672
-2.250977
-0.742188
1.127930
3.081055
5.014648
6.708984
8.022461
8.886719
9.160156
8.833008
7.993164
6.596680
4.858398
2.885742
0.898438
-0.898438
-2.446289
-3.481445
-3.974609
-3.896484
-3.212891
-2.031250
-0.419922
1.425781
3.447266
5.322266
6.948242
8.232422
9.003906
9.169922
8.774414
7.778320
6.352539
4.550781
2.573242
0.600586
-1.210938
-2.661133
-3.618164
-4.013672
-3.847656
-3.071289
-1.777344
-0.117188
1.767578
3.740234
5.595703
7.202148
8.378906
9.057617
9.121094
8.632812
7.578125
6.074219
4.296875
3.066406
2.646484
2.514648
2.519531
2.578125
2.587891
2.578125
2.597656
2.587891
2.553711
2.578125
2.592773
2.583008
2.583008
2.587891
2.563477
2.607422
2.597656
2.573242
2.587891
2.568359
2.578125
2.568359
2.563477
2.563477
2.563477
2.558594
2.563477
2.573242
2.553711
2.597656
2.524414
2.543945
2.597656
2.592773
2.573242
2.558594
2.612305
2.553711
2.578125
2.558594
2.558594
2.587891
2.578125
2.558594
2.602539
2.563477
2.573242
2.563477
2.534180
2.568359
2.558594
2.573242
2.558594
2.534180
2.563477
2.568359
2.563477
2.573242
2.563477
2.568359
2.578125
2.578125
2.573242
2.578125
2.578125
2.543945
2.578125
2.592773
2.558594
2.592773
2.553711
2.578125
2.573242
2.573242
2.592773
2.563477
2.553711
2.573242
2.592773
2.563477
2.568359
2.563477
2.587891
2.578125
2.558594
2.548828
2.578125
2.578125
2.573242
2.573242
2.539062
2.573242
2.558594
2.592773
2.578125
2.573242
2.592773
2.553711
2.573242
2.548828
2.558594
2.578125
2.597656
2.573242
2.568359
2.558594
2.592773
2.592773
2.543945
2.573242
2.553711
2.568359
2.563477
2.573242
2.578125
2.578125
2.607422
2.568359
2.568359
2.563477
2.558594
2.553711
2.587891
2.573242
2.563477
2.568359
2.573242
2.573242
2.558594
2.563477
2.548828
2.553711
2.587891
2.578125
2.558594
2.568359
2.568359
2.587891
2.583008
2.563477
2.602539
2.568359
2.563477
2.524414
2.548828
2.568359
2.548828
2.578125
2.602539
2.573242
2.553711
2.602539
2.573242
2.568359
2.553711
2.568359
2.587891
2.587891
2.573242
2.563477
2.558594
2.578125
2.578125
2.568359
2.563477
2.558594
2.553711
2.558594
2.578125
2.583008
2.558594
2.597656
2.592773
2.578125
2.578125
2.568359
2.583008
2.592773
2.587891
2.563477
2.568359
2.573242
2.587891
2.578125
2.568359
2.573242
2.568359
2.558594
2.573242
2.563477
2.573242
2.587891
2.563477
2.563477
2.587891
2.578125
2.558594
2.583008
2.578125
2.568359
2.568359
2.563477
2.534180
2.563477
2.587891
2.558594
2.563477
2.587891
2.583008
2.583008
2.578125
2.587891
2.563477
2.568359
2.607422
2.573242
2.573242
2.568359
2.558594
2.573242
2.578125
2.553711
2.592773
2.573242
2.568359
2.553711
2.563477
2.543945
2.583008
2.543945
2.573242
2.573242
2.592773
2.578125
2.578125
2.602539
2.573242
2.543945
2.573242
2.558594
2.563477
2.578125
2.568359
2.568359
2.558594
2.573242
2.573242
2.583008
2.573242
2.558594
2.529297
2.587891
2.568359
2.573242
2.597656
2.563477
2.578125
2.607422
2.573242
2.573242
2.563477
2.592773
2.573242
2.568359
2.563477
2.539062
2.568359
2.543945
2.568359
2.563477
2.568359
2.597656
2.573242
2.553711
2.573242
2.543945
2.583008
2.548828
2.558594
2.578125
2.568359
2.553711
2.578125
2.563477
2.539062
2.568359
2.573242
2.583008
2.563477
2.524414
2.573242
2.578125
2.558594
2.568359
2.573242
2.548828
2.568359
2.592773
2.597656
2.563477
2.573242
2.548828
2.607422
2.563477
2.558594
2.558594
2.563477
2.578125
2.568359
2.573242
2.573242
2.597656
2.597656
2.568359
2.558594
2.568359
2.568359
2.578125
2.563477
2.539062
2.578125
2.573242
2.592773
2.573242
2.573242
2.583008
2.553711
2.578125
2.563477
2.578125
2.578125
2.553711
2.563477
2.563477
2.558594
2.543945
2.587891
2.587891
2.558594
2.563477
2.578125
2.587891
2.548828
2.563477
2.558594
2.587891
2.583008
2.568359
2.558594
2.592773
2.563477
2.592773
2.578125
2.573242
2.553711
2.548828
2.553711
2.578125
2.558594
2.568359
2.587891
2.583008
2.573242
2.553711
2.558594
2.553711
2.573242
2.539062
2.568359
2.573242
2.578125
2.578125
2.553711
2.558594
2.553711
2.558594
2.568359
2.558594
2.553711
2.573242
2.563477
2.553711
2.568359
2.558594
2.568359
2.592773
2.583008
2.583008
2.558594
2.568359
2.573242
2.587891
2.578125
2.534180
2.592773
2.602539
2.578125
2.568359
2.563477
2.587891
2.573242
2.578125
2.563477
2.553711
2.534180
2.612305
2.558594
2.592773
2.583008
2.553711
2.553711
2.563477
2.573242
2.573242
2.583008
2.563477
2.558594
2.592773
2.573242
2.548828
2.558594
2.578125
2.592773
2.553711
2.573242
2.563477
2.587891
2.573242
2.612305
2.587891
2.539062
2.558594
2.578125
2.543945
2.514648
2.534180
2.548828
2.563477
2.563477
2.553711
2.553711
2.568359
2.587891
2.573242
2.573242
2.553711
2.563477
2.568359
2.583008
2.583008
2.583008
2.592773
2.592773
2.558594
2.563477
2.587891
2.592773
2.592773
2.592773
2.568359
2.592773
2.563477
2.583008
2.548828
2.568359
2.578125
2.573242
2.573242
2.578125
2.563477
2.543945
2.573242
2.573242
2.558594
2.568359
2.578125
2.543945
2.583008
2.548828
2.578125
2.553711
2.592773
2.543945
2.558594
2.578125
2.592773
2.563477
2.583008
2.573242
2.553711
2.573242
2.553711
2.558594
2.543945
2.578125
2.553711
2.573242
2.558594
2.563477
2.578125
2.543945
2.578125
2.607422
2.563477
2.573242
2.548828
2.578125
2.558594
2.573242
2.587891
2.568359
2.553711
2.573242
2.573242
2.578125
2.558594
2.587891
2.558594
2.563477
2.578125
2.573242
2.578125
2.602539
2.573242
2.578125
2.543945
2.573242
2.587891
2.583008
2.553711
2.548828
2.563477
2.563477
2.587891
2.568359
2.573242
2.587891
2.573242
2.519531
2.568359
2.548828
2.578125
2.573242
2.548828
2.573242
2.573242
2.592773
2.568359
2.583008
2.563477
2.568359
2.563477
2.573242
2.548828
2.573242
2.543945
2.573242
2.573242
2.578125
2.558594
2.553711
2.568359
2.578125
2.548828
2.583008
2.563477
2.558594
2.578125
2.558594
2.563477
2.573242
2.563477
2.573242
2.563477
2.578125
2.558594
2.558594
2.568359
2.568359
2.548828
2.534180
2.563477
2.563477
2.543945
2.548828
2.553711
2.539062
2.563477
2.543945
2.548828
2.578125
2.568359
2.568359
2.573242
2.558594
2.568359
2.563477
2.583008
2.558594
2.563477
2.563477
2.563477
2.558594
2.539062
2.539062
2.543945
2.578125
2.568359
2.558594
2.573242
2.558594
2.548828
2.568359
2.587891
2.563477
2.558594
2.583008
2.578125
2.563477
2.558594
2.568359
2.539062
2.553711
2.578125
2.553711
2.539062
2.578125
2.553711
2.563477
2.578125
2.553711
2.558594
2.568359
2.597656
2.558594
2.553711
2.597656
2.573242
2.587891
2.578125
2.573242
2.583008
2.558594
2.568359
2.568359
2.543945
2.583008
2.534180
2.573242
2.563477
2.578125
2.578125
2.597656
2.563477
2.548828
2.558594
2.597656
2.534180
2.558594
2.573242
2.553711
2.568359
2.587891
2.563477
2.578125
2.553711
2.568359
2.568359
2.573242
2.568359
2.548828
2.573242
2.558594
2.558594
2.578125
2.548828
2.553711
2.563477
2.583008
2.583008
2.592773
2.587891
2.573242
2.558594
2.558594
2.558594
2.573242
2.587891
2.592773
2.573242
2.573242
2.553711
2.587891
2.558594
2.553711
2.568359
2.578125
2.587891
2.578125
2.548828
2.583008
2.573242
2.578125
2.583008
2.558594
2.563477
2.583008
2.583008
2.573242
2.578125
2.563477
2.597656
2.592773
2.578125
2.543945
2.543945
2.563477
2.592773
2.573242
2.539062
2.578125
2.592773
2.578125
2.558594
2.558594
2.539062
2.563477
2.573242
2.573242
2.578125
2.534180
2.597656
2.583008
2.573242
2.578125
2.578125
2.573242
2.583008
2.563477
2.573242
2.568359
2.563477
2.563477
2.583008
2.563477
2.578125
2.563477
2.548828
2.568359
2.597656
2.519531
2.573242
2.592773
2.548828
2.568359
2.563477
2.563477
2.587891
2.568359
2.573242
2.578125
2.578125
2.563477
2.583008
2.558594
2.578125
2.592773
2.578125
2.578125
2.573242
2.578125
2.558594
2.558594
2.563477
2.568359
2.563477
2.558594
2.563477
2.578125
2.597656
2.587891
2.553711
2.558594
2.587891
2.573242
2.563477
2.573242
2.553711
2.558594
2.573242
2.578125
2.563477
2.578125
2.573242
2.553711
2.578125
2.597656
2.597656
2.587891
2.573242
2.548828
2.583008
2.607422
2.587891
2.568359
2.563477
2.563477
2.573242
2.583008
2.568359
2.568359
2.563477
2.573242
2.578125
2.578125
2.568359
2.563477
2.573242
2.573242
2.563477
2.587891
2.573242
2.539062
2.539062
2.563477
2.568359
2.578125
2.587891
2.568359
2.553711
2.563477
2.563477
2.548828
2.563477
2.553711
2.563477
2.573242
2.587891
2.578125
2.573242
2.548828
2.568359
2.587891
2.563477
2.568359
2.548828
2.578125
2.573242
2.553711
2.578125
2.553711
2.548828
2.578125
2.553711
2.558594
2.563477
2.592773
2.573242
2.563477
2.578125
2.529297
2.568359
2.553711
2.558594
2.553711
2.558594
2.583008
2.548828
2.568359
2.558594
2.539062
2.529297
2.548828
2.587891
2.558594
2.553711
2.558594
2.587891
2.558594
2.578125
2.548828
2.573242
2.563477
2.573242
2.578125
2.568359
2.558594
2.578125
2.563477
2.573242
2.534180
2.558594
2.568359
2.568359
2.587891
2.568359
2.548828
2.558594
2.587891
2.553711
2.573242
2.563477
2.563477
2.539062
2.563477
2.563477
2.553711
2.578125
2.553711
2.543945
2.568359
2.558594
2.553711
2.583008
2.563477
2.558594
2.558594
2.587891
2.587891
2.583008
2.558594
2.573242
2.573242
2.597656
2.543945
2.558594
2.563477
2.553711
2.578125
2.568359
2.563477
2.553711
2.607422
2.563477
2.563477
2.558594
2.553711
2.543945
2.539062
2.543945
2.568359
2.587891
2.602539
2.617188
2.558594
2.563477
2.592773
2.592773
2.573242
2.568359
2.558594
2.578125
2.568359
2.568359
2.573242
2.568359
2.558594
2.587891
2.568359
2.578125
2.529297
2.573242
2.617188
2.558594
2.573242
2.548828
2.558594
2.563477
2.573242
2.573242
2.553711
2.558594
2.573242
2.553711
2.573242
2.573242
2.583008
2.578125
2.553711
2.543945
2.563477
2.568359
2.578125
2.553711
2.573242
2.563477
2.568359
2.553711
2.553711
2.578125
2.568359
2.543945
2.573242
2.558594
2.539062
2.558594
2.543945
2.524414
2.539062
2.543945
2.553711
2.548828
2.578125
2.558594
2.563477
2.563477
2.578125
2.548828
2.553711
2.573242
2.558594
2.539062
2.558594
2.563477
2.548828
2.519531
2.553711
2.543945
2.563477
2.563477
2.534180
2.553711
2.573242
2.553711
2.578125
2.553711
2.548828
2.548828
2.578125
2.568359
2.529297
2.553711
2.548828
2.573242
2.568359
2.548828
2.563477
2.587891
2.583008
2.573242
2.553711
2.543945
2.563477
2.631836
2.558594
2.597656
2.563477
2.587891
2.568359
2.578125
2.558594
2.558594
2.563477
2.568359
2.558594
2.543945
2.587891
2.578125
2.563477
2.573242
2.578125
2.558594
2.548828
2.563477
2.563477
2.543945
2.539062
2.563477
2.548828
2.558594
2.568359
2.558594
2.548828
2.558594
2.578125
2.578125
2.568359
2.573242
2.578125
2.558594
2.553711
2.568359
2.587891
2.573242
2.558594
2.587891
2.592773
2.597656
2.573242
2.558594
2.578125
2.578125
2.539062
2.563477
2.578125
2.563477
2.573242
2.587891
2.563477
2.568359
2.563477
2.568359
2.578125
2.573242
2.529297
2.553711
2.568359
2.583008
2.563477
2.592773
2.553711
2.558594
2.563477
2.563477
2.583008
2.563477
2.587891
2.573242
2.578125
2.573242
2.553711
2.573242
2.578125
2.558594
2.578125
2.558594
2.573242
2.534180
2.539062
2.553711
2.563477
2.573242
2.563477
2.578125
2.553711
2.573242
2.558594
2.592773
2.553711
2.587891
2.597656
2.573242
2.568359
2.592773
2.573242
2.563477
2.587891
2.548828
2.568359
2.563477
2.534180
2.583008
2.587891
2.583008
2.573242
2.573242
2.602539
2.573242
2.592773
2.573242
2.539062
2.568359
2.543945
2.597656
2.592773
2.563477
2.592773
2.587891
2.573242
2.597656
2.563477
2.573242
2.587891
2.563477
2.578125
2.607422
2.558594
2.587891
2.587891
2.558594
2.583008
2.573242
2.573242
2.568359
2.563477
2.578125
2.558594
2.578125
2.573242
2.573242
2.568359
2.587891
2.573242
2.583008
2.573242
2.592773
2.583008
2.587891
2.583008
2.587891
2.587891
2.563477
2.568359
2.568359
2.563477
2.548828
2.563477
2.587891
2.578125
2.553711
2.563477
2.597656
2.548828
2.592773
2.539062
2.573242
2.607422
2.578125
2.563477
2.573242
2.573242
2.568359
2.617188
2.597656
2.573242
2.578125
2.558594
2.597656
2.573242
2.597656
2.592773
2.558594
2.597656
2.592773
2.568359
2.558594
2.578125
2.573242
2.573242
2.573242
2.543945
2.558594
2.592773
2.568359
2.573242
2.578125
2.578125
2.587891
2.563477
2.558594
2.587891
2.553711
2.592773
2.578125
2.568359
2.558594
2.573242
2.568359
2.583008
2.583008
2.578125
2.573242
2.573242
2.568359
2.578125
2.573242
2.553711
2.607422
2.592773
2.587891
2.568359
2.592773
2.563477
2.563477
2.578125
2.568359
2.558594
2.558594
2.587891
2.563477
2.578125
2.548828
2.617188
2.558594
2.587891
2.563477
2.563477
2.568359
2.558594
2.553711
2.587891
2.583008
2.583008
2.558594
2.568359
2.563477
2.578125
2.568359
2.573242
2.568359
2.568359
2.573242
2.573242
2.558594
2.563477
2.587891
2.539062
2.548828
2.553711
2.558594
2.558594
2.563477
2.578125
2.548828
2.558594
2.563477
2.563477
2.578125
2.602539
2.573242
2.568359
2.568359
2.578125
2.563477
2.578125
2.578125
2.558594
2.597656
2.587891
2.573242
2.558594
2.592773
2.568359
2.573242
2.578125
2.587891
2.592773
2.573242
2.553711
2.573242
2.573242
2.578125
2.573242
2.587891
2.578125
2.563477
2.573242
2.583008
2.573242
2.573242
2.548828
2.578125
2.553711
2.573242
2.583008
2.563477
2.573242
2.568359
2.548828
2.543945
2.539062
2.558594
2.597656
2.583008
2.558594
2.553711
2.587891
2.583008
2.563477
2.563477
2.553711
2.563477
2.583008
2.573242
2.568359
2.568359
2.573242
2.573242
2.587891
2.573242
2.553711
2.558594
2.587891
2.563477
2.568359
2.553711
2.539062
2.573242
2.573242
2.568359
2.548828
2.587891
2.568359
2.553711
2.563477
2.563477
2.573242
2.578125
2.568359
2.568359
2.573242
2.578125
2.597656
2.573242
2.573242
2.558594
2.573242
2.587891
2.563477
2.592773
2.563477
2.568359
2.583008
2.597656
2.563477
2.543945
2.553711
2.563477
2.558594
2.583008
2.568359
2.543945
2.563477
2.578125
2.558594
2.587891
2.583008
2.568359
2.539062
2.558594
2.548828
2.543945
2.597656
2.573242
2.583008
2.583008
2.543945
2.568359
2.583008
2.529297
2.587891
2.558594
2.578125
2.602539
2.568359
2.592773
2.573242
2.587891
2.578125
2.553711
2.568359
2.568359
2.553711
2.558594
2.563477
2.578125
2.583008
2.568359
2.578125
2.592773
2.587891
2.563477
2.592773
2.578125
2.573242
2.563477
2.558594
2.578125
2.587891
2.563477
2.568359
2.573242
2.583008
2.578125
2.558594
2.563477
2.553711
2.578125
2.587891
2.578125
2.578125
2.583008
2.548828
2.587891
2.568359
2.578125
2.592773
2.563477
2.548828
2.524414
2.568359
2.573242
2.578125
2.578125
2.573242
2.553711
2.578125
2.539062
2.583008
2.607422
2.563477
2.573242
2.617188
2.558594
2.563477
2.578125
2.587891
2.636719
2.573242
2.612305
2.563477
2.587891
2.592773
2.573242
2.583008
2.543945
2.592773
2.578125
2.573242
2.568359
2.553711
2.553711
2.597656
2.587891
2.607422
2.617188
2.573242
2.573242
2.583008
2.578125
2.543945
2.578125
2.578125
2.553711
2.578125
2.558594
2.578125
2.587891
2.583008
2.573242
2.587891
2.592773
2.587891
2.592773
2.573242
2.597656
2.578125
2.602539
2.578125
2.587891
2.578125
2.573242
2.563477
2.592773
2.553711
2.553711
2.597656
2.592773
2.583008
2.592773
2.558594
2.563477
2.563477
2.568359
2.573242
2.558594
2.553711
2.573242
2.597656
2.553711
2.578125
2.583008
2.563477
2.573242
2.578125
2.563477
2.573242
2.558594
2.573242
2.573242
2.558594
2.563477
2.578125
2.587891
2.607422
2.573242
2.587891
2.602539
2.548828
2.563477
2.563477
2.578125
2.587891
2.568359
2.558594
2.568359
2.573242
2.548828
2.563477
2.568359
2.568359
2.558594
2.553711
2.583008
2.543945
2.558594
2.568359
2.597656
2.587891
2.543945
2.587891
2.592773
2.592773
2.573242
2.558594
2.573242
2.548828
2.573242
2.558594
2.573242
2.553711
2.573242
2.578125
2.568359
2.573242
2.543945
2.568359
2.573242
2.548828
2.539062
2.548828
2.578125
2.563477
2.587891
2.573242
2.573242
2.563477
2.587891
2.583008
2.573242
2.573242
2.573242
2.578125
2.597656
2.578125
2.573242
2.592773
2.563477
2.587891
2.558594
2.563477
2.573242
2.558594
2.597656
2.578125
2.558594
2.563477
2.573242
2.568359
2.563477
2.548828
2.578125
2.563477
2.568359
2.558594
2.558594
2.568359
2.587891
2.573242
2.592773
2.597656
2.558594
2.578125
2.578125
2.563477
2.553711
2.558594
2.587891
2.558594
2.573242
2.573242
2.587891
2.578125
2.587891
2.568359
2.578125
2.563477
2.568359
2.553711
2.602539
2.563477
2.563477
2.578125
2.573242
2.563477
2.539062
2.597656
2.587891
2.568359
2.558594
2.583008
2.563477
2.592773
2.602539
2.563477
2.578125
2.563477
2.568359
2.587891
2.539062
2.578125
2.578125
2.573242
2.578125
2.568359
2.548828
2.573242
2.597656
2.592773
2.558594
2.548828
2.573242
2.563477
2.592773
2.573242
2.573242
2.563477
2.563477
2.573242
2.578125
2.500000
2.563477
2.578125
2.534180
2.563477
2.563477
2.558594
2.543945
2.539062
2.558594
2.558594
2.553711
2.548828
2.548828
2.587891
2.573242
2.563477
2.592773
2.563477
2.592773
2.553711
2.578125
2.563477
2.558594
2.573242
2.587891
2.568359
2.597656
2.573242
2.583008
2.568359
2.578125
2.563477
2.592773
2.558594
2.568359
2.568359
2.578125
2.558594
2.558594
2.563477
2.587891
2.573242
2.583008
2.553711
2.558594
2.573242
2.587891
2.553711
2.592773
2.553711
2.573242
2.583008
2.573242
2.553711
2.583008
2.578125
2.573242
2.578125
2.592773
2.578125
2.568359
2.563477
2.558594
2.563477
2.568359
2.583008
2.597656
2.558594
2.578125
2.539062
2.578125
2.568359
2.573242
2.563477
2.563477
2.563477
2.597656
2.573242
2.558594
2.558594
2.568359
2.558594
2.578125
2.592773
2.568359
2.534180
2.592773
2.573242
2.568359
2.568359
2.568359
2.568359
2.597656
2.573242
2.553711
2.568359
2.553711
2.573242
2.592773
2.558594
2.597656
2.573242
2.573242
2.578125
2.558594
2.553711
2.573242
2.558594
2.558594
2.573242
2.563477
2.587891
2.558594
2.563477
2.568359
2.592773
2.563477
2.568359
2.563477
2.558594
2.568359
2.592773
2.573242
2.578125
2.568359
2.578125
2.573242
2.563477
2.592773
2.558594
2.553711
2.548828
2.578125
2.563477
2.587891
2.534180
2.548828
2.587891
2.573242
2.568359
2.563477
2.563477
2.563477
2.558594
2.573242
2.563477
2.568359
2.558594
2.578125
2.578125
2.583008
2.558594
2.548828
2.563477
2.558594
2.548828
2.539062
2.548828
2.558594
2.553711
2.583008
2.553711
2.558594
2.548828
2.587891
2.553711
2.558594
2.578125
2.578125
2.558594
2.543945
2.592773
2.539062
2.548828
2.539062
2.563477
2.587891
2.578125
2.578125
2.558594
2.558594
2.583008
2.563477
2.553711
2.548828
2.543945
2.583008
2.626953
2.578125
2.563477
2.578125
2.578125
2.602539
2.612305
2.583008
2.587891
2.587891
2.578125
2.583008
2.573242
2.578125
2.583008
2.543945
2.573242
2.578125
2.563477
2.573242
2.597656
2.543945
2.548828
2.563477
2.587891
2.558594
2.573242
2.558594
2.548828
2.539062
2.568359
2.583008
2.563477
2.568359
2.578125
2.568359
2.563477
2.568359
2.578125
2.607422
2.622070
2.587891
2.592773
2.583008
2.578125
2.592773
2.568359
2.573242
2.558594
2.587891
2.539062
2.597656
2.563477
2.558594
2.568359
2.578125
2.573242
2.563477
2.553711
2.563477
2.558594
2.563477
2.563477
2.592773
2.558594
2.583008
