2.441406
1.503906
-0.068359
-1.645508
-2.998047
-3.818359
-4.042969
-3.676758
-2.714844
-1.284180
0.478516
2.392578
4.350586
6.123047
7.641602
8.637695
9.111328
9.028320
8.310547
7.109375
5.488281
3.603516
1.596680
-0.322266
-1.958008
-3.183594
-3.925781
-4.008789
-3.540039
-2.500000
-1.025391
0.771484
2.749023
4.663086
6.416016
7.827148
8.774414
9.150391
8.974609
8.178711
6.870117
5.185547
3.266602
1.264648
-0.615234
-2.207031
-3.369141
-3.964844
-3.969727
-3.383789
-2.236328
-0.732422
1.083984
3.081055
4.995117
6.689453
8.027344
8.852539
9.174805
8.867188
8.007812
6.621094
4.902344
3.408203
2.734375
2.514648
2.480469
2.553711
2.553711
2.578125
2.592773
2.583008
2.578125
2.587891
2.553711
2.578125
2.578125
2.573242
2.568359
2.607422
2.597656
2.607422
2.578125
2.573242
2.563477
2.573242
2.573242
2.563477
2.548828
2.573242
2.573242
2.587891
2.548828
2.583008
2.578125
2.583008
2.578125
2.583008
2.558594
2.592773
2.563477
2.558594
2.573242
2.568359
2.568359
2.578125
2.568359
2.573242
2.583008
2.597656
2.578125
2.573242
2.563477
2.563477
2.597656
2.592773
2.524414
2.587891
2.558594
2.553711
2.578125
2.563477
2.587891
2.587891
2.573242
2.587891
2.563477
2.558594
2.563477
2.558594
2.563477
2.583008
2.563477
2.543945
2.573242
2.553711
2.558594
2.539062
2.578125
2.558594
2.583008
2.553711
2.578125
2.573242
2.568359
2.587891
2.587891
2.578125
2.568359
2.602539
2.602539
2.573242
2.578125
2.573242
2.558594
2.592773
2.573242
2.592773
2.578125
2.578125
2.573242
2.563477
2.563477
2.587891
2.563477
2.587891
2.578125
2.548828
2.578125
2.568359
2.578125
2.583008
2.573242
2.573242
2.587891
2.587891
2.602539
2.592773
2.578125
2.558594
2.587891
2.568359
2.578125
2.568359
2.607422
2.578125
2.587891
2.578125
2.573242
2.607422
2.558594
2.563477
2.558594
2.573242
2.573242
2.558594
2.573242
2.573242
2.563477
2.578125
2.578125
2.578125
2.573242
2.607422
2.568359
2.563477
2.558594
2.548828
2.573242
2.602539
2.578125
2.573242
2.568359
2.578125
2.573242
2.573242
2.558594
2.563477
2.597656
2.592773
2.568359
2.602539
2.558594
2.573242
2.568359
2.597656
2.553711
2.563477
2.563477
2.592773
2.568359
2.573242
2.563477
2.558594
2.568359
2.583008
2.543945
2.563477
2.553711
2.592773
2.563477
2.548828
2.558594
2.548828
2.563477
2.573242
2.573242
2.553711
2.543945
2.573242
2.573242
2.573242
2.578125
2.587891
2.602539
2.578125
2.578125
2.587891
2.558594
2.587891
2.553711
2.587891
2.568359
2.519531
2.558594
2.558594
2.563477
2.568359
2.548828
2.568359
2.573242
2.563477
2.558594
2.553711
2.592773
2.529297
2.558594
2.548828
2.578125
2.558594
2.583008
2.583008
2.529297
2.563477
2.597656
2.563477
2.558594
2.548828
2.578125
2.558594
2.578125
2.578125
2.578125
2.568359
2.548828
2.573242
2.573242
2.573242
2.583008
2.568359
2.573242
2.558594
2.587891
2.568359
2.568359
2.568359
2.568359
2.553711
2.563477
2.573242
2.539062
2.573242
2.578125
2.558594
2.543945
2.568359
2.563477
2.573242
2.573242
2.548828
2.563477
2.563477
2.563477
2.587891
2.578125
2.573242
2.573242
2.534180
2.534180
2.563477
2.568359
2.563477
2.568359
2.578125
2.573242
2.587891
2.558594
2.563477
2.558594
2.568359
2.578125
2.578125
2.553711
2.553711
2.543945
2.563477
2.563477
2.553711
2.578125
2.573242
2.553711
2.553711
2.563477
2.539062
2.553711
2.578125
2.573242
2.563477
2.592773
2.587891
2.578125
2.583008
2.543945
2.563477
2.602539
2.578125
2.558594
2.558594
2.558594
2.573242
2.587891
2.568359
2.573242
2.558594
2.587891
2.563477
2.573242
2.553711
2.578125
2.573242
2.543945
2.563477
2.583008
2.573242
2.592773
2.583008
2.563477
2.578125
2.568359
2.583008
2.587891
2.558594
2.583008
2.558594
2.587891
2.583008
2.583008
2.578125
2.587891
2.578125
2.592773
2.597656
2.578125
2.573242
2.573242
2.583008
2.573242
2.553711
2.587891
2.573242
2.563477
2.568359
2.553711
2.553711
2.587891
2.558594
2.558594
2.578125
2.568359
2.578125
2.592773
2.568359
2.578125
2.578125
2.573242
2.583008
2.583008
2.558594
2.563477
2.573242
2.573242
2.578125
2.583008
2.583008
2.592773
2.583008
2.597656
2.587891
2.578125
2.587891
2.592773
2.573242
2.607422
2.573242
2.568359
2.612305
2.558594
2.573242
2.563477
2.553711
2.548828
2.578125
2.568359
2.573242
2.568359
2.587891
2.578125
2.563477
2.578125
2.578125
2.592773
2.587891
2.558594
2.573242
2.592773
2.592773
2.587891
2.563477
2.578125
2.548828
2.583008
2.558594
2.553711
2.539062
2.563477
2.578125
2.568359
2.563477
2.573242
2.592773
2.587891
2.602539
2.578125
2.563477
2.563477
2.558594
2.578125
2.568359
2.563477
2.558594
2.568359
2.573242
2.563477
2.548828
2.587891
2.558594
2.553711
2.548828
2.568359
2.573242
2.548828
2.558594
2.587891
2.558594
2.583008
2.558594
2.573242
2.602539
2.543945
2.568359
2.568359
2.578125
2.563477
2.573242
2.558594
2.573242
2.563477
2.587891
2.548828
2.563477
2.573242
2.568359
2.568359
2.583008
2.563477
2.587891
2.578125
2.568359
2.558594
2.573242
2.578125
2.578125
2.568359
2.558594
2.597656
2.578125
2.587891
2.578125
2.563477
2.583008
2.592773
2.568359
2.587891
2.573242
2.587891
2.583008
2.568359
2.587891
2.548828
2.587891
2.573242
2.568359
2.568359
2.543945
2.563477
2.578125
2.573242
2.573242
2.592773
2.583008
2.597656
2.587891
2.563477
2.573242
2.548828
2.583008
2.573242
2.563477
2.558594
2.583008
2.607422
2.578125
2.602539
2.563477
2.573242
2.573242
2.583008
2.592773
2.558594
2.587891
2.592773
2.583008
2.578125
2.563477
2.583008
2.587891
2.568359
2.568359
2.553711
2.592773
2.578125
2.558594
2.558594
2.583008
2.583008
2.597656
2.573242
2.563477
2.563477
2.592773
2.578125
2.558594
2.563477
2.548828
2.583008
2.587891
2.573242
2.583008
2.548828
2.558594
2.592773
2.558594
2.548828
2.568359
2.568359
2.583008
2.573242
2.563477
2.539062
2.543945
2.563477
2.568359
2.563477
2.553711
2.573242
2.534180
2.587891
2.578125
2.573242
2.548828
2.583008
2.583008
2.568359
2.543945
2.563477
2.587891
2.583008
2.568359
2.553711
2.553711
2.578125
2.563477
2.553711
2.592773
2.543945
2.558594
2.578125
2.558594
2.558594
2.602539
2.587891
2.573242
2.597656
2.583008
2.573242
2.583008
2.568359
2.563477
2.558594
2.597656
2.558594
2.553711
2.563477
2.587891
2.592773
2.578125
2.563477
2.558594
2.563477
2.587891
2.573242
2.573242
2.573242
2.568359
2.592773
2.597656
2.578125
2.578125
2.573242
2.578125
2.583008
2.583008
2.543945
2.558594
2.573242
2.583008
2.573242
2.578125
2.587891
2.568359
2.607422
2.573242
2.592773
2.573242
2.563477
2.587891
2.583008
2.583008
2.578125
2.568359
2.578125
2.573242
2.568359
2.568359
2.597656
2.607422
2.592773
2.578125
2.568359
2.592773
2.597656
2.578125
2.578125
2.568359
2.578125
2.592773
2.583008
2.592773
2.553711
2.592773
2.583008
2.573242
2.583008
2.558594
2.573242
2.578125
2.578125
2.553711
2.568359
2.568359
2.587891
2.558594
2.553711
2.573242
2.573242
2.578125
2.587891
2.548828
2.553711
2.558594
2.578125
2.573242
2.558594
2.558594
2.568359
2.568359
2.558594
2.558594
2.563477
2.548828
2.563477
2.558594
2.539062
2.587891
2.558594
2.592773
2.558594
2.553711
2.573242
2.578125
2.558594
2.583008
2.573242
2.563477
2.539062
2.529297
2.543945
2.578125
2.553711
2.587891
2.578125
2.563477
2.568359
2.587891
2.558594
2.592773
2.573242
2.558594
2.568359
2.543945
2.597656
2.587891
2.553711
2.578125
2.568359
2.578125
2.578125
2.573242
2.563477
2.573242
2.553711
2.539062
2.553711
2.563477
2.578125
2.587891
2.573242
2.573242
2.592773
2.578125
2.553711
2.578125
2.548828
2.583008
2.573242
2.592773
2.607422
2.573242
2.587891
2.597656
2.597656
2.573242
2.578125
2.578125
2.597656
2.607422
2.568359
2.573242
2.558594
2.597656
2.568359
2.563477
2.553711
2.558594
2.573242
2.578125
2.578125
2.534180
2.568359
2.558594
2.587891
2.558594
2.568359
2.548828
2.568359
2.583008
2.578125
2.568359
2.583008
2.568359
2.578125
2.568359
2.568359
2.563477
2.592773
2.563477
2.597656
2.568359
2.568359
2.563477
2.558594
2.578125
2.592773
2.573242
2.578125
2.592773
2.563477
2.553711
2.578125
2.578125
2.573242
2.568359
2.573242
2.568359
2.563477
2.578125
2.563477
2.583008
2.587891
2.587891
2.573242
2.558594
2.553711
2.558594
2.534180
2.543945
2.583008
2.573242
2.568359
2.578125
2.578125
2.573242
2.558594
2.573242
2.597656
2.583008
2.553711
2.563477
2.568359
2.573242
2.587891
2.553711
2.563477
2.548828
2.563477
2.587891
2.563477
2.558594
2.568359
2.592773
2.568359
2.568359
2.553711
2.568359
2.587891
2.548828
2.568359
2.573242
2.524414
2.587891
2.568359
2.587891
2.563477
2.548828
2.568359
2.558594
2.568359
2.543945
2.558594
2.583008
2.592773
2.573242
2.568359
2.573242
2.578125
2.592773
2.612305
2.573242
2.543945
2.558594
2.587891
2.553711
2.558594
2.558594
2.568359
2.568359
2.563477
2.553711
2.558594
2.583008
2.548828
2.563477
2.587891
2.578125
2.602539
2.583008
2.568359
2.563477
2.568359
2.573242
2.578125
2.563477
2.578125
2.553711
2.602539
2.578125
2.587891
2.573242
2.563477
2.592773
2.558594
2.563477
2.548828
2.543945
2.573242
2.583008
2.543945
2.548828
2.573242
2.587891
2.563477
2.578125
2.578125
2.587891
2.573242
2.558594
2.568359
2.558594
2.573242
2.578125
2.617188
2.583008
2.558594
2.563477
2.592773
2.583008
2.578125
2.578125
2.558594
2.568359
2.573242
2.568359
2.573242
2.553711
2.573242
2.568359
2.558594
2.558594
2.539062
2.568359
2.573242
2.558594
2.563477
2.553711
2.573242
2.558594
2.553711
2.553711
2.568359
2.568359
2.558594
2.578125
2.607422
2.568359
2.548828
2.573242
2.578125
2.563477
2.563477
2.563477
2.568359
2.558594
2.563477
2.578125
2.587891
2.587891
2.578125
2.583008
2.573242
2.568359
2.553711
2.583008
2.568359
2.553711
2.543945
2.558594
2.563477
2.578125
2.583008
2.568359
2.587891
2.573242
2.578125
2.539062
2.573242
2.558594
2.563477
2.568359
2.573242
2.578125
2.587891
2.578125
2.563477
2.558594
2.548828
2.553711
2.568359
2.563477
2.573242
2.592773
2.578125
2.578125
2.587891
2.568359
2.607422
2.597656
2.553711
2.558594
2.573242
2.558594
2.587891
2.568359
2.578125
2.563477
2.578125
2.548828
2.587891
2.587891
2.597656
2.573242
2.568359
2.558594
2.573242
2.578125
2.568359
2.573242
2.558594
2.578125
2.573242
2.578125
2.587891
2.583008
2.573242
2.573242
2.592773
2.558594
2.558594
2.587891
2.563477
2.597656
2.573242
2.578125
2.558594
2.548828
2.568359
2.578125
2.573242
2.573242
2.548828
2.583008
2.553711
2.558594
2.539062
2.563477
2.587891
2.573242
2.573242
2.563477
2.548828
2.553711
2.597656
2.587891
2.563477
2.553711
2.568359
2.592773
2.587891
2.587891
2.587891
2.578125
2.607422
2.602539
2.563477
2.597656
2.548828
2.563477
2.563477
2.563477
2.578125
2.558594
2.578125
2.578125
2.583008
2.583008
2.558594
2.563477
2.568359
2.553711
2.558594
2.553711
2.568359
2.543945
2.587891
2.587891
2.573242
2.592773
2.592773
2.558594
2.587891
2.548828
2.573242
2.578125
2.587891
2.553711
2.563477
2.563477
2.573242
2.573242
2.587891
2.568359
2.558594
2.583008
2.583008
2.553711
2.578125
2.563477
2.592773
2.563477
2.563477
2.587891
2.578125
2.587891
2.558594
2.548828
2.563477
2.587891
2.548828
2.558594
2.597656
2.587891
2.578125
2.558594
2.558594
2.592773
2.587891
2.578125
2.573242
2.553711
2.563477
2.583008
2.548828
2.539062
2.573242
2.617188
2.578125
2.563477
2.587891
2.558594
2.558594
2.587891
2.563477
2.563477
2.583008
2.563477
2.563477
2.578125
2.578125
2.578125
2.578125
2.568359
2.563477
2.592773
2.573242
2.563477
2.592773
2.592773
2.583008
2.583008
2.558594
2.563477
2.573242
2.548828
2.573242
2.592773
2.563477
2.573242
2.578125
2.563477
2.573242
2.583008
2.558594
2.592773
2.548828
2.568359
2.539062
2.578125
2.558594
2.548828
2.587891
2.558594
2.563477
2.539062
2.553711
2.563477
2.592773
2.573242
2.558594
2.568359
2.563477
2.583008
2.597656
2.573242
2.573242
2.543945
2.558594
2.607422
2.563477
2.568359
2.568359
2.563477
2.568359
2.602539
2.578125
2.578125
2.573242
2.573242
2.553711
2.548828
2.543945
2.587891
2.568359
2.539062
2.573242
2.558594
2.563477
2.578125
2.573242
2.587891
2.578125
2.558594
2.583008
2.583008
2.573242
2.568359
2.578125
2.568359
2.578125
2.563477
2.573242
2.573242
2.578125
2.578125
2.587891
2.578125
2.573242
2.573242
2.597656
2.597656
2.563477
2.573242
2.578125
2.573242
2.573242
2.529297
2.592773
2.563477
2.573242
2.563477
2.548828
2.568359
2.578125
2.568359
2.583008
2.563477
2.524414
2.553711
2.548828
2.578125
2.558594
2.543945
2.553711
2.578125
2.568359
2.563477
2.558594
2.558594
2.573242
2.553711
2.548828
2.583008
2.583008
2.592773
2.578125
2.578125
2.568359
2.553711
2.553711
2.553711
2.573242
2.558594
2.558594
2.573242
2.548828
2.543945
2.568359
2.563477
2.524414
2.558594
2.553711
2.563477
2.563477
2.553711
2.573242
2.573242
2.548828
2.583008
2.578125
2.558594
2.558594
2.563477
2.568359
2.553711
2.563477
2.553711
2.578125
2.563477
2.563477
2.543945
2.583008
2.548828
2.573242
2.539062
2.568359
2.539062
2.558594
2.553711
2.548828
2.578125
2.529297
2.583008
2.553711
2.548828
2.548828
2.568359
2.558594
2.558594
2.534180
2.558594
2.568359
2.558594
2.587891
2.587891
2.568359
2.529297
2.592773
2.573242
2.563477
2.548828
2.553711
2.558594
2.558594
2.548828
2.578125
2.578125
2.587891
2.558594
2.573242
2.587891
2.558594
2.587891
2.553711
2.558594
2.558594
2.558594
2.583008
2.573242
2.573242
2.563477
2.587891
2.592773
2.539062
2.558594
2.558594
2.578125
2.553711
2.573242
2.607422
2.563477
2.573242
2.573242
2.563477
2.587891
2.558594
2.568359
2.578125
2.578125
2.548828
2.558594
2.553711
2.578125
2.563477
2.568359
2.568359
2.558594
2.558594
2.587891
2.563477
2.573242
2.573242
2.587891
2.568359
2.578125
2.568359
2.553711
2.563477
2.539062
2.563477
2.573242
2.548828
2.568359
2.587891
2.563477
2.558594
2.587891
2.587891
2.568359
2.558594
2.573242
2.573242
2.583008
2.587891
2.573242
2.573242
2.563477
2.583008
2.573242
2.583008
2.568359
2.534180
2.578125
2.534180
2.553711
2.553711
2.592773
2.597656
2.578125
2.592773
2.563477
2.534180
2.548828
2.548828
2.568359
2.558594
2.553711
2.578125
2.587891
2.573242
2.553711
2.573242
2.573242
2.578125
2.563477
2.568359
2.573242
2.602539
2.587891
2.568359
2.587891
2.573242
2.578125
2.573242
2.553711
2.583008
2.543945
2.558594
2.602539
2.558594
2.573242
2.592773
2.583008
2.583008
2.568359
2.563477
2.563477
2.573242
2.558594
2.587891
2.583008
2.592773
2.573242
2.563477
2.563477
2.587891
2.573242
2.578125
2.573242
2.583008
2.578125
2.583008
2.563477
2.602539
2.597656
2.573242
2.578125
2.578125
2.587891
2.597656
2.543945
2.563477
2.568359
2.597656
2.563477
2.597656
2.573242
2.578125
2.578125
2.563477
2.534180
2.563477
2.573242
2.583008
2.587891
2.573242
2.514648
2.563477
2.587891
2.578125
2.543945
2.573242
2.573242
2.573242
2.558594
2.558594
2.543945
2.578125
2.563477
2.578125
2.563477
2.573242
2.578125
2.583008
2.592773
2.548828
2.548828
2.568359
2.587891
2.578125
2.563477
2.568359
2.592773
2.563477
2.563477
2.573242
2.578125
2.573242
2.563477
2.573242
2.563477
2.563477
2.587891
2.578125
2.563477
2.568359
2.553711
2.592773
2.578125
2.563477
2.578125
2.534180
2.553711
2.558594
2.553711
2.578125
2.553711
2.573242
2.573242
2.563477
2.539062
2.524414
2.543945
2.548828
2.578125
2.558594
2.543945
2.548828
2.568359
2.553711
2.539062
2.558594
2.563477
2.563477
2.514648
2.563477
2.553711
2.573242
2.607422
2.578125
2.573242
2.548828
2.563477
2.563477
2.592773
2.573242
2.548828
2.563477
2.548828
2.553711
2.578125
2.578125
2.548828
2.558594
2.573242
2.568359
2.578125
2.558594
2.563477
2.578125
2.548828
2.573242
2.563477
2.553711
2.543945
2.558594
2.578125
2.573242
2.553711
2.578125
2.568359
2.568359
2.568359
2.607422
2.568359
2.583008
2.573242
2.558594
2.553711
2.558594
2.553711
2.558594
2.592773
2.578125
2.568359
2.578125
2.568359
2.568359
2.587891
2.573242
2.553711
2.553711
2.573242
2.558594
2.573242
2.568359
2.563477
2.587891
2.573242
2.563477
2.568359
2.553711
2.607422
2.558594
2.573242
2.553711
2.573242
2.607422
2.568359
2.578125
2.573242
2.563477
2.587891
2.578125
2.563477
2.573242
2.578125
2.597656
2.578125
2.578125
2.543945
2.558594
2.587891
2.607422
2.573242
2.558594
2.568359
2.592773
2.578125
2.568359
2.578125
2.568359
2.587891
2.563477
2.558594
2.519531
2.573242
2.587891
2.568359
2.563477
2.563477
2.578125
2.573242
2.573242
2.578125
2.573242
2.563477
2.573242
2.587891
2.583008
2.553711
2.558594
2.573242
2.563477
2.573242
2.573242
2.578125
2.558594
2.558594
2.573242
2.558594
2.558594
2.558594
2.563477
2.563477
2.563477
2.573242
2.592773
2.578125
2.553711
2.563477
2.558594
2.563477
2.563477
2.543945
2.543945
2.543945
2.602539
2.597656
2.558594
2.563477
2.573242
2.568359
2.578125
2.563477
2.539062
2.563477
2.563477
2.597656
2.583008
2.553711
2.568359
2.578125
2.592773
2.587891
2.558594
2.563477
2.568359
2.592773
2.553711
2.573242
2.563477
2.573242
2.563477
2.573242
2.553711
2.563477
2.573242
2.573242
2.573242
2.568359
2.558594
2.563477
2.573242
2.583008
2.563477
2.578125
2.597656
2.573242
2.563477
2.568359
2.578125
2.573242
2.573242
2.548828
2.587891
2.568359
2.583008
2.568359
2.568359
2.578125
2.573242
2.587891
2.583008
2.563477
2.563477
2.583008
2.573242
2.563477
2.578125
2.563477
2.548828
2.568359
2.558594
2.573242
2.548828
2.573242
2.587891
2.578125
2.563477
2.563477
2.548828
2.558594
2.578125
2.553711
2.563477
2.568359
2.563477
2.578125
2.568359
2.558594
2.587891
2.563477
2.583008
2.568359
2.558594
2.558594
2.553711
2.539062
2.583008
2.543945
2.563477
2.578125
2.568359
2.558594
2.539062
2.573242
2.563477
2.578125
2.563477
2.558594
2.563477
2.553711
2.592773
2.539062
2.578125
2.563477
2.592773
2.578125
2.583008
2.548828
2.573242
2.563477
2.583008
2.583008
2.578125
2.578125
2.573242
2.568359
2.558594
2.558594
2.573242
2.563477
2.573242
2.568359
2.573242
2.539062
2.568359
2.583008
2.568359
2.558594
2.553711
2.583008
2.539062
2.558594
2.578125
2.553711
2.587891
2.597656
2.573242
2.568359
2.524414
2.548828
2.568359
2.563477
2.558594
2.558594
2.587891
2.553711
2.592773
2.583008
2.602539
2.553711
2.578125
2.583008
2.558594
2.553711
2.563477
2.568359
2.597656
2.543945
2.553711
2.563477
2.592773
2.573242
2.553711
2.573242
2.587891
2.568359
2.568359
2.563477
2.558594
2.573242
2.587891
2.573242
2.563477
2.578125
2.563477
2.587891
2.592773
2.563477
2.587891
2.592773
2.573242
2.539062
2.587891
2.587891
2.587891
2.558594
2.573242
2.558594
2.573242
2.583008
2.583008
2.553711
2.587891
2.558594
2.578125
2.597656
2.568359
2.568359
2.558594
2.578125
2.558594
2.578125
2.568359
2.539062
2.578125
2.578125
2.558594
2.563477
2.592773
2.602539
2.553711
2.583008
2.543945
2.563477
2.597656
2.587891
2.568359
2.592773
2.558594
2.573242
2.563477
2.578125
2.548828
2.543945
2.553711
2.578125
2.578125
2.592773
2.568359
2.587891
2.578125
2.558594
2.563477
2.587891
2.558594
2.563477
2.587891
2.543945
2.558594
2.578125
2.592773
2.568359
2.578125
2.548828
2.563477
2.563477
2.563477
2.558594
2.558594
2.597656
2.602539
2.597656
2.558594
2.558594
2.592773
2.568359
2.583008
2.592773
