2.358398
1.269531
-0.327148
-1.879883
-3.159180
-3.886719
-4.023438
-3.530273
-2.504883
-1.020508
0.776367
2.729492
4.687500
6.411133
7.802734
8.754883
9.135742
8.935547
8.139648
6.855469
5.195312
3.251953
1.279297
-0.629883
-2.192383
-3.315430
-3.955078
-3.974609
-3.413086
-2.280273
-0.708008
1.098633
3.076172
4.980469
6.674805
8.041992
8.881836
9.155273
8.867188
8.002930
6.660156
4.912109
2.919922
0.937500
-0.908203
-2.446289
-3.505859
-4.023438
-3.945312
-3.232422
-2.026367
-0.458984
1.401367
3.393555
5.302734
6.958008
8.222656
8.984375
9.169922
8.750000
7.783203
6.391602
4.594727
3.232422
2.690430
2.519531
2.495117
2.558594
2.597656
2.578125
2.636719
2.578125
2.578125
2.563477
2.568359
2.563477
2.583008
2.592773
2.597656
2.617188
2.597656
2.602539
2.597656
2.573242
2.568359
2.602539
2.597656
2.597656
2.568359
2.578125
2.548828
2.548828
2.578125
2.568359
2.558594
2.578125
2.578125
2.578125
2.587891
2.553711
2.558594
2.568359
2.543945
2.592773
2.583008
2.583008
2.578125
2.553711
2.548828
2.612305
2.578125
2.568359
2.563477
2.587891
2.568359
2.563477
2.568359
2.573242
2.558594
2.578125
2.563477
2.568359
2.558594
2.563477
2.573242
2.592773
2.573242
2.583008
2.563477
2.573242
2.568359
2.578125
2.592773
2.558594
2.543945
2.587891
2.558594
2.573242
2.553711
2.587891
2.607422
2.568359
2.583008
2.573242
2.587891
2.592773
2.573242
2.563477
2.573242
2.592773
2.583008
2.573242
2.587891
2.568359
2.573242
2.583008
2.543945
2.563477
2.553711
2.548828
2.573242
2.543945
2.583008
2.568359
2.573242
2.587891
2.558594
2.573242
2.563477
2.578125
2.597656
2.592773
2.592773
2.573242
2.568359
2.583008
2.597656
2.578125
2.578125
2.573242
2.573242
2.553711
2.587891
2.553711
2.592773
2.563477
2.543945
2.592773
2.573242
2.563477
2.558594
2.563477
2.578125
2.568359
2.587891
2.602539
2.592773
2.583008
2.558594
2.568359
2.602539
2.563477
2.573242
2.568359
2.539062
2.558594
2.578125
2.573242
2.583008
2.587891
2.587891
2.548828
2.568359
2.587891
2.558594
2.597656
2.553711
2.578125
2.563477
2.568359
2.568359
2.573242
2.573242
2.563477
2.553711
2.573242
2.553711
2.558594
2.568359
2.558594
2.587891
2.592773
2.587891
2.568359
2.578125
2.563477
2.592773
2.558594
2.553711
2.548828
2.578125
2.548828
2.587891
2.558594
2.553711
2.578125
2.568359
2.563477
2.563477
2.553711
2.578125
2.583008
2.563477
2.583008
2.563477
2.578125
2.578125
2.578125
2.568359
2.563477
2.578125
2.578125
2.558594
2.553711
2.568359
2.578125
2.568359
2.568359
2.543945
2.563477
2.602539
2.583008
2.558594
2.563477
2.548828
2.568359
2.583008
2.568359
2.583008
2.578125
2.578125
2.578125
2.563477
2.568359
2.578125
2.592773
2.568359
2.597656
2.583008
2.587891
2.578125
2.583008
2.592773
2.568359
2.563477
2.583008
2.568359
2.568359
2.592773
2.602539
2.607422
2.558594
2.573242
2.558594
2.543945
2.558594
2.568359
2.583008
2.563477
2.578125
2.568359
2.553711
2.578125
2.553711
2.568359
2.592773
2.573242
2.573242
2.578125
2.578125
2.583008
2.597656
2.573242
2.573242
2.573242
2.568359
2.568359
2.583008
2.578125
2.597656
2.573242
2.573242
2.578125
2.543945
2.592773
2.597656
2.548828
2.558594
2.519531
2.597656
2.578125
2.568359
2.578125
2.553711
2.548828
2.612305
2.563477
2.568359
2.573242
2.573242
2.573242
2.573242
2.558594
2.568359
2.597656
2.563477
2.558594
2.563477
2.558594
2.563477
2.573242
2.578125
2.597656
2.578125
2.563477
2.602539
2.558594
2.597656
2.534180
2.553711
2.578125
2.578125
2.558594
2.539062
2.597656
2.563477
2.583008
2.597656
2.573242
2.602539
2.568359
2.539062
2.558594
2.558594
2.578125
2.587891
2.592773
2.568359
2.587891
2.573242
2.592773
2.563477
2.563477
2.568359
2.568359
2.558594
2.568359
2.568359
2.578125
2.548828
2.568359
2.578125
2.573242
2.558594
2.583008
2.563477
2.573242
2.553711
2.583008
2.563477
2.563477
2.587891
2.568359
2.568359
2.578125
2.573242
2.573242
2.573242
2.543945
2.597656
2.587891
2.578125
2.558594
2.578125
2.563477
2.587891
2.583008
2.573242
2.563477
2.578125
2.578125
2.592773
2.578125
2.578125
2.558594
2.553711
2.583008
2.578125
2.543945
2.573242
2.578125
2.568359
2.558594
2.573242
2.607422
2.578125
2.587891
2.568359
2.563477
2.553711
2.568359
2.553711
2.583008
2.563477
2.583008
2.578125
2.607422
2.563477
2.612305
2.597656
2.592773
2.587891
2.597656
2.553711
2.553711
2.558594
2.573242
2.592773
2.578125
2.573242
2.573242
2.587891
2.558594
2.573242
2.543945
2.587891
2.558594
2.553711
2.568359
2.568359
2.578125
2.587891
2.553711
2.558594
2.543945
2.578125
2.563477
2.558594
2.553711
2.534180
2.563477
2.592773
2.568359
2.534180
2.563477
2.573242
2.553711
2.573242
2.548828
2.573242
2.563477
2.573242
2.583008
2.583008
2.558594
2.587891
2.573242
2.558594
2.568359
2.558594
2.578125
2.558594
2.568359
2.568359
2.553711
2.558594
2.558594
2.558594
2.573242
2.578125
2.563477
2.573242
2.602539
2.583008
2.578125
2.583008
2.573242
2.553711
2.578125
2.563477
2.587891
2.568359
2.563477
2.534180
2.543945
2.578125
2.553711
2.578125
2.578125
2.592773
2.563477
2.563477
2.578125
2.583008
2.548828
2.602539
2.558594
2.558594
2.568359
2.578125
2.568359
2.592773
2.573242
2.563477
2.578125
2.573242
2.553711
2.573242
2.548828
2.558594
2.573242
2.568359
2.602539
2.578125
2.568359
2.563477
2.548828
2.568359
2.563477
2.583008
2.583008
2.553711
2.573242
2.568359
2.563477
2.573242
2.548828
2.558594
2.519531
2.548828
2.563477
2.573242
2.563477
2.553711
2.558594
2.568359
2.568359
2.592773
2.568359
2.558594
2.558594
2.597656
2.568359
2.553711
2.529297
2.553711
2.514648
2.539062
2.524414
2.578125
2.573242
2.583008
2.568359
2.548828
2.568359
2.592773
2.558594
2.587891
2.573242
2.568359
2.578125
2.578125
2.563477
2.558594
2.548828
2.539062
2.568359
2.563477
2.539062
2.558594
2.573242
2.563477
2.548828
2.558594
2.553711
2.539062
2.548828
2.534180
2.543945
2.558594
2.583008
2.568359
2.573242
2.553711
2.578125
2.592773
2.563477
2.592773
2.539062
2.563477
2.573242
2.607422
2.553711
2.558594
2.553711
2.558594
2.568359
2.573242
2.553711
2.558594
2.558594
2.543945
2.563477
2.578125
2.543945
2.563477
2.553711
2.543945
2.543945
2.558594
2.583008
2.592773
2.583008
2.568359
2.583008
2.578125
2.568359
2.602539
2.573242
2.592773
2.578125
2.548828
2.583008
2.539062
2.558594
2.568359
2.563477
2.597656
2.568359
2.587891
2.558594
2.578125
2.543945
2.548828
2.553711
2.568359
2.553711
2.539062
2.578125
2.563477
2.553711
2.578125
2.558594
2.553711
2.578125
2.568359
2.558594
2.543945
2.558594
2.578125
2.592773
2.587891
2.548828
2.573242
2.568359
2.578125
2.578125
2.573242
2.568359
2.578125
2.573242
2.587891
2.568359
2.578125
2.558594
2.602539
2.568359
2.553711
2.568359
2.578125
2.558594
2.568359
2.568359
2.558594
2.578125
2.563477
2.592773
2.578125
2.553711
2.553711
2.563477
2.573242
2.578125
2.553711
2.548828
2.578125
2.553711
2.578125
2.568359
2.563477
2.553711
2.539062
2.519531
2.573242
2.578125
2.573242
2.548828
2.548828
2.568359
2.573242
2.543945
2.607422
2.539062
2.524414
2.558594
2.573242
2.553711
2.563477
2.553711
2.568359
2.587891
2.587891
2.578125
2.553711
2.573242
2.558594
2.587891
2.543945
2.583008
2.573242
2.592773
2.553711
2.553711
2.543945
2.587891
2.587891
2.578125
2.578125
2.539062
2.558594
2.578125
2.573242
2.558594
2.607422
2.592773
2.553711
2.573242
2.578125
2.558594
2.548828
2.578125
2.583008
2.553711
2.553711
2.602539
2.573242
2.573242
2.573242
2.602539
2.548828
2.568359
2.553711
2.568359
2.548828
2.563477
2.602539
2.558594
2.573242
2.573242
2.578125
2.558594
2.583008
2.578125
2.607422
2.548828
2.558594
2.578125
2.558594
2.568359
2.583008
2.553711
2.548828
2.578125
2.553711
2.563477
2.597656
2.563477
2.548828
2.587891
2.583008
2.568359
2.587891
2.583008
2.563477
2.563477
2.568359
2.563477
2.563477
2.548828
2.548828
2.563477
2.573242
2.543945
2.587891
2.563477
2.558594
2.578125
2.563477
2.553711
2.543945
2.548828
2.563477
2.553711
2.543945
2.563477
2.568359
2.563477
2.553711
2.543945
2.558594
2.602539
2.548828
2.539062
2.587891
2.558594
2.578125
2.573242
2.573242
2.568359
2.558594
2.563477
2.573242
2.558594
2.563477
2.563477
2.568359
2.529297
2.548828
2.558594
2.573242
2.573242
2.568359
2.568359
2.578125
2.563477
2.563477
2.543945
2.529297
2.553711
2.597656
2.563477
2.568359
2.563477
2.553711
2.592773
2.573242
2.553711
2.539062
2.568359
2.563477
2.563477
2.578125
2.558594
2.578125
2.558594
2.563477
2.578125
2.563477
2.553711
2.568359
2.587891
2.587891
2.568359
2.563477
2.583008
2.578125
2.558594
2.553711
2.558594
2.573242
2.587891
2.578125
2.548828
2.573242
2.558594
2.568359
2.592773
2.583008
2.568359
2.568359
2.587891
2.548828
2.563477
2.578125
2.573242
2.563477
2.583008
2.563477
2.558594
2.578125
2.578125
2.573242
2.553711
2.563477
2.563477
2.568359
2.568359
2.578125
2.573242
2.563477
2.587891
2.592773
2.573242
2.553711
2.568359
2.573242
2.592773
2.592773
2.573242
2.563477
2.563477
2.553711
2.573242
2.558594
2.563477
2.587891
2.568359
2.573242
2.573242
2.583008
2.583008
2.583008
2.583008
2.558594
2.563477
2.568359
2.578125
2.558594
2.558594
2.553711
2.578125
2.597656
2.592773
2.573242
2.573242
2.548828
2.553711
2.558594
2.548828
2.568359
2.548828
2.514648
2.573242
2.573242
2.558594
2.553711
2.592773
2.563477
2.539062
2.578125
2.578125
2.539062
2.563477
2.558594
2.578125
2.568359
2.553711
2.597656
2.553711
2.563477
2.573242
2.578125
2.558594
2.578125
2.558594
2.573242
2.573242
2.578125
2.558594
2.578125
2.568359
2.578125
2.578125
2.587891
2.558594
2.573242
2.592773
2.558594
2.563477
2.543945
2.578125
2.558594
2.514648
2.524414
2.563477
2.558594
2.543945
2.573242
2.553711
2.548828
2.583008
2.578125
2.578125
2.558594
2.573242
2.553711
2.558594
2.568359
2.573242
2.583008
2.568359
2.548828
2.573242
2.558594
2.553711
2.573242
2.568359
2.558594
2.558594
2.553711
2.587891
2.578125
2.568359
2.534180
2.583008
2.558594
2.568359
2.568359
2.543945
2.543945
2.558594
2.558594
2.543945
2.568359
2.534180
2.568359
2.563477
2.563477
2.568359
2.563477
2.563477
2.563477
2.583008
2.573242
2.539062
2.573242
2.587891
2.553711
2.558594
2.548828
2.548828
2.548828
2.563477
2.543945
2.573242
2.563477
2.568359
2.558594
2.539062
2.563477
2.558594
2.543945
2.568359
2.568359
2.592773
2.548828
2.543945
2.573242
2.543945
2.524414
2.573242
2.563477
2.543945
2.558594
2.558594
2.563477
2.563477
2.578125
2.553711
2.563477
2.558594
2.558594
2.548828
2.587891
2.568359
2.568359
2.539062
2.563477
2.543945
2.529297
2.539062
2.578125
2.558594
2.534180
2.548828
2.548828
2.578125
2.558594
2.568359
2.539062
2.558594
2.548828
2.563477
2.563477
2.568359
2.568359
2.548828
2.563477
2.568359
2.592773
2.573242
2.573242
2.558594
2.534180
2.583008
2.607422
2.558594
2.568359
2.563477
2.568359
2.553711
2.563477
2.558594
2.573242
2.558594
2.578125
2.587891
2.553711
2.529297
2.543945
2.543945
2.568359
2.563477
2.563477
2.573242
2.573242
2.548828
2.558594
2.553711
2.563477
2.587891
2.583008
2.578125
2.548828
2.568359
2.573242
2.548828
2.543945
2.534180
2.563477
2.578125
2.553711
2.573242
2.568359
2.563477
2.597656
2.568359
2.539062
2.558594
2.553711
2.568359
2.553711
2.563477
2.587891
2.553711
2.563477
2.553711
2.578125
2.568359
2.587891
2.573242
2.529297
2.529297
2.568359
2.573242
2.587891
2.573242
2.558594
2.568359
2.543945
2.548828
2.568359
2.519531
2.558594
2.543945
2.568359
2.558594
2.568359
2.568359
2.573242
2.568359
2.583008
2.573242
2.573242
2.597656
2.558594
2.568359
2.534180
2.568359
2.558594
2.563477
2.558594
2.558594
2.558594
2.578125
2.592773
2.568359
2.597656
2.563477
2.568359
2.578125
2.553711
2.543945
2.558594
2.524414
2.558594
2.543945
2.573242
2.548828
2.573242
2.573242
2.553711
2.563477
2.578125
2.597656
2.543945
2.548828
2.578125
2.543945
2.553711
2.563477
2.573242
2.543945
2.553711
2.558594
2.553711
2.553711
2.548828
2.543945
2.539062
2.563477
2.558594
2.529297
2.558594
2.587891
2.539062
2.587891
2.573242
2.573242
2.553711
2.568359
2.558594
2.578125
2.587891
2.602539
2.602539
2.573242
2.568359
2.563477
2.573242
2.583008
2.583008
2.563477
2.563477
2.568359
2.548828
2.568359
2.578125
2.558594
2.578125
2.558594
2.563477
2.568359
2.553711
2.563477
2.558594
2.568359
2.568359
2.553711
2.563477
2.563477
2.548828
2.553711
2.534180
2.558594
2.573242
2.573242
2.563477
2.539062
2.543945
2.573242
2.558594
2.563477
2.578125
2.543945
2.558594
2.573242
2.592773
2.573242
2.534180
2.558594
2.563477
2.573242
2.578125
2.558594
2.553711
2.553711
2.548828
2.529297
2.529297
2.553711
2.543945
2.548828
2.563477
2.568359
2.587891
2.573242
2.563477
2.568359
2.568359
2.578125
2.558594
2.529297
2.573242
2.568359
2.578125
2.543945
2.534180
2.553711
2.553711
2.548828
2.543945
2.548828
2.553711
2.558594
2.558594
2.548828
2.534180
2.573242
2.558594
2.563477
2.558594
2.563477
2.553711
2.558594
2.563477
2.597656
2.563477
2.558594
2.539062
2.563477
2.578125
2.558594
2.573242
2.578125
2.573242
2.558594
2.563477
2.563477
2.563477
2.573242
2.568359
2.573242
2.563477
2.592773
2.568359
2.563477
2.573242
2.573242
2.543945
2.587891
2.548828
2.573242
2.587891
2.534180
2.578125
2.573242
2.563477
2.573242
2.563477
2.568359
2.558594
2.568359
2.573242
2.558594
2.578125
2.563477
2.548828
2.548828
2.568359
2.558594
2.553711
2.568359
2.573242
2.568359
2.597656
2.578125
2.563477
2.553711
2.558594
2.568359
2.573242
2.563477
2.568359
2.563477
2.578125
2.587891
2.583008
2.558594
2.548828
2.607422
2.597656
2.563477
2.573242
2.587891
2.553711
2.553711
2.553711
2.568359
2.563477
2.583008
2.573242
2.583008
2.524414
2.597656
2.587891
2.553711
2.548828
2.509766
2.563477
2.573242
2.578125
2.563477
2.578125
2.587891
2.558594
2.573242
2.592773
2.553711
2.563477
2.568359
2.563477
2.578125
2.558594
2.553711
2.548828
2.568359
2.553711
2.563477
2.578125
2.573242
2.539062
2.578125
2.563477
2.578125
2.592773
2.568359
2.573242
2.573242
2.573242
2.553711
2.597656
2.553711
2.563477
2.553711
2.553711
2.578125
2.573242
2.583008
2.573242
2.573242
2.607422
2.592773
2.553711
2.543945
2.568359
2.578125
2.568359
2.573242
2.548828
2.592773
2.583008
2.558594
2.563477
2.563477
2.597656
2.553711
2.563477
2.539062
2.568359
2.553711
2.583008
2.553711
2.563477
2.558594
2.592773
2.573242
2.617188
2.573242
2.592773
2.612305
2.587891
2.578125
2.553711
2.573242
2.583008
2.573242
2.573242
2.563477
2.558594
2.583008
2.573242
2.592773
2.573242
2.573242
2.568359
2.597656
2.568359
2.558594
2.558594
2.573242
2.543945
2.543945
2.553711
2.578125
2.578125
2.563477
2.563477
2.573242
2.543945
2.602539
2.558594
2.568359
2.543945
2.568359
2.597656
2.597656
2.563477
2.553711
2.558594
2.568359
2.587891
2.587891
2.553711
2.573242
2.548828
2.583008
2.558594
2.563477
2.563477
2.573242
2.568359
2.578125
2.563477
2.568359
2.553711
2.539062
2.563477
2.548828
2.529297
2.558594
2.578125
2.553711
2.563477
2.563477
2.568359
2.563477
2.568359
2.548828
2.553711
2.573242
2.558594
2.548828
2.519531
2.553711
2.543945
2.578125
2.563477
2.563477
2.524414
2.573242
2.568359
2.558594
2.587891
2.563477
2.558594
2.558594
2.543945
2.548828
2.539062
2.548828
2.543945
2.558594
2.578125
2.563477
2.583008
2.573242
2.578125
2.548828
2.558594
2.578125
2.578125
2.592773
2.553711
2.563477
2.553711
2.573242
2.558594
2.553711
2.539062
2.587891
2.568359
2.553711
2.587891
2.543945
2.573242
2.563477
2.548828
2.568359
2.558594
2.568359
2.592773
2.597656
2.573242
2.534180
2.558594
2.568359
2.578125
2.558594
2.607422
2.583008
2.568359
2.578125
2.578125
2.553711
2.583008
2.578125
2.563477
2.587891
2.573242
2.558594
2.563477
2.573242
2.558594
2.578125
2.592773
2.548828
2.573242
2.558594
2.568359
2.558594
2.563477
2.573242
2.543945
2.573242
2.568359
2.558594
2.558594
2.558594
2.578125
2.583008
2.568359
2.539062
2.558594
2.539062
2.587891
2.553711
2.578125
2.573242
2.573242
2.578125
2.568359
2.534180
2.553711
2.548828
2.587891
2.592773
2.568359
2.558594
2.578125
2.573242
2.622070
2.583008
2.543945
2.573242
2.573242
2.563477
2.587891
2.563477
2.558594
2.563477
2.573242
2.553711
2.539062
2.558594
2.578125
2.548828
2.558594
2.563477
2.534180
2.592773
2.573242
2.573242
2.578125
2.558594
2.573242
2.563477
2.563477
2.563477
2.539062
2.568359
2.573242
2.568359
2.568359
2.563477
2.563477
2.578125
2.553711
2.539062
2.543945
2.573242
2.563477
2.578125
2.583008
2.563477
2.597656
2.568359
2.548828
2.568359
2.578125
2.558594
2.568359
2.597656
2.573242
2.563477
2.568359
2.578125
2.583008
2.573242
2.573242
2.578125
2.592773
2.578125
2.548828
2.573242
2.607422
2.543945
2.602539
2.573242
2.578125
2.587891
2.568359
2.578125
2.587891
2.573242
2.573242
2.563477
2.578125
2.573242
2.573242
2.583008
2.573242
2.583008
2.558594
2.563477
2.563477
2.563477
2.563477
2.578125
2.558594
2.563477
2.568359
2.578125
2.583008
2.558594
2.578125
2.558594
2.553711
2.563477
2.583008
2.587891
2.553711
2.558594
2.597656
2.568359
2.568359
2.573242
2.553711
2.568359
2.592773
2.583008
2.583008
2.573242
2.568359
2.543945
2.558594
2.583008
2.583008
2.558594
2.578125
2.578125
2.558594
2.553711
2.583008
2.558594
2.573242
2.597656
2.578125
2.553711
2.563477
2.597656
2.583008
2.568359
2.563477
2.568359
2.578125
2.602539
2.563477
2.587891
2.583008
2.583008
2.592773
2.597656
2.558594
2.578125
2.553711
2.578125
2.578125
2.587891
2.558594
2.578125
2.597656
2.578125
2.558594
2.568359
2.578125
2.568359
2.558594
2.558594
2.578125
2.587891
2.578125
2.597656
2.583008
2.612305
2.558594
2.587891
2.612305
2.578125
2.578125
2.607422
2.578125
2.578125
2.597656
2.568359
2.602539
2.583008
2.612305
2.592773
2.578125
2.607422
2.607422
2.612305
2.578125
2.587891
2.568359
2.612305
2.587891
2.587891
2.568359
2.597656
2.587891
2.568359
2.597656
2.597656
2.592773
2.597656
2.607422
2.578125
2.587891
2.587891
2.607422
2.607422
2.602539
2.583008
2.587891
2.587891
2.607422
2.612305
2.592773
2.592773
2.612305
2.597656
2.573242
2.592773
2.602539
2.592773
2.583008
2.617188
2.587891
2.592773
2.597656
2.597656
2.578125
2.587891
2.597656
2.583008
2.587891
2.592773
2.587891
2.592773
2.587891
2.597656
2.592773
2.602539
2.587891
2.607422
2.592773
2.563477
2.612305
2.612305
2.602539
2.573242
2.587891
2.597656
2.602539
2.558594
2.612305
2.558594
2.597656
2.558594
2.587891
2.597656
2.607422
2.592773
2.626953
2.597656
2.587891
2.592773
2.592773
2.583008
2.563477
2.587891
2.563477
2.573242
2.592773
2.587891
2.587891
2.587891
2.558594
2.578125
2.587891
2.592773
2.578125
2.587891
2.573242
2.573242
2.583008
2.578125
2.578125
2.587891
2.587891
2.563477
2.558594
2.568359
2.578125
2.597656
2.573242
2.573242
2.553711
2.592773
2.592773
2.578125
2.548828
2.558594
2.573242
2.553711
2.597656
2.558594
2.543945
2.568359
2.578125
2.592773
2.573242
2.563477
2.573242
2.573242
2.573242
2.578125
2.558594
2.543945
2.563477
2.558594
2.578125
2.553711
2.563477
2.563477
2.548828
2.553711
2.553711
2.563477
2.563477
2.568359
2.553711
2.539062
2.558594
2.568359
2.558594
