1.967773
0.561523
-1.079102
-2.519531
-3.579102
-4.018555
-3.833008
-3.129883
-1.860352
-0.239258
1.630859
3.618164
5.517578
7.075195
8.325195
9.003906
9.140625
8.657227
7.656250
6.157227
4.326172
2.368164
0.444336
-1.357422
-2.763672
-3.701172
-4.023438
-3.793945
-2.954102
-1.611328
0.058594
1.992188
3.959961
5.800781
7.353516
8.486328
9.101562
9.135742
8.554688
7.441406
5.874023
4.033203
2.031250
0.097656
-1.640625
-2.968750
-3.759766
-4.023438
-3.657227
-2.734375
-1.357422
0.390625
2.329102
4.282227
6.074219
7.592773
8.652344
9.155273
9.062500
8.422852
7.207031
5.590820
3.901367
2.900391
2.578125
2.456055
2.553711
2.583008
2.602539
2.587891
2.573242
2.597656
2.597656
2.587891
2.597656
2.573242
2.587891
2.617188
2.592773
2.592773
2.607422
2.578125
2.592773
2.563477
2.573242
2.592773
2.592773
2.617188
2.587891
2.573242
2.587891
2.607422
2.578125
2.583008
2.553711
2.597656
2.573242
2.558594
2.563477
2.563477
2.578125
2.607422
2.578125
2.558594
2.578125
2.558594
2.578125
2.563477
2.578125
2.602539
2.558594
2.578125
2.558594
2.587891
2.587891
2.578125
2.583008
2.548828
2.558594
2.563477
2.568359
2.573242
2.607422
2.583008
2.587891
2.597656
2.602539
2.592773
2.568359
2.602539
2.553711
2.587891
2.607422
2.553711
2.597656
2.563477
2.563477
2.602539
2.539062
2.597656
2.558594
2.558594
2.612305
2.539062
2.592773
2.573242
2.587891
2.578125
2.612305
2.573242
2.568359
2.587891
2.563477
2.573242
2.573242
2.578125
2.583008
2.578125
2.578125
2.548828
2.568359
2.573242
2.597656
2.583008
2.558594
2.563477
2.573242
2.607422
2.641602
2.612305
2.587891
2.583008
2.592773
2.583008
2.587891
2.583008
2.558594
2.583008
2.587891
2.573242
2.563477
2.568359
2.578125
2.587891
2.597656
2.573242
2.568359
2.534180
2.583008
2.583008
2.548828
2.587891
2.592773
2.573242
2.578125
2.573242
2.583008
2.558594
2.563477
2.607422
2.568359
2.583008
2.607422
2.592773
2.583008
2.573242
2.597656
2.578125
2.573242
2.578125
2.587891
2.607422
2.587891
2.568359
2.602539
2.573242
2.607422
2.573242
2.534180
2.597656
2.592773
2.568359
2.558594
2.543945
2.592773
2.568359
2.587891
2.597656
2.573242
2.597656
2.583008
2.597656
2.578125
2.583008
2.583008
2.587891
2.548828
2.578125
2.592773
2.578125
2.553711
2.573242
2.543945
2.553711
2.602539
2.539062
2.583008
2.563477
2.573242
2.558594
2.597656
2.578125
2.587891
2.558594
2.587891
2.578125
2.568359
2.578125
2.578125
2.563477
2.573242
2.573242
2.587891
2.602539
2.597656
2.573242
2.583008
2.573242
2.578125
2.597656
2.563477
2.573242
2.578125
2.563477
2.568359
2.568359
2.612305
2.573242
2.548828
2.563477
2.558594
2.583008
2.617188
2.563477
2.573242
2.558594
2.573242
2.587891
2.553711
2.587891
2.568359
2.587891
2.592773
2.558594
2.563477
2.583008
2.592773
2.607422
2.587891
2.578125
2.563477
2.597656
2.622070
2.592773
2.597656
2.558594
2.592773
2.583008
2.558594
2.602539
2.602539
2.583008
2.597656
2.597656
2.597656
2.558594
2.583008
2.592773
2.578125
2.563477
2.597656
2.563477
2.592773
2.578125
2.578125
2.578125
2.578125
2.568359
2.578125
2.587891
2.563477
2.578125
2.578125
2.597656
2.583008
2.587891
2.587891
2.587891
2.587891
2.617188
2.587891
2.592773
2.607422
2.563477
2.592773
2.597656
2.602539
2.587891
2.607422
2.583008
2.597656
2.597656
2.592773
2.597656
2.578125
2.573242
2.612305
2.602539
2.597656
2.592773
2.617188
2.558594
2.573242
2.587891
2.553711
2.578125
2.578125
2.592773
2.597656
2.592773
2.592773
2.573242
2.607422
2.612305
2.592773
2.563477
2.592773
2.597656
2.612305
2.592773
2.607422
2.578125
2.578125
2.587891
2.597656
2.578125
2.602539
2.573242
2.563477
2.553711
2.587891
2.597656
2.558594
2.573242
2.583008
2.583008
2.563477
2.583008
2.583008
2.583008
2.563477
2.563477
2.558594
2.558594
2.578125
2.548828
2.548828
2.553711
2.539062
2.543945
2.529297
2.524414
2.548828
2.529297
2.539062
2.524414
2.534180
2.529297
2.529297
2.548828
2.500000
2.529297
2.534180
2.524414
2.534180
2.500000
2.529297
2.519531
2.519531
2.509766
2.504883
2.490234
2.504883
2.500000
2.509766
2.495117
2.495117
2.514648
2.500000
2.490234
2.500000
2.500000
2.514648
2.500000
2.480469
2.495117
2.465820
2.524414
2.480469
2.485352
2.504883
2.495117
2.495117
2.524414
2.475586
2.480469
2.500000
2.480469
2.504883
2.456055
2.490234
2.470703
2.504883
2.456055
2.495117
2.524414
2.490234
2.475586
2.480469
2.500000
2.451172
2.460938
2.480469
2.524414
2.480469
2.460938
2.504883
2.475586
2.470703
2.470703
2.475586
2.475586
2.490234
2.475586
2.480469
2.475586
2.490234
2.490234
2.485352
2.509766
2.470703
2.460938
2.514648
2.465820
2.504883
2.480469
2.500000
2.500000
2.490234
2.485352
2.509766
2.509766
2.500000
2.485352
2.504883
2.480469
2.509766
2.519531
2.480469
2.475586
2.509766
2.480469
2.519531
2.553711
2.519531
2.514648
2.534180
2.500000
2.500000
2.534180
2.509766
2.504883
2.534180
2.500000
2.509766
2.485352
2.495117
2.563477
2.519531
2.539062
2.495117
2.529297
2.534180
2.529297
2.509766
2.539062
2.504883
2.548828
2.558594
2.553711
2.500000
2.519531
2.563477
2.539062
2.553711
2.558594
2.597656
2.548828
2.534180
2.539062
2.543945
2.539062
2.558594
2.548828
2.578125
2.568359
2.592773
2.607422
2.563477
2.587891
2.563477
2.578125
2.612305
2.573242
2.563477
2.578125
2.558594
2.602539
2.607422
2.597656
2.622070
2.573242
2.612305
2.617188
2.631836
2.602539
2.622070
2.626953
2.622070
2.646484
2.622070
2.651367
2.670898
2.656250
2.661133
2.636719
2.661133
2.675781
2.656250
2.690430
2.651367
2.690430
2.690430
2.709961
2.690430
2.705078
2.670898
2.695312
2.685547
2.714844
2.709961
2.695312
2.709961
2.709961
2.744141
2.709961
2.749023
2.729492
2.719727
2.739258
2.695312
2.734375
2.700195
2.719727
2.724609
2.724609
2.739258
2.734375
2.714844
2.724609
2.744141
2.719727
2.734375
2.734375
2.734375
2.729492
2.729492
2.729492
2.744141
2.744141
2.709961
2.734375
2.719727
2.719727
2.744141
2.709961
2.734375
2.744141
2.724609
2.729492
2.705078
2.719727
2.695312
2.714844
2.705078
2.700195
2.690430
2.695312
2.734375
2.690430
2.695312
2.724609
2.685547
2.666016
2.666016
2.670898
2.685547
2.690430
2.685547
2.680664
2.666016
2.656250
2.651367
2.690430
2.670898
2.670898
2.685547
2.666016
2.690430
2.670898
2.666016
2.700195
2.705078
2.685547
2.690430
2.695312
2.675781
2.661133
2.641602
2.636719
2.656250
2.695312
2.666016
2.690430
2.690430
2.675781
2.666016
2.656250
2.675781
2.656250
2.675781
2.651367
2.661133
2.666016
2.666016
2.670898
2.656250
2.656250
2.661133
2.666016
2.666016
2.646484
2.631836
2.636719
2.636719
2.607422
2.626953
2.641602
2.612305
2.612305
2.631836
2.636719
2.636719
2.631836
2.631836
2.587891
2.612305
2.602539
2.626953
2.597656
2.592773
2.592773
2.573242
2.578125
2.578125
2.578125
2.583008
2.573242
2.587891
2.558594
2.563477
2.578125
2.548828
2.543945
2.534180
2.514648
2.524414
2.500000
2.514648
2.519531
2.490234
2.495117
2.519531
2.495117
2.490234
2.509766
2.495117
2.480469
2.490234
2.509766
2.519531
2.500000
2.480469
2.509766
2.475586
2.470703
2.500000
2.495117
2.495117
2.490234
2.485352
2.470703
2.495117
2.460938
2.495117
2.500000
2.451172
2.504883
2.465820
2.500000
2.490234
2.500000
2.509766
2.495117
2.504883
2.514648
2.509766
2.524414
2.514648
2.519531
2.529297
2.524414
2.529297
2.514648
2.543945
2.495117
2.534180
2.548828
2.563477
2.519531
2.558594
2.558594
2.563477
2.553711
2.592773
2.573242
2.558594
2.558594
2.553711
2.592773
2.558594
2.583008
2.587891
2.568359
2.558594
2.578125
2.612305
2.622070
2.587891
2.583008
2.607422
2.631836
2.597656
2.578125
2.612305
2.587891
2.607422
2.592773
2.612305
2.622070
2.612305
2.622070
2.631836
2.612305
2.597656
2.583008
2.656250
2.612305
2.656250
2.626953
2.626953
2.597656
2.617188
2.612305
2.612305
2.617188
2.607422
2.607422
2.607422
2.607422
2.607422
2.626953
2.592773
2.597656
2.583008
2.617188
2.602539
2.597656
2.583008
2.622070
2.578125
2.587891
2.587891
2.583008
2.587891
2.563477
2.578125
2.583008
2.592773
2.573242
2.607422
2.573242
2.578125
2.553711
2.539062
2.568359
2.587891
2.563477
2.578125
2.587891
2.539062
2.563477
2.568359
2.558594
2.568359
2.553711
2.543945
2.563477
2.568359
2.573242
2.539062
2.583008
2.553711
2.558594
2.543945
2.563477
2.563477
2.558594
2.558594
2.568359
2.553711
2.553711
2.578125
2.597656
2.558594
2.578125
2.597656
2.583008
2.583008
2.563477
2.578125
2.568359
2.583008
2.558594
2.548828
2.558594
2.578125
2.573242
2.583008
2.573242
2.553711
2.578125
2.558594
2.573242
2.558594
2.587891
2.563477
2.568359
2.543945
2.548828
2.553711
2.558594
2.558594
2.568359
2.548828
2.543945
2.514648
2.583008
2.553711
2.543945
2.514648
2.534180
2.558594
2.534180
2.524414
2.504883
2.534180
2.519531
2.524414
2.539062
2.534180
2.519531
2.529297
2.504883
2.514648
2.514648
2.504883
2.514648
2.480469
2.490234
2.500000
2.514648
2.509766
2.529297
2.529297
2.519531
2.519531
2.509766
2.519531
2.524414
2.509766
2.514648
2.558594
2.539062
2.524414
2.524414
2.519531
2.539062
2.563477
2.519531
2.500000
2.534180
2.509766
2.534180
2.534180
2.543945
2.539062
2.534180
2.539062
2.539062
2.519531
2.539062
2.548828
2.529297
2.548828
2.524414
2.534180
2.548828
2.553711
2.553711
2.539062
2.539062
2.553711
2.539062
2.558594
2.573242
2.558594
2.563477
2.553711
2.548828
2.587891
2.553711
2.558594
2.563477
2.587891
2.553711
2.563477
2.573242
2.568359
2.558594
2.568359
2.563477
2.592773
2.573242
2.578125
2.548828
2.592773
2.563477
2.592773
2.573242
2.563477
2.568359
2.578125
2.587891
2.587891
2.573242
2.587891
2.558594
2.578125
2.573242
2.578125
2.573242
2.573242
2.592773
2.553711
2.583008
2.602539
2.583008
2.587891
2.602539
2.602539
2.597656
2.607422
2.583008
2.583008
2.578125
2.592773
2.617188
2.553711
2.597656
2.558594
2.592773
2.583008
2.563477
2.602539
2.563477
2.583008
2.592773
2.558594
2.583008
2.583008
2.583008
2.592773
2.573242
2.587891
2.587891
2.568359
2.597656
2.568359
2.568359
2.573242
2.578125
2.592773
2.578125
2.578125
2.583008
2.563477
2.553711
2.587891
2.583008
2.578125
2.568359
2.563477
2.563477
2.583008
2.568359
2.578125
2.563477
2.543945
2.573242
2.548828
2.553711
2.553711
2.563477
2.597656
2.558594
2.553711
2.553711
2.563477
2.597656
2.558594
2.563477
2.568359
2.553711
2.548828
2.568359
2.563477
2.548828
2.553711
2.583008
2.529297
2.548828
2.558594
2.524414
2.534180
2.500000
2.534180
2.558594
2.529297
2.548828
2.539062
2.534180
2.548828
2.543945
2.529297
2.534180
2.519531
2.543945
2.539062
2.563477
2.529297
2.534180
2.534180
2.509766
2.543945
2.524414
2.543945
2.534180
2.548828
2.529297
2.543945
2.553711
2.534180
2.529297
2.534180
2.519531
2.529297
2.548828
2.514648
2.524414
2.519531
2.524414
2.539062
2.558594
2.524414
2.543945
2.524414
2.524414
2.524414
2.539062
2.543945
2.548828
2.543945
2.509766
2.543945
2.539062
2.519531
2.539062
2.509766
2.524414
2.563477
2.534180
2.543945
2.543945
2.563477
2.543945
2.543945
2.553711
2.553711
2.539062
2.553711
2.543945
2.534180
2.578125
2.558594
2.558594
2.583008
2.573242
2.563477
2.529297
2.519531
2.563477
2.548828
2.514648
2.568359
2.548828
2.539062
2.578125
2.548828
2.563477
2.534180
2.563477
2.534180
2.548828
2.553711
2.553711
2.578125
2.578125
2.587891
2.583008
2.539062
2.558594
2.592773
2.568359
2.563477
2.543945
2.548828
2.548828
2.548828
2.578125
2.563477
2.558594
2.583008
2.558594
2.558594
2.587891
2.563477
2.578125
2.548828
2.563477
2.563477
2.568359
2.583008
2.578125
2.563477
2.573242
2.587891
2.573242
2.583008
2.573242
2.558594
2.563477
2.583008
2.578125
2.573242
2.563477
2.592773
2.597656
2.548828
2.597656
2.563477
2.592773
2.583008
2.573242
2.578125
2.583008
2.573242
2.617188
2.573242
2.543945
2.558594
2.519531
2.602539
2.587891
2.563477
2.573242
2.583008
2.597656
2.573242
2.563477
2.583008
2.587891
2.587891
2.573242
2.597656
2.573242
2.583008
2.607422
2.573242
2.563477
2.592773
2.587891
2.592773
2.592773
2.583008
2.578125
2.553711
2.583008
2.573242
2.578125
2.563477
2.583008
2.583008
2.558594
2.573242
2.578125
2.573242
2.573242
2.578125
2.578125
2.583008
2.587891
2.578125
2.578125
2.568359
2.578125
2.592773
2.583008
2.578125
2.578125
2.553711
2.583008
2.617188
2.568359
2.587891
2.592773
2.602539
2.592773
2.578125
2.578125
2.583008
2.583008
2.587891
2.612305
2.583008
2.602539
2.573242
2.597656
2.592773
2.587891
2.597656
2.597656
2.597656
2.592773
2.578125
2.587891
2.597656
2.592773
2.607422
2.573242
2.578125
2.563477
2.607422
2.592773
2.587891
2.592773
2.583008
2.607422
2.607422
2.592773
2.587891
2.592773
2.617188
2.578125
2.597656
2.592773
2.573242
2.592773
2.607422
2.602539
2.602539
2.597656
2.607422
2.607422
2.587891
2.587891
2.578125
2.602539
2.592773
2.583008
2.587891
2.587891
2.597656
2.617188
2.563477
2.583008
2.583008
2.612305
2.617188
2.617188
2.597656
2.597656
2.617188
2.626953
2.612305
2.607422
2.602539
2.631836
2.626953
2.631836
2.607422
2.612305
2.612305
2.597656
2.631836
2.578125
2.612305
2.626953
2.602539
2.587891
2.622070
2.641602
2.636719
2.583008
2.607422
2.597656
2.602539
2.617188
2.631836
2.626953
2.626953
2.622070
2.597656
2.646484
2.622070
2.602539
2.602539
2.626953
2.626953
2.656250
2.607422
2.656250
2.631836
2.636719
2.617188
2.636719
2.626953
2.626953
2.631836
2.626953
2.607422
2.631836
2.612305
2.631836
2.617188
2.587891
2.597656
2.612305
2.602539
2.617188
2.626953
2.612305
2.626953
2.602539
2.607422
2.612305
2.626953
2.617188
2.641602
2.622070
2.631836
2.607422
2.661133
2.607422
2.607422
2.626953
2.651367
2.607422
2.607422
2.617188
2.592773
2.622070
2.607422
2.607422
2.602539
2.602539
2.631836
2.631836
2.592773
2.617188
2.602539
2.597656
2.612305
2.578125
2.587891
2.587891
2.617188
2.607422
2.617188
2.573242
2.617188
2.607422
2.587891
2.592773
2.592773
2.583008
2.558594
2.607422
2.597656
2.587891
2.578125
2.578125
2.597656
2.587891
2.563477
2.597656
2.587891
2.587891
2.553711
2.587891
2.587891
2.597656
2.592773
2.558594
2.563477
2.558594
2.578125
2.563477
2.587891
2.558594
2.568359
2.563477
2.587891
2.578125
2.558594
2.558594
2.553711
2.563477
2.587891
2.568359
2.553711
2.553711
2.563477
2.558594
2.583008
2.529297
2.568359
2.563477
2.548828
2.563477
2.563477
2.548828
2.563477
2.558594
2.558594
2.539062
2.534180
2.558594
2.553711
2.553711
2.539062
2.534180
2.558594
2.519531
2.529297
2.553711
2.534180
2.529297
2.558594
2.534180
2.534180
2.509766
2.524414
2.534180
2.539062
2.529297
2.558594
2.553711
2.553711
2.534180
2.534180
2.543945
2.553711
2.534180
2.534180
2.519531
2.529297
2.543945
2.539062
2.553711
2.553711
2.534180
2.534180
2.553711
2.534180
2.529297
2.539062
2.534180
2.529297
2.524414
2.543945
2.543945
2.543945
2.529297
2.534180
2.524414
2.529297
2.534180
2.529297
2.514648
2.529297
2.534180
2.534180
2.529297
2.539062
2.524414
2.543945
2.524414
2.558594
2.534180
2.524414
2.529297
2.548828
2.519531
2.578125
2.548828
2.534180
2.553711
2.558594
2.543945
2.490234
2.553711
2.524414
2.529297
2.524414
2.529297
2.534180
2.519531
2.534180
2.519531
2.509766
2.534180
2.539062
2.553711
2.543945
2.519531
2.548828
2.548828
2.539062
2.539062
2.543945
2.539062
2.548828
2.553711
2.543945
2.524414
2.539062
2.543945
2.539062
2.539062
2.553711
2.558594
2.534180
2.539062
2.514648
2.543945
2.548828
2.543945
2.524414
2.539062
2.548828
2.539062
2.543945
2.578125
2.539062
2.529297
2.529297
2.539062
2.524414
2.543945
2.543945
2.529297
2.563477
2.558594
2.534180
2.548828
2.563477
2.539062
2.553711
2.548828
2.534180
2.529297
2.543945
2.548828
2.529297
2.543945
2.519531
2.587891
2.553711
2.514648
2.519531
2.539062
2.543945
2.534180
2.553711
2.553711
2.529297
2.548828
2.539062
2.534180
2.539062
2.534180
2.529297
2.534180
2.524414
2.534180
2.543945
2.534180
2.504883
2.529297
2.539062
2.539062
2.553711
2.529297
2.534180
2.514648
2.548828
2.548828
2.514648
2.543945
2.558594
2.529297
2.548828
2.539062
2.524414
2.524414
2.553711
2.524414
2.519531
2.514648
2.534180
2.524414
2.543945
2.524414
2.534180
2.543945
2.529297
2.529297
2.534180
2.563477
2.539062
2.524414
2.539062
2.543945
2.529297
2.529297
2.524414
2.534180
2.529297
2.539062
2.539062
2.514648
2.543945
2.534180
2.543945
2.509766
2.553711
2.524414
2.529297
2.514648
2.514648
2.534180
2.543945
2.529297
2.529297
2.519531
2.543945
2.553711
2.534180
2.514648
2.553711
2.563477
2.529297
2.514648
2.529297
2.519531
2.553711
2.587891
2.573242
2.563477
2.543945
2.583008
2.568359
2.539062
2.553711
2.558594
2.529297
2.543945
2.539062
2.553711
2.563477
2.548828
2.548828
2.548828
2.543945
2.524414
2.558594
2.539062
2.553711
2.548828
2.529297
2.563477
2.558594
2.583008
2.553711
2.568359
2.583008
2.563477
2.583008
2.568359
2.548828
2.524414
2.578125
2.573242
2.587891
2.558594
2.568359
2.592773
2.573242
2.573242
2.578125
2.578125
2.568359
2.563477
2.583008
2.583008
2.583008
2.563477
2.568359
2.563477
2.539062
2.573242
2.578125
2.563477
2.553711
2.568359
2.568359
2.583008
2.573242
2.602539
2.563477
2.607422
2.583008
2.573242
2.587891
2.573242
2.607422
2.592773
2.578125
2.592773
2.573242
2.573242
2.573242
2.558594
2.578125
2.563477
2.612305
2.587891
2.592773
2.597656
2.597656
2.617188
2.607422
2.587891
2.578125
2.553711
2.592773
2.587891
2.573242
2.573242
2.602539
2.602539
2.578125
2.597656
2.573242
2.612305
2.612305
2.583008
2.602539
2.563477
2.568359
2.607422
2.607422
2.617188
2.568359
2.568359
2.612305
2.607422
2.602539
2.597656
2.583008
2.578125
2.587891
2.587891
2.607422
2.592773
2.568359
2.597656
2.602539
2.578125
2.597656
2.583008
2.617188
2.602539
2.617188
2.612305
2.607422
2.592773
2.597656
2.583008
2.612305
2.626953
2.583008
2.607422
2.597656
2.592773
2.597656
2.592773
2.587891
2.602539
2.587891
2.597656
2.622070
2.597656
2.597656
2.592773
2.602539
2.617188
2.612305
2.612305
2.587891
2.573242
2.597656
2.587891
2.587891
2.583008
2.592773
2.592773
2.602539
2.578125
2.587891
2.578125
2.563477
2.607422
2.573242
2.607422
2.587891
2.597656
2.607422
2.607422
2.592773
2.617188
2.587891
2.558594
2.587891
2.607422
2.573242
2.592773
2.573242
2.602539
2.578125
2.563477
2.587891
2.602539
2.578125
2.578125
2.587891
2.587891
2.592773
2.583008
2.583008
2.583008
2.592773
2.578125
2.602539
2.578125
2.568359
2.583008
2.587891
2.578125
2.568359
2.592773
2.578125
2.558594
2.587891
2.563477
2.578125
2.622070
2.573242
2.573242
2.568359
2.592773
2.607422
2.587891
2.573242
2.558594
2.553711
2.573242
2.553711
2.578125
2.563477
2.592773
2.607422
2.607422
2.573242
2.587891
2.592773
2.583008
2.573242
2.568359
2.553711
2.553711
2.578125
2.558594
2.597656
2.568359
2.587891
2.597656
2.583008
2.612305
2.563477
2.578125
2.602539
2.597656
2.597656
2.573242
2.597656
2.592773
2.622070
2.563477
2.583008
2.558594
2.617188
2.587891
2.583008
2.592773
2.573242
2.602539
2.592773
2.592773
2.573242
2.602539
2.592773
2.578125
2.607422
2.592773
2.578125
2.612305
2.573242
2.573242
2.563477
2.602539
2.617188
2.583008
2.607422
2.597656
2.626953
2.592773
