1.738281
0.175781
-1.406250
-2.792969
-3.706055
-4.038086
-3.764648
-2.871094
-1.523438
0.166016
2.065430
4.042969
5.893555
7.421875
8.510742
9.077148
9.057617
8.466797
7.324219
5.771484
3.920898
1.899414
-0.039062
-1.743164
-3.056641
-3.857422
-4.067383
-3.676758
-2.705078
-1.293945
0.444336
2.397461
4.335938
6.142578
7.661133
8.657227
9.145508
9.057617
8.325195
7.119141
5.463867
3.574219
1.591797
-0.327148
-1.972656
-3.212891
-3.911133
-4.003906
-3.496094
-2.490234
-0.996094
0.791016
2.753906
4.697266
6.435547
7.866211
8.789062
9.189453
8.974609
8.173828
6.875000
5.195312
3.579102
2.792969
2.548828
2.456055
2.543945
2.568359
2.563477
2.587891
2.587891
2.568359
2.592773
2.568359
2.558594
2.587891
2.563477
2.597656
2.622070
2.583008
2.592773
2.592773
2.573242
2.573242
2.563477
2.568359
2.578125
2.578125
2.583008
2.573242
2.568359
2.607422
2.587891
2.568359
2.563477
2.578125
2.539062
2.578125
2.592773
2.578125
2.568359
2.534180
2.543945
2.587891
2.543945
2.529297
2.558594
2.563477
2.563477
2.587891
2.553711
2.548828
2.553711
2.597656
2.553711
2.573242
2.563477
2.563477
2.573242
2.563477
2.548828
2.563477
2.573242
2.578125
2.612305
2.587891
2.543945
2.558594
2.568359
2.578125
2.573242
2.558594
2.563477
2.568359
2.578125
2.578125
2.568359
2.558594
2.563477
2.587891
2.563477
2.563477
2.573242
2.548828
2.563477
2.573242
2.553711
2.539062
2.583008
2.543945
2.568359
2.573242
2.573242
2.592773
2.558594
2.558594
2.543945
2.583008
2.578125
2.568359
2.553711
2.553711
2.563477
2.543945
2.553711
2.539062
2.563477
2.558594
2.539062
2.587891
2.558594
2.553711
2.558594
2.558594
2.553711
2.563477
2.558594
2.573242
2.578125
2.592773
2.553711
2.558594
2.568359
2.573242
2.563477
2.578125
2.563477
2.568359
2.578125
2.578125
2.568359
2.587891
2.583008
2.592773
2.563477
2.578125
2.578125
2.558594
2.563477
2.612305
2.568359
2.573242
2.587891
2.592773
2.539062
2.573242
2.573242
2.568359
2.548828
2.553711
2.568359
2.543945
2.563477
2.558594
2.568359
2.587891
2.558594
2.573242
2.578125
2.568359
2.583008
2.568359
2.568359
2.573242
2.597656
2.578125
2.592773
2.587891
2.558594
2.553711
2.553711
2.573242
2.587891
2.578125
2.592773
2.543945
2.573242
2.553711
2.563477
2.553711
2.568359
2.583008
2.602539
2.578125
2.583008
2.597656
2.563477
2.587891
2.568359
2.563477
2.587891
2.583008
2.568359
2.587891
2.539062
2.558594
2.573242
2.587891
2.568359
2.573242
2.563477
2.573242
2.563477
2.587891
2.573242
2.578125
2.583008
2.573242
2.558594
2.583008
2.583008
2.578125
2.558594
2.592773
2.578125
2.568359
2.563477
2.563477
2.573242
2.563477
2.563477
2.558594
2.543945
2.548828
2.558594
2.563477
2.578125
2.578125
2.573242
2.558594
2.543945
2.548828
2.568359
2.578125
2.573242
2.578125
2.534180
2.578125
2.573242
2.563477
2.563477
2.568359
2.558594
2.558594
2.553711
2.553711
2.524414
2.548828
2.563477
2.548828
2.534180
2.597656
2.558594
2.578125
2.534180
2.539062
2.543945
2.558594
2.548828
2.553711
2.534180
2.558594
2.543945
2.592773
2.539062
2.543945
2.553711
2.573242
2.583008
2.573242
2.558594
2.583008
2.602539
2.568359
2.563477
2.597656
2.573242
2.558594
2.587891
2.548828
2.592773
2.563477
2.558594
2.583008
2.534180
2.568359
2.573242
2.563477
2.578125
2.553711
2.568359
2.558594
2.539062
2.583008
2.578125
2.548828
2.558594
2.558594
2.573242
2.548828
2.553711
2.583008
2.573242
2.568359
2.563477
2.568359
2.568359
2.578125
2.578125
2.558594
2.568359
2.568359
2.553711
2.563477
2.578125
2.563477
2.553711
2.553711
2.558594
2.578125
2.558594
2.553711
2.587891
2.573242
2.563477
2.558594
2.558594
2.534180
2.563477
2.592773
2.587891
2.558594
2.558594
2.578125
2.568359
2.563477
2.558594
2.583008
2.583008
2.578125
2.568359
2.563477
2.568359
2.573242
2.573242
2.573242
2.563477
2.568359
2.573242
2.573242
2.558594
2.543945
2.548828
2.587891
2.553711
2.568359
2.573242
2.573242
2.592773
2.553711
2.553711
2.558594
2.563477
2.568359
2.548828
2.558594
2.597656
2.568359
2.563477
2.583008
2.578125
2.563477
2.583008
2.563477
2.573242
2.573242
2.563477
2.583008
2.578125
2.592773
2.578125
2.563477
2.587891
2.578125
2.563477
2.558594
2.592773
2.592773
2.563477
2.578125
2.578125
2.573242
2.568359
2.573242
2.563477
2.558594
2.558594
2.563477
2.558594
2.578125
2.587891
2.583008
2.573242
2.563477
2.558594
2.587891
2.573242
2.578125
2.587891
2.578125
2.563477
2.558594
2.558594
2.592773
2.597656
2.573242
2.573242
2.583008
2.578125
2.597656
2.568359
2.558594
2.573242
2.597656
2.568359
2.573242
2.553711
2.587891
2.553711
2.607422
2.548828
2.548828
2.587891
2.563477
2.548828
2.573242
2.548828
2.583008
2.558594
2.563477
2.543945
2.573242
2.587891
2.578125
2.573242
2.583008
2.583008
2.587891
2.573242
2.568359
2.573242
2.558594
2.558594
2.583008
2.573242
2.563477
2.548828
2.563477
2.607422
2.563477
2.612305
2.573242
2.573242
2.553711
2.578125
2.563477
2.578125
2.563477
2.573242
2.558594
2.578125
2.578125
2.578125
2.583008
2.592773
2.587891
2.568359
2.578125
2.573242
2.573242
2.558594
2.553711
2.568359
2.558594
2.568359
2.558594
2.563477
2.553711
2.563477
2.568359
2.553711
2.573242
2.568359
2.573242
2.563477
2.563477
2.558594
2.558594
2.548828
2.553711
2.563477
2.578125
2.587891
2.568359
2.558594
2.553711
2.558594
2.578125
2.573242
2.563477
2.543945
2.563477
2.568359
2.553711
2.612305
2.543945
2.558594
2.558594
2.587891
2.587891
2.568359
2.553711
2.578125
2.548828
2.568359
2.563477
2.558594
2.587891
2.587891
2.568359
2.573242
2.573242
2.578125
2.578125
2.553711
2.592773
2.558594
2.558594
2.587891
2.578125
2.583008
2.578125
2.587891
2.578125
2.583008
2.563477
2.558594
2.548828
2.514648
2.558594
2.573242
2.578125
2.568359
2.573242
2.558594
2.592773
2.553711
2.558594
2.563477
2.568359
2.587891
2.543945
2.578125
2.573242
2.573242
2.573242
2.558594
2.558594
2.587891
2.568359
2.548828
2.563477
2.568359
2.563477
2.573242
2.568359
2.553711
2.573242
2.587891
2.568359
2.568359
2.563477
2.587891
2.587891
2.548828
2.558594
2.548828
2.587891
2.587891
2.548828
2.568359
2.592773
2.573242
2.558594
2.568359
2.563477
2.558594
2.558594
2.553711
2.539062
2.558594
2.573242
2.563477
2.573242
2.553711
2.587891
2.553711
2.558594
2.558594
2.553711
2.573242
2.568359
2.578125
2.583008
2.568359
2.573242
2.587891
2.573242
2.587891
2.592773
2.592773
2.578125
2.597656
2.573242
2.563477
2.583008
2.592773
2.587891
2.573242
2.578125
2.563477
2.548828
2.578125
2.573242
2.558594
2.558594
2.553711
2.583008
2.548828
2.563477
2.568359
2.573242
2.578125
2.558594
2.553711
2.568359
2.553711
2.563477
2.597656
2.578125
2.563477
2.568359
2.587891
2.573242
2.587891
2.592773
2.539062
2.607422
2.568359
2.583008
2.578125
2.587891
2.592773
2.583008
2.573242
2.573242
2.553711
2.583008
2.563477
2.578125
2.548828
2.583008
2.558594
2.587891
2.568359
2.573242
2.563477
2.543945
2.558594
2.534180
2.607422
2.563477
2.578125
2.563477
2.548828
2.573242
2.568359
2.553711
2.573242
2.539062
2.548828
2.573242
2.539062
2.553711
2.539062
2.573242
2.548828
2.573242
2.558594
2.573242
2.578125
2.558594
2.558594
2.578125
2.563477
2.558594
2.558594
2.553711
2.558594
2.563477
2.558594
2.563477
2.529297
2.553711
2.558594
2.563477
2.534180
2.568359
2.578125
2.578125
2.573242
2.558594
2.568359
2.563477
2.558594
2.568359
2.529297
2.573242
2.587891
2.539062
2.592773
2.573242
2.558594
2.568359
2.558594
2.573242
2.553711
2.553711
2.587891
2.548828
2.558594
2.573242
2.587891
2.563477
2.568359
2.553711
2.558594
2.563477
2.568359
2.568359
2.583008
2.553711
2.578125
2.583008
2.563477
2.568359
2.592773
2.548828
2.563477
2.568359
2.558594
2.563477
2.573242
2.573242
2.587891
2.597656
2.587891
2.558594
2.568359
2.597656
2.558594
2.558594
2.563477
2.558594
2.587891
2.558594
2.587891
2.563477
2.568359
2.587891
2.568359
2.583008
2.578125
2.543945
2.573242
2.543945
2.563477
2.573242
2.597656
2.563477
2.573242
2.558594
2.578125
2.583008
2.563477
2.573242
2.573242
2.568359
2.558594
2.524414
2.563477
2.602539
2.558594
2.578125
2.573242
2.563477
2.563477
2.573242
2.578125
2.548828
2.553711
2.553711
2.568359
2.587891
2.578125
2.592773
2.563477
2.563477
2.558594
2.558594
2.597656
2.583008
2.592773
2.583008
2.553711
2.543945
2.568359
2.592773
2.583008
2.592773
2.587891
2.583008
2.568359
2.573242
2.568359
2.602539
2.553711
2.578125
2.587891
2.553711
2.553711
2.563477
2.578125
2.592773
2.578125
2.558594
2.578125
2.568359
2.558594
2.587891
2.573242
2.558594
2.553711
2.573242
2.563477
2.553711
2.558594
2.558594
2.583008
2.558594
2.568359
2.607422
2.568359
2.578125
2.592773
2.543945
2.573242
2.592773
2.583008
2.568359
2.568359
2.558594
2.592773
2.563477
2.587891
2.578125
2.563477
2.524414
2.573242
2.558594
2.597656
2.558594
2.563477
2.573242
2.587891
2.583008
2.578125
2.563477
2.558594
2.587891
2.573242
2.558594
2.573242
2.597656
2.563477
2.592773
2.558594
2.587891
2.587891
2.607422
2.573242
2.568359
2.568359
2.568359
2.563477
2.597656
2.597656
2.597656
2.592773
2.587891
2.573242
2.597656
2.583008
2.587891
2.563477
2.558594
2.568359
2.573242
2.548828
2.578125
2.558594
2.558594
2.568359
2.563477
2.548828
2.573242
2.578125
2.563477
2.563477
2.568359
2.539062
2.568359
2.578125
2.578125
2.573242
2.578125
2.558594
2.573242
2.558594
2.587891
2.573242
2.587891
2.573242
2.587891
2.548828
2.558594
2.573242
2.568359
2.607422
2.568359
2.553711
2.563477
2.573242
2.592773
2.563477
2.558594
2.573242
2.553711
2.558594
2.563477
2.578125
2.548828
2.568359
2.568359
2.539062
2.553711
2.553711
2.553711
2.558594
2.558594
2.563477
2.543945
2.568359
2.573242
2.548828
2.578125
2.563477
2.573242
2.583008
2.563477
2.563477
2.558594
2.548828
2.553711
2.548828
2.553711
2.553711
2.573242
2.543945
2.587891
2.548828
2.553711
2.543945
2.563477
2.558594
2.568359
2.553711
2.592773
2.602539
2.587891
2.543945
2.563477
2.563477
2.587891
2.587891
2.568359
2.534180
2.563477
2.519531
2.602539
2.587891
2.587891
2.568359
2.573242
2.573242
2.558594
2.573242
2.573242
2.558594
2.568359
2.558594
2.578125
2.568359
2.553711
2.563477
2.563477
2.573242
2.583008
2.563477
2.563477
2.587891
2.558594
2.563477
2.587891
2.597656
2.583008
2.587891
2.573242
2.583008
2.578125
2.553711
2.568359
2.568359
2.543945
2.563477
2.578125
2.592773
2.563477
2.573242
2.563477
2.563477
2.573242
2.558594
2.558594
2.578125
2.592773
2.583008
2.578125
2.568359
2.553711
2.587891
2.568359
2.573242
2.568359
2.578125
2.573242
2.548828
2.553711
2.583008
2.578125
2.568359
2.578125
2.597656
2.563477
2.597656
2.597656
2.568359
2.573242
2.548828
2.563477
2.568359
2.563477
2.578125
2.563477
2.563477
2.587891
2.558594
2.612305
2.612305
2.539062
2.587891
2.573242
2.563477
2.573242
2.573242
2.558594
2.587891
2.539062
2.563477
2.563477
2.553711
2.568359
2.578125
2.563477
2.583008
2.558594
2.563477
2.573242
2.578125
2.558594
2.568359
2.563477
2.548828
2.558594
2.583008
2.558594
2.563477
2.578125
2.573242
2.587891
2.558594
2.553711
2.578125
2.568359
2.573242
2.558594
2.568359
2.568359
2.563477
2.558594
2.553711
2.548828
2.573242
2.558594
2.568359
2.568359
2.573242
2.587891
2.553711
2.548828
2.578125
2.578125
2.597656
2.573242
2.529297
2.558594
2.543945
2.578125
2.568359
2.568359
2.583008
2.558594
2.578125
2.558594
2.558594
2.558594
2.563477
2.573242
2.548828
2.573242
2.573242
2.573242
2.597656
2.568359
2.587891
2.583008
2.553711
2.563477
2.553711
2.578125
2.568359
2.548828
2.548828
2.592773
2.583008
2.534180
2.578125
2.558594
2.558594
2.578125
2.553711
2.573242
2.539062
2.578125
2.563477
2.563477
2.573242
2.563477
2.563477
2.583008
2.563477
2.539062
2.558594
2.558594
2.553711
2.558594
2.563477
2.583008
2.568359
2.558594
2.583008
2.583008
2.573242
2.563477
2.558594
2.563477
2.573242
2.553711
2.578125
2.558594
2.539062
2.543945
2.563477
2.587891
2.553711
2.558594
2.553711
2.563477
2.563477
2.543945
2.553711
2.563477
2.558594
2.563477
2.548828
2.568359
2.534180
2.558594
2.573242
2.548828
2.534180
2.553711
2.539062
2.548828
2.548828
2.558594
2.553711
2.578125
2.563477
2.563477
2.529297
2.524414
2.553711
2.597656
2.558594
2.587891
2.529297
2.568359
2.587891
2.563477
2.573242
2.543945
2.539062
2.548828
2.587891
2.553711
2.553711
2.558594
2.548828
2.568359
2.553711
2.568359
2.578125
2.578125
2.534180
2.563477
2.548828
2.553711
2.592773
2.558594
2.543945
2.568359
2.543945
2.553711
2.548828
2.534180
2.524414
2.563477
2.558594
2.568359
2.534180
2.568359
2.568359
2.563477
2.592773
2.553711
2.563477
2.583008
2.563477
2.558594
2.573242
2.578125
2.558594
2.563477
2.578125
2.573242
2.553711
2.563477
2.573242
2.548828
2.558594
2.548828
2.563477
2.563477
2.587891
2.563477
2.573242
2.539062
2.578125
2.578125
2.592773
2.524414
2.563477
2.583008
2.592773
2.592773
2.563477
2.573242
2.563477
2.578125
2.592773
2.558594
2.548828
2.583008
2.553711
2.583008
2.583008
2.568359
2.583008
2.573242
2.524414
2.548828
2.563477
2.568359
2.553711
2.529297
2.583008
2.587891
2.563477
2.568359
2.568359
2.573242
2.553711
2.563477
2.568359
2.563477
2.573242
2.597656
2.563477
2.563477
2.558594
2.563477
2.573242
2.573242
2.539062
2.578125
2.553711
2.548828
2.578125
2.563477
2.578125
2.573242
2.543945
2.563477
2.563477
2.548828
2.563477
2.553711
2.578125
2.568359
2.534180
2.568359
2.558594
2.583008
2.543945
2.573242
2.573242
2.568359
2.563477
2.587891
2.578125
2.558594
2.573242
2.543945
2.548828
2.553711
2.553711
2.612305
2.573242
2.573242
2.573242
2.558594
2.548828
2.578125
2.543945
2.558594
2.553711
2.578125
2.563477
2.578125
2.568359
2.534180
2.578125
2.553711
2.602539
2.578125
2.563477
2.568359
2.568359
2.578125
2.578125
2.573242
2.573242
2.558594
2.563477
2.573242
2.583008
2.553711
2.568359
2.543945
2.519531
2.573242
2.583008
2.573242
2.558594
2.543945
2.558594
2.583008
2.558594
2.558594
2.548828
2.563477
2.568359
2.568359
2.524414
2.583008
2.558594
2.548828
2.568359
2.534180
2.553711
2.563477
2.543945
2.563477
2.563477
2.558594
2.548828
2.568359
2.558594
2.583008
2.543945
2.558594
2.553711
2.568359
2.578125
2.553711
2.563477
2.592773
2.568359
2.553711
2.573242
2.553711
2.558594
2.558594
2.558594
2.553711
2.563477
2.573242
2.553711
2.563477
2.539062
2.543945
2.558594
2.553711
2.568359
2.543945
2.543945
2.553711
2.558594
2.553711
2.558594
2.539062
2.558594
2.548828
2.558594
2.563477
2.534180
2.558594
2.563477
2.563477
2.568359
2.587891
2.563477
2.587891
2.548828
2.583008
2.558594
2.543945
2.592773
2.558594
2.553711
2.563477
2.558594
2.578125
2.587891
2.563477
2.529297
2.558594
2.578125
2.548828
2.568359
2.548828
2.578125
2.548828
2.563477
2.543945
2.548828
2.573242
2.553711
2.578125
2.568359
2.563477
2.578125
2.563477
2.563477
2.558594
2.563477
2.568359
2.597656
2.587891
2.587891
2.548828
2.563477
2.592773
2.578125
2.583008
2.602539
2.553711
2.587891
2.583008
2.592773
2.543945
2.553711
2.568359
2.558594
2.578125
2.553711
2.563477
2.568359
2.563477
2.553711
2.583008
2.539062
2.587891
2.558594
2.583008
2.578125
2.578125
2.578125
2.563477
2.573242
2.578125
2.573242
2.583008
2.563477
2.558594
2.548828
2.573242
2.563477
2.558594
2.558594
2.578125
2.583008
2.563477
2.578125
2.548828
2.583008
2.539062
2.607422
2.568359
2.573242
2.563477
2.583008
2.583008
2.558594
2.587891
2.558594
2.568359
2.558594
2.578125
2.583008
2.568359
2.573242
2.583008
2.563477
2.578125
2.563477
2.583008
2.573242
2.578125
2.573242
2.553711
2.558594
2.553711
2.548828
2.568359
2.563477
2.578125
2.553711
2.578125
2.563477
2.573242
2.558594
2.583008
2.568359
2.568359
2.563477
2.578125
2.568359
2.568359
2.558594
2.563477
2.553711
2.583008
2.563477
2.573242
2.563477
2.573242
2.587891
2.583008
2.573242
2.553711
2.563477
2.563477
2.563477
2.553711
2.587891
2.568359
2.568359
2.592773
2.548828
2.548828
2.563477
2.568359
2.563477
2.563477
2.539062
2.563477
2.578125
2.563477
2.553711
2.543945
2.568359
2.568359
2.558594
2.539062
2.578125
2.539062
2.583008
2.568359
2.568359
2.568359
2.553711
2.558594
2.568359
2.563477
2.563477
2.563477
2.558594
2.558594
2.553711
2.548828
2.539062
2.539062
2.578125
2.558594
2.563477
2.543945
2.524414
2.558594
2.543945
2.558594
2.548828
2.563477
2.539062
2.543945
2.529297
2.583008
2.553711
2.568359
2.558594
2.578125
2.553711
2.553711
2.558594
2.573242
2.558594
2.563477
2.558594
2.573242
2.563477
2.548828
2.553711
2.563477
2.553711
2.553711
2.534180
2.553711
2.558594
2.558594
2.548828
2.534180
2.558594
2.553711
2.543945
2.543945
2.553711
2.553711
2.553711
2.553711
2.539062
2.558594
2.563477
2.529297
2.539062
2.543945
2.539062
2.568359
2.563477
2.548828
2.539062
2.529297
2.563477
2.578125
2.543945
2.539062
2.534180
2.573242
2.568359
2.534180
2.539062
2.543945
2.534180
2.534180
2.553711
2.548828
2.548828
2.539062
2.563477
2.573242
2.563477
2.534180
2.558594
2.587891
2.553711
2.548828
2.553711
2.539062
2.539062
2.558594
2.568359
2.553711
2.543945
2.563477
2.534180
2.573242
2.558594
2.573242
2.563477
2.563477
2.558594
2.563477
2.573242
2.568359
2.558594
2.578125
2.573242
2.568359
2.583008
2.558594
2.587891
2.597656
2.587891
2.563477
2.553711
2.573242
2.553711
2.558594
2.558594
2.539062
2.543945
2.563477
2.587891
2.583008
2.578125
2.548828
2.548828
2.587891
2.563477
2.543945
2.568359
2.553711
2.592773
2.568359
2.573242
2.573242
2.563477
2.558594
2.578125
2.578125
2.563477
2.543945
2.558594
2.568359
2.568359
2.563477
2.583008
2.568359
2.573242
2.597656
2.568359
2.539062
2.573242
2.558594
2.553711
2.583008
2.553711
2.578125
2.578125
2.587891
2.563477
2.568359
2.558594
2.587891
2.548828
2.563477
2.558594
2.578125
2.578125
2.607422
2.578125
2.563477
2.563477
2.553711
2.563477
2.563477
2.553711
2.539062
2.548828
2.573242
2.563477
2.558594
2.543945
2.558594
2.514648
2.534180
2.509766
2.553711
2.553711
2.563477
2.539062
2.553711
2.578125
2.553711
2.558594
2.548828
2.553711
2.553711
2.558594
2.539062
2.543945
2.553711
2.587891
2.543945
2.573242
2.558594
2.553711
2.553711
2.548828
2.548828
2.573242
2.539062
2.563477
2.583008
2.573242
2.553711
2.558594
2.558594
2.563477
2.558594
2.563477
2.529297
2.558594
2.553711
2.548828
2.534180
2.543945
2.573242
2.568359
2.583008
2.563477
2.558594
2.563477
2.583008
2.563477
2.558594
2.587891
2.568359
2.573242
2.573242
2.568359
2.548828
2.563477
2.558594
2.553711
2.568359
2.548828
2.553711
2.583008
2.548828
2.553711
2.539062
2.558594
2.548828
2.553711
2.563477
2.578125
2.558594
2.573242
2.568359
2.563477
2.553711
2.543945
2.583008
2.563477
2.548828
2.553711
2.578125
2.563477
2.573242
2.553711
2.563477
2.563477
2.578125
2.558594
2.583008
2.548828
2.573242
2.568359
2.597656
2.543945
2.573242
2.568359
2.558594
2.578125
2.578125
2.563477
2.568359
2.543945
2.558594
2.558594
2.524414
2.534180
2.563477
2.548828
2.543945
2.563477
2.568359
2.568359
2.563477
2.563477
2.534180
2.568359
2.558594
2.558594
2.587891
2.558594
2.534180
2.568359
2.543945
2.563477
2.543945
2.548828
2.568359
2.539062
2.573242
2.553711
2.534180
