1.977539
1.640625
1.328125
1.054688
0.908203
0.839844
0.874023
1.103516
1.420898
1.796875
2.338867
2.934570
3.515625
4.033203
4.555664
4.941406
5.166016
5.263672
5.117188
4.833984
4.379883
3.784180
3.090820
2.363281
1.655273
0.996094
0.488281
0.048828
-0.126953
-0.161133
-0.024414
0.312500
0.761719
1.337891
1.855469
2.460938
3.051758
3.491211
3.891602
4.125977
4.243164
4.223633
4.116211
3.896484
3.642578
3.349609
3.066406
2.734375
2.597656
2.543945
2.529297
2.539062
2.558594
2.543945
2.568359
2.534180
2.573242
2.534180
2.548828
2.553711
2.558594
2.548828
2.558594
2.573242
2.568359
2.597656
2.587891
2.597656
2.597656
2.563477
2.573242
2.592773
2.592773
2.573242
2.602539
2.592773
2.568359
2.597656
2.563477
2.597656
2.607422
2.592773
2.578125
2.602539
2.587891
2.543945
2.592773
2.558594
2.583008
2.558594
2.573242
2.617188
2.548828
2.607422
2.573242
2.602539
2.509766
2.573242
2.534180
2.573242
2.509766
2.573242
2.583008
2.583008
2.578125
2.587891
2.597656
2.578125
2.573242
2.602539
2.592773
2.558594
2.592773
2.592773
2.553711
2.612305
2.583008
2.578125
2.553711
2.592773
2.558594
2.583008
2.573242
2.573242
2.578125
2.553711
2.587891
2.539062
2.558594
2.597656
2.553711
2.587891
2.543945
2.539062
2.573242
2.543945
2.587891
2.553711
2.563477
2.543945
2.578125
2.548828
2.534180
2.548828
2.543945
2.558594
2.529297
2.529297
2.509766
2.509766
2.548828
2.553711
2.563477
2.563477
2.558594
2.587891
2.553711
2.568359
2.558594
2.573242
2.578125
2.587891
2.563477
2.573242
2.553711
2.534180
2.563477
2.558594
2.539062
2.543945
2.543945
2.529297
2.548828
2.543945
2.529297
2.543945
2.563477
2.534180
2.539062
2.553711
2.563477
2.548828
2.543945
2.534180
2.524414
2.524414
2.539062
2.534180
2.563477
2.534180
2.524414
2.534180
2.519531
2.543945
2.553711
2.529297
2.539062
2.578125
2.578125
2.563477
2.563477
2.553711
2.597656
2.592773
2.583008
2.587891
2.568359
2.529297
2.578125
2.563477
2.534180
2.534180
2.548828
2.529297
2.529297
2.500000
2.548828
2.543945
2.563477
2.529297
2.558594
2.524414
2.529297
2.534180
2.534180
2.534180
2.534180
2.578125
2.524414
2.539062
2.519531
2.543945
2.534180
2.548828
2.578125
2.529297
2.553711
2.543945
2.543945
2.543945
2.558594
2.583008
2.563477
2.568359
2.578125
2.578125
2.617188
2.587891
2.543945
2.592773
2.553711
2.553711
2.553711
2.539062
2.553711
2.543945
2.548828
2.514648
2.539062
2.543945
2.534180
2.524414
2.543945
2.529297
2.519531
2.524414
2.543945
2.553711
2.519531
2.543945
2.534180
2.529297
2.563477
2.539062
2.539062
2.529297
2.558594
2.543945
2.543945
2.539062
2.539062
2.553711
2.529297
2.548828
2.529297
2.534180
2.553711
2.534180
2.543945
2.548828
2.548828
2.553711
2.548828
2.558594
2.558594
2.558594
2.587891
2.553711
2.558594
2.558594
2.583008
2.578125
2.543945
2.529297
2.534180
2.524414
2.514648
2.534180
2.543945
2.568359
2.558594
2.543945
2.543945
2.553711
2.563477
2.568359
2.578125
2.587891
2.592773
2.583008
2.587891
2.573242
2.568359
2.578125
2.573242
2.568359
2.592773
2.602539
2.563477
2.592773
2.583008
2.558594
2.573242
2.558594
2.573242
2.592773
2.592773
2.583008
2.553711
2.602539
2.563477
2.612305
2.563477
2.578125
2.573242
2.553711
2.558594
2.534180
2.509766
2.524414
2.558594
2.558594
2.568359
2.597656
2.573242
2.597656
2.578125
2.587891
2.612305
2.587891
2.578125
2.563477
2.553711
2.597656
2.583008
2.568359
2.592773
2.558594
2.573242
2.622070
2.553711
2.578125
2.558594
2.563477
2.587891
2.558594
2.548828
2.529297
2.578125
2.539062
2.573242
2.558594
2.524414
2.573242
2.553711
2.548828
2.534180
2.592773
2.553711
2.573242
2.568359
2.548828
2.578125
2.553711
2.534180
2.558594
2.524414
2.519531
2.529297
2.539062
2.529297
2.553711
2.524414
2.568359
2.539062
2.597656
2.539062
2.543945
2.539062
2.553711
2.558594
2.548828
2.553711
2.563477
2.543945
2.558594
2.563477
2.543945
2.568359
2.539062
2.558594
2.568359
2.534180
2.573242
2.539062
2.519531
2.534180
2.543945
2.534180
2.548828
2.524414
2.539062
2.519531
2.529297
2.553711
2.553711
2.514648
2.514648
2.553711
2.534180
2.548828
2.509766
2.529297
2.539062
2.524414
2.553711
2.558594
2.578125
2.602539
2.578125
2.602539
2.617188
2.548828
2.597656
2.568359
2.553711
2.583008
2.529297
2.553711
2.558594
2.524414
2.539062
2.539062
2.553711
2.563477
2.543945
2.548828
2.529297
2.543945
2.534180
2.529297
2.534180
2.529297
2.524414
2.568359
2.519531
2.534180
2.534180
2.534180
2.539062
2.553711
2.514648
2.543945
2.558594
2.573242
2.543945
2.543945
2.558594
2.543945
2.568359
2.558594
2.568359
2.529297
2.534180
2.568359
2.563477
2.558594
2.583008
2.617188
2.602539
2.568359
2.548828
2.543945
2.519531
2.524414
2.519531
2.553711
2.548828
2.514648
2.524414
2.519531
2.500000
2.548828
2.509766
2.539062
2.529297
2.529297
2.509766
2.548828
2.495117
2.500000
2.529297
2.495117
2.514648
2.529297
2.514648
2.539062
2.519531
2.543945
2.563477
2.563477
2.553711
2.539062
2.558594
2.539062
2.548828
2.534180
2.548828
2.534180
2.543945
2.558594
2.539062
2.558594
2.553711
2.534180
2.573242
2.548828
2.548828
2.539062
2.553711
2.573242
2.548828
2.500000
2.524414
2.524414
2.519531
2.543945
2.548828
2.558594
2.563477
2.563477
2.553711
2.553711
2.573242
2.563477
2.558594
2.573242
2.563477
2.592773
2.553711
2.592773
2.587891
2.578125
2.558594
2.558594
2.592773
2.563477
2.583008
2.592773
2.607422
2.587891
2.602539
2.597656
2.573242
2.617188
2.578125
2.563477
2.597656
2.592773
2.597656
2.597656
2.592773
2.622070
2.563477
2.607422
2.583008
2.553711
2.548828
2.558594
2.548828
2.539062
2.553711
2.563477
2.578125
2.568359
2.578125
2.539062
2.602539
2.592773
2.558594
2.558594
2.597656
2.573242
2.583008
2.592773
2.578125
2.568359
2.568359
2.592773
2.597656
2.568359
2.539062
2.607422
2.563477
2.548828
2.558594
2.573242
2.563477
2.553711
2.583008
2.534180
2.558594
2.558594
2.539062
2.583008
2.587891
2.558594
2.539062
2.543945
2.578125
2.529297
2.568359
2.568359
2.524414
2.539062
2.519531
2.509766
2.495117
2.543945
2.543945
2.519531
2.539062
2.553711
2.548828
2.583008
2.568359
2.548828
2.558594
2.534180
2.553711
2.578125
2.548828
2.558594
2.558594
2.539062
2.568359
2.529297
2.509766
2.539062
2.553711
2.539062
2.543945
2.524414
2.534180
2.524414
2.558594
2.548828
2.529297
2.524414
2.524414
2.548828
2.548828
2.504883
2.543945
2.514648
2.529297
2.553711
2.553711
2.509766
2.524414
2.500000
2.504883
2.524414
2.519531
2.534180
2.539062
2.539062
2.592773
2.587891
2.597656
2.553711
2.573242
2.573242
2.583008
2.558594
2.539062
2.539062
2.529297
2.529297
2.548828
2.563477
2.548828
2.534180
2.543945
2.548828
2.529297
2.558594
2.543945
2.529297
2.553711
2.529297
2.553711
2.524414
2.524414
2.539062
2.524414
2.558594
2.578125
2.539062
2.509766
2.553711
2.548828
2.539062
2.539062
2.583008
2.519531
2.553711
2.553711
2.563477
2.578125
2.587891
2.568359
2.568359
2.553711
2.543945
2.563477
2.587891
2.563477
2.626953
2.558594
2.543945
2.548828
2.529297
2.504883
2.529297
2.524414
2.514648
2.529297
2.495117
2.534180
2.495117
2.509766
2.524414
2.504883
2.529297
2.524414
2.514648
2.568359
2.524414
2.563477
2.534180
2.534180
2.568359
2.500000
2.548828
2.558594
2.529297
2.553711
2.558594
2.553711
2.543945
2.543945
2.548828
2.524414
2.534180
2.573242
2.563477
2.539062
2.568359
2.563477
2.539062
2.583008
2.534180
2.573242
2.548828
2.568359
2.553711
2.543945
2.558594
2.553711
2.524414
2.539062
2.524414
2.548828
2.524414
2.539062
2.524414
2.553711
2.563477
2.539062
2.543945
2.558594
2.548828
2.548828
2.558594
2.597656
2.558594
2.583008
2.583008
2.558594
2.583008
2.597656
2.597656
2.592773
2.573242
2.607422
2.587891
2.587891
2.568359
2.597656
2.578125
2.568359
2.587891
2.578125
2.587891
2.592773
2.602539
2.592773
2.568359
2.578125
2.607422
2.578125
2.563477
2.573242
2.597656
2.583008
2.553711
2.543945
2.539062
2.573242
2.543945
2.578125
2.543945
2.563477
2.563477
2.592773
2.563477
2.568359
2.548828
2.592773
2.597656
2.558594
2.563477
2.592773
2.602539
2.553711
2.563477
2.578125
2.578125
2.587891
2.558594
2.587891
2.568359
2.583008
2.534180
2.607422
2.553711
2.553711
2.558594
2.578125
2.553711
2.553711
2.587891
2.583008
2.553711
2.578125
2.553711
2.558594
2.543945
2.563477
2.553711
2.548828
2.553711
2.553711
2.553711
2.519531
2.504883
2.539062
2.509766
2.524414
2.539062
2.543945
2.573242
2.558594
2.573242
2.543945
2.558594
2.553711
2.548828
2.539062
2.539062
2.558594
2.578125
2.548828
2.573242
2.543945
2.553711
2.524414
2.524414
2.553711
2.558594
2.529297
2.529297
2.534180
2.529297
2.534180
2.519531
2.553711
2.558594
2.529297
2.573242
2.529297
2.514648
2.563477
2.543945
2.548828
2.553711
2.514648
2.529297
2.543945
2.519531
2.534180
2.563477
2.539062
2.553711
2.558594
2.543945
2.553711
2.607422
2.597656
2.587891
2.592773
2.553711
2.548828
2.592773
2.548828
2.519531
2.524414
2.519531
2.553711
2.543945
2.534180
2.529297
2.529297
2.548828
2.539062
2.543945
2.539062
2.558594
2.543945
2.529297
2.539062
2.558594
2.534180
2.539062
2.548828
2.548828
2.519531
2.524414
2.558594
2.534180
2.553711
2.553711
2.553711
2.558594
2.548828
2.558594
2.543945
2.558594
2.539062
2.553711
2.524414
2.539062
2.553711
2.553711
2.568359
2.607422
2.592773
2.587891
2.573242
2.558594
2.553711
2.534180
2.524414
2.529297
2.539062
2.539062
2.539062
2.504883
2.529297
2.519531
2.504883
2.524414
2.534180
2.534180
2.539062
2.519531
2.524414
2.543945
2.534180
2.534180
2.514648
2.534180
2.534180
2.504883
2.534180
2.524414
2.514648
2.553711
2.548828
2.553711
2.529297
2.553711
2.543945
2.543945
2.548828
2.514648
2.529297
2.534180
2.539062
2.543945
2.553711
2.548828
2.529297
2.543945
2.548828
2.553711
2.553711
2.568359
2.534180
2.563477
2.558594
2.490234
2.519531
2.553711
2.524414
2.558594
2.539062
2.558594
2.524414
2.553711
2.607422
2.529297
2.597656
2.543945
2.578125
2.583008
2.573242
2.563477
2.578125
2.568359
2.607422
2.592773
2.558594
2.573242
2.578125
2.553711
2.597656
2.558594
2.548828
2.573242
2.573242
2.578125
2.587891
2.563477
2.612305
2.568359
2.597656
2.607422
2.578125
2.573242
2.587891
2.558594
2.607422
2.563477
2.563477
2.573242
2.529297
2.529297
2.548828
2.519531
2.543945
2.509766
2.524414
2.539062
2.558594
2.573242
2.558594
2.583008
2.592773
2.587891
2.573242
2.592773
2.563477
2.543945
2.563477
2.548828
2.543945
2.597656
2.568359
2.587891
2.558594
2.578125
2.573242
2.534180
2.563477
2.587891
2.568359
2.524414
2.543945
2.578125
2.548828
2.578125
2.519531
2.597656
2.519531
2.583008
2.558594
2.548828
2.539062
2.563477
2.539062
2.534180
2.573242
2.539062
2.524414
2.495117
2.504883
2.539062
2.504883
2.514648
2.573242
2.563477
2.534180
2.543945
2.622070
2.563477
2.583008
2.539062
2.534180
2.573242
2.524414
2.568359
2.548828
2.553711
2.534180
2.558594
2.548828
2.543945
2.543945
2.534180
2.539062
2.568359
2.543945
2.553711
2.548828
2.548828
2.539062
2.548828
2.539062
2.539062
2.519531
2.524414
2.514648
2.529297
2.553711
2.543945
2.524414
2.524414
2.539062
2.524414
2.519531
2.519531
2.519531
2.543945
2.548828
2.553711
2.539062
2.539062
2.573242
2.587891
2.583008
2.558594
2.563477
2.587891
2.563477
2.568359
2.514648
2.553711
2.563477
2.519531
2.524414
2.534180
2.519531
2.539062
2.558594
2.553711
2.519531
2.534180
2.534180
2.519531
2.548828
2.519531
2.543945
2.539062
2.539062
2.539062
2.543945
2.519531
2.553711
2.539062
2.539062
2.553711
2.553711
2.568359
2.543945
2.539062
2.539062
2.548828
2.548828
2.553711
2.563477
2.558594
2.558594
2.534180
2.583008
2.563477
2.553711
2.553711
2.539062
2.543945
2.573242
2.514648
2.558594
2.534180
2.519531
2.534180
2.509766
2.514648
2.524414
2.495117
2.500000
2.539062
2.514648
2.534180
2.509766
2.524414
2.543945
2.539062
2.500000
2.534180
2.524414
2.524414
2.558594
2.534180
2.514648
2.539062
2.548828
2.524414
2.524414
2.524414
2.539062
2.534180
2.548828
2.543945
2.543945
2.543945
2.534180
2.534180
2.553711
2.563477
2.558594
2.534180
2.553711
2.563477
2.558594
2.553711
2.553711
2.524414
2.514648
2.539062
2.558594
2.534180
2.529297
2.509766
2.539062
2.548828
2.534180
2.539062
2.553711
2.534180
2.558594
2.558594
2.592773
2.578125
2.539062
2.558594
2.563477
2.578125
2.578125
2.607422
2.573242
2.568359
2.597656
2.573242
2.612305
2.597656
2.553711
2.578125
2.573242
2.587891
2.583008
2.558594
2.578125
2.587891
2.543945
2.607422
2.563477
2.602539
2.563477
2.612305
2.587891
2.558594
2.607422
2.592773
2.578125
2.553711
2.524414
2.548828
2.558594
2.534180
2.558594
2.553711
2.563477
2.578125
2.563477
2.543945
2.573242
2.607422
2.587891
2.578125
2.578125
2.563477
2.583008
2.612305
2.563477
2.543945
2.578125
2.578125
2.543945
2.568359
2.583008
2.568359
2.563477
2.573242
2.587891
2.563477
2.563477
2.563477
2.578125
2.529297
2.602539
2.539062
2.578125
2.563477
2.553711
2.534180
2.553711
2.558594
2.514648
2.548828
2.539062
2.539062
2.519531
2.534180
2.529297
2.558594
2.519531
2.514648
2.539062
2.534180
2.543945
2.553711
2.578125
2.548828
2.573242
2.558594
2.583008
2.553711
2.553711
2.573242
2.543945
2.553711
2.558594
2.539062
2.548828
2.548828
2.529297
2.539062
2.539062
2.529297
2.519531
2.553711
2.548828
2.534180
2.543945
2.534180
2.519531
2.539062
2.534180
2.529297
2.529297
2.539062
2.539062
2.519531
2.524414
2.509766
2.519531
2.519531
2.534180
2.534180
2.543945
2.543945
2.514648
2.543945
2.514648
2.524414
2.558594
2.573242
2.583008
2.587891
2.553711
2.568359
2.548828
2.558594
2.548828
2.573242
2.534180
2.539062
2.534180
2.558594
2.519531
2.534180
2.534180
2.548828
2.543945
2.553711
2.529297
2.529297
2.563477
2.543945
2.534180
2.519531
2.529297
2.553711
2.539062
2.543945
2.529297
2.529297
2.534180
2.558594
2.553711
2.553711
2.519531
2.534180
2.543945
2.543945
2.539062
2.543945
2.539062
2.548828
2.563477
2.524414
2.539062
2.553711
2.563477
2.583008
2.534180
2.573242
2.563477
2.558594
2.539062
2.543945
2.524414
2.519531
2.519531
2.504883
2.519531
2.524414
2.495117
2.514648
2.519531
2.524414
2.539062
2.534180
2.548828
2.504883
2.519531
2.543945
2.529297
2.539062
2.539062
2.534180
2.548828
2.539062
2.543945
2.543945
2.534180
2.524414
2.539062
2.534180
2.539062
2.553711
2.534180
2.534180
2.548828
2.573242
2.548828
2.519531
2.519531
2.519531
2.573242
2.548828
2.568359
2.553711
2.553711
2.578125
2.524414
2.548828
2.539062
2.548828
2.529297
2.524414
2.534180
2.539062
2.558594
2.539062
2.568359
2.509766
2.534180
2.578125
2.534180
2.558594
2.539062
2.583008
2.578125
2.553711
2.563477
2.568359
2.558594
2.568359
2.602539
2.583008
2.602539
2.568359
2.563477
2.592773
2.597656
2.578125
2.612305
2.607422
2.578125
2.587891
2.587891
2.592773
2.587891
2.597656
2.602539
2.587891
2.607422
2.597656
2.597656
2.602539
2.578125
2.587891
2.578125
2.548828
2.529297
2.548828
2.529297
2.539062
2.529297
2.578125
2.534180
2.592773
2.563477
2.587891
2.563477
2.573242
2.617188
2.597656
2.578125
2.583008
2.583008
2.563477
2.583008
2.548828
2.568359
2.568359
2.597656
2.558594
2.573242
2.553711
2.607422
2.563477
2.573242
2.573242
2.568359
2.558594
2.543945
2.558594
2.553711
2.583008
2.578125
2.563477
2.568359
2.548828
2.553711
2.534180
2.587891
2.543945
2.553711
2.583008
2.548828
2.558594
2.524414
2.524414
2.534180
2.563477
2.534180
2.539062
2.543945
2.543945
2.548828
2.563477
2.568359
2.553711
2.573242
2.548828
2.553711
2.558594
2.553711
2.543945
2.553711
2.553711
2.548828
2.534180
2.534180
2.563477
2.539062
2.539062
2.519531
2.543945
2.563477
2.534180
2.568359
2.543945
2.539062
2.548828
2.534180
2.543945
2.504883
2.529297
2.519531
2.524414
2.529297
2.558594
2.543945
2.548828
2.558594
2.529297
2.534180
2.529297
2.529297
2.514648
2.534180
2.543945
2.563477
2.563477
2.558594
2.583008
2.587891
2.607422
2.548828
2.583008
2.578125
2.563477
2.573242
2.529297
2.529297
2.553711
2.553711
2.563477
2.524414
2.558594
2.495117
2.529297
2.504883
2.519531
2.529297
2.543945
2.519531
2.529297
2.534180
2.539062
2.534180
2.553711
2.553711
2.529297
2.519531
2.543945
2.539062
2.529297
2.539062
2.534180
2.534180
2.534180
2.529297
2.568359
2.543945
2.563477
2.539062
2.519531
2.578125
2.563477
2.558594
2.558594
2.578125
2.592773
2.573242
2.568359
2.548828
2.553711
2.553711
2.534180
2.519531
2.534180
2.539062
2.529297
2.514648
2.534180
2.509766
2.509766
2.519531
2.514648
2.543945
2.524414
2.514648
2.534180
2.514648
2.514648
2.539062
2.500000
2.558594
2.543945
2.534180
2.534180
2.543945
2.539062
2.524414
2.519531
2.529297
2.543945
2.548828
2.553711
2.529297
2.519531
2.539062
2.529297
2.553711
2.539062
2.534180
2.534180
2.553711
2.543945
2.563477
2.534180
2.553711
2.553711
2.509766
2.539062
2.504883
2.539062
2.519531
2.548828
2.519531
2.548828
2.524414
2.543945
2.558594
2.543945
2.568359
2.548828
2.553711
2.563477
2.592773
2.587891
2.587891
2.597656
2.558594
2.583008
2.583008
2.573242
2.607422
2.602539
2.568359
2.587891
2.592773
2.587891
2.592773
2.563477
2.597656
2.587891
2.607422
2.573242
2.548828
2.587891
2.597656
2.587891
2.607422
2.607422
2.558594
2.597656
2.578125
2.607422
2.563477
2.548828
2.543945
2.553711
2.514648
2.543945
2.543945
2.563477
2.553711
2.583008
2.553711
2.597656
2.553711
2.583008
2.578125
2.583008
2.597656
2.563477
2.543945
2.592773
2.568359
2.553711
2.578125
2.583008
2.568359
2.578125
2.539062
2.563477
2.592773
2.573242
2.558594
2.578125
2.529297
2.573242
2.524414
2.578125
2.558594
2.543945
2.543945
2.539062
2.563477
2.529297
2.553711
2.553711
2.568359
2.543945
2.563477
2.543945
2.534180
2.563477
2.519531
2.524414
2.514648
2.500000
2.529297
2.539062
2.558594
2.553711
2.558594
2.553711
2.578125
2.539062
2.558594
2.553711
2.539062
2.543945
2.524414
2.563477
2.543945
2.563477
2.539062
2.529297
2.534180
2.558594
2.563477
2.543945
2.524414
2.524414
2.553711
2.529297
2.519531
2.539062
2.519531
2.543945
2.553711
2.553711
2.548828
2.509766
2.529297
2.519531
2.534180
2.553711
2.495117
2.509766
2.519531
2.529297
2.548828
2.519531
2.548828
2.534180
2.519531
2.539062
2.573242
2.563477
2.612305
2.583008
2.568359
2.563477
2.592773
2.553711
2.563477
2.573242
2.543945
2.539062
2.553711
2.524414
2.563477
2.543945
2.558594
2.534180
2.539062
2.563477
2.534180
2.514648
2.519531
2.519531
2.519531
2.519531
2.548828
2.509766
2.500000
2.514648
2.558594
2.524414
2.558594
2.553711
2.553711
2.534180
2.519531
2.553711
2.539062
2.553711
2.558594
2.529297
2.563477
2.558594
2.553711
2.548828
2.534180
2.553711
2.558594
2.587891
2.563477
2.583008
2.583008
2.563477
2.539062
2.558594
2.514648
2.514648
2.524414
2.514648
2.514648
2.475586
2.504883
2.529297
2.500000
2.519531
2.514648
2.539062
2.534180
2.524414
2.514648
2.509766
2.500000
2.500000
2.534180
2.509766
2.514648
2.534180
2.534180
2.539062
2.529297
2.529297
2.529297
2.534180
2.524414
2.524414
2.543945
2.524414
2.519531
2.534180
2.543945
2.534180
2.543945
2.543945
2.563477
2.558594
2.548828
2.534180
2.573242
2.578125
2.578125
