1.767578
1.518555
1.245117
1.025391
0.927734
0.898438
1.035156
1.259766
1.586914
2.084961
2.641602
3.208008
3.793945
4.326172
4.799805
5.122070
5.253906
5.244141
5.029297
4.638672
4.072266
3.457031
2.753906
1.992188
1.323242
0.698242
0.268555
-0.063477
-0.151367
-0.117188
0.102539
0.522461
1.015625
1.591797
2.128906
2.753906
3.242188
3.710938
3.959961
4.189453
4.228516
4.150391
4.038086
3.764648
3.510742
3.159180
2.856445
2.666016
2.553711
2.539062
2.597656
2.568359
2.578125
2.597656
2.553711
2.509766
2.563477
2.524414
2.543945
2.514648
2.543945
2.548828
2.558594
2.509766
2.524414
2.548828
2.500000
2.539062
2.529297
2.519531
2.553711
2.539062
2.509766
2.534180
2.543945
2.519531
2.539062
2.529297
2.519531
2.529297
2.563477
2.568359
2.529297
2.543945
2.509766
2.553711
2.558594
2.539062
2.514648
2.529297
2.519531
2.543945
2.539062
2.563477
2.529297
2.534180
2.553711
2.534180
2.519531
2.548828
2.563477
2.539062
2.524414
2.558594
2.529297
2.534180
2.514648
2.504883
2.543945
2.548828
2.519531
2.543945
2.529297
2.529297
2.563477
2.568359
2.539062
2.563477
2.587891
2.578125
2.573242
2.568359
2.548828
2.558594
2.587891
2.573242
2.573242
2.568359
2.558594
2.578125
2.617188
2.583008
2.573242
2.563477
2.583008
2.602539
2.563477
2.592773
2.573242
2.558594
2.563477
2.592773
2.578125
2.568359
2.587891
2.558594
2.592773
2.563477
2.592773
2.587891
2.539062
2.543945
2.519531
2.539062
2.539062
2.563477
2.529297
2.543945
2.563477
2.543945
2.563477
2.602539
2.597656
2.578125
2.587891
2.553711
2.548828
2.592773
2.543945
2.539062
2.587891
2.539062
2.573242
2.568359
2.563477
2.602539
2.519531
2.543945
2.519531
2.583008
2.519531
2.543945
2.539062
2.558594
2.543945
2.524414
2.573242
2.578125
2.534180
2.548828
2.553711
2.543945
2.558594
2.539062
2.539062
2.558594
2.539062
2.543945
2.509766
2.524414
2.509766
2.568359
2.500000
2.519531
2.563477
2.519531
2.573242
2.548828
2.534180
2.553711
2.558594
2.548828
2.539062
2.543945
2.539062
2.548828
2.543945
2.553711
2.553711
2.534180
2.548828
2.504883
2.524414
2.509766
2.543945
2.529297
2.539062
2.514648
2.529297
2.529297
2.524414
2.548828
2.534180
2.534180
2.558594
2.500000
2.534180
2.534180
2.558594
2.534180
2.534180
2.563477
2.504883
2.534180
2.529297
2.524414
2.519531
2.539062
2.514648
2.539062
2.558594
2.578125
2.553711
2.558594
2.568359
2.607422
2.573242
2.563477
2.558594
2.548828
2.553711
2.543945
2.539062
2.563477
2.529297
2.529297
2.524414
2.543945
2.548828
2.500000
2.558594
2.548828
2.553711
2.534180
2.529297
2.543945
2.519531
2.539062
2.514648
2.534180
2.553711
2.514648
2.543945
2.529297
2.543945
2.539062
2.519531
2.534180
2.539062
2.563477
2.529297
2.553711
2.553711
2.563477
2.539062
2.558594
2.573242
2.519531
2.529297
2.553711
2.573242
2.553711
2.568359
2.548828
2.563477
2.500000
2.568359
2.519531
2.500000
2.519531
2.495117
2.504883
2.514648
2.495117
2.519531
2.509766
2.548828
2.539062
2.529297
2.534180
2.529297
2.539062
2.539062
2.519531
2.534180
2.534180
2.514648
2.524414
2.539062
2.500000
2.509766
2.519531
2.553711
2.543945
2.539062
2.529297
2.543945
2.529297
2.548828
2.558594
2.553711
2.534180
2.563477
2.558594
2.524414
2.548828
2.548828
2.534180
2.563477
2.543945
2.529297
2.543945
2.558594
2.548828
2.553711
2.519531
2.529297
2.553711
2.553711
2.563477
2.534180
2.509766
2.568359
2.563477
2.568359
2.558594
2.568359
2.553711
2.548828
2.534180
2.553711
2.558594
2.553711
2.578125
2.553711
2.587891
2.578125
2.592773
2.568359
2.563477
2.573242
2.607422
2.587891
2.583008
2.578125
2.563477
2.539062
2.583008
2.597656
2.553711
2.578125
2.573242
2.553711
2.543945
2.592773
2.592773
2.592773
2.568359
2.563477
2.573242
2.548828
2.548828
2.514648
2.553711
2.539062
2.568359
2.553711
2.543945
2.573242
2.578125
2.539062
2.573242
2.543945
2.539062
2.558594
2.558594
2.583008
2.578125
2.543945
2.563477
2.583008
2.558594
2.553711
2.578125
2.539062
2.573242
2.568359
2.558594
2.553711
2.543945
2.568359
2.543945
2.558594
2.529297
2.587891
2.534180
2.568359
2.534180
2.553711
2.583008
2.534180
2.553711
2.548828
2.519531
2.553711
2.553711
2.563477
2.504883
2.578125
2.490234
2.490234
2.519531
2.514648
2.553711
2.534180
2.543945
2.568359
2.524414
2.539062
2.500000
2.548828
2.568359
2.519531
2.558594
2.534180
2.543945
2.534180
2.548828
2.529297
2.539062
2.548828
2.558594
2.534180
2.524414
2.519531
2.524414
2.534180
2.524414
2.524414
2.534180
2.539062
2.519531
2.539062
2.539062
2.539062
2.534180
2.543945
2.543945
2.524414
2.529297
2.563477
2.548828
2.485352
2.514648
2.514648
2.539062
2.524414
2.519531
2.543945
2.539062
2.543945
2.558594
2.578125
2.534180
2.539062
2.583008
2.563477
2.578125
2.573242
2.539062
2.553711
2.534180
2.543945
2.504883
2.509766
2.543945
2.504883
2.534180
2.514648
2.529297
2.509766
2.534180
2.573242
2.553711
2.534180
2.509766
2.529297
2.553711
2.548828
2.539062
2.539062
2.524414
2.548828
2.514648
2.534180
2.534180
2.543945
2.539062
2.539062
2.543945
2.553711
2.529297
2.539062
2.539062
2.539062
2.553711
2.548828
2.539062
2.553711
2.563477
2.602539
2.583008
2.602539
2.563477
2.539062
2.534180
2.573242
2.509766
2.529297
2.500000
2.504883
2.514648
2.500000
2.485352
2.509766
2.524414
2.500000
2.539062
2.509766
2.514648
2.495117
2.524414
2.524414
2.519531
2.514648
2.524414
2.509766
2.514648
2.558594
2.504883
2.534180
2.524414
2.548828
2.539062
2.573242
2.539062
2.553711
2.514648
2.539062
2.539062
2.539062
2.543945
2.548828
2.558594
2.514648
2.578125
2.534180
2.534180
2.529297
2.548828
2.558594
2.539062
2.568359
2.543945
2.524414
2.500000
2.539062
2.568359
2.519531
2.543945
2.514648
2.524414
2.563477
2.539062
2.573242
2.558594
2.529297
2.578125
2.558594
2.553711
2.573242
2.568359
2.578125
2.592773
2.568359
2.548828
2.587891
2.578125
2.592773
2.553711
2.563477
2.553711
2.587891
2.612305
2.548828
2.597656
2.587891
2.548828
2.587891
2.592773
2.583008
2.558594
2.558594
2.573242
2.592773
2.529297
2.602539
2.573242
2.578125
2.583008
2.563477
2.500000
2.504883
2.529297
2.543945
2.563477
2.573242
2.529297
2.548828
2.514648
2.539062
2.543945
2.524414
2.543945
2.587891
2.543945
2.573242
2.573242
2.543945
2.558594
2.548828
2.563477
2.534180
2.548828
2.583008
2.573242
2.529297
2.568359
2.583008
2.573242
2.524414
2.578125
2.563477
2.548828
2.534180
2.563477
2.553711
2.558594
2.553711
2.563477
2.543945
2.519531
2.583008
2.534180
2.563477
2.553711
2.548828
2.548828
2.558594
2.548828
2.524414
2.509766
2.543945
2.514648
2.534180
2.534180
2.553711
2.529297
2.563477
2.539062
2.548828
2.529297
2.543945
2.534180
2.524414
2.553711
2.539062
2.543945
2.529297
2.558594
2.553711
2.534180
2.553711
2.529297
2.539062
2.514648
2.543945
2.509766
2.543945
2.529297
2.534180
2.529297
2.529297
2.529297
2.539062
2.519531
2.548828
2.539062
2.534180
2.524414
2.524414
2.504883
2.539062
2.553711
2.529297
2.524414
2.514648
2.509766
2.558594
2.519531
2.524414
2.548828
2.563477
2.558594
2.568359
2.607422
2.539062
2.578125
2.563477
2.514648
2.553711
2.543945
2.553711
2.553711
2.534180
2.524414
2.553711
2.519531
2.548828
2.514648
2.519531
2.543945
2.543945
2.514648
2.529297
2.509766
2.534180
2.573242
2.509766
2.529297
2.519531
2.553711
2.539062
2.529297
2.548828
2.514648
2.519531
2.539062
2.529297
2.519531
2.543945
2.534180
2.558594
2.548828
2.534180
2.534180
2.548828
2.543945
2.539062
2.529297
2.553711
2.602539
2.587891
2.548828
2.543945
2.500000
2.504883
2.548828
2.509766
2.500000
2.514648
2.485352
2.514648
2.509766
2.500000
2.529297
2.519531
2.514648
2.524414
2.524414
2.500000
2.543945
2.500000
2.524414
2.539062
2.553711
2.519531
2.558594
2.495117
2.514648
2.539062
2.529297
2.529297
2.529297
2.539062
2.529297
2.519531
2.539062
2.514648
2.524414
2.519531
2.500000
2.539062
2.543945
2.509766
2.553711
2.553711
2.519531
2.514648
2.548828
2.558594
2.529297
2.524414
2.500000
2.529297
2.529297
2.534180
2.529297
2.543945
2.490234
2.534180
2.524414
2.543945
2.558594
2.563477
2.563477
2.558594
2.587891
2.553711
2.592773
2.597656
2.578125
2.573242
2.578125
2.563477
2.607422
2.587891
2.583008
2.553711
2.573242
2.573242
2.583008
2.563477
2.553711
2.558594
2.602539
2.583008
2.592773
2.553711
2.558594
2.563477
2.583008
2.587891
2.563477
2.592773
2.553711
2.578125
2.578125
2.592773
2.563477
2.534180
2.548828
2.519531
2.539062
2.543945
2.519531
2.558594
2.534180
2.578125
2.553711
2.563477
2.548828
2.587891
2.573242
2.553711
2.563477
2.553711
2.563477
2.573242
2.519531
2.597656
2.573242
2.553711
2.539062
2.583008
2.514648
2.592773
2.553711
2.534180
2.573242
2.573242
2.543945
2.558594
2.534180
2.568359
2.539062
2.563477
2.529297
2.583008
2.529297
2.534180
2.534180
2.539062
2.543945
2.543945
2.558594
2.529297
2.534180
2.563477
2.504883
2.514648
2.465820
2.500000
2.514648
2.509766
2.534180
2.524414
2.529297
2.548828
2.529297
2.578125
2.548828
2.543945
2.529297
2.578125
2.543945
2.573242
2.539062
2.548828
2.543945
2.553711
2.563477
2.553711
2.543945
2.543945
2.548828
2.563477
2.529297
2.534180
2.509766
2.509766
2.553711
2.514648
2.539062
2.519531
2.519531
2.529297
2.529297
2.539062
2.524414
2.529297
2.500000
2.509766
2.553711
2.509766
2.558594
2.509766
2.529297
2.504883
2.514648
2.524414
2.539062
2.573242
2.543945
2.539062
2.602539
2.543945
2.558594
2.587891
2.534180
2.543945
2.568359
2.543945
2.558594
2.534180
2.548828
2.548828
2.524414
2.568359
2.524414
2.539062
2.563477
2.534180
2.524414
2.548828
2.539062
2.529297
2.534180
2.500000
2.553711
2.519531
2.543945
2.509766
2.548828
2.529297
2.553711
2.558594
2.548828
2.553711
2.539062
2.539062
2.563477
2.529297
2.583008
2.529297
2.539062
2.558594
2.534180
2.553711
2.534180
2.587891
2.578125
2.592773
2.539062
2.558594
2.558594
2.539062
2.524414
2.519531
2.509766
2.500000
2.514648
2.524414
2.524414
2.514648
2.504883
2.509766
2.485352
2.514648
2.495117
2.500000
2.529297
2.543945
2.514648
2.529297
2.563477
2.504883
2.534180
2.534180
2.529297
2.529297
2.504883
2.543945
2.519531
2.578125
2.558594
2.529297
2.534180
2.509766
2.534180
2.553711
2.534180
2.480469
2.534180
2.553711
2.509766
2.519531
2.543945
2.509766
2.543945
2.558594
2.524414
2.558594
2.524414
2.534180
2.519531
2.553711
2.514648
2.529297
2.514648
2.553711
2.534180
2.558594
2.548828
2.573242
2.504883
2.563477
2.539062
2.587891
2.573242
2.543945
2.592773
2.597656
2.578125
2.563477
2.592773
2.592773
2.602539
2.607422
2.592773
2.563477
2.563477
2.568359
2.597656
2.553711
2.553711
2.578125
2.573242
2.568359
2.592773
2.563477
2.592773
2.563477
2.587891
2.587891
2.558594
2.553711
2.607422
2.543945
2.612305
2.534180
2.534180
2.543945
2.553711
2.539062
2.509766
2.563477
2.529297
2.539062
2.568359
2.568359
2.578125
2.563477
2.553711
2.563477
2.558594
2.597656
2.548828
2.592773
2.573242
2.558594
2.578125
2.578125
2.592773
2.573242
2.568359
2.539062
2.583008
2.558594
2.558594
2.583008
2.534180
2.578125
2.519531
2.539062
2.583008
2.563477
2.587891
2.519531
2.534180
2.592773
2.548828
2.597656
2.563477
2.534180
2.568359
2.553711
2.548828
2.548828
2.539062
2.539062
2.509766
2.519531
2.558594
2.514648
2.534180
2.539062
2.573242
2.573242
2.553711
2.539062
2.548828
2.543945
2.519531
2.548828
2.558594
2.548828
2.539062
2.543945
2.558594
2.524414
2.558594
2.543945
2.539062
2.539062
2.524414
2.553711
2.534180
2.539062
2.534180
2.519531
2.553711
2.529297
2.524414
2.534180
2.539062
2.548828
2.534180
2.514648
2.553711
2.500000
2.519531
2.504883
2.548828
2.543945
2.553711
2.568359
2.534180
2.539062
2.524414
2.558594
2.548828
2.553711
2.578125
2.558594
2.558594
2.568359
2.563477
2.578125
2.573242
2.553711
2.543945
2.553711
2.558594
2.529297
2.548828
2.553711
2.558594
2.558594
2.548828
2.548828
2.500000
2.529297
2.558594
2.534180
2.514648
2.543945
2.558594
2.504883
2.539062
2.553711
2.543945
2.539062
2.524414
2.534180
2.558594
2.519531
2.539062
2.543945
2.543945
2.504883
2.583008
2.524414
2.563477
2.543945
2.524414
2.539062
2.543945
2.587891
2.543945
2.539062
2.583008
2.553711
2.592773
2.563477
2.534180
2.509766
2.534180
2.519531
2.534180
2.495117
2.509766
2.524414
2.534180
2.543945
2.480469
2.519531
2.509766
2.534180
2.509766
2.514648
2.543945
2.529297
2.553711
2.500000
2.534180
2.578125
2.524414
2.519531
2.553711
2.529297
2.543945
2.539062
2.504883
2.529297
2.529297
2.563477
2.543945
2.529297
2.548828
2.543945
2.529297
2.534180
2.539062
2.553711
2.543945
2.558594
2.573242
2.573242
2.558594
2.534180
2.558594
2.529297
2.534180
2.529297
2.539062
2.543945
2.539062
2.524414
2.534180
2.539062
2.558594
2.495117
2.543945
2.534180
2.539062
2.543945
2.563477
2.548828
2.563477
2.592773
2.597656
2.578125
2.587891
2.592773
2.587891
2.573242
2.548828
2.563477
2.573242
2.587891
2.563477
2.558594
2.563477
2.543945
2.592773
2.524414
2.558594
2.583008
2.583008
2.558594
2.602539
2.597656
2.583008
2.578125
2.602539
2.583008
2.597656
2.587891
2.578125
2.558594
2.553711
2.534180
2.514648
2.558594
2.548828
2.558594
2.539062
2.563477
2.587891
2.543945
2.558594
2.558594
2.514648
2.587891
2.573242
2.563477
2.578125
2.553711
2.548828
2.587891
2.558594
2.534180
2.583008
2.578125
2.524414
2.568359
2.558594
2.563477
2.568359
2.563477
2.534180
2.578125
2.539062
2.568359
2.587891
2.504883
2.573242
2.558594
2.539062
2.548828
2.548828
2.548828
2.543945
2.548828
2.529297
2.543945
2.548828
2.524414
2.548828
2.539062
2.495117
2.534180
2.534180
2.539062
2.548828
2.578125
2.539062
2.563477
2.587891
2.534180
2.524414
2.563477
2.548828
2.553711
2.509766
2.534180
2.553711
2.534180
2.553711
2.553711
2.509766
2.553711
2.578125
2.534180
2.534180
2.558594
2.529297
2.509766
2.539062
2.539062
2.539062
2.539062
2.539062
2.529297
2.558594
2.509766
2.553711
2.539062
2.543945
2.495117
2.529297
2.543945
2.519531
2.524414
2.519531
2.563477
2.548828
2.539062
2.534180
2.543945
2.543945
2.587891
2.592773
2.573242
2.558594
2.553711
2.573242
2.543945
2.568359
2.539062
2.543945
2.539062
2.524414
2.524414
2.553711
2.553711
2.519531
2.578125
2.519531
2.553711
2.558594
2.529297
2.543945
2.519531
2.558594
2.534180
2.548828
2.553711
2.539062
2.529297
2.509766
2.534180
2.509766
2.524414
2.529297
2.543945
2.534180
2.558594
2.558594
2.534180
2.543945
2.543945
2.548828
2.558594
2.539062
2.548828
2.563477
2.563477
2.568359
2.539062
2.578125
2.597656
2.568359
2.573242
2.500000
2.563477
2.524414
2.500000
2.500000
2.529297
2.519531
2.500000
2.524414
2.524414
2.519531
2.543945
2.524414
2.524414
2.519531
2.514648
2.504883
2.534180
2.539062
2.490234
2.534180
2.539062
2.534180
2.504883
2.534180
2.539062
2.529297
2.524414
2.548828
2.543945
2.524414
2.543945
2.529297
2.543945
2.529297
2.543945
2.529297
2.529297
2.558594
2.563477
2.558594
2.548828
2.558594
2.539062
2.548828
2.558594
2.558594
2.558594
2.553711
2.534180
2.509766
2.543945
2.558594
2.524414
2.514648
2.539062
2.534180
2.563477
2.529297
2.563477
2.548828
2.553711
2.568359
2.573242
2.539062
2.583008
2.597656
2.568359
2.548828
2.558594
2.573242
2.578125
2.573242
2.539062
2.583008
2.524414
2.539062
2.617188
2.558594
2.597656
2.553711
2.578125
2.592773
2.597656
2.583008
2.597656
2.573242
2.553711
2.592773
2.548828
2.587891
2.583008
2.583008
2.578125
2.553711
2.553711
2.539062
2.534180
2.548828
2.524414
2.543945
2.524414
2.592773
2.539062
2.543945
2.568359
2.534180
2.573242
2.558594
2.568359
2.563477
2.578125
2.587891
2.578125
2.558594
2.558594
2.553711
2.592773
2.509766
2.558594
2.602539
2.568359
2.548828
2.543945
2.524414
2.553711
2.587891
2.553711
2.534180
2.548828
2.519531
2.573242
2.548828
2.534180
2.573242
2.529297
2.568359
2.524414
2.573242
2.543945
2.553711
2.534180
2.534180
2.514648
2.495117
2.514648
2.509766
2.534180
2.548828
2.514648
2.543945
2.539062
2.602539
2.553711
2.524414
2.563477
2.529297
2.558594
2.543945
2.543945
2.539062
2.548828
2.548828
2.539062
2.534180
2.539062
2.529297
2.553711
2.534180
2.534180
2.543945
2.548828
2.514648
2.529297
2.529297
2.519531
2.539062
2.539062
2.548828
2.514648
2.539062
2.485352
2.529297
2.539062
2.553711
2.539062
2.514648
2.509766
2.524414
2.514648
2.543945
2.524414
2.519531
2.558594
2.514648
2.563477
2.548828
2.553711
2.602539
2.543945
2.563477
2.583008
2.534180
2.563477
2.558594
2.563477
2.534180
2.539062
2.558594
2.524414
2.543945
2.539062
2.519531
2.519531
2.548828
2.509766
2.539062
2.543945
2.529297
2.563477
2.543945
2.573242
2.539062
2.534180
2.548828
2.543945
2.519531
2.529297
2.539062
2.524414
2.524414
2.529297
2.563477
2.543945
2.573242
2.539062
2.558594
2.534180
2.534180
2.553711
2.543945
2.553711
2.534180
2.534180
2.539062
2.563477
2.597656
2.602539
2.563477
2.534180
2.519531
2.519531
2.539062
2.524414
2.539062
2.514648
2.548828
2.500000
2.524414
2.534180
2.485352
2.534180
2.509766
2.514648
2.524414
2.529297
2.509766
2.519531
2.470703
2.504883
2.539062
2.514648
2.534180
2.553711
2.548828
2.539062
2.543945
2.543945
2.548828
2.534180
2.534180
2.529297
2.539062
2.524414
2.543945
2.573242
2.519531
2.548828
2.548828
2.539062
2.543945
2.524414
2.534180
2.558594
2.558594
2.548828
2.553711
2.543945
2.524414
2.524414
2.514648
2.509766
2.524414
2.539062
2.524414
2.558594
2.529297
2.553711
2.539062
2.548828
2.534180
2.553711
2.548828
2.563477
2.578125
2.568359
2.558594
2.587891
2.534180
2.592773
2.578125
2.602539
2.592773
2.543945
2.573242
2.597656
2.592773
2.587891
2.617188
2.602539
2.578125
2.578125
2.548828
2.578125
2.539062
2.558594
2.573242
2.573242
2.568359
2.602539
2.607422
2.597656
2.573242
2.568359
2.602539
2.558594
2.539062
2.519531
2.553711
2.534180
2.548828
2.563477
2.568359
2.529297
2.583008
2.587891
2.568359
2.587891
2.558594
2.548828
2.558594
2.558594
2.548828
2.568359
2.587891
2.553711
2.568359
2.539062
2.587891
2.578125
2.563477
2.568359
2.543945
2.583008
2.563477
2.514648
2.587891
2.573242
2.548828
2.578125
2.539062
2.558594
2.534180
2.607422
2.543945
2.573242
2.529297
2.563477
2.553711
2.519531
2.548828
2.543945
2.578125
2.543945
2.548828
2.504883
2.519531
2.500000
2.534180
2.519531
2.539062
2.563477
2.558594
2.563477
2.553711
2.543945
2.563477
2.563477
2.543945
2.539062
2.558594
2.543945
2.539062
2.524414
2.519531
2.534180
2.514648
2.539062
2.543945
2.553711
2.524414
2.534180
2.543945
2.519531
2.534180
2.548828
2.548828
2.553711
2.519531
2.548828
2.509766
2.509766
2.534180
2.519531
2.514648
2.543945
2.534180
2.524414
2.524414
2.519531
2.529297
2.534180
2.553711
2.529297
2.509766
2.563477
2.539062
2.587891
2.568359
2.578125
2.578125
2.548828
2.543945
2.558594
2.553711
2.548828
2.558594
2.587891
2.539062
2.553711
2.548828
2.514648
2.548828
2.563477
2.514648
2.573242
2.509766
2.543945
2.524414
2.529297
2.543945
2.519531
2.524414
2.524414
2.539062
2.539062
2.529297
2.558594
2.543945
2.539062
2.543945
2.514648
2.519531
2.563477
2.548828
2.573242
2.568359
2.534180
2.534180
2.539062
2.563477
2.539062
2.553711
