1.875000
1.552734
1.284180
1.020508
0.932617
0.888672
0.976562
1.152344
1.503906
1.943359
2.485352
3.076172
3.657227
4.218750
4.663086
5.004883
5.190430
5.249023
5.092773
4.736328
4.252930
3.593750
2.910156
2.192383
1.489258
0.844727
0.356445
-0.004883
-0.141602
-0.166016
0.053711
0.415039
0.869141
1.435547
2.001953
2.636719
3.129883
3.574219
3.901367
4.135742
4.238281
4.189453
4.062500
3.828125
3.574219
3.261719
2.919922
2.685547
2.568359
2.587891
2.563477
2.573242
2.563477
2.568359
2.534180
2.534180
2.534180
2.529297
2.548828
2.529297
2.534180
2.534180
2.534180
2.495117
2.514648
2.534180
2.514648
2.534180
2.534180
2.534180
2.543945
2.514648
2.543945
2.548828
2.558594
2.495117
2.563477
2.534180
2.519531
2.529297
2.529297
2.534180
2.539062
2.558594
2.534180
2.543945
2.553711
2.558594
2.568359
2.500000
2.553711
2.519531
2.543945
2.548828
2.514648
2.563477
2.543945
2.514648
2.573242
2.548828
2.558594
2.543945
2.524414
2.568359
2.548828
2.524414
2.524414
2.519531
2.509766
2.563477
2.509766
2.543945
2.543945
2.529297
2.553711
2.548828
2.583008
2.568359
2.563477
2.563477
2.543945
2.539062
2.568359
2.568359
2.583008
2.568359
2.563477
2.563477
2.563477
2.597656
2.568359
2.592773
2.543945
2.539062
2.558594
2.578125
2.578125
2.568359
2.573242
2.612305
2.602539
2.563477
2.563477
2.563477
2.573242
2.563477
2.568359
2.587891
2.548828
2.534180
2.519531
2.519531
2.524414
2.534180
2.558594
2.563477
2.553711
2.573242
2.568359
2.543945
2.578125
2.534180
2.563477
2.548828
2.597656
2.573242
2.563477
2.519531
2.543945
2.563477
2.553711
2.583008
2.592773
2.553711
2.548828
2.592773
2.573242
2.563477
2.573242
2.568359
2.568359
2.563477
2.553711
2.568359
2.539062
2.534180
2.548828
2.543945
2.573242
2.534180
2.558594
2.534180
2.558594
2.539062
2.558594
2.539062
2.534180
2.543945
2.539062
2.534180
2.519531
2.519531
2.543945
2.500000
2.568359
2.553711
2.558594
2.583008
2.543945
2.543945
2.573242
2.553711
2.553711
2.548828
2.539062
2.543945
2.529297
2.558594
2.553711
2.553711
2.529297
2.539062
2.553711
2.514648
2.534180
2.529297
2.524414
2.529297
2.529297
2.548828
2.543945
2.539062
2.573242
2.548828
2.529297
2.539062
2.524414
2.539062
2.514648
2.539062
2.543945
2.524414
2.529297
2.539062
2.524414
2.524414
2.524414
2.553711
2.548828
2.543945
2.573242
2.558594
2.587891
2.563477
2.597656
2.578125
2.563477
2.553711
2.539062
2.543945
2.553711
2.553711
2.519531
2.539062
2.534180
2.548828
2.519531
2.553711
2.548828
2.514648
2.539062
2.553711
2.534180
2.539062
2.548828
2.534180
2.539062
2.539062
2.529297
2.524414
2.539062
2.519531
2.553711
2.558594
2.534180
2.553711
2.524414
2.558594
2.553711
2.539062
2.543945
2.578125
2.558594
2.548828
2.548828
2.563477
2.539062
2.558594
2.563477
2.563477
2.587891
2.587891
2.568359
2.543945
2.548828
2.514648
2.519531
2.529297
2.485352
2.539062
2.519531
2.534180
2.514648
2.519531
2.495117
2.534180
2.534180
2.529297
2.514648
2.509766
2.539062
2.534180
2.558594
2.500000
2.583008
2.504883
2.558594
2.485352
2.553711
2.539062
2.543945
2.529297
2.534180
2.558594
2.548828
2.539062
2.543945
2.519531
2.553711
2.543945
2.543945
2.548828
2.514648
2.543945
2.524414
2.548828
2.573242
2.553711
2.558594
2.543945
2.543945
2.539062
2.539062
2.534180
2.539062
2.495117
2.500000
2.519531
2.558594
2.563477
2.539062
2.568359
2.519531
2.558594
2.558594
2.548828
2.578125
2.558594
2.519531
2.573242
2.563477
2.573242
2.548828
2.529297
2.568359
2.568359
2.587891
2.573242
2.592773
2.592773
2.592773
2.587891
2.568359
2.612305
2.539062
2.563477
2.602539
2.583008
2.563477
2.587891
2.548828
2.607422
2.587891
2.563477
2.553711
2.617188
2.553711
2.563477
2.563477
2.524414
2.543945
2.500000
2.534180
2.553711
2.553711
2.563477
2.553711
2.543945
2.568359
2.553711
2.558594
2.563477
2.543945
2.592773
2.553711
2.583008
2.558594
2.563477
2.578125
2.563477
2.553711
2.548828
2.558594
2.534180
2.578125
2.583008
2.568359
2.534180
2.548828
2.548828
2.539062
2.587891
2.573242
2.558594
2.563477
2.524414
2.578125
2.543945
2.553711
2.534180
2.568359
2.539062
2.548828
2.553711
2.558594
2.548828
2.543945
2.539062
2.524414
2.524414
2.514648
2.509766
2.534180
2.543945
2.568359
2.553711
2.534180
2.534180
2.543945
2.543945
2.558594
2.558594
2.553711
2.539062
2.548828
2.529297
2.558594
2.529297
2.534180
2.539062
2.534180
2.558594
2.553711
2.534180
2.514648
2.524414
2.534180
2.553711
2.509766
2.529297
2.509766
2.539062
2.548828
2.558594
2.519531
2.524414
2.519531
2.534180
2.558594
2.548828
2.539062
2.534180
2.500000
2.529297
2.514648
2.558594
2.553711
2.514648
2.519531
2.548828
2.548828
2.573242
2.558594
2.563477
2.587891
2.573242
2.558594
2.548828
2.553711
2.553711
2.563477
2.573242
2.553711
2.543945
2.519531
2.514648
2.529297
2.563477
2.548828
2.539062
2.558594
2.548828
2.548828
2.568359
2.509766
2.578125
2.514648
2.524414
2.534180
2.534180
2.553711
2.534180
2.504883
2.573242
2.553711
2.548828
2.529297
2.524414
2.543945
2.553711
2.539062
2.553711
2.529297
2.524414
2.548828
2.524414
2.539062
2.568359
2.529297
2.573242
2.558594
2.558594
2.568359
2.558594
2.553711
2.509766
2.539062
2.509766
2.519531
2.534180
2.514648
2.500000
2.490234
2.539062
2.495117
2.509766
2.519531
2.539062
2.534180
2.514648
2.534180
2.563477
2.524414
2.539062
2.514648
2.519531
2.514648
2.524414
2.543945
2.485352
2.534180
2.524414
2.539062
2.543945
2.514648
2.519531
2.519531
2.529297
2.519531
2.524414
2.543945
2.534180
2.543945
2.529297
2.539062
2.524414
2.524414
2.543945
2.539062
2.568359
2.539062
2.529297
2.514648
2.548828
2.524414
2.504883
2.519531
2.539062
2.514648
2.553711
2.578125
2.539062
2.553711
2.553711
2.578125
2.514648
2.563477
2.573242
2.558594
2.553711
2.563477
2.568359
2.587891
2.573242
2.578125
2.587891
2.563477
2.563477
2.573242
2.558594
2.563477
2.587891
2.592773
2.583008
2.568359
2.578125
2.563477
2.539062
2.543945
2.563477
2.568359
2.578125
2.583008
2.539062
2.587891
2.529297
2.578125
2.558594
2.558594
2.539062
2.514648
2.514648
2.529297
2.563477
2.543945
2.539062
2.543945
2.539062
2.563477
2.534180
2.553711
2.587891
2.578125
2.548828
2.592773
2.583008
2.568359
2.592773
2.553711
2.563477
2.558594
2.539062
2.583008
2.539062
2.543945
2.578125
2.548828
2.563477
2.568359
2.558594
2.587891
2.509766
2.583008
2.548828
2.573242
2.553711
2.534180
2.539062
2.539062
2.539062
2.578125
2.539062
2.558594
2.519531
2.583008
2.539062
2.524414
2.534180
2.500000
2.509766
2.519531
2.529297
2.553711
2.539062
2.568359
2.548828
2.534180
2.563477
2.563477
2.543945
2.548828
2.558594
2.534180
2.558594
2.558594
2.553711
2.529297
2.553711
2.534180
2.558594
2.529297
2.529297
2.548828
2.519531
2.553711
2.519531
2.553711
2.519531
2.519531
2.534180
2.509766
2.539062
2.534180
2.529297
2.514648
2.519531
2.539062
2.539062
2.539062
2.558594
2.504883
2.480469
2.495117
2.524414
2.519531
2.539062
2.539062
2.519531
2.543945
2.539062
2.558594
2.597656
2.573242
2.558594
2.573242
2.514648
2.602539
2.548828
2.539062
2.563477
2.514648
2.534180
2.539062
2.534180
2.529297
2.534180
2.519531
2.514648
2.543945
2.519531
2.529297
2.534180
2.524414
2.529297
2.539062
2.563477
2.524414
2.568359
2.543945
2.539062
2.558594
2.543945
2.539062
2.529297
2.519531
2.539062
2.509766
2.558594
2.539062
2.524414
2.553711
2.543945
2.548828
2.539062
2.563477
2.529297
2.539062
2.543945
2.563477
2.573242
2.563477
2.539062
2.539062
2.534180
2.558594
2.553711
2.485352
2.534180
2.509766
2.529297
2.529297
2.534180
2.539062
2.548828
2.519531
2.500000
2.529297
2.534180
2.534180
2.519531
2.543945
2.534180
2.539062
2.548828
2.558594
2.524414
2.553711
2.539062
2.529297
2.548828
2.524414
2.539062
2.534180
2.553711
2.529297
2.553711
2.548828
2.524414
2.539062
2.558594
2.543945
2.563477
2.524414
2.534180
2.524414
2.539062
2.539062
2.543945
2.539062
2.563477
2.548828
2.529297
2.553711
2.539062
2.534180
2.553711
2.529297
2.509766
2.568359
2.534180
2.563477
2.568359
2.578125
2.553711
2.524414
2.573242
2.592773
2.539062
2.543945
2.568359
2.573242
2.602539
2.617188
2.534180
2.563477
2.587891
2.578125
2.568359
2.563477
2.573242
2.587891
2.597656
2.607422
2.548828
2.617188
2.543945
2.583008
2.543945
2.553711
2.592773
2.563477
2.573242
2.548828
2.568359
2.563477
2.558594
2.607422
2.553711
2.573242
2.514648
2.534180
2.548828
2.539062
2.539062
2.573242
2.558594
2.558594
2.592773
2.592773
2.587891
2.583008
2.563477
2.553711
2.597656
2.587891
2.543945
2.568359
2.592773
2.539062
2.602539
2.573242
2.553711
2.568359
2.568359
2.563477
2.548828
2.543945
2.607422
2.495117
2.519531
2.592773
2.543945
2.573242
2.548828
2.558594
2.543945
2.534180
2.539062
2.558594
2.524414
2.568359
2.563477
2.534180
2.578125
2.558594
2.563477
2.543945
2.539062
2.514648
2.509766
2.495117
2.548828
2.539062
2.524414
2.553711
2.553711
2.578125
2.573242
2.578125
2.558594
2.553711
2.539062
2.529297
2.558594
2.539062
2.539062
2.539062
2.539062
2.553711
2.539062
2.553711
2.539062
2.548828
2.519531
2.519531
2.553711
2.534180
2.524414
2.548828
2.529297
2.558594
2.509766
2.514648
2.539062
2.529297
2.504883
2.539062
2.543945
2.543945
2.519531
2.543945
2.509766
2.529297
2.553711
2.534180
2.534180
2.514648
2.539062
2.524414
2.568359
2.563477
2.568359
2.553711
2.558594
2.573242
2.583008
2.558594
2.548828
2.548828
2.548828
2.529297
2.524414
2.543945
2.543945
2.563477
2.558594
2.524414
2.524414
2.553711
2.509766
2.519531
2.563477
2.529297
2.553711
2.539062
2.534180
2.553711
2.539062
2.543945
2.519531
2.563477
2.500000
2.519531
2.553711
2.509766
2.539062
2.543945
2.539062
2.514648
2.558594
2.539062
2.543945
2.553711
2.553711
2.568359
2.563477
2.558594
2.578125
2.626953
2.592773
2.607422
2.558594
2.563477
2.519531
2.539062
2.529297
2.534180
2.539062
2.519531
2.500000
2.539062
2.519531
2.519531
2.529297
2.534180
2.529297
2.509766
2.534180
2.519531
2.519531
2.524414
2.519531
2.539062
2.514648
2.534180
2.524414
2.519531
2.534180
2.553711
2.529297
2.529297
2.534180
2.534180
2.543945
2.529297
2.568359
2.534180
2.539062
2.543945
2.539062
2.543945
2.534180
2.524414
2.558594
2.553711
2.529297
2.548828
2.568359
2.539062
2.529297
2.553711
2.539062
2.543945
2.578125
2.553711
2.548828
2.534180
2.485352
2.539062
2.534180
2.543945
2.578125
2.539062
2.563477
2.568359
2.583008
2.592773
2.563477
2.558594
2.568359
2.592773
2.563477
2.563477
2.563477
2.563477
2.592773
2.578125
2.558594
2.583008
2.558594
2.587891
2.578125
2.587891
2.583008
2.573242
2.612305
2.602539
2.612305
2.553711
2.573242
2.597656
2.548828
2.587891
2.534180
2.543945
2.587891
2.573242
2.578125
2.543945
2.529297
2.553711
2.548828
2.558594
2.558594
2.558594
2.534180
2.563477
2.563477
2.553711
2.529297
2.602539
2.553711
2.573242
2.553711
2.563477
2.563477
2.563477
2.587891
2.553711
2.583008
2.573242
2.548828
2.602539
2.558594
2.563477
2.524414
2.539062
2.548828
2.534180
2.553711
2.587891
2.539062
2.563477
2.529297
2.539062
2.573242
2.534180
2.539062
2.558594
2.529297
2.539062
2.573242
2.529297
2.558594
2.543945
2.534180
2.524414
2.529297
2.490234
2.509766
2.509766
2.529297
2.543945
2.534180
2.592773
2.558594
2.543945
2.563477
2.558594
2.558594
2.558594
2.534180
2.558594
2.534180
2.543945
2.548828
2.539062
2.543945
2.553711
2.534180
2.529297
2.558594
2.514648
2.534180
2.539062
2.514648
2.529297
2.539062
2.558594
2.529297
2.509766
2.519531
2.539062
2.519531
2.495117
2.524414
2.548828
2.534180
2.504883
2.524414
2.539062
2.524414
2.514648
2.529297
2.519531
2.558594
2.524414
2.519531
2.553711
2.553711
2.529297
2.568359
2.553711
2.612305
2.573242
2.553711
2.578125
2.563477
2.563477
2.573242
2.534180
2.519531
2.524414
2.539062
2.539062
2.548828
2.524414
2.539062
2.534180
2.524414
2.548828
2.529297
2.519531
2.534180
2.534180
2.539062
2.534180
2.548828
2.514648
2.529297
2.514648
2.548828
2.534180
2.534180
2.548828
2.504883
2.558594
2.534180
2.524414
2.543945
2.578125
2.539062
2.553711
2.568359
2.543945
2.563477
2.548828
2.563477
2.548828
2.548828
2.583008
2.543945
2.558594
2.529297
2.500000
2.534180
2.509766
2.519531
2.519531
2.509766
2.524414
2.519531
2.514648
2.509766
2.524414
2.504883
2.504883
2.548828
2.504883
2.514648
2.514648
2.500000
2.500000
2.519531
2.509766
2.514648
2.529297
2.524414
2.553711
2.539062
2.563477
2.534180
2.548828
2.514648
2.553711
2.534180
2.514648
2.563477
2.529297
2.524414
2.519531
2.543945
2.548828
2.558594
2.548828
2.543945
2.553711
2.529297
2.563477
2.558594
2.558594
2.539062
2.519531
2.524414
2.514648
2.539062
2.519531
2.519531
2.534180
2.573242
2.534180
2.539062
2.548828
2.558594
2.539062
2.583008
2.558594
2.543945
2.563477
2.548828
2.592773
2.583008
2.573242
2.563477
2.587891
2.587891
2.543945
2.563477
2.587891
2.563477
2.587891
2.553711
2.558594
2.607422
2.583008
2.578125
2.568359
2.578125
2.587891
2.558594
2.548828
2.563477
2.597656
2.592773
2.583008
2.568359
2.578125
2.558594
2.553711
2.558594
2.519531
2.558594
2.548828
2.529297
2.558594
2.543945
2.568359
2.573242
2.534180
2.568359
2.553711
2.553711
2.568359
2.543945
2.558594
2.568359
2.573242
2.578125
2.558594
2.543945
2.563477
2.568359
2.568359
2.563477
2.563477
2.553711
2.529297
2.539062
2.573242
2.539062
2.519531
2.548828
2.519531
2.543945
2.583008
2.548828
2.568359
2.548828
2.524414
2.529297
2.548828
2.524414
2.514648
2.543945
2.514648
2.548828
2.558594
2.509766
2.470703
2.470703
2.514648
2.500000
2.534180
2.534180
2.553711
2.548828
2.548828
2.519531
2.543945
2.519531
2.543945
2.548828
2.534180
2.524414
2.534180
2.519531
2.509766
2.514648
2.519531
2.524414
2.524414
2.504883
2.529297
2.539062
2.529297
2.524414
2.519531
2.529297
2.519531
2.504883
2.519531
2.519531
2.539062
2.509766
2.500000
2.509766
2.519531
2.504883
2.509766
2.524414
2.529297
2.524414
2.539062
2.539062
2.519531
2.534180
2.568359
2.500000
2.529297
2.539062
2.529297
2.563477
2.553711
2.578125
2.568359
2.543945
2.583008
2.519531
2.543945
2.558594
2.529297
2.519531
2.534180
2.558594
2.514648
2.534180
2.524414
2.509766
2.534180
2.543945
2.514648
2.524414
2.539062
2.519531
2.534180
2.529297
2.519531
2.539062
2.529297
2.539062
2.539062
2.548828
2.524414
2.524414
2.539062
2.529297
2.529297
2.563477
2.563477
2.563477
2.539062
2.519531
2.534180
2.534180
2.534180
2.539062
2.553711
2.539062
2.534180
2.548828
2.583008
2.548828
2.573242
2.514648
2.509766
2.543945
2.539062
2.534180
2.519531
2.500000
2.534180
2.519531
2.495117
2.524414
2.519531
2.504883
2.524414
2.524414
2.539062
2.534180
2.568359
2.514648
2.543945
2.524414
2.519531
2.558594
2.514648
2.543945
2.534180
2.539062
2.529297
2.553711
2.558594
2.534180
2.558594
2.534180
2.558594
2.553711
2.534180
2.548828
2.504883
2.573242
2.558594
2.558594
2.553711
2.568359
2.539062
2.573242
2.573242
2.558594
2.548828
2.534180
2.509766
2.539062
2.543945
2.543945
2.524414
2.543945
2.563477
2.573242
2.553711
2.587891
2.519531
2.553711
2.563477
2.563477
2.607422
2.578125
2.587891
2.597656
2.587891
2.597656
2.612305
2.558594
2.612305
2.612305
2.612305
2.607422
2.597656
2.622070
2.617188
2.607422
2.622070
2.636719
2.612305
2.631836
2.636719
2.622070
2.636719
2.631836
2.631836
2.617188
2.636719
2.617188
2.626953
2.617188
2.617188
2.626953
2.592773
2.607422
2.578125
2.573242
2.578125
2.587891
2.568359
2.592773
2.607422
2.563477
2.631836
2.578125
2.641602
2.597656
2.631836
2.636719
2.612305
2.631836
2.597656
2.607422
2.631836
2.602539
2.607422
2.597656
2.597656
2.597656
2.607422
2.617188
2.641602
2.592773
2.592773
2.617188
2.592773
2.578125
2.602539
2.612305
2.622070
2.592773
2.607422
2.587891
2.592773
2.573242
2.607422
2.573242
2.568359
2.597656
2.573242
2.563477
2.568359
2.568359
2.543945
2.558594
2.573242
2.568359
2.539062
2.597656
2.587891
2.583008
2.578125
2.558594
2.548828
2.587891
2.553711
2.587891
2.578125
2.553711
2.578125
2.553711
2.548828
2.573242
2.548828
2.548828
2.539062
2.529297
2.529297
2.543945
2.524414
2.519531
2.529297
2.529297
2.534180
2.514648
2.514648
2.529297
2.534180
2.539062
2.504883
2.529297
2.500000
2.524414
2.504883
2.514648
2.514648
2.519531
2.524414
2.500000
2.500000
2.529297
2.509766
2.524414
2.504883
2.534180
2.529297
2.548828
2.529297
2.534180
2.519531
2.563477
2.534180
2.519531
2.485352
2.514648
2.519531
2.509766
2.485352
2.500000
2.495117
2.495117
2.500000
2.470703
2.465820
2.495117
2.514648
2.519531
2.495117
2.509766
2.504883
2.514648
2.451172
2.500000
2.514648
2.514648
2.470703
2.490234
2.500000
2.485352
2.485352
2.509766
2.514648
2.495117
2.500000
2.504883
2.470703
2.495117
2.490234
2.500000
2.500000
2.500000
2.500000
2.514648
2.539062
2.558594
2.519531
2.548828
2.534180
2.524414
2.509766
2.475586
2.495117
2.470703
2.500000
2.534180
2.504883
2.480469
2.475586
2.514648
2.465820
2.500000
2.529297
2.480469
2.524414
2.509766
2.514648
2.504883
2.534180
2.524414
2.495117
2.529297
2.500000
2.534180
2.553711
2.504883
2.553711
2.519531
2.524414
2.519531
2.524414
2.514648
2.524414
2.514648
2.524414
2.529297
2.519531
2.529297
2.519531
2.543945
2.539062
2.534180
2.519531
2.529297
2.548828
2.524414
2.539062
2.568359
2.539062
2.539062
2.553711
2.500000
2.539062
2.543945
2.504883
2.543945
2.534180
2.543945
2.563477
2.529297
2.563477
2.543945
2.578125
2.543945
2.573242
2.573242
2.583008
2.568359
2.568359
2.607422
2.622070
2.583008
2.612305
2.617188
2.587891
2.587891
2.597656
2.568359
2.602539
2.612305
2.578125
2.607422
2.602539
2.592773
2.592773
2.578125
2.607422
2.607422
2.583008
2.573242
2.602539
2.602539
2.553711
2.573242
2.583008
2.558594
2.548828
2.543945
2.543945
2.529297
2.534180
2.587891
2.568359
2.592773
2.597656
2.587891
2.573242
2.573242
2.553711
2.587891
2.563477
2.587891
2.553711
2.583008
2.578125
2.563477
2.587891
2.583008
2.578125
2.558594
2.583008
2.568359
2.592773
2.548828
2.573242
2.543945
2.587891
2.548828
2.548828
2.539062
2.563477
2.553711
2.529297
2.539062
2.553711
2.563477
2.563477
2.519531
2.553711
2.519531
2.563477
2.539062
2.548828
2.539062
2.495117
2.509766
2.548828
2.509766
2.524414
2.543945
2.539062
2.534180
2.529297
2.543945
2.539062
2.558594
2.548828
2.539062
2.558594
2.543945
2.514648
2.539062
2.539062
2.553711
2.534180
2.548828
2.500000
2.529297
2.543945
2.543945
2.539062
2.543945
2.509766
2.534180
2.543945
2.539062
2.514648
2.524414
2.534180
2.524414
2.504883
2.500000
2.504883
2.514648
2.519531
2.509766
2.524414
2.534180
2.509766
2.509766
2.534180
2.539062
2.514648
2.490234
2.539062
2.578125
2.495117
2.607422
2.583008
2.563477
2.539062
2.578125
2.563477
2.548828
2.573242
2.529297
2.539062
2.563477
2.548828
2.558594
2.563477
2.529297
2.539062
2.553711
2.534180
2.529297
2.558594
2.548828
2.529297
2.558594
2.534180
2.558594
2.563477
2.529297
2.558594
2.524414
2.578125
2.543945
2.539062
2.573242
2.548828
2.539062
2.563477
2.583008
2.573242
2.548828
2.587891
2.548828
2.583008
2.558594
2.543945
2.592773
2.568359
2.558594
