1.787109
1.464844
1.191406
0.996094
0.874023
0.893555
1.040039
1.313477
1.655273
2.148438
2.749023
3.281250
3.867188
4.394531
4.848633
5.136719
5.234375
5.234375
4.965820
4.594727
4.067383
3.393555
2.661133
1.958008
1.235352
0.668945
0.209961
-0.063477
-0.131836
-0.068359
0.200195
0.605469
1.074219
1.699219
2.226562
2.846680
3.325195
3.730469
3.989258
4.130859
4.218750
4.145508
3.959961
3.710938
3.457031
3.134766
2.836914
2.666016
2.534180
2.519531
2.543945
2.578125
2.548828
2.578125
2.539062
2.553711
2.539062
2.573242
2.553711
2.548828
2.553711
2.563477
2.539062
2.543945
2.553711
2.548828
2.548828
2.539062
2.539062
2.548828
2.548828
2.529297
2.553711
2.529297
2.548828
2.539062
2.543945
2.524414
2.553711
2.553711
2.553711
2.534180
2.534180
2.563477
2.534180
2.519531
2.534180
2.504883
2.539062
2.563477
2.583008
2.578125
2.602539
2.568359
2.539062
2.548828
2.553711
2.568359
2.558594
2.543945
2.553711
2.553711
2.524414
2.534180
2.524414
2.529297
2.519531
2.529297
2.553711
2.539062
2.558594
2.534180
2.548828
2.524414
2.553711
2.573242
2.529297
2.543945
2.548828
2.568359
2.539062
2.558594
2.539062
2.539062
2.524414
2.529297
2.529297
2.539062
2.543945
2.529297
2.548828
2.558594
2.563477
2.534180
2.558594
2.534180
2.553711
2.563477
2.568359
2.587891
2.563477
2.568359
2.539062
2.558594
2.524414
2.543945
2.509766
2.534180
2.534180
2.519531
2.524414
2.543945
2.553711
2.504883
2.534180
2.529297
2.529297
2.548828
2.524414
2.529297
2.553711
2.548828
2.539062
2.524414
2.519531
2.514648
2.539062
2.529297
2.514648
2.529297
2.558594
2.534180
2.539062
2.548828
2.553711
2.553711
2.548828
2.539062
2.543945
2.553711
2.539062
2.558594
2.543945
2.563477
2.548828
2.539062
2.548828
2.553711
2.553711
2.534180
2.543945
2.573242
2.485352
2.553711
2.553711
2.548828
2.529297
2.558594
2.524414
2.543945
2.548828
2.573242
2.529297
2.539062
2.568359
2.543945
2.568359
2.548828
2.558594
2.558594
2.553711
2.558594
2.563477
2.592773
2.578125
2.568359
2.558594
2.558594
2.587891
2.592773
2.534180
2.548828
2.597656
2.597656
2.602539
2.587891
2.592773
2.592773
2.597656
2.587891
2.587891
2.583008
2.583008
2.578125
2.607422
2.553711
2.617188
2.578125
2.592773
2.534180
2.563477
2.524414
2.563477
2.553711
2.573242
2.553711
2.573242
2.553711
2.568359
2.539062
2.534180
2.558594
2.568359
2.539062
2.529297
2.558594
2.597656
2.548828
2.597656
2.583008
2.592773
2.592773
2.553711
2.583008
2.578125
2.568359
2.563477
2.543945
2.607422
2.539062
2.543945
2.539062
2.578125
2.597656
2.548828
2.539062
2.587891
2.563477
2.548828
2.578125
2.573242
2.539062
2.563477
2.553711
2.553711
2.539062
2.539062
2.548828
2.529297
2.539062
2.543945
2.539062
2.553711
2.548828
2.539062
2.558594
2.573242
2.558594
2.539062
2.548828
2.553711
2.548828
2.553711
2.563477
2.543945
2.543945
2.534180
2.534180
2.563477
2.558594
2.543945
2.543945
2.529297
2.543945
2.543945
2.529297
2.539062
2.548828
2.548828
2.573242
2.573242
2.524414
2.514648
2.529297
2.539062
2.529297
2.543945
2.553711
2.514648
2.543945
2.553711
2.534180
2.543945
2.543945
2.534180
2.539062
2.558594
2.539062
2.543945
2.543945
2.553711
2.553711
2.587891
2.573242
2.563477
2.553711
2.587891
2.548828
2.578125
2.534180
2.539062
2.539062
2.583008
2.524414
2.539062
2.529297
2.553711
2.543945
2.539062
2.548828
2.553711
2.573242
2.519531
2.553711
2.543945
2.558594
2.539062
2.568359
2.534180
2.529297
2.553711
2.563477
2.568359
2.519531
2.563477
2.573242
2.534180
2.563477
2.534180
2.578125
2.568359
2.568359
2.529297
2.558594
2.548828
2.543945
2.558594
2.534180
2.568359
2.534180
2.583008
2.558594
2.573242
2.519531
2.539062
2.509766
2.553711
2.534180
2.524414
2.519531
2.539062
2.509766
2.539062
2.524414
2.539062
2.553711
2.548828
2.534180
2.539062
2.563477
2.514648
2.514648
2.524414
2.529297
2.553711
2.534180
2.534180
2.578125
2.519531
2.539062
2.539062
2.539062
2.539062
2.543945
2.529297
2.529297
2.524414
2.529297
2.534180
2.539062
2.578125
2.563477
2.553711
2.543945
2.563477
2.543945
2.534180
2.558594
2.558594
2.548828
2.558594
2.553711
2.548828
2.519531
2.573242
2.543945
2.529297
2.539062
2.534180
2.539062
2.543945
2.563477
2.539062
2.573242
2.568359
2.558594
2.563477
2.587891
2.553711
2.583008
2.558594
2.583008
2.558594
2.563477
2.587891
2.597656
2.597656
2.583008
2.597656
2.553711
2.583008
2.587891
2.553711
2.578125
2.607422
2.558594
2.573242
2.548828
2.563477
2.558594
2.553711
2.578125
2.573242
2.587891
2.558594
2.583008
2.568359
2.543945
2.573242
2.558594
2.514648
2.558594
2.543945
2.573242
2.563477
2.573242
2.543945
2.568359
2.587891
2.578125
2.583008
2.563477
2.568359
2.578125
2.587891
2.529297
2.607422
2.568359
2.587891
2.587891
2.583008
2.583008
2.553711
2.543945
2.592773
2.573242
2.587891
2.563477
2.568359
2.553711
2.563477
2.573242
2.534180
2.558594
2.534180
2.548828
2.587891
2.558594
2.539062
2.543945
2.539062
2.543945
2.583008
2.534180
2.558594
2.519531
2.563477
2.548828
2.495117
2.504883
2.509766
2.514648
2.534180
2.563477
2.539062
2.524414
2.534180
2.548828
2.548828
2.553711
2.519531
2.558594
2.539062
2.573242
2.558594
2.548828
2.543945
2.563477
2.529297
2.553711
2.553711
2.534180
2.534180
2.539062
2.558594
2.539062
2.548828
2.534180
2.529297
2.548828
2.548828
2.548828
2.539062
2.524414
2.539062
2.534180
2.548828
2.543945
2.524414
2.548828
2.543945
2.519531
2.539062
2.534180
2.539062
2.519531
2.534180
2.500000
2.543945
2.543945
2.568359
2.558594
2.568359
2.583008
2.587891
2.607422
2.563477
2.597656
2.539062
2.553711
2.539062
2.553711
2.519531
2.563477
2.548828
2.553711
2.514648
2.553711
2.514648
2.568359
2.558594
2.578125
2.578125
2.573242
2.539062
2.534180
2.509766
2.568359
2.548828
2.529297
2.548828
2.563477
2.529297
2.539062
2.543945
2.500000
2.539062
2.543945
2.573242
2.548828
2.529297
2.534180
2.539062
2.524414
2.509766
2.558594
2.529297
2.578125
2.553711
2.563477
2.553711
2.573242
2.578125
2.539062
2.548828
2.539062
2.529297
2.543945
2.514648
2.529297
2.529297
2.558594
2.543945
2.514648
2.534180
2.500000
2.529297
2.539062
2.504883
2.514648
2.563477
2.485352
2.548828
2.524414
2.534180
2.539062
2.519531
2.548828
2.558594
2.539062
2.524414
2.553711
2.514648
2.543945
2.553711
2.539062
2.524414
2.534180
2.529297
2.529297
2.543945
2.558594
2.539062
2.514648
2.539062
2.504883
2.548828
2.539062
2.553711
2.558594
2.568359
2.539062
2.534180
2.539062
2.504883
2.548828
2.519531
2.553711
2.573242
2.514648
2.529297
2.548828
2.548828
2.539062
2.548828
2.548828
2.563477
2.558594
2.563477
2.548828
2.578125
2.534180
2.592773
2.573242
2.592773
2.558594
2.583008
2.543945
2.558594
2.597656
2.607422
2.587891
2.573242
2.587891
2.578125
2.573242
2.587891
2.592773
2.592773
2.602539
2.583008
2.587891
2.578125
2.539062
2.587891
2.568359
2.578125
2.558594
2.548828
2.553711
2.514648
2.539062
2.539062
2.539062
2.597656
2.553711
2.558594
2.587891
2.578125
2.587891
2.553711
2.553711
2.597656
2.578125
2.573242
2.548828
2.573242
2.587891
2.563477
2.558594
2.558594
2.548828
2.578125
2.592773
2.548828
2.539062
2.568359
2.534180
2.578125
2.558594
2.548828
2.558594
2.548828
2.553711
2.573242
2.553711
2.529297
2.553711
2.563477
2.563477
2.563477
2.548828
2.558594
2.539062
2.534180
2.539062
2.548828
2.558594
2.509766
2.524414
2.553711
2.519531
2.568359
2.534180
2.543945
2.573242
2.597656
2.573242
2.534180
2.558594
2.534180
2.558594
2.558594
2.548828
2.563477
2.543945
2.543945
2.534180
2.543945
2.524414
2.548828
2.524414
2.543945
2.563477
2.529297
2.543945
2.558594
2.558594
2.539062
2.558594
2.529297
2.553711
2.519531
2.534180
2.519531
2.543945
2.514648
2.514648
2.548828
2.539062
2.509766
2.509766
2.543945
2.514648
2.519531
2.529297
2.519531
2.539062
2.524414
2.558594
2.553711
2.539062
2.578125
2.587891
2.592773
2.578125
2.563477
2.548828
2.534180
2.553711
2.539062
2.539062
2.534180
2.573242
2.519531
2.587891
2.553711
2.509766
2.558594
2.553711
2.548828
2.558594
2.553711
2.519531
2.553711
2.548828
2.534180
2.524414
2.539062
2.539062
2.548828
2.529297
2.539062
2.543945
2.534180
2.539062
2.563477
2.543945
2.509766
2.548828
2.543945
2.548828
2.568359
2.548828
2.548828
2.524414
2.524414
2.553711
2.573242
2.583008
2.539062
2.612305
2.563477
2.568359
2.529297
2.524414
2.548828
2.534180
2.504883
2.539062
2.534180
2.543945
2.558594
2.539062
2.543945
2.519531
2.509766
2.534180
2.539062
2.558594
2.519531
2.524414
2.524414
2.509766
2.543945
2.519531
2.534180
2.543945
2.509766
2.539062
2.539062
2.534180
2.524414
2.529297
2.514648
2.539062
2.543945
2.529297
2.553711
2.539062
2.558594
2.529297
2.548828
2.553711
2.534180
2.563477
2.543945
2.558594
2.534180
2.539062
2.558594
2.524414
2.553711
2.543945
2.500000
2.514648
2.524414
2.524414
2.539062
2.553711
2.563477
2.553711
2.553711
2.529297
2.568359
2.558594
2.573242
2.607422
2.592773
2.548828
2.597656
2.548828
2.587891
2.573242
2.587891
2.553711
2.563477
2.592773
2.558594
2.578125
2.592773
2.592773
2.563477
2.563477
2.568359
2.573242
2.583008
2.573242
2.592773
2.563477
2.539062
2.578125
2.553711
2.583008
2.553711
2.578125
2.548828
2.578125
2.558594
2.529297
2.529297
2.539062
2.578125
2.592773
2.553711
2.543945
2.573242
2.558594
2.583008
2.573242
2.524414
2.529297
2.558594
2.558594
2.568359
2.568359
2.539062
2.548828
2.558594
2.573242
2.529297
2.568359
2.563477
2.548828
2.553711
2.553711
2.558594
2.558594
2.578125
2.553711
2.539062
2.573242
2.558594
2.573242
2.519531
2.534180
2.592773
2.548828
2.548828
2.543945
2.568359
2.548828
2.558594
2.509766
2.563477
2.534180
2.563477
2.514648
2.509766
2.524414
2.548828
2.539062
2.534180
2.553711
2.573242
2.534180
2.543945
2.563477
2.558594
2.563477
2.558594
2.529297
2.573242
2.553711
2.558594
2.553711
2.539062
2.548828
2.553711
2.553711
2.548828
2.534180
2.553711
2.558594
2.548828
2.539062
2.539062
2.548828
2.529297
2.543945
2.529297
2.514648
2.548828
2.529297
2.509766
2.539062
2.534180
2.524414
2.553711
2.529297
2.509766
2.539062
2.509766
2.543945
2.534180
2.500000
2.529297
2.539062
2.558594
2.592773
2.529297
2.558594
2.578125
2.568359
2.568359
2.578125
2.534180
2.553711
2.543945
2.543945
2.543945
2.534180
2.573242
2.514648
2.539062
2.529297
2.539062
2.558594
2.519531
2.529297
2.558594
2.529297
2.558594
2.524414
2.524414
2.563477
2.519531
2.534180
2.553711
2.543945
2.539062
2.524414
2.529297
2.524414
2.543945
2.563477
2.519531
2.563477
2.529297
2.573242
2.573242
2.539062
2.548828
2.587891
2.568359
2.558594
2.548828
2.539062
2.607422
2.543945
2.587891
2.558594
2.558594
2.539062
2.524414
2.524414
2.539062
2.509766
2.514648
2.539062
2.524414
2.509766
2.543945
2.524414
2.509766
2.529297
2.553711
2.519531
2.539062
2.543945
2.543945
2.529297
2.563477
2.543945
2.543945
2.519531
2.539062
2.529297
2.558594
2.524414
2.568359
2.558594
2.524414
2.529297
2.543945
2.543945
2.539062
2.524414
2.553711
2.553711
2.553711
2.543945
2.553711
2.558594
2.558594
2.543945
2.553711
2.539062
2.543945
2.578125
2.543945
2.573242
2.592773
2.563477
2.500000
2.534180
2.519531
2.543945
2.578125
2.514648
2.573242
2.558594
2.539062
2.563477
2.563477
2.553711
2.597656
2.553711
2.563477
2.553711
2.578125
2.592773
2.597656
2.578125
2.583008
2.583008
2.607422
2.592773
2.607422
2.578125
2.568359
2.607422
2.548828
2.578125
2.583008
2.578125
2.597656
2.587891
2.543945
2.573242
2.587891
2.583008
2.612305
2.597656
2.597656
2.592773
2.583008
2.587891
2.539062
2.548828
2.529297
2.539062
2.509766
2.553711
2.558594
2.553711
2.558594
2.563477
2.597656
2.563477
2.587891
2.587891
2.568359
2.573242
2.548828
2.573242
2.558594
2.558594
2.612305
2.553711
2.553711
2.573242
2.573242
2.519531
2.558594
2.563477
2.529297
2.543945
2.563477
2.583008
2.534180
2.568359
2.568359
2.548828
2.573242
2.558594
2.543945
2.529297
2.573242
2.553711
2.529297
2.558594
2.587891
2.529297
2.583008
2.548828
2.553711
2.514648
2.519531
2.519531
2.524414
2.534180
2.563477
2.543945
2.563477
2.539062
2.563477
2.578125
2.568359
2.563477
2.573242
2.543945
2.578125
2.548828
2.573242
2.548828
2.553711
2.558594
2.553711
2.524414
2.563477
2.553711
2.543945
2.548828
2.553711
2.553711
2.558594
2.553711
2.529297
2.543945
2.587891
2.524414
2.553711
2.548828
2.558594
2.548828
2.543945
2.543945
2.534180
2.529297
2.543945
2.548828
2.553711
2.529297
2.534180
2.548828
2.495117
2.539062
2.578125
2.578125
2.578125
2.573242
2.592773
2.568359
2.514648
2.578125
2.563477
2.563477
2.568359
2.534180
2.568359
2.539062
2.558594
2.539062
2.539062
2.563477
2.548828
2.524414
2.578125
2.539062
2.524414
2.539062
2.558594
2.553711
2.539062
2.539062
2.543945
2.519531
2.519531
2.539062
2.558594
2.519531
2.548828
2.534180
2.558594
2.573242
2.519531
2.568359
2.548828
2.534180
2.543945
2.543945
2.548828
2.583008
2.539062
2.558594
2.529297
2.578125
2.597656
2.573242
2.553711
2.583008
2.553711
2.568359
2.553711
2.519531
2.514648
2.519531
2.514648
2.524414
2.500000
2.553711
2.539062
2.519531
2.519531
2.524414
2.500000
2.524414
2.529297
2.519531
2.524414
2.485352
2.529297
2.519531
2.514648
2.558594
2.543945
2.539062
2.524414
2.534180
2.543945
2.524414
2.539062
2.558594
2.539062
2.563477
2.543945
2.539062
2.568359
2.524414
2.539062
2.563477
2.568359
2.568359
2.534180
2.539062
2.553711
2.563477
2.539062
2.563477
2.534180
2.529297
2.553711
2.504883
2.543945
2.519531
2.524414
2.553711
2.534180
2.563477
2.558594
2.573242
2.500000
2.558594
2.548828
2.568359
2.563477
2.573242
2.558594
2.563477
2.583008
2.578125
2.553711
2.558594
2.558594
2.558594
2.529297
2.583008
2.558594
2.587891
2.612305
2.578125
2.563477
2.548828
2.587891
2.563477
2.568359
2.553711
2.592773
2.543945
2.558594
2.558594
2.558594
2.583008
2.612305
2.592773
2.553711
2.548828
2.558594
2.539062
2.543945
2.524414
2.543945
2.543945
2.529297
2.597656
2.548828
2.563477
2.553711
2.563477
2.543945
2.539062
2.587891
2.583008
2.563477
2.548828
2.573242
2.578125
2.548828
2.539062
2.568359
2.548828
2.587891
2.587891
2.553711
2.568359
2.534180
2.578125
2.495117
2.558594
2.568359
2.519531
2.573242
2.534180
2.587891
2.558594
2.543945
2.558594
2.548828
2.543945
2.558594
2.543945
2.573242
2.548828
2.553711
2.558594
2.539062
2.543945
2.509766
2.534180
2.529297
2.543945
2.539062
2.583008
2.563477
2.553711
2.543945
2.514648
2.548828
2.548828
2.558594
2.539062
2.529297
2.548828
2.529297
2.524414
2.539062
2.534180
2.500000
2.548828
2.543945
2.543945
2.578125
2.514648
2.529297
2.539062
2.543945
2.539062
2.543945
2.573242
2.548828
2.495117
2.534180
2.539062
2.529297
2.529297
2.500000
2.553711
2.539062
2.514648
2.529297
2.568359
2.548828
2.509766
2.519531
2.519531
2.500000
2.534180
2.529297
2.573242
2.592773
2.553711
2.558594
2.573242
2.558594
2.578125
2.543945
2.548828
2.558594
2.543945
2.548828
2.534180
2.558594
2.553711
2.539062
2.539062
2.539062
2.509766
2.563477
2.539062
2.543945
2.534180
2.543945
2.548828
2.558594
2.539062
2.548828
2.548828
2.539062
2.543945
2.548828
2.519531
2.563477
2.573242
2.524414
2.558594
2.563477
2.553711
2.548828
2.553711
2.583008
2.514648
2.578125
2.563477
2.563477
2.548828
2.563477
2.573242
2.543945
2.597656
2.539062
2.592773
2.534180
2.573242
2.539062
2.534180
2.553711
2.543945
2.529297
2.563477
2.539062
2.534180
2.504883
2.534180
2.519531
2.558594
2.543945
2.543945
2.519531
2.543945
2.548828
2.558594
2.524414
2.539062
2.539062
2.519531
2.548828
2.548828
2.548828
2.519531
2.553711
2.568359
2.529297
2.543945
2.543945
2.548828
2.553711
2.558594
2.548828
2.548828
2.573242
2.548828
2.534180
2.548828
2.563477
2.548828
2.543945
2.583008
2.539062
2.543945
2.558594
2.548828
2.514648
2.534180
2.509766
2.543945
2.553711
2.529297
2.519531
2.558594
2.558594
2.534180
2.563477
2.543945
2.514648
2.568359
2.563477
2.553711
2.573242
2.573242
2.543945
2.607422
2.563477
2.573242
2.573242
2.592773
2.568359
2.597656
2.607422
2.587891
2.592773
2.612305
2.578125
2.563477
2.583008
2.597656
2.587891
2.592773
2.583008
2.558594
2.587891
2.587891
2.602539
2.573242
2.597656
2.612305
2.534180
2.553711
2.563477
2.543945
2.553711
2.543945
2.543945
2.539062
2.558594
2.548828
2.543945
2.573242
2.539062
2.583008
2.543945
2.543945
2.597656
2.539062
2.568359
2.587891
2.587891
2.558594
2.587891
2.539062
2.548828
2.558594
2.568359
2.578125
2.578125
2.539062
2.558594
2.583008
2.534180
2.573242
2.539062
2.553711
2.548828
2.587891
2.607422
2.568359
2.534180
2.548828
2.543945
2.534180
2.563477
2.534180
2.524414
2.578125
2.524414
2.543945
2.534180
2.543945
2.514648
2.509766
2.519531
2.514648
2.558594
2.558594
2.553711
2.568359
2.543945
2.558594
2.539062
2.548828
2.548828
2.573242
2.519531
2.578125
2.548828
2.578125
2.529297
2.548828
2.558594
2.539062
2.534180
2.519531
2.563477
2.529297
2.558594
2.553711
2.539062
2.563477
2.553711
2.534180
2.529297
2.553711
2.529297
2.524414
2.524414
2.553711
2.583008
2.524414
2.558594
2.524414
2.534180
2.563477
2.543945
2.524414
2.529297
2.543945
2.543945
2.500000
2.573242
2.553711
2.539062
2.573242
2.563477
2.543945
2.568359
2.543945
2.573242
2.534180
2.543945
2.543945
2.529297
2.558594
2.539062
2.539062
2.558594
2.539062
2.529297
2.519531
2.553711
2.553711
2.543945
2.568359
2.529297
2.558594
2.563477
2.539062
2.509766
2.558594
2.529297
2.568359
2.539062
2.539062
2.558594
2.529297
2.539062
2.529297
2.573242
2.539062
2.553711
2.539062
2.539062
2.539062
2.524414
2.534180
2.553711
2.534180
2.548828
2.558594
2.543945
2.587891
2.578125
2.539062
2.568359
2.573242
2.529297
2.568359
2.519531
2.543945
2.534180
2.490234
2.519531
2.543945
2.543945
2.534180
2.509766
2.514648
2.529297
2.524414
2.519531
2.524414
2.519531
2.543945
2.543945
2.534180
2.524414
2.529297
2.529297
2.534180
2.539062
2.539062
2.539062
2.548828
2.543945
2.558594
2.529297
2.543945
2.539062
2.529297
2.543945
2.534180
2.553711
2.548828
2.548828
2.543945
2.543945
2.558594
2.558594
2.568359
2.607422
2.539062
2.539062
2.563477
2.519531
2.543945
2.573242
2.500000
2.543945
2.534180
2.524414
2.529297
2.553711
2.553711
2.568359
2.529297
2.583008
2.553711
2.578125
2.587891
2.583008
2.573242
2.558594
2.592773
2.583008
2.607422
2.592773
2.578125
2.553711
2.553711
2.573242
2.617188
2.602539
2.597656
2.592773
2.563477
2.597656
2.578125
2.587891
2.543945
2.568359
2.568359
2.587891
2.583008
2.573242
2.568359
2.563477
2.583008
2.568359
2.587891
2.553711
2.558594
2.509766
2.548828
2.524414
2.543945
2.543945
2.563477
2.578125
2.597656
2.548828
2.553711
2.597656
2.578125
2.578125
2.587891
2.548828
2.563477
2.578125
2.597656
2.568359
2.573242
2.592773
2.578125
2.563477
2.592773
2.558594
2.548828
2.573242
2.539062
2.553711
2.592773
2.568359
2.543945
2.587891
2.534180
2.573242
2.578125
2.548828
2.553711
2.548828
2.529297
2.563477
2.539062
2.534180
2.573242
2.548828
2.539062
2.568359
2.543945
2.500000
2.495117
2.514648
2.543945
2.529297
2.558594
2.548828
2.563477
2.573242
2.578125
