1.767578
1.435547
1.171875
0.976562
0.869141
0.893555
1.010742
1.279297
1.630859
2.114258
2.729492
3.291016
3.852539
4.394531
4.809570
5.102539
5.224609
5.200195
4.975586
4.575195
4.023438
3.413086
2.651367
1.948242
1.264648
0.683594
0.234375
-0.073242
-0.170898
-0.068359
0.195312
0.610352
1.098633
1.679688
2.270508
2.836914
3.310547
3.764648
4.047852
4.238281
4.291992
4.213867
4.018555
3.769531
3.496094
3.149414
2.890625
2.656250
2.597656
2.563477
2.617188
2.587891
2.607422
2.592773
2.622070
2.602539
2.592773
2.578125
2.578125
2.587891
2.568359
2.563477
2.558594
2.524414
2.578125
2.563477
2.553711
2.563477
2.583008
2.587891
2.587891
2.558594
2.583008
2.583008
2.578125
2.607422
2.568359
2.592773
2.578125
2.592773
2.568359
2.553711
2.563477
2.578125
2.578125
2.568359
2.607422
2.519531
2.568359
2.563477
2.534180
2.543945
2.553711
2.568359
2.539062
2.592773
2.568359
2.558594
2.543945
2.548828
2.553711
2.548828
2.568359
2.529297
2.553711
2.543945
2.548828
2.539062
2.524414
2.500000
2.509766
2.500000
2.504883
2.524414
2.534180
2.543945
2.573242
2.563477
2.553711
2.573242
2.529297
2.583008
2.553711
2.563477
2.534180
2.539062
2.539062
2.558594
2.548828
2.539062
2.539062
2.534180
2.534180
2.495117
2.539062
2.548828
2.548828
2.534180
2.534180
2.548828
2.558594
2.548828
2.558594
2.514648
2.558594
2.539062
2.558594
2.529297
2.509766
2.519531
2.504883
2.534180
2.563477
2.543945
2.578125
2.500000
2.519531
2.524414
2.524414
2.534180
2.543945
2.568359
2.602539
2.573242
2.607422
2.563477
2.563477
2.573242
2.558594
2.539062
2.539062
2.548828
2.553711
2.529297
2.548828
2.553711
2.553711
2.543945
2.539062
2.509766
2.524414
2.543945
2.509766
2.553711
2.519531
2.534180
2.514648
2.563477
2.563477
2.509766
2.543945
2.534180
2.563477
2.558594
2.539062
2.534180
2.543945
2.539062
2.558594
2.524414
2.534180
2.563477
2.543945
2.553711
2.563477
2.553711
2.563477
2.573242
2.597656
2.583008
2.548828
2.573242
2.553711
2.573242
2.548828
2.558594
2.529297
2.529297
2.529297
2.553711
2.534180
2.519531
2.500000
2.529297
2.495117
2.519531
2.514648
2.514648
2.519531
2.504883
2.568359
2.524414
2.509766
2.553711
2.514648
2.524414
2.524414
2.529297
2.543945
2.529297
2.558594
2.553711
2.553711
2.553711
2.534180
2.539062
2.539062
2.543945
2.529297
2.543945
2.539062
2.548828
2.539062
2.534180
2.543945
2.553711
2.539062
2.573242
2.583008
2.534180
2.568359
2.534180
2.558594
2.558594
2.519531
2.519531
2.495117
2.524414
2.558594
2.543945
2.534180
2.553711
2.563477
2.558594
2.553711
2.578125
2.568359
2.558594
2.519531
2.543945
2.558594
2.578125
2.587891
2.583008
2.553711
2.583008
2.587891
2.573242
2.578125
2.573242
2.558594
2.573242
2.563477
2.607422
2.597656
2.568359
2.612305
2.587891
2.602539
2.573242
2.543945
2.592773
2.573242
2.602539
2.617188
2.612305
2.592773
2.592773
2.587891
2.568359
2.509766
2.553711
2.534180
2.553711
2.573242
2.558594
2.607422
2.563477
2.573242
2.592773
2.563477
2.578125
2.583008
2.534180
2.578125
2.563477
2.568359
2.548828
2.592773
2.539062
2.553711
2.597656
2.583008
2.558594
2.553711
2.578125
2.587891
2.578125
2.563477
2.563477
2.543945
2.539062
2.543945
2.553711
2.548828
2.539062
2.548828
2.553711
2.539062
2.573242
2.573242
2.573242
2.543945
2.553711
2.529297
2.568359
2.534180
2.543945
2.553711
2.524414
2.490234
2.514648
2.543945
2.529297
2.543945
2.553711
2.558594
2.539062
2.573242
2.534180
2.558594
2.553711
2.534180
2.558594
2.563477
2.534180
2.558594
2.539062
2.534180
2.548828
2.553711
2.539062
2.514648
2.539062
2.543945
2.519531
2.539062
2.539062
2.534180
2.539062
2.539062
2.543945
2.529297
2.534180
2.543945
2.573242
2.543945
2.534180
2.548828
2.509766
2.563477
2.529297
2.539062
2.480469
2.543945
2.514648
2.534180
2.529297
2.539062
2.563477
2.548828
2.597656
2.592773
2.529297
2.548828
2.563477
2.563477
2.568359
2.553711
2.558594
2.548828
2.543945
2.543945
2.543945
2.500000
2.490234
2.539062
2.534180
2.573242
2.529297
2.534180
2.558594
2.524414
2.529297
2.529297
2.543945
2.543945
2.563477
2.519531
2.539062
2.539062
2.543945
2.543945
2.519531
2.543945
2.529297
2.573242
2.553711
2.553711
2.553711
2.558594
2.548828
2.543945
2.543945
2.553711
2.539062
2.543945
2.553711
2.563477
2.578125
2.578125
2.563477
2.548828
2.578125
2.534180
2.563477
2.543945
2.500000
2.529297
2.548828
2.495117
2.500000
2.529297
2.509766
2.504883
2.504883
2.539062
2.529297
2.568359
2.539062
2.558594
2.553711
2.534180
2.539062
2.539062
2.539062
2.529297
2.558594
2.548828
2.543945
2.548828
2.539062
2.514648
2.548828
2.568359
2.568359
2.568359
2.573242
2.543945
2.563477
2.529297
2.558594
2.543945
2.563477
2.539062
2.543945
2.558594
2.548828
2.539062
2.568359
2.519531
2.543945
2.529297
2.558594
2.519531
2.563477
2.543945
2.509766
2.568359
2.509766
2.558594
2.529297
2.553711
2.563477
2.558594
2.539062
2.563477
2.548828
2.558594
2.553711
2.553711
2.534180
2.568359
2.592773
2.612305
2.568359
2.578125
2.578125
2.578125
2.583008
2.597656
2.607422
2.563477
2.578125
2.558594
2.578125
2.583008
2.568359
2.592773
2.524414
2.548828
2.578125
2.563477
2.602539
2.578125
2.587891
2.592773
2.602539
2.553711
2.548828
2.539062
2.573242
2.558594
2.495117
2.558594
2.553711
2.563477
2.548828
2.563477
2.563477
2.529297
2.553711
2.587891
2.578125
2.578125
2.583008
2.597656
2.573242
2.553711
2.592773
2.597656
2.583008
2.529297
2.602539
2.587891
2.548828
2.568359
2.583008
2.592773
2.563477
2.558594
2.539062
2.578125
2.568359
2.573242
2.558594
2.563477
2.529297
2.573242
2.539062
2.578125
2.553711
2.534180
2.543945
2.539062
2.578125
2.558594
2.578125
2.548828
2.524414
2.524414
2.534180
2.558594
2.529297
2.573242
2.543945
2.539062
2.587891
2.553711
2.543945
2.524414
2.543945
2.563477
2.539062
2.519531
2.553711
2.534180
2.543945
2.558594
2.548828
2.539062
2.548828
2.543945
2.548828
2.558594
2.558594
2.519531
2.553711
2.534180
2.553711
2.553711
2.553711
2.558594
2.548828
2.529297
2.543945
2.529297
2.534180
2.548828
2.539062
2.534180
2.543945
2.509766
2.553711
2.539062
2.539062
2.543945
2.524414
2.524414
2.524414
2.548828
2.597656
2.548828
2.563477
2.553711
2.534180
2.592773
2.568359
2.563477
2.563477
2.539062
2.558594
2.558594
2.543945
2.563477
2.519531
2.514648
2.553711
2.524414
2.558594
2.524414
2.543945
2.563477
2.587891
2.524414
2.529297
2.548828
2.539062
2.563477
2.553711
2.524414
2.573242
2.534180
2.539062
2.514648
2.529297
2.539062
2.558594
2.553711
2.548828
2.548828
2.500000
2.543945
2.543945
2.534180
2.524414
2.563477
2.568359
2.568359
2.583008
2.592773
2.583008
2.548828
2.578125
2.558594
2.500000
2.519531
2.519531
2.514648
2.558594
2.500000
2.519531
2.509766
2.514648
2.548828
2.519531
2.539062
2.529297
2.514648
2.504883
2.514648
2.514648
2.563477
2.539062
2.558594
2.548828
2.543945
2.558594
2.504883
2.534180
2.539062
2.534180
2.563477
2.529297
2.563477
2.539062
2.558594
2.534180
2.524414
2.563477
2.524414
2.548828
2.558594
2.558594
2.534180
2.534180
2.568359
2.534180
2.558594
2.583008
2.543945
2.568359
2.524414
2.500000
2.524414
2.519531
2.563477
2.519531
2.543945
2.548828
2.543945
2.578125
2.563477
2.578125
2.563477
2.573242
2.548828
2.558594
2.573242
2.592773
2.563477
2.578125
2.573242
2.553711
2.592773
2.597656
2.617188
2.636719
2.578125
2.587891
2.592773
2.578125
2.641602
2.578125
2.578125
2.597656
2.587891
2.607422
2.607422
2.534180
2.597656
2.587891
2.587891
2.563477
2.612305
2.563477
2.578125
2.597656
2.612305
2.548828
2.563477
2.548828
2.548828
2.543945
2.539062
2.558594
2.543945
2.587891
2.553711
2.539062
2.573242
2.563477
2.568359
2.587891
2.558594
2.563477
2.558594
2.568359
2.578125
2.578125
2.578125
2.583008
2.568359
2.578125
2.583008
2.553711
2.573242
2.553711
2.573242
2.548828
2.558594
2.578125
2.558594
2.539062
2.519531
2.539062
2.578125
2.553711
2.534180
2.558594
2.563477
2.578125
2.558594
2.553711
2.529297
2.548828
2.543945
2.563477
2.539062
2.500000
2.495117
2.509766
2.514648
2.534180
2.539062
2.563477
2.524414
2.553711
2.573242
2.563477
2.548828
2.563477
2.543945
2.578125
2.519531
2.543945
2.543945
2.543945
2.553711
2.548828
2.548828
2.534180
2.543945
2.563477
2.539062
2.524414
2.543945
2.539062
2.534180
2.558594
2.514648
2.539062
2.539062
2.504883
2.543945
2.509766
2.500000
2.524414
2.534180
2.573242
2.568359
2.509766
2.543945
2.529297
2.519531
2.519531
2.524414
2.543945
2.539062
2.563477
2.563477
2.563477
2.563477
2.583008
2.573242
2.558594
2.573242
2.568359
2.553711
2.543945
2.578125
2.529297
2.543945
2.563477
2.558594
2.519531
2.558594
2.509766
2.524414
2.529297
2.568359
2.563477
2.539062
2.519531
2.558594
2.539062
2.534180
2.543945
2.539062
2.519531
2.548828
2.543945
2.558594
2.548828
2.543945
2.529297
2.534180
2.568359
2.553711
2.563477
2.534180
2.553711
2.543945
2.529297
2.553711
2.543945
2.553711
2.548828
2.548828
2.597656
2.583008
2.592773
2.563477
2.573242
2.534180
2.543945
2.548828
2.529297
2.529297
2.529297
2.504883
2.509766
2.519531
2.543945
2.529297
2.529297
2.529297
2.519531
2.509766
2.543945
2.490234
2.539062
2.524414
2.563477
2.543945
2.529297
2.558594
2.529297
2.553711
2.529297
2.558594
2.519531
2.539062
2.529297
2.529297
2.539062
2.534180
2.543945
2.534180
2.539062
2.563477
2.514648
2.553711
2.553711
2.519531
2.539062
2.543945
2.519531
2.568359
2.573242
2.543945
2.558594
2.524414
2.568359
2.543945
2.529297
2.509766
2.504883
2.534180
2.534180
2.509766
2.553711
2.548828
2.573242
2.500000
2.568359
2.568359
2.558594
2.578125
2.563477
2.539062
2.568359
2.563477
2.578125
2.563477
2.592773
2.583008
2.573242
2.558594
2.612305
2.568359
2.602539
2.597656
2.558594
2.578125
2.612305
2.583008
2.563477
2.563477
2.587891
2.578125
2.592773
2.539062
2.597656
2.568359
2.563477
2.558594
2.573242
2.587891
2.553711
2.543945
2.539062
2.558594
2.548828
2.553711
2.597656
2.543945
2.563477
2.568359
2.563477
2.568359
2.568359
2.563477
2.578125
2.548828
2.568359
2.602539
2.558594
2.583008
2.573242
2.568359
2.563477
2.612305
2.553711
2.587891
2.573242
2.563477
2.573242
2.563477
2.563477
2.553711
2.553711
2.553711
2.578125
2.558594
2.573242
2.519531
2.563477
2.583008
2.568359
2.548828
2.539062
2.553711
2.553711
2.548828
2.553711
2.509766
2.543945
2.573242
2.514648
2.514648
2.519531
2.548828
2.548828
2.548828
2.548828
2.553711
2.548828
2.602539
2.578125
2.548828
2.553711
2.558594
2.553711
2.578125
2.539062
2.558594
2.534180
2.548828
2.548828
2.534180
2.573242
2.534180
2.543945
2.539062
2.553711
2.543945
2.543945
2.519531
2.543945
2.548828
2.529297
2.519531
2.539062
2.534180
2.529297
2.524414
2.563477
2.543945
2.543945
2.543945
2.529297
2.509766
2.553711
2.563477
2.548828
2.548828
2.529297
2.539062
2.539062
2.553711
2.553711
2.583008
2.534180
2.592773
2.607422
2.573242
2.578125
2.563477
2.534180
2.514648
2.583008
2.534180
2.553711
2.529297
2.534180
2.539062
2.539062
2.553711
2.563477
2.519531
2.563477
2.539062
2.558594
2.553711
2.563477
2.534180
2.543945
2.573242
2.563477
2.524414
2.558594
2.553711
2.529297
2.558594
2.548828
2.553711
2.539062
2.543945
2.578125
2.534180
2.529297
2.578125
2.539062
2.553711
2.543945
2.583008
2.534180
2.558594
2.597656
2.568359
2.563477
2.568359
2.514648
2.563477
2.578125
2.529297
2.524414
2.519531
2.519531
2.495117
2.539062
2.568359
2.524414
2.529297
2.519531
2.495117
2.519531
2.509766
2.524414
2.509766
2.524414
2.539062
2.514648
2.524414
2.524414
2.514648
2.534180
2.529297
2.529297
2.534180
2.534180
2.534180
2.534180
2.553711
2.539062
2.543945
2.534180
2.529297
2.534180
2.534180
2.543945
2.543945
2.543945
2.539062
2.548828
2.514648
2.534180
2.534180
2.563477
2.553711
2.553711
2.543945
2.514648
2.519531
2.539062
2.529297
2.553711
2.509766
2.563477
2.543945
2.529297
2.573242
2.578125
2.534180
2.573242
2.607422
2.583008
2.587891
2.558594
2.578125
2.539062
2.553711
2.553711
2.578125
2.583008
2.583008
2.592773
2.578125
2.592773
2.568359
2.587891
2.602539
2.573242
2.563477
2.583008
2.543945
2.568359
2.558594
2.602539
2.578125
2.539062
2.597656
2.583008
2.563477
2.573242
2.602539
2.563477
2.563477
2.553711
2.548828
2.543945
2.524414
2.524414
2.563477
2.548828
2.568359
2.563477
2.558594
2.568359
2.539062
2.587891
2.573242
2.534180
2.563477
2.543945
2.583008
2.587891
2.563477
2.539062
2.578125
2.548828
2.583008
2.539062
2.563477
2.597656
2.573242
2.568359
2.563477
2.578125
2.558594
2.543945
2.543945
2.578125
2.558594
2.553711
2.553711
2.539062
2.558594
2.529297
2.539062
2.548828
2.583008
2.534180
2.524414
2.548828
2.543945
2.592773
2.524414
2.519531
2.509766
2.539062
2.543945
2.524414
2.519531
2.543945
2.548828
2.563477
2.578125
2.592773
2.563477
2.543945
2.563477
2.553711
2.539062
2.573242
2.558594
2.553711
2.534180
2.558594
2.558594
2.558594
2.543945
2.558594
2.529297
2.543945
2.519531
2.534180
2.529297
2.558594
2.558594
2.534180
2.519531
2.514648
2.509766
2.529297
2.534180
2.563477
2.548828
2.539062
2.514648
2.524414
2.509766
2.548828
2.519531
2.539062
2.514648
2.524414
2.509766
2.524414
2.568359
2.583008
2.568359
2.587891
2.602539
2.558594
2.578125
2.573242
2.563477
2.548828
2.558594
2.543945
2.553711
2.539062
2.539062
2.534180
2.534180
2.529297
2.573242
2.548828
2.534180
2.539062
2.548828
2.534180
2.587891
2.534180
2.539062
2.548828
2.563477
2.519531
2.558594
2.500000
2.543945
2.495117
2.534180
2.548828
2.558594
2.553711
2.539062
2.534180
2.509766
2.539062
2.529297
2.543945
2.514648
2.548828
2.539062
2.543945
2.558594
2.597656
2.597656
2.587891
2.548828
2.553711
2.563477
2.539062
2.563477
2.539062
2.519531
2.534180
2.534180
2.519531
2.495117
2.519531
2.500000
2.529297
2.519531
2.524414
2.519531
2.539062
2.529297
2.529297
2.529297
2.539062
2.558594
2.543945
2.539062
2.534180
2.524414
2.543945
2.524414
2.548828
2.529297
2.553711
2.543945
2.558594
2.534180
2.548828
2.548828
2.534180
2.558594
2.558594
2.543945
2.548828
2.534180
2.553711
2.543945
2.548828
2.558594
2.568359
2.558594
2.548828
2.573242
2.573242
2.587891
2.543945
2.573242
2.504883
2.529297
2.543945
2.524414
2.509766
2.558594
2.534180
2.563477
2.592773
2.524414
2.553711
2.553711
2.539062
2.573242
2.543945
2.597656
2.592773
2.553711
2.578125
2.587891
2.573242
2.587891
2.563477
2.524414
2.587891
2.553711
2.578125
2.568359
2.587891
2.573242
2.578125
2.558594
2.553711
2.578125
2.543945
2.558594
2.563477
2.592773
2.592773
2.607422
2.573242
2.578125
2.553711
2.539062
2.543945
2.539062
2.524414
2.543945
2.519531
2.534180
2.558594
2.539062
2.524414
2.563477
2.539062
2.543945
2.543945
2.573242
2.509766
2.587891
2.573242
2.578125
2.543945
2.592773
2.568359
2.597656
2.558594
2.553711
2.563477
2.578125
2.509766
2.519531
2.578125
2.563477
2.563477
2.524414
2.573242
2.558594
2.539062
2.563477
2.548828
2.558594
2.583008
2.563477
2.534180
2.563477
2.573242
2.553711
2.558594
2.524414
2.578125
2.529297
2.543945
2.519531
2.548828
2.524414
2.558594
2.548828
2.558594
2.563477
2.548828
2.573242
2.534180
2.524414
2.543945
2.578125
2.543945
2.543945
2.563477
2.568359
2.543945
2.558594
2.573242
2.529297
2.514648
2.548828
2.543945
2.548828
2.548828
2.539062
2.573242
2.524414
2.539062
2.539062
2.534180
2.553711
2.563477
2.539062
2.543945
2.553711
2.524414
2.539062
2.543945
2.558594
2.519531
2.548828
2.529297
2.553711
2.558594
2.529297
2.553711
2.578125
2.539062
2.563477
2.558594
2.602539
2.597656
2.592773
2.583008
2.607422
2.519531
2.583008
2.558594
2.563477
2.573242
2.558594
2.597656
2.524414
2.553711
2.539062
2.568359
2.504883
2.553711
2.548828
2.534180
2.539062
2.553711
2.529297
2.558594
2.514648
2.553711
2.563477
2.524414
2.553711
2.539062
2.534180
2.558594
2.578125
2.539062
2.543945
2.573242
2.524414
2.534180
2.558594
2.563477
2.558594
2.558594
2.578125
2.534180
2.539062
2.558594
2.553711
2.578125
2.617188
2.587891
2.607422
2.568359
2.539062
2.602539
2.524414
2.543945
2.558594
2.529297
2.553711
2.539062
2.534180
2.543945
2.539062
2.534180
2.514648
2.534180
2.519531
2.558594
2.539062
2.543945
2.529297
2.514648
2.495117
2.558594
2.534180
2.543945
2.573242
2.539062
2.524414
2.539062
2.509766
2.524414
2.534180
2.543945
2.534180
2.504883
2.539062
2.495117
2.539062
2.539062
2.543945
2.548828
2.519531
2.543945
2.519531
2.543945
2.539062
2.558594
2.514648
2.534180
2.524414
2.504883
2.524414
2.543945
2.524414
2.524414
2.524414
2.539062
2.519531
2.543945
2.514648
2.509766
2.553711
2.548828
2.563477
2.553711
2.534180
2.543945
2.587891
2.568359
2.597656
2.563477
2.578125
2.573242
2.578125
2.592773
2.573242
2.558594
2.558594
2.587891
2.578125
2.558594
2.563477
2.573242
2.597656
2.578125
2.622070
2.558594
2.558594
2.553711
2.578125
2.568359
2.612305
2.602539
2.583008
2.553711
2.568359
2.539062
2.519531
2.519531
2.524414
2.509766
2.543945
2.553711
2.558594
2.558594
2.568359
2.583008
2.563477
2.543945
2.583008
2.578125
2.568359
2.543945
2.558594
2.568359
2.553711
2.558594
2.539062
2.568359
2.558594
2.553711
2.563477
2.548828
2.534180
2.568359
2.534180
2.543945
2.568359
2.529297
2.587891
2.534180
2.583008
2.548828
2.583008
2.509766
2.568359
2.524414
2.553711
2.563477
2.529297
2.553711
2.534180
2.534180
2.539062
2.529297
2.529297
2.495117
2.509766
2.514648
2.529297
2.553711
2.524414
2.578125
2.558594
2.548828
2.553711
2.553711
2.548828
2.553711
2.553711
2.529297
2.548828
2.534180
2.548828
2.524414
2.543945
2.514648
2.539062
2.543945
2.514648
2.543945
2.534180
2.534180
2.500000
2.529297
2.568359
2.485352
2.519531
2.514648
2.504883
2.543945
2.548828
2.539062
2.504883
2.509766
2.524414
2.524414
2.539062
2.500000
2.524414
2.553711
2.529297
2.504883
2.519531
2.529297
2.534180
2.509766
2.539062
2.578125
2.553711
2.583008
2.607422
2.558594
2.563477
2.573242
2.534180
2.534180
2.568359
2.524414
2.539062
2.587891
2.495117
2.534180
2.539062
2.534180
2.578125
2.558594
2.548828
2.534180
2.534180
2.514648
2.553711
2.553711
2.524414
2.553711
2.534180
2.548828
2.548828
2.558594
2.563477
2.519531
2.539062
2.548828
2.548828
2.524414
2.592773
2.558594
2.543945
2.563477
2.563477
2.529297
2.534180
2.573242
2.539062
2.563477
2.548828
2.568359
2.592773
2.578125
2.597656
2.539062
2.553711
2.543945
2.539062
2.509766
2.519531
2.500000
2.543945
2.519531
2.514648
2.495117
2.504883
2.529297
2.519531
2.519531
2.524414
2.519531
2.500000
2.524414
2.509766
2.534180
2.529297
2.514648
2.534180
2.509766
2.553711
2.529297
2.548828
2.534180
2.514648
2.534180
2.543945
2.539062
2.539062
2.558594
2.539062
2.568359
2.529297
2.534180
2.543945
2.534180
2.539062
2.558594
2.558594
2.539062
2.563477
2.543945
2.553711
2.568359
2.534180
2.534180
2.504883
2.495117
2.553711
2.543945
2.539062
2.553711
2.543945
2.578125
2.539062
2.519531
2.539062
2.543945
2.578125
2.592773
2.568359
2.607422
2.563477
2.563477
2.568359
2.583008
2.543945
2.578125
2.583008
2.563477
2.578125
2.578125
2.607422
2.578125
2.602539
2.597656
2.612305
2.587891
2.573242
2.573242
