1.977539
1.660156
1.352539
1.127930
0.971680
0.898438
0.942383
1.113281
1.445312
1.860352
2.373047
2.978516
3.530273
4.135742
4.643555
4.990234
5.234375
5.288086
5.190430
4.907227
4.375000
3.808594
3.144531
2.363281
1.728516
1.040039
0.488281
0.117188
-0.102539
-0.117188
-0.014648
0.332031
0.756836
1.298828
1.870117
2.480469
3.041992
3.525391
3.881836
4.174805
4.277344
4.218750
4.125977
3.906250
3.652344
3.383789
3.071289
2.763672
2.607422
2.563477
2.573242
2.592773
2.519531
2.587891
2.578125
2.578125
2.607422
2.514648
2.587891
2.578125
2.534180
2.563477
2.553711
2.587891
2.548828
2.587891
2.558594
2.558594
2.558594
2.539062
2.573242
2.568359
2.529297
2.543945
2.543945
2.548828
2.548828
2.573242
2.543945
2.553711
2.529297
2.524414
2.539062
2.539062
2.539062
2.563477
2.553711
2.543945
2.553711
2.534180
2.558594
2.534180
2.563477
2.558594
2.553711
2.563477
2.578125
2.543945
2.548828
2.558594
2.558594
2.553711
2.534180
2.534180
2.534180
2.553711
2.553711
2.543945
2.553711
2.539062
2.563477
2.534180
2.543945
2.548828
2.524414
2.534180
2.543945
2.529297
2.534180
2.490234
2.524414
2.529297
2.548828
2.558594
2.553711
2.519531
2.543945
2.548828
2.485352
2.524414
2.563477
2.553711
2.597656
2.607422
2.578125
2.592773
2.539062
2.578125
2.592773
2.558594
2.573242
2.602539
2.514648
2.563477
2.563477
2.534180
2.553711
2.558594
2.539062
2.529297
2.524414
2.543945
2.539062
2.534180
2.558594
2.524414
2.573242
2.539062
2.558594
2.548828
2.519531
2.558594
2.534180
2.539062
2.553711
2.558594
2.558594
2.558594
2.548828
2.548828
2.558594
2.543945
2.568359
2.539062
2.563477
2.539062
2.563477
2.539062
2.543945
2.578125
2.583008
2.568359
2.592773
2.583008
2.543945
2.568359
2.539062
2.548828
2.539062
2.529297
2.563477
2.553711
2.543945
2.563477
2.529297
2.519531
2.553711
2.495117
2.558594
2.539062
2.524414
2.524414
2.534180
2.534180
2.548828
2.519531
2.563477
2.543945
2.548828
2.539062
2.558594
2.539062
2.548828
2.539062
2.529297
2.558594
2.524414
2.548828
2.563477
2.548828
2.534180
2.543945
2.558594
2.548828
2.563477
2.558594
2.543945
2.514648
2.553711
2.558594
2.563477
2.524414
2.583008
2.539062
2.524414
2.534180
2.548828
2.573242
2.519531
2.534180
2.553711
2.573242
2.558594
2.534180
2.573242
2.543945
2.587891
2.534180
2.563477
2.587891
2.563477
2.568359
2.568359
2.592773
2.597656
2.568359
2.573242
2.592773
2.602539
2.583008
2.548828
2.568359
2.592773
2.583008
2.587891
2.548828
2.563477
2.573242
2.578125
2.607422
2.592773
2.612305
2.592773
2.578125
2.578125
2.583008
2.573242
2.578125
2.587891
2.563477
2.583008
2.514648
2.534180
2.543945
2.529297
2.558594
2.578125
2.558594
2.558594
2.578125
2.578125
2.597656
2.573242
2.597656
2.563477
2.587891
2.607422
2.587891
2.573242
2.617188
2.568359
2.548828
2.578125
2.563477
2.568359
2.583008
2.543945
2.568359
2.597656
2.558594
2.573242
2.573242
2.563477
2.553711
2.607422
2.553711
2.597656
2.495117
2.578125
2.558594
2.534180
2.583008
2.563477
2.558594
2.553711
2.539062
2.534180
2.543945
2.563477
2.534180
2.553711
2.504883
2.500000
2.539062
2.548828
2.563477
2.563477
2.548828
2.583008
2.578125
2.587891
2.543945
2.548828
2.539062
2.573242
2.563477
2.553711
2.568359
2.558594
2.539062
2.558594
2.558594
2.534180
2.553711
2.534180
2.524414
2.548828
2.558594
2.563477
2.529297
2.548828
2.514648
2.548828
2.524414
2.539062
2.539062
2.519531
2.539062
2.563477
2.524414
2.529297
2.563477
2.553711
2.543945
2.553711
2.553711
2.524414
2.539062
2.514648
2.539062
2.558594
2.558594
2.548828
2.573242
2.568359
2.578125
2.563477
2.583008
2.597656
2.573242
2.578125
2.558594
2.543945
2.548828
2.558594
2.568359
2.573242
2.563477
2.534180
2.553711
2.529297
2.553711
2.548828
2.563477
2.534180
2.534180
2.539062
2.563477
2.524414
2.534180
2.495117
2.519531
2.524414
2.543945
2.543945
2.524414
2.553711
2.568359
2.573242
2.539062
2.553711
2.553711
2.543945
2.568359
2.539062
2.563477
2.543945
2.543945
2.573242
2.563477
2.578125
2.587891
2.563477
2.548828
2.573242
2.539062
2.548828
2.543945
2.514648
2.568359
2.539062
2.534180
2.519531
2.524414
2.524414
2.539062
2.519531
2.534180
2.485352
2.539062
2.514648
2.543945
2.534180
2.509766
2.534180
2.548828
2.539062
2.539062
2.519531
2.558594
2.529297
2.534180
2.543945
2.524414
2.553711
2.558594
2.578125
2.563477
2.568359
2.534180
2.548828
2.568359
2.539062
2.558594
2.553711
2.539062
2.548828
2.548828
2.534180
2.548828
2.597656
2.543945
2.587891
2.558594
2.548828
2.553711
2.514648
2.519531
2.534180
2.534180
2.539062
2.548828
2.558594
2.568359
2.558594
2.578125
2.558594
2.563477
2.563477
2.568359
2.568359
2.563477
2.587891
2.578125
2.578125
2.583008
2.592773
2.573242
2.587891
2.597656
2.592773
2.602539
2.578125
2.573242
2.573242
2.626953
2.592773
2.617188
2.573242
2.587891
2.558594
2.602539
2.553711
2.573242
2.553711
2.587891
2.597656
2.563477
2.578125
2.612305
2.568359
2.539062
2.539062
2.548828
2.558594
2.578125
2.568359
2.568359
2.578125
2.568359
2.587891
2.548828
2.543945
2.587891
2.558594
2.587891
2.597656
2.583008
2.583008
2.587891
2.548828
2.563477
2.573242
2.529297
2.607422
2.539062
2.529297
2.568359
2.568359
2.568359
2.587891
2.558594
2.534180
2.583008
2.543945
2.563477
2.583008
2.573242
2.543945
2.578125
2.563477
2.563477
2.592773
2.548828
2.539062
2.548828
2.573242
2.563477
2.529297
2.558594
2.529297
2.500000
2.519531
2.543945
2.553711
2.548828
2.558594
2.563477
2.558594
2.568359
2.568359
2.534180
2.558594
2.583008
2.573242
2.553711
2.543945
2.563477
2.558594
2.568359
2.553711
2.553711
2.543945
2.529297
2.524414
2.534180
2.573242
2.558594
2.534180
2.578125
2.519531
2.529297
2.539062
2.534180
2.543945
2.514648
2.519531
2.539062
2.529297
2.558594
2.563477
2.529297
2.539062
2.558594
2.534180
2.524414
2.597656
2.573242
2.558594
2.534180
2.548828
2.558594
2.568359
2.583008
2.607422
2.563477
2.578125
2.558594
2.558594
2.553711
2.563477
2.548828
2.534180
2.543945
2.543945
2.543945
2.543945
2.548828
2.509766
2.543945
2.524414
2.543945
2.529297
2.558594
2.553711
2.573242
2.534180
2.558594
2.548828
2.563477
2.543945
2.553711
2.558594
2.558594
2.539062
2.578125
2.539062
2.548828
2.529297
2.568359
2.534180
2.563477
2.568359
2.573242
2.583008
2.548828
2.578125
2.558594
2.548828
2.548828
2.587891
2.573242
2.573242
2.583008
2.558594
2.539062
2.553711
2.553711
2.543945
2.509766
2.534180
2.500000
2.500000
2.539062
2.509766
2.524414
2.514648
2.519531
2.519531
2.553711
2.509766
2.509766
2.500000
2.543945
2.529297
2.558594
2.514648
2.553711
2.524414
2.534180
2.558594
2.539062
2.529297
2.558594
2.543945
2.534180
2.539062
2.553711
2.539062
2.548828
2.539062
2.553711
2.529297
2.553711
2.553711
2.529297
2.543945
2.563477
2.553711
2.563477
2.548828
2.587891
2.548828
2.573242
2.553711
2.548828
2.539062
2.534180
2.548828
2.534180
2.553711
2.539062
2.529297
2.553711
2.553711
2.553711
2.563477
2.558594
2.573242
2.568359
2.592773
2.583008
2.592773
2.558594
2.568359
2.534180
2.568359
2.617188
2.587891
2.578125
2.612305
2.578125
2.583008
2.573242
2.573242
2.578125
2.587891
2.563477
2.563477
2.607422
2.568359
2.626953
2.597656
2.592773
2.622070
2.592773
2.548828
2.587891
2.558594
2.553711
2.563477
2.553711
2.548828
2.573242
2.548828
2.553711
2.553711
2.578125
2.587891
2.558594
2.553711
2.568359
2.587891
2.573242
2.592773
2.583008
2.563477
2.583008
2.587891
2.592773
2.543945
2.534180
2.602539
2.573242
2.587891
2.592773
2.563477
2.534180
2.563477
2.578125
2.534180
2.587891
2.553711
2.578125
2.563477
2.558594
2.568359
2.568359
2.514648
2.573242
2.553711
2.607422
2.524414
2.563477
2.573242
2.529297
2.548828
2.573242
2.578125
2.539062
2.509766
2.500000
2.553711
2.553711
2.529297
2.553711
2.553711
2.553711
2.558594
2.548828
2.578125
2.563477
2.563477
2.558594
2.553711
2.519531
2.558594
2.543945
2.558594
2.558594
2.553711
2.539062
2.553711
2.548828
2.553711
2.529297
2.543945
2.553711
2.578125
2.548828
2.539062
2.534180
2.543945
2.558594
2.539062
2.548828
2.563477
2.539062
2.529297
2.534180
2.568359
2.548828
2.539062
2.519531
2.485352
2.558594
2.534180
2.524414
2.543945
2.534180
2.558594
2.578125
2.563477
2.602539
2.514648
2.543945
2.612305
2.539062
2.573242
2.558594
2.548828
2.553711
2.558594
2.539062
2.548828
2.534180
2.553711
2.558594
2.539062
2.553711
2.553711
2.543945
2.534180
2.558594
2.529297
2.534180
2.534180
2.534180
2.568359
2.573242
2.539062
2.553711
2.548828
2.534180
2.558594
2.524414
2.543945
2.573242
2.578125
2.568359
2.563477
2.529297
2.534180
2.534180
2.543945
2.587891
2.548828
2.534180
2.553711
2.539062
2.607422
2.573242
2.617188
2.573242
2.568359
2.563477
2.543945
2.563477
2.548828
2.543945
2.534180
2.500000
2.519531
2.529297
2.519531
2.519531
2.519531
2.524414
2.539062
2.514648
2.524414
2.534180
2.529297
2.504883
2.553711
2.548828
2.539062
2.553711
2.514648
2.563477
2.534180
2.558594
2.543945
2.509766
2.553711
2.543945
2.534180
2.543945
2.553711
2.534180
2.553711
2.539062
2.563477
2.543945
2.553711
2.553711
2.558594
2.539062
2.573242
2.543945
2.597656
2.563477
2.558594
2.534180
2.563477
2.558594
2.534180
2.563477
2.534180
2.509766
2.548828
2.534180
2.519531
2.573242
2.587891
2.568359
2.592773
2.563477
2.563477
2.578125
2.563477
2.563477
2.597656
2.583008
2.587891
2.607422
2.592773
2.622070
2.612305
2.597656
2.617188
2.607422
2.597656
2.612305
2.553711
2.612305
2.578125
2.592773
2.607422
2.578125
2.573242
2.592773
2.568359
2.617188
2.592773
2.597656
2.607422
2.578125
2.568359
2.573242
2.587891
2.534180
2.539062
2.553711
2.524414
2.568359
2.573242
2.568359
2.578125
2.578125
2.592773
2.573242
2.578125
2.573242
2.583008
2.587891
2.587891
2.563477
2.553711
2.583008
2.568359
2.558594
2.548828
2.563477
2.607422
2.563477
2.558594
2.587891
2.573242
2.578125
2.548828
2.587891
2.597656
2.573242
2.578125
2.573242
2.543945
2.587891
2.558594
2.548828
2.587891
2.514648
2.568359
2.539062
2.543945
2.539062
2.524414
2.563477
2.558594
2.548828
2.514648
2.524414
2.543945
2.543945
2.534180
2.563477
2.524414
2.553711
2.568359
2.543945
2.543945
2.543945
2.553711
2.578125
2.563477
2.563477
2.558594
2.548828
2.543945
2.573242
2.553711
2.568359
2.539062
2.548828
2.529297
2.524414
2.529297
2.548828
2.583008
2.519531
2.553711
2.534180
2.543945
2.529297
2.539062
2.543945
2.548828
2.534180
2.563477
2.539062
2.519531
2.553711
2.539062
2.553711
2.553711
2.514648
2.514648
2.553711
2.548828
2.519531
2.519531
2.583008
2.587891
2.592773
2.553711
2.597656
2.558594
2.573242
2.548828
2.568359
2.563477
2.534180
2.573242
2.563477
2.568359
2.548828
2.558594
2.534180
2.539062
2.534180
2.573242
2.534180
2.534180
2.558594
2.543945
2.558594
2.534180
2.543945
2.524414
2.558594
2.529297
2.563477
2.543945
2.539062
2.558594
2.543945
2.548828
2.558594
2.529297
2.558594
2.543945
2.524414
2.568359
2.534180
2.543945
2.558594
2.563477
2.534180
2.539062
2.563477
2.563477
2.578125
2.563477
2.543945
2.563477
2.573242
2.543945
2.524414
2.563477
2.524414
2.524414
2.495117
2.548828
2.543945
2.548828
2.539062
2.519531
2.558594
2.529297
2.524414
2.543945
2.519531
2.519531
2.539062
2.524414
2.519531
2.543945
2.543945
2.553711
2.529297
2.553711
2.529297
2.529297
2.553711
2.519531
2.534180
2.553711
2.553711
2.539062
2.558594
2.529297
2.553711
2.558594
2.553711
2.543945
2.534180
2.553711
2.543945
2.548828
2.539062
2.553711
2.529297
2.568359
2.553711
2.519531
2.553711
2.558594
2.534180
2.539062
2.524414
2.539062
2.573242
2.529297
2.573242
2.543945
2.578125
2.534180
2.573242
2.587891
2.519531
2.583008
2.563477
2.583008
2.578125
2.597656
2.587891
2.592773
2.573242
2.597656
2.597656
2.578125
2.548828
2.573242
2.607422
2.563477
2.612305
2.617188
2.597656
2.587891
2.592773
2.612305
2.597656
2.583008
2.592773
2.583008
2.578125
2.592773
2.548828
2.587891
2.583008
2.592773
2.539062
2.529297
2.529297
2.563477
2.548828
2.578125
2.578125
2.558594
2.573242
2.592773
2.587891
2.617188
2.543945
2.587891
2.578125
2.573242
2.563477
2.602539
2.587891
2.587891
2.578125
2.573242
2.597656
2.558594
2.573242
2.587891
2.543945
2.563477
2.573242
2.597656
2.548828
2.553711
2.573242
2.543945
2.573242
2.568359
2.578125
2.563477
2.568359
2.607422
2.543945
2.587891
2.529297
2.563477
2.548828
2.587891
2.534180
2.553711
2.553711
2.539062
2.543945
2.534180
2.495117
2.568359
2.558594
2.558594
2.563477
2.553711
2.592773
2.539062
2.563477
2.543945
2.543945
2.592773
2.573242
2.563477
2.543945
2.553711
2.558594
2.553711
2.553711
2.548828
2.553711
2.583008
2.553711
2.519531
2.578125
2.539062
2.548828
2.539062
2.563477
2.543945
2.534180
2.534180
2.543945
2.543945
2.548828
2.529297
2.553711
2.539062
2.539062
2.529297
2.539062
2.558594
2.553711
2.524414
2.568359
2.534180
2.529297
2.539062
2.539062
2.553711
2.553711
2.573242
2.568359
2.558594
2.583008
2.573242
2.543945
2.592773
2.543945
2.573242
2.543945
2.553711
2.558594
2.592773
2.524414
2.568359
2.543945
2.553711
2.578125
2.543945
2.529297
2.534180
2.568359
2.495117
2.553711
2.539062
2.563477
2.573242
2.553711
2.553711
2.539062
2.543945
2.548828
2.573242
2.543945
2.534180
2.543945
2.563477
2.568359
2.539062
2.558594
2.553711
2.553711
2.548828
2.543945
2.514648
2.578125
2.587891
2.607422
2.578125
2.563477
2.607422
2.548828
2.563477
2.558594
2.539062
2.534180
2.529297
2.500000
2.509766
2.543945
2.519531
2.553711
2.519531
2.534180
2.509766
2.514648
2.534180
2.553711
2.509766
2.529297
2.548828
2.534180
2.519531
2.568359
2.529297
2.553711
2.558594
2.553711
2.548828
2.558594
2.548828
2.548828
2.553711
2.563477
2.548828
2.558594
2.573242
2.563477
2.558594
2.568359
2.568359
2.558594
2.558594
2.539062
2.558594
2.553711
2.563477
2.548828
2.573242
2.558594
2.558594
2.553711
2.553711
2.534180
2.539062
2.539062
2.568359
2.563477
2.534180
2.578125
2.558594
2.553711
2.587891
2.578125
2.578125
2.587891
2.568359
2.587891
2.578125
2.578125
2.573242
2.573242
2.573242
2.573242
2.539062
2.612305
2.587891
2.578125
2.573242
2.578125
2.583008
2.583008
2.568359
2.568359
2.578125
2.553711
2.617188
2.597656
2.597656
2.592773
2.592773
2.607422
2.612305
2.558594
2.578125
2.568359
2.568359
2.563477
2.548828
2.519531
2.543945
2.553711
2.597656
2.578125
2.587891
2.587891
2.592773
2.568359
2.587891
2.558594
2.612305
2.607422
2.573242
2.558594
2.617188
2.587891
2.597656
2.539062
2.578125
2.563477
2.553711
2.578125
2.524414
2.607422
2.563477
2.573242
2.558594
2.597656
2.568359
2.563477
2.573242
2.558594
2.563477
2.558594
2.539062
2.587891
2.543945
2.587891
2.524414
2.558594
2.553711
2.543945
2.573242
2.563477
2.529297
2.558594
2.539062
2.529297
2.553711
2.568359
2.534180
2.578125
2.548828
2.543945
2.597656
2.553711
2.578125
2.558594
2.558594
2.558594
2.573242
2.543945
2.587891
2.553711
2.597656
2.539062
2.558594
2.563477
2.563477
2.543945
2.553711
2.573242
2.573242
2.568359
2.548828
2.563477
2.563477
2.563477
2.563477
2.529297
2.539062
2.539062
2.539062
2.539062
2.563477
2.548828
2.524414
2.563477
2.548828
2.539062
2.534180
2.514648
2.563477
2.548828
2.548828
2.529297
2.553711
2.573242
2.568359
2.607422
2.568359
2.592773
2.563477
2.587891
2.578125
2.558594
2.573242
2.543945
2.592773
2.573242
2.563477
2.558594
2.553711
2.587891
2.548828
2.534180
2.529297
2.548828
2.548828
2.539062
2.543945
2.534180
2.553711
2.558594
2.563477
2.563477
2.539062
2.558594
2.558594
2.548828
2.534180
2.543945
2.558594
2.548828
2.558594
2.583008
2.534180
2.543945
2.543945
2.558594
2.543945
2.548828
2.583008
2.539062
2.548828
2.553711
2.573242
2.587891
2.597656
2.592773
2.597656
2.563477
2.573242
2.548828
2.553711
2.539062
2.519531
2.553711
2.543945
2.543945
2.529297
2.485352
2.519531
2.524414
2.563477
2.514648
2.553711
2.519531
2.548828
2.519531
2.509766
2.529297
2.573242
2.529297
2.543945
2.568359
2.519531
2.534180
2.558594
2.548828
2.558594
2.558594
2.553711
2.543945
2.519531
2.529297
2.558594
2.553711
2.578125
2.563477
2.543945
2.543945
2.558594
2.529297
2.524414
2.563477
2.573242
2.539062
2.568359
2.539062
2.558594
2.539062
2.534180
2.529297
2.524414
2.539062
2.534180
2.539062
2.539062
2.558594
2.553711
2.592773
2.583008
2.553711
2.568359
2.553711
2.592773
2.583008
2.597656
2.563477
2.592773
2.539062
2.578125
2.592773
2.587891
2.587891
2.563477
2.558594
2.578125
2.553711
2.587891
2.563477
2.592773
2.597656
2.587891
2.583008
2.573242
2.578125
2.573242
2.612305
2.602539
2.597656
2.583008
2.578125
2.583008
2.592773
2.587891
2.529297
2.548828
2.548828
2.558594
2.583008
2.568359
2.553711
2.617188
2.587891
2.597656
2.578125
2.553711
2.563477
2.597656
2.563477
2.563477
2.573242
2.568359
2.597656
2.543945
2.529297
2.597656
2.543945
2.587891
2.558594
2.558594
2.558594
2.568359
2.583008
2.558594
2.529297
2.568359
2.553711
2.568359
2.548828
2.607422
2.534180
2.578125
2.568359
2.553711
2.597656
2.534180
2.602539
2.553711
2.568359
2.539062
2.563477
2.597656
2.529297
2.543945
2.529297
2.543945
2.548828
2.543945
2.563477
2.558594
2.553711
2.543945
2.587891
2.519531
2.558594
2.578125
2.573242
2.578125
2.539062
2.558594
2.553711
2.543945
2.539062
2.539062
2.568359
2.539062
2.543945
2.543945
2.539062
2.534180
2.563477
2.539062
2.583008
2.543945
2.558594
2.524414
2.514648
2.500000
2.543945
2.553711
2.534180
2.534180
2.514648
2.568359
2.524414
2.553711
2.539062
2.539062
2.553711
2.568359
2.524414
2.514648
2.539062
2.592773
2.568359
2.529297
2.573242
2.573242
2.553711
2.578125
2.553711
2.553711
2.558594
2.583008
2.524414
2.563477
2.548828
2.558594
2.539062
2.543945
2.553711
2.524414
2.543945
2.543945
2.558594
2.539062
2.539062
2.543945
2.563477
2.558594
2.568359
2.519531
2.534180
2.553711
2.539062
2.519531
2.563477
2.553711
2.543945
2.519531
2.553711
2.539062
2.534180
2.553711
2.539062
2.553711
2.543945
2.558594
2.539062
2.529297
2.543945
2.534180
2.573242
2.578125
2.587891
2.543945
2.583008
2.592773
2.563477
2.529297
2.573242
2.543945
2.543945
2.519531
2.509766
2.524414
2.524414
2.534180
2.490234
2.524414
2.514648
2.539062
2.529297
2.558594
2.543945
2.495117
2.592773
2.534180
2.568359
2.543945
2.500000
2.529297
2.534180
2.543945
2.543945
2.519531
2.548828
2.543945
2.543945
2.534180
2.524414
2.573242
2.539062
2.558594
2.558594
2.553711
2.558594
2.539062
2.539062
2.539062
2.563477
2.539062
2.553711
2.563477
2.568359
2.553711
2.568359
2.558594
2.524414
2.519531
2.514648
2.543945
2.553711
2.568359
2.558594
2.568359
2.539062
2.583008
2.534180
2.553711
2.568359
2.558594
2.587891
2.587891
2.548828
2.563477
2.548828
2.548828
2.573242
2.573242
2.597656
2.568359
2.543945
2.553711
2.602539
2.553711
2.529297
2.568359
2.578125
2.583008
2.563477
2.539062
2.587891
2.563477
2.592773
2.558594
2.587891
2.558594
2.602539
2.558594
2.592773
2.597656
2.617188
2.548828
2.553711
2.553711
2.543945
2.548828
2.578125
2.553711
2.578125
2.592773
2.553711
2.568359
2.573242
2.568359
2.587891
2.602539
2.563477
2.543945
2.548828
