1.772461
1.513672
1.191406
1.025391
0.878906
0.893555
1.015625
1.230469
1.596680
2.070312
2.617188
3.193359
3.769531
4.340820
4.765625
5.112305
5.253906
5.249023
5.053711
4.721680
4.189453
3.535156
2.851562
2.084961
1.406250
0.820312
0.332031
0.034180
-0.107422
-0.097656
0.122070
0.541992
1.020508
1.567383
2.177734
2.763672
3.295898
3.715820
4.018555
4.213867
4.296875
4.208984
4.023438
3.750000
3.486328
3.173828
2.900391
2.656250
2.587891
2.558594
2.558594
2.583008
2.597656
2.587891
2.563477
2.524414
2.563477
2.592773
2.592773
2.568359
2.587891
2.573242
2.553711
2.563477
2.578125
2.548828
2.553711
2.578125
2.563477
2.563477
2.519531
2.539062
2.578125
2.583008
2.558594
2.563477
2.568359
2.539062
2.553711
2.543945
2.568359
2.539062
2.548828
2.519531
2.543945
2.558594
2.534180
2.543945
2.543945
2.534180
2.504883
2.514648
2.509766
2.529297
2.514648
2.543945
2.534180
2.534180
2.558594
2.548828
2.539062
2.573242
2.553711
2.573242
2.553711
2.529297
2.539062
2.558594
2.534180
2.553711
2.548828
2.543945
2.563477
2.524414
2.543945
2.529297
2.534180
2.548828
2.519531
2.548828
2.519531
2.519531
2.524414
2.514648
2.548828
2.519531
2.524414
2.543945
2.514648
2.524414
2.548828
2.543945
2.500000
2.519531
2.529297
2.543945
2.539062
2.524414
2.509766
2.524414
2.524414
2.553711
2.543945
2.597656
2.607422
2.573242
2.583008
2.558594
2.573242
2.558594
2.568359
2.548828
2.548828
2.573242
2.534180
2.573242
2.529297
2.553711
2.514648
2.553711
2.548828
2.539062
2.524414
2.504883
2.534180
2.524414
2.534180
2.529297
2.485352
2.534180
2.553711
2.524414
2.563477
2.500000
2.529297
2.504883
2.553711
2.529297
2.539062
2.534180
2.539062
2.539062
2.524414
2.534180
2.543945
2.548828
2.509766
2.543945
2.563477
2.534180
2.558594
2.583008
2.558594
2.534180
2.568359
2.548828
2.578125
2.548828
2.514648
2.509766
2.529297
2.534180
2.519531
2.509766
2.514648
2.509766
2.514648
2.495117
2.509766
2.500000
2.509766
2.514648
2.514648
2.543945
2.529297
2.514648
2.534180
2.534180
2.519531
2.519531
2.553711
2.519531
2.524414
2.553711
2.514648
2.529297
2.514648
2.524414
2.548828
2.548828
2.539062
2.539062
2.548828
2.558594
2.543945
2.543945
2.509766
2.529297
2.539062
2.514648
2.553711
2.548828
2.539062
2.529297
2.543945
2.534180
2.529297
2.524414
2.519531
2.539062
2.529297
2.543945
2.558594
2.495117
2.534180
2.543945
2.553711
2.563477
2.558594
2.563477
2.573242
2.563477
2.558594
2.563477
2.597656
2.553711
2.548828
2.578125
2.568359
2.573242
2.583008
2.558594
2.587891
2.587891
2.578125
2.592773
2.592773
2.592773
2.573242
2.568359
2.592773
2.597656
2.578125
2.583008
2.563477
2.539062
2.592773
2.583008
2.592773
2.597656
2.587891
2.573242
2.519531
2.539062
2.558594
2.509766
2.573242
2.539062
2.568359
2.583008
2.553711
2.539062
2.553711
2.602539
2.563477
2.607422
2.558594
2.573242
2.578125
2.563477
2.573242
2.563477
2.539062
2.553711
2.578125
2.578125
2.539062
2.573242
2.573242
2.553711
2.587891
2.558594
2.583008
2.563477
2.553711
2.553711
2.558594
2.563477
2.539062
2.573242
2.543945
2.563477
2.548828
2.553711
2.553711
2.539062
2.543945
2.578125
2.514648
2.539062
2.534180
2.558594
2.548828
2.519531
2.514648
2.524414
2.548828
2.563477
2.534180
2.563477
2.563477
2.587891
2.558594
2.534180
2.553711
2.553711
2.548828
2.539062
2.548828
2.534180
2.553711
2.539062
2.529297
2.529297
2.524414
2.524414
2.534180
2.534180
2.539062
2.524414
2.524414
2.529297
2.514648
2.529297
2.543945
2.539062
2.529297
2.519531
2.509766
2.539062
2.548828
2.514648
2.519531
2.548828
2.529297
2.500000
2.524414
2.509766
2.534180
2.534180
2.539062
2.539062
2.553711
2.587891
2.602539
2.607422
2.597656
2.597656
2.573242
2.543945
2.558594
2.539062
2.529297
2.514648
2.543945
2.534180
2.519531
2.519531
2.529297
2.529297
2.529297
2.524414
2.519531
2.524414
2.539062
2.534180
2.524414
2.543945
2.534180
2.534180
2.539062
2.543945
2.558594
2.548828
2.548828
2.563477
2.539062
2.534180
2.539062
2.563477
2.509766
2.563477
2.573242
2.587891
2.578125
2.543945
2.563477
2.543945
2.548828
2.539062
2.548828
2.578125
2.568359
2.568359
2.568359
2.573242
2.543945
2.519531
2.563477
2.514648
2.519531
2.509766
2.480469
2.524414
2.500000
2.500000
2.529297
2.509766
2.495117
2.504883
2.509766
2.543945
2.514648
2.500000
2.558594
2.504883
2.524414
2.529297
2.529297
2.543945
2.539062
2.529297
2.529297
2.509766
2.534180
2.524414
2.543945
2.534180
2.543945
2.519531
2.548828
2.548828
2.534180
2.558594
2.553711
2.553711
2.519531
2.539062
2.558594
2.519531
2.553711
2.573242
2.529297
2.529297
2.519531
2.539062
2.529297
2.524414
2.495117
2.519531
2.553711
2.543945
2.553711
2.534180
2.543945
2.578125
2.553711
2.553711
2.529297
2.553711
2.563477
2.553711
2.592773
2.592773
2.578125
2.573242
2.553711
2.583008
2.553711
2.592773
2.578125
2.587891
2.592773
2.578125
2.578125
2.578125
2.578125
2.587891
2.568359
2.592773
2.602539
2.573242
2.602539
2.573242
2.592773
2.587891
2.568359
2.597656
2.587891
2.534180
2.597656
2.548828
2.514648
2.553711
2.529297
2.519531
2.553711
2.543945
2.587891
2.539062
2.597656
2.524414
2.563477
2.587891
2.563477
2.558594
2.553711
2.592773
2.573242
2.578125
2.578125
2.563477
2.558594
2.592773
2.558594
2.558594
2.592773
2.509766
2.524414
2.583008
2.539062
2.573242
2.573242
2.548828
2.563477
2.558594
2.578125
2.534180
2.553711
2.568359
2.568359
2.534180
2.534180
2.534180
2.543945
2.543945
2.524414
2.553711
2.539062
2.543945
2.563477
2.485352
2.490234
2.539062
2.548828
2.524414
2.553711
2.548828
2.563477
2.553711
2.558594
2.524414
2.539062
2.558594
2.558594
2.563477
2.573242
2.519531
2.558594
2.543945
2.539062
2.543945
2.563477
2.519531
2.534180
2.548828
2.524414
2.558594
2.548828
2.529297
2.524414
2.500000
2.524414
2.524414
2.519531
2.539062
2.543945
2.543945
2.558594
2.543945
2.495117
2.504883
2.529297
2.529297
2.524414
2.504883
2.524414
2.524414
2.519531
2.514648
2.543945
2.553711
2.539062
2.587891
2.558594
2.583008
2.558594
2.592773
2.563477
2.563477
2.543945
2.578125
2.534180
2.519531
2.509766
2.539062
2.543945
2.553711
2.519531
2.514648
2.543945
2.529297
2.534180
2.578125
2.539062
2.534180
2.543945
2.543945
2.529297
2.529297
2.519531
2.534180
2.495117
2.519531
2.534180
2.568359
2.539062
2.519531
2.548828
2.534180
2.553711
2.543945
2.539062
2.539062
2.573242
2.548828
2.548828
2.553711
2.539062
2.558594
2.558594
2.592773
2.563477
2.558594
2.563477
2.558594
2.548828
2.524414
2.509766
2.563477
2.509766
2.524414
2.480469
2.509766
2.495117
2.509766
2.500000
2.500000
2.519531
2.509766
2.563477
2.514648
2.558594
2.514648
2.539062
2.519531
2.509766
2.548828
2.519531
2.539062
2.548828
2.539062
2.529297
2.543945
2.553711
2.548828
2.534180
2.543945
2.543945
2.553711
2.539062
2.558594
2.539062
2.558594
2.553711
2.519531
2.529297
2.558594
2.553711
2.543945
2.558594
2.553711
2.558594
2.553711
2.534180
2.539062
2.543945
2.470703
2.553711
2.534180
2.514648
2.539062
2.519531
2.553711
2.539062
2.548828
2.539062
2.558594
2.548828
2.583008
2.578125
2.568359
2.578125
2.548828
2.587891
2.587891
2.587891
2.563477
2.563477
2.583008
2.553711
2.583008
2.563477
2.563477
2.583008
2.583008
2.597656
2.592773
2.578125
2.563477
2.553711
2.568359
2.592773
2.592773
2.602539
2.578125
2.578125
2.558594
2.617188
2.553711
2.578125
2.573242
2.509766
2.519531
2.524414
2.534180
2.543945
2.548828
2.553711
2.539062
2.558594
2.553711
2.573242
2.607422
2.563477
2.539062
2.597656
2.558594
2.578125
2.578125
2.573242
2.597656
2.553711
2.539062
2.543945
2.548828
2.573242
2.558594
2.558594
2.578125
2.548828
2.597656
2.539062
2.563477
2.578125
2.495117
2.573242
2.539062
2.548828
2.568359
2.519531
2.578125
2.539062
2.548828
2.529297
2.587891
2.534180
2.539062
2.548828
2.539062
2.529297
2.519531
2.509766
2.519531
2.529297
2.529297
2.529297
2.534180
2.539062
2.543945
2.548828
2.573242
2.534180
2.563477
2.553711
2.553711
2.539062
2.534180
2.539062
2.539062
2.543945
2.548828
2.548828
2.539062
2.534180
2.529297
2.543945
2.519531
2.534180
2.543945
2.558594
2.558594
2.529297
2.529297
2.534180
2.514648
2.500000
2.519531
2.539062
2.534180
2.534180
2.524414
2.509766
2.543945
2.509766
2.519531
2.534180
2.539062
2.548828
2.500000
2.514648
2.539062
2.578125
2.543945
2.563477
2.558594
2.558594
2.578125
2.583008
2.563477
2.563477
2.558594
2.543945
2.539062
2.539062
2.539062
2.509766
2.509766
2.553711
2.563477
2.563477
2.548828
2.539062
2.563477
2.543945
2.509766
2.553711
2.534180
2.553711
2.578125
2.539062
2.509766
2.524414
2.543945
2.500000
2.539062
2.558594
2.587891
2.514648
2.529297
2.539062
2.543945
2.539062
2.548828
2.519531
2.534180
2.534180
2.534180
2.548828
2.553711
2.539062
2.573242
2.539062
2.568359
2.548828
2.553711
2.553711
2.534180
2.534180
2.519531
2.524414
2.558594
2.514648
2.514648
2.529297
2.519531
2.514648
2.509766
2.504883
2.514648
2.524414
2.480469
2.558594
2.548828
2.504883
2.534180
2.504883
2.529297
2.504883
2.529297
2.534180
2.543945
2.514648
2.534180
2.539062
2.539062
2.519531
2.539062
2.539062
2.534180
2.524414
2.539062
2.543945
2.529297
2.543945
2.539062
2.519531
2.553711
2.553711
2.548828
2.548828
2.573242
2.529297
2.529297
2.573242
2.534180
2.514648
2.539062
2.519531
2.509766
2.553711
2.558594
2.500000
2.578125
2.543945
2.529297
2.553711
2.573242
2.583008
2.573242
2.568359
2.568359
2.578125
2.573242
2.597656
2.607422
2.602539
2.592773
2.558594
2.568359
2.592773
2.558594
2.592773
2.573242
2.597656
2.558594
2.573242
2.597656
2.553711
2.602539
2.587891
2.524414
2.583008
2.583008
2.573242
2.617188
2.587891
2.568359
2.573242
2.573242
2.578125
2.553711
2.548828
2.504883
2.534180
2.543945
2.524414
2.543945
2.583008
2.592773
2.548828
2.597656
2.573242
2.583008
2.573242
2.578125
2.583008
2.558594
2.597656
2.578125
2.553711
2.573242
2.573242
2.573242
2.529297
2.543945
2.563477
2.529297
2.578125
2.558594
2.553711
2.529297
2.578125
2.553711
2.529297
2.558594
2.553711
2.539062
2.558594
2.543945
2.519531
2.553711
2.509766
2.568359
2.534180
2.543945
2.534180
2.543945
2.500000
2.500000
2.504883
2.500000
2.495117
2.509766
2.519531
2.539062
2.578125
2.568359
2.539062
2.553711
2.548828
2.558594
2.539062
2.553711
2.543945
2.548828
2.539062
2.543945
2.534180
2.553711
2.543945
2.534180
2.519531
2.509766
2.539062
2.524414
2.548828
2.553711
2.519531
2.543945
2.539062
2.524414
2.519531
2.539062
2.563477
2.529297
2.563477
2.524414
2.553711
2.534180
2.543945
2.519531
2.548828
2.500000
2.519531
2.543945
2.514648
2.529297
2.524414
2.504883
2.514648
2.529297
2.573242
2.573242
2.563477
2.597656
2.543945
2.622070
2.563477
2.553711
2.539062
2.558594
2.534180
2.543945
2.534180
2.514648
2.553711
2.543945
2.524414
2.558594
2.558594
2.568359
2.534180
2.514648
2.543945
2.504883
2.524414
2.573242
2.529297
2.553711
2.529297
2.534180
2.543945
2.563477
2.539062
2.529297
2.563477
2.548828
2.553711
2.534180
2.553711
2.509766
2.563477
2.534180
2.583008
2.524414
2.568359
2.553711
2.553711
2.529297
2.534180
2.573242
2.607422
2.592773
2.568359
2.548828
2.568359
2.553711
2.553711
2.534180
2.534180
2.529297
2.514648
2.504883
2.534180
2.495117
2.500000
2.524414
2.543945
2.534180
2.543945
2.519531
2.539062
2.500000
2.539062
2.514648
2.543945
2.519531
2.524414
2.509766
2.563477
2.534180
2.553711
2.548828
2.529297
2.548828
2.519531
2.548828
2.539062
2.543945
2.534180
2.543945
2.553711
2.534180
2.514648
2.524414
2.543945
2.548828
2.529297
2.548828
2.529297
2.573242
2.534180
2.543945
2.568359
2.500000
2.534180
2.539062
2.529297
2.524414
2.543945
2.539062
2.543945
2.539062
2.534180
2.558594
2.558594
2.568359
2.597656
2.573242
2.563477
2.548828
2.592773
2.558594
2.558594
2.587891
2.558594
2.553711
2.578125
2.573242
2.563477
2.553711
2.578125
2.563477
2.617188
2.568359
2.578125
2.573242
2.563477
2.578125
2.583008
2.617188
2.597656
2.573242
2.578125
2.602539
2.602539
2.553711
2.583008
2.587891
2.563477
2.529297
2.548828
2.539062
2.519531
2.563477
2.543945
2.548828
2.573242
2.553711
2.578125
2.578125
2.563477
2.553711
2.587891
2.553711
2.597656
2.558594
2.558594
2.568359
2.553711
2.558594
2.587891
2.573242
2.573242
2.563477
2.612305
2.563477
2.563477
2.563477
2.563477
2.524414
2.568359
2.558594
2.558594
2.558594
2.543945
2.568359
2.583008
2.553711
2.553711
2.548828
2.534180
2.529297
2.573242
2.553711
2.548828
2.529297
2.539062
2.553711
2.529297
2.548828
2.529297
2.500000
2.509766
2.539062
2.534180
2.524414
2.548828
2.558594
2.573242
2.548828
2.573242
2.539062
2.539062
2.553711
2.558594
2.539062
2.534180
2.534180
2.543945
2.529297
2.548828
2.534180
2.534180
2.563477
2.543945
2.524414
2.548828
2.534180
2.543945
2.534180
2.543945
2.543945
2.529297
2.534180
2.519531
2.519531
2.519531
2.529297
2.509766
2.524414
2.553711
2.539062
2.534180
2.504883
2.529297
2.519531
2.563477
2.548828
2.548828
2.519531
2.568359
2.607422
2.553711
2.543945
2.573242
2.539062
2.568359
2.578125
2.558594
2.553711
2.548828
2.548828
2.534180
2.548828
2.553711
2.534180
2.524414
2.534180
2.524414
2.539062
2.519531
2.539062
2.553711
2.524414
2.534180
2.553711
2.524414
2.539062
2.558594
2.509766
2.529297
2.553711
2.539062
2.524414
2.558594
2.573242
2.539062
2.543945
2.519531
2.539062
2.534180
2.534180
2.534180
2.553711
2.539062
2.529297
2.543945
2.534180
2.534180
2.539062
2.543945
2.578125
2.578125
2.534180
2.543945
2.543945
2.524414
2.573242
2.529297
2.543945
2.539062
2.519531
2.524414
2.519531
2.524414
2.509766
2.539062
2.529297
2.519531
2.534180
2.509766
2.514648
2.543945
2.519531
2.539062
2.529297
2.514648
2.548828
2.534180
2.548828
2.524414
2.524414
2.548828
2.534180
2.529297
2.539062
2.553711
2.539062
2.519531
2.543945
2.539062
2.514648
2.534180
2.543945
2.563477
2.553711
2.558594
2.543945
2.539062
2.543945
2.543945
2.548828
2.514648
2.543945
2.543945
2.495117
2.539062
2.519531
2.539062
2.504883
2.553711
2.553711
2.539062
2.573242
2.539062
2.558594
2.534180
2.578125
2.597656
2.592773
2.578125
2.553711
2.534180
2.563477
2.607422
2.558594
2.553711
2.578125
2.548828
2.568359
2.602539
2.563477
2.553711
2.543945
2.563477
2.578125
2.607422
2.592773
2.563477
2.573242
2.568359
2.592773
2.534180
2.548828
2.563477
2.563477
2.568359
2.563477
2.583008
2.553711
2.548828
2.539062
2.543945
2.519531
2.539062
2.543945
2.563477
2.573242
2.529297
2.583008
2.568359
2.563477
2.592773
2.553711
2.592773
2.592773
2.543945
2.558594
2.519531
2.553711
2.612305
2.548828
2.514648
2.573242
2.573242
2.548828
2.587891
2.563477
2.553711
2.553711
2.534180
2.578125
2.563477
2.553711
2.558594
2.568359
2.558594
2.509766
2.573242
2.543945
2.548828
2.553711
2.558594
2.558594
2.553711
2.587891
2.534180
2.558594
2.514648
2.519531
2.519531
2.534180
2.529297
2.553711
2.563477
2.543945
2.548828
2.548828
2.563477
2.519531
2.553711
2.568359
2.573242
2.553711
2.558594
2.539062
2.529297
2.543945
2.539062
2.553711
2.524414
2.543945
2.539062
2.539062
2.529297
2.548828
2.543945
2.548828
2.524414
2.529297
2.534180
2.534180
2.529297
2.543945
2.529297
2.548828
2.543945
2.529297
2.534180
2.514648
2.543945
2.524414
2.519531
2.534180
2.519531
2.500000
2.524414
2.519531
2.543945
2.539062
2.558594
2.568359
2.539062
2.563477
2.563477
2.539062
2.543945
2.543945
2.529297
2.563477
2.529297
2.553711
2.534180
2.573242
2.529297
2.539062
2.529297
2.529297
2.539062
2.548828
2.539062
2.563477
2.568359
2.514648
2.568359
2.534180
2.524414
2.509766
2.529297
2.539062
2.509766
2.543945
2.558594
2.529297
2.578125
2.558594
2.563477
2.529297
2.534180
2.558594
2.529297
2.543945
2.563477
2.563477
2.524414
2.563477
2.539062
2.519531
2.568359
2.602539
2.563477
2.597656
2.563477
2.558594
2.524414
2.558594
2.543945
2.548828
2.529297
2.529297
2.524414
2.519531
2.524414
2.543945
2.529297
2.553711
2.534180
2.529297
2.500000
2.558594
2.519531
2.563477
2.490234
2.524414
2.509766
2.543945
2.519531
2.529297
2.519531
2.534180
2.539062
2.534180
2.587891
2.539062
2.529297
2.563477
2.553711
2.543945
2.534180
2.524414
2.543945
2.524414
2.543945
2.563477
2.539062
2.529297
2.539062
2.578125
2.568359
2.553711
2.568359
2.539062
2.553711
2.539062
2.539062
2.519531
2.529297
2.539062
2.519531
2.543945
2.529297
2.548828
2.568359
2.524414
2.573242
2.558594
2.563477
2.563477
2.573242
2.573242
2.548828
2.578125
2.543945
2.587891
2.587891
2.558594
2.597656
2.563477
2.578125
2.583008
2.568359
2.587891
2.607422
2.534180
2.597656
2.578125
2.568359
2.534180
2.607422
2.568359
2.592773
2.558594
2.587891
2.524414
2.578125
2.578125
2.548828
2.553711
2.548828
2.543945
2.592773
2.509766
2.534180
2.519531
2.543945
2.543945
2.563477
2.592773
2.583008
2.573242
2.568359
2.558594
2.568359
2.558594
2.568359
2.573242
2.578125
2.578125
2.548828
2.573242
2.587891
2.548828
2.597656
2.543945
2.543945
2.543945
2.534180
2.573242
2.524414
2.568359
2.553711
2.558594
2.553711
2.592773
2.573242
2.558594
2.524414
2.553711
2.543945
2.587891
2.524414
2.563477
2.529297
2.573242
2.558594
2.563477
2.539062
2.539062
2.534180
2.500000
2.534180
2.548828
2.529297
2.529297
2.568359
2.548828
2.529297
2.592773
2.539062
2.539062
2.578125
2.553711
2.543945
2.558594
2.529297
2.558594
2.568359
2.548828
2.548828
2.543945
2.543945
2.563477
2.563477
2.553711
2.558594
2.548828
2.548828
2.539062
2.534180
2.553711
2.529297
2.534180
2.563477
2.539062
2.553711
2.529297
2.543945
2.529297
2.568359
2.553711
2.548828
2.558594
2.539062
2.524414
2.543945
2.539062
2.534180
2.539062
2.524414
2.539062
2.568359
2.553711
2.563477
2.583008
2.583008
2.568359
2.587891
2.553711
2.553711
2.553711
2.553711
2.539062
2.553711
2.553711
2.534180
2.563477
2.524414
2.539062
2.563477
2.568359
2.524414
2.539062
2.548828
2.558594
2.534180
2.534180
2.539062
2.539062
2.563477
2.539062
2.543945
2.568359
2.509766
2.543945
2.524414
2.548828
2.534180
2.563477
2.558594
2.553711
2.524414
2.539062
2.573242
2.558594
2.573242
2.543945
2.534180
2.563477
2.573242
2.529297
2.583008
2.558594
2.563477
2.568359
2.563477
2.553711
2.529297
2.519531
2.524414
2.543945
2.539062
2.519531
2.539062
2.509766
2.524414
2.519531
2.534180
2.519531
2.519531
2.509766
2.509766
2.519531
2.514648
2.529297
2.539062
2.519531
2.504883
2.509766
2.524414
2.553711
2.519531
2.534180
2.553711
2.548828
2.529297
2.553711
2.553711
2.563477
2.539062
2.534180
2.543945
2.568359
2.543945
2.548828
2.539062
2.563477
2.553711
2.539062
2.558594
2.524414
2.573242
2.543945
2.529297
2.534180
2.534180
2.558594
2.534180
2.539062
2.524414
2.548828
2.534180
2.524414
2.543945
2.568359
2.534180
2.558594
2.539062
2.539062
2.534180
2.563477
2.583008
2.568359
2.558594
2.568359
2.573242
2.563477
2.568359
2.539062
2.553711
2.587891
2.607422
2.573242
2.573242
2.573242
2.578125
2.587891
2.573242
2.602539
2.597656
2.543945
2.597656
2.592773
2.607422
2.583008
2.592773
2.597656
2.548828
2.597656
2.558594
2.578125
2.529297
2.558594
2.548828
2.539062
2.558594
2.548828
