2.016602
1.694336
1.386719
1.142578
0.981445
0.883789
0.883789
1.059570
1.328125
1.713867
2.216797
2.778320
3.354492
3.984375
4.443359
4.887695
5.136719
5.268555
5.170898
4.921875
4.492188
3.959961
3.271484
2.519531
1.806641
1.162109
0.566406
0.175781
-0.083008
-0.146484
-0.053711
0.253906
0.673828
1.201172
1.791992
2.348633
2.919922
3.442383
3.833008
4.082031
4.257812
4.277344
4.155273
3.974609
3.740234
3.383789
3.105469
2.763672
2.612305
2.592773
2.558594
2.568359
2.558594
2.519531
2.543945
2.529297
2.514648
2.553711
2.509766
2.553711
2.539062
2.568359
2.548828
2.563477
2.548828
2.587891
2.563477
2.573242
2.592773
2.563477
2.578125
2.558594
2.543945
2.573242
2.578125
2.539062
2.539062
2.558594
2.543945
2.573242
2.548828
2.578125
2.543945
2.548828
2.539062
2.543945
2.558594
2.539062
2.529297
2.514648
2.548828
2.529297
2.548828
2.548828
2.543945
2.529297
2.578125
2.543945
2.529297
2.524414
2.543945
2.553711
2.543945
2.558594
2.504883
2.509766
2.539062
2.529297
2.539062
2.543945
2.578125
2.524414
2.563477
2.543945
2.558594
2.539062
2.539062
2.543945
2.524414
2.553711
2.553711
2.543945
2.553711
2.548828
2.548828
2.553711
2.529297
2.553711
2.524414
2.543945
2.553711
2.543945
2.509766
2.543945
2.543945
2.529297
2.529297
2.529297
2.524414
2.553711
2.548828
2.534180
2.539062
2.524414
2.558594
2.543945
2.514648
2.534180
2.553711
2.543945
2.504883
2.504883
2.514648
2.509766
2.548828
2.539062
2.578125
2.573242
2.573242
2.548828
2.583008
2.563477
2.558594
2.558594
2.534180
2.558594
2.553711
2.553711
2.519531
2.543945
2.534180
2.553711
2.534180
2.539062
2.509766
2.543945
2.539062
2.524414
2.524414
2.534180
2.534180
2.519531
2.529297
2.514648
2.543945
2.543945
2.543945
2.548828
2.539062
2.548828
2.519531
2.543945
2.539062
2.553711
2.519531
2.553711
2.548828
2.500000
2.553711
2.490234
2.529297
2.534180
2.543945
2.539062
2.563477
2.548828
2.558594
2.558594
2.548828
2.509766
2.553711
2.539062
2.529297
2.514648
2.519531
2.509766
2.504883
2.495117
2.500000
2.509766
2.519531
2.509766
2.519531
2.500000
2.514648
2.519531
2.504883
2.519531
2.524414
2.524414
2.534180
2.509766
2.543945
2.504883
2.539062
2.509766
2.539062
2.534180
2.514648
2.514648
2.543945
2.524414
2.534180
2.543945
2.529297
2.519531
2.504883
2.543945
2.543945
2.543945
2.543945
2.524414
2.548828
2.563477
2.548828
2.553711
2.529297
2.529297
2.509766
2.529297
2.592773
2.543945
2.509766
2.509766
2.583008
2.514648
2.543945
2.553711
2.509766
2.553711
2.563477
2.563477
2.573242
2.524414
2.568359
2.539062
2.558594
2.573242
2.548828
2.583008
2.597656
2.573242
2.563477
2.602539
2.592773
2.543945
2.563477
2.592773
2.568359
2.578125
2.583008
2.592773
2.558594
2.548828
2.563477
2.558594
2.548828
2.558594
2.568359
2.558594
2.543945
2.558594
2.558594
2.578125
2.534180
2.504883
2.539062
2.514648
2.548828
2.558594
2.548828
2.568359
2.524414
2.563477
2.573242
2.539062
2.553711
2.543945
2.568359
2.553711
2.558594
2.573242
2.524414
2.558594
2.543945
2.558594
2.543945
2.553711
2.558594
2.558594
2.548828
2.563477
2.553711
2.573242
2.558594
2.548828
2.543945
2.543945
2.573242
2.543945
2.539062
2.568359
2.514648
2.548828
2.529297
2.509766
2.553711
2.524414
2.534180
2.548828
2.500000
2.558594
2.539062
2.534180
2.495117
2.495117
2.543945
2.524414
2.543945
2.563477
2.548828
2.548828
2.558594
2.578125
2.558594
2.578125
2.543945
2.553711
2.563477
2.534180
2.573242
2.514648
2.539062
2.558594
2.548828
2.563477
2.524414
2.529297
2.543945
2.529297
2.529297
2.519531
2.539062
2.519531
2.529297
2.524414
2.529297
2.524414
2.529297
2.519531
2.534180
2.524414
2.553711
2.548828
2.543945
2.509766
2.524414
2.534180
2.529297
2.553711
2.514648
2.553711
2.553711
2.534180
2.529297
2.553711
2.529297
2.563477
2.573242
2.543945
2.548828
2.558594
2.548828
2.573242
2.558594
2.563477
2.553711
2.548828
2.529297
2.573242
2.529297
2.529297
2.548828
2.519531
2.548828
2.539062
2.514648
2.514648
2.539062
2.539062
2.534180
2.543945
2.514648
2.539062
2.534180
2.558594
2.539062
2.534180
2.568359
2.539062
2.524414
2.563477
2.514648
2.534180
2.563477
2.519531
2.539062
2.539062
2.539062
2.514648
2.529297
2.534180
2.529297
2.543945
2.597656
2.558594
2.578125
2.548828
2.539062
2.563477
2.509766
2.534180
2.529297
2.524414
2.509766
2.514648
2.553711
2.553711
2.500000
2.519531
2.490234
2.519531
2.543945
2.495117
2.514648
2.514648
2.514648
2.539062
2.514648
2.543945
2.519531
2.529297
2.524414
2.519531
2.509766
2.553711
2.529297
2.548828
2.524414
2.509766
2.519531
2.519531
2.529297
2.524414
2.539062
2.529297
2.529297
2.519531
2.539062
2.529297
2.534180
2.543945
2.553711
2.553711
2.558594
2.578125
2.519531
2.553711
2.543945
2.529297
2.534180
2.534180
2.553711
2.514648
2.543945
2.548828
2.534180
2.573242
2.543945
2.543945
2.543945
2.573242
2.524414
2.534180
2.558594
2.568359
2.558594
2.558594
2.573242
2.573242
2.592773
2.529297
2.558594
2.534180
2.558594
2.543945
2.500000
2.573242
2.612305
2.573242
2.597656
2.612305
2.529297
2.578125
2.578125
2.573242
2.597656
2.578125
2.553711
2.597656
2.587891
2.568359
2.548828
2.548828
2.543945
2.524414
2.529297
2.500000
2.534180
2.534180
2.553711
2.568359
2.558594
2.558594
2.558594
2.558594
2.539062
2.592773
2.558594
2.558594
2.558594
2.553711
2.558594
2.568359
2.548828
2.563477
2.553711
2.573242
2.529297
2.568359
2.553711
2.548828
2.563477
2.563477
2.583008
2.548828
2.563477
2.509766
2.529297
2.573242
2.519531
2.548828
2.504883
2.524414
2.534180
2.509766
2.529297
2.539062
2.553711
2.529297
2.563477
2.529297
2.524414
2.514648
2.534180
2.495117
2.553711
2.485352
2.534180
2.548828
2.534180
2.534180
2.524414
2.548828
2.558594
2.534180
2.539062
2.534180
2.563477
2.539062
2.543945
2.534180
2.524414
2.558594
2.519531
2.519531
2.543945
2.539062
2.524414
2.534180
2.529297
2.529297
2.534180
2.529297
2.519531
2.524414
2.500000
2.524414
2.519531
2.514648
2.519531
2.524414
2.529297
2.509766
2.548828
2.514648
2.519531
2.524414
2.539062
2.509766
2.524414
2.539062
2.519531
2.509766
2.539062
2.524414
2.539062
2.587891
2.548828
2.548828
2.592773
2.553711
2.573242
2.539062
2.534180
2.558594
2.539062
2.514648
2.534180
2.539062
2.524414
2.519531
2.558594
2.534180
2.534180
2.524414
2.539062
2.534180
2.514648
2.534180
2.558594
2.553711
2.539062
2.524414
2.524414
2.519531
2.548828
2.539062
2.539062
2.500000
2.539062
2.514648
2.534180
2.529297
2.529297
2.539062
2.529297
2.548828
2.524414
2.529297
2.548828
2.514648
2.539062
2.539062
2.539062
2.568359
2.578125
2.578125
2.548828
2.539062
2.543945
2.539062
2.529297
2.519531
2.519531
2.514648
2.514648
2.548828
2.543945
2.495117
2.524414
2.514648
2.524414
2.534180
2.514648
2.524414
2.509766
2.543945
2.500000
2.500000
2.534180
2.504883
2.519531
2.534180
2.495117
2.519531
2.519531
2.534180
2.524414
2.548828
2.543945
2.534180
2.529297
2.524414
2.514648
2.519531
2.558594
2.534180
2.548828
2.529297
2.529297
2.539062
2.534180
2.573242
2.548828
2.543945
2.529297
2.543945
2.519531
2.485352
2.524414
2.524414
2.519531
2.548828
2.529297
2.529297
2.534180
2.543945
2.524414
2.563477
2.568359
2.529297
2.568359
2.553711
2.558594
2.539062
2.573242
2.573242
2.558594
2.573242
2.548828
2.563477
2.568359
2.558594
2.539062
2.553711
2.568359
2.529297
2.568359
2.573242
2.597656
2.563477
2.568359
2.583008
2.573242
2.583008
2.587891
2.524414
2.587891
2.578125
2.607422
2.543945
2.597656
2.558594
2.587891
2.529297
2.514648
2.529297
2.504883
2.553711
2.519531
2.558594
2.509766
2.602539
2.563477
2.563477
2.573242
2.568359
2.539062
2.578125
2.553711
2.543945
2.558594
2.563477
2.553711
2.573242
2.558594
2.524414
2.563477
2.519531
2.543945
2.534180
2.587891
2.573242
2.558594
2.558594
2.568359
2.543945
2.529297
2.587891
2.534180
2.543945
2.543945
2.543945
2.524414
2.568359
2.509766
2.578125
2.558594
2.553711
2.539062
2.543945
2.553711
2.553711
2.504883
2.500000
2.519531
2.534180
2.529297
2.534180
2.539062
2.539062
2.553711
2.553711
2.529297
2.485352
2.548828
2.548828
2.548828
2.543945
2.534180
2.563477
2.519531
2.548828
2.519531
2.548828
2.534180
2.529297
2.529297
2.534180
2.539062
2.529297
2.534180
2.519531
2.543945
2.539062
2.514648
2.548828
2.500000
2.539062
2.524414
2.543945
2.548828
2.548828
2.524414
2.524414
2.543945
2.504883
2.509766
2.509766
2.539062
2.529297
2.524414
2.543945
2.534180
2.558594
2.548828
2.563477
2.587891
2.558594
2.583008
2.578125
2.548828
2.543945
2.543945
2.543945
2.539062
2.529297
2.539062
2.548828
2.495117
2.519531
2.543945
2.539062
2.519531
2.524414
2.490234
2.514648
2.539062
2.490234
2.529297
2.514648
2.519531
2.578125
2.514648
2.548828
2.519531
2.529297
2.519531
2.543945
2.529297
2.539062
2.548828
2.514648
2.534180
2.563477
2.529297
2.548828
2.519531
2.529297
2.543945
2.524414
2.524414
2.539062
2.587891
2.578125
2.548828
2.543945
2.553711
2.543945
2.553711
2.524414
2.514648
2.524414
2.539062
2.514648
2.509766
2.519531
2.475586
2.514648
2.524414
2.524414
2.573242
2.509766
2.509766
2.529297
2.495117
2.504883
2.534180
2.504883
2.534180
2.524414
2.509766
2.558594
2.524414
2.548828
2.568359
2.519531
2.543945
2.529297
2.529297
2.519531
2.558594
2.534180
2.529297
2.509766
2.543945
2.539062
2.553711
2.519531
2.539062
2.539062
2.534180
2.558594
2.578125
2.524414
2.543945
2.534180
2.529297
2.539062
2.495117
2.504883
2.500000
2.539062
2.500000
2.558594
2.534180
2.524414
2.539062
2.539062
2.553711
2.543945
2.543945
2.553711
2.548828
2.568359
2.587891
2.568359
2.563477
2.534180
2.553711
2.578125
2.583008
2.553711
2.558594
2.573242
2.573242
2.553711
2.568359
2.563477
2.563477
2.539062
2.592773
2.587891
2.583008
2.573242
2.558594
2.543945
2.573242
2.583008
2.539062
2.568359
2.548828
2.592773
2.563477
2.524414
2.529297
2.534180
2.519531
2.539062
2.568359
2.514648
2.553711
2.578125
2.558594
2.539062
2.553711
2.568359
2.534180
2.568359
2.553711
2.548828
2.543945
2.548828
2.563477
2.548828
2.563477
2.548828
2.558594
2.553711
2.500000
2.578125
2.558594
2.548828
2.568359
2.558594
2.529297
2.529297
2.563477
2.578125
2.529297
2.558594
2.534180
2.597656
2.543945
2.553711
2.543945
2.534180
2.553711
2.548828
2.524414
2.524414
2.548828
2.543945
2.509766
2.490234
2.500000
2.529297
2.504883
2.529297
2.534180
2.553711
2.539062
2.553711
2.548828
2.553711
2.558594
2.548828
2.563477
2.548828
2.558594
2.553711
2.568359
2.543945
2.519531
2.568359
2.539062
2.539062
2.529297
2.553711
2.534180
2.558594
2.534180
2.553711
2.514648
2.534180
2.553711
2.553711
2.524414
2.543945
2.553711
2.548828
2.514648
2.534180
2.543945
2.524414
2.519531
2.519531
2.539062
2.524414
2.568359
2.548828
2.548828
2.500000
2.514648
2.539062
2.563477
2.553711
2.558594
2.578125
2.553711
2.548828
2.553711
2.539062
2.534180
2.539062
2.524414
2.534180
2.543945
2.539062
2.539062
2.509766
2.514648
2.524414
2.539062
2.558594
2.524414
2.524414
2.524414
2.534180
2.534180
2.524414
2.534180
2.548828
2.519531
2.524414
2.543945
2.543945
2.539062
2.539062
2.529297
2.519531
2.563477
2.543945
2.558594
2.524414
2.548828
2.524414
2.529297
2.539062
2.519531
2.524414
2.543945
2.548828
2.563477
2.583008
2.573242
2.573242
2.539062
2.543945
2.543945
2.543945
2.509766
2.519531
2.495117
2.495117
2.500000
2.470703
2.485352
2.514648
2.490234
2.529297
2.504883
2.500000
2.529297
2.504883
2.504883
2.539062
2.519531
2.524414
2.543945
2.539062
2.500000
2.543945
2.519531
2.519531
2.534180
2.504883
2.563477
2.529297
2.543945
2.529297
2.534180
2.519531
2.558594
2.514648
2.548828
2.514648
2.539062
2.543945
2.514648
2.524414
2.543945
2.539062
2.553711
2.529297
2.548828
2.543945
2.529297
2.563477
2.539062
2.495117
2.524414
2.485352
2.534180
2.495117
2.548828
2.519531
2.539062
2.563477
2.558594
2.524414
2.539062
2.578125
2.534180
2.587891
2.587891
2.553711
2.573242
2.529297
2.548828
2.583008
2.558594
2.553711
2.592773
2.563477
2.568359
2.592773
2.568359
2.573242
2.573242
2.558594
2.548828
2.558594
2.529297
2.573242
2.529297
2.587891
2.578125
2.543945
2.583008
2.563477
2.592773
2.543945
2.558594
2.553711
2.548828
2.524414
2.529297
2.539062
2.543945
2.539062
2.548828
2.543945
2.563477
2.548828
2.553711
2.553711
2.578125
2.543945
2.578125
2.548828
2.548828
2.602539
2.548828
2.543945
2.558594
2.563477
2.553711
2.563477
2.519531
2.568359
2.592773
2.529297
2.543945
2.583008
2.519531
2.563477
2.592773
2.548828
2.524414
2.568359
2.539062
2.558594
2.568359
2.529297
2.534180
2.548828
2.558594
2.558594
2.519531
2.558594
2.568359
2.548828
2.524414
2.485352
2.480469
2.543945
2.524414
2.553711
2.509766
2.543945
2.514648
2.553711
2.548828
2.573242
2.548828
2.543945
2.558594
2.539062
2.558594
2.543945
2.568359
2.553711
2.534180
2.553711
2.539062
2.519531
2.543945
2.519531
2.524414
2.539062
2.529297
2.509766
2.529297
2.587891
2.519531
2.514648
2.534180
2.509766
2.514648
2.504883
2.539062
2.524414
2.514648
2.543945
2.548828
2.514648
2.524414
2.539062
2.539062
2.519531
2.539062
2.519531
2.558594
2.509766
2.563477
2.568359
2.568359
2.587891
2.573242
2.563477
2.534180
2.573242
2.543945
2.519531
2.548828
2.539062
2.539062
2.548828
2.539062
2.539062
2.514648
2.534180
2.539062
2.529297
2.539062
2.563477
2.524414
2.558594
2.534180
2.529297
2.563477
2.568359
2.534180
2.548828
2.548828
2.524414
2.524414
2.539062
2.553711
2.514648
2.524414
2.529297
2.514648
2.514648
2.524414
2.543945
2.529297
2.543945
2.529297
2.524414
2.539062
2.548828
2.587891
2.587891
2.587891
2.519531
2.563477
2.548828
2.519531
2.524414
2.509766
2.524414
2.500000
2.504883
2.490234
2.524414
2.524414
2.500000
2.509766
2.548828
2.514648
2.514648
2.539062
2.504883
2.519531
2.509766
2.543945
2.514648
2.534180
2.504883
2.509766
2.534180
2.529297
2.524414
2.587891
2.529297
2.519531
2.539062
2.529297
2.558594
2.514648
2.519531
2.514648
2.558594
2.519531
2.519531
2.529297
2.529297
2.539062
2.553711
2.514648
2.548828
2.553711
2.553711
2.504883
2.524414
2.500000
2.539062
2.500000
2.519531
2.504883
2.548828
2.524414
2.548828
2.553711
2.524414
2.563477
2.583008
2.519531
2.548828
2.583008
2.543945
2.592773
2.568359
2.563477
2.543945
2.543945
2.578125
2.548828
2.568359
2.553711
2.587891
2.597656
2.534180
2.539062
2.519531
2.578125
2.578125
2.534180
2.563477
2.597656
2.578125
2.592773
2.602539
2.548828
2.568359
2.568359
2.558594
2.573242
2.568359
2.578125
2.583008
2.539062
2.534180
2.529297
2.543945
2.543945
2.504883
2.539062
2.553711
2.558594
2.539062
2.548828
2.583008
2.524414
2.558594
2.568359
2.553711
2.558594
2.568359
2.553711
2.578125
2.539062
2.558594
2.543945
2.543945
2.597656
2.558594
2.592773
2.539062
2.553711
2.553711
2.543945
2.529297
2.558594
2.543945
2.583008
2.573242
2.548828
2.524414
2.592773
2.553711
2.534180
2.553711
2.558594
2.519531
2.504883
2.558594
2.553711
2.548828
2.553711
2.558594
2.500000
2.529297
2.500000
2.534180
2.539062
2.534180
2.543945
2.553711
2.539062
2.543945
2.548828
2.539062
2.534180
2.519531
2.573242
2.553711
2.543945
2.529297
2.573242
2.539062
2.548828
2.543945
2.548828
2.548828
2.539062
2.539062
2.539062
2.543945
2.534180
2.534180
2.539062
2.534180
2.534180
2.529297
2.534180
2.529297
2.529297
2.539062
2.524414
2.529297
2.524414
2.514648
2.553711
2.500000
2.529297
2.534180
2.514648
2.553711
2.519531
2.500000
2.504883
2.553711
2.563477
2.558594
2.592773
2.597656
2.587891
2.597656
2.592773
2.553711
2.543945
2.568359
2.553711
2.519531
2.548828
2.548828
2.553711
2.514648
2.514648
2.529297
2.500000
2.529297
2.548828
2.529297
2.539062
2.524414
2.524414
2.524414
2.529297
2.524414
2.553711
2.553711
2.529297
2.543945
2.539062
2.553711
2.509766
2.519531
2.529297
2.539062
2.539062
2.543945
2.553711
2.519531
2.524414
2.558594
2.519531
2.529297
2.534180
2.553711
2.563477
2.597656
2.578125
2.529297
2.539062
2.539062
2.539062
2.534180
2.519531
2.514648
2.495117
2.529297
2.524414
2.485352
2.519531
2.500000
2.514648
2.524414
2.519531
2.558594
2.568359
2.534180
2.548828
2.514648
2.524414
2.548828
2.500000
2.539062
2.558594
2.534180
2.539062
2.563477
2.529297
2.529297
2.519531
2.534180
2.534180
2.543945
2.514648
2.543945
2.539062
2.539062
2.558594
2.553711
2.543945
2.539062
2.548828
2.543945
2.534180
2.529297
2.534180
2.563477
2.534180
2.539062
2.553711
2.543945
2.504883
2.543945
2.524414
2.539062
2.592773
2.529297
2.573242
2.514648
2.563477
2.573242
2.568359
2.563477
2.553711
2.548828
2.583008
2.543945
2.539062
2.597656
2.583008
2.578125
2.563477
2.597656
2.534180
2.578125
2.602539
2.563477
2.553711
2.568359
2.558594
2.587891
2.607422
2.607422
2.597656
2.578125
2.592773
2.563477
2.548828
2.553711
2.558594
2.543945
2.612305
2.534180
2.573242
2.548828
2.573242
2.519531
2.534180
2.553711
2.529297
2.548828
2.563477
2.543945
2.558594
2.548828
2.587891
2.553711
2.558594
2.534180
2.587891
2.573242
2.539062
2.592773
2.553711
2.563477
2.548828
2.583008
2.539062
2.524414
2.553711
2.524414
2.548828
2.553711
2.607422
2.573242
2.553711
2.553711
2.558594
2.548828
2.592773
2.553711
2.543945
2.583008
2.534180
2.578125
2.524414
2.558594
2.548828
2.563477
2.548828
2.534180
2.558594
2.539062
2.558594
2.509766
2.514648
2.475586
2.539062
2.509766
2.568359
2.534180
2.573242
2.573242
2.539062
2.534180
2.568359
2.543945
2.563477
2.529297
2.583008
2.563477
2.592773
2.539062
2.553711
2.558594
2.534180
2.534180
2.568359
2.519531
2.548828
2.553711
2.539062
2.509766
2.539062
2.543945
2.539062
2.553711
2.529297
2.553711
2.539062
2.519531
2.543945
2.558594
2.529297
2.543945
2.539062
2.539062
2.548828
2.534180
2.543945
2.529297
2.568359
2.504883
2.509766
2.529297
2.495117
2.548828
2.563477
2.558594
2.607422
2.563477
2.543945
2.534180
2.558594
2.558594
2.539062
2.568359
2.553711
2.534180
2.543945
2.543945
2.534180
2.534180
2.558594
2.543945
2.514648
2.553711
2.514648
2.543945
2.519531
2.539062
2.578125
2.539062
2.534180
2.558594
2.539062
2.519531
2.514648
2.519531
2.558594
2.529297
2.514648
2.553711
2.539062
2.519531
2.500000
2.548828
2.529297
2.534180
2.548828
2.543945
2.548828
2.534180
2.539062
2.553711
2.578125
2.602539
2.578125
2.568359
2.563477
2.548828
2.553711
2.543945
2.529297
2.509766
2.495117
2.500000
2.495117
2.543945
2.514648
2.509766
2.524414
2.500000
2.500000
2.500000
2.539062
2.519531
2.534180
2.524414
2.514648
2.539062
2.500000
2.529297
2.524414
2.524414
2.548828
2.509766
2.534180
2.534180
2.529297
2.509766
2.514648
2.543945
2.534180
2.548828
2.519531
2.548828
2.548828
2.548828
2.563477
2.558594
2.543945
2.553711
2.534180
2.592773
2.539062
2.519531
2.558594
2.548828
2.519531
2.524414
2.534180
2.563477
2.539062
2.539062
2.539062
2.573242
2.558594
2.543945
2.539062
2.548828
2.568359
2.548828
2.568359
2.573242
2.558594
2.553711
2.597656
2.563477
2.534180
2.543945
2.592773
2.539062
2.534180
2.563477
2.563477
2.592773
2.558594
2.558594
2.558594
2.534180
2.553711
2.573242
2.568359
2.568359
2.568359
2.563477
2.573242
2.553711
