1.948242
1.635742
1.318359
1.074219
0.932617
0.844727
0.893555
1.123047
1.391602
1.826172
2.299805
2.900391
3.510742
4.072266
4.570312
4.951172
5.205078
5.244141
5.122070
4.843750
4.399414
3.789062
3.164062
2.412109
1.694336
1.035156
0.507812
0.107422
-0.092773
-0.122070
-0.014648
0.297852
0.756836
1.298828
1.889648
2.421875
3.002930
3.510742
3.837891
4.096680
4.257812
4.218750
4.111328
3.930664
3.637695
3.325195
3.002930
2.763672
2.573242
2.548828
2.519531
2.524414
2.553711
2.558594
2.543945
2.543945
2.563477
2.558594
2.558594
2.558594
2.543945
2.539062
2.553711
2.558594
2.548828
2.553711
2.568359
2.548828
2.573242
2.563477
2.592773
2.573242
2.587891
2.563477
2.543945
2.548828
2.534180
2.553711
2.529297
2.548828
2.548828
2.524414
2.563477
2.490234
2.529297
2.529297
2.509766
2.519531
2.529297
2.529297
2.543945
2.553711
2.519531
2.553711
2.543945
2.539062
2.534180
2.543945
2.553711
2.553711
2.568359
2.529297
2.500000
2.558594
2.534180
2.558594
2.534180
2.534180
2.539062
2.504883
2.583008
2.568359
2.534180
2.578125
2.553711
2.539062
2.587891
2.563477
2.539062
2.553711
2.558594
2.548828
2.548828
2.509766
2.534180
2.539062
2.490234
2.543945
2.524414
2.563477
2.553711
2.519531
2.573242
2.558594
2.568359
2.558594
2.578125
2.592773
2.587891
2.597656
2.573242
2.558594
2.573242
2.592773
2.578125
2.592773
2.592773
2.563477
2.602539
2.587891
2.587891
2.578125
2.592773
2.578125
2.578125
2.587891
2.587891
2.607422
2.553711
2.597656
2.602539
2.558594
2.578125
2.548828
2.592773
2.583008
2.583008
2.573242
2.558594
2.587891
2.553711
2.529297
2.553711
2.548828
2.573242
2.563477
2.568359
2.543945
2.543945
2.597656
2.543945
2.558594
2.597656
2.578125
2.573242
2.631836
2.573242
2.583008
2.587891
2.539062
2.612305
2.563477
2.587891
2.597656
2.568359
2.524414
2.578125
2.578125
2.573242
2.583008
2.563477
2.578125
2.558594
2.573242
2.553711
2.539062
2.573242
2.548828
2.548828
2.573242
2.539062
2.543945
2.529297
2.548828
2.587891
2.543945
2.553711
2.543945
2.534180
2.529297
2.543945
2.500000
2.539062
2.519531
2.558594
2.563477
2.558594
2.568359
2.534180
2.597656
2.553711
2.583008
2.563477
2.548828
2.548828
2.548828
2.548828
2.539062
2.534180
2.534180
2.543945
2.543945
2.558594
2.558594
2.548828
2.534180
2.539062
2.529297
2.509766
2.514648
2.553711
2.543945
2.548828
2.524414
2.563477
2.529297
2.529297
2.539062
2.548828
2.558594
2.534180
2.524414
2.543945
2.539062
2.529297
2.539062
2.500000
2.524414
2.524414
2.543945
2.539062
2.583008
2.553711
2.558594
2.548828
2.543945
2.587891
2.578125
2.563477
2.558594
2.543945
2.548828
2.563477
2.514648
2.563477
2.548828
2.578125
2.539062
2.539062
2.534180
2.509766
2.534180
2.524414
2.548828
2.539062
2.543945
2.563477
2.529297
2.548828
2.568359
2.504883
2.543945
2.539062
2.558594
2.568359
2.504883
2.563477
2.553711
2.519531
2.543945
2.558594
2.548828
2.548828
2.539062
2.553711
2.548828
2.583008
2.558594
2.573242
2.597656
2.587891
2.583008
2.553711
2.587891
2.553711
2.583008
2.534180
2.553711
2.553711
2.524414
2.524414
2.514648
2.543945
2.519531
2.500000
2.519531
2.539062
2.500000
2.529297
2.514648
2.539062
2.534180
2.539062
2.558594
2.539062
2.534180
2.529297
2.543945
2.514648
2.558594
2.539062
2.558594
2.529297
2.558594
2.553711
2.534180
2.534180
2.548828
2.539062
2.539062
2.553711
2.548828
2.558594
2.558594
2.563477
2.543945
2.587891
2.548828
2.524414
2.587891
2.543945
2.553711
2.553711
2.563477
2.509766
2.490234
2.548828
2.539062
2.519531
2.539062
2.543945
2.568359
2.534180
2.548828
2.558594
2.563477
2.583008
2.563477
2.568359
2.578125
2.578125
2.583008
2.583008
2.568359
2.573242
2.558594
2.543945
2.597656
2.612305
2.597656
2.578125
2.592773
2.524414
2.602539
2.578125
2.558594
2.563477
2.607422
2.587891
2.592773
2.558594
2.587891
2.612305
2.592773
2.568359
2.607422
2.543945
2.583008
2.578125
2.592773
2.553711
2.578125
2.514648
2.553711
2.563477
2.548828
2.563477
2.578125
2.568359
2.548828
2.583008
2.597656
2.578125
2.592773
2.592773
2.592773
2.573242
2.602539
2.583008
2.587891
2.578125
2.568359
2.587891
2.578125
2.592773
2.563477
2.573242
2.573242
2.607422
2.558594
2.558594
2.592773
2.573242
2.553711
2.602539
2.539062
2.587891
2.529297
2.583008
2.539062
2.568359
2.587891
2.539062
2.578125
2.602539
2.539062
2.583008
2.534180
2.553711
2.543945
2.539062
2.519531
2.509766
2.529297
2.553711
2.568359
2.573242
2.568359
2.558594
2.553711
2.553711
2.568359
2.563477
2.563477
2.558594
2.543945
2.543945
2.539062
2.573242
2.553711
2.558594
2.558594
2.543945
2.558594
2.529297
2.519531
2.539062
2.529297
2.543945
2.539062
2.539062
2.543945
2.539062
2.519531
2.539062
2.548828
2.509766
2.534180
2.524414
2.539062
2.529297
2.539062
2.514648
2.534180
2.539062
2.553711
2.539062
2.490234
2.548828
2.543945
2.539062
2.587891
2.563477
2.587891
2.587891
2.578125
2.568359
2.592773
2.548828
2.558594
2.558594
2.548828
2.543945
2.553711
2.539062
2.543945
2.558594
2.524414
2.495117
2.504883
2.529297
2.529297
2.553711
2.519531
2.534180
2.553711
2.543945
2.548828
2.539062
2.553711
2.558594
2.558594
2.509766
2.553711
2.539062
2.543945
2.558594
2.548828
2.558594
2.543945
2.553711
2.539062
2.543945
2.563477
2.558594
2.558594
2.553711
2.578125
2.548828
2.602539
2.583008
2.578125
2.597656
2.578125
2.563477
2.534180
2.548828
2.529297
2.534180
2.514648
2.500000
2.534180
2.519531
2.539062
2.519531
2.529297
2.519531
2.524414
2.563477
2.534180
2.519531
2.539062
2.529297
2.543945
2.534180
2.524414
2.539062
2.529297
2.543945
2.534180
2.529297
2.534180
2.534180
2.539062
2.553711
2.534180
2.543945
2.519531
2.553711
2.558594
2.548828
2.563477
2.543945
2.529297
2.543945
2.553711
2.539062
2.539062
2.558594
2.553711
2.543945
2.558594
2.539062
2.558594
2.558594
2.529297
2.529297
2.529297
2.519531
2.539062
2.539062
2.553711
2.573242
2.534180
2.553711
2.558594
2.553711
2.563477
2.553711
2.592773
2.597656
2.563477
2.573242
2.553711
2.583008
2.602539
2.578125
2.592773
2.583008
2.583008
2.558594
2.578125
2.607422
2.573242
2.617188
2.578125
2.602539
2.534180
2.617188
2.597656
2.587891
2.587891
2.548828
2.602539
2.602539
2.578125
2.597656
2.553711
2.583008
2.578125
2.592773
2.543945
2.529297
2.524414
2.519531
2.553711
2.548828
2.583008
2.583008
2.558594
2.539062
2.583008
2.553711
2.543945
2.592773
2.578125
2.578125
2.558594
2.573242
2.583008
2.543945
2.573242
2.543945
2.548828
2.592773
2.543945
2.558594
2.548828
2.539062
2.587891
2.524414
2.587891
2.553711
2.539062
2.607422
2.548828
2.548828
2.539062
2.563477
2.587891
2.543945
2.539062
2.558594
2.539062
2.563477
2.548828
2.558594
2.534180
2.519531
2.558594
2.534180
2.514648
2.524414
2.529297
2.534180
2.534180
2.543945
2.583008
2.543945
2.543945
2.558594
2.568359
2.558594
2.543945
2.568359
2.563477
2.543945
2.553711
2.539062
2.553711
2.543945
2.548828
2.529297
2.553711
2.558594
2.543945
2.543945
2.519531
2.534180
2.534180
2.529297
2.539062
2.543945
2.539062
2.514648
2.534180
2.539062
2.553711
2.563477
2.519531
2.529297
2.539062
2.519531
2.534180
2.568359
2.524414
2.539062
2.539062
2.514648
2.504883
2.539062
2.553711
2.539062
2.578125
2.592773
2.548828
2.602539
2.568359
2.573242
2.583008
2.553711
2.568359
2.558594
2.529297
2.524414
2.519531
2.558594
2.534180
2.543945
2.519531
2.563477
2.543945
2.539062
2.548828
2.534180
2.524414
2.553711
2.519531
2.529297
2.563477
2.524414
2.543945
2.524414
2.519531
2.558594
2.514648
2.563477
2.543945
2.524414
2.543945
2.534180
2.563477
2.553711
2.543945
2.553711
2.543945
2.563477
2.553711
2.543945
2.553711
2.558594
2.612305
2.587891
2.553711
2.553711
2.558594
2.548828
2.524414
2.500000
2.504883
2.495117
2.529297
2.524414
2.514648
2.519531
2.568359
2.534180
2.524414
2.495117
2.524414
2.534180
2.529297
2.543945
2.529297
2.519531
2.524414
2.539062
2.548828
2.509766
2.573242
2.543945
2.534180
2.553711
2.534180
2.534180
2.543945
2.558594
2.539062
2.553711
2.558594
2.553711
2.558594
2.539062
2.568359
2.578125
2.539062
2.543945
2.558594
2.539062
2.568359
2.548828
2.563477
2.553711
2.543945
2.534180
2.578125
2.543945
2.524414
2.543945
2.543945
2.543945
2.539062
2.568359
2.578125
2.563477
2.558594
2.573242
2.563477
2.563477
2.563477
2.558594
2.563477
2.587891
2.607422
2.592773
2.573242
2.592773
2.602539
2.607422
2.612305
2.622070
2.597656
2.558594
2.587891
2.587891
2.553711
2.592773
2.597656
2.578125
2.597656
2.568359
2.558594
2.573242
2.573242
2.617188
2.612305
2.597656
2.573242
2.597656
2.573242
2.558594
2.558594
2.548828
2.573242
2.553711
2.563477
2.558594
2.563477
2.583008
2.563477
2.563477
2.583008
2.543945
2.597656
2.612305
2.573242
2.548828
2.548828
2.573242
2.578125
2.592773
2.578125
2.573242
2.578125
2.568359
2.543945
2.568359
2.592773
2.558594
2.534180
2.592773
2.573242
2.534180
2.592773
2.548828
2.548828
2.534180
2.578125
2.539062
2.558594
2.534180
2.553711
2.519531
2.543945
2.553711
2.543945
2.529297
2.592773
2.548828
2.529297
2.514648
2.519531
2.539062
2.534180
2.514648
2.539062
2.529297
2.534180
2.583008
2.548828
2.573242
2.563477
2.573242
2.534180
2.592773
2.548828
2.553711
2.543945
2.568359
2.543945
2.529297
2.539062
2.534180
2.534180
2.573242
2.529297
2.563477
2.539062
2.539062
2.539062
2.568359
2.524414
2.539062
2.539062
2.539062
2.514648
2.529297
2.543945
2.504883
2.529297
2.553711
2.529297
2.539062
2.529297
2.543945
2.563477
2.539062
2.529297
2.529297
2.529297
2.587891
2.553711
2.587891
2.587891
2.573242
2.612305
2.563477
2.583008
2.563477
2.539062
2.573242
2.553711
2.548828
2.573242
2.543945
2.529297
2.573242
2.519531
2.548828
2.548828
2.529297
2.558594
2.543945
2.543945
2.539062
2.524414
2.553711
2.534180
2.607422
2.587891
2.539062
2.563477
2.543945
2.568359
2.543945
2.568359
2.519531
2.558594
2.558594
2.519531
2.563477
2.587891
2.543945
2.553711
2.563477
2.563477
2.553711
2.558594
2.543945
2.573242
2.597656
2.578125
2.583008
2.578125
2.573242
2.558594
2.519531
2.524414
2.514648
2.509766
2.500000
2.534180
2.500000
2.548828
2.534180
2.519531
2.514648
2.500000
2.529297
2.529297
2.539062
2.514648
2.539062
2.524414
2.548828
2.504883
2.558594
2.553711
2.519531
2.539062
2.543945
2.514648
2.548828
2.529297
2.548828
2.548828
2.529297
2.563477
2.539062
2.529297
2.529297
2.553711
2.553711
2.548828
2.548828
2.548828
2.529297
2.543945
2.539062
2.529297
2.529297
2.524414
2.553711
2.543945
2.553711
2.543945
2.500000
2.553711
2.534180
2.509766
2.534180
2.534180
2.568359
2.529297
2.543945
2.543945
2.553711
2.563477
2.578125
2.592773
2.563477
2.568359
2.568359
2.558594
2.602539
2.578125
2.592773
2.578125
2.578125
2.592773
2.553711
2.578125
2.592773
2.539062
2.597656
2.553711
2.553711
2.553711
2.573242
2.553711
2.583008
2.578125
2.578125
2.568359
2.578125
2.553711
2.573242
2.558594
2.587891
2.553711
2.563477
2.539062
2.519531
2.514648
2.553711
2.534180
2.592773
2.543945
2.568359
2.578125
2.548828
2.578125
2.558594
2.568359
2.587891
2.568359
2.587891
2.568359
2.587891
2.597656
2.607422
2.587891
2.578125
2.553711
2.597656
2.592773
2.548828
2.563477
2.543945
2.534180
2.592773
2.558594
2.563477
2.558594
2.592773
2.539062
2.617188
2.514648
2.548828
2.563477
2.539062
2.578125
2.534180
2.592773
2.534180
2.583008
2.553711
2.548828
2.534180
2.534180
2.519531
2.500000
2.524414
2.514648
2.543945
2.514648
2.578125
2.548828
2.548828
2.548828
2.578125
2.524414
2.558594
2.592773
2.543945
2.558594
2.539062
2.539062
2.543945
2.563477
2.539062
2.563477
2.563477
2.548828
2.534180
2.548828
2.548828
2.548828
2.553711
2.529297
2.563477
2.534180
2.524414
2.534180
2.534180
2.539062
2.539062
2.534180
2.529297
2.534180
2.529297
2.543945
2.548828
2.558594
2.539062
2.514648
2.514648
2.529297
2.539062
2.509766
2.529297
2.563477
2.543945
2.568359
2.534180
2.553711
2.587891
2.617188
2.578125
2.568359
2.578125
2.548828
2.583008
2.529297
2.553711
2.548828
2.539062
2.534180
2.539062
2.543945
2.539062
2.553711
2.529297
2.553711
2.548828
2.504883
2.548828
2.529297
2.534180
2.548828
2.558594
2.578125
2.539062
2.558594
2.539062
2.553711
2.539062
2.529297
2.539062
2.543945
2.563477
2.548828
2.543945
2.578125
2.543945
2.543945
2.568359
2.529297
2.568359
2.553711
2.592773
2.583008
2.553711
2.578125
2.558594
2.563477
2.558594
2.529297
2.553711
2.514648
2.524414
2.524414
2.534180
2.539062
2.529297
2.558594
2.548828
2.548828
2.509766
2.529297
2.519531
2.519531
2.504883
2.519531
2.529297
2.534180
2.539062
2.524414
2.529297
2.534180
2.524414
2.529297
2.539062
2.529297
2.539062
2.529297
2.529297
2.539062
2.553711
2.534180
2.553711
2.558594
2.519531
2.553711
2.543945
2.548828
2.553711
2.539062
2.553711
2.548828
2.558594
2.534180
2.558594
2.534180
2.529297
2.543945
2.553711
2.548828
2.529297
2.548828
2.534180
2.573242
2.534180
2.578125
2.534180
2.563477
2.519531
2.563477
2.578125
2.573242
2.573242
2.558594
2.563477
2.563477
2.592773
2.563477
2.602539
2.597656
2.558594
2.592773
2.587891
2.548828
2.617188
2.558594
2.587891
2.602539
2.558594
2.602539
2.558594
2.592773
2.534180
2.514648
2.568359
2.573242
2.563477
2.597656
2.573242
2.568359
2.578125
2.568359
2.563477
2.548828
2.529297
2.558594
2.534180
2.553711
2.563477
2.573242
2.534180
2.578125
2.597656
2.587891
2.568359
2.558594
2.587891
2.573242
2.543945
2.553711
2.587891
2.578125
2.568359
2.558594
2.558594
2.548828
2.578125
2.587891
2.573242
2.578125
2.558594
2.583008
2.578125
2.563477
2.563477
2.548828
2.578125
2.558594
2.563477
2.548828
2.553711
2.573242
2.524414
2.587891
2.539062
2.563477
2.583008
2.558594
2.563477
2.563477
2.539062
2.534180
2.529297
2.529297
2.524414
2.529297
2.534180
2.548828
2.548828
2.558594
2.573242
2.534180
2.597656
2.558594
2.578125
2.563477
2.548828
2.563477
2.543945
2.578125
2.534180
2.534180
2.563477
2.543945
2.548828
2.524414
2.543945
2.534180
2.548828
2.529297
2.519531
2.543945
2.529297
2.543945
2.529297
2.534180
2.553711
2.539062
2.519531
2.553711
2.534180
2.573242
2.529297
2.529297
2.548828
2.514648
2.524414
2.524414
2.543945
2.539062
2.509766
2.529297
2.553711
2.563477
2.568359
2.583008
2.558594
2.568359
2.597656
2.573242
2.573242
2.553711
2.539062
2.568359
2.529297
2.529297
2.568359
2.539062
2.543945
2.534180
2.534180
2.539062
2.558594
2.548828
2.543945
2.534180
2.534180
2.534180
2.543945
2.548828
2.568359
2.524414
2.553711
2.563477
2.534180
2.539062
2.534180
2.543945
2.509766
2.509766
2.553711
2.514648
2.539062
2.543945
2.578125
2.539062
2.568359
2.534180
2.548828
2.519531
2.534180
2.558594
2.563477
2.558594
2.592773
2.568359
2.529297
2.558594
2.553711
2.548828
2.539062
2.509766
2.539062
2.558594
2.563477
2.543945
2.543945
2.509766
2.519531
2.509766
2.548828
2.548828
2.519531
2.519531
2.534180
2.534180
2.524414
2.534180
2.568359
2.524414
2.563477
2.529297
2.558594
2.543945
2.534180
2.519531
2.539062
2.548828
2.534180
2.534180
2.539062
2.548828
2.539062
2.534180
2.558594
2.539062
2.553711
2.543945
2.529297
2.553711
2.534180
2.543945
2.573242
2.539062
2.568359
2.553711
2.539062
2.543945
2.529297
2.578125
2.534180
2.543945
2.573242
2.553711
2.519531
2.539062
2.558594
2.563477
2.573242
2.534180
2.553711
2.553711
2.573242
2.543945
2.578125
2.602539
2.573242
2.573242
2.563477
2.573242
2.597656
2.583008
2.568359
2.573242
2.587891
2.592773
2.578125
2.558594
2.563477
2.558594
2.578125
2.553711
2.587891
2.558594
2.622070
2.539062
2.587891
2.597656
2.578125
2.612305
2.558594
2.626953
2.553711
2.578125
2.548828
2.519531
2.539062
2.553711
2.553711
2.558594
2.583008
2.578125
2.563477
2.602539
2.568359
2.573242
2.578125
2.568359
2.578125
2.573242
2.558594
2.548828
2.587891
2.553711
2.612305
2.573242
2.573242
2.553711
2.543945
2.548828
2.583008
2.524414
2.568359
2.578125
2.539062
2.597656
2.543945
2.597656
2.509766
2.568359
2.553711
2.539062
2.583008
2.548828
2.534180
2.573242
2.563477
2.548828
2.558594
2.543945
2.563477
2.558594
2.504883
2.509766
2.524414
2.539062
2.539062
2.573242
2.553711
2.539062
2.553711
2.529297
2.558594
2.529297
2.543945
2.558594
2.548828
2.573242
2.534180
2.548828
2.563477
2.563477
2.514648
2.578125
2.558594
2.524414
2.548828
2.548828
2.534180
2.543945
2.519531
2.563477
2.514648
2.514648
2.558594
2.539062
2.519531
2.524414
2.514648
2.543945
2.539062
2.495117
2.519531
2.543945
2.529297
2.524414
2.548828
2.539062
2.539062
2.543945
2.543945
2.539062
2.539062
2.573242
2.587891
2.607422
2.592773
2.573242
2.612305
2.558594
2.573242
2.578125
2.563477
2.553711
2.543945
2.573242
2.539062
2.529297
2.543945
2.524414
2.543945
2.558594
2.534180
2.553711
2.548828
2.548828
2.534180
2.529297
2.500000
2.553711
2.529297
2.529297
2.568359
2.514648
2.558594
2.543945
2.543945
2.553711
2.548828
2.539062
2.553711
2.539062
2.529297
2.534180
2.568359
2.524414
2.539062
2.548828
2.548828
2.539062
2.578125
2.568359
2.578125
2.592773
2.602539
2.578125
2.558594
2.539062
2.553711
2.548828
2.548828
2.524414
2.519531
2.524414
2.524414
2.490234
2.543945
2.524414
2.524414
2.548828
2.514648
2.558594
2.543945
2.539062
2.539062
2.519531
2.558594
2.504883
2.504883
2.514648
2.514648
2.553711
2.514648
2.539062
2.519531
2.519531
2.558594
2.539062
2.534180
2.539062
2.529297
2.534180
2.543945
2.573242
2.539062
2.558594
2.534180
2.543945
2.578125
2.524414
2.568359
2.539062
2.573242
2.529297
2.543945
2.558594
2.548828
2.548828
2.500000
2.534180
2.529297
2.519531
2.534180
2.543945
2.529297
2.563477
2.534180
2.573242
2.568359
2.558594
2.563477
2.534180
2.553711
2.558594
2.568359
2.563477
2.578125
2.553711
2.602539
2.563477
2.563477
2.612305
2.583008
2.573242
2.622070
2.583008
2.592773
2.558594
2.607422
2.573242
2.597656
2.622070
2.583008
2.563477
2.587891
2.607422
2.597656
2.587891
2.612305
2.612305
2.626953
2.548828
2.578125
2.553711
2.548828
2.558594
2.534180
2.563477
2.568359
2.558594
2.543945
2.602539
2.558594
2.597656
2.597656
2.548828
2.578125
2.573242
2.548828
2.597656
2.592773
2.573242
2.578125
2.573242
2.602539
2.578125
2.568359
2.602539
2.553711
2.568359
2.607422
2.539062
2.558594
2.578125
2.543945
2.597656
2.568359
2.543945
2.597656
2.529297
2.543945
2.578125
2.548828
2.602539
2.543945
2.573242
2.543945
2.587891
2.524414
2.587891
2.548828
2.539062
2.553711
2.543945
2.524414
2.543945
2.553711
2.553711
2.553711
2.543945
2.568359
2.578125
2.558594
2.509766
2.553711
2.548828
2.573242
2.563477
2.524414
2.563477
2.548828
2.563477
2.563477
2.543945
2.534180
2.534180
2.558594
2.534180
2.563477
2.529297
2.529297
2.553711
2.548828
2.553711
2.543945
2.524414
2.558594
2.558594
2.534180
2.529297
2.524414
2.578125
2.573242
2.529297
2.524414
2.519531
2.529297
2.553711
2.543945
2.529297
2.524414
2.553711
2.563477
2.558594
2.587891
2.558594
2.592773
2.602539
2.563477
2.558594
2.568359
2.573242
2.548828
2.563477
2.553711
2.548828
2.578125
2.529297
2.529297
2.553711
2.534180
2.519531
2.543945
2.539062
2.563477
2.514648
2.543945
2.534180
2.539062
2.539062
