1.865234
1.577148
1.264648
1.035156
0.898438
0.854492
0.932617
1.152344
1.474609
1.933594
2.460938
3.032227
3.613281
4.189453
4.667969
5.000000
5.224609
5.253906
5.102539
4.775391
4.277344
3.666992
2.954102
2.236328
1.503906
0.864258
0.366211
0.043945
-0.161133
-0.175781
0.043945
0.385742
0.825195
1.411133
1.972656
2.548828
3.120117
3.559570
3.881836
4.135742
4.228516
4.184570
4.033203
3.818359
3.540039
3.247070
2.929688
2.705078
2.539062
2.509766
2.504883
2.529297
2.553711
2.587891
2.578125
2.563477
2.553711
2.558594
2.534180
2.578125
2.543945
2.553711
2.558594
2.543945
2.553711
2.529297
2.534180
2.519531
2.539062
2.529297
2.578125
2.495117
2.524414
2.543945
2.500000
2.534180
2.490234
2.529297
2.539062
2.534180
2.524414
2.529297
2.524414
2.534180
2.534180
2.539062
2.524414
2.558594
2.509766
2.524414
2.563477
2.543945
2.534180
2.553711
2.534180
2.529297
2.543945
2.539062
2.558594
2.558594
2.587891
2.553711
2.587891
2.568359
2.548828
2.573242
2.509766
2.563477
2.504883
2.529297
2.495117
2.534180
2.543945
2.514648
2.514648
2.514648
2.509766
2.534180
2.509766
2.534180
2.534180
2.543945
2.500000
2.553711
2.529297
2.514648
2.558594
2.509766
2.534180
2.539062
2.534180
2.534180
2.524414
2.534180
2.539062
2.558594
2.519531
2.514648
2.534180
2.495117
2.563477
2.500000
2.534180
2.519531
2.529297
2.553711
2.573242
2.548828
2.543945
2.558594
2.563477
2.529297
2.548828
2.553711
2.504883
2.539062
2.524414
2.524414
2.524414
2.534180
2.534180
2.563477
2.534180
2.573242
2.539062
2.543945
2.563477
2.548828
2.558594
2.568359
2.563477
2.558594
2.558594
2.558594
2.592773
2.553711
2.578125
2.592773
2.573242
2.583008
2.573242
2.558594
2.568359
2.543945
2.607422
2.587891
2.592773
2.587891
2.592773
2.578125
2.587891
2.583008
2.553711
2.587891
2.558594
2.597656
2.568359
2.587891
2.573242
2.607422
2.553711
2.558594
2.553711
2.548828
2.519531
2.543945
2.553711
2.558594
2.558594
2.568359
2.573242
2.558594
2.558594
2.553711
2.543945
2.592773
2.553711
2.602539
2.592773
2.573242
2.558594
2.553711
2.573242
2.529297
2.587891
2.539062
2.587891
2.558594
2.617188
2.563477
2.558594
2.558594
2.578125
2.558594
2.573242
2.524414
2.587891
2.543945
2.558594
2.563477
2.553711
2.583008
2.539062
2.587891
2.539062
2.563477
2.548828
2.529297
2.543945
2.558594
2.548828
2.519531
2.504883
2.578125
2.539062
2.548828
2.553711
2.539062
2.563477
2.553711
2.548828
2.539062
2.558594
2.558594
2.534180
2.539062
2.573242
2.539062
2.558594
2.539062
2.553711
2.548828
2.558594
2.539062
2.534180
2.543945
2.548828
2.534180
2.509766
2.543945
2.539062
2.524414
2.563477
2.558594
2.524414
2.543945
2.539062
2.543945
2.524414
2.534180
2.558594
2.568359
2.539062
2.509766
2.529297
2.573242
2.534180
2.519531
2.534180
2.524414
2.548828
2.568359
2.573242
2.592773
2.597656
2.548828
2.553711
2.573242
2.573242
2.543945
2.563477
2.539062
2.558594
2.529297
2.553711
2.543945
2.539062
2.534180
2.534180
2.524414
2.573242
2.524414
2.563477
2.539062
2.534180
2.524414
2.543945
2.548828
2.529297
2.539062
2.529297
2.539062
2.524414
2.539062
2.524414
2.548828
2.514648
2.539062
2.539062
2.558594
2.558594
2.548828
2.524414
2.543945
2.558594
2.558594
2.539062
2.563477
2.553711
2.573242
2.597656
2.573242
2.553711
2.578125
2.573242
2.592773
2.529297
2.548828
2.563477
2.495117
2.568359
2.504883
2.524414
2.534180
2.573242
2.514648
2.500000
2.519531
2.529297
2.534180
2.553711
2.509766
2.524414
2.519531
2.558594
2.529297
2.543945
2.519531
2.543945
2.548828
2.558594
2.558594
2.534180
2.548828
2.543945
2.548828
2.548828
2.529297
2.548828
2.534180
2.539062
2.563477
2.563477
2.548828
2.578125
2.543945
2.553711
2.529297
2.539062
2.534180
2.558594
2.548828
2.548828
2.529297
2.519531
2.553711
2.539062
2.524414
2.543945
2.534180
2.519531
2.553711
2.519531
2.539062
2.548828
2.568359
2.558594
2.548828
2.558594
2.573242
2.548828
2.587891
2.587891
2.578125
2.597656
2.548828
2.587891
2.597656
2.578125
2.583008
2.583008
2.592773
2.578125
2.587891
2.578125
2.587891
2.558594
2.622070
2.622070
2.587891
2.573242
2.563477
2.592773
2.563477
2.612305
2.592773
2.568359
2.553711
2.543945
2.578125
2.583008
2.553711
2.529297
2.519531
2.573242
2.548828
2.519531
2.587891
2.553711
2.534180
2.568359
2.529297
2.592773
2.573242
2.548828
2.553711
2.563477
2.573242
2.602539
2.578125
2.583008
2.578125
2.548828
2.631836
2.563477
2.548828
2.539062
2.563477
2.553711
2.573242
2.539062
2.568359
2.563477
2.548828
2.548828
2.548828
2.558594
2.558594
2.597656
2.543945
2.558594
2.553711
2.563477
2.534180
2.563477
2.543945
2.548828
2.534180
2.553711
2.543945
2.500000
2.524414
2.524414
2.529297
2.543945
2.548828
2.558594
2.529297
2.543945
2.568359
2.534180
2.534180
2.558594
2.558594
2.534180
2.558594
2.558594
2.543945
2.558594
2.529297
2.529297
2.558594
2.539062
2.548828
2.548828
2.539062
2.524414
2.534180
2.539062
2.504883
2.504883
2.534180
2.529297
2.529297
2.514648
2.539062
2.548828
2.519531
2.529297
2.553711
2.529297
2.543945
2.514648
2.514648
2.529297
2.534180
2.519531
2.514648
2.548828
2.539062
2.529297
2.563477
2.558594
2.587891
2.597656
2.568359
2.587891
2.558594
2.573242
2.578125
2.592773
2.553711
2.578125
2.514648
2.548828
2.534180
2.519531
2.524414
2.539062
2.553711
2.573242
2.539062
2.553711
2.529297
2.548828
2.539062
2.548828
2.563477
2.529297
2.539062
2.534180
2.573242
2.568359
2.563477
2.543945
2.539062
2.529297
2.573242
2.548828
2.543945
2.548828
2.539062
2.543945
2.558594
2.548828
2.548828
2.539062
2.548828
2.558594
2.558594
2.568359
2.568359
2.568359
2.573242
2.529297
2.568359
2.543945
2.534180
2.534180
2.519531
2.509766
2.495117
2.495117
2.519531
2.514648
2.509766
2.519531
2.529297
2.514648
2.534180
2.558594
2.514648
2.514648
2.514648
2.529297
2.548828
2.539062
2.514648
2.543945
2.539062
2.553711
2.500000
2.534180
2.534180
2.534180
2.543945
2.534180
2.524414
2.548828
2.534180
2.548828
2.539062
2.529297
2.543945
2.558594
2.558594
2.543945
2.534180
2.563477
2.548828
2.553711
2.539062
2.548828
2.548828
2.553711
2.529297
2.495117
2.524414
2.534180
2.534180
2.558594
2.543945
2.514648
2.553711
2.563477
2.573242
2.558594
2.558594
2.553711
2.592773
2.612305
2.563477
2.553711
2.573242
2.597656
2.578125
2.587891
2.587891
2.553711
2.587891
2.558594
2.578125
2.597656
2.573242
2.563477
2.592773
2.573242
2.583008
2.563477
2.578125
2.597656
2.587891
2.587891
2.583008
2.543945
2.568359
2.592773
2.573242
2.597656
2.548828
2.583008
2.543945
2.568359
2.534180
2.548828
2.558594
2.563477
2.573242
2.553711
2.612305
2.568359
2.573242
2.587891
2.539062
2.592773
2.597656
2.543945
2.568359
2.578125
2.534180
2.573242
2.587891
2.524414
2.578125
2.534180
2.578125
2.587891
2.553711
2.573242
2.573242
2.563477
2.568359
2.539062
2.592773
2.543945
2.558594
2.583008
2.534180
2.543945
2.539062
2.558594
2.548828
2.587891
2.534180
2.548828
2.534180
2.543945
2.534180
2.543945
2.529297
2.558594
2.539062
2.519531
2.519531
2.524414
2.558594
2.539062
2.573242
2.539062
2.553711
2.563477
2.534180
2.539062
2.587891
2.543945
2.578125
2.539062
2.558594
2.529297
2.587891
2.539062
2.543945
2.529297
2.573242
2.534180
2.529297
2.514648
2.553711
2.534180
2.543945
2.514648
2.558594
2.553711
2.529297
2.534180
2.529297
2.539062
2.539062
2.519531
2.529297
2.539062
2.519531
2.539062
2.563477
2.524414
2.553711
2.543945
2.514648
2.500000
2.539062
2.539062
2.553711
2.553711
2.602539
2.592773
2.583008
2.573242
2.553711
2.563477
2.558594
2.558594
2.548828
2.539062
2.524414
2.548828
2.558594
2.543945
2.539062
2.519531
2.543945
2.543945
2.568359
2.529297
2.558594
2.539062
2.543945
2.543945
2.548828
2.529297
2.524414
2.563477
2.534180
2.529297
2.534180
2.553711
2.534180
2.539062
2.534180
2.553711
2.529297
2.578125
2.529297
2.543945
2.539062
2.539062
2.573242
2.529297
2.553711
2.553711
2.563477
2.539062
2.543945
2.558594
2.583008
2.558594
2.553711
2.558594
2.509766
2.524414
2.500000
2.543945
2.504883
2.519531
2.500000
2.509766
2.504883
2.548828
2.519531
2.553711
2.524414
2.519531
2.548828
2.529297
2.534180
2.534180
2.543945
2.509766
2.543945
2.539062
2.500000
2.534180
2.534180
2.539062
2.573242
2.524414
2.529297
2.534180
2.539062
2.534180
2.539062
2.539062
2.529297
2.558594
2.558594
2.534180
2.558594
2.539062
2.534180
2.553711
2.553711
2.534180
2.553711
2.548828
2.509766
2.543945
2.529297
2.514648
2.568359
2.529297
2.539062
2.548828
2.553711
2.573242
2.534180
2.578125
2.539062
2.592773
2.553711
2.583008
2.583008
2.548828
2.587891
2.607422
2.578125
2.573242
2.543945
2.592773
2.548828
2.592773
2.568359
2.607422
2.597656
2.563477
2.534180
2.558594
2.558594
2.592773
2.568359
2.578125
2.578125
2.568359
2.607422
2.578125
2.568359
2.573242
2.592773
2.578125
2.563477
2.573242
2.558594
2.558594
2.558594
2.539062
2.543945
2.524414
2.563477
2.553711
2.558594
2.558594
2.597656
2.602539
2.587891
2.558594
2.543945
2.568359
2.573242
2.553711
2.573242
2.597656
2.597656
2.583008
2.543945
2.568359
2.548828
2.539062
2.592773
2.563477
2.553711
2.558594
2.573242
2.553711
2.597656
2.553711
2.573242
2.548828
2.539062
2.539062
2.558594
2.539062
2.573242
2.578125
2.519531
2.563477
2.519531
2.539062
2.543945
2.558594
2.553711
2.553711
2.519531
2.495117
2.504883
2.543945
2.509766
2.529297
2.519531
2.543945
2.543945
2.553711
2.548828
2.534180
2.563477
2.539062
2.534180
2.553711
2.543945
2.553711
2.558594
2.558594
2.558594
2.558594
2.519531
2.563477
2.558594
2.524414
2.543945
2.524414
2.558594
2.524414
2.519531
2.568359
2.519531
2.524414
2.553711
2.563477
2.529297
2.529297
2.500000
2.519531
2.543945
2.592773
2.519531
2.529297
2.543945
2.548828
2.529297
2.548828
2.500000
2.543945
2.583008
2.573242
2.519531
2.578125
2.602539
2.592773
2.578125
2.592773
2.534180
2.553711
2.553711
2.553711
2.553711
2.529297
2.529297
2.529297
2.534180
2.514648
2.548828
2.539062
2.514648
2.563477
2.519531
2.534180
2.553711
2.553711
2.558594
2.519531
2.529297
2.529297
2.534180
2.568359
2.558594
2.524414
2.534180
2.553711
2.539062
2.543945
2.553711
2.534180
2.543945
2.543945
2.539062
2.543945
2.543945
2.592773
2.558594
2.563477
2.553711
2.534180
2.553711
2.587891
2.553711
2.597656
2.573242
2.558594
2.529297
2.524414
2.524414
2.534180
2.509766
2.543945
2.543945
2.509766
2.509766
2.524414
2.529297
2.529297
2.485352
2.524414
2.490234
2.529297
2.539062
2.519531
2.519531
2.519531
2.524414
2.524414
2.539062
2.548828
2.514648
2.548828
2.539062
2.519531
2.534180
2.539062
2.558594
2.563477
2.524414
2.558594
2.553711
2.558594
2.534180
2.534180
2.553711
2.558594
2.553711
2.583008
2.539062
2.534180
2.539062
2.543945
2.578125
2.539062
2.534180
2.553711
2.519531
2.548828
2.519531
2.534180
2.514648
2.500000
2.548828
2.543945
2.573242
2.583008
2.587891
2.578125
2.548828
2.592773
2.597656
2.563477
2.524414
2.573242
2.534180
2.578125
2.539062
2.578125
2.573242
2.573242
2.558594
2.568359
2.587891
2.583008
2.607422
2.539062
2.558594
2.587891
2.587891
2.607422
2.607422
2.602539
2.607422
2.597656
2.558594
2.583008
2.607422
2.563477
2.573242
2.583008
2.553711
2.578125
2.539062
2.543945
2.534180
2.573242
2.524414
2.548828
2.563477
2.553711
2.563477
2.568359
2.578125
2.573242
2.587891
2.573242
2.563477
2.587891
2.587891
2.568359
2.597656
2.553711
2.578125
2.587891
2.563477
2.563477
2.573242
2.573242
2.558594
2.568359
2.592773
2.543945
2.558594
2.553711
2.524414
2.578125
2.573242
2.543945
2.539062
2.514648
2.524414
2.553711
2.543945
2.543945
2.548828
2.529297
2.553711
2.524414
2.543945
2.543945
2.534180
2.539062
2.534180
2.529297
2.529297
2.524414
2.543945
2.519531
2.587891
2.534180
2.558594
2.587891
2.543945
2.568359
2.553711
2.587891
2.553711
2.558594
2.558594
2.573242
2.558594
2.548828
2.519531
2.543945
2.539062
2.553711
2.539062
2.543945
2.539062
2.534180
2.553711
2.543945
2.548828
2.529297
2.563477
2.548828
2.558594
2.548828
2.553711
2.509766
2.534180
2.558594
2.519531
2.524414
2.543945
2.534180
2.539062
2.509766
2.529297
2.558594
2.529297
2.500000
2.539062
2.558594
2.578125
2.563477
2.578125
2.602539
2.539062
2.587891
2.587891
2.578125
2.548828
2.543945
2.563477
2.539062
2.543945
2.529297
2.543945
2.539062
2.534180
2.514648
2.529297
2.524414
2.509766
2.534180
2.583008
2.573242
2.548828
2.519531
2.558594
2.534180
2.539062
2.534180
2.558594
2.548828
2.543945
2.534180
2.563477
2.548828
2.519531
2.519531
2.534180
2.539062
2.558594
2.539062
2.539062
2.539062
2.543945
2.539062
2.563477
2.583008
2.573242
2.602539
2.578125
2.534180
2.548828
2.568359
2.534180
2.534180
2.509766
2.539062
2.524414
2.524414
2.529297
2.500000
2.509766
2.495117
2.539062
2.534180
2.543945
2.534180
2.529297
2.514648
2.509766
2.519531
2.539062
2.514648
2.534180
2.539062
2.509766
2.519531
2.519531
2.529297
2.519531
2.529297
2.539062
2.514648
2.539062
2.553711
2.524414
2.529297
2.534180
2.524414
2.543945
2.534180
2.553711
2.558594
2.539062
2.543945
2.578125
2.592773
2.539062
2.553711
2.543945
2.529297
2.529297
2.534180
2.539062
2.529297
2.514648
2.539062
2.539062
2.524414
2.563477
2.558594
2.558594
2.548828
2.548828
2.563477
2.573242
2.568359
2.597656
2.563477
2.583008
2.563477
2.558594
2.573242
2.578125
2.568359
2.563477
2.583008
2.578125
2.583008
2.602539
2.573242
2.583008
2.563477
2.597656
2.578125
2.568359
2.607422
2.553711
2.558594
2.592773
2.563477
2.583008
2.578125
2.597656
2.607422
2.563477
2.563477
2.509766
2.524414
2.543945
2.534180
2.558594
2.563477
2.548828
2.583008
2.578125
2.548828
2.553711
2.563477
2.573242
2.573242
2.558594
2.578125
2.578125
2.563477
2.558594
2.592773
2.587891
2.543945
2.583008
2.519531
2.592773
2.568359
2.563477
2.573242
2.568359
2.548828
2.568359
2.543945
2.558594
2.558594
2.558594
2.543945
2.583008
2.543945
2.529297
2.534180
2.558594
2.558594
2.553711
2.539062
2.529297
2.529297
2.543945
2.524414
2.553711
2.519531
2.514648
2.509766
2.519531
2.534180
2.539062
2.539062
2.548828
2.558594
2.539062
2.553711
2.548828
2.548828
2.548828
2.539062
2.534180
2.558594
2.539062
2.548828
2.539062
2.548828
2.534180
2.543945
2.529297
2.539062
2.529297
2.529297
2.534180
2.534180
2.529297
2.529297
2.543945
2.553711
2.534180
2.543945
2.548828
2.529297
2.529297
2.543945
2.509766
2.543945
2.524414
2.519531
2.543945
2.519531
2.524414
2.509766
2.529297
2.539062
2.504883
2.534180
2.543945
2.587891
2.592773
2.592773
2.573242
2.568359
2.568359
2.563477
2.553711
2.558594
2.548828
2.519531
2.563477
2.548828
2.548828
2.534180
2.534180
2.519531
2.553711
2.509766
2.524414
2.524414
2.529297
2.553711
2.524414
2.543945
2.529297
2.548828
2.514648
2.519531
2.495117
2.529297
2.578125
2.524414
2.534180
2.543945
2.509766
2.534180
2.553711
2.558594
2.529297
2.514648
2.539062
2.529297
2.568359
2.534180
2.529297
2.563477
2.553711
2.597656
2.558594
2.563477
2.597656
2.553711
2.563477
2.553711
2.529297
2.553711
2.563477
2.534180
2.519531
2.548828
2.504883
2.543945
2.519531
2.543945
2.500000
2.534180
2.529297
2.490234
2.548828
2.500000
2.539062
2.519531
2.509766
2.509766
2.534180
2.529297
2.534180
2.519531
2.534180
2.514648
2.524414
2.519531
2.519531
2.543945
2.543945
2.543945
2.529297
2.529297
2.573242
2.529297
2.534180
2.553711
2.534180
2.539062
2.529297
2.534180
2.534180
2.563477
2.558594
2.539062
2.548828
2.539062
2.558594
2.514648
2.524414
2.563477
2.519531
2.509766
2.539062
2.558594
2.524414
2.563477
2.548828
2.573242
2.578125
2.553711
2.534180
2.553711
2.563477
2.573242
2.539062
2.553711
2.563477
2.558594
2.568359
2.573242
2.587891
2.583008
2.592773
2.563477
2.602539
2.597656
2.563477
2.548828
2.578125
2.578125
2.592773
2.587891
2.602539
2.563477
2.607422
2.573242
2.573242
2.583008
2.592773
2.602539
2.587891
2.534180
2.573242
2.529297
2.519531
2.563477
2.543945
2.583008
2.529297
2.573242
2.583008
2.558594
2.597656
2.578125
2.553711
2.578125
2.578125
2.597656
2.548828
2.553711
2.573242
2.558594
2.543945
2.573242
2.548828
2.543945
2.578125
2.573242
2.543945
2.568359
2.519531
2.592773
2.539062
2.548828
2.548828
2.573242
2.524414
2.529297
2.558594
2.578125
2.568359
2.563477
2.529297
2.568359
2.500000
2.548828
2.568359
2.539062
2.568359
2.548828
2.514648
2.524414
2.524414
2.519531
2.504883
2.539062
2.529297
2.543945
2.548828
2.563477
2.529297
2.558594
2.534180
2.553711
2.597656
2.553711
2.543945
2.563477
2.519531
2.543945
2.539062
2.553711
2.563477
2.529297
2.558594
2.539062
2.534180
2.548828
2.519531
2.534180
2.534180
2.534180
2.529297
2.529297
2.539062
2.509766
2.529297
2.529297
2.519531
2.495117
2.509766
2.524414
2.509766
2.539062
2.509766
2.519531
2.543945
2.524414
2.495117
2.539062
2.534180
2.500000
2.548828
2.592773
2.568359
2.548828
2.573242
2.573242
2.514648
2.583008
2.534180
2.543945
2.524414
2.524414
2.500000
2.529297
2.558594
2.534180
2.563477
2.500000
2.529297
2.475586
2.500000
2.539062
2.514648
2.509766
2.519531
2.539062
2.509766
2.524414
2.543945
2.514648
2.514648
2.519531
2.543945
2.509766
2.534180
2.534180
2.543945
2.500000
2.519531
2.534180
2.529297
2.539062
2.529297
2.509766
2.529297
2.539062
2.563477
2.539062
2.558594
2.592773
2.592773
2.573242
2.543945
2.558594
2.548828
2.539062
2.543945
2.500000
2.529297
2.514648
2.509766
2.504883
2.514648
2.519531
2.543945
2.485352
2.529297
2.524414
2.529297
2.543945
2.514648
2.514648
2.553711
2.509766
2.543945
2.563477
2.504883
2.539062
2.524414
2.514648
2.548828
2.509766
2.543945
2.543945
2.539062
2.529297
2.529297
2.524414
2.543945
2.578125
2.548828
2.553711
2.534180
2.539062
2.529297
2.529297
2.553711
2.534180
2.539062
2.568359
2.524414
2.558594
2.534180
2.534180
2.534180
2.504883
2.514648
2.543945
2.529297
2.519531
2.568359
2.539062
2.519531
2.548828
2.543945
2.553711
2.524414
2.558594
2.573242
2.563477
2.597656
2.563477
2.592773
2.553711
2.597656
2.583008
2.607422
2.563477
2.592773
2.607422
2.592773
2.607422
2.587891
2.573242
2.607422
2.563477
2.583008
2.597656
2.617188
2.573242
2.602539
2.592773
2.617188
2.607422
2.622070
2.578125
2.597656
2.617188
2.578125
2.563477
2.539062
2.534180
2.509766
2.534180
2.558594
2.563477
2.583008
2.558594
2.558594
2.543945
2.592773
2.597656
2.592773
2.578125
2.548828
2.587891
2.573242
2.587891
2.587891
2.573242
2.597656
2.592773
2.597656
2.607422
2.602539
2.543945
2.602539
2.573242
2.631836
2.587891
2.553711
2.646484
2.587891
2.553711
2.607422
2.587891
2.543945
2.597656
2.617188
2.573242
2.553711
2.558594
2.568359
2.587891
2.568359
2.607422
2.563477
2.573242
2.553711
2.553711
2.568359
2.529297
2.563477
2.539062
2.573242
2.558594
2.548828
2.583008
2.578125
2.568359
2.563477
2.573242
2.578125
2.573242
2.587891
2.573242
2.592773
2.548828
2.553711
2.553711
2.578125
2.563477
2.587891
2.539062
2.578125
2.568359
2.578125
2.563477
2.558594
2.553711
2.543945
2.578125
2.529297
2.543945
2.553711
2.578125
2.539062
2.563477
2.539062
2.529297
2.543945
2.534180
2.529297
2.543945
2.534180
2.534180
2.539062
