2.011719
1.665039
1.357422
1.103516
0.957031
0.849609
0.952148
1.152344
1.450195
1.860352
2.412109
2.958984
3.540039
4.130859
4.628906
5.009766
5.209961
5.312500
5.180664
4.887695
4.414062
3.852539
3.173828
2.416992
1.728516
1.040039
0.512695
0.102539
-0.131836
-0.136719
0.029297
0.356445
0.781250
1.313477
1.894531
2.480469
3.012695
3.510742
3.896484
4.121094
4.248047
4.199219
4.130859
3.950195
3.637695
3.315430
3.032227
2.729492
2.592773
2.548828
2.534180
2.568359
2.592773
2.587891
2.568359
2.568359
2.558594
2.578125
2.568359
2.583008
2.563477
2.578125
2.558594
2.573242
2.558594
2.573242
2.548828
2.587891
2.573242
2.553711
2.583008
2.587891
2.543945
2.553711
2.578125
2.534180
2.514648
2.543945
2.524414
2.539062
2.539062
2.529297
2.553711
2.500000
2.543945
2.534180
2.539062
2.534180
2.500000
2.553711
2.519531
2.558594
2.548828
2.543945
2.534180
2.504883
2.558594
2.495117
2.578125
2.573242
2.563477
2.543945
2.563477
2.543945
2.617188
2.568359
2.548828
2.543945
2.529297
2.529297
2.558594
2.548828
2.524414
2.539062
2.553711
2.553711
2.524414
2.504883
2.509766
2.563477
2.534180
2.534180
2.509766
2.485352
2.475586
2.490234
2.519531
2.485352
2.519531
2.504883
2.514648
2.509766
2.519531
2.519531
2.524414
2.524414
2.519531
2.495117
2.529297
2.514648
2.529297
2.558594
2.490234
2.500000
2.514648
2.543945
2.524414
2.519531
2.529297
2.475586
2.548828
2.519531
2.529297
2.543945
2.519531
2.534180
2.514648
2.524414
2.534180
2.500000
2.548828
2.539062
2.500000
2.529297
2.514648
2.509766
2.514648
2.524414
2.524414
2.509766
2.485352
2.490234
2.504883
2.460938
2.500000
2.519531
2.509766
2.539062
2.500000
2.519531
2.529297
2.529297
2.519531
2.514648
2.558594
2.553711
2.524414
2.529297
2.534180
2.519531
2.534180
2.519531
2.519531
2.519531
2.519531
2.514648
2.534180
2.519531
2.514648
2.514648
2.524414
2.519531
2.553711
2.524414
2.543945
2.509766
2.563477
2.563477
2.524414
2.548828
2.553711
2.534180
2.514648
2.543945
2.548828
2.514648
2.534180
2.548828
2.529297
2.534180
2.504883
2.539062
2.578125
2.578125
2.607422
2.553711
2.583008
2.568359
2.578125
2.573242
2.563477
2.573242
2.543945
2.573242
2.553711
2.578125
2.543945
2.543945
2.558594
2.583008
2.573242
2.563477
2.553711
2.543945
2.592773
2.558594
2.568359
2.553711
2.563477
2.563477
2.553711
2.573242
2.563477
2.563477
2.573242
2.553711
2.583008
2.558594
2.543945
2.553711
2.539062
2.553711
2.578125
2.568359
2.563477
2.578125
2.529297
2.573242
2.558594
2.558594
2.578125
2.573242
2.587891
2.597656
2.583008
2.568359
2.529297
2.543945
2.543945
2.524414
2.529297
2.543945
2.495117
2.558594
2.514648
2.524414
2.509766
2.529297
2.543945
2.539062
2.529297
2.539062
2.490234
2.519531
2.539062
2.485352
2.534180
2.519531
2.534180
2.563477
2.553711
2.558594
2.519531
2.534180
2.529297
2.563477
2.524414
2.539062
2.529297
2.543945
2.543945
2.529297
2.529297
2.519531
2.534180
2.524414
2.519531
2.534180
2.529297
2.534180
2.524414
2.583008
2.539062
2.519531
2.539062
2.543945
2.495117
2.529297
2.519531
2.529297
2.529297
2.514648
2.519531
2.558594
2.529297
2.534180
2.548828
2.524414
2.573242
2.558594
2.578125
2.558594
2.568359
2.587891
2.558594
2.539062
2.529297
2.529297
2.558594
2.558594
2.563477
2.592773
2.558594
2.573242
2.568359
2.583008
2.597656
2.563477
2.529297
2.597656
2.587891
2.573242
2.592773
2.563477
2.563477
2.587891
2.602539
2.539062
2.558594
2.583008
2.573242
2.524414
2.534180
2.514648
2.529297
2.553711
2.543945
2.568359
2.587891
2.587891
2.578125
2.583008
2.563477
2.602539
2.587891
2.568359
2.587891
2.573242
2.583008
2.592773
2.587891
2.592773
2.607422
2.558594
2.578125
2.597656
2.597656
2.558594
2.578125
2.573242
2.583008
2.568359
2.578125
2.592773
2.563477
2.573242
2.573242
2.553711
2.587891
2.592773
2.563477
2.578125
2.578125
2.558594
2.578125
2.587891
2.568359
2.548828
2.568359
2.553711
2.578125
2.548828
2.558594
2.548828
2.558594
2.607422
2.563477
2.573242
2.592773
2.602539
2.563477
2.578125
2.607422
2.563477
2.583008
2.587891
2.563477
2.587891
2.568359
2.583008
2.573242
2.583008
2.568359
2.597656
2.578125
2.583008
2.587891
2.587891
2.592773
2.558594
2.548828
2.573242
2.587891
2.573242
2.573242
2.573242
2.534180
2.543945
2.558594
2.587891
2.568359
2.548828
2.563477
2.558594
2.534180
2.558594
2.558594
2.563477
2.563477
2.514648
2.534180
2.548828
2.597656
2.573242
2.578125
2.592773
2.563477
2.597656
2.573242
2.573242
2.563477
2.563477
2.553711
2.543945
2.534180
2.553711
2.524414
2.573242
2.519531
2.548828
2.573242
2.539062
2.543945
2.529297
2.553711
2.568359
2.534180
2.548828
2.529297
2.558594
2.534180
2.534180
2.553711
2.558594
2.509766
2.553711
2.534180
2.563477
2.548828
2.524414
2.543945
2.534180
2.543945
2.548828
2.573242
2.548828
2.529297
2.524414
2.524414
2.519531
2.539062
2.553711
2.563477
2.597656
2.558594
2.548828
2.539062
2.514648
2.524414
2.519531
2.495117
2.534180
2.534180
2.524414
2.490234
2.504883
2.514648
2.500000
2.485352
2.509766
2.495117
2.500000
2.504883
2.490234
2.500000
2.514648
2.519531
2.534180
2.514648
2.524414
2.500000
2.534180
2.519531
2.500000
2.529297
2.534180
2.524414
2.524414
2.539062
2.504883
2.519531
2.534180
2.539062
2.539062
2.539062
2.534180
2.524414
2.509766
2.514648
2.534180
2.573242
2.563477
2.524414
2.519531
2.548828
2.500000
2.519531
2.509766
2.524414
2.519531
2.514648
2.529297
2.573242
2.529297
2.534180
2.558594
2.548828
2.539062
2.524414
2.573242
2.592773
2.558594
2.558594
2.563477
2.563477
2.558594
2.587891
2.597656
2.568359
2.563477
2.543945
2.558594
2.563477
2.607422
2.612305
2.524414
2.587891
2.563477
2.578125
2.583008
2.558594
2.602539
2.602539
2.587891
2.578125
2.563477
2.578125
2.563477
2.578125
2.568359
2.534180
2.553711
2.509766
2.529297
2.534180
2.563477
2.553711
2.534180
2.578125
2.578125
2.529297
2.587891
2.568359
2.539062
2.558594
2.573242
2.558594
2.583008
2.583008
2.568359
2.592773
2.597656
2.553711
2.573242
2.563477
2.534180
2.553711
2.553711
2.573242
2.534180
2.592773
2.524414
2.539062
2.573242
2.543945
2.543945
2.578125
2.534180
2.563477
2.514648
2.543945
2.568359
2.543945
2.524414
2.539062
2.509766
2.534180
2.543945
2.509766
2.543945
2.529297
2.519531
2.514648
2.519531
2.534180
2.529297
2.553711
2.539062
2.543945
2.543945
2.534180
2.553711
2.539062
2.529297
2.539062
2.543945
2.553711
2.558594
2.539062
2.539062
2.539062
2.529297
2.543945
2.519531
2.534180
2.543945
2.539062
2.534180
2.514648
2.534180
2.548828
2.514648
2.519531
2.519531
2.539062
2.543945
2.529297
2.568359
2.534180
2.514648
2.529297
2.475586
2.529297
2.524414
2.524414
2.553711
2.543945
2.543945
2.553711
2.539062
2.509766
2.539062
2.573242
2.519531
2.553711
2.597656
2.583008
2.563477
2.578125
2.543945
2.573242
2.524414
2.534180
2.529297
2.539062
2.553711
2.558594
2.519531
2.548828
2.563477
2.514648
2.524414
2.514648
2.543945
2.539062
2.500000
2.543945
2.509766
2.543945
2.509766
2.587891
2.524414
2.485352
2.519531
2.543945
2.529297
2.514648
2.524414
2.543945
2.529297
2.534180
2.573242
2.539062
2.563477
2.573242
2.568359
2.568359
2.534180
2.558594
2.539062
2.563477
2.583008
2.568359
2.563477
2.563477
2.563477
2.548828
2.534180
2.534180
2.553711
2.548828
2.509766
2.558594
2.514648
2.529297
2.534180
2.543945
2.534180
2.543945
2.529297
2.534180
2.500000
2.534180
2.509766
2.519531
2.529297
2.539062
2.519531
2.534180
2.548828
2.563477
2.573242
2.539062
2.563477
2.548828
2.558594
2.543945
2.539062
2.548828
2.504883
2.539062
2.543945
2.529297
2.568359
2.543945
2.548828
2.553711
2.529297
2.534180
2.553711
2.578125
2.558594
2.573242
2.558594
2.534180
2.558594
2.529297
2.534180
2.519531
2.534180
2.519531
2.583008
2.539062
2.529297
2.563477
2.543945
2.543945
2.558594
2.558594
2.597656
2.573242
2.573242
2.578125
2.573242
2.597656
2.573242
2.578125
2.563477
2.568359
2.553711
2.607422
2.573242
2.558594
2.558594
2.602539
2.587891
2.602539
2.578125
2.597656
2.587891
2.602539
2.587891
2.602539
2.578125
2.553711
2.607422
2.597656
2.568359
2.578125
2.578125
2.563477
2.578125
2.519531
2.548828
2.529297
2.553711
2.553711
2.529297
2.573242
2.583008
2.568359
2.602539
2.539062
2.573242
2.592773
2.573242
2.587891
2.558594
2.558594
2.583008
2.563477
2.568359
2.587891
2.568359
2.539062
2.548828
2.592773
2.573242
2.519531
2.553711
2.558594
2.524414
2.583008
2.563477
2.548828
2.563477
2.539062
2.578125
2.529297
2.587891
2.558594
2.553711
2.558594
2.543945
2.553711
2.534180
2.548828
2.568359
2.534180
2.558594
2.539062
2.519531
2.504883
2.495117
2.519531
2.524414
2.539062
2.568359
2.558594
2.524414
2.539062
2.543945
2.529297
2.534180
2.519531
2.558594
2.519531
2.558594
2.558594
2.539062
2.529297
2.553711
2.543945
2.539062
2.543945
2.524414
2.534180
2.519531
2.534180
2.553711
2.543945
2.534180
2.573242
2.543945
2.500000
2.500000
2.529297
2.539062
2.539062
2.553711
2.524414
2.539062
2.504883
2.529297
2.543945
2.534180
2.529297
2.519531
2.539062
2.553711
2.519531
2.558594
2.548828
2.539062
2.573242
2.558594
2.573242
2.597656
2.553711
2.543945
2.587891
2.539062
2.543945
2.548828
2.553711
2.539062
2.543945
2.558594
2.539062
2.543945
2.534180
2.568359
2.558594
2.548828
2.519531
2.534180
2.553711
2.548828
2.578125
2.514648
2.548828
2.534180
2.573242
2.519531
2.553711
2.543945
2.529297
2.548828
2.553711
2.534180
2.543945
2.548828
2.543945
2.548828
2.553711
2.558594
2.539062
2.587891
2.543945
2.543945
2.568359
2.578125
2.587891
2.578125
2.553711
2.602539
2.592773
2.563477
2.573242
2.539062
2.539062
2.543945
2.519531
2.543945
2.514648
2.529297
2.534180
2.539062
2.543945
2.529297
2.539062
2.543945
2.534180
2.534180
2.543945
2.539062
2.524414
2.529297
2.558594
2.529297
2.539062
2.539062
2.514648
2.558594
2.578125
2.543945
2.548828
2.558594
2.529297
2.573242
2.519531
2.573242
2.553711
2.553711
2.553711
2.558594
2.563477
2.553711
2.592773
2.524414
2.583008
2.578125
2.548828
2.543945
2.543945
2.534180
2.543945
2.543945
2.495117
2.553711
2.543945
2.519531
2.524414
2.558594
2.563477
2.573242
2.563477
2.568359
2.543945
2.573242
2.568359
2.573242
2.597656
2.558594
2.558594
2.592773
2.583008
2.583008
2.597656
2.563477
2.534180
2.568359
2.563477
2.573242
2.612305
2.587891
2.587891
2.607422
2.612305
2.597656
2.597656
2.573242
2.553711
2.597656
2.573242
2.592773
2.583008
2.553711
2.587891
2.583008
2.568359
2.578125
2.553711
2.553711
2.539062
2.558594
2.553711
2.558594
2.587891
2.529297
2.558594
2.597656
2.563477
2.592773
2.583008
2.558594
2.563477
2.519531
2.548828
2.587891
2.553711
2.587891
2.597656
2.553711
2.597656
2.524414
2.573242
2.553711
2.548828
2.548828
2.548828
2.509766
2.592773
2.553711
2.558594
2.543945
2.558594
2.558594
2.578125
2.519531
2.553711
2.578125
2.553711
2.539062
2.568359
2.553711
2.548828
2.519531
2.539062
2.539062
2.529297
2.534180
2.529297
2.548828
2.548828
2.514648
2.543945
2.539062
2.539062
2.563477
2.534180
2.558594
2.543945
2.548828
2.539062
2.529297
2.553711
2.524414
2.578125
2.548828
2.543945
2.543945
2.534180
2.553711
2.539062
2.534180
2.534180
2.563477
2.543945
2.558594
2.529297
2.573242
2.534180
2.543945
2.500000
2.529297
2.543945
2.553711
2.534180
2.563477
2.529297
2.529297
2.529297
2.529297
2.519531
2.524414
2.543945
2.548828
2.529297
2.553711
2.534180
2.539062
2.563477
2.558594
2.563477
2.553711
2.558594
2.553711
2.553711
2.563477
2.539062
2.543945
2.558594
2.553711
2.539062
2.529297
2.539062
2.519531
2.539062
2.568359
2.519531
2.509766
2.553711
2.534180
2.524414
2.514648
2.524414
2.529297
2.524414
2.529297
2.529297
2.558594
2.529297
2.539062
2.529297
2.539062
2.548828
2.563477
2.534180
2.578125
2.524414
2.543945
2.543945
2.573242
2.563477
2.534180
2.553711
2.563477
2.563477
2.548828
2.563477
2.592773
2.568359
2.578125
2.539062
2.558594
2.573242
2.558594
2.529297
2.504883
2.519531
2.519531
2.524414
2.524414
2.500000
2.500000
2.500000
2.519531
2.543945
2.558594
2.529297
2.539062
2.524414
2.524414
2.524414
2.534180
2.553711
2.509766
2.534180
2.539062
2.548828
2.524414
2.534180
2.524414
2.553711
2.539062
2.548828
2.558594
2.524414
2.534180
2.548828
2.558594
2.548828
2.543945
2.534180
2.539062
2.568359
2.573242
2.592773
2.539062
2.563477
2.543945
2.539062
2.534180
2.563477
2.543945
2.539062
2.495117
2.539062
2.524414
2.519531
2.539062
2.529297
2.543945
2.543945
2.543945
2.519531
2.548828
2.578125
2.578125
2.563477
2.548828
2.592773
2.597656
2.597656
2.592773
2.578125
2.587891
2.573242
2.573242
2.583008
2.568359
2.558594
2.583008
2.568359
2.553711
2.539062
2.558594
2.539062
2.524414
2.587891
2.534180
2.573242
2.573242
2.578125
2.583008
2.597656
2.563477
2.592773
2.602539
2.587891
2.543945
2.519531
2.524414
2.539062
2.548828
2.539062
2.563477
2.534180
2.539062
2.534180
2.534180
2.602539
2.568359
2.543945
2.573242
2.563477
2.573242
2.558594
2.548828
2.563477
2.539062
2.563477
2.568359
2.553711
2.563477
2.553711
2.568359
2.553711
2.553711
2.558594
2.509766
2.558594
2.573242
2.553711
2.573242
2.539062
2.529297
2.553711
2.524414
2.543945
2.578125
2.529297
2.563477
2.553711
2.534180
2.529297
2.514648
2.534180
2.543945
2.529297
2.490234
2.539062
2.500000
2.539062
2.519531
2.553711
2.563477
2.519531
2.568359
2.534180
2.553711
2.539062
2.568359
2.539062
2.558594
2.558594
2.543945
2.539062
2.519531
2.543945
2.519531
2.548828
2.524414
2.548828
2.543945
2.548828
2.529297
2.539062
2.524414
2.548828
2.568359
2.529297
2.509766
2.548828
2.543945
2.519531
2.534180
2.514648
2.534180
2.548828
2.568359
2.553711
2.568359
2.539062
2.539062
2.539062
2.548828
2.563477
2.509766
2.563477
2.563477
2.578125
2.558594
2.592773
2.558594
2.553711
2.578125
2.573242
2.563477
2.568359
2.558594
2.568359
2.539062
2.529297
2.543945
2.509766
2.529297
2.568359
2.548828
2.563477
2.529297
2.534180
2.553711
2.514648
2.524414
2.563477
2.519531
2.543945
2.539062
2.539062
2.548828
2.539062
2.543945
2.524414
2.583008
2.504883
2.558594
2.529297
2.548828
2.543945
2.553711
2.553711
2.539062
2.578125
2.534180
2.578125
2.539062
2.563477
2.543945
2.568359
2.578125
2.592773
2.568359
2.558594
2.578125
2.543945
2.524414
2.543945
2.539062
2.504883
2.500000
2.543945
2.539062
2.514648
2.519531
2.504883
2.480469
2.514648
2.553711
2.519531
2.543945
2.500000
2.563477
2.548828
2.514648
2.558594
2.539062
2.524414
2.539062
2.539062
2.558594
2.529297
2.548828
2.573242
2.539062
2.548828
2.529297
2.563477
2.529297
2.563477
2.543945
2.543945
2.539062
2.543945
2.568359
2.568359
2.548828
2.543945
2.553711
2.553711
2.543945
2.553711
2.543945
2.573242
2.539062
2.548828
2.563477
2.509766
2.573242
2.568359
2.500000
2.539062
2.553711
2.563477
2.548828
2.587891
2.563477
2.529297
2.592773
2.558594
2.563477
2.597656
2.563477
2.548828
2.587891
2.553711
2.583008
2.607422
2.602539
2.592773
2.597656
2.612305
2.592773
2.607422
2.612305
2.563477
2.631836
2.617188
2.587891
2.607422
2.583008
2.563477
2.597656
2.568359
2.558594
2.573242
2.583008
2.587891
2.539062
2.597656
2.534180
2.553711
2.543945
2.543945
2.539062
2.548828
2.558594
2.583008
2.534180
2.587891
2.568359
2.553711
2.597656
2.573242
2.597656
2.553711
2.573242
2.607422
2.558594
2.573242
2.592773
2.543945
2.573242
2.573242
2.592773
2.553711
2.563477
2.548828
2.583008
2.568359
2.592773
2.558594
2.558594
2.553711
2.563477
2.563477
2.578125
2.539062
2.573242
2.553711
2.568359
2.563477
2.553711
2.573242
2.548828
2.587891
2.529297
2.534180
2.578125
2.519531
2.539062
2.563477
2.524414
2.587891
2.543945
2.553711
2.558594
2.573242
2.539062
2.539062
2.563477
2.519531
2.553711
2.543945
2.583008
2.553711
2.553711
2.563477
2.568359
2.568359
2.568359
2.553711
2.573242
2.558594
2.563477
2.539062
2.583008
2.568359
2.539062
2.534180
2.524414
2.553711
2.548828
2.534180
2.534180
2.543945
2.529297
2.539062
2.553711
2.534180
2.553711
2.529297
2.529297
2.539062
2.539062
2.524414
2.539062
2.504883
2.524414
2.514648
2.529297
2.578125
2.568359
2.539062
2.607422
2.548828
2.563477
2.597656
2.553711
2.617188
2.558594
2.558594
2.548828
2.558594
2.568359
2.534180
2.543945
2.553711
2.529297
2.539062
2.553711
2.524414
2.539062
2.558594
2.548828
2.519531
2.539062
2.543945
2.543945
2.568359
2.514648
2.558594
2.558594
2.563477
2.543945
2.534180
2.524414
2.539062
2.519531
2.539062
2.553711
2.534180
2.543945
2.534180
2.548828
2.548828
2.563477
2.548828
2.529297
2.573242
2.587891
2.573242
2.587891
2.597656
2.573242
2.529297
2.587891
2.514648
2.578125
2.529297
2.543945
2.509766
2.504883
2.534180
2.514648
2.500000
2.548828
2.495117
2.514648
2.534180
2.504883
2.539062
2.509766
2.558594
2.529297
2.534180
2.543945
2.509766
2.543945
2.534180
2.539062
2.534180
2.587891
2.514648
2.524414
2.553711
2.529297
2.539062
2.524414
2.534180
2.539062
2.553711
2.529297
2.543945
2.563477
2.548828
2.548828
2.543945
2.534180
2.539062
2.529297
2.578125
2.519531
2.563477
2.539062
2.539062
2.529297
2.534180
2.548828
2.534180
2.539062
2.539062
2.519531
2.548828
2.558594
2.553711
2.587891
2.539062
2.587891
2.558594
2.558594
2.553711
2.543945
2.558594
2.578125
2.587891
2.578125
2.553711
2.587891
2.563477
2.548828
2.568359
2.539062
2.592773
2.578125
2.578125
2.592773
2.587891
2.578125
2.617188
2.626953
2.587891
2.592773
2.563477
2.578125
2.612305
2.592773
2.602539
2.607422
2.558594
2.563477
2.553711
2.519531
2.534180
2.524414
2.548828
2.587891
2.578125
2.534180
2.587891
2.563477
2.612305
2.578125
2.592773
2.553711
2.587891
2.563477
2.573242
2.548828
2.563477
2.543945
2.583008
2.578125
2.607422
2.553711
2.587891
2.573242
2.568359
2.592773
2.607422
2.583008
2.568359
2.578125
2.534180
2.587891
2.563477
2.583008
2.543945
2.553711
2.563477
2.563477
2.543945
2.548828
2.563477
2.563477
2.539062
2.529297
2.563477
2.543945
2.539062
2.534180
2.509766
2.529297
2.553711
2.539062
2.578125
2.563477
2.553711
2.583008
2.543945
2.558594
2.534180
2.548828
2.563477
2.539062
2.583008
2.548828
2.548828
2.529297
2.573242
2.573242
2.548828
2.548828
2.548828
2.553711
2.529297
2.587891
2.529297
2.543945
2.543945
2.539062
2.548828
2.548828
2.539062
2.539062
2.539062
2.543945
2.539062
2.529297
2.539062
2.548828
2.519531
2.539062
2.548828
2.509766
2.558594
2.485352
2.524414
2.504883
2.558594
2.558594
2.519531
2.534180
2.587891
2.617188
2.568359
2.578125
2.592773
2.553711
2.534180
2.558594
2.612305
2.548828
2.563477
2.543945
2.543945
2.524414
2.548828
2.514648
2.534180
2.534180
2.524414
2.553711
2.514648
2.543945
2.558594
2.553711
2.558594
2.543945
2.553711
2.568359
2.558594
2.563477
2.539062
2.553711
2.558594
2.543945
2.539062
2.534180
2.578125
2.558594
2.534180
2.553711
2.534180
2.563477
2.524414
2.563477
2.529297
2.592773
2.553711
2.587891
2.573242
2.587891
2.583008
2.558594
2.539062
2.543945
2.524414
2.539062
2.553711
2.514648
2.500000
2.548828
2.500000
2.500000
2.514648
2.504883
2.524414
2.529297
2.534180
2.529297
2.548828
2.519531
2.573242
2.534180
2.534180
2.529297
