1.787109
1.508789
1.201172
0.971680
0.874023
0.849609
0.957031
1.166992
1.528320
1.982422
2.524414
3.115234
3.710938
4.218750
4.746094
5.053711
5.244141
5.234375
5.048828
4.697266
4.165039
3.535156
2.827148
2.094727
1.411133
0.820312
0.317383
-0.024414
-0.166016
-0.122070
0.078125
0.458984
0.971680
1.513672
2.084961
2.695312
3.193359
3.613281
3.974609
4.130859
4.233398
4.194336
3.974609
3.808594
3.520508
3.178711
2.900391
2.680664
2.543945
2.539062
2.558594
2.558594
2.587891
2.587891
2.597656
2.587891
2.592773
2.568359
2.563477
2.587891
2.573242
2.607422
2.587891
2.607422
2.597656
2.583008
2.592773
2.587891
2.578125
2.583008
2.597656
2.587891
2.578125
2.597656
2.583008
2.573242
2.626953
2.568359
2.583008
2.553711
2.563477
2.573242
2.587891
2.558594
2.573242
2.553711
2.534180
2.534180
2.519531
2.514648
2.553711
2.558594
2.587891
2.583008
2.578125
2.553711
2.592773
2.539062
2.548828
2.578125
2.583008
2.607422
2.563477
2.592773
2.578125
2.553711
2.573242
2.558594
2.534180
2.568359
2.539062
2.587891
2.573242
2.573242
2.558594
2.543945
2.597656
2.539062
2.553711
2.573242
2.568359
2.534180
2.583008
2.553711
2.553711
2.558594
2.558594
2.553711
2.548828
2.553711
2.563477
2.558594
2.553711
2.553711
2.529297
2.524414
2.490234
2.548828
2.548828
2.548828
2.563477
2.563477
2.553711
2.553711
2.573242
2.548828
2.548828
2.573242
2.548828
2.563477
2.558594
2.558594
2.534180
2.543945
2.558594
2.553711
2.578125
2.553711
2.543945
2.543945
2.534180
2.539062
2.524414
2.558594
2.534180
2.529297
2.563477
2.534180
2.553711
2.553711
2.514648
2.563477
2.568359
2.534180
2.543945
2.548828
2.563477
2.519531
2.592773
2.583008
2.543945
2.539062
2.539062
2.553711
2.519531
2.539062
2.578125
2.543945
2.587891
2.573242
2.568359
2.568359
2.563477
2.568359
2.573242
2.563477
2.563477
2.578125
2.514648
2.524414
2.529297
2.558594
2.529297
2.553711
2.563477
2.548828
2.568359
2.519531
2.539062
2.583008
2.573242
2.548828
2.509766
2.548828
2.548828
2.524414
2.543945
2.543945
2.539062
2.558594
2.558594
2.509766
2.558594
2.543945
2.553711
2.553711
2.578125
2.558594
2.553711
2.553711
2.573242
2.597656
2.563477
2.553711
2.597656
2.553711
2.612305
2.583008
2.563477
2.563477
2.558594
2.529297
2.587891
2.519531
2.509766
2.524414
2.500000
2.524414
2.539062
2.519531
2.529297
2.543945
2.534180
2.524414
2.539062
2.543945
2.548828
2.529297
2.529297
2.534180
2.539062
2.539062
2.558594
2.553711
2.558594
2.558594
2.548828
2.548828
2.539062
2.573242
2.568359
2.563477
2.573242
2.543945
2.563477
2.558594
2.563477
2.548828
2.573242
2.568359
2.573242
2.534180
2.563477
2.568359
2.553711
2.578125
2.563477
2.543945
2.553711
2.553711
2.539062
2.558594
2.534180
2.543945
2.563477
2.543945
2.558594
2.583008
2.578125
2.558594
2.558594
2.587891
2.573242
2.563477
2.607422
2.563477
2.597656
2.622070
2.558594
2.607422
2.592773
2.592773
2.607422
2.592773
2.543945
2.573242
2.563477
2.587891
2.631836
2.563477
2.583008
2.612305
2.583008
2.592773
2.602539
2.583008
2.597656
2.607422
2.578125
2.563477
2.543945
2.578125
2.583008
2.583008
2.597656
2.563477
2.553711
2.500000
2.534180
2.548828
2.568359
2.578125
2.558594
2.573242
2.558594
2.558594
2.573242
2.587891
2.602539
2.587891
2.568359
2.553711
2.597656
2.607422
2.573242
2.573242
2.553711
2.563477
2.563477
2.553711
2.514648
2.602539
2.548828
2.548828
2.612305
2.558594
2.558594
2.568359
2.519531
2.548828
2.563477
2.534180
2.568359
2.539062
2.578125
2.548828
2.558594
2.543945
2.553711
2.543945
2.553711
2.514648
2.548828
2.548828
2.534180
2.509766
2.524414
2.539062
2.543945
2.529297
2.548828
2.539062
2.553711
2.558594
2.529297
2.578125
2.558594
2.553711
2.529297
2.543945
2.539062
2.534180
2.553711
2.548828
2.529297
2.529297
2.558594
2.539062
2.534180
2.519531
2.534180
2.534180
2.509766
2.534180
2.519531
2.524414
2.553711
2.553711
2.558594
2.519531
2.563477
2.568359
2.534180
2.539062
2.558594
2.529297
2.509766
2.543945
2.519531
2.539062
2.495117
2.504883
2.534180
2.534180
2.519531
2.553711
2.539062
2.597656
2.568359
2.568359
2.573242
2.587891
2.573242
2.578125
2.568359
2.543945
2.548828
2.573242
2.553711
2.519531
2.524414
2.514648
2.529297
2.543945
2.543945
2.553711
2.539062
2.568359
2.558594
2.539062
2.514648
2.539062
2.529297
2.534180
2.553711
2.558594
2.514648
2.514648
2.543945
2.558594
2.563477
2.553711
2.543945
2.568359
2.548828
2.573242
2.539062
2.529297
2.539062
2.534180
2.543945
2.553711
2.558594
2.543945
2.553711
2.568359
2.607422
2.587891
2.583008
2.563477
2.558594
2.529297
2.539062
2.539062
2.504883
2.524414
2.524414
2.509766
2.514648
2.504883
2.519531
2.514648
2.509766
2.529297
2.509766
2.524414
2.524414
2.509766
2.539062
2.529297
2.524414
2.553711
2.563477
2.529297
2.543945
2.548828
2.568359
2.568359
2.524414
2.534180
2.548828
2.534180
2.568359
2.548828
2.543945
2.539062
2.573242
2.539062
2.558594
2.558594
2.568359
2.563477
2.573242
2.563477
2.553711
2.558594
2.563477
2.543945
2.534180
2.539062
2.543945
2.553711
2.500000
2.529297
2.504883
2.529297
2.543945
2.553711
2.558594
2.553711
2.553711
2.568359
2.539062
2.583008
2.568359
2.573242
2.592773
2.578125
2.592773
2.563477
2.558594
2.573242
2.592773
2.592773
2.553711
2.592773
2.617188
2.534180
2.573242
2.548828
2.573242
2.612305
2.583008
2.587891
2.592773
2.612305
2.568359
2.607422
2.587891
2.597656
2.568359
2.583008
2.607422
2.543945
2.583008
2.558594
2.543945
2.539062
2.529297
2.548828
2.519531
2.587891
2.534180
2.573242
2.592773
2.563477
2.578125
2.578125
2.602539
2.539062
2.539062
2.587891
2.592773
2.607422
2.597656
2.573242
2.553711
2.592773
2.573242
2.607422
2.578125
2.534180
2.602539
2.553711
2.602539
2.587891
2.597656
2.573242
2.548828
2.587891
2.573242
2.553711
2.578125
2.553711
2.583008
2.553711
2.548828
2.548828
2.563477
2.543945
2.558594
2.543945
2.529297
2.558594
2.563477
2.524414
2.519531
2.543945
2.514648
2.553711
2.539062
2.548828
2.568359
2.553711
2.563477
2.558594
2.543945
2.548828
2.553711
2.548828
2.553711
2.553711
2.563477
2.578125
2.529297
2.534180
2.548828
2.539062
2.529297
2.534180
2.543945
2.553711
2.543945
2.534180
2.573242
2.543945
2.539062
2.534180
2.563477
2.553711
2.529297
2.539062
2.539062
2.529297
2.558594
2.519531
2.529297
2.529297
2.548828
2.534180
2.539062
2.563477
2.534180
2.539062
2.529297
2.514648
2.558594
2.563477
2.548828
2.587891
2.578125
2.587891
2.602539
2.573242
2.573242
2.529297
2.592773
2.543945
2.524414
2.558594
2.534180
2.563477
2.558594
2.534180
2.558594
2.539062
2.529297
2.543945
2.514648
2.534180
2.543945
2.543945
2.553711
2.529297
2.534180
2.519531
2.534180
2.553711
2.573242
2.548828
2.534180
2.578125
2.548828
2.563477
2.539062
2.573242
2.539062
2.558594
2.558594
2.539062
2.573242
2.543945
2.573242
2.578125
2.543945
2.592773
2.597656
2.558594
2.543945
2.573242
2.558594
2.543945
2.534180
2.534180
2.500000
2.534180
2.519531
2.519531
2.504883
2.524414
2.539062
2.529297
2.509766
2.529297
2.514648
2.543945
2.529297
2.519531
2.529297
2.524414
2.578125
2.539062
2.534180
2.534180
2.539062
2.543945
2.539062
2.529297
2.539062
2.534180
2.539062
2.543945
2.543945
2.548828
2.573242
2.529297
2.568359
2.553711
2.553711
2.539062
2.578125
2.553711
2.539062
2.548828
2.553711
2.543945
2.563477
2.558594
2.519531
2.509766
2.543945
2.548828
2.543945
2.529297
2.529297
2.539062
2.563477
2.529297
2.553711
2.553711
2.578125
2.558594
2.558594
2.534180
2.597656
2.587891
2.578125
2.597656
2.573242
2.558594
2.563477
2.612305
2.597656
2.602539
2.568359
2.568359
2.578125
2.563477
2.583008
2.597656
2.592773
2.563477
2.602539
2.597656
2.597656
2.597656
2.587891
2.587891
2.553711
2.587891
2.597656
2.607422
2.607422
2.568359
2.534180
2.529297
2.534180
2.524414
2.553711
2.543945
2.548828
2.578125
2.568359
2.578125
2.568359
2.587891
2.578125
2.592773
2.602539
2.558594
2.578125
2.583008
2.597656
2.563477
2.573242
2.563477
2.578125
2.543945
2.583008
2.558594
2.602539
2.587891
2.543945
2.548828
2.583008
2.558594
2.573242
2.548828
2.543945
2.573242
2.548828
2.573242
2.607422
2.524414
2.578125
2.583008
2.543945
2.568359
2.529297
2.553711
2.548828
2.558594
2.553711
2.573242
2.529297
2.539062
2.539062
2.534180
2.529297
2.539062
2.568359
2.539062
2.553711
2.558594
2.573242
2.548828
2.563477
2.568359
2.553711
2.543945
2.573242
2.553711
2.548828
2.553711
2.543945
2.543945
2.563477
2.558594
2.573242
2.553711
2.539062
2.558594
2.548828
2.563477
2.534180
2.539062
2.558594
2.548828
2.509766
2.543945
2.519531
2.534180
2.519531
2.534180
2.519531
2.529297
2.543945
2.534180
2.529297
2.534180
2.553711
2.548828
2.543945
2.534180
2.553711
2.539062
2.563477
2.573242
2.548828
2.602539
2.573242
2.592773
2.573242
2.553711
2.568359
2.563477
2.548828
2.583008
2.553711
2.529297
2.534180
2.539062
2.543945
2.529297
2.519531
2.539062
2.573242
2.539062
2.563477
2.553711
2.553711
2.543945
2.539062
2.553711
2.524414
2.534180
2.553711
2.524414
2.558594
2.524414
2.539062
2.553711
2.553711
2.543945
2.553711
2.548828
2.553711
2.543945
2.558594
2.553711
2.519531
2.529297
2.573242
2.573242
2.583008
2.583008
2.568359
2.578125
2.573242
2.539062
2.529297
2.539062
2.500000
2.529297
2.490234
2.500000
2.500000
2.519531
2.534180
2.495117
2.509766
2.509766
2.534180
2.539062
2.534180
2.519531
2.534180
2.514648
2.529297
2.514648
2.543945
2.509766
2.558594
2.514648
2.524414
2.543945
2.519531
2.553711
2.524414
2.534180
2.543945
2.519531
2.539062
2.524414
2.563477
2.543945
2.543945
2.509766
2.553711
2.543945
2.529297
2.539062
2.534180
2.519531
2.543945
2.578125
2.534180
2.548828
2.519531
2.524414
2.563477
2.539062
2.534180
2.500000
2.539062
2.563477
2.539062
2.563477
2.568359
2.539062
2.563477
2.602539
2.558594
2.573242
2.568359
2.578125
2.553711
2.587891
2.573242
2.573242
2.583008
2.607422
2.573242
2.578125
2.568359
2.578125
2.573242
2.563477
2.607422
2.573242
2.563477
2.607422
2.597656
2.563477
2.587891
2.573242
2.592773
2.597656
2.568359
2.578125
2.587891
2.587891
2.568359
2.587891
2.553711
2.578125
2.548828
2.519531
2.548828
2.524414
2.558594
2.563477
2.548828
2.578125
2.597656
2.568359
2.563477
2.539062
2.578125
2.617188
2.553711
2.548828
2.597656
2.563477
2.563477
2.558594
2.573242
2.583008
2.578125
2.553711
2.587891
2.597656
2.568359
2.553711
2.563477
2.563477
2.548828
2.539062
2.568359
2.548828
2.597656
2.568359
2.563477
2.573242
2.534180
2.543945
2.529297
2.543945
2.539062
2.543945
2.534180
2.558594
2.568359
2.539062
2.519531
2.514648
2.500000
2.519531
2.524414
2.548828
2.539062
2.563477
2.553711
2.548828
2.534180
2.568359
2.602539
2.500000
2.568359
2.563477
2.524414
2.568359
2.548828
2.563477
2.583008
2.553711
2.529297
2.539062
2.539062
2.558594
2.543945
2.534180
2.524414
2.548828
2.553711
2.548828
2.543945
2.539062
2.524414
2.573242
2.543945
2.539062
2.553711
2.539062
2.534180
2.519531
2.519531
2.539062
2.539062
2.524414
2.509766
2.543945
2.553711
2.563477
2.543945
2.524414
2.553711
2.583008
2.587891
2.553711
2.573242
2.563477
2.573242
2.583008
2.548828
2.573242
2.553711
2.573242
2.553711
2.558594
2.573242
2.529297
2.558594
2.514648
2.543945
2.543945
2.543945
2.534180
2.543945
2.548828
2.500000
2.553711
2.543945
2.529297
2.509766
2.553711
2.563477
2.500000
2.558594
2.524414
2.539062
2.543945
2.548828
2.543945
2.534180
2.553711
2.534180
2.553711
2.563477
2.529297
2.573242
2.524414
2.543945
2.539062
2.529297
2.602539
2.587891
2.578125
2.573242
2.578125
2.539062
2.563477
2.548828
2.553711
2.563477
2.539062
2.534180
2.504883
2.539062
2.509766
2.543945
2.543945
2.524414
2.500000
2.529297
2.543945
2.495117
2.534180
2.514648
2.524414
2.524414
2.529297
2.524414
2.509766
2.524414
2.543945
2.509766
2.543945
2.534180
2.524414
2.553711
2.524414
2.509766
2.548828
2.568359
2.539062
2.553711
2.539062
2.563477
2.539062
2.539062
2.558594
2.524414
2.558594
2.558594
2.568359
2.548828
2.563477
2.539062
2.583008
2.524414
2.539062
2.553711
2.504883
2.534180
2.558594
2.543945
2.529297
2.583008
2.529297
2.573242
2.529297
2.558594
2.548828
2.587891
2.587891
2.558594
2.558594
2.573242
2.563477
2.558594
2.578125
2.578125
2.558594
2.597656
2.587891
2.573242
2.573242
2.587891
2.607422
2.597656
2.578125
2.573242
2.587891
2.558594
2.558594
2.578125
2.573242
2.568359
2.597656
2.583008
2.607422
2.602539
2.563477
2.568359
2.543945
2.543945
2.529297
2.553711
2.514648
2.558594
2.583008
2.587891
2.583008
2.597656
2.573242
2.558594
2.583008
2.539062
2.553711
2.543945
2.568359
2.597656
2.534180
2.612305
2.617188
2.578125
2.563477
2.563477
2.563477
2.543945
2.558594
2.534180
2.597656
2.578125
2.543945
2.553711
2.529297
2.529297
2.534180
2.573242
2.563477
2.563477
2.568359
2.573242
2.548828
2.563477
2.563477
2.543945
2.563477
2.534180
2.539062
2.553711
2.553711
2.548828
2.509766
2.524414
2.490234
2.553711
2.519531
2.539062
2.553711
2.539062
2.597656
2.543945
2.587891
2.563477
2.558594
2.587891
2.539062
2.587891
2.553711
2.573242
2.539062
2.539062
2.558594
2.558594
2.548828
2.524414
2.563477
2.534180
2.558594
2.558594
2.548828
2.558594
2.548828
2.509766
2.529297
2.524414
2.529297
2.509766
2.524414
2.543945
2.558594
2.509766
2.543945
2.553711
2.519531
2.553711
2.543945
2.558594
2.548828
2.529297
2.558594
2.529297
2.524414
2.573242
2.597656
2.602539
2.573242
2.563477
2.573242
2.548828
2.558594
2.543945
2.568359
2.539062
2.548828
2.519531
2.524414
2.558594
2.534180
2.548828
2.543945
2.524414
2.543945
2.543945
2.509766
2.578125
2.539062
2.543945
2.534180
2.539062
2.543945
2.568359
2.563477
2.504883
2.558594
2.519531
2.534180
2.539062
2.534180
2.534180
2.534180
2.558594
2.529297
2.563477
2.524414
2.534180
2.524414
2.553711
2.563477
2.548828
2.534180
2.558594
2.578125
2.573242
2.597656
2.592773
2.583008
2.573242
2.563477
2.558594
2.534180
2.539062
2.514648
2.524414
2.548828
2.529297
2.529297
2.529297
2.504883
2.514648
2.514648
2.519531
2.553711
2.534180
2.524414
2.534180
2.529297
2.543945
2.553711
2.495117
2.543945
2.539062
2.534180
2.539062
2.534180
2.514648
2.519531
2.543945
2.534180
2.529297
2.524414
2.553711
2.553711
2.519531
2.539062
2.543945
2.548828
2.553711
2.539062
2.543945
2.529297
2.553711
2.587891
2.553711
2.519531
2.563477
2.504883
2.534180
2.519531
2.563477
2.504883
2.529297
2.529297
2.539062
2.543945
2.558594
2.563477
2.553711
2.548828
2.558594
2.563477
2.553711
2.568359
2.539062
2.573242
2.602539
2.592773
2.597656
2.563477
2.539062
2.543945
2.568359
2.612305
2.587891
2.539062
2.568359
2.573242
2.558594
2.592773
2.563477
2.612305
2.597656
2.602539
2.558594
2.543945
2.573242
2.592773
2.563477
2.563477
2.558594
2.553711
2.568359
2.558594
2.509766
2.558594
2.548828
2.509766
2.548828
2.592773
2.583008
2.573242
2.573242
2.568359
2.578125
2.543945
2.592773
2.563477
2.563477
2.587891
2.568359
2.602539
2.553711
2.573242
2.578125
2.587891
2.553711
2.568359
2.543945
2.578125
2.578125
2.529297
2.558594
2.534180
2.548828
2.553711
2.553711
2.558594
2.529297
2.519531
2.558594
2.548828
2.553711
2.568359
2.529297
2.553711
2.534180
2.539062
2.548828
2.539062
2.553711
2.534180
2.558594
2.534180
2.539062
2.543945
2.548828
2.558594
2.539062
2.548828
2.558594
2.553711
2.563477
2.573242
2.553711
2.553711
2.548828
2.548828
2.543945
2.563477
2.534180
2.529297
2.543945
2.534180
2.558594
2.543945
2.548828
2.539062
2.543945
2.543945
2.543945
2.529297
2.534180
2.553711
2.529297
2.558594
2.558594
2.504883
2.524414
2.548828
2.514648
2.539062
2.543945
2.534180
2.490234
2.529297
2.514648
2.524414
2.553711
2.553711
2.519531
2.558594
2.514648
2.509766
2.563477
2.578125
2.578125
2.602539
2.597656
2.573242
2.514648
2.592773
2.519531
2.573242
2.524414
2.558594
2.534180
2.529297
2.524414
2.553711
2.539062
2.524414
2.548828
2.543945
2.539062
2.514648
2.519531
2.500000
2.578125
2.514648
2.548828
2.509766
2.548828
2.539062
2.539062
2.534180
2.558594
2.539062
2.514648
2.539062
2.553711
2.519531
2.553711
2.543945
2.563477
2.543945
2.529297
2.573242
2.534180
2.534180
2.568359
2.568359
2.543945
2.592773
2.602539
2.587891
2.578125
2.539062
2.543945
2.558594
2.543945
2.519531
2.524414
2.534180
2.529297
2.519531
2.524414
2.509766
2.509766
2.539062
2.539062
2.504883
2.514648
2.543945
2.500000
2.529297
2.529297
2.543945
2.500000
2.514648
2.548828
2.514648
2.558594
2.504883
2.529297
2.534180
2.534180
2.519531
2.509766
2.539062
2.524414
2.548828
2.539062
2.553711
2.529297
2.543945
2.563477
2.563477
2.563477
2.548828
2.534180
2.543945
2.543945
2.558594
2.539062
2.534180
2.548828
2.519531
2.509766
2.543945
2.548828
2.534180
2.519531
2.534180
2.509766
2.553711
2.573242
2.548828
2.548828
2.558594
2.543945
2.543945
2.573242
2.558594
2.587891
2.563477
2.558594
2.592773
2.607422
2.592773
2.558594
2.578125
2.578125
2.573242
2.583008
2.558594
2.553711
2.607422
2.587891
2.568359
2.583008
2.578125
2.592773
2.573242
2.597656
2.612305
2.568359
2.573242
2.558594
2.587891
2.563477
2.573242
2.578125
2.553711
2.558594
2.509766
2.514648
2.524414
2.558594
2.539062
2.543945
2.568359
2.563477
2.539062
2.587891
2.573242
2.592773
2.583008
2.563477
2.563477
2.612305
2.563477
2.553711
2.558594
2.587891
2.578125
2.563477
2.592773
2.563477
2.573242
2.563477
2.553711
2.578125
2.592773
2.543945
2.543945
2.558594
2.529297
2.548828
2.563477
2.573242
2.543945
2.548828
2.534180
2.578125
2.543945
2.558594
2.529297
2.568359
2.558594
2.539062
2.543945
2.548828
2.490234
2.514648
2.529297
2.529297
2.539062
2.524414
2.543945
2.553711
2.539062
2.558594
2.578125
2.573242
2.548828
2.548828
2.548828
2.548828
2.548828
2.568359
2.548828
2.553711
2.558594
2.543945
2.548828
2.543945
2.529297
2.534180
2.558594
2.543945
2.514648
2.543945
2.543945
2.539062
2.529297
2.578125
2.548828
2.539062
2.529297
2.563477
2.578125
2.543945
2.529297
2.534180
2.543945
2.548828
2.529297
2.553711
2.529297
2.529297
2.529297
2.543945
2.534180
2.597656
2.543945
2.543945
2.592773
2.548828
2.607422
2.587891
2.583008
2.548828
2.553711
2.563477
2.548828
2.539062
2.539062
2.563477
2.558594
2.529297
2.548828
2.514648
2.534180
2.543945
2.543945
2.534180
2.543945
2.578125
2.524414
2.529297
2.519531
2.534180
2.534180
2.558594
2.558594
2.519531
2.592773
2.539062
2.558594
2.553711
2.509766
2.543945
2.548828
2.529297
2.553711
2.524414
2.539062
2.534180
2.539062
2.558594
2.558594
2.543945
2.543945
2.553711
2.573242
2.612305
2.568359
2.519531
2.563477
2.534180
2.543945
2.524414
2.534180
2.524414
2.539062
2.504883
2.504883
2.524414
2.514648
2.509766
2.529297
2.495117
2.529297
2.539062
2.514648
2.524414
2.524414
2.509766
2.553711
2.519531
2.529297
2.539062
2.514648
2.534180
2.534180
2.548828
2.529297
2.543945
2.553711
2.529297
2.534180
2.543945
2.558594
2.519531
2.539062
2.578125
2.534180
2.529297
2.563477
2.548828
2.548828
2.534180
2.539062
2.543945
2.543945
2.534180
2.529297
2.543945
2.539062
2.529297
2.553711
2.495117
2.578125
2.519531
2.534180
