1.777344
1.479492
1.176758
0.996094
0.854492
0.825195
0.917969
1.181641
1.499023
2.001953
2.509766
3.139648
3.706055
4.199219
4.687500
5.014648
5.185547
5.229492
5.019531
4.672852
4.145508
3.520508
2.788086
2.070312
1.357422
0.776367
0.297852
-0.029297
-0.185547
-0.126953
0.068359
0.458984
0.937500
1.508789
2.084961
2.685547
3.183594
3.632812
3.959961
4.135742
4.238281
4.165039
4.013672
3.779297
3.510742
3.183594
2.866211
2.656250
2.529297
2.514648
2.504883
2.543945
2.558594
2.534180
2.558594
2.514648
2.519531
2.583008
2.534180
2.519531
2.524414
2.534180
2.529297
2.539062
2.592773
2.573242
2.612305
2.626953
2.558594
2.587891
2.597656
2.583008
2.592773
2.578125
2.563477
2.558594
2.563477
2.543945
2.563477
2.558594
2.558594
2.548828
2.553711
2.548828
2.548828
2.558594
2.558594
2.534180
2.578125
2.553711
2.563477
2.578125
2.583008
2.539062
2.548828
2.553711
2.543945
2.583008
2.587891
2.543945
2.568359
2.583008
2.568359
2.558594
2.578125
2.568359
2.563477
2.578125
2.583008
2.587891
2.563477
2.587891
2.612305
2.607422
2.597656
2.563477
2.568359
2.597656
2.578125
2.548828
2.539062
2.543945
2.529297
2.543945
2.539062
2.558594
2.553711
2.548828
2.553711
2.558594
2.534180
2.543945
2.548828
2.587891
2.543945
2.543945
2.519531
2.539062
2.519531
2.543945
2.539062
2.539062
2.539062
2.514648
2.553711
2.524414
2.553711
2.563477
2.553711
2.539062
2.573242
2.534180
2.568359
2.563477
2.553711
2.548828
2.553711
2.558594
2.548828
2.539062
2.573242
2.568359
2.578125
2.543945
2.573242
2.519531
2.524414
2.543945
2.514648
2.539062
2.543945
2.495117
2.534180
2.563477
2.543945
2.543945
2.553711
2.539062
2.543945
2.539062
2.573242
2.578125
2.578125
2.563477
2.597656
2.568359
2.548828
2.597656
2.597656
2.578125
2.558594
2.587891
2.578125
2.587891
2.602539
2.592773
2.558594
2.548828
2.573242
2.553711
2.602539
2.568359
2.607422
2.587891
2.573242
2.563477
2.548828
2.558594
2.597656
2.592773
2.622070
2.592773
2.578125
2.573242
2.534180
2.548828
2.548828
2.519531
2.558594
2.558594
2.578125
2.587891
2.587891
2.597656
2.602539
2.587891
2.548828
2.641602
2.592773
2.612305
2.607422
2.578125
2.583008
2.617188
2.568359
2.587891
2.558594
2.622070
2.578125
2.573242
2.612305
2.587891
2.587891
2.602539
2.587891
2.573242
2.553711
2.617188
2.587891
2.558594
2.592773
2.583008
2.573242
2.607422
2.558594
2.626953
2.587891
2.597656
2.573242
2.583008
2.583008
2.558594
2.578125
2.548828
2.563477
2.548828
2.543945
2.553711
2.558594
2.587891
2.558594
2.597656
2.573242
2.597656
2.578125
2.592773
2.587891
2.617188
2.578125
2.607422
2.626953
2.573242
2.587891
2.597656
2.573242
2.587891
2.583008
2.568359
2.592773
2.563477
2.587891
2.592773
2.592773
2.558594
2.558594
2.592773
2.558594
2.573242
2.553711
2.568359
2.583008
2.583008
2.573242
2.534180
2.524414
2.578125
2.553711
2.558594
2.583008
2.587891
2.553711
2.534180
2.543945
2.587891
2.568359
2.607422
2.597656
2.607422
2.617188
2.587891
2.573242
2.602539
2.573242
2.587891
2.587891
2.583008
2.573242
2.553711
2.553711
2.578125
2.548828
2.548828
2.543945
2.543945
2.558594
2.578125
2.558594
2.543945
2.553711
2.563477
2.543945
2.539062
2.558594
2.548828
2.553711
2.519531
2.529297
2.543945
2.539062
2.539062
2.539062
2.504883
2.534180
2.558594
2.548828
2.563477
2.524414
2.534180
2.539062
2.543945
2.534180
2.558594
2.563477
2.573242
2.553711
2.563477
2.573242
2.568359
2.543945
2.563477
2.548828
2.529297
2.539062
2.500000
2.539062
2.534180
2.495117
2.514648
2.509766
2.529297
2.524414
2.504883
2.514648
2.514648
2.495117
2.495117
2.500000
2.534180
2.519531
2.500000
2.529297
2.519531
2.514648
2.529297
2.539062
2.500000
2.524414
2.509766
2.519531
2.543945
2.543945
2.543945
2.534180
2.519531
2.539062
2.539062
2.539062
2.543945
2.524414
2.529297
2.543945
2.539062
2.543945
2.524414
2.568359
2.524414
2.543945
2.519531
2.529297
2.524414
2.514648
2.514648
2.539062
2.597656
2.539062
2.539062
2.539062
2.573242
2.529297
2.543945
2.568359
2.553711
2.563477
2.543945
2.568359
2.573242
2.597656
2.563477
2.563477
2.578125
2.568359
2.587891
2.573242
2.548828
2.583008
2.578125
2.583008
2.592773
2.553711
2.597656
2.553711
2.583008
2.573242
2.578125
2.578125
2.573242
2.573242
2.568359
2.587891
2.607422
2.553711
2.573242
2.622070
2.592773
2.539062
2.558594
2.514648
2.514648
2.558594
2.563477
2.563477
2.578125
2.568359
2.558594
2.583008
2.573242
2.597656
2.578125
2.592773
2.597656
2.578125
2.573242
2.578125
2.578125
2.602539
2.553711
2.563477
2.578125
2.602539
2.583008
2.587891
2.568359
2.563477
2.612305
2.539062
2.568359
2.583008
2.519531
2.563477
2.534180
2.583008
2.578125
2.534180
2.553711
2.583008
2.548828
2.592773
2.539062
2.597656
2.558594
2.548828
2.539062
2.539062
2.539062
2.509766
2.543945
2.524414
2.509766
2.563477
2.553711
2.563477
2.543945
2.558594
2.524414
2.539062
2.587891
2.583008
2.553711
2.568359
2.534180
2.563477
2.543945
2.543945
2.563477
2.539062
2.543945
2.553711
2.548828
2.524414
2.553711
2.548828
2.539062
2.553711
2.558594
2.539062
2.563477
2.563477
2.543945
2.558594
2.558594
2.573242
2.524414
2.543945
2.558594
2.514648
2.514648
2.524414
2.514648
2.539062
2.539062
2.539062
2.514648
2.548828
2.539062
2.539062
2.602539
2.573242
2.578125
2.631836
2.583008
2.612305
2.563477
2.597656
2.553711
2.553711
2.548828
2.558594
2.558594
2.539062
2.534180
2.543945
2.558594
2.563477
2.534180
2.573242
2.558594
2.524414
2.583008
2.553711
2.529297
2.553711
2.573242
2.548828
2.529297
2.529297
2.534180
2.553711
2.563477
2.548828
2.529297
2.539062
2.543945
2.563477
2.558594
2.539062
2.548828
2.558594
2.534180
2.548828
2.548828
2.558594
2.553711
2.573242
2.563477
2.602539
2.587891
2.578125
2.573242
2.563477
2.563477
2.534180
2.534180
2.529297
2.524414
2.529297
2.524414
2.534180
2.534180
2.539062
2.529297
2.524414
2.519531
2.534180
2.519531
2.524414
2.543945
2.539062
2.529297
2.524414
2.534180
2.509766
2.534180
2.534180
2.480469
2.543945
2.539062
2.514648
2.553711
2.548828
2.548828
2.509766
2.563477
2.534180
2.563477
2.534180
2.558594
2.539062
2.524414
2.568359
2.553711
2.563477
2.529297
2.553711
2.553711
2.587891
2.543945
2.563477
2.558594
2.607422
2.534180
2.558594
2.514648
2.543945
2.543945
2.573242
2.553711
2.539062
2.573242
2.539062
2.568359
2.592773
2.539062
2.592773
2.578125
2.583008
2.563477
2.592773
2.592773
2.597656
2.602539
2.578125
2.607422
2.573242
2.583008
2.597656
2.597656
2.597656
2.597656
2.543945
2.597656
2.622070
2.573242
2.597656
2.583008
2.612305
2.578125
2.612305
2.578125
2.573242
2.607422
2.626953
2.568359
2.597656
2.592773
2.563477
2.558594
2.553711
2.548828
2.563477
2.563477
2.607422
2.587891
2.578125
2.592773
2.573242
2.573242
2.597656
2.583008
2.597656
2.607422
2.592773
2.597656
2.597656
2.592773
2.578125
2.578125
2.612305
2.597656
2.548828
2.534180
2.578125
2.563477
2.587891
2.568359
2.553711
2.543945
2.543945
2.592773
2.602539
2.524414
2.578125
2.578125
2.573242
2.573242
2.563477
2.563477
2.563477
2.573242
2.568359
2.519531
2.558594
2.563477
2.539062
2.563477
2.519531
2.534180
2.539062
2.548828
2.568359
2.539062
2.583008
2.578125
2.548828
2.539062
2.558594
2.558594
2.573242
2.543945
2.534180
2.573242
2.568359
2.539062
2.534180
2.553711
2.573242
2.539062
2.563477
2.534180
2.519531
2.514648
2.529297
2.534180
2.539062
2.563477
2.558594
2.539062
2.578125
2.539062
2.534180
2.534180
2.563477
2.563477
2.548828
2.519531
2.539062
2.548828
2.553711
2.548828
2.539062
2.553711
2.539062
2.539062
2.543945
2.514648
2.573242
2.602539
2.607422
2.592773
2.587891
2.568359
2.592773
2.563477
2.583008
2.558594
2.529297
2.548828
2.558594
2.539062
2.543945
2.534180
2.548828
2.543945
2.529297
2.558594
2.553711
2.524414
2.568359
2.543945
2.558594
2.568359
2.534180
2.548828
2.563477
2.553711
2.558594
2.563477
2.573242
2.553711
2.568359
2.539062
2.539062
2.558594
2.553711
2.558594
2.568359
2.539062
2.553711
2.553711
2.578125
2.587891
2.587891
2.558594
2.583008
2.612305
2.563477
2.607422
2.573242
2.568359
2.563477
2.568359
2.509766
2.534180
2.509766
2.534180
2.543945
2.500000
2.529297
2.548828
2.553711
2.539062
2.558594
2.553711
2.519531
2.558594
2.529297
2.534180
2.573242
2.563477
2.529297
2.553711
2.553711
2.553711
2.558594
2.553711
2.543945
2.548828
2.548828
2.539062
2.573242
2.553711
2.543945
2.558594
2.563477
2.543945
2.553711
2.563477
2.543945
2.558594
2.563477
2.553711
2.553711
2.539062
2.563477
2.578125
2.583008
2.548828
2.529297
2.573242
2.534180
2.534180
2.529297
2.529297
2.578125
2.558594
2.534180
2.519531
2.592773
2.534180
2.587891
2.592773
2.543945
2.587891
2.578125
2.543945
2.587891
2.592773
2.592773
2.573242
2.597656
2.563477
2.587891
2.602539
2.592773
2.578125
2.563477
2.587891
2.617188
2.578125
2.578125
2.597656
2.631836
2.597656
2.573242
2.622070
2.592773
2.592773
2.592773
2.587891
2.607422
2.617188
2.583008
2.612305
2.583008
2.563477
2.553711
2.558594
2.573242
2.543945
2.573242
2.558594
2.583008
2.578125
2.553711
2.563477
2.592773
2.543945
2.548828
2.607422
2.573242
2.553711
2.587891
2.583008
2.563477
2.583008
2.548828
2.563477
2.587891
2.543945
2.592773
2.548828
2.587891
2.534180
2.558594
2.573242
2.568359
2.583008
2.558594
2.548828
2.548828
2.587891
2.578125
2.543945
2.592773
2.583008
2.548828
2.612305
2.529297
2.543945
2.563477
2.514648
2.578125
2.543945
2.534180
2.543945
2.519531
2.534180
2.519531
2.539062
2.529297
2.534180
2.539062
2.534180
2.602539
2.534180
2.568359
2.553711
2.548828
2.587891
2.563477
2.539062
2.573242
2.558594
2.573242
2.543945
2.568359
2.558594
2.563477
2.553711
2.573242
2.548828
2.539062
2.548828
2.553711
2.524414
2.543945
2.548828
2.539062
2.558594
2.539062
2.578125
2.509766
2.534180
2.553711
2.534180
2.539062
2.534180
2.543945
2.519531
2.524414
2.539062
2.583008
2.568359
2.568359
2.529297
2.578125
2.578125
2.578125
2.587891
2.563477
2.558594
2.573242
2.558594
2.578125
2.583008
2.553711
2.548828
2.558594
2.543945
2.529297
2.573242
2.553711
2.534180
2.519531
2.548828
2.539062
2.558594
2.563477
2.529297
2.543945
2.529297
2.573242
2.578125
2.534180
2.548828
2.578125
2.543945
2.543945
2.514648
2.548828
2.548828
2.553711
2.539062
2.553711
2.543945
2.553711
2.558594
2.548828
2.573242
2.558594
2.563477
2.563477
2.568359
2.558594
2.578125
2.583008
2.563477
2.578125
2.568359
2.592773
2.573242
2.534180
2.548828
2.524414
2.509766
2.524414
2.519531
2.519531
2.539062
2.519531
2.548828
2.543945
2.573242
2.534180
2.539062
2.573242
2.548828
2.548828
2.519531
2.553711
2.543945
2.553711
2.534180
2.553711
2.543945
2.553711
2.539062
2.543945
2.563477
2.558594
2.553711
2.558594
2.558594
2.553711
2.573242
2.558594
2.578125
2.558594
2.568359
2.524414
2.543945
2.553711
2.553711
2.548828
2.573242
2.553711
2.568359
2.519531
2.548828
2.543945
2.539062
2.534180
2.539062
2.524414
2.539062
2.524414
2.534180
2.563477
2.568359
2.568359
2.548828
2.534180
2.563477
2.573242
2.573242
2.578125
2.553711
2.539062
2.578125
2.553711
2.558594
2.578125
2.602539
2.553711
2.558594
2.587891
2.587891
2.573242
2.573242
2.587891
2.568359
2.592773
2.587891
2.597656
2.587891
2.573242
2.553711
2.622070
2.568359
2.597656
2.568359
2.578125
2.578125
2.583008
2.563477
2.573242
2.563477
2.543945
2.543945
2.500000
2.573242
2.548828
2.568359
2.607422
2.573242
2.548828
2.587891
2.587891
2.553711
2.607422
2.578125
2.568359
2.553711
2.573242
2.587891
2.573242
2.587891
2.587891
2.563477
2.583008
2.543945
2.558594
2.573242
2.563477
2.578125
2.592773
2.524414
2.553711
2.578125
2.563477
2.553711
2.553711
2.578125
2.558594
2.573242
2.548828
2.548828
2.573242
2.568359
2.543945
2.548828
2.558594
2.529297
2.583008
2.519531
2.509766
2.543945
2.558594
2.539062
2.558594
2.563477
2.587891
2.563477
2.573242
2.543945
2.568359
2.558594
2.558594
2.597656
2.563477
2.563477
2.558594
2.563477
2.548828
2.568359
2.553711
2.568359
2.568359
2.553711
2.553711
2.548828
2.553711
2.553711
2.519531
2.543945
2.583008
2.553711
2.578125
2.548828
2.543945
2.543945
2.548828
2.568359
2.514648
2.529297
2.539062
2.558594
2.573242
2.563477
2.514648
2.553711
2.558594
2.529297
2.548828
2.558594
2.558594
2.563477
2.573242
2.543945
2.597656
2.548828
2.553711
2.597656
2.539062
2.573242
2.563477
2.558594
2.534180
2.543945
2.563477
2.553711
2.543945
2.563477
2.543945
2.539062
2.558594
2.548828
2.548828
2.578125
2.548828
2.563477
2.534180
2.539062
2.558594
2.539062
2.553711
2.543945
2.558594
2.558594
2.529297
2.573242
2.534180
2.558594
2.558594
2.558594
2.558594
2.543945
2.568359
2.548828
2.553711
2.548828
2.592773
2.548828
2.587891
2.578125
2.558594
2.617188
2.563477
2.568359
2.578125
2.524414
2.519531
2.539062
2.548828
2.543945
2.524414
2.529297
2.514648
2.534180
2.514648
2.524414
2.543945
2.543945
2.524414
2.543945
2.553711
2.534180
2.568359
2.529297
2.548828
2.534180
2.534180
2.543945
2.553711
2.529297
2.558594
2.539062
2.539062
2.568359
2.553711
2.563477
2.534180
2.553711
2.543945
2.563477
2.529297
2.558594
2.539062
2.568359
2.563477
2.558594
2.553711
2.553711
2.578125
2.592773
2.539062
2.539062
2.573242
2.553711
2.548828
2.563477
2.543945
2.519531
2.539062
2.578125
2.548828
2.543945
2.563477
2.553711
2.558594
2.568359
2.558594
2.563477
2.587891
2.607422
2.558594
2.607422
2.563477
2.597656
2.558594
2.583008
2.617188
2.646484
2.602539
2.602539
2.587891
2.602539
2.607422
2.617188
2.583008
2.622070
2.607422
2.607422
2.607422
2.578125
2.587891
2.578125
2.563477
2.573242
2.558594
2.587891
2.587891
2.583008
2.592773
2.563477
2.548828
2.563477
2.558594
2.563477
2.563477
2.587891
2.558594
2.558594
2.553711
2.573242
2.578125
2.612305
2.548828
2.602539
2.592773
2.578125
2.587891
2.592773
2.583008
2.543945
2.592773
2.592773
2.568359
2.592773
2.602539
2.597656
2.553711
2.553711
2.583008
2.568359
2.548828
2.553711
2.587891
2.553711
2.587891
2.548828
2.592773
2.548828
2.602539
2.548828
2.592773
2.539062
2.617188
2.578125
2.587891
2.543945
2.558594
2.563477
2.539062
2.534180
2.509766
2.490234
2.539062
2.543945
2.553711
2.568359
2.578125
2.583008
2.539062
2.578125
2.578125
2.548828
2.587891
2.578125
2.573242
2.587891
2.563477
2.607422
2.548828
2.578125
2.548828
2.573242
2.558594
2.553711
2.539062
2.568359
2.563477
2.587891
2.539062
2.543945
2.578125
2.563477
2.563477
2.563477
2.548828
2.563477
2.558594
2.612305
2.534180
2.539062
2.553711
2.529297
2.553711
2.553711
2.543945
2.553711
2.543945
2.553711
2.519531
2.553711
2.553711
2.592773
2.543945
2.573242
2.539062
2.568359
2.568359
2.558594
2.543945
2.592773
2.524414
2.583008
2.558594
2.553711
2.534180
2.558594
2.558594
2.529297
2.539062
2.524414
2.607422
2.543945
2.573242
2.607422
2.509766
2.558594
2.529297
2.543945
2.558594
2.592773
2.543945
2.548828
2.563477
2.534180
2.583008
2.543945
2.558594
2.568359
2.534180
2.563477
2.553711
2.578125
2.558594
2.568359
2.587891
2.573242
2.553711
2.578125
2.583008
2.558594
2.607422
2.607422
2.573242
2.578125
2.539062
2.573242
2.514648
2.519531
2.534180
2.558594
2.519531
2.504883
2.529297
2.553711
2.524414
2.529297
2.529297
2.529297
2.519531
2.548828
2.524414
2.553711
2.539062
2.543945
2.558594
2.529297
2.539062
2.539062
2.543945
2.529297
2.553711
2.548828
2.563477
2.548828
2.573242
2.539062
2.573242
2.563477
2.558594
2.534180
2.558594
2.573242
2.573242
2.558594
2.558594
2.548828
2.509766
2.543945
2.558594
2.578125
2.543945
2.553711
2.553711
2.519531
2.548828
2.558594
2.519531
2.568359
2.534180
2.539062
2.558594
2.573242
2.587891
2.573242
2.597656
2.592773
2.543945
2.583008
2.568359
2.587891
2.592773
2.583008
2.558594
2.578125
2.573242
2.553711
2.583008
2.641602
2.597656
2.592773
2.607422
2.573242
2.612305
2.563477
2.563477
2.602539
2.592773
2.578125
2.597656
2.592773
2.612305
2.626953
2.563477
2.592773
2.573242
2.573242
2.597656
2.587891
2.587891
2.597656
2.519531
2.553711
2.548828
2.583008
2.519531
2.568359
2.553711
2.558594
2.583008
2.602539
2.573242
2.573242
2.583008
2.583008
2.558594
2.622070
2.607422
2.583008
2.607422
2.578125
2.592773
2.597656
2.587891
2.583008
2.602539
2.539062
2.631836
2.573242
2.578125
2.558594
2.587891
2.568359
2.553711
2.558594
2.602539
2.558594
2.578125
2.548828
2.587891
2.578125
2.578125
2.509766
2.607422
2.539062
2.558594
2.558594
2.573242
2.578125
2.534180
2.563477
2.548828
2.548828
2.553711
2.553711
2.583008
2.573242
2.573242
2.578125
2.553711
2.543945
2.592773
2.558594
2.573242
2.563477
2.583008
2.558594
2.548828
2.563477
2.553711
2.543945
2.563477
2.543945
2.553711
2.534180
2.563477
2.573242
2.524414
2.563477
2.534180
2.553711
2.563477
2.543945
2.529297
2.568359
2.553711
2.558594
2.558594
2.509766
2.548828
2.509766
2.529297
2.500000
2.514648
2.543945
2.524414
2.529297
2.524414
2.553711
2.548828
2.548828
2.583008
2.578125
2.578125
2.563477
2.592773
2.578125
2.558594
2.587891
2.553711
2.558594
2.578125
2.573242
2.553711
2.568359
2.553711
2.573242
2.563477
2.519531
2.563477
2.563477
2.558594
2.519531
2.539062
2.534180
2.534180
2.583008
2.539062
2.592773
2.558594
2.539062
2.558594
2.563477
2.568359
2.539062
2.543945
2.548828
2.573242
2.563477
2.563477
2.558594
2.573242
2.543945
2.573242
2.573242
2.548828
2.563477
2.563477
2.563477
2.553711
2.539062
2.563477
2.583008
2.587891
2.558594
2.563477
2.543945
2.539062
2.539062
2.568359
2.534180
2.553711
2.548828
2.597656
2.529297
2.592773
2.534180
2.539062
2.519531
2.509766
2.524414
2.524414
2.543945
2.534180
2.529297
2.548828
2.534180
2.548828
2.553711
2.543945
2.553711
2.534180
2.563477
2.539062
2.563477
2.543945
2.539062
2.548828
2.548828
2.578125
2.568359
2.558594
2.543945
2.573242
2.573242
2.568359
2.573242
2.592773
2.548828
2.548828
2.578125
2.573242
2.553711
2.568359
2.529297
2.548828
2.539062
2.553711
2.573242
2.563477
2.558594
2.543945
2.539062
2.607422
2.543945
2.539062
2.568359
2.568359
2.553711
2.583008
2.578125
2.573242
2.587891
2.558594
2.587891
2.597656
2.602539
2.587891
2.626953
2.573242
2.587891
2.592773
2.578125
2.617188
2.573242
2.568359
2.592773
2.573242
2.558594
2.563477
2.597656
2.568359
2.622070
2.568359
2.583008
2.617188
2.607422
2.587891
2.597656
2.583008
2.539062
2.568359
2.553711
2.539062
2.563477
2.568359
2.573242
2.583008
2.612305
2.587891
2.607422
2.597656
2.583008
2.578125
2.602539
2.597656
2.578125
2.563477
2.597656
2.568359
2.578125
2.568359
2.558594
2.578125
2.529297
2.597656
2.573242
2.578125
2.543945
2.622070
2.573242
2.578125
2.602539
2.578125
2.558594
2.592773
2.539062
2.587891
2.573242
2.539062
2.597656
2.558594
2.534180
2.553711
2.558594
2.568359
2.558594
2.553711
2.553711
2.548828
2.504883
2.519531
2.539062
2.524414
2.553711
2.529297
2.568359
2.578125
2.563477
2.597656
2.563477
2.568359
2.553711
2.587891
2.563477
2.568359
2.534180
2.558594
2.558594
2.568359
2.558594
2.558594
2.563477
2.529297
2.553711
2.578125
2.548828
2.548828
2.524414
2.568359
2.573242
2.529297
2.539062
2.548828
2.543945
