1.943359
1.601562
1.318359
1.059570
0.893555
0.869141
0.903320
1.132812
1.396484
1.845703
2.382812
2.949219
3.554688
4.145508
4.594727
4.980469
5.229492
5.224609
5.112305
4.799805
4.331055
3.715820
3.046875
2.314453
1.562500
0.947266
0.424805
0.039062
-0.141602
-0.146484
0.000000
0.351562
0.810547
1.328125
1.928711
2.495117
3.066406
3.510742
3.901367
4.140625
4.233398
4.228516
4.145508
3.896484
3.627930
3.305664
3.002930
2.690430
2.529297
2.480469
2.504883
2.534180
2.514648
2.558594
2.514648
2.534180
2.568359
2.534180
2.563477
2.534180
2.539062
2.514648
2.514648
2.539062
2.500000
2.558594
2.529297
2.524414
2.519531
2.509766
2.543945
2.524414
2.524414
2.504883
2.543945
2.514648
2.553711
2.543945
2.539062
2.558594
2.543945
2.563477
2.568359
2.524414
2.534180
2.543945
2.543945
2.548828
2.543945
2.539062
2.553711
2.578125
2.543945
2.558594
2.504883
2.543945
2.548828
2.504883
2.529297
2.539062
2.568359
2.519531
2.534180
2.563477
2.563477
2.519531
2.563477
2.563477
2.548828
2.558594
2.563477
2.573242
2.573242
2.587891
2.573242
2.553711
2.597656
2.573242
2.573242
2.602539
2.607422
2.563477
2.524414
2.587891
2.607422
2.587891
2.548828
2.558594
2.587891
2.617188
2.583008
2.612305
2.573242
2.597656
2.543945
2.587891
2.568359
2.587891
2.578125
2.602539
2.563477
2.573242
2.524414
2.524414
2.563477
2.514648
2.519531
2.543945
2.578125
2.558594
2.597656
2.563477
2.543945
2.583008
2.587891
2.543945
2.553711
2.568359
2.612305
2.573242
2.563477
2.578125
2.568359
2.568359
2.534180
2.563477
2.539062
2.587891
2.553711
2.558594
2.563477
2.563477
2.568359
2.534180
2.592773
2.553711
2.524414
2.573242
2.539062
2.563477
2.553711
2.548828
2.578125
2.534180
2.558594
2.519531
2.548828
2.490234
2.534180
2.524414
2.539062
2.504883
2.509766
2.509766
2.500000
2.519531
2.543945
2.563477
2.563477
2.548828
2.583008
2.519531
2.539062
2.534180
2.553711
2.539062
2.553711
2.543945
2.539062
2.578125
2.548828
2.548828
2.558594
2.534180
2.534180
2.553711
2.534180
2.509766
2.548828
2.548828
2.519531
2.539062
2.519531
2.519531
2.539062
2.529297
2.534180
2.534180
2.543945
2.539062
2.519531
2.524414
2.543945
2.553711
2.529297
2.514648
2.534180
2.519531
2.509766
2.543945
2.543945
2.509766
2.573242
2.573242
2.568359
2.553711
2.529297
2.607422
2.563477
2.563477
2.558594
2.553711
2.543945
2.563477
2.534180
2.529297
2.543945
2.519531
2.543945
2.539062
2.543945
2.534180
2.504883
2.548828
2.548828
2.534180
2.568359
2.558594
2.524414
2.543945
2.509766
2.524414
2.548828
2.534180
2.543945
2.519531
2.534180
2.539062
2.539062
2.534180
2.524414
2.543945
2.524414
2.573242
2.553711
2.534180
2.548828
2.548828
2.548828
2.548828
2.543945
2.553711
2.587891
2.587891
2.563477
2.553711
2.539062
2.529297
2.548828
2.495117
2.529297
2.558594
2.500000
2.509766
2.524414
2.509766
2.509766
2.539062
2.500000
2.504883
2.500000
2.548828
2.534180
2.509766
2.539062
2.509766
2.514648
2.509766
2.543945
2.524414
2.539062
2.519531
2.519531
2.553711
2.514648
2.548828
2.529297
2.548828
2.543945
2.553711
2.553711
2.543945
2.563477
2.543945
2.539062
2.539062
2.524414
2.519531
2.558594
2.543945
2.519531
2.563477
2.534180
2.548828
2.529297
2.558594
2.553711
2.529297
2.534180
2.539062
2.514648
2.578125
2.524414
2.563477
2.553711
2.563477
2.573242
2.548828
2.563477
2.607422
2.568359
2.587891
2.578125
2.578125
2.563477
2.587891
2.563477
2.563477
2.553711
2.592773
2.597656
2.573242
2.573242
2.602539
2.563477
2.563477
2.607422
2.573242
2.597656
2.592773
2.548828
2.583008
2.568359
2.568359
2.578125
2.602539
2.539062
2.583008
2.534180
2.578125
2.563477
2.558594
2.573242
2.529297
2.548828
2.558594
2.524414
2.553711
2.573242
2.563477
2.548828
2.558594
2.578125
2.573242
2.578125
2.563477
2.573242
2.602539
2.592773
2.578125
2.568359
2.607422
2.568359
2.592773
2.539062
2.563477
2.602539
2.573242
2.573242
2.514648
2.558594
2.548828
2.573242
2.543945
2.602539
2.534180
2.587891
2.563477
2.578125
2.529297
2.573242
2.539062
2.529297
2.534180
2.534180
2.539062
2.548828
2.529297
2.539062
2.539062
2.514648
2.548828
2.490234
2.509766
2.514648
2.529297
2.543945
2.563477
2.539062
2.553711
2.558594
2.548828
2.558594
2.524414
2.553711
2.568359
2.553711
2.553711
2.548828
2.553711
2.548828
2.543945
2.534180
2.519531
2.553711
2.558594
2.558594
2.534180
2.529297
2.543945
2.524414
2.553711
2.534180
2.529297
2.539062
2.529297
2.534180
2.539062
2.514648
2.539062
2.514648
2.539062
2.524414
2.504883
2.519531
2.514648
2.500000
2.529297
2.543945
2.534180
2.529297
2.509766
2.583008
2.524414
2.573242
2.587891
2.534180
2.563477
2.573242
2.553711
2.548828
2.568359
2.524414
2.558594
2.524414
2.543945
2.539062
2.519531
2.529297
2.514648
2.524414
2.500000
2.529297
2.553711
2.519531
2.543945
2.514648
2.534180
2.558594
2.495117
2.563477
2.524414
2.539062
2.543945
2.543945
2.504883
2.548828
2.548828
2.534180
2.543945
2.553711
2.548828
2.548828
2.563477
2.548828
2.548828
2.539062
2.539062
2.539062
2.534180
2.558594
2.587891
2.602539
2.583008
2.553711
2.529297
2.548828
2.519531
2.543945
2.480469
2.514648
2.519531
2.524414
2.480469
2.519531
2.553711
2.529297
2.514648
2.543945
2.524414
2.509766
2.524414
2.534180
2.519531
2.543945
2.529297
2.543945
2.519531
2.539062
2.539062
2.534180
2.548828
2.539062
2.519531
2.543945
2.529297
2.524414
2.529297
2.539062
2.548828
2.534180
2.534180
2.553711
2.573242
2.534180
2.553711
2.534180
2.524414
2.563477
2.534180
2.543945
2.539062
2.553711
2.543945
2.519531
2.568359
2.563477
2.529297
2.495117
2.534180
2.534180
2.529297
2.558594
2.519531
2.553711
2.573242
2.563477
2.548828
2.578125
2.563477
2.563477
2.553711
2.587891
2.578125
2.578125
2.592773
2.592773
2.602539
2.597656
2.578125
2.587891
2.592773
2.553711
2.573242
2.563477
2.602539
2.587891
2.612305
2.592773
2.553711
2.578125
2.592773
2.553711
2.573242
2.578125
2.573242
2.597656
2.597656
2.592773
2.592773
2.553711
2.558594
2.519531
2.529297
2.534180
2.534180
2.563477
2.534180
2.563477
2.543945
2.553711
2.587891
2.558594
2.553711
2.553711
2.573242
2.558594
2.578125
2.524414
2.548828
2.563477
2.592773
2.563477
2.568359
2.539062
2.587891
2.573242
2.578125
2.509766
2.568359
2.553711
2.548828
2.592773
2.534180
2.563477
2.534180
2.548828
2.485352
2.592773
2.558594
2.558594
2.553711
2.543945
2.524414
2.539062
2.539062
2.558594
2.548828
2.548828
2.573242
2.514648
2.500000
2.500000
2.519531
2.504883
2.534180
2.548828
2.553711
2.534180
2.543945
2.534180
2.563477
2.548828
2.558594
2.539062
2.529297
2.553711
2.548828
2.524414
2.563477
2.539062
2.539062
2.534180
2.543945
2.524414
2.553711
2.509766
2.519531
2.529297
2.534180
2.548828
2.509766
2.519531
2.543945
2.539062
2.524414
2.548828
2.524414
2.534180
2.534180
2.529297
2.558594
2.519531
2.509766
2.500000
2.553711
2.563477
2.509766
2.553711
2.480469
2.534180
2.529297
2.558594
2.573242
2.573242
2.558594
2.583008
2.558594
2.548828
2.553711
2.543945
2.524414
2.524414
2.543945
2.519531
2.558594
2.534180
2.529297
2.524414
2.578125
2.534180
2.504883
2.539062
2.504883
2.509766
2.548828
2.558594
2.509766
2.524414
2.543945
2.573242
2.534180
2.529297
2.504883
2.524414
2.485352
2.519531
2.519531
2.529297
2.558594
2.524414
2.514648
2.553711
2.534180
2.529297
2.514648
2.534180
2.529297
2.548828
2.529297
2.543945
2.573242
2.583008
2.573242
2.558594
2.553711
2.548828
2.539062
2.514648
2.529297
2.514648
2.524414
2.495117
2.514648
2.519531
2.500000
2.529297
2.500000
2.534180
2.519531
2.495117
2.529297
2.514648
2.524414
2.534180
2.543945
2.529297
2.539062
2.514648
2.534180
2.514648
2.514648
2.539062
2.504883
2.509766
2.529297
2.524414
2.539062
2.519531
2.539062
2.553711
2.524414
2.553711
2.539062
2.529297
2.553711
2.568359
2.534180
2.534180
2.539062
2.539062
2.587891
2.529297
2.519531
2.543945
2.534180
2.539062
2.578125
2.543945
2.519531
2.539062
2.529297
2.539062
2.529297
2.548828
2.543945
2.553711
2.553711
2.548828
2.553711
2.563477
2.543945
2.553711
2.568359
2.563477
2.563477
2.578125
2.563477
2.568359
2.548828
2.548828
2.583008
2.583008
2.592773
2.539062
2.563477
2.573242
2.573242
2.573242
2.558594
2.602539
2.578125
2.578125
2.563477
2.592773
2.573242
2.583008
2.568359
2.563477
2.602539
2.558594
2.563477
2.509766
2.509766
2.524414
2.543945
2.529297
2.563477
2.548828
2.587891
2.563477
2.553711
2.543945
2.573242
2.587891
2.573242
2.578125
2.583008
2.534180
2.602539
2.587891
2.548828
2.543945
2.563477
2.563477
2.563477
2.534180
2.607422
2.568359
2.568359
2.553711
2.514648
2.539062
2.534180
2.558594
2.592773
2.529297
2.553711
2.568359
2.543945
2.563477
2.539062
2.563477
2.543945
2.563477
2.553711
2.539062
2.534180
2.543945
2.539062
2.558594
2.490234
2.504883
2.539062
2.534180
2.543945
2.563477
2.529297
2.563477
2.548828
2.543945
2.539062
2.553711
2.558594
2.558594
2.543945
2.568359
2.543945
2.539062
2.553711
2.534180
2.558594
2.539062
2.543945
2.558594
2.529297
2.543945
2.534180
2.543945
2.534180
2.558594
2.500000
2.529297
2.539062
2.524414
2.539062
2.539062
2.539062
2.500000
2.529297
2.524414
2.514648
2.524414
2.524414
2.539062
2.587891
2.553711
2.529297
2.514648
2.534180
2.539062
2.519531
2.612305
2.548828
2.617188
2.548828
2.548828
2.607422
2.568359
2.558594
2.529297
2.543945
2.563477
2.529297
2.543945
2.524414
2.509766
2.573242
2.534180
2.529297
2.529297
2.553711
2.529297
2.509766
2.539062
2.519531
2.519531
2.529297
2.553711
2.539062
2.524414
2.539062
2.558594
2.504883
2.534180
2.529297
2.504883
2.553711
2.524414
2.548828
2.543945
2.529297
2.539062
2.548828
2.553711
2.553711
2.563477
2.568359
2.553711
2.539062
2.558594
2.573242
2.563477
2.597656
2.543945
2.568359
2.563477
2.553711
2.548828
2.509766
2.524414
2.548828
2.514648
2.539062
2.548828
2.514648
2.514648
2.543945
2.509766
2.534180
2.519531
2.534180
2.519531
2.524414
2.529297
2.509766
2.500000
2.519531
2.534180
2.519531
2.543945
2.543945
2.524414
2.519531
2.519531
2.548828
2.534180
2.539062
2.539062
2.548828
2.553711
2.534180
2.548828
2.534180
2.553711
2.548828
2.553711
2.539062
2.563477
2.529297
2.529297
2.573242
2.529297
2.558594
2.543945
2.524414
2.529297
2.529297
2.529297
2.475586
2.539062
2.524414
2.548828
2.563477
2.543945
2.553711
2.529297
2.573242
2.553711
2.563477
2.553711
2.573242
2.568359
2.563477
2.573242
2.592773
2.578125
2.548828
2.553711
2.592773
2.543945
2.563477
2.573242
2.578125
2.573242
2.607422
2.578125
2.587891
2.578125
2.563477
2.558594
2.568359
2.583008
2.583008
2.607422
2.607422
2.607422
2.578125
2.622070
2.612305
2.592773
2.563477
2.548828
2.519531
2.524414
2.543945
2.548828
2.558594
2.524414
2.573242
2.592773
2.573242
2.534180
2.519531
2.583008
2.563477
2.578125
2.553711
2.553711
2.578125
2.568359
2.597656
2.558594
2.558594
2.573242
2.568359
2.563477
2.573242
2.573242
2.578125
2.558594
2.587891
2.568359
2.587891
2.568359
2.548828
2.583008
2.539062
2.548828
2.529297
2.578125
2.534180
2.573242
2.534180
2.553711
2.563477
2.607422
2.558594
2.558594
2.539062
2.534180
2.543945
2.524414
2.529297
2.504883
2.534180
2.548828
2.553711
2.553711
2.548828
2.573242
2.563477
2.539062
2.539062
2.563477
2.529297
2.558594
2.534180
2.534180
2.553711
2.563477
2.543945
2.529297
2.514648
2.558594
2.568359
2.548828
2.553711
2.548828
2.539062
2.543945
2.543945
2.509766
2.543945
2.539062
2.543945
2.529297
2.519531
2.524414
2.529297
2.553711
2.534180
2.558594
2.539062
2.529297
2.514648
2.548828
2.543945
2.495117
2.543945
2.509766
2.529297
2.568359
2.553711
2.563477
2.568359
2.578125
2.548828
2.548828
2.563477
2.553711
2.548828
2.553711
2.524414
2.534180
2.558594
2.548828
2.524414
2.543945
2.539062
2.534180
2.519531
2.558594
2.509766
2.509766
2.543945
2.529297
2.558594
2.539062
2.519531
2.524414
2.543945
2.529297
2.524414
2.504883
2.548828
2.514648
2.534180
2.548828
2.563477
2.543945
2.548828
2.539062
2.578125
2.563477
2.524414
2.558594
2.553711
2.543945
2.543945
2.563477
2.602539
2.612305
2.587891
2.587891
2.553711
2.534180
2.548828
2.548828
2.519531
2.524414
2.500000
2.500000
2.514648
2.539062
2.509766
2.543945
2.509766
2.504883
2.524414
2.524414
2.524414
2.500000
2.543945
2.534180
2.539062
2.558594
2.495117
2.539062
2.519531
2.543945
2.534180
2.539062
2.529297
2.563477
2.548828
2.543945
2.568359
2.529297
2.534180
2.548828
2.558594
2.563477
2.543945
2.529297
2.543945
2.587891
2.548828
2.539062
2.539062
2.543945
2.539062
2.543945
2.553711
2.534180
2.539062
2.539062
2.553711
2.509766
2.558594
2.514648
2.553711
2.524414
2.524414
2.519531
2.553711
2.578125
2.500000
2.558594
2.543945
2.583008
2.573242
2.583008
2.612305
2.612305
2.607422
2.583008
2.553711
2.592773
2.583008
2.573242
2.587891
2.587891
2.602539
2.583008
2.578125
2.573242
2.553711
2.548828
2.597656
2.548828
2.602539
2.597656
2.568359
2.548828
2.578125
2.548828
2.583008
2.583008
2.568359
2.573242
2.553711
2.519531
2.553711
2.553711
2.543945
2.529297
2.573242
2.558594
2.573242
2.583008
2.583008
2.558594
2.563477
2.573242
2.563477
2.592773
2.578125
2.563477
2.587891
2.607422
2.553711
2.558594
2.578125
2.548828
2.573242
2.548828
2.524414
2.558594
2.587891
2.573242
2.519531
2.539062
2.568359
2.539062
2.583008
2.573242
2.529297
2.578125
2.539062
2.583008
2.529297
2.534180
2.553711
2.529297
2.548828
2.534180
2.539062
2.529297
2.548828
2.539062
2.519531
2.524414
2.539062
2.534180
2.519531
2.539062
2.539062
2.583008
2.573242
2.529297
2.573242
2.534180
2.524414
2.548828
2.558594
2.534180
2.563477
2.534180
2.553711
2.548828
2.543945
2.539062
2.543945
2.529297
2.543945
2.529297
2.543945
2.543945
2.539062
2.534180
2.534180
2.543945
2.534180
2.558594
2.548828
2.548828
2.524414
2.524414
2.558594
2.514648
2.524414
2.563477
2.543945
2.514648
2.553711
2.563477
2.500000
2.548828
2.539062
2.568359
2.553711
2.514648
2.558594
2.563477
2.553711
2.597656
2.563477
2.548828
2.573242
2.548828
2.519531
2.524414
2.519531
2.539062
2.539062
2.529297
2.529297
2.573242
2.524414
2.539062
2.543945
2.558594
2.509766
2.539062
2.539062
2.558594
2.548828
2.534180
2.509766
2.534180
2.519531
2.543945
2.534180
2.509766
2.524414
2.563477
2.524414
2.543945
2.543945
2.534180
2.529297
2.543945
2.529297
2.558594
2.534180
2.534180
2.514648
2.553711
2.573242
2.578125
2.578125
2.578125
2.602539
2.558594
2.558594
2.553711
2.524414
2.543945
2.534180
2.553711
2.485352
2.534180
2.539062
2.543945
2.495117
2.548828
2.495117
2.509766
2.553711
2.509766
2.514648
2.524414
2.534180
2.514648
2.514648
2.543945
2.534180
2.539062
2.539062
2.514648
2.534180
2.519531
2.563477
2.558594
2.568359
2.548828
2.524414
2.529297
2.558594
2.519531
2.558594
2.534180
2.543945
2.539062
2.543945
2.573242
2.539062
2.543945
2.534180
2.534180
2.534180
2.573242
2.548828
2.548828
2.539062
2.524414
2.534180
2.539062
2.529297
2.509766
2.519531
2.539062
2.534180
2.548828
2.573242
2.583008
2.548828
2.548828
2.539062
2.597656
2.534180
2.587891
2.558594
2.548828
2.578125
2.563477
2.568359
2.587891
2.597656
2.553711
2.597656
2.592773
2.592773
2.592773
2.587891
2.602539
2.558594
2.568359
2.602539
2.568359
2.592773
2.583008
2.592773
2.587891
2.583008
2.539062
2.587891
2.622070
2.563477
2.563477
2.558594
2.558594
2.519531
2.534180
2.534180
2.524414
2.539062
2.543945
2.519531
2.568359
2.558594
2.543945
2.553711
2.553711
2.519531
2.553711
2.543945
2.548828
2.597656
2.583008
2.563477
2.553711
2.553711
2.553711
2.543945
2.553711
2.543945
2.553711
2.539062
2.553711
2.573242
2.592773
2.529297
2.553711
2.534180
2.583008
2.578125
2.543945
2.534180
2.548828
2.607422
2.539062
2.548828
2.539062
2.548828
2.558594
2.534180
2.583008
2.553711
2.524414
2.534180
2.490234
2.543945
2.558594
2.524414
2.558594
2.563477
2.563477
2.563477
2.563477
2.553711
2.563477
2.548828
2.568359
2.524414
2.558594
2.573242
2.524414
2.543945
2.543945
2.529297
2.539062
2.534180
2.539062
2.548828
2.524414
2.543945
2.548828
2.592773
2.558594
2.514648
2.519531
2.543945
2.529297
2.543945
2.558594
2.524414
2.548828
2.534180
2.553711
2.548828
2.529297
2.524414
2.519531
2.543945
2.524414
2.543945
2.504883
2.480469
2.539062
2.539062
2.553711
2.563477
2.597656
2.553711
2.597656
2.543945
2.573242
2.568359
2.563477
2.539062
2.553711
2.529297
2.524414
2.553711
2.553711
2.519531
2.558594
2.553711
2.558594
2.543945
2.519531
2.558594
2.534180
2.529297
2.539062
2.553711
2.529297
2.543945
2.534180
2.543945
2.534180
2.548828
2.529297
2.514648
2.558594
2.534180
2.553711
2.534180
2.548828
2.548828
2.529297
2.563477
2.529297
2.563477
2.558594
2.539062
2.543945
2.548828
2.558594
2.553711
2.539062
2.509766
2.563477
2.543945
2.573242
2.534180
2.519531
2.519531
2.558594
2.524414
2.553711
2.509766
2.534180
2.504883
2.534180
2.529297
2.543945
2.534180
2.529297
2.539062
2.529297
2.519531
2.548828
2.539062
2.529297
2.519531
2.519531
2.543945
2.539062
2.529297
2.558594
2.539062
2.543945
2.539062
2.558594
2.519531
2.539062
2.539062
2.553711
2.539062
2.553711
2.543945
2.543945
2.543945
2.539062
2.553711
2.539062
2.543945
2.558594
2.534180
2.573242
2.539062
2.548828
2.543945
2.534180
2.539062
2.509766
2.553711
2.534180
2.539062
2.543945
2.543945
2.539062
2.548828
2.573242
2.524414
2.578125
2.539062
2.568359
2.587891
2.558594
2.592773
2.587891
2.543945
2.573242
2.587891
2.548828
2.558594
2.568359
2.563477
2.587891
2.568359
2.592773
2.583008
2.578125
2.607422
2.568359
2.592773
2.592773
2.568359
2.553711
2.592773
2.563477
2.592773
2.602539
2.587891
2.578125
2.573242
2.597656
2.558594
2.514648
2.534180
2.529297
2.509766
2.563477
2.563477
2.573242
2.573242
2.558594
2.578125
2.558594
2.543945
2.602539
2.597656
2.578125
2.592773
2.558594
2.578125
2.597656
2.568359
2.563477
2.592773
2.578125
2.587891
2.578125
2.558594
2.592773
2.543945
2.548828
2.558594
2.548828
2.509766
2.602539
2.563477
2.563477
2.543945
2.539062
2.548828
2.563477
2.509766
2.573242
2.568359
2.553711
2.539062
2.543945
2.519531
2.543945
2.500000
2.553711
2.539062
2.514648
2.509766
2.490234
2.548828
2.548828
2.578125
2.543945
2.553711
2.539062
2.563477
2.553711
2.524414
2.548828
2.553711
2.529297
2.558594
2.543945
2.553711
2.558594
2.534180
2.529297
2.543945
2.524414
2.514648
2.514648
2.543945
2.553711
2.534180
2.519531
2.524414
2.514648
2.509766
2.553711
2.500000
2.519531
2.519531
2.534180
2.539062
2.500000
2.514648
2.524414
2.514648
2.529297
2.553711
2.500000
2.509766
2.519531
2.534180
2.514648
2.553711
2.514648
2.553711
2.534180
2.578125
2.573242
2.573242
2.573242
2.543945
2.543945
2.534180
2.514648
2.524414
2.524414
2.543945
2.543945
2.514648
2.543945
2.519531
2.573242
2.558594
2.509766
2.539062
2.504883
2.509766
2.524414
2.534180
2.500000
2.504883
2.553711
2.524414
2.495117
2.529297
2.514648
2.519531
2.543945
2.519531
2.543945
2.524414
2.524414
2.534180
2.529297
2.553711
2.578125
2.529297
2.539062
2.563477
2.534180
2.543945
2.539062
2.558594
2.583008
2.587891
2.573242
2.563477
2.553711
2.529297
