1.791992
1.464844
1.171875
0.976562
0.864258
0.839844
0.971680
1.235352
1.611328
2.089844
2.666016
3.227539
3.828125
4.350586
4.794922
5.107422
5.253906
5.214844
5.004883
4.584961
4.077148
3.413086
2.714844
1.938477
1.264648
0.664062
0.224609
-0.043945
-0.180664
-0.092773
0.185547
0.551758
1.064453
1.621094
2.211914
2.788086
3.310547
3.720703
4.018555
4.165039
4.248047
4.194336
3.984375
3.764648
3.461914
3.134766
2.856445
2.661133
2.563477
2.504883
2.563477
2.548828
2.543945
2.524414
2.558594
2.519531
2.553711
2.553711
2.578125
2.568359
2.573242
2.558594
2.592773
2.563477
2.558594
2.578125
2.597656
2.612305
2.573242
2.578125
2.578125
2.578125
2.617188
2.587891
2.602539
2.568359
2.612305
2.573242
2.607422
2.578125
2.578125
2.597656
2.553711
2.568359
2.597656
2.583008
2.578125
2.587891
2.597656
2.543945
2.563477
2.514648
2.568359
2.539062
2.558594
2.558594
2.529297
2.553711
2.573242
2.543945
2.583008
2.573242
2.578125
2.568359
2.568359
2.587891
2.578125
2.607422
2.563477
2.558594
2.534180
2.578125
2.602539
2.592773
2.573242
2.587891
2.553711
2.558594
2.578125
2.543945
2.587891
2.548828
2.583008
2.563477
2.573242
2.543945
2.592773
2.543945
2.578125
2.568359
2.587891
2.514648
2.553711
2.587891
2.543945
2.563477
2.558594
2.558594
2.529297
2.568359
2.543945
2.553711
2.539062
2.490234
2.563477
2.539062
2.548828
2.558594
2.563477
2.534180
2.563477
2.543945
2.583008
2.558594
2.563477
2.553711
2.543945
2.578125
2.543945
2.539062
2.553711
2.578125
2.548828
2.548828
2.553711
2.558594
2.539062
2.534180
2.534180
2.539062
2.539062
2.543945
2.529297
2.543945
2.524414
2.548828
2.534180
2.519531
2.534180
2.529297
2.529297
2.548828
2.548828
2.539062
2.543945
2.519531
2.534180
2.519531
2.534180
2.539062
2.539062
2.543945
2.524414
2.568359
2.587891
2.583008
2.592773
2.587891
2.573242
2.587891
2.539062
2.539062
2.578125
2.543945
2.558594
2.529297
2.563477
2.529297
2.543945
2.543945
2.578125
2.573242
2.548828
2.519531
2.539062
2.543945
2.543945
2.548828
2.578125
2.548828
2.563477
2.553711
2.524414
2.553711
2.534180
2.548828
2.548828
2.543945
2.553711
2.563477
2.558594
2.563477
2.573242
2.539062
2.558594
2.558594
2.543945
2.578125
2.578125
2.543945
2.553711
2.573242
2.592773
2.587891
2.573242
2.568359
2.539062
2.578125
2.539062
2.563477
2.543945
2.553711
2.514648
2.539062
2.519531
2.500000
2.524414
2.534180
2.524414
2.543945
2.558594
2.519531
2.553711
2.563477
2.539062
2.534180
2.534180
2.519531
2.519531
2.539062
2.553711
2.553711
2.558594
2.558594
2.548828
2.548828
2.573242
2.563477
2.553711
2.553711
2.553711
2.539062
2.543945
2.534180
2.543945
2.543945
2.548828
2.563477
2.543945
2.573242
2.553711
2.583008
2.568359
2.539062
2.534180
2.563477
2.509766
2.563477
2.524414
2.539062
2.543945
2.548828
2.553711
2.548828
2.548828
2.539062
2.568359
2.568359
2.587891
2.563477
2.573242
2.553711
2.563477
2.548828
2.558594
2.587891
2.578125
2.573242
2.583008
2.583008
2.563477
2.602539
2.592773
2.597656
2.602539
2.558594
2.592773
2.592773
2.573242
2.587891
2.587891
2.597656
2.587891
2.587891
2.573242
2.558594
2.583008
2.592773
2.617188
2.597656
2.592773
2.583008
2.563477
2.563477
2.514648
2.495117
2.490234
2.553711
2.548828
2.553711
2.568359
2.573242
2.553711
2.573242
2.563477
2.592773
2.587891
2.553711
2.568359
2.587891
2.573242
2.553711
2.597656
2.563477
2.568359
2.602539
2.539062
2.558594
2.553711
2.602539
2.553711
2.519531
2.578125
2.553711
2.583008
2.558594
2.534180
2.573242
2.592773
2.578125
2.543945
2.587891
2.534180
2.568359
2.539062
2.578125
2.563477
2.548828
2.558594
2.543945
2.558594
2.543945
2.558594
2.543945
2.519531
2.534180
2.558594
2.539062
2.587891
2.578125
2.543945
2.558594
2.607422
2.553711
2.553711
2.558594
2.558594
2.543945
2.548828
2.543945
2.553711
2.548828
2.553711
2.543945
2.563477
2.543945
2.587891
2.578125
2.548828
2.539062
2.529297
2.534180
2.543945
2.558594
2.519531
2.543945
2.539062
2.519531
2.524414
2.553711
2.534180
2.529297
2.543945
2.524414
2.524414
2.524414
2.509766
2.539062
2.534180
2.534180
2.539062
2.548828
2.548828
2.583008
2.607422
2.612305
2.612305
2.563477
2.597656
2.563477
2.548828
2.563477
2.539062
2.578125
2.548828
2.539062
2.563477
2.539062
2.553711
2.529297
2.548828
2.553711
2.539062
2.553711
2.534180
2.539062
2.543945
2.543945
2.548828
2.539062
2.558594
2.509766
2.553711
2.514648
2.543945
2.578125
2.519531
2.553711
2.539062
2.573242
2.543945
2.548828
2.548828
2.563477
2.553711
2.539062
2.578125
2.563477
2.553711
2.563477
2.553711
2.548828
2.597656
2.592773
2.558594
2.587891
2.563477
2.558594
2.539062
2.524414
2.514648
2.514648
2.509766
2.539062
2.558594
2.563477
2.524414
2.529297
2.529297
2.529297
2.524414
2.539062
2.543945
2.539062
2.553711
2.524414
2.524414
2.539062
2.543945
2.543945
2.514648
2.524414
2.534180
2.563477
2.553711
2.553711
2.543945
2.563477
2.543945
2.553711
2.563477
2.543945
2.563477
2.539062
2.539062
2.583008
2.563477
2.558594
2.563477
2.568359
2.558594
2.597656
2.534180
2.578125
2.548828
2.548828
2.539062
2.573242
2.514648
2.539062
2.543945
2.514648
2.524414
2.558594
2.548828
2.563477
2.539062
2.578125
2.563477
2.568359
2.587891
2.573242
2.587891
2.583008
2.568359
2.587891
2.583008
2.578125
2.548828
2.558594
2.568359
2.617188
2.587891
2.607422
2.597656
2.592773
2.573242
2.597656
2.587891
2.583008
2.602539
2.587891
2.563477
2.607422
2.597656
2.607422
2.583008
2.563477
2.573242
2.583008
2.578125
2.587891
2.548828
2.568359
2.519531
2.553711
2.548828
2.563477
2.563477
2.543945
2.612305
2.583008
2.602539
2.597656
2.578125
2.578125
2.602539
2.583008
2.573242
2.597656
2.583008
2.568359
2.548828
2.602539
2.573242
2.543945
2.578125
2.573242
2.578125
2.534180
2.558594
2.607422
2.519531
2.558594
2.597656
2.553711
2.602539
2.558594
2.558594
2.548828
2.539062
2.534180
2.548828
2.539062
2.548828
2.529297
2.514648
2.534180
2.553711
2.539062
2.548828
2.519531
2.543945
2.534180
2.504883
2.524414
2.529297
2.568359
2.563477
2.558594
2.553711
2.539062
2.558594
2.553711
2.534180
2.558594
2.563477
2.553711
2.573242
2.543945
2.548828
2.539062
2.563477
2.534180
2.529297
2.539062
2.534180
2.543945
2.558594
2.524414
2.539062
2.524414
2.534180
2.543945
2.548828
2.524414
2.543945
2.539062
2.534180
2.543945
2.534180
2.529297
2.543945
2.534180
2.534180
2.529297
2.563477
2.495117
2.558594
2.553711
2.548828
2.519531
2.539062
2.578125
2.563477
2.524414
2.587891
2.592773
2.573242
2.587891
2.563477
2.558594
2.578125
2.534180
2.558594
2.563477
2.539062
2.563477
2.548828
2.568359
2.548828
2.573242
2.543945
2.529297
2.539062
2.524414
2.534180
2.563477
2.534180
2.548828
2.539062
2.553711
2.553711
2.553711
2.539062
2.539062
2.558594
2.558594
2.558594
2.563477
2.548828
2.563477
2.539062
2.573242
2.539062
2.568359
2.534180
2.578125
2.553711
2.529297
2.558594
2.558594
2.578125
2.607422
2.587891
2.602539
2.573242
2.534180
2.563477
2.539062
2.539062
2.563477
2.495117
2.514648
2.514648
2.539062
2.524414
2.509766
2.558594
2.543945
2.524414
2.534180
2.543945
2.524414
2.534180
2.524414
2.524414
2.563477
2.539062
2.539062
2.534180
2.543945
2.563477
2.524414
2.539062
2.548828
2.539062
2.548828
2.539062
2.534180
2.534180
2.524414
2.543945
2.539062
2.529297
2.558594
2.597656
2.578125
2.578125
2.558594
2.553711
2.534180
2.568359
2.539062
2.583008
2.543945
2.534180
2.563477
2.524414
2.524414
2.553711
2.548828
2.563477
2.553711
2.568359
2.558594
2.578125
2.583008
2.573242
2.543945
2.587891
2.583008
2.587891
2.592773
2.583008
2.587891
2.583008
2.583008
2.553711
2.568359
2.607422
2.597656
2.558594
2.602539
2.587891
2.592773
2.612305
2.592773
2.602539
2.617188
2.612305
2.612305
2.622070
2.592773
2.583008
2.612305
2.568359
2.607422
2.573242
2.587891
2.529297
2.602539
2.583008
2.534180
2.524414
2.558594
2.563477
2.548828
2.568359
2.573242
2.592773
2.597656
2.587891
2.592773
2.592773
2.578125
2.578125
2.592773
2.583008
2.583008
2.573242
2.578125
2.568359
2.558594
2.583008
2.578125
2.583008
2.583008
2.563477
2.558594
2.543945
2.612305
2.519531
2.578125
2.568359
2.553711
2.548828
2.568359
2.548828
2.553711
2.548828
2.563477
2.558594
2.529297
2.543945
2.578125
2.563477
2.534180
2.563477
2.543945
2.543945
2.534180
2.539062
2.514648
2.539062
2.519531
2.558594
2.548828
2.543945
2.553711
2.553711
2.534180
2.534180
2.573242
2.548828
2.568359
2.558594
2.568359
2.548828
2.543945
2.548828
2.543945
2.548828
2.539062
2.524414
2.558594
2.558594
2.543945
2.514648
2.553711
2.548828
2.529297
2.553711
2.509766
2.529297
2.519531
2.514648
2.495117
2.514648
2.558594
2.543945
2.524414
2.553711
2.534180
2.534180
2.543945
2.563477
2.534180
2.534180
2.500000
2.539062
2.539062
2.553711
2.558594
2.592773
2.592773
2.553711
2.578125
2.558594
2.626953
2.592773
2.558594
2.543945
2.534180
2.553711
2.558594
2.548828
2.553711
2.563477
2.529297
2.568359
2.500000
2.524414
2.543945
2.534180
2.553711
2.568359
2.568359
2.534180
2.553711
2.543945
2.573242
2.534180
2.529297
2.578125
2.534180
2.563477
2.563477
2.534180
2.573242
2.578125
2.524414
2.553711
2.548828
2.543945
2.548828
2.543945
2.568359
2.548828
2.529297
2.558594
2.568359
2.563477
2.607422
2.573242
2.573242
2.573242
2.553711
2.543945
2.543945
2.529297
2.534180
2.543945
2.563477
2.534180
2.553711
2.519531
2.519531
2.500000
2.529297
2.534180
2.519531
2.539062
2.529297
2.529297
2.543945
2.553711
2.519531
2.553711
2.524414
2.529297
2.558594
2.524414
2.553711
2.534180
2.539062
2.548828
2.543945
2.548828
2.553711
2.548828
2.558594
2.563477
2.553711
2.553711
2.524414
2.573242
2.558594
2.543945
2.543945
2.592773
2.539062
2.592773
2.543945
2.553711
2.539062
2.524414
2.539062
2.539062
2.553711
2.514648
2.558594
2.548828
2.548828
2.548828
2.543945
2.558594
2.548828
2.578125
2.553711
2.607422
2.558594
2.592773
2.568359
2.578125
2.622070
2.592773
2.568359
2.558594
2.587891
2.597656
2.607422
2.592773
2.563477
2.553711
2.592773
2.573242
2.622070
2.592773
2.568359
2.578125
2.529297
2.592773
2.568359
2.641602
2.573242
2.597656
2.592773
2.597656
2.602539
2.543945
2.592773
2.553711
2.553711
2.543945
2.519531
2.568359
2.539062
2.573242
2.548828
2.587891
2.602539
2.578125
2.597656
2.573242
2.539062
2.558594
2.573242
2.602539
2.607422
2.573242
2.578125
2.587891
2.592773
2.573242
2.563477
2.587891
2.568359
2.553711
2.563477
2.558594
2.607422
2.529297
2.568359
2.578125
2.524414
2.597656
2.578125
2.539062
2.587891
2.573242
2.548828
2.602539
2.534180
2.578125
2.529297
2.548828
2.573242
2.514648
2.548828
2.548828
2.534180
2.519531
2.539062
2.558594
2.548828
2.543945
2.553711
2.529297
2.578125
2.563477
2.558594
2.548828
2.553711
2.558594
2.558594
2.558594
2.558594
2.553711
2.563477
2.543945
2.553711
2.553711
2.548828
2.558594
2.563477
2.563477
2.558594
2.548828
2.534180
2.534180
2.553711
2.524414
2.539062
2.543945
2.524414
2.553711
2.543945
2.548828
2.543945
2.519531
2.534180
2.558594
2.558594
2.504883
2.529297
2.529297
2.529297
2.529297
2.543945
2.539062
2.539062
2.558594
2.548828
2.583008
2.587891
2.592773
2.578125
2.573242
2.558594
2.534180
2.573242
2.548828
2.548828
2.548828
2.578125
2.573242
2.509766
2.529297
2.553711
2.543945
2.553711
2.548828
2.558594
2.573242
2.578125
2.548828
2.543945
2.534180
2.534180
2.534180
2.558594
2.519531
2.558594
2.529297
2.553711
2.539062
2.543945
2.553711
2.578125
2.543945
2.563477
2.578125
2.539062
2.568359
2.573242
2.543945
2.573242
2.529297
2.563477
2.534180
2.573242
2.597656
2.592773
2.573242
2.592773
2.568359
2.553711
2.553711
2.534180
2.529297
2.553711
2.509766
2.519531
2.524414
2.539062
2.534180
2.534180
2.534180
2.534180
2.529297
2.529297
2.539062
2.514648
2.539062
2.529297
2.529297
2.543945
2.534180
2.558594
2.548828
2.529297
2.558594
2.514648
2.543945
2.558594
2.553711
2.543945
2.553711
2.548828
2.548828
2.543945
2.539062
2.553711
2.563477
2.563477
2.553711
2.553711
2.563477
2.563477
2.568359
2.568359
2.563477
2.548828
2.553711
2.573242
2.534180
2.563477
2.519531
2.529297
2.543945
2.543945
2.534180
2.543945
2.563477
2.558594
2.563477
2.558594
2.573242
2.592773
2.587891
2.573242
2.573242
2.578125
2.558594
2.573242
2.573242
2.587891
2.597656
2.573242
2.578125
2.563477
2.612305
2.607422
2.592773
2.602539
2.583008
2.597656
2.612305
2.592773
2.568359
2.597656
2.587891
2.587891
2.573242
2.592773
2.553711
2.587891
2.592773
2.587891
2.602539
2.607422
2.543945
2.558594
2.509766
2.602539
2.553711
2.553711
2.578125
2.578125
2.583008
2.578125
2.587891
2.602539
2.568359
2.563477
2.563477
2.578125
2.607422
2.553711
2.548828
2.548828
2.573242
2.553711
2.597656
2.563477
2.548828
2.563477
2.587891
2.539062
2.607422
2.573242
2.568359
2.578125
2.573242
2.524414
2.578125
2.568359
2.553711
2.578125
2.553711
2.563477
2.529297
2.578125
2.500000
2.578125
2.573242
2.553711
2.563477
2.548828
2.583008
2.548828
2.514648
2.534180
2.529297
2.558594
2.534180
2.539062
2.548828
2.558594
2.563477
2.558594
2.563477
2.548828
2.568359
2.587891
2.548828
2.558594
2.558594
2.553711
2.534180
2.563477
2.558594
2.558594
2.548828
2.558594
2.553711
2.548828
2.558594
2.563477
2.543945
2.548828
2.534180
2.548828
2.587891
2.519531
2.534180
2.543945
2.519531
2.563477
2.568359
2.519531
2.539062
2.558594
2.578125
2.543945
2.553711
2.558594
2.543945
2.534180
2.514648
2.509766
2.568359
2.592773
2.553711
2.578125
2.597656
2.592773
2.558594
2.578125
2.578125
2.553711
2.568359
2.543945
2.553711
2.543945
2.583008
2.539062
2.553711
2.563477
2.558594
2.553711
2.548828
2.548828
2.539062
2.573242
2.568359
2.543945
2.539062
2.568359
2.534180
2.543945
2.563477
2.539062
2.578125
2.534180
2.539062
2.563477
2.548828
2.573242
2.534180
2.553711
2.558594
2.553711
2.529297
2.573242
2.543945
2.563477
2.563477
2.568359
2.553711
2.558594
2.558594
2.592773
2.612305
2.568359
2.587891
2.573242
2.534180
2.553711
2.524414
2.514648
2.548828
2.578125
2.504883
2.553711
2.548828
2.504883
2.524414
2.534180
2.553711
2.543945
2.509766
2.524414
2.524414
2.529297
2.529297
2.529297
2.553711
2.529297
2.534180
2.529297
2.519531
2.529297
2.519531
2.543945
2.534180
2.543945
2.543945
2.534180
2.563477
2.529297
2.573242
2.539062
2.543945
2.558594
2.553711
2.539062
2.534180
2.539062
2.558594
2.529297
2.553711
2.568359
2.529297
2.548828
2.539062
2.539062
2.519531
2.509766
2.548828
2.553711
2.543945
2.534180
2.548828
2.548828
2.558594
2.568359
2.548828
2.583008
2.553711
2.568359
2.563477
2.563477
2.573242
2.578125
2.578125
2.597656
2.592773
2.592773
2.592773
2.587891
2.539062
2.573242
2.602539
2.587891
2.568359
2.592773
2.592773
2.578125
2.626953
2.626953
2.607422
2.602539
2.583008
2.607422
2.563477
2.587891
2.592773
2.592773
2.573242
2.597656
2.583008
2.548828
2.558594
2.504883
2.558594
2.539062
2.553711
2.573242
2.553711
2.563477
2.602539
2.597656
2.543945
2.558594
2.587891
2.587891
2.587891
2.558594
2.578125
2.597656
2.553711
2.573242
2.587891
2.539062
2.578125
2.553711
2.573242
2.558594
2.612305
2.529297
2.587891
2.558594
2.568359
2.568359
2.578125
2.543945
2.592773
2.519531
2.578125
2.534180
2.553711
2.548828
2.597656
2.563477
2.539062
2.558594
2.553711
2.534180
2.539062
2.543945
2.539062
2.529297
2.529297
2.529297
2.548828
2.539062
2.553711
2.553711
2.548828
2.568359
2.534180
2.534180
2.534180
2.558594
2.553711
2.539062
2.553711
2.563477
2.558594
2.558594
2.558594
2.534180
2.539062
2.548828
2.534180
2.529297
2.539062
2.529297
2.558594
2.524414
2.553711
2.543945
2.548828
2.534180
2.539062
2.524414
2.553711
2.553711
2.539062
2.553711
2.548828
2.578125
2.500000
2.553711
2.529297
2.514648
2.539062
2.509766
2.543945
2.534180
2.543945
2.553711
2.578125
2.592773
2.612305
2.558594
2.597656
2.573242
2.573242
2.529297
2.539062
2.553711
2.558594
2.573242
2.553711
2.543945
2.539062
2.543945
2.558594
2.558594
2.514648
2.539062
2.514648
2.524414
2.558594
2.553711
2.558594
2.539062
2.548828
2.558594
2.519531
2.553711
2.563477
2.563477
2.592773
2.524414
2.553711
2.568359
2.543945
2.539062
2.553711
2.543945
2.568359
2.539062
2.543945
2.597656
2.548828
2.578125
2.563477
2.587891
2.583008
2.607422
2.602539
2.587891
2.563477
2.563477
2.534180
2.548828
2.534180
2.539062
2.529297
2.514648
2.534180
2.514648
2.529297
2.543945
2.543945
2.519531
2.558594
2.558594
2.529297
2.534180
2.524414
2.529297
2.563477
2.524414
2.529297
2.539062
2.539062
2.534180
2.543945
2.573242
2.563477
2.524414
2.539062
2.553711
2.563477
2.548828
2.548828
2.563477
2.504883
2.553711
2.539062
2.543945
2.543945
2.563477
2.539062
2.548828
2.548828
2.573242
2.548828
2.543945
2.529297
2.543945
2.543945
2.543945
2.509766
2.509766
2.529297
2.539062
2.553711
2.543945
2.558594
2.573242
2.539062
2.539062
2.543945
2.583008
2.563477
2.578125
2.553711
2.617188
2.573242
2.587891
2.597656
2.592773
2.592773
2.563477
2.568359
2.592773
2.543945
2.568359
2.617188
2.573242
2.583008
2.597656
2.612305
2.587891
2.553711
2.578125
2.573242
2.592773
2.597656
2.597656
2.573242
2.573242
2.617188
2.578125
2.573242
2.597656
2.553711
2.539062
2.558594
2.534180
2.539062
2.587891
2.573242
2.543945
2.597656
2.592773
2.563477
2.587891
2.548828
2.578125
2.568359
2.563477
2.558594
2.583008
2.563477
2.568359
2.578125
2.573242
2.553711
2.543945
2.607422
2.553711
2.563477
2.597656
2.558594
2.597656
2.583008
2.558594
2.568359
2.592773
2.534180
2.553711
2.553711
2.548828
2.578125
2.573242
2.563477
2.573242
2.543945
2.558594
2.558594
2.534180
2.573242
2.548828
2.553711
2.539062
2.539062
2.519531
2.558594
2.529297
2.548828
2.543945
2.563477
2.548828
2.587891
2.534180
2.558594
2.558594
2.553711
2.573242
2.558594
2.563477
2.558594
2.553711
2.548828
2.563477
2.548828
2.543945
2.558594
2.534180
2.539062
2.529297
2.578125
2.553711
2.543945
2.553711
2.558594
2.529297
2.534180
2.543945
2.558594
2.534180
2.539062
2.529297
2.539062
2.548828
2.504883
2.529297
2.539062
2.543945
2.558594
2.543945
2.539062
2.543945
2.573242
2.553711
2.524414
2.543945
2.548828
2.548828
2.597656
2.568359
2.553711
2.583008
2.592773
2.553711
2.563477
2.548828
2.553711
2.553711
2.534180
2.519531
2.543945
2.563477
2.563477
2.519531
2.548828
2.543945
2.543945
2.583008
2.548828
2.543945
2.543945
2.553711
2.529297
2.543945
2.563477
2.543945
2.543945
2.539062
2.578125
2.558594
2.548828
2.563477
2.592773
2.524414
2.558594
2.539062
2.558594
2.583008
2.539062
2.548828
2.553711
2.578125
2.524414
2.587891
2.597656
2.573242
2.573242
2.597656
2.563477
2.548828
2.534180
2.529297
2.519531
2.583008
2.490234
2.529297
2.534180
2.514648
2.539062
2.543945
2.563477
2.539062
2.539062
2.543945
2.558594
2.553711
2.529297
2.583008
2.553711
2.573242
2.543945
2.548828
2.539062
2.558594
2.529297
2.558594
2.553711
2.519531
2.539062
2.534180
2.548828
2.543945
2.548828
2.548828
2.548828
2.539062
2.543945
2.558594
2.563477
2.514648
2.553711
2.539062
2.558594
2.568359
2.553711
2.553711
2.563477
2.553711
2.534180
2.534180
