1.791992
1.499023
1.225586
1.015625
0.898438
0.878906
0.971680
1.191406
1.577148
2.016602
2.548828
3.168945
3.769531
4.287109
4.770508
5.078125
5.288086
5.258789
5.078125
4.711914
4.179688
3.540039
2.827148
2.055664
1.376953
0.756836
0.288086
-0.039062
-0.166016
-0.146484
0.112305
0.444336
0.937500
1.489258
2.089844
2.690430
3.208008
3.642578
3.950195
4.145508
4.228516
4.184570
4.003906
3.813477
3.491211
3.198242
2.885742
2.661133
2.558594
2.543945
2.519531
2.539062
2.558594
2.578125
2.524414
2.563477
2.548828
2.553711
2.558594
2.578125
2.563477
2.592773
2.539062
2.553711
2.553711
2.548828
2.553711
2.524414
2.539062
2.543945
2.524414
2.563477
2.524414
2.563477
2.553711
2.504883
2.597656
2.543945
2.587891
2.509766
2.548828
2.548828
2.548828
2.553711
2.578125
2.553711
2.583008
2.543945
2.587891
2.578125
2.563477
2.597656
2.587891
2.592773
2.597656
2.602539
2.592773
2.563477
2.543945
2.578125
2.602539
2.563477
2.548828
2.587891
2.592773
2.597656
2.607422
2.612305
2.622070
2.602539
2.592773
2.548828
2.578125
2.578125
2.578125
2.558594
2.573242
2.529297
2.553711
2.529297
2.563477
2.583008
2.548828
2.578125
2.573242
2.568359
2.553711
2.568359
2.573242
2.548828
2.578125
2.607422
2.548828
2.602539
2.548828
2.563477
2.592773
2.573242
2.548828
2.622070
2.563477
2.578125
2.563477
2.607422
2.534180
2.563477
2.568359
2.578125
2.558594
2.539062
2.543945
2.519531
2.539062
2.573242
2.543945
2.568359
2.529297
2.539062
2.534180
2.558594
2.563477
2.553711
2.553711
2.548828
2.553711
2.539062
2.543945
2.519531
2.524414
2.514648
2.539062
2.534180
2.539062
2.563477
2.568359
2.563477
2.558594
2.534180
2.543945
2.563477
2.553711
2.548828
2.548828
2.534180
2.524414
2.553711
2.539062
2.553711
2.558594
2.539062
2.539062
2.529297
2.568359
2.543945
2.543945
2.529297
2.529297
2.534180
2.553711
2.563477
2.558594
2.534180
2.543945
2.534180
2.573242
2.529297
2.500000
2.539062
2.534180
2.534180
2.578125
2.524414
2.495117
2.500000
2.543945
2.519531
2.548828
2.553711
2.573242
2.568359
2.573242
2.597656
2.583008
2.563477
2.597656
2.578125
2.543945
2.597656
2.558594
2.553711
2.539062
2.539062
2.514648
2.539062
2.553711
2.568359
2.539062
2.543945
2.539062
2.543945
2.543945
2.553711
2.573242
2.548828
2.558594
2.573242
2.534180
2.543945
2.548828
2.548828
2.543945
2.563477
2.514648
2.543945
2.534180
2.563477
2.529297
2.548828
2.558594
2.539062
2.553711
2.548828
2.553711
2.568359
2.558594
2.568359
2.578125
2.543945
2.578125
2.587891
2.558594
2.578125
2.587891
2.543945
2.534180
2.543945
2.539062
2.504883
2.553711
2.553711
2.519531
2.519531
2.524414
2.539062
2.558594
2.548828
2.539062
2.558594
2.504883
2.553711
2.529297
2.548828
2.539062
2.529297
2.558594
2.543945
2.534180
2.583008
2.558594
2.543945
2.558594
2.539062
2.539062
2.558594
2.534180
2.534180
2.553711
2.553711
2.573242
2.548828
2.529297
2.539062
2.553711
2.568359
2.553711
2.558594
2.553711
2.539062
2.539062
2.583008
2.553711
2.543945
2.553711
2.543945
2.548828
2.553711
2.534180
2.548828
2.553711
2.563477
2.553711
2.563477
2.563477
2.578125
2.587891
2.592773
2.563477
2.592773
2.578125
2.592773
2.587891
2.607422
2.597656
2.592773
2.612305
2.573242
2.607422
2.543945
2.597656
2.602539
2.539062
2.587891
2.612305
2.553711
2.587891
2.612305
2.563477
2.568359
2.573242
2.573242
2.568359
2.587891
2.578125
2.602539
2.597656
2.583008
2.548828
2.539062
2.539062
2.578125
2.500000
2.529297
2.573242
2.573242
2.553711
2.602539
2.553711
2.583008
2.602539
2.568359
2.558594
2.597656
2.563477
2.553711
2.587891
2.587891
2.573242
2.607422
2.553711
2.578125
2.558594
2.578125
2.548828
2.563477
2.543945
2.568359
2.543945
2.568359
2.524414
2.548828
2.548828
2.592773
2.558594
2.568359
2.539062
2.573242
2.563477
2.548828
2.558594
2.543945
2.529297
2.568359
2.573242
2.519531
2.539062
2.524414
2.524414
2.524414
2.519531
2.529297
2.543945
2.558594
2.553711
2.563477
2.529297
2.539062
2.548828
2.553711
2.568359
2.548828
2.597656
2.587891
2.534180
2.553711
2.534180
2.548828
2.534180
2.543945
2.539062
2.563477
2.553711
2.553711
2.539062
2.558594
2.534180
2.524414
2.529297
2.534180
2.529297
2.553711
2.514648
2.519531
2.534180
2.539062
2.519531
2.524414
2.504883
2.524414
2.534180
2.573242
2.539062
2.534180
2.509766
2.519531
2.534180
2.539062
2.553711
2.563477
2.587891
2.612305
2.558594
2.622070
2.563477
2.573242
2.578125
2.563477
2.563477
2.543945
2.543945
2.543945
2.597656
2.543945
2.553711
2.529297
2.543945
2.543945
2.539062
2.534180
2.534180
2.543945
2.534180
2.543945
2.543945
2.573242
2.529297
2.529297
2.543945
2.553711
2.548828
2.524414
2.578125
2.563477
2.563477
2.543945
2.534180
2.539062
2.553711
2.539062
2.563477
2.568359
2.558594
2.568359
2.558594
2.592773
2.558594
2.573242
2.597656
2.563477
2.563477
2.558594
2.587891
2.563477
2.543945
2.548828
2.553711
2.553711
2.534180
2.500000
2.534180
2.539062
2.504883
2.539062
2.543945
2.529297
2.553711
2.539062
2.539062
2.553711
2.558594
2.539062
2.553711
2.543945
2.495117
2.563477
2.529297
2.524414
2.534180
2.539062
2.563477
2.563477
2.563477
2.553711
2.539062
2.558594
2.573242
2.548828
2.534180
2.573242
2.539062
2.563477
2.548828
2.534180
2.563477
2.558594
2.558594
2.592773
2.612305
2.558594
2.548828
2.568359
2.548828
2.558594
2.524414
2.568359
2.548828
2.578125
2.539062
2.583008
2.543945
2.563477
2.583008
2.578125
2.563477
2.592773
2.578125
2.573242
2.602539
2.563477
2.587891
2.587891
2.573242
2.578125
2.617188
2.607422
2.626953
2.578125
2.602539
2.617188
2.597656
2.592773
2.573242
2.631836
2.607422
2.573242
2.607422
2.641602
2.602539
2.617188
2.573242
2.587891
2.583008
2.612305
2.622070
2.612305
2.592773
2.587891
2.573242
2.563477
2.539062
2.558594
2.558594
2.539062
2.543945
2.607422
2.568359
2.597656
2.573242
2.617188
2.592773
2.597656
2.543945
2.573242
2.578125
2.578125
2.592773
2.558594
2.558594
2.573242
2.578125
2.553711
2.578125
2.539062
2.597656
2.592773
2.563477
2.553711
2.607422
2.563477
2.558594
2.539062
2.553711
2.553711
2.568359
2.558594
2.558594
2.543945
2.543945
2.543945
2.563477
2.568359
2.548828
2.563477
2.553711
2.568359
2.548828
2.543945
2.509766
2.509766
2.514648
2.539062
2.524414
2.558594
2.539062
2.539062
2.548828
2.543945
2.568359
2.529297
2.558594
2.558594
2.539062
2.578125
2.558594
2.529297
2.539062
2.548828
2.563477
2.534180
2.553711
2.539062
2.534180
2.543945
2.558594
2.524414
2.548828
2.529297
2.514648
2.519531
2.543945
2.548828
2.548828
2.553711
2.495117
2.543945
2.553711
2.534180
2.495117
2.524414
2.524414
2.539062
2.558594
2.553711
2.509766
2.519531
2.509766
2.534180
2.543945
2.519531
2.553711
2.626953
2.592773
2.607422
2.602539
2.558594
2.553711
2.563477
2.558594
2.553711
2.548828
2.558594
2.553711
2.558594
2.495117
2.568359
2.534180
2.534180
2.539062
2.534180
2.524414
2.534180
2.509766
2.519531
2.509766
2.514648
2.543945
2.514648
2.558594
2.553711
2.514648
2.553711
2.514648
2.553711
2.548828
2.558594
2.514648
2.524414
2.553711
2.543945
2.534180
2.553711
2.548828
2.548828
2.548828
2.553711
2.539062
2.543945
2.592773
2.558594
2.587891
2.558594
2.573242
2.524414
2.543945
2.534180
2.534180
2.539062
2.519531
2.514648
2.524414
2.519531
2.534180
2.519531
2.534180
2.529297
2.504883
2.519531
2.539062
2.500000
2.548828
2.553711
2.539062
2.543945
2.563477
2.524414
2.524414
2.529297
2.534180
2.558594
2.553711
2.548828
2.548828
2.524414
2.543945
2.548828
2.563477
2.568359
2.534180
2.563477
2.563477
2.558594
2.558594
2.553711
2.563477
2.558594
2.563477
2.563477
2.587891
2.548828
2.558594
2.548828
2.543945
2.563477
2.548828
2.548828
2.524414
2.519531
2.543945
2.543945
2.543945
2.583008
2.519531
2.597656
2.553711
2.578125
2.558594
2.578125
2.573242
2.573242
2.592773
2.607422
2.578125
2.612305
2.607422
2.607422
2.578125
2.578125
2.553711
2.592773
2.583008
2.583008
2.558594
2.592773
2.607422
2.602539
2.597656
2.602539
2.568359
2.587891
2.612305
2.578125
2.602539
2.578125
2.583008
2.626953
2.578125
2.578125
2.617188
2.578125
2.548828
2.534180
2.524414
2.548828
2.563477
2.587891
2.578125
2.578125
2.607422
2.573242
2.578125
2.568359
2.617188
2.587891
2.607422
2.578125
2.592773
2.578125
2.583008
2.573242
2.607422
2.587891
2.573242
2.568359
2.578125
2.543945
2.548828
2.558594
2.563477
2.558594
2.583008
2.543945
2.602539
2.578125
2.558594
2.543945
2.563477
2.583008
2.578125
2.543945
2.573242
2.539062
2.578125
2.563477
2.563477
2.553711
2.543945
2.534180
2.539062
2.509766
2.534180
2.543945
2.548828
2.548828
2.578125
2.563477
2.573242
2.597656
2.558594
2.558594
2.587891
2.587891
2.568359
2.587891
2.534180
2.563477
2.573242
2.553711
2.568359
2.558594
2.563477
2.548828
2.534180
2.573242
2.563477
2.539062
2.553711
2.578125
2.534180
2.558594
2.563477
2.548828
2.563477
2.558594
2.529297
2.524414
2.529297
2.553711
2.514648
2.524414
2.534180
2.558594
2.539062
2.543945
2.543945
2.553711
2.543945
2.519531
2.568359
2.568359
2.573242
2.617188
2.568359
2.583008
2.548828
2.592773
2.563477
2.568359
2.563477
2.558594
2.568359
2.568359
2.558594
2.543945
2.548828
2.558594
2.543945
2.583008
2.568359
2.563477
2.587891
2.529297
2.539062
2.543945
2.534180
2.568359
2.553711
2.539062
2.568359
2.534180
2.543945
2.583008
2.553711
2.548828
2.543945
2.543945
2.563477
2.563477
2.568359
2.553711
2.548828
2.553711
2.583008
2.573242
2.587891
2.539062
2.568359
2.563477
2.587891
2.578125
2.563477
2.529297
2.578125
2.592773
2.553711
2.534180
2.539062
2.529297
2.519531
2.548828
2.553711
2.568359
2.509766
2.563477
2.548828
2.553711
2.548828
2.534180
2.553711
2.529297
2.529297
2.529297
2.539062
2.534180
2.534180
2.509766
2.529297
2.548828
2.534180
2.519531
2.558594
2.553711
2.539062
2.553711
2.539062
2.553711
2.543945
2.529297
2.543945
2.534180
2.573242
2.539062
2.558594
2.524414
2.587891
2.563477
2.548828
2.553711
2.539062
2.568359
2.558594
2.543945
2.573242
2.539062
2.519531
2.529297
2.524414
2.553711
2.529297
2.558594
2.539062
2.568359
2.563477
2.563477
2.568359
2.548828
2.548828
2.548828
2.543945
2.568359
2.578125
2.583008
2.534180
2.578125
2.568359
2.587891
2.607422
2.597656
2.583008
2.543945
2.587891
2.558594
2.558594
2.597656
2.573242
2.626953
2.602539
2.597656
2.607422
2.592773
2.626953
2.573242
2.563477
2.587891
2.587891
2.597656
2.587891
2.578125
2.548828
2.573242
2.548828
2.568359
2.524414
2.529297
2.553711
2.578125
2.617188
2.592773
2.578125
2.558594
2.558594
2.578125
2.568359
2.573242
2.548828
2.578125
2.592773
2.578125
2.607422
2.573242
2.573242
2.563477
2.563477
2.592773
2.548828
2.592773
2.548828
2.558594
2.573242
2.553711
2.587891
2.583008
2.587891
2.568359
2.563477
2.587891
2.558594
2.587891
2.602539
2.563477
2.587891
2.548828
2.573242
2.563477
2.553711
2.539062
2.539062
2.558594
2.519531
2.543945
2.543945
2.519531
2.568359
2.553711
2.553711
2.583008
2.573242
2.587891
2.548828
2.543945
2.548828
2.573242
2.563477
2.568359
2.553711
2.563477
2.534180
2.539062
2.558594
2.529297
2.543945
2.543945
2.558594
2.558594
2.553711
2.514648
2.539062
2.539062
2.534180
2.548828
2.543945
2.539062
2.543945
2.539062
2.539062
2.539062
2.548828
2.558594
2.553711
2.553711
2.514648
2.519531
2.548828
2.578125
2.519531
2.509766
2.543945
2.529297
2.568359
2.539062
2.573242
2.548828
2.592773
2.583008
2.587891
2.578125
2.558594
2.568359
2.543945
2.578125
2.553711
2.539062
2.548828
2.504883
2.539062
2.563477
2.553711
2.529297
2.529297
2.514648
2.553711
2.543945
2.543945
2.543945
2.558594
2.529297
2.543945
2.529297
2.573242
2.534180
2.524414
2.553711
2.558594
2.553711
2.548828
2.553711
2.558594
2.558594
2.534180
2.548828
2.539062
2.563477
2.568359
2.558594
2.529297
2.563477
2.534180
2.563477
2.612305
2.539062
2.592773
2.578125
2.553711
2.553711
2.558594
2.548828
2.539062
2.529297
2.534180
2.509766
2.543945
2.500000
2.529297
2.529297
2.519531
2.534180
2.563477
2.529297
2.543945
2.524414
2.558594
2.558594
2.514648
2.534180
2.529297
2.543945
2.558594
2.543945
2.548828
2.514648
2.539062
2.529297
2.578125
2.548828
2.597656
2.558594
2.529297
2.553711
2.539062
2.548828
2.553711
2.568359
2.548828
2.558594
2.553711
2.587891
2.568359
2.543945
2.558594
2.558594
2.534180
2.543945
2.563477
2.519531
2.534180
2.529297
2.563477
2.534180
2.519531
2.543945
2.553711
2.558594
2.563477
2.524414
2.553711
2.548828
2.587891
2.543945
2.607422
2.568359
2.563477
2.587891
2.573242
2.573242
2.612305
2.592773
2.592773
2.578125
2.568359
2.592773
2.573242
2.592773
2.558594
2.592773
2.597656
2.592773
2.602539
2.592773
2.573242
2.592773
2.587891
2.568359
2.583008
2.573242
2.597656
2.602539
2.568359
2.607422
2.583008
2.534180
2.534180
2.573242
2.563477
2.553711
2.563477
2.592773
2.587891
2.553711
2.553711
2.573242
2.612305
2.578125
2.592773
2.587891
2.597656
2.587891
2.592773
2.578125
2.587891
2.573242
2.553711
2.563477
2.587891
2.578125
2.563477
2.563477
2.587891
2.524414
2.587891
2.573242
2.573242
2.578125
2.543945
2.548828
2.583008
2.539062
2.573242
2.558594
2.607422
2.539062
2.573242
2.553711
2.573242
2.539062
2.563477
2.553711
2.534180
2.539062
2.539062
2.514648
2.529297
2.529297
2.519531
2.583008
2.548828
2.578125
2.553711
2.543945
2.568359
2.558594
2.563477
2.587891
2.543945
2.568359
2.578125
2.568359
2.578125
2.563477
2.543945
2.553711
2.543945
2.548828
2.534180
2.578125
2.539062
2.548828
2.558594
2.558594
2.548828
2.568359
2.543945
2.539062
2.524414
2.534180
2.553711
2.578125
2.543945
2.534180
2.539062
2.539062
2.539062
2.553711
2.539062
2.553711
2.548828
2.539062
2.548828
2.509766
2.548828
2.558594
2.568359
2.583008
2.597656
2.568359
2.573242
2.597656
2.568359
2.578125
2.573242
2.539062
2.573242
2.563477
2.558594
2.539062
2.539062
2.539062
2.548828
2.539062
2.543945
2.539062
2.568359
2.568359
2.539062
2.553711
2.543945
2.539062
2.563477
2.539062
2.548828
2.578125
2.534180
2.573242
2.548828
2.558594
2.548828
2.558594
2.563477
2.548828
2.573242
2.548828
2.558594
2.553711
2.553711
2.553711
2.563477
2.563477
2.563477
2.573242
2.597656
2.602539
2.607422
2.578125
2.563477
2.543945
2.534180
2.543945
2.529297
2.519531
2.529297
2.534180
2.524414
2.543945
2.534180
2.504883
2.539062
2.543945
2.548828
2.539062
2.553711
2.529297
2.534180
2.568359
2.529297
2.553711
2.529297
2.553711
2.543945
2.539062
2.563477
2.563477
2.578125
2.563477
2.558594
2.558594
2.558594
2.553711
2.563477
2.553711
2.573242
2.573242
2.543945
2.558594
2.568359
2.573242
2.558594
2.543945
2.573242
2.558594
2.558594
2.543945
2.558594
2.543945
2.543945
2.573242
2.553711
2.539062
2.529297
2.529297
2.548828
2.548828
2.568359
2.587891
2.587891
2.563477
2.587891
2.578125
2.587891
2.602539
2.602539
2.602539
2.597656
2.597656
2.592773
2.617188
2.597656
2.612305
2.617188
2.563477
2.587891
2.583008
2.553711
2.607422
2.612305
2.597656
2.587891
2.597656
2.602539
2.587891
2.553711
2.617188
2.587891
2.587891
2.587891
2.597656
2.607422
2.597656
2.563477
2.612305
2.573242
2.548828
2.553711
2.529297
2.529297
2.558594
2.578125
2.592773
2.578125
2.583008
2.578125
2.583008
2.568359
2.607422
2.597656
2.602539
2.573242
2.558594
2.583008
2.612305
2.583008
2.602539
2.592773
2.568359
2.558594
2.602539
2.543945
2.617188
2.573242
2.548828
2.563477
2.563477
2.607422
2.587891
2.543945
2.563477
2.563477
2.592773
2.553711
2.587891
2.563477
2.573242
2.548828
2.543945
2.553711
2.597656
2.553711
2.558594
2.553711
2.524414
2.500000
2.519531
2.548828
2.543945
2.573242
2.568359
2.563477
2.539062
2.563477
2.563477
2.548828
2.543945
2.558594
2.563477
2.543945
2.607422
2.568359
2.543945
2.558594
2.548828
2.548828
2.568359
2.524414
2.578125
2.553711
2.543945
2.543945
2.548828
2.539062
2.534180
2.543945
2.563477
2.529297
2.563477
2.553711
2.548828
2.519531
2.553711
2.543945
2.587891
2.519531
2.524414
2.534180
2.539062
2.524414
2.534180
2.543945
2.583008
2.568359
2.539062
2.539062
2.573242
2.558594
2.573242
2.548828
2.612305
2.578125
2.583008
2.587891
2.578125
2.573242
2.587891
2.563477
2.548828
2.553711
2.558594
2.563477
2.534180
2.539062
2.563477
2.539062
2.553711
2.553711
2.548828
2.543945
2.534180
2.563477
2.534180
2.548828
2.534180
2.543945
2.514648
2.573242
2.539062
2.543945
2.558594
2.568359
2.553711
2.529297
2.543945
2.539062
2.543945
2.543945
2.553711
2.548828
2.529297
2.578125
2.558594
2.568359
2.539062
2.573242
2.597656
2.626953
2.602539
2.602539
2.539062
2.573242
2.548828
2.553711
2.539062
2.509766
2.529297
2.514648
2.519531
2.553711
2.509766
2.524414
2.529297
2.519531
2.529297
2.534180
2.543945
2.524414
2.529297
2.548828
2.539062
2.563477
2.529297
2.558594
2.539062
2.558594
2.534180
2.529297
2.563477
2.529297
2.539062
2.534180
2.539062
2.578125
2.543945
2.568359
2.539062
2.563477
2.534180
2.519531
2.539062
2.519531
2.543945
2.568359
2.553711
2.563477
2.548828
2.558594
2.543945
2.563477
2.534180
2.548828
2.519531
2.539062
2.543945
2.529297
2.539062
2.558594
2.548828
2.563477
2.558594
2.548828
2.568359
2.563477
2.573242
2.607422
2.558594
2.563477
2.568359
2.578125
2.578125
2.573242
2.573242
2.548828
2.587891
2.558594
2.602539
2.597656
2.578125
2.597656
2.607422
2.563477
2.583008
2.602539
2.568359
2.583008
2.612305
2.592773
2.573242
2.578125
2.602539
2.583008
2.583008
2.563477
2.553711
2.583008
2.548828
2.543945
2.524414
2.509766
2.563477
2.539062
2.592773
2.578125
2.597656
2.573242
2.597656
2.568359
2.592773
2.578125
2.583008
2.578125
2.622070
2.592773
2.587891
2.563477
2.578125
2.592773
2.563477
2.563477
2.573242
2.529297
2.558594
2.583008
2.568359
2.583008
2.563477
2.553711
2.539062
2.553711
2.568359
2.578125
2.578125
2.558594
2.568359
2.539062
2.568359
2.563477
2.534180
2.539062
2.578125
2.553711
2.543945
2.539062
2.543945
2.514648
2.529297
2.519531
2.534180
2.543945
2.543945
2.543945
2.563477
2.558594
2.519531
2.573242
2.534180
2.543945
2.563477
2.534180
2.568359
2.529297
2.553711
2.563477
2.558594
2.578125
2.519531
2.539062
2.539062
2.543945
2.519531
2.524414
2.524414
2.568359
2.553711
2.543945
2.514648
2.543945
2.543945
2.553711
2.524414
2.558594
2.514648
2.529297
2.524414
2.524414
2.509766
2.509766
2.539062
2.558594
2.534180
2.524414
2.529297
2.534180
2.534180
2.548828
2.568359
2.578125
2.539062
2.553711
2.558594
2.578125
2.573242
2.553711
2.568359
2.568359
2.563477
2.583008
2.524414
2.578125
2.587891
2.524414
2.553711
2.568359
2.558594
2.514648
2.539062
2.514648
2.548828
2.524414
2.539062
2.534180
2.543945
2.534180
2.573242
2.539062
2.534180
2.514648
2.519531
2.539062
2.568359
2.568359
2.558594
2.543945
2.539062
2.539062
2.543945
2.543945
2.539062
2.553711
2.543945
2.563477
2.534180
2.553711
2.539062
2.563477
2.607422
2.612305
2.592773
2.558594
2.553711
2.539062
2.519531
2.529297
2.548828
2.529297
2.539062
2.534180
2.548828
2.543945
2.543945
2.534180
2.563477
2.519531
2.529297
2.509766
2.558594
2.534180
2.534180
2.534180
2.534180
2.524414
2.548828
2.539062
2.539062
2.534180
2.539062
