1.752930
1.489258
1.191406
0.971680
0.874023
0.820312
0.986328
1.210938
1.586914
2.031250
2.592773
3.159180
3.779297
4.301758
4.785156
5.083008
5.249023
5.219727
5.024414
4.638672
4.106445
3.471680
2.768555
2.031250
1.333008
0.737305
0.273438
-0.019531
-0.166016
-0.126953
0.102539
0.498047
0.971680
1.547852
2.163086
2.695312
3.251953
3.671875
4.008789
4.155273
4.252930
4.165039
4.033203
3.745117
3.466797
3.149414
2.871094
2.636719
2.573242
2.490234
2.548828
2.524414
2.602539
2.543945
2.548828
2.573242
2.543945
2.553711
2.543945
2.578125
2.563477
2.578125
2.563477
2.568359
2.573242
2.583008
2.543945
2.563477
2.587891
2.563477
2.597656
2.597656
2.563477
2.578125
2.602539
2.592773
2.578125
2.558594
2.573242
2.573242
2.583008
2.548828
2.548828
2.534180
2.539062
2.558594
2.548828
2.568359
2.548828
2.534180
2.543945
2.539062
2.534180
2.539062
2.578125
2.539062
2.587891
2.534180
2.563477
2.553711
2.592773
2.543945
2.563477
2.602539
2.573242
2.563477
2.543945
2.563477
2.529297
2.563477
2.553711
2.592773
2.573242
2.563477
2.548828
2.578125
2.558594
2.587891
2.548828
2.548828
2.558594
2.534180
2.612305
2.534180
2.558594
2.539062
2.563477
2.597656
2.597656
2.539062
2.548828
2.543945
2.558594
2.558594
2.534180
2.558594
2.529297
2.553711
2.514648
2.529297
2.504883
2.514648
2.534180
2.558594
2.548828
2.553711
2.529297
2.578125
2.539062
2.592773
2.553711
2.563477
2.539062
2.539062
2.558594
2.568359
2.558594
2.519531
2.558594
2.543945
2.548828
2.558594
2.524414
2.534180
2.563477
2.534180
2.558594
2.529297
2.553711
2.529297
2.543945
2.534180
2.524414
2.529297
2.534180
2.534180
2.543945
2.568359
2.524414
2.543945
2.529297
2.509766
2.534180
2.548828
2.548828
2.558594
2.519531
2.509766
2.509766
2.558594
2.539062
2.563477
2.597656
2.631836
2.592773
2.553711
2.543945
2.587891
2.548828
2.553711
2.539062
2.534180
2.509766
2.553711
2.529297
2.539062
2.558594
2.553711
2.534180
2.534180
2.553711
2.519531
2.548828
2.553711
2.553711
2.553711
2.553711
2.543945
2.553711
2.553711
2.529297
2.548828
2.548828
2.543945
2.514648
2.568359
2.514648
2.514648
2.553711
2.529297
2.553711
2.548828
2.529297
2.529297
2.543945
2.543945
2.534180
2.539062
2.558594
2.578125
2.568359
2.592773
2.539062
2.573242
2.524414
2.529297
2.519531
2.524414
2.539062
2.504883
2.514648
2.529297
2.500000
2.543945
2.539062
2.500000
2.509766
2.519531
2.534180
2.495117
2.548828
2.509766
2.563477
2.534180
2.519531
2.539062
2.539062
2.524414
2.543945
2.573242
2.500000
2.534180
2.553711
2.529297
2.578125
2.529297
2.529297
2.553711
2.539062
2.529297
2.543945
2.524414
2.509766
2.553711
2.534180
2.534180
2.539062
2.539062
2.573242
2.524414
2.524414
2.543945
2.534180
2.539062
2.514648
2.519531
2.514648
2.509766
2.543945
2.529297
2.553711
2.553711
2.553711
2.573242
2.573242
2.534180
2.563477
2.548828
2.563477
2.597656
2.563477
2.587891
2.563477
2.578125
2.563477
2.578125
2.568359
2.597656
2.568359
2.543945
2.539062
2.558594
2.597656
2.587891
2.587891
2.578125
2.583008
2.573242
2.558594
2.587891
2.539062
2.558594
2.548828
2.578125
2.573242
2.587891
2.543945
2.597656
2.558594
2.519531
2.524414
2.519531
2.543945
2.519531
2.563477
2.548828
2.573242
2.514648
2.553711
2.553711
2.583008
2.578125
2.568359
2.587891
2.573242
2.578125
2.573242
2.553711
2.558594
2.534180
2.568359
2.543945
2.587891
2.563477
2.573242
2.558594
2.543945
2.568359
2.578125
2.543945
2.558594
2.534180
2.563477
2.543945
2.539062
2.529297
2.563477
2.558594
2.558594
2.563477
2.519531
2.539062
2.543945
2.543945
2.553711
2.529297
2.553711
2.558594
2.534180
2.534180
2.485352
2.553711
2.514648
2.553711
2.543945
2.524414
2.583008
2.558594
2.563477
2.548828
2.548828
2.558594
2.553711
2.543945
2.548828
2.553711
2.519531
2.534180
2.529297
2.543945
2.543945
2.529297
2.563477
2.519531
2.524414
2.539062
2.543945
2.558594
2.558594
2.563477
2.529297
2.514648
2.539062
2.539062
2.524414
2.539062
2.534180
2.524414
2.519531
2.543945
2.543945
2.553711
2.524414
2.519531
2.534180
2.529297
2.548828
2.563477
2.519531
2.509766
2.587891
2.553711
2.583008
2.583008
2.583008
2.583008
2.563477
2.558594
2.519531
2.558594
2.534180
2.558594
2.539062
2.573242
2.548828
2.553711
2.524414
2.534180
2.543945
2.524414
2.529297
2.514648
2.539062
2.578125
2.519531
2.524414
2.519531
2.543945
2.543945
2.543945
2.524414
2.529297
2.529297
2.558594
2.548828
2.534180
2.539062
2.539062
2.539062
2.563477
2.553711
2.514648
2.543945
2.539062
2.509766
2.563477
2.529297
2.573242
2.578125
2.592773
2.573242
2.558594
2.529297
2.539062
2.543945
2.563477
2.548828
2.514648
2.543945
2.524414
2.534180
2.504883
2.500000
2.504883
2.504883
2.519531
2.543945
2.514648
2.500000
2.543945
2.553711
2.573242
2.534180
2.543945
2.534180
2.548828
2.514648
2.534180
2.504883
2.524414
2.534180
2.534180
2.543945
2.553711
2.543945
2.539062
2.534180
2.539062
2.558594
2.539062
2.553711
2.558594
2.543945
2.568359
2.548828
2.563477
2.529297
2.558594
2.563477
2.529297
2.524414
2.534180
2.514648
2.543945
2.543945
2.504883
2.529297
2.534180
2.534180
2.568359
2.539062
2.558594
2.519531
2.558594
2.519531
2.539062
2.563477
2.563477
2.558594
2.573242
2.558594
2.587891
2.583008
2.592773
2.568359
2.543945
2.563477
2.548828
2.563477
2.568359
2.592773
2.563477
2.568359
2.583008
2.553711
2.578125
2.573242
2.568359
2.617188
2.573242
2.612305
2.563477
2.592773
2.583008
2.597656
2.578125
2.558594
2.587891
2.573242
2.534180
2.543945
2.524414
2.543945
2.539062
2.539062
2.568359
2.558594
2.553711
2.553711
2.612305
2.543945
2.548828
2.602539
2.578125
2.568359
2.568359
2.558594
2.597656
2.573242
2.529297
2.553711
2.568359
2.558594
2.592773
2.548828
2.529297
2.548828
2.587891
2.543945
2.553711
2.539062
2.558594
2.573242
2.548828
2.514648
2.563477
2.534180
2.602539
2.514648
2.573242
2.509766
2.563477
2.568359
2.543945
2.539062
2.553711
2.553711
2.519531
2.504883
2.519531
2.509766
2.524414
2.514648
2.539062
2.553711
2.553711
2.548828
2.548828
2.558594
2.548828
2.558594
2.558594
2.529297
2.553711
2.539062
2.548828
2.553711
2.553711
2.553711
2.548828
2.539062
2.548828
2.529297
2.543945
2.539062
2.539062
2.519531
2.524414
2.548828
2.524414
2.558594
2.543945
2.539062
2.543945
2.543945
2.519531
2.519531
2.514648
2.524414
2.548828
2.553711
2.524414
2.548828
2.514648
2.534180
2.553711
2.534180
2.504883
2.504883
2.553711
2.563477
2.568359
2.578125
2.539062
2.563477
2.553711
2.578125
2.578125
2.558594
2.539062
2.568359
2.558594
2.539062
2.529297
2.524414
2.519531
2.553711
2.543945
2.534180
2.587891
2.539062
2.539062
2.519531
2.543945
2.509766
2.524414
2.529297
2.529297
2.548828
2.524414
2.529297
2.500000
2.563477
2.529297
2.539062
2.534180
2.568359
2.519531
2.558594
2.553711
2.534180
2.558594
2.519531
2.548828
2.514648
2.534180
2.514648
2.578125
2.558594
2.563477
2.573242
2.592773
2.563477
2.534180
2.539062
2.534180
2.543945
2.514648
2.539062
2.509766
2.509766
2.529297
2.504883
2.529297
2.519531
2.509766
2.543945
2.543945
2.509766
2.548828
2.509766
2.509766
2.553711
2.524414
2.543945
2.539062
2.573242
2.514648
2.519531
2.534180
2.539062
2.534180
2.543945
2.509766
2.543945
2.529297
2.529297
2.543945
2.514648
2.529297
2.514648
2.534180
2.509766
2.500000
2.500000
2.534180
2.509766
2.543945
2.548828
2.553711
2.543945
2.548828
2.543945
2.524414
2.539062
2.529297
2.519531
2.534180
2.539062
2.514648
2.529297
2.568359
2.504883
2.548828
2.558594
2.548828
2.553711
2.529297
2.558594
2.568359
2.568359
2.548828
2.587891
2.558594
2.543945
2.553711
2.553711
2.578125
2.583008
2.563477
2.573242
2.553711
2.529297
2.543945
2.539062
2.558594
2.592773
2.578125
2.563477
2.587891
2.592773
2.573242
2.602539
2.558594
2.592773
2.563477
2.587891
2.553711
2.573242
2.524414
2.553711
2.509766
2.524414
2.534180
2.558594
2.548828
2.548828
2.558594
2.548828
2.568359
2.563477
2.548828
2.563477
2.563477
2.617188
2.592773
2.578125
2.563477
2.548828
2.587891
2.568359
2.573242
2.568359
2.587891
2.573242
2.563477
2.553711
2.587891
2.543945
2.543945
2.534180
2.592773
2.543945
2.548828
2.514648
2.553711
2.563477
2.524414
2.597656
2.529297
2.578125
2.514648
2.583008
2.529297
2.553711
2.534180
2.539062
2.509766
2.543945
2.480469
2.539062
2.539062
2.543945
2.543945
2.529297
2.539062
2.553711
2.543945
2.553711
2.548828
2.548828
2.539062
2.539062
2.587891
2.514648
2.553711
2.568359
2.539062
2.558594
2.553711
2.529297
2.539062
2.543945
2.543945
2.534180
2.548828
2.553711
2.539062
2.534180
2.543945
2.548828
2.529297
2.514648
2.553711
2.500000
2.524414
2.539062
2.490234
2.539062
2.509766
2.529297
2.519531
2.519531
2.558594
2.529297
2.529297
2.558594
2.519531
2.514648
2.553711
2.558594
2.578125
2.534180
2.543945
2.529297
2.563477
2.543945
2.539062
2.563477
2.529297
2.573242
2.529297
2.573242
2.529297
2.548828
2.529297
2.529297
2.539062
2.573242
2.524414
2.558594
2.524414
2.539062
2.500000
2.539062
2.514648
2.519531
2.539062
2.573242
2.534180
2.568359
2.514648
2.500000
2.539062
2.543945
2.524414
2.543945
2.534180
2.553711
2.524414
2.539062
2.534180
2.539062
2.539062
2.514648
2.534180
2.534180
2.543945
2.534180
2.597656
2.529297
2.543945
2.558594
2.514648
2.578125
2.548828
2.514648
2.500000
2.558594
2.553711
2.524414
2.578125
2.500000
2.534180
2.524414
2.529297
2.500000
2.553711
2.509766
2.519531
2.500000
2.529297
2.514648
2.519531
2.524414
2.514648
2.504883
2.514648
2.548828
2.519531
2.524414
2.529297
2.514648
2.519531
2.519531
2.509766
2.529297
2.548828
2.539062
2.519531
2.539062
2.539062
2.553711
2.553711
2.553711
2.553711
2.539062
2.553711
2.543945
2.548828
2.543945
2.534180
2.519531
2.558594
2.534180
2.509766
2.519531
2.543945
2.543945
2.519531
2.539062
2.568359
2.568359
2.524414
2.578125
2.548828
2.534180
2.578125
2.534180
2.563477
2.592773
2.563477
2.558594
2.534180
2.543945
2.602539
2.592773
2.563477
2.587891
2.578125
2.578125
2.636719
2.578125
2.548828
2.597656
2.553711
2.597656
2.578125
2.583008
2.587891
2.553711
2.583008
2.597656
2.587891
2.592773
2.558594
2.583008
2.553711
2.539062
2.519531
2.543945
2.514648
2.514648
2.548828
2.553711
2.534180
2.543945
2.529297
2.587891
2.548828
2.558594
2.539062
2.587891
2.573242
2.563477
2.558594
2.578125
2.563477
2.563477
2.558594
2.558594
2.548828
2.543945
2.568359
2.573242
2.553711
2.563477
2.553711
2.558594
2.563477
2.568359
2.519531
2.539062
2.578125
2.519531
2.553711
2.519531
2.529297
2.524414
2.548828
2.539062
2.573242
2.539062
2.548828
2.514648
2.519531
2.539062
2.529297
2.539062
2.543945
2.539062
2.524414
2.534180
2.539062
2.563477
2.578125
2.573242
2.539062
2.514648
2.543945
2.500000
2.548828
2.534180
2.534180
2.558594
2.509766
2.553711
2.548828
2.529297
2.543945
2.524414
2.519531
2.543945
2.529297
2.524414
2.529297
2.534180
2.524414
2.514648
2.543945
2.519531
2.529297
2.534180
2.490234
2.529297
2.534180
2.519531
2.529297
2.504883
2.539062
2.539062
2.504883
2.514648
2.519531
2.553711
2.558594
2.548828
2.495117
2.543945
2.539062
2.558594
2.568359
2.553711
2.583008
2.573242
2.558594
2.519531
2.558594
2.529297
2.563477
2.568359
2.543945
2.529297
2.543945
2.524414
2.543945
2.543945
2.534180
2.539062
2.539062
2.534180
2.548828
2.553711
2.543945
2.529297
2.543945
2.514648
2.539062
2.529297
2.500000
2.524414
2.553711
2.524414
2.524414
2.553711
2.548828
2.558594
2.529297
2.529297
2.519531
2.524414
2.573242
2.553711
2.519531
2.558594
2.553711
2.534180
2.548828
2.553711
2.553711
2.568359
2.539062
2.568359
2.529297
2.539062
2.529297
2.514648
2.524414
2.529297
2.514648
2.509766
2.500000
2.504883
2.539062
2.500000
2.548828
2.519531
2.514648
2.529297
2.504883
2.519531
2.519531
2.519531
2.514648
2.500000
2.519531
2.519531
2.524414
2.534180
2.548828
2.509766
2.534180
2.534180
2.534180
2.543945
2.539062
2.529297
2.539062
2.529297
2.543945
2.568359
2.539062
2.548828
2.548828
2.548828
2.543945
2.529297
2.519531
2.509766
2.543945
2.558594
2.553711
2.563477
2.514648
2.534180
2.548828
2.529297
2.524414
2.539062
2.524414
2.543945
2.543945
2.543945
2.539062
2.534180
2.548828
2.548828
2.543945
2.558594
2.573242
2.573242
2.553711
2.558594
2.548828
2.543945
2.612305
2.543945
2.612305
2.563477
2.558594
2.587891
2.583008
2.587891
2.597656
2.573242
2.558594
2.553711
2.587891
2.602539
2.583008
2.597656
2.558594
2.597656
2.548828
2.578125
2.578125
2.563477
2.568359
2.543945
2.514648
2.553711
2.509766
2.563477
2.539062
2.558594
2.563477
2.558594
2.548828
2.553711
2.563477
2.597656
2.539062
2.563477
2.558594
2.548828
2.592773
2.568359
2.553711
2.558594
2.558594
2.529297
2.573242
2.587891
2.563477
2.539062
2.539062
2.514648
2.534180
2.592773
2.558594
2.529297
2.563477
2.568359
2.519531
2.587891
2.529297
2.587891
2.548828
2.539062
2.558594
2.553711
2.534180
2.578125
2.563477
2.553711
2.558594
2.553711
2.524414
2.529297
2.495117
2.534180
2.539062
2.534180
2.543945
2.539062
2.543945
2.534180
2.573242
2.534180
2.553711
2.548828
2.548828
2.543945
2.548828
2.553711
2.534180
2.548828
2.548828
2.553711
2.539062
2.524414
2.539062
2.563477
2.558594
2.534180
2.529297
2.543945
2.553711
2.539062
2.514648
2.558594
2.539062
2.539062
2.524414
2.529297
2.553711
2.504883
2.539062
2.558594
2.534180
2.539062
2.543945
2.553711
2.529297
2.539062
2.534180
2.563477
2.524414
2.519531
2.553711
2.553711
2.534180
2.602539
2.583008
2.543945
2.597656
2.563477
2.573242
2.548828
2.563477
2.558594
2.553711
2.548828
2.524414
2.558594
2.573242
2.495117
2.543945
2.519531
2.543945
2.524414
2.524414
2.524414
2.548828
2.543945
2.553711
2.514648
2.514648
2.519531
2.509766
2.563477
2.534180
2.553711
2.534180
2.509766
2.543945
2.563477
2.529297
2.539062
2.519531
2.539062
2.568359
2.548828
2.529297
2.539062
2.534180
2.529297
2.543945
2.602539
2.558594
2.587891
2.543945
2.539062
2.553711
2.519531
2.529297
2.519531
2.529297
2.524414
2.519531
2.500000
2.504883
2.514648
2.500000
2.509766
2.500000
2.500000
2.490234
2.514648
2.495117
2.509766
2.529297
2.524414
2.529297
2.529297
2.504883
2.524414
2.514648
2.543945
2.519531
2.543945
2.543945
2.548828
2.539062
2.543945
2.539062
2.548828
2.529297
2.543945
2.519531
2.519531
2.524414
2.553711
2.524414
2.529297
2.563477
2.539062
2.534180
2.539062
2.553711
2.529297
2.539062
2.553711
2.539062
2.514648
2.519531
2.543945
2.514648
2.543945
2.543945
2.509766
2.563477
2.543945
2.558594
2.573242
2.553711
2.543945
2.543945
2.534180
2.548828
2.553711
2.578125
2.553711
2.578125
2.583008
2.558594
2.568359
2.578125
2.539062
2.583008
2.573242
2.573242
2.597656
2.597656
2.592773
2.583008
2.558594
2.563477
2.592773
2.568359
2.602539
2.578125
2.583008
2.563477
2.602539
2.529297
2.558594
2.592773
2.568359
2.548828
2.548828
2.509766
2.534180
2.534180
2.558594
2.563477
2.548828
2.592773
2.558594
2.548828
2.543945
2.568359
2.543945
2.553711
2.602539
2.563477
2.563477
2.597656
2.558594
2.578125
2.578125
2.573242
2.534180
2.587891
2.548828
2.553711
2.563477
2.578125
2.563477
2.553711
2.568359
2.587891
2.539062
2.563477
2.573242
2.573242
2.573242
2.529297
2.578125
2.539062
2.573242
2.548828
2.568359
2.558594
2.529297
2.563477
2.495117
2.563477
2.524414
2.500000
2.524414
2.524414
2.529297
2.524414
2.519531
2.553711
2.534180
2.583008
2.534180
2.543945
2.558594
2.558594
2.543945
2.529297
2.553711
2.509766
2.529297
2.534180
2.563477
2.539062
2.543945
2.543945
2.548828
2.524414
2.534180
2.548828
2.539062
2.539062
2.543945
2.553711
2.519531
2.534180
2.514648
2.543945
2.543945
2.534180
2.543945
2.529297
2.509766
2.543945
2.529297
2.558594
2.529297
2.553711
2.539062
2.534180
2.524414
2.529297
2.529297
2.534180
2.539062
2.568359
2.568359
2.583008
2.548828
2.563477
2.563477
2.578125
2.548828
2.568359
2.568359
2.568359
2.548828
2.524414
2.548828
2.563477
2.539062
2.539062
2.543945
2.519531
2.534180
2.539062
2.548828
2.534180
2.539062
2.534180
2.514648
2.558594
2.524414
2.553711
2.558594
2.519531
2.524414
2.519531
2.539062
2.534180
2.553711
2.548828
2.553711
2.519531
2.524414
2.519531
2.534180
2.553711
2.534180
2.558594
2.563477
2.548828
2.578125
2.587891
2.583008
2.583008
2.553711
2.543945
2.568359
2.529297
2.514648
2.504883
2.519531
2.514648
2.514648
2.509766
2.519531
2.524414
2.514648
2.519531
2.514648
2.529297
2.524414
2.543945
2.514648
2.514648
2.509766
2.524414
2.519531
2.519531
2.524414
2.534180
2.563477
2.519531
2.543945
2.548828
2.529297
2.514648
2.524414
2.553711
2.539062
2.553711
2.524414
2.558594
2.519531
2.529297
2.539062
2.519531
2.539062
2.558594
2.543945
2.553711
2.548828
2.543945
2.534180
2.539062
2.553711
2.514648
2.524414
2.495117
2.543945
2.524414
2.553711
2.519531
2.534180
2.529297
2.524414
2.514648
2.558594
2.539062
2.543945
2.553711
2.543945
2.543945
2.583008
2.573242
2.578125
2.558594
2.583008
2.578125
2.573242
2.583008
2.543945
2.558594
2.573242
2.563477
2.597656
2.597656
2.607422
2.578125
2.587891
2.587891
2.573242
2.539062
2.587891
2.563477
2.578125
2.563477
2.607422
2.534180
2.568359
2.568359
2.539062
2.553711
2.500000
2.558594
2.495117
2.539062
2.543945
2.534180
2.578125
2.578125
2.558594
2.558594
2.573242
2.563477
2.553711
2.573242
2.563477
2.563477
2.563477
2.568359
2.558594
2.558594
2.539062
2.587891
2.529297
2.592773
2.568359
2.563477
2.543945
2.543945
2.597656
2.563477
2.568359
2.592773
2.539062
2.573242
2.592773
2.524414
2.548828
2.592773
2.539062
2.587891
2.514648
2.543945
2.568359
2.534180
2.543945
2.539062
2.509766
2.543945
2.534180
2.495117
2.534180
2.519531
2.519531
2.524414
2.539062
2.553711
2.568359
2.543945
2.539062
2.524414
2.553711
2.563477
2.563477
2.563477
2.509766
2.563477
2.529297
2.539062
2.543945
2.534180
2.529297
2.534180
2.534180
2.529297
2.553711
2.539062
2.534180
2.543945
2.543945
2.519531
2.519531
2.529297
2.553711
2.519531
2.519531
2.519531
2.509766
2.529297
2.514648
2.524414
2.543945
2.548828
2.509766
2.529297
2.519531
2.509766
2.534180
2.524414
2.524414
2.539062
2.534180
2.578125
2.553711
2.602539
2.543945
2.558594
2.558594
2.543945
2.539062
2.539062
2.534180
2.592773
2.539062
2.524414
2.548828
2.514648
2.539062
2.524414
2.514648
2.524414
2.534180
2.534180
2.534180
2.534180
2.529297
2.529297
2.495117
2.548828
2.543945
2.539062
2.500000
2.558594
2.539062
2.539062
2.534180
2.509766
2.558594
2.534180
2.529297
2.534180
2.539062
2.539062
2.558594
2.539062
2.529297
2.573242
2.524414
2.548828
2.583008
2.558594
2.597656
2.587891
2.558594
2.529297
2.534180
2.509766
2.509766
2.504883
2.500000
2.500000
2.509766
2.485352
2.509766
2.524414
2.495117
2.514648
2.500000
2.519531
2.543945
2.519531
2.529297
2.500000
2.524414
2.524414
2.514648
2.509766
2.553711
2.529297
2.539062
2.553711
2.529297
2.548828
2.519531
2.534180
2.539062
2.539062
2.509766
2.558594
2.524414
2.534180
2.539062
2.519531
2.558594
2.539062
2.514648
2.553711
2.534180
2.548828
2.558594
2.539062
2.543945
2.534180
2.543945
2.568359
2.529297
2.548828
2.524414
2.539062
