2.045898
1.699219
1.425781
1.147461
0.947266
0.922852
0.898438
1.113281
1.342773
1.791992
2.299805
2.846680
3.476562
4.042969
4.526367
4.887695
5.209961
5.263672
5.131836
4.882812
4.443359
3.896484
3.222656
2.514648
1.791992
1.137695
0.556641
0.185547
-0.092773
-0.126953
-0.004883
0.288086
0.717773
1.191406
1.811523
2.377930
2.988281
3.413086
3.857422
4.086914
4.208984
4.243164
4.125977
3.955078
3.686523
3.369141
3.061523
2.792969
2.617188
2.529297
2.519531
2.553711
2.568359
2.553711
2.543945
2.539062
2.583008
2.539062
2.543945
2.529297
2.534180
2.573242
2.548828
2.539062
2.534180
2.519531
2.524414
2.529297
2.558594
2.529297
2.558594
2.558594
2.539062
2.578125
2.548828
2.563477
2.563477
2.543945
2.548828
2.563477
2.524414
2.558594
2.534180
2.543945
2.543945
2.553711
2.539062
2.524414
2.568359
2.539062
2.553711
2.553711
2.558594
2.558594
2.548828
2.558594
2.553711
2.548828
2.548828
2.543945
2.519531
2.529297
2.548828
2.548828
2.543945
2.524414
2.524414
2.534180
2.543945
2.514648
2.529297
2.563477
2.548828
2.500000
2.534180
2.548828
2.568359
2.558594
2.583008
2.583008
2.607422
2.578125
2.558594
2.578125
2.558594
2.529297
2.568359
2.539062
2.597656
2.504883
2.563477
2.543945
2.534180
2.548828
2.543945
2.553711
2.509766
2.504883
2.539062
2.543945
2.553711
2.539062
2.563477
2.514648
2.553711
2.548828
2.548828
2.519531
2.543945
2.563477
2.524414
2.568359
2.514648
2.563477
2.539062
2.543945
2.553711
2.563477
2.529297
2.558594
2.573242
2.543945
2.587891
2.548828
2.558594
2.543945
2.553711
2.592773
2.563477
2.543945
2.553711
2.529297
2.524414
2.509766
2.500000
2.529297
2.519531
2.509766
2.524414
2.509766
2.504883
2.534180
2.490234
2.539062
2.524414
2.534180
2.539062
2.519531
2.534180
2.539062
2.553711
2.529297
2.548828
2.509766
2.543945
2.534180
2.534180
2.514648
2.543945
2.529297
2.539062
2.539062
2.534180
2.543945
2.543945
2.490234
2.558594
2.534180
2.543945
2.543945
2.553711
2.558594
2.558594
2.553711
2.553711
2.558594
2.539062
2.553711
2.524414
2.534180
2.524414
2.504883
2.514648
2.553711
2.553711
2.529297
2.548828
2.534180
2.558594
2.553711
2.558594
2.568359
2.553711
2.539062
2.548828
2.587891
2.573242
2.597656
2.573242
2.573242
2.563477
2.553711
2.563477
2.563477
2.543945
2.587891
2.568359
2.568359
2.568359
2.563477
2.607422
2.553711
2.602539
2.597656
2.587891
2.612305
2.617188
2.583008
2.602539
2.573242
2.548828
2.592773
2.539062
2.583008
2.573242
2.548828
2.563477
2.529297
2.495117
2.543945
2.548828
2.563477
2.529297
2.558594
2.548828
2.578125
2.553711
2.583008
2.597656
2.543945
2.563477
2.568359
2.558594
2.587891
2.568359
2.573242
2.548828
2.597656
2.578125
2.558594
2.543945
2.568359
2.534180
2.568359
2.558594
2.612305
2.529297
2.587891
2.539062
2.568359
2.583008
2.563477
2.514648
2.558594
2.509766
2.597656
2.534180
2.578125
2.519531
2.573242
2.543945
2.534180
2.548828
2.534180
2.524414
2.543945
2.500000
2.529297
2.529297
2.529297
2.553711
2.563477
2.553711
2.548828
2.583008
2.539062
2.568359
2.529297
2.548828
2.543945
2.548828
2.534180
2.529297
2.529297
2.529297
2.543945
2.578125
2.529297
2.553711
2.534180
2.534180
2.548828
2.539062
2.529297
2.548828
2.524414
2.543945
2.519531
2.534180
2.539062
2.553711
2.519531
2.539062
2.539062
2.558594
2.539062
2.524414
2.539062
2.534180
2.534180
2.558594
2.524414
2.519531
2.514648
2.543945
2.509766
2.563477
2.563477
2.563477
2.558594
2.573242
2.568359
2.578125
2.539062
2.568359
2.563477
2.568359
2.543945
2.573242
2.534180
2.553711
2.534180
2.578125
2.583008
2.563477
2.558594
2.548828
2.519531
2.534180
2.514648
2.558594
2.534180
2.558594
2.524414
2.524414
2.548828
2.529297
2.534180
2.519531
2.524414
2.529297
2.519531
2.558594
2.529297
2.524414
2.543945
2.529297
2.543945
2.534180
2.539062
2.519531
2.509766
2.529297
2.568359
2.553711
2.597656
2.573242
2.597656
2.548828
2.543945
2.534180
2.539062
2.509766
2.553711
2.500000
2.539062
2.509766
2.529297
2.524414
2.534180
2.534180
2.524414
2.543945
2.509766
2.539062
2.504883
2.529297
2.519531
2.519531
2.543945
2.514648
2.514648
2.543945
2.529297
2.509766
2.529297
2.543945
2.529297
2.543945
2.534180
2.539062
2.539062
2.534180
2.548828
2.534180
2.529297
2.529297
2.524414
2.524414
2.553711
2.578125
2.553711
2.543945
2.548828
2.534180
2.558594
2.539062
2.543945
2.539062
2.553711
2.558594
2.534180
2.524414
2.514648
2.529297
2.514648
2.573242
2.514648
2.543945
2.553711
2.553711
2.558594
2.563477
2.563477
2.573242
2.563477
2.583008
2.573242
2.563477
2.539062
2.587891
2.543945
2.563477
2.587891
2.607422
2.592773
2.578125
2.563477
2.548828
2.573242
2.592773
2.587891
2.592773
2.587891
2.587891
2.563477
2.592773
2.568359
2.597656
2.563477
2.573242
2.573242
2.573242
2.568359
2.563477
2.563477
2.539062
2.519531
2.524414
2.539062
2.543945
2.543945
2.558594
2.568359
2.548828
2.583008
2.563477
2.597656
2.587891
2.597656
2.543945
2.563477
2.553711
2.558594
2.578125
2.548828
2.563477
2.553711
2.578125
2.558594
2.583008
2.553711
2.573242
2.578125
2.558594
2.548828
2.568359
2.553711
2.548828
2.553711
2.573242
2.529297
2.558594
2.534180
2.578125
2.539062
2.548828
2.573242
2.529297
2.573242
2.524414
2.534180
2.524414
2.529297
2.534180
2.495117
2.519531
2.490234
2.543945
2.543945
2.548828
2.539062
2.543945
2.543945
2.539062
2.539062
2.539062
2.543945
2.543945
2.553711
2.534180
2.543945
2.543945
2.543945
2.553711
2.563477
2.529297
2.553711
2.543945
2.519531
2.534180
2.514648
2.514648
2.553711
2.514648
2.495117
2.539062
2.558594
2.519531
2.543945
2.529297
2.534180
2.514648
2.534180
2.519531
2.495117
2.519531
2.524414
2.524414
2.529297
2.509766
2.534180
2.534180
2.524414
2.514648
2.519531
2.568359
2.587891
2.578125
2.578125
2.568359
2.558594
2.558594
2.558594
2.539062
2.563477
2.539062
2.563477
2.539062
2.553711
2.529297
2.539062
2.519531
2.524414
2.539062
2.548828
2.539062
2.509766
2.543945
2.548828
2.534180
2.553711
2.519531
2.534180
2.519531
2.509766
2.539062
2.529297
2.539062
2.539062
2.558594
2.509766
2.568359
2.514648
2.553711
2.514648
2.558594
2.534180
2.539062
2.524414
2.539062
2.553711
2.543945
2.539062
2.553711
2.558594
2.573242
2.583008
2.587891
2.553711
2.534180
2.568359
2.553711
2.558594
2.548828
2.519531
2.548828
2.534180
2.500000
2.524414
2.529297
2.529297
2.519531
2.509766
2.553711
2.529297
2.524414
2.514648
2.509766
2.543945
2.514648
2.514648
2.500000
2.529297
2.509766
2.558594
2.514648
2.509766
2.543945
2.514648
2.534180
2.534180
2.539062
2.548828
2.543945
2.534180
2.534180
2.558594
2.543945
2.553711
2.553711
2.558594
2.563477
2.558594
2.558594
2.543945
2.534180
2.539062
2.514648
2.534180
2.514648
2.519531
2.534180
2.529297
2.534180
2.543945
2.519531
2.558594
2.514648
2.543945
2.548828
2.558594
2.578125
2.524414
2.583008
2.563477
2.568359
2.573242
2.583008
2.583008
2.578125
2.578125
2.553711
2.573242
2.578125
2.573242
2.543945
2.573242
2.568359
2.548828
2.587891
2.583008
2.583008
2.583008
2.583008
2.563477
2.607422
2.529297
2.592773
2.587891
2.563477
2.607422
2.568359
2.553711
2.583008
2.543945
2.524414
2.539062
2.529297
2.578125
2.524414
2.583008
2.563477
2.563477
2.568359
2.548828
2.568359
2.587891
2.539062
2.587891
2.612305
2.563477
2.558594
2.563477
2.568359
2.543945
2.583008
2.587891
2.558594
2.587891
2.543945
2.587891
2.524414
2.563477
2.539062
2.563477
2.543945
2.612305
2.539062
2.578125
2.553711
2.529297
2.553711
2.543945
2.519531
2.558594
2.563477
2.534180
2.558594
2.534180
2.587891
2.529297
2.563477
2.548828
2.539062
2.514648
2.514648
2.509766
2.553711
2.553711
2.534180
2.558594
2.563477
2.539062
2.592773
2.534180
2.543945
2.553711
2.558594
2.548828
2.558594
2.548828
2.563477
2.500000
2.553711
2.529297
2.543945
2.539062
2.543945
2.543945
2.558594
2.548828
2.529297
2.548828
2.529297
2.524414
2.534180
2.539062
2.514648
2.524414
2.534180
2.543945
2.543945
2.529297
2.524414
2.524414
2.558594
2.529297
2.509766
2.500000
2.524414
2.543945
2.514648
2.529297
2.543945
2.509766
2.548828
2.573242
2.543945
2.587891
2.563477
2.539062
2.573242
2.558594
2.553711
2.558594
2.563477
2.529297
2.524414
2.558594
2.539062
2.539062
2.553711
2.534180
2.524414
2.563477
2.539062
2.539062
2.558594
2.548828
2.514648
2.534180
2.514648
2.485352
2.539062
2.524414
2.543945
2.509766
2.539062
2.539062
2.529297
2.543945
2.539062
2.553711
2.514648
2.548828
2.539062
2.500000
2.548828
2.539062
2.543945
2.553711
2.529297
2.539062
2.539062
2.583008
2.558594
2.587891
2.568359
2.534180
2.553711
2.548828
2.529297
2.529297
2.509766
2.509766
2.543945
2.539062
2.480469
2.529297
2.519531
2.519531
2.504883
2.529297
2.553711
2.519531
2.500000
2.534180
2.529297
2.519531
2.519531
2.519531
2.524414
2.519531
2.543945
2.524414
2.539062
2.548828
2.529297
2.553711
2.534180
2.539062
2.534180
2.519531
2.553711
2.529297
2.534180
2.548828
2.548828
2.509766
2.524414
2.548828
2.558594
2.539062
2.563477
2.597656
2.548828
2.558594
2.568359
2.553711
2.539062
2.524414
2.524414
2.509766
2.529297
2.543945
2.543945
2.534180
2.553711
2.514648
2.529297
2.558594
2.553711
2.553711
2.578125
2.548828
2.578125
2.568359
2.558594
2.573242
2.573242
2.602539
2.578125
2.558594
2.558594
2.568359
2.578125
2.597656
2.578125
2.548828
2.597656
2.587891
2.553711
2.592773
2.607422
2.563477
2.519531
2.573242
2.558594
2.558594
2.548828
2.602539
2.573242
2.573242
2.617188
2.563477
2.539062
2.568359
2.514648
2.519531
2.548828
2.529297
2.563477
2.553711
2.548828
2.573242
2.578125
2.529297
2.553711
2.573242
2.583008
2.587891
2.587891
2.587891
2.597656
2.573242
2.529297
2.524414
2.558594
2.573242
2.558594
2.543945
2.592773
2.553711
2.514648
2.524414
2.563477
2.539062
2.563477
2.539062
2.578125
2.578125
2.534180
2.592773
2.548828
2.583008
2.519531
2.558594
2.524414
2.568359
2.543945
2.539062
2.558594
2.529297
2.548828
2.519531
2.524414
2.519531
2.495117
2.524414
2.553711
2.509766
2.548828
2.553711
2.543945
2.534180
2.592773
2.543945
2.534180
2.553711
2.548828
2.548828
2.529297
2.543945
2.543945
2.548828
2.534180
2.553711
2.539062
2.553711
2.539062
2.514648
2.529297
2.553711
2.519531
2.534180
2.519531
2.563477
2.558594
2.558594
2.519531
2.539062
2.524414
2.539062
2.553711
2.529297
2.514648
2.519531
2.543945
2.519531
2.558594
2.534180
2.529297
2.495117
2.539062
2.534180
2.539062
2.568359
2.539062
2.612305
2.583008
2.543945
2.568359
2.534180
2.592773
2.563477
2.534180
2.558594
2.534180
2.573242
2.534180
2.553711
2.519531
2.534180
2.563477
2.539062
2.573242
2.553711
2.534180
2.529297
2.563477
2.524414
2.529297
2.539062
2.524414
2.534180
2.543945
2.539062
2.519531
2.553711
2.534180
2.548828
2.543945
2.543945
2.553711
2.529297
2.539062
2.553711
2.519531
2.563477
2.524414
2.563477
2.524414
2.548828
2.543945
2.563477
2.602539
2.573242
2.543945
2.563477
2.543945
2.539062
2.539062
2.529297
2.514648
2.539062
2.519531
2.534180
2.500000
2.519531
2.534180
2.485352
2.534180
2.495117
2.519531
2.553711
2.519531
2.500000
2.514648
2.519531
2.524414
2.539062
2.519531
2.514648
2.524414
2.514648
2.539062
2.514648
2.543945
2.514648
2.529297
2.539062
2.548828
2.519531
2.529297
2.524414
2.543945
2.514648
2.534180
2.539062
2.534180
2.529297
2.543945
2.553711
2.534180
2.568359
2.539062
2.534180
2.539062
2.543945
2.548828
2.534180
2.495117
2.509766
2.519531
2.529297
2.558594
2.529297
2.553711
2.543945
2.543945
2.529297
2.539062
2.587891
2.543945
2.558594
2.514648
2.563477
2.543945
2.563477
2.578125
2.563477
2.573242
2.543945
2.558594
2.563477
2.597656
2.587891
2.563477
2.607422
2.568359
2.587891
2.592773
2.553711
2.622070
2.578125
2.578125
2.553711
2.587891
2.578125
2.578125
2.563477
2.578125
2.534180
2.592773
2.529297
2.543945
2.519531
2.524414
2.524414
2.543945
2.539062
2.563477
2.558594
2.548828
2.592773
2.539062
2.563477
2.558594
2.587891
2.539062
2.578125
2.568359
2.553711
2.558594
2.548828
2.539062
2.563477
2.500000
2.573242
2.563477
2.553711
2.553711
2.519531
2.612305
2.534180
2.568359
2.543945
2.592773
2.563477
2.539062
2.602539
2.519531
2.578125
2.553711
2.524414
2.548828
2.529297
2.553711
2.539062
2.553711
2.534180
2.597656
2.519531
2.543945
2.504883
2.500000
2.529297
2.504883
2.529297
2.519531
2.539062
2.558594
2.539062
2.568359
2.558594
2.548828
2.553711
2.534180
2.534180
2.539062
2.514648
2.548828
2.543945
2.529297
2.524414
2.539062
2.534180
2.534180
2.548828
2.548828
2.539062
2.514648
2.539062
2.534180
2.524414
2.524414
2.534180
2.519531
2.524414
2.509766
2.534180
2.524414
2.534180
2.524414
2.534180
2.539062
2.514648
2.543945
2.500000
2.509766
2.548828
2.534180
2.509766
2.504883
2.524414
2.558594
2.539062
2.583008
2.592773
2.578125
2.563477
2.553711
2.553711
2.519531
2.543945
2.534180
2.558594
2.558594
2.529297
2.558594
2.568359
2.514648
2.534180
2.500000
2.519531
2.529297
2.519531
2.539062
2.514648
2.500000
2.514648
2.529297
2.524414
2.558594
2.514648
2.563477
2.548828
2.514648
2.543945
2.558594
2.539062
2.553711
2.529297
2.548828
2.553711
2.543945
2.553711
2.548828
2.524414
2.553711
2.539062
2.543945
2.534180
2.558594
2.583008
2.592773
2.578125
2.563477
2.578125
2.543945
2.524414
2.524414
2.509766
2.529297
2.519531
2.504883
2.514648
2.509766
2.519531
2.524414
2.509766
2.519531
2.529297
2.534180
2.514648
2.504883
2.519531
2.514648
2.539062
2.509766
2.529297
2.519531
2.514648
2.534180
2.519531
2.534180
2.534180
2.514648
2.553711
2.500000
2.553711
2.529297
2.534180
2.519531
2.524414
2.514648
2.539062
2.529297
2.563477
2.529297
2.548828
2.553711
2.529297
2.568359
2.529297
2.587891
2.524414
2.534180
2.534180
2.568359
2.529297
2.529297
2.509766
2.509766
2.514648
2.543945
2.548828
2.514648
2.543945
2.573242
2.514648
2.553711
2.534180
2.587891
2.539062
2.583008
2.583008
2.558594
2.563477
2.587891
2.583008
2.573242
2.573242
2.578125
2.563477
2.573242
2.587891
2.573242
2.573242
2.587891
2.592773
2.583008
2.568359
2.573242
2.568359
2.563477
2.578125
2.548828
2.529297
2.592773
2.524414
2.543945
2.548828
2.534180
2.553711
2.563477
2.563477
2.534180
2.534180
2.543945
2.539062
2.539062
2.553711
2.583008
2.548828
2.558594
2.587891
2.617188
2.558594
2.563477
2.587891
2.548828
2.597656
2.558594
2.573242
2.573242
2.592773
2.573242
2.563477
2.553711
2.568359
2.583008
2.587891
2.592773
2.583008
2.553711
2.524414
2.583008
2.558594
2.558594
2.563477
2.514648
2.573242
2.534180
2.553711
2.563477
2.578125
2.534180
2.539062
2.543945
2.558594
2.553711
2.558594
2.558594
2.529297
2.558594
2.500000
2.519531
2.509766
2.543945
2.529297
2.563477
2.578125
2.534180
2.543945
2.563477
2.548828
2.563477
2.548828
2.529297
2.553711
2.558594
2.558594
2.553711
2.539062
2.543945
2.539062
2.524414
2.553711
2.529297
2.539062
2.539062
2.524414
2.519531
2.553711
2.490234
2.539062
2.539062
2.519531
2.514648
2.543945
2.529297
2.529297
2.543945
2.534180
2.524414
2.524414
2.539062
2.500000
2.543945
2.539062
2.543945
2.573242
2.534180
2.509766
2.543945
2.563477
2.597656
2.548828
2.495117
2.587891
2.543945
2.573242
2.529297
2.553711
2.529297
2.563477
2.509766
2.548828
2.543945
2.548828
2.548828
2.539062
2.548828
2.534180
2.524414
2.514648
2.548828
2.548828
2.509766
2.553711
2.578125
2.534180
2.529297
2.509766
2.558594
2.514648
2.548828
2.539062
2.539062
2.558594
2.539062
2.543945
2.543945
2.539062
2.539062
2.563477
2.534180
2.558594
2.529297
2.543945
2.524414
2.524414
2.539062
2.573242
2.587891
2.587891
2.578125
2.553711
2.519531
2.573242
2.543945
2.539062
2.534180
2.504883
2.548828
2.553711
2.509766
2.539062
2.524414
2.524414
2.504883
2.504883
2.500000
2.534180
2.509766
2.539062
2.514648
2.524414
2.548828
2.509766
2.539062
2.519531
2.548828
2.529297
2.543945
2.509766
2.514648
2.553711
2.529297
2.534180
2.529297
2.534180
2.529297
2.519531
2.543945
2.509766
2.539062
2.524414
2.524414
2.539062
2.519531
2.539062
2.563477
2.534180
2.519531
2.543945
2.543945
2.539062
2.558594
2.534180
2.524414
2.534180
2.519531
2.534180
2.509766
2.573242
2.543945
2.519531
2.539062
2.543945
2.558594
2.539062
2.529297
2.563477
2.563477
2.583008
2.558594
2.573242
2.558594
2.558594
2.558594
2.587891
2.592773
2.583008
2.558594
2.587891
2.583008
2.592773
2.548828
2.573242
2.573242
2.587891
2.592773
2.597656
2.573242
2.597656
2.563477
2.583008
2.563477
2.563477
2.568359
2.587891
2.563477
2.534180
2.553711
2.539062
2.514648
2.539062
2.534180
2.548828
2.583008
2.578125
2.563477
2.568359
2.578125
2.563477
2.558594
2.558594
2.597656
2.563477
2.597656
2.548828
2.592773
2.563477
2.573242
2.563477
2.543945
2.563477
2.568359
2.553711
2.558594
2.573242
2.548828
2.568359
2.563477
2.587891
2.563477
2.558594
2.558594
2.548828
2.548828
2.553711
2.578125
2.578125
2.573242
2.519531
2.578125
2.568359
2.534180
2.553711
2.548828
2.543945
2.539062
2.519531
2.539062
2.529297
2.504883
2.539062
2.553711
2.529297
2.563477
2.553711
2.573242
2.553711
2.543945
2.543945
2.539062
2.563477
2.543945
2.539062
2.558594
2.543945
2.548828
2.548828
2.568359
2.539062
2.534180
2.553711
2.563477
2.539062
2.524414
2.534180
2.504883
2.519531
2.543945
2.529297
2.529297
2.558594
2.553711
2.539062
2.519531
2.514648
2.534180
2.548828
2.553711
2.534180
2.553711
2.519531
2.524414
2.514648
2.529297
2.524414
2.534180
2.539062
2.548828
2.568359
2.563477
2.607422
2.539062
2.587891
2.563477
2.568359
2.587891
2.534180
2.539062
2.548828
2.539062
2.548828
2.539062
2.529297
2.558594
2.539062
2.514648
2.529297
2.587891
2.553711
2.509766
2.534180
2.543945
2.568359
2.539062
2.519531
2.514648
2.539062
2.539062
2.548828
2.495117
2.548828
2.519531
2.558594
2.524414
2.558594
2.534180
2.573242
2.529297
2.553711
2.539062
2.553711
2.534180
2.509766
2.524414
2.539062
2.578125
2.558594
2.597656
2.539062
2.573242
2.563477
2.558594
2.548828
2.558594
2.509766
2.509766
2.504883
2.490234
2.514648
2.514648
2.514648
2.504883
2.504883
2.529297
2.514648
2.539062
2.558594
2.524414
2.543945
2.504883
2.509766
2.578125
2.539062
2.524414
2.524414
2.543945
2.553711
2.500000
2.534180
2.529297
2.519531
2.519531
2.548828
2.529297
2.529297
2.514648
2.553711
2.534180
2.519531
2.534180
2.543945
2.543945
2.514648
2.529297
2.558594
2.543945
2.563477
2.548828
2.553711
2.519531
2.553711
2.514648
2.519531
2.519531
2.504883
2.534180
2.534180
2.534180
2.534180
2.534180
2.558594
2.548828
2.568359
2.553711
2.573242
2.558594
2.573242
2.519531
2.553711
2.578125
2.558594
2.553711
2.553711
2.553711
2.553711
2.583008
2.587891
2.587891
2.583008
2.553711
2.583008
2.563477
2.563477
2.602539
2.568359
2.592773
2.592773
2.583008
2.607422
2.558594
2.578125
2.592773
2.583008
2.578125
2.543945
2.563477
2.548828
2.543945
2.563477
2.553711
2.519531
2.534180
2.539062
2.563477
2.524414
2.553711
2.529297
2.587891
2.548828
2.568359
2.587891
2.563477
2.568359
2.558594
2.539062
2.592773
2.573242
2.587891
2.500000
2.539062
2.592773
2.543945
2.578125
2.597656
2.558594
2.597656
2.539062
2.548828
2.587891
