1.787109
1.420898
1.166992
0.966797
0.893555
0.864258
1.015625
1.289062
1.606445
2.148438
2.695312
3.291016
3.857422
4.389648
4.814453
5.112305
5.288086
5.253906
5.039062
4.570312
4.057617
3.369141
2.636719
1.899414
1.220703
0.639648
0.190430
-0.083008
-0.180664
-0.087891
0.151367
0.551758
1.054688
1.606445
2.207031
2.763672
3.300781
3.735352
3.969727
4.155273
4.218750
4.145508
3.979492
3.735352
3.452148
3.125000
2.846680
2.646484
2.509766
2.524414
2.495117
2.558594
2.578125
2.558594
2.543945
2.539062
2.548828
2.558594
2.543945
2.539062
2.568359
2.553711
2.553711
2.558594
2.563477
2.558594
2.558594
2.548828
2.553711
2.573242
2.529297
2.500000
2.543945
2.548828
2.519531
2.548828
2.539062
2.558594
2.563477
2.587891
2.563477
2.553711
2.563477
2.563477
2.583008
2.583008
2.592773
2.578125
2.587891
2.568359
2.573242
2.597656
2.587891
2.568359
2.597656
2.587891
2.597656
2.592773
2.553711
2.573242
2.587891
2.558594
2.626953
2.587891
2.592773
2.612305
2.597656
2.592773
2.578125
2.592773
2.583008
2.607422
2.597656
2.578125
2.573242
2.563477
2.573242
2.524414
2.534180
2.553711
2.539062
2.563477
2.558594
2.548828
2.568359
2.563477
2.568359
2.587891
2.573242
2.578125
2.563477
2.602539
2.583008
2.573242
2.578125
2.592773
2.563477
2.568359
2.578125
2.563477
2.583008
2.553711
2.553711
2.602539
2.568359
2.558594
2.548828
2.568359
2.534180
2.573242
2.548828
2.529297
2.587891
2.553711
2.568359
2.587891
2.534180
2.578125
2.558594
2.534180
2.524414
2.558594
2.553711
2.548828
2.548828
2.514648
2.519531
2.485352
2.524414
2.524414
2.514648
2.543945
2.543945
2.597656
2.553711
2.573242
2.548828
2.539062
2.548828
2.587891
2.534180
2.578125
2.548828
2.543945
2.548828
2.563477
2.563477
2.548828
2.548828
2.563477
2.548828
2.548828
2.558594
2.529297
2.524414
2.553711
2.539062
2.534180
2.519531
2.534180
2.534180
2.543945
2.563477
2.524414
2.524414
2.524414
2.529297
2.548828
2.548828
2.553711
2.509766
2.543945
2.573242
2.534180
2.534180
2.534180
2.563477
2.558594
2.592773
2.597656
2.612305
2.592773
2.524414
2.587891
2.553711
2.573242
2.573242
2.553711
2.578125
2.592773
2.563477
2.558594
2.592773
2.539062
2.534180
2.548828
2.539062
2.578125
2.524414
2.529297
2.534180
2.524414
2.573242
2.539062
2.539062
2.558594
2.553711
2.539062
2.539062
2.524414
2.548828
2.548828
2.534180
2.553711
2.548828
2.524414
2.558594
2.578125
2.539062
2.539062
2.548828
2.548828
2.548828
2.534180
2.563477
2.578125
2.597656
2.592773
2.587891
2.558594
2.553711
2.539062
2.548828
2.524414
2.539062
2.504883
2.519531
2.509766
2.524414
2.519531
2.519531
2.548828
2.558594
2.509766
2.504883
2.539062
2.548828
2.534180
2.514648
2.543945
2.578125
2.524414
2.553711
2.563477
2.529297
2.553711
2.519531
2.539062
2.543945
2.529297
2.558594
2.563477
2.534180
2.529297
2.519531
2.539062
2.543945
2.563477
2.534180
2.539062
2.558594
2.553711
2.543945
2.563477
2.543945
2.543945
2.583008
2.539062
2.543945
2.539062
2.553711
2.509766
2.519531
2.539062
2.539062
2.583008
2.524414
2.534180
2.543945
2.583008
2.529297
2.563477
2.568359
2.553711
2.578125
2.587891
2.573242
2.568359
2.568359
2.573242
2.612305
2.612305
2.568359
2.578125
2.592773
2.607422
2.578125
2.563477
2.573242
2.607422
2.602539
2.578125
2.597656
2.583008
2.563477
2.626953
2.597656
2.587891
2.578125
2.597656
2.592773
2.573242
2.626953
2.573242
2.568359
2.563477
2.539062
2.539062
2.509766
2.534180
2.543945
2.573242
2.558594
2.578125
2.617188
2.612305
2.626953
2.592773
2.553711
2.592773
2.607422
2.592773
2.558594
2.583008
2.587891
2.573242
2.592773
2.602539
2.553711
2.534180
2.583008
2.583008
2.597656
2.558594
2.563477
2.568359
2.563477
2.563477
2.553711
2.553711
2.592773
2.543945
2.563477
2.583008
2.558594
2.563477
2.563477
2.543945
2.563477
2.524414
2.548828
2.548828
2.548828
2.543945
2.519531
2.509766
2.529297
2.519531
2.534180
2.519531
2.534180
2.573242
2.568359
2.558594
2.578125
2.563477
2.548828
2.578125
2.573242
2.568359
2.543945
2.558594
2.563477
2.587891
2.553711
2.563477
2.558594
2.548828
2.558594
2.543945
2.563477
2.534180
2.543945
2.548828
2.539062
2.548828
2.529297
2.553711
2.543945
2.539062
2.534180
2.524414
2.558594
2.534180
2.519531
2.524414
2.553711
2.534180
2.543945
2.534180
2.543945
2.534180
2.553711
2.543945
2.514648
2.539062
2.558594
2.592773
2.553711
2.607422
2.587891
2.578125
2.597656
2.558594
2.558594
2.563477
2.568359
2.558594
2.568359
2.578125
2.553711
2.558594
2.548828
2.539062
2.543945
2.539062
2.553711
2.548828
2.524414
2.539062
2.514648
2.534180
2.514648
2.539062
2.558594
2.543945
2.548828
2.548828
2.553711
2.539062
2.558594
2.563477
2.548828
2.529297
2.529297
2.558594
2.583008
2.558594
2.548828
2.543945
2.539062
2.553711
2.563477
2.563477
2.558594
2.553711
2.607422
2.587891
2.578125
2.563477
2.583008
2.558594
2.548828
2.519531
2.495117
2.548828
2.475586
2.543945
2.534180
2.563477
2.563477
2.524414
2.514648
2.524414
2.539062
2.514648
2.539062
2.539062
2.529297
2.514648
2.534180
2.519531
2.534180
2.553711
2.534180
2.534180
2.553711
2.519531
2.519531
2.519531
2.534180
2.529297
2.539062
2.529297
2.519531
2.548828
2.539062
2.534180
2.553711
2.543945
2.553711
2.563477
2.529297
2.558594
2.534180
2.592773
2.553711
2.558594
2.558594
2.539062
2.514648
2.543945
2.524414
2.568359
2.524414
2.534180
2.563477
2.558594
2.558594
2.563477
2.568359
2.592773
2.563477
2.587891
2.597656
2.563477
2.573242
2.568359
2.563477
2.558594
2.578125
2.587891
2.592773
2.578125
2.568359
2.568359
2.558594
2.587891
2.607422
2.587891
2.583008
2.607422
2.543945
2.568359
2.592773
2.563477
2.553711
2.602539
2.573242
2.617188
2.568359
2.578125
2.563477
2.568359
2.626953
2.548828
2.539062
2.524414
2.543945
2.543945
2.558594
2.568359
2.558594
2.573242
2.558594
2.573242
2.597656
2.578125
2.583008
2.548828
2.548828
2.597656
2.597656
2.583008
2.587891
2.612305
2.568359
2.578125
2.583008
2.553711
2.607422
2.563477
2.583008
2.543945
2.543945
2.578125
2.558594
2.563477
2.553711
2.602539
2.543945
2.607422
2.558594
2.548828
2.539062
2.548828
2.587891
2.558594
2.573242
2.543945
2.558594
2.553711
2.543945
2.529297
2.543945
2.509766
2.573242
2.568359
2.529297
2.568359
2.553711
2.563477
2.583008
2.524414
2.563477
2.558594
2.573242
2.553711
2.563477
2.558594
2.553711
2.548828
2.543945
2.558594
2.539062
2.553711
2.553711
2.543945
2.548828
2.558594
2.563477
2.539062
2.558594
2.539062
2.529297
2.539062
2.534180
2.553711
2.548828
2.534180
2.553711
2.524414
2.524414
2.543945
2.519531
2.539062
2.519531
2.524414
2.558594
2.539062
2.553711
2.524414
2.529297
2.548828
2.543945
2.543945
2.548828
2.568359
2.612305
2.548828
2.563477
2.568359
2.558594
2.563477
2.578125
2.558594
2.543945
2.587891
2.548828
2.568359
2.573242
2.558594
2.553711
2.558594
2.539062
2.558594
2.539062
2.553711
2.553711
2.529297
2.504883
2.543945
2.553711
2.534180
2.558594
2.539062
2.548828
2.543945
2.558594
2.519531
2.548828
2.514648
2.548828
2.553711
2.539062
2.539062
2.529297
2.548828
2.558594
2.543945
2.558594
2.539062
2.558594
2.558594
2.578125
2.612305
2.597656
2.592773
2.587891
2.543945
2.558594
2.543945
2.514648
2.529297
2.500000
2.514648
2.519531
2.519531
2.539062
2.519531
2.509766
2.524414
2.529297
2.534180
2.500000
2.539062
2.519531
2.529297
2.543945
2.558594
2.509766
2.539062
2.514648
2.553711
2.553711
2.539062
2.534180
2.534180
2.563477
2.543945
2.534180
2.543945
2.534180
2.529297
2.529297
2.534180
2.534180
2.529297
2.578125
2.534180
2.558594
2.539062
2.587891
2.563477
2.543945
2.558594
2.543945
2.563477
2.534180
2.548828
2.539062
2.553711
2.558594
2.529297
2.534180
2.543945
2.543945
2.543945
2.548828
2.553711
2.558594
2.578125
2.592773
2.553711
2.568359
2.583008
2.597656
2.578125
2.573242
2.573242
2.587891
2.583008
2.587891
2.597656
2.597656
2.617188
2.607422
2.558594
2.597656
2.558594
2.583008
2.568359
2.607422
2.587891
2.578125
2.587891
2.592773
2.617188
2.597656
2.602539
2.622070
2.622070
2.568359
2.617188
2.587891
2.553711
2.563477
2.514648
2.539062
2.539062
2.548828
2.563477
2.563477
2.568359
2.602539
2.563477
2.592773
2.587891
2.597656
2.583008
2.583008
2.568359
2.568359
2.573242
2.558594
2.529297
2.543945
2.553711
2.592773
2.568359
2.573242
2.573242
2.563477
2.592773
2.592773
2.558594
2.553711
2.587891
2.543945
2.573242
2.578125
2.568359
2.534180
2.558594
2.524414
2.568359
2.543945
2.587891
2.548828
2.578125
2.558594
2.529297
2.568359
2.548828
2.539062
2.539062
2.529297
2.539062
2.519531
2.543945
2.539062
2.578125
2.573242
2.563477
2.583008
2.553711
2.558594
2.543945
2.539062
2.568359
2.553711
2.587891
2.568359
2.558594
2.568359
2.529297
2.539062
2.558594
2.548828
2.583008
2.524414
2.563477
2.573242
2.519531
2.553711
2.573242
2.543945
2.524414
2.558594
2.543945
2.534180
2.553711
2.583008
2.509766
2.539062
2.534180
2.543945
2.568359
2.539062
2.553711
2.563477
2.534180
2.543945
2.519531
2.524414
2.563477
2.558594
2.583008
2.592773
2.602539
2.573242
2.597656
2.568359
2.568359
2.597656
2.558594
2.543945
2.563477
2.553711
2.553711
2.539062
2.543945
2.543945
2.558594
2.553711
2.509766
2.563477
2.543945
2.514648
2.543945
2.534180
2.553711
2.534180
2.548828
2.534180
2.539062
2.539062
2.543945
2.543945
2.558594
2.539062
2.548828
2.563477
2.548828
2.534180
2.543945
2.568359
2.529297
2.548828
2.548828
2.553711
2.543945
2.563477
2.553711
2.563477
2.563477
2.558594
2.622070
2.553711
2.573242
2.568359
2.568359
2.529297
2.524414
2.524414
2.543945
2.543945
2.529297
2.524414
2.524414
2.524414
2.514648
2.514648
2.514648
2.514648
2.514648
2.514648
2.519531
2.543945
2.514648
2.573242
2.583008
2.519531
2.548828
2.539062
2.539062
2.539062
2.514648
2.534180
2.568359
2.500000
2.558594
2.534180
2.553711
2.553711
2.553711
2.543945
2.558594
2.539062
2.539062
2.578125
2.534180
2.543945
2.568359
2.558594
2.573242
2.504883
2.563477
2.553711
2.534180
2.563477
2.553711
2.519531
2.524414
2.529297
2.529297
2.548828
2.548828
2.578125
2.558594
2.563477
2.573242
2.587891
2.578125
2.563477
2.587891
2.597656
2.597656
2.563477
2.592773
2.602539
2.587891
2.607422
2.612305
2.587891
2.578125
2.597656
2.597656
2.597656
2.612305
2.578125
2.587891
2.597656
2.592773
2.583008
2.578125
2.573242
2.558594
2.573242
2.583008
2.592773
2.597656
2.597656
2.607422
2.578125
2.578125
2.558594
2.548828
2.519531
2.563477
2.524414
2.553711
2.578125
2.548828
2.573242
2.553711
2.597656
2.568359
2.592773
2.563477
2.573242
2.587891
2.573242
2.617188
2.583008
2.587891
2.583008
2.578125
2.592773
2.597656
2.568359
2.573242
2.558594
2.558594
2.597656
2.573242
2.592773
2.578125
2.578125
2.607422
2.553711
2.563477
2.573242
2.568359
2.563477
2.548828
2.558594
2.573242
2.573242
2.534180
2.558594
2.553711
2.578125
2.539062
2.543945
2.509766
2.524414
2.500000
2.490234
2.558594
2.509766
2.553711
2.563477
2.568359
2.558594
2.514648
2.539062
2.539062
2.543945
2.563477
2.578125
2.548828
2.558594
2.558594
2.548828
2.539062
2.543945
2.543945
2.539062
2.519531
2.543945
2.543945
2.534180
2.534180
2.543945
2.543945
2.524414
2.529297
2.539062
2.548828
2.534180
2.529297
2.534180
2.548828
2.539062
2.534180
2.543945
2.539062
2.529297
2.543945
2.534180
2.524414
2.534180
2.543945
2.534180
2.543945
2.558594
2.553711
2.558594
2.597656
2.612305
2.534180
2.563477
2.563477
2.563477
2.563477
2.558594
2.573242
2.539062
2.553711
2.553711
2.534180
2.548828
2.519531
2.543945
2.534180
2.548828
2.553711
2.543945
2.553711
2.558594
2.553711
2.543945
2.558594
2.548828
2.534180
2.553711
2.558594
2.573242
2.548828
2.553711
2.524414
2.548828
2.543945
2.534180
2.524414
2.543945
2.548828
2.553711
2.543945
2.543945
2.563477
2.534180
2.539062
2.553711
2.597656
2.597656
2.573242
2.587891
2.558594
2.553711
2.529297
2.539062
2.529297
2.543945
2.480469
2.500000
2.509766
2.509766
2.514648
2.519531
2.504883
2.500000
2.519531
2.543945
2.539062
2.514648
2.534180
2.529297
2.514648
2.524414
2.524414
2.519531
2.514648
2.543945
2.539062
2.514648
2.539062
2.534180
2.539062
2.534180
2.543945
2.543945
2.543945
2.534180
2.548828
2.529297
2.558594
2.568359
2.539062
2.563477
2.519531
2.558594
2.563477
2.578125
2.548828
2.563477
2.548828
2.553711
2.543945
2.524414
2.509766
2.524414
2.568359
2.568359
2.534180
2.519531
2.543945
2.597656
2.534180
2.578125
2.568359
2.553711
2.563477
2.568359
2.587891
2.587891
2.563477
2.573242
2.558594
2.573242
2.548828
2.563477
2.573242
2.568359
2.553711
2.578125
2.587891
2.578125
2.597656
2.563477
2.539062
2.583008
2.597656
2.583008
2.592773
2.578125
2.587891
2.597656
2.587891
2.583008
2.573242
2.602539
2.597656
2.578125
2.573242
2.548828
2.539062
2.553711
2.534180
2.543945
2.553711
2.573242
2.573242
2.563477
2.587891
2.548828
2.612305
2.583008
2.592773
2.578125
2.583008
2.592773
2.563477
2.583008
2.583008
2.534180
2.597656
2.563477
2.592773
2.573242
2.592773
2.602539
2.543945
2.597656
2.573242
2.587891
2.587891
2.548828
2.578125
2.583008
2.558594
2.548828
2.558594
2.558594
2.568359
2.548828
2.568359
2.548828
2.553711
2.519531
2.592773
2.543945
2.563477
2.534180
2.519531
2.509766
2.524414
2.524414
2.534180
2.558594
2.553711
2.534180
2.578125
2.578125
2.548828
2.558594
2.553711
2.543945
2.563477
2.587891
2.568359
2.553711
2.553711
2.553711
2.539062
2.524414
2.543945
2.534180
2.539062
2.543945
2.548828
2.553711
2.539062
2.548828
2.548828
2.548828
2.553711
2.529297
2.534180
2.529297
2.539062
2.534180
2.543945
2.524414
2.534180
2.553711
2.543945
2.558594
2.548828
2.558594
2.548828
2.534180
2.519531
2.539062
2.524414
2.524414
2.558594
2.592773
2.558594
2.578125
2.568359
2.617188
2.553711
2.583008
2.553711
2.573242
2.548828
2.543945
2.539062
2.563477
2.534180
2.519531
2.534180
2.524414
2.587891
2.568359
2.529297
2.543945
2.534180
2.539062
2.529297
2.568359
2.529297
2.539062
2.553711
2.548828
2.509766
2.563477
2.563477
2.543945
2.524414
2.548828
2.563477
2.534180
2.543945
2.548828
2.539062
2.529297
2.543945
2.563477
2.548828
2.543945
2.563477
2.563477
2.578125
2.587891
2.617188
2.602539
2.553711
2.539062
2.529297
2.529297
2.509766
2.543945
2.514648
2.524414
2.514648
2.509766
2.548828
2.529297
2.504883
2.568359
2.543945
2.495117
2.529297
2.534180
2.548828
2.543945
2.539062
2.534180
2.534180
2.529297
2.509766
2.548828
2.514648
2.524414
2.519531
2.529297
2.539062
2.529297
2.578125
2.529297
2.514648
2.553711
2.553711
2.543945
2.543945
2.553711
2.534180
2.519531
2.524414
2.534180
2.534180
2.563477
2.607422
2.543945
2.539062
2.543945
2.578125
2.529297
2.514648
2.543945
2.529297
2.543945
2.529297
2.553711
2.553711
2.563477
2.578125
2.534180
2.583008
2.568359
2.583008
2.573242
2.568359
2.563477
2.597656
2.587891
2.592773
2.597656
2.602539
2.568359
2.587891
2.553711
2.529297
2.583008
2.583008
2.573242
2.597656
2.553711
2.539062
2.583008
2.568359
2.602539
2.573242
2.563477
2.612305
2.597656
2.587891
2.568359
2.587891
2.578125
2.573242
2.587891
2.592773
2.548828
2.539062
2.539062
2.519531
2.539062
2.548828
2.563477
2.587891
2.563477
2.592773
2.563477
2.578125
2.587891
2.543945
2.573242
2.592773
2.602539
2.597656
2.558594
2.578125
2.607422
2.578125
2.558594
2.539062
2.592773
2.583008
2.592773
2.568359
2.568359
2.578125
2.539062
2.563477
2.607422
2.568359
2.563477
2.573242
2.563477
2.578125
2.563477
2.568359
2.553711
2.558594
2.539062
2.563477
2.553711
2.592773
2.543945
2.548828
2.548828
2.548828
2.495117
2.514648
2.519531
2.553711
2.543945
2.568359
2.534180
2.583008
2.543945
2.578125
2.568359
2.558594
2.543945
2.558594
2.548828
2.578125
2.553711
2.573242
2.558594
2.534180
2.587891
2.543945
2.534180
2.563477
2.539062
2.573242
2.529297
2.529297
2.529297
2.563477
2.592773
2.563477
2.534180
2.543945
2.529297
2.514648
2.534180
2.553711
2.548828
2.543945
2.519531
2.524414
2.539062
2.539062
2.524414
2.524414
2.524414
2.524414
2.539062
2.563477
2.543945
2.583008
2.597656
2.578125
2.583008
2.573242
2.602539
2.558594
2.587891
2.553711
2.548828
2.573242
2.539062
2.534180
2.548828
2.524414
2.558594
2.563477
2.573242
2.548828
2.563477
2.529297
2.529297
2.558594
2.563477
2.539062
2.548828
2.553711
2.514648
2.539062
2.539062
2.563477
2.543945
2.529297
2.534180
2.529297
2.548828
2.539062
2.553711
2.543945
2.519531
2.500000
2.534180
2.529297
2.563477
2.543945
2.558594
2.529297
2.558594
2.602539
2.587891
2.592773
2.573242
2.568359
2.534180
2.534180
2.543945
2.563477
2.509766
2.495117
2.543945
2.514648
2.519531
2.519531
2.558594
2.519531
2.543945
2.534180
2.529297
2.548828
2.495117
2.568359
2.500000
2.543945
2.534180
2.519531
2.524414
2.524414
2.514648
2.543945
2.514648
2.563477
2.568359
2.529297
2.524414
2.543945
2.539062
2.534180
2.529297
2.563477
2.543945
2.539062
2.558594
2.539062
2.534180
2.524414
2.519531
2.539062
2.534180
2.607422
2.553711
2.563477
2.524414
2.543945
2.519531
2.534180
2.519531
2.524414
2.553711
2.534180
2.558594
2.543945
2.553711
2.587891
2.587891
2.568359
2.573242
2.573242
2.583008
2.558594
2.587891
2.568359
2.578125
2.558594
2.573242
2.568359
2.578125
2.573242
2.583008
2.558594
2.587891
2.597656
2.587891
2.568359
2.592773
2.592773
2.578125
2.534180
2.583008
2.597656
2.578125
2.573242
2.592773
2.587891
2.597656
2.607422
2.597656
2.597656
2.578125
2.558594
2.553711
2.529297
2.529297
2.534180
2.534180
2.568359
2.578125
2.573242
2.573242
2.578125
2.568359
2.563477
2.568359
2.583008
2.617188
2.573242
2.563477
2.587891
2.568359
2.553711
2.568359
2.568359
2.587891
2.563477
2.583008
2.558594
2.563477
2.578125
2.573242
2.602539
2.558594
2.553711
2.568359
2.534180
2.543945
2.578125
2.534180
2.558594
2.539062
2.573242
2.548828
2.578125
2.534180
2.587891
2.539062
2.543945
2.543945
2.543945
2.524414
2.534180
2.509766
2.519531
2.539062
2.578125
2.558594
2.573242
2.568359
2.568359
2.578125
2.548828
2.548828
2.539062
2.578125
2.553711
2.548828
2.553711
2.563477
2.558594
2.558594
2.553711
2.558594
2.539062
2.553711
2.539062
2.543945
2.548828
2.539062
2.558594
2.519531
2.558594
2.548828
2.548828
2.514648
2.543945
2.543945
2.534180
2.539062
2.509766
2.514648
2.539062
2.553711
2.524414
2.529297
2.524414
2.514648
2.553711
2.529297
2.509766
2.539062
2.514648
2.578125
2.558594
2.573242
2.592773
2.548828
2.563477
2.587891
2.578125
2.573242
2.578125
2.553711
2.563477
2.543945
2.553711
2.548828
2.519531
2.543945
2.553711
2.514648
2.543945
2.524414
2.519531
2.534180
2.553711
2.553711
2.524414
2.543945
2.514648
2.539062
2.529297
2.548828
2.539062
2.543945
2.534180
2.514648
2.548828
2.509766
2.573242
2.548828
2.529297
2.558594
2.539062
2.529297
2.529297
2.519531
2.553711
2.529297
2.573242
2.543945
2.573242
2.568359
2.587891
2.539062
2.578125
2.568359
2.548828
2.553711
2.514648
2.495117
2.539062
2.524414
2.529297
2.495117
2.519531
2.495117
2.529297
2.539062
2.485352
2.539062
2.514648
2.539062
2.529297
2.524414
2.519531
2.514648
2.534180
2.529297
2.563477
2.539062
2.529297
2.524414
2.534180
