1.811523
1.499023
1.166992
0.986328
0.869141
0.869141
0.976562
1.274414
1.562500
2.080078
2.607422
3.232422
3.803711
4.365234
4.804688
5.112305
5.263672
5.288086
5.063477
4.667969
4.130859
3.496094
2.783203
2.065430
1.357422
0.795898
0.312500
0.000000
-0.117188
-0.083008
0.151367
0.541992
1.054688
1.606445
2.197266
2.763672
3.315430
3.745117
4.018555
4.233398
4.267578
4.223633
4.047852
3.818359
3.486328
3.212891
2.924805
2.656250
2.534180
2.539062
2.543945
2.539062
2.553711
2.587891
2.602539
2.573242
2.578125
2.534180
2.578125
2.558594
2.573242
2.597656
2.573242
2.563477
2.573242
2.553711
2.587891
2.539062
2.573242
2.573242
2.539062
2.617188
2.558594
2.568359
2.563477
2.553711
2.568359
2.587891
2.573242
2.529297
2.568359
2.543945
2.583008
2.509766
2.573242
2.558594
2.553711
2.558594
2.514648
2.553711
2.553711
2.558594
2.529297
2.543945
2.563477
2.534180
2.548828
2.539062
2.509766
2.534180
2.558594
2.548828
2.543945
2.568359
2.534180
2.602539
2.558594
2.597656
2.578125
2.558594
2.553711
2.578125
2.543945
2.543945
2.543945
2.543945
2.553711
2.534180
2.534180
2.539062
2.548828
2.543945
2.543945
2.543945
2.563477
2.514648
2.543945
2.543945
2.553711
2.548828
2.539062
2.573242
2.529297
2.529297
2.534180
2.553711
2.539062
2.539062
2.578125
2.504883
2.529297
2.558594
2.548828
2.534180
2.568359
2.539062
2.514648
2.553711
2.539062
2.568359
2.597656
2.592773
2.587891
2.529297
2.587891
2.558594
2.563477
2.553711
2.563477
2.553711
2.568359
2.543945
2.548828
2.534180
2.558594
2.563477
2.543945
2.539062
2.539062
2.534180
2.543945
2.558594
2.578125
2.534180
2.548828
2.548828
2.539062
2.543945
2.553711
2.548828
2.553711
2.553711
2.534180
2.563477
2.563477
2.543945
2.578125
2.534180
2.553711
2.553711
2.578125
2.563477
2.558594
2.553711
2.563477
2.534180
2.592773
2.587891
2.543945
2.583008
2.578125
2.534180
2.553711
2.553711
2.568359
2.524414
2.558594
2.558594
2.534180
2.514648
2.553711
2.514648
2.539062
2.539062
2.529297
2.543945
2.543945
2.543945
2.543945
2.534180
2.529297
2.548828
2.553711
2.568359
2.543945
2.534180
2.563477
2.519531
2.539062
2.529297
2.548828
2.558594
2.534180
2.529297
2.539062
2.563477
2.553711
2.558594
2.539062
2.553711
2.539062
2.534180
2.568359
2.539062
2.548828
2.578125
2.553711
2.543945
2.543945
2.548828
2.558594
2.563477
2.543945
2.519531
2.558594
2.509766
2.534180
2.553711
2.563477
2.539062
2.553711
2.539062
2.597656
2.563477
2.578125
2.558594
2.558594
2.597656
2.578125
2.612305
2.568359
2.563477
2.597656
2.587891
2.592773
2.587891
2.612305
2.597656
2.607422
2.587891
2.626953
2.592773
2.573242
2.626953
2.543945
2.617188
2.563477
2.592773
2.607422
2.568359
2.558594
2.553711
2.558594
2.626953
2.573242
2.578125
2.587891
2.563477
2.587891
2.524414
2.539062
2.558594
2.558594
2.563477
2.612305
2.602539
2.602539
2.543945
2.587891
2.558594
2.612305
2.587891
2.534180
2.592773
2.558594
2.563477
2.563477
2.558594
2.543945
2.592773
2.563477
2.602539
2.563477
2.558594
2.617188
2.534180
2.587891
2.543945
2.573242
2.568359
2.539062
2.578125
2.548828
2.539062
2.534180
2.573242
2.539062
2.553711
2.553711
2.548828
2.573242
2.539062
2.543945
2.543945
2.553711
2.548828
2.539062
2.524414
2.514648
2.553711
2.509766
2.558594
2.519531
2.583008
2.543945
2.573242
2.534180
2.539062
2.553711
2.548828
2.548828
2.548828
2.568359
2.563477
2.558594
2.553711
2.553711
2.548828
2.568359
2.529297
2.563477
2.553711
2.568359
2.524414
2.558594
2.524414
2.558594
2.548828
2.529297
2.524414
2.509766
2.495117
2.543945
2.534180
2.534180
2.553711
2.548828
2.524414
2.548828
2.543945
2.514648
2.514648
2.524414
2.509766
2.529297
2.539062
2.529297
2.563477
2.573242
2.543945
2.558594
2.548828
2.592773
2.534180
2.592773
2.568359
2.573242
2.563477
2.578125
2.548828
2.553711
2.519531
2.529297
2.543945
2.543945
2.539062
2.558594
2.553711
2.529297
2.539062
2.509766
2.558594
2.548828
2.534180
2.553711
2.543945
2.524414
2.583008
2.534180
2.539062
2.553711
2.607422
2.548828
2.573242
2.519531
2.558594
2.539062
2.563477
2.534180
2.573242
2.539062
2.558594
2.573242
2.548828
2.553711
2.583008
2.563477
2.587891
2.573242
2.592773
2.587891
2.568359
2.553711
2.524414
2.534180
2.529297
2.539062
2.534180
2.558594
2.514648
2.519531
2.509766
2.514648
2.519531
2.539062
2.534180
2.534180
2.539062
2.534180
2.519531
2.548828
2.524414
2.539062
2.543945
2.553711
2.534180
2.558594
2.543945
2.568359
2.529297
2.568359
2.534180
2.553711
2.563477
2.563477
2.578125
2.553711
2.558594
2.539062
2.578125
2.578125
2.553711
2.568359
2.548828
2.543945
2.563477
2.553711
2.529297
2.548828
2.548828
2.568359
2.539062
2.539062
2.524414
2.524414
2.534180
2.543945
2.543945
2.583008
2.563477
2.514648
2.583008
2.548828
2.578125
2.578125
2.583008
2.563477
2.578125
2.558594
2.612305
2.587891
2.583008
2.592773
2.573242
2.543945
2.597656
2.587891
2.592773
2.597656
2.602539
2.602539
2.597656
2.568359
2.587891
2.597656
2.587891
2.587891
2.558594
2.602539
2.563477
2.592773
2.563477
2.597656
2.573242
2.587891
2.543945
2.597656
2.558594
2.519531
2.509766
2.543945
2.548828
2.583008
2.573242
2.578125
2.602539
2.578125
2.568359
2.587891
2.558594
2.568359
2.534180
2.617188
2.583008
2.578125
2.573242
2.587891
2.568359
2.592773
2.563477
2.568359
2.563477
2.597656
2.534180
2.558594
2.558594
2.602539
2.534180
2.587891
2.543945
2.602539
2.534180
2.578125
2.548828
2.578125
2.534180
2.553711
2.558594
2.539062
2.558594
2.529297
2.558594
2.543945
2.597656
2.563477
2.558594
2.548828
2.519531
2.524414
2.543945
2.548828
2.563477
2.539062
2.548828
2.553711
2.558594
2.578125
2.568359
2.553711
2.548828
2.563477
2.543945
2.563477
2.558594
2.548828
2.548828
2.548828
2.583008
2.534180
2.543945
2.548828
2.548828
2.553711
2.543945
2.553711
2.563477
2.558594
2.573242
2.553711
2.539062
2.543945
2.568359
2.519531
2.534180
2.553711
2.529297
2.543945
2.529297
2.524414
2.539062
2.529297
2.514648
2.539062
2.539062
2.563477
2.529297
2.539062
2.539062
2.558594
2.573242
2.558594
2.563477
2.617188
2.568359
2.558594
2.587891
2.558594
2.548828
2.558594
2.539062
2.553711
2.534180
2.509766
2.534180
2.539062
2.529297
2.539062
2.543945
2.563477
2.524414
2.534180
2.534180
2.534180
2.539062
2.534180
2.563477
2.524414
2.568359
2.539062
2.548828
2.529297
2.534180
2.548828
2.558594
2.534180
2.553711
2.583008
2.553711
2.539062
2.578125
2.558594
2.539062
2.578125
2.553711
2.543945
2.573242
2.573242
2.602539
2.587891
2.543945
2.583008
2.602539
2.578125
2.548828
2.539062
2.524414
2.568359
2.529297
2.548828
2.539062
2.475586
2.514648
2.509766
2.543945
2.534180
2.524414
2.519531
2.543945
2.529297
2.534180
2.553711
2.602539
2.509766
2.539062
2.524414
2.529297
2.553711
2.534180
2.529297
2.548828
2.524414
2.539062
2.529297
2.524414
2.553711
2.568359
2.558594
2.553711
2.548828
2.558594
2.534180
2.563477
2.568359
2.539062
2.573242
2.539062
2.553711
2.558594
2.558594
2.534180
2.524414
2.548828
2.563477
2.553711
2.553711
2.534180
2.543945
2.553711
2.529297
2.548828
2.558594
2.558594
2.597656
2.558594
2.573242
2.558594
2.568359
2.553711
2.587891
2.587891
2.563477
2.602539
2.583008
2.592773
2.626953
2.568359
2.587891
2.592773
2.587891
2.587891
2.587891
2.622070
2.597656
2.587891
2.607422
2.558594
2.558594
2.568359
2.607422
2.597656
2.587891
2.607422
2.587891
2.578125
2.622070
2.592773
2.602539
2.548828
2.548828
2.553711
2.548828
2.568359
2.592773
2.524414
2.587891
2.587891
2.558594
2.592773
2.587891
2.602539
2.587891
2.558594
2.587891
2.573242
2.573242
2.539062
2.583008
2.602539
2.597656
2.563477
2.563477
2.548828
2.602539
2.592773
2.558594
2.592773
2.597656
2.563477
2.548828
2.587891
2.578125
2.563477
2.573242
2.563477
2.558594
2.587891
2.553711
2.573242
2.548828
2.548828
2.568359
2.539062
2.548828
2.568359
2.568359
2.539062
2.578125
2.529297
2.514648
2.504883
2.529297
2.534180
2.568359
2.573242
2.568359
2.529297
2.578125
2.548828
2.583008
2.543945
2.578125
2.543945
2.592773
2.558594
2.534180
2.578125
2.543945
2.553711
2.548828
2.578125
2.548828
2.548828
2.558594
2.568359
2.534180
2.543945
2.539062
2.553711
2.539062
2.568359
2.519531
2.548828
2.539062
2.539062
2.529297
2.539062
2.578125
2.573242
2.573242
2.529297
2.563477
2.534180
2.543945
2.558594
2.500000
2.543945
2.529297
2.524414
2.563477
2.587891
2.573242
2.592773
2.607422
2.578125
2.587891
2.573242
2.573242
2.539062
2.568359
2.592773
2.548828
2.548828
2.578125
2.543945
2.563477
2.539062
2.587891
2.539062
2.553711
2.578125
2.568359
2.558594
2.543945
2.534180
2.558594
2.553711
2.558594
2.553711
2.563477
2.534180
2.543945
2.558594
2.548828
2.539062
2.548828
2.534180
2.548828
2.558594
2.563477
2.543945
2.524414
2.539062
2.548828
2.543945
2.553711
2.553711
2.558594
2.573242
2.602539
2.631836
2.583008
2.568359
2.573242
2.548828
2.524414
2.563477
2.534180
2.558594
2.529297
2.500000
2.514648
2.500000
2.534180
2.529297
2.500000
2.539062
2.558594
2.568359
2.519531
2.543945
2.548828
2.534180
2.524414
2.543945
2.514648
2.553711
2.548828
2.548828
2.553711
2.558594
2.563477
2.578125
2.548828
2.553711
2.563477
2.529297
2.558594
2.548828
2.548828
2.548828
2.543945
2.543945
2.558594
2.539062
2.578125
2.568359
2.573242
2.548828
2.558594
2.578125
2.548828
2.539062
2.558594
2.558594
2.529297
2.539062
2.548828
2.543945
2.543945
2.548828
2.573242
2.548828
2.558594
2.563477
2.573242
2.548828
2.558594
2.573242
2.583008
2.573242
2.558594
2.578125
2.592773
2.578125
2.587891
2.578125
2.612305
2.573242
2.578125
2.607422
2.578125
2.622070
2.622070
2.597656
2.602539
2.607422
2.563477
2.607422
2.563477
2.617188
2.558594
2.597656
2.548828
2.592773
2.597656
2.592773
2.592773
2.553711
2.563477
2.534180
2.558594
2.558594
2.539062
2.553711
2.568359
2.573242
2.578125
2.597656
2.597656
2.612305
2.583008
2.573242
2.602539
2.583008
2.612305
2.578125
2.578125
2.583008
2.573242
2.563477
2.607422
2.519531
2.573242
2.568359
2.563477
2.617188
2.587891
2.568359
2.558594
2.553711
2.558594
2.539062
2.543945
2.563477
2.573242
2.563477
2.558594
2.568359
2.553711
2.563477
2.563477
2.553711
2.558594
2.543945
2.558594
2.548828
2.553711
2.500000
2.543945
2.529297
2.539062
2.563477
2.563477
2.553711
2.543945
2.573242
2.543945
2.519531
2.592773
2.568359
2.573242
2.578125
2.563477
2.563477
2.558594
2.529297
2.568359
2.563477
2.558594
2.553711
2.553711
2.558594
2.529297
2.548828
2.543945
2.558594
2.548828
2.534180
2.543945
2.548828
2.553711
2.543945
2.543945
2.553711
2.514648
2.534180
2.543945
2.543945
2.553711
2.543945
2.543945
2.519531
2.563477
2.543945
2.504883
2.558594
2.539062
2.543945
2.548828
2.597656
2.607422
2.558594
2.587891
2.578125
2.568359
2.592773
2.578125
2.558594
2.568359
2.539062
2.612305
2.514648
2.534180
2.539062
2.534180
2.543945
2.534180
2.529297
2.539062
2.558594
2.514648
2.524414
2.573242
2.543945
2.568359
2.553711
2.543945
2.558594
2.578125
2.568359
2.529297
2.534180
2.553711
2.558594
2.524414
2.563477
2.563477
2.543945
2.587891
2.543945
2.563477
2.558594
2.539062
2.543945
2.558594
2.558594
2.573242
2.578125
2.568359
2.587891
2.578125
2.587891
2.543945
2.543945
2.548828
2.509766
2.514648
2.539062
2.524414
2.558594
2.529297
2.514648
2.539062
2.534180
2.509766
2.558594
2.524414
2.539062
2.539062
2.553711
2.529297
2.563477
2.563477
2.529297
2.534180
2.539062
2.543945
2.529297
2.543945
2.534180
2.529297
2.573242
2.543945
2.534180
2.558594
2.548828
2.558594
2.534180
2.548828
2.573242
2.548828
2.553711
2.539062
2.558594
2.548828
2.548828
2.568359
2.548828
2.543945
2.553711
2.543945
2.553711
2.539062
2.495117
2.548828
2.534180
2.534180
2.563477
2.553711
2.578125
2.563477
2.578125
2.548828
2.573242
2.617188
2.553711
2.587891
2.583008
2.578125
2.583008
2.592773
2.568359
2.583008
2.636719
2.568359
2.587891
2.612305
2.587891
2.558594
2.592773
2.607422
2.583008
2.592773
2.597656
2.578125
2.558594
2.563477
2.597656
2.612305
2.573242
2.612305
2.597656
2.592773
2.602539
2.568359
2.578125
2.587891
2.563477
2.529297
2.578125
2.534180
2.578125
2.563477
2.563477
2.553711
2.578125
2.592773
2.587891
2.597656
2.573242
2.553711
2.583008
2.597656
2.587891
2.573242
2.558594
2.612305
2.583008
2.578125
2.573242
2.578125
2.573242
2.597656
2.568359
2.602539
2.539062
2.568359
2.578125
2.553711
2.558594
2.558594
2.592773
2.534180
2.568359
2.563477
2.539062
2.607422
2.568359
2.519531
2.553711
2.573242
2.553711
2.539062
2.568359
2.578125
2.548828
2.514648
2.534180
2.490234
2.514648
2.524414
2.553711
2.563477
2.553711
2.583008
2.553711
2.563477
2.568359
2.539062
2.563477
2.548828
2.578125
2.548828
2.578125
2.558594
2.529297
2.548828
2.573242
2.543945
2.553711
2.553711
2.548828
2.553711
2.558594
2.553711
2.529297
2.558594
2.539062
2.529297
2.519531
2.558594
2.553711
2.519531
2.553711
2.568359
2.519531
2.543945
2.553711
2.558594
2.514648
2.553711
2.563477
2.553711
2.534180
2.534180
2.534180
2.519531
2.539062
2.558594
2.587891
2.573242
2.583008
2.563477
2.563477
2.583008
2.548828
2.563477
2.548828
2.539062
2.534180
2.563477
2.563477
2.558594
2.592773
2.578125
2.548828
2.524414
2.553711
2.553711
2.529297
2.509766
2.558594
2.534180
2.563477
2.548828
2.558594
2.558594
2.524414
2.539062
2.534180
2.539062
2.529297
2.548828
2.558594
2.583008
2.539062
2.558594
2.553711
2.558594
2.558594
2.568359
2.573242
2.563477
2.592773
2.573242
2.553711
2.578125
2.583008
2.592773
2.573242
2.592773
2.568359
2.548828
2.558594
2.534180
2.534180
2.563477
2.543945
2.548828
2.509766
2.529297
2.509766
2.514648
2.519531
2.524414
2.563477
2.514648
2.534180
2.553711
2.553711
2.534180
2.543945
2.519531
2.548828
2.543945
2.558594
2.539062
2.553711
2.529297
2.543945
2.553711
2.543945
2.558594
2.548828
2.543945
2.553711
2.548828
2.558594
2.539062
2.558594
2.568359
2.558594
2.553711
2.534180
2.524414
2.558594
2.563477
2.568359
2.558594
2.553711
2.539062
2.553711
2.573242
2.529297
2.553711
2.587891
2.534180
2.543945
2.539062
2.558594
2.568359
2.568359
2.563477
2.592773
2.563477
2.558594
2.597656
2.558594
2.617188
2.563477
2.592773
2.612305
2.578125
2.568359
2.583008
2.578125
2.617188
2.592773
2.607422
2.568359
2.612305
2.592773
2.617188
2.607422
2.617188
2.558594
2.587891
2.587891
2.597656
2.592773
2.573242
2.558594
2.612305
2.573242
2.636719
2.592773
2.563477
2.607422
2.519531
2.548828
2.543945
2.539062
2.568359
2.568359
2.587891
2.573242
2.558594
2.597656
2.563477
2.573242
2.587891
2.587891
2.602539
2.548828
2.568359
2.578125
2.548828
2.612305
2.573242
2.597656
2.573242
2.578125
2.578125
2.573242
2.568359
2.597656
2.553711
2.597656
2.558594
2.558594
2.548828
2.573242
2.543945
2.534180
2.563477
2.583008
2.553711
2.578125
2.539062
2.553711
2.602539
2.534180
2.534180
2.583008
2.558594
2.563477
2.563477
2.539062
2.539062
2.529297
2.548828
2.543945
2.539062
2.524414
2.597656
2.539062
2.587891
2.539062
2.573242
2.548828
2.573242
2.558594
2.583008
2.573242
2.578125
2.578125
2.573242
2.558594
2.539062
2.539062
2.558594
2.573242
2.543945
2.543945
2.534180
2.539062
2.539062
2.553711
2.573242
2.534180
2.529297
2.573242
2.539062
2.539062
2.553711
2.548828
2.543945
2.553711
2.529297
2.543945
2.553711
2.543945
2.568359
2.558594
2.534180
2.548828
2.539062
2.568359
2.548828
2.592773
2.602539
2.612305
2.602539
2.578125
2.592773
2.587891
2.563477
2.602539
2.543945
2.534180
2.563477
2.563477
2.558594
2.529297
2.558594
2.558594
2.524414
2.543945
2.534180
2.568359
2.543945
2.548828
2.558594
2.583008
2.504883
2.519531
2.563477
2.553711
2.539062
2.539062
2.539062
2.563477
2.558594
2.548828
2.563477
2.563477
2.534180
2.578125
2.524414
2.529297
2.548828
2.548828
2.553711
2.573242
2.558594
2.548828
2.558594
2.592773
2.626953
2.617188
2.563477
2.553711
2.592773
2.568359
2.553711
2.548828
2.529297
2.558594
2.514648
2.519531
2.534180
2.519531
2.524414
2.539062
2.543945
2.514648
2.543945
2.524414
2.543945
2.519531
2.514648
2.514648
2.543945
2.534180
2.553711
2.543945
2.563477
2.529297
2.553711
2.539062
2.543945
2.543945
2.539062
2.534180
2.543945
2.534180
2.539062
2.553711
2.563477
2.548828
2.558594
2.534180
2.563477
2.553711
2.563477
2.563477
2.563477
2.568359
2.573242
2.553711
2.539062
2.563477
2.524414
2.539062
2.514648
2.534180
2.509766
2.539062
2.534180
2.543945
2.583008
2.534180
2.573242
2.592773
2.534180
2.587891
2.568359
2.558594
2.553711
2.573242
2.558594
2.558594
2.612305
2.578125
2.602539
2.563477
2.587891
2.592773
2.573242
2.573242
2.558594
2.583008
2.592773
2.592773
2.568359
2.587891
2.563477
2.578125
2.583008
2.583008
2.592773
2.612305
2.558594
2.587891
2.597656
2.578125
2.563477
2.563477
2.543945
2.543945
2.514648
2.519531
2.573242
2.534180
2.563477
2.592773
2.553711
2.583008
2.563477
2.578125
2.597656
2.578125
2.597656
2.573242
2.583008
2.573242
2.587891
2.568359
2.568359
2.529297
2.587891
2.587891
2.553711
2.573242
2.578125
2.534180
2.583008
2.578125
2.578125
2.568359
2.592773
2.568359
2.504883
2.563477
2.534180
2.534180
2.563477
2.539062
2.578125
2.543945
2.548828
2.568359
2.573242
2.539062
2.597656
2.519531
2.534180
2.495117
2.543945
2.509766
2.539062
2.543945
2.558594
2.529297
2.597656
2.568359
2.553711
2.524414
2.573242
2.548828
2.578125
2.558594
2.578125
2.558594
2.553711
2.563477
2.548828
2.558594
2.548828
2.548828
2.543945
2.548828
2.563477
2.563477
2.514648
2.514648
2.539062
2.563477
2.553711
2.534180
2.553711
2.543945
2.543945
2.529297
2.543945
2.519531
2.524414
2.543945
2.553711
2.563477
2.514648
2.543945
2.519531
2.509766
2.529297
2.548828
2.524414
2.529297
2.563477
2.573242
2.563477
2.553711
2.587891
2.558594
2.602539
2.597656
2.563477
2.563477
2.543945
2.548828
2.543945
2.573242
2.514648
2.568359
2.539062
2.539062
2.543945
2.553711
2.529297
2.529297
2.558594
2.524414
2.548828
2.514648
2.558594
2.524414
2.539062
2.568359
2.543945
2.563477
2.529297
2.519531
2.539062
2.553711
2.553711
2.539062
2.553711
2.568359
2.558594
2.548828
2.539062
2.568359
2.558594
2.529297
2.553711
2.583008
2.563477
2.607422
2.607422
2.587891
2.548828
2.587891
2.563477
2.558594
2.539062
2.519531
2.519531
2.543945
2.504883
2.539062
2.529297
2.519531
2.543945
2.519531
2.514648
2.524414
2.514648
2.539062
2.500000
2.543945
2.519531
2.524414
2.539062
2.553711
2.514648
2.573242
2.539062
2.553711
2.524414
2.539062
2.514648
2.548828
2.558594
2.529297
2.563477
2.539062
2.534180
2.524414
2.548828
2.548828
2.539062
2.558594
2.568359
2.534180
2.563477
2.539062
2.543945
2.578125
2.553711
2.529297
2.529297
2.558594
2.524414
2.553711
2.553711
2.548828
2.519531
2.578125
2.509766
2.607422
2.529297
2.568359
2.563477
2.573242
2.548828
2.592773
2.592773
2.602539
2.597656
2.578125
2.587891
2.597656
2.607422
2.578125
2.578125
2.617188
2.626953
2.597656
2.592773
2.597656
2.568359
2.573242
2.597656
2.587891
2.597656
2.592773
2.626953
2.587891
2.558594
2.622070
2.578125
2.626953
2.563477
2.558594
2.597656
2.558594
2.573242
2.563477
