1.972656
1.669922
1.381836
1.118164
0.952148
0.859375
0.903320
1.069336
1.357422
1.752930
2.255859
2.841797
3.457031
4.003906
4.516602
4.912109
5.180664
5.263672
5.117188
4.873047
4.418945
3.847656
3.173828
2.460938
1.728516
1.083984
0.556641
0.126953
-0.117188
-0.190430
-0.034180
0.249023
0.717773
1.201172
1.811523
2.407227
2.968750
3.437500
3.842773
4.096680
4.243164
4.272461
4.140625
3.984375
3.696289
3.413086
3.105469
2.841797
2.622070
2.568359
2.534180
2.568359
2.587891
2.578125
2.597656
2.597656
2.553711
2.602539
2.558594
2.607422
2.543945
2.563477
2.548828
2.548828
2.563477
2.504883
2.543945
2.539062
2.573242
2.558594
2.548828
2.553711
2.583008
2.573242
2.563477
2.587891
2.543945
2.558594
2.583008
2.583008
2.558594
2.592773
2.563477
2.568359
2.558594
2.558594
2.539062
2.548828
2.583008
2.553711
2.543945
2.529297
2.563477
2.543945
2.558594
2.563477
2.543945
2.573242
2.578125
2.553711
2.563477
2.578125
2.558594
2.514648
2.573242
2.548828
2.553711
2.529297
2.553711
2.539062
2.539062
2.509766
2.500000
2.539062
2.534180
2.543945
2.509766
2.539062
2.543945
2.568359
2.539062
2.509766
2.539062
2.539062
2.534180
2.553711
2.553711
2.539062
2.534180
2.539062
2.534180
2.519531
2.543945
2.548828
2.548828
2.519531
2.539062
2.534180
2.548828
2.539062
2.539062
2.514648
2.534180
2.539062
2.509766
2.558594
2.539062
2.519531
2.514648
2.514648
2.519531
2.524414
2.524414
2.504883
2.524414
2.543945
2.519531
2.543945
2.519531
2.548828
2.500000
2.500000
2.519531
2.539062
2.558594
2.548828
2.573242
2.568359
2.573242
2.568359
2.558594
2.563477
2.539062
2.558594
2.524414
2.529297
2.519531
2.514648
2.500000
2.509766
2.519531
2.543945
2.543945
2.539062
2.514648
2.534180
2.524414
2.539062
2.529297
2.480469
2.534180
2.524414
2.529297
2.534180
2.573242
2.514648
2.509766
2.504883
2.534180
2.534180
2.529297
2.529297
2.519531
2.553711
2.509766
2.534180
2.543945
2.543945
2.539062
2.553711
2.524414
2.539062
2.553711
2.563477
2.568359
2.539062
2.543945
2.519531
2.524414
2.539062
2.543945
2.500000
2.519531
2.519531
2.504883
2.524414
2.495117
2.553711
2.500000
2.534180
2.495117
2.529297
2.500000
2.529297
2.539062
2.558594
2.514648
2.524414
2.524414
2.509766
2.534180
2.534180
2.553711
2.514648
2.539062
2.543945
2.534180
2.543945
2.509766
2.553711
2.514648
2.524414
2.553711
2.548828
2.543945
2.543945
2.558594
2.519531
2.563477
2.524414
2.543945
2.553711
2.534180
2.543945
2.504883
2.539062
2.504883
2.504883
2.500000
2.529297
2.534180
2.543945
2.514648
2.573242
2.558594
2.543945
2.553711
2.568359
2.543945
2.548828
2.553711
2.539062
2.563477
2.578125
2.578125
2.558594
2.534180
2.548828
2.563477
2.602539
2.563477
2.597656
2.592773
2.578125
2.597656
2.573242
2.573242
2.607422
2.578125
2.563477
2.597656
2.578125
2.563477
2.568359
2.573242
2.578125
2.597656
2.583008
2.587891
2.583008
2.558594
2.573242
2.587891
2.514648
2.543945
2.514648
2.509766
2.529297
2.563477
2.553711
2.563477
2.563477
2.573242
2.543945
2.558594
2.597656
2.568359
2.568359
2.553711
2.539062
2.558594
2.563477
2.548828
2.558594
2.568359
2.602539
2.539062
2.563477
2.587891
2.573242
2.534180
2.597656
2.524414
2.592773
2.548828
2.539062
2.553711
2.548828
2.573242
2.553711
2.548828
2.583008
2.543945
2.534180
2.534180
2.543945
2.529297
2.543945
2.529297
2.543945
2.543945
2.509766
2.514648
2.514648
2.529297
2.524414
2.548828
2.543945
2.553711
2.548828
2.500000
2.548828
2.573242
2.529297
2.534180
2.563477
2.568359
2.539062
2.573242
2.543945
2.548828
2.563477
2.558594
2.548828
2.563477
2.563477
2.548828
2.539062
2.548828
2.558594
2.529297
2.534180
2.553711
2.529297
2.524414
2.534180
2.539062
2.543945
2.543945
2.519531
2.534180
2.514648
2.553711
2.558594
2.519531
2.539062
2.539062
2.543945
2.519531
2.529297
2.509766
2.485352
2.514648
2.548828
2.563477
2.563477
2.583008
2.587891
2.539062
2.602539
2.578125
2.553711
2.592773
2.548828
2.543945
2.553711
2.543945
2.529297
2.573242
2.558594
2.543945
2.539062
2.558594
2.587891
2.543945
2.519531
2.543945
2.539062
2.539062
2.573242
2.539062
2.524414
2.524414
2.543945
2.529297
2.583008
2.519531
2.543945
2.519531
2.539062
2.543945
2.558594
2.543945
2.563477
2.543945
2.553711
2.573242
2.539062
2.568359
2.543945
2.587891
2.558594
2.553711
2.612305
2.587891
2.553711
2.568359
2.539062
2.558594
2.534180
2.548828
2.514648
2.519531
2.519531
2.524414
2.534180
2.524414
2.543945
2.495117
2.543945
2.539062
2.509766
2.573242
2.548828
2.534180
2.539062
2.539062
2.529297
2.543945
2.504883
2.548828
2.529297
2.529297
2.534180
2.509766
2.553711
2.548828
2.534180
2.548828
2.543945
2.543945
2.558594
2.539062
2.553711
2.553711
2.548828
2.563477
2.568359
2.563477
2.534180
2.568359
2.539062
2.568359
2.543945
2.543945
2.524414
2.524414
2.563477
2.543945
2.470703
2.543945
2.529297
2.529297
2.519531
2.539062
2.553711
2.534180
2.558594
2.563477
2.573242
2.558594
2.592773
2.534180
2.568359
2.563477
2.597656
2.587891
2.568359
2.587891
2.573242
2.587891
2.583008
2.583008
2.548828
2.553711
2.573242
2.592773
2.573242
2.587891
2.587891
2.587891
2.597656
2.568359
2.587891
2.612305
2.578125
2.578125
2.583008
2.587891
2.597656
2.578125
2.592773
2.534180
2.543945
2.543945
2.539062
2.543945
2.548828
2.558594
2.543945
2.553711
2.583008
2.568359
2.558594
2.612305
2.553711
2.553711
2.583008
2.539062
2.548828
2.612305
2.558594
2.563477
2.543945
2.558594
2.578125
2.553711
2.534180
2.597656
2.563477
2.583008
2.534180
2.573242
2.543945
2.548828
2.597656
2.548828
2.573242
2.553711
2.553711
2.543945
2.573242
2.539062
2.539062
2.524414
2.553711
2.543945
2.553711
2.543945
2.568359
2.534180
2.553711
2.524414
2.543945
2.529297
2.534180
2.534180
2.534180
2.548828
2.534180
2.578125
2.563477
2.578125
2.563477
2.573242
2.553711
2.543945
2.548828
2.568359
2.568359
2.587891
2.543945
2.553711
2.548828
2.543945
2.553711
2.534180
2.534180
2.548828
2.548828
2.548828
2.529297
2.534180
2.539062
2.543945
2.539062
2.553711
2.553711
2.529297
2.529297
2.529297
2.514648
2.534180
2.519531
2.543945
2.548828
2.495117
2.558594
2.543945
2.539062
2.534180
2.539062
2.529297
2.529297
2.568359
2.592773
2.592773
2.543945
2.607422
2.543945
2.558594
2.573242
2.534180
2.543945
2.558594
2.529297
2.539062
2.514648
2.563477
2.548828
2.539062
2.529297
2.529297
2.529297
2.563477
2.553711
2.514648
2.543945
2.524414
2.539062
2.509766
2.514648
2.543945
2.534180
2.524414
2.553711
2.578125
2.519531
2.534180
2.558594
2.553711
2.519531
2.529297
2.519531
2.524414
2.539062
2.534180
2.529297
2.548828
2.509766
2.539062
2.558594
2.578125
2.563477
2.578125
2.578125
2.548828
2.524414
2.543945
2.548828
2.509766
2.514648
2.543945
2.495117
2.524414
2.519531
2.514648
2.524414
2.539062
2.539062
2.509766
2.524414
2.529297
2.539062
2.500000
2.534180
2.529297
2.514648
2.553711
2.519531
2.539062
2.490234
2.529297
2.534180
2.529297
2.548828
2.485352
2.543945
2.534180
2.539062
2.553711
2.548828
2.548828
2.558594
2.539062
2.543945
2.548828
2.524414
2.539062
2.553711
2.529297
2.524414
2.583008
2.558594
2.539062
2.539062
2.539062
2.524414
2.519531
2.558594
2.485352
2.548828
2.519531
2.583008
2.553711
2.573242
2.539062
2.553711
2.553711
2.568359
2.534180
2.573242
2.573242
2.592773
2.592773
2.592773
2.583008
2.573242
2.573242
2.573242
2.553711
2.587891
2.583008
2.568359
2.592773
2.607422
2.592773
2.573242
2.578125
2.578125
2.548828
2.568359
2.597656
2.592773
2.573242
2.578125
2.563477
2.573242
2.587891
2.558594
2.587891
2.602539
2.539062
2.597656
2.504883
2.500000
2.548828
2.509766
2.529297
2.568359
2.583008
2.534180
2.573242
2.578125
2.573242
2.578125
2.568359
2.563477
2.558594
2.553711
2.578125
2.558594
2.568359
2.529297
2.602539
2.558594
2.548828
2.587891
2.558594
2.553711
2.573242
2.553711
2.573242
2.568359
2.558594
2.592773
2.563477
2.534180
2.543945
2.539062
2.553711
2.553711
2.558594
2.553711
2.563477
2.553711
2.543945
2.543945
2.568359
2.539062
2.548828
2.548828
2.500000
2.490234
2.490234
2.524414
2.524414
2.534180
2.553711
2.548828
2.553711
2.539062
2.534180
2.543945
2.539062
2.553711
2.539062
2.534180
2.543945
2.534180
2.534180
2.543945
2.543945
2.534180
2.563477
2.539062
2.534180
2.539062
2.529297
2.529297
2.534180
2.529297
2.509766
2.524414
2.524414
2.500000
2.534180
2.519531
2.543945
2.553711
2.548828
2.519531
2.529297
2.514648
2.524414
2.534180
2.539062
2.534180
2.543945
2.500000
2.543945
2.539062
2.553711
2.563477
2.539062
2.602539
2.612305
2.597656
2.568359
2.583008
2.607422
2.583008
2.578125
2.573242
2.548828
2.578125
2.500000
2.558594
2.539062
2.563477
2.534180
2.495117
2.539062
2.548828
2.558594
2.548828
2.529297
2.529297
2.524414
2.558594
2.543945
2.534180
2.529297
2.543945
2.534180
2.534180
2.583008
2.524414
2.548828
2.539062
2.553711
2.514648
2.563477
2.543945
2.539062
2.543945
2.539062
2.529297
2.563477
2.553711
2.548828
2.583008
2.553711
2.578125
2.543945
2.553711
2.548828
2.543945
2.529297
2.529297
2.490234
2.529297
2.509766
2.500000
2.504883
2.519531
2.534180
2.539062
2.524414
2.534180
2.543945
2.509766
2.514648
2.539062
2.529297
2.534180
2.514648
2.529297
2.524414
2.558594
2.539062
2.529297
2.509766
2.529297
2.519531
2.519531
2.553711
2.543945
2.543945
2.573242
2.534180
2.534180
2.558594
2.509766
2.558594
2.543945
2.524414
2.539062
2.558594
2.529297
2.548828
2.563477
2.558594
2.509766
2.563477
2.529297
2.529297
2.543945
2.529297
2.543945
2.539062
2.553711
2.578125
2.529297
2.543945
2.563477
2.553711
2.563477
2.548828
2.534180
2.578125
2.573242
2.573242
2.587891
2.558594
2.553711
2.578125
2.587891
2.607422
2.558594
2.578125
2.587891
2.578125
2.597656
2.563477
2.597656
2.573242
2.563477
2.587891
2.631836
2.563477
2.602539
2.592773
2.622070
2.587891
2.578125
2.587891
2.573242
2.578125
2.573242
2.578125
2.553711
2.587891
2.534180
2.578125
2.578125
2.548828
2.578125
2.563477
2.548828
2.573242
2.602539
2.583008
2.553711
2.558594
2.553711
2.583008
2.543945
2.587891
2.573242
2.587891
2.587891
2.587891
2.568359
2.553711
2.573242
2.558594
2.539062
2.534180
2.548828
2.587891
2.548828
2.592773
2.543945
2.558594
2.514648
2.558594
2.573242
2.548828
2.573242
2.543945
2.573242
2.543945
2.578125
2.558594
2.573242
2.563477
2.524414
2.539062
2.587891
2.543945
2.548828
2.529297
2.539062
2.524414
2.529297
2.543945
2.553711
2.563477
2.548828
2.553711
2.563477
2.548828
2.548828
2.587891
2.553711
2.553711
2.548828
2.543945
2.548828
2.558594
2.548828
2.553711
2.548828
2.539062
2.539062
2.563477
2.558594
2.539062
2.519531
2.524414
2.543945
2.534180
2.514648
2.553711
2.539062
2.524414
2.524414
2.524414
2.539062
2.519531
2.543945
2.524414
2.548828
2.534180
2.539062
2.514648
2.543945
2.553711
2.534180
2.563477
2.504883
2.529297
2.553711
2.578125
2.573242
2.568359
2.612305
2.578125
2.553711
2.558594
2.587891
2.558594
2.578125
2.573242
2.534180
2.568359
2.548828
2.534180
2.529297
2.558594
2.543945
2.548828
2.529297
2.539062
2.539062
2.534180
2.534180
2.578125
2.553711
2.514648
2.534180
2.500000
2.553711
2.543945
2.558594
2.539062
2.529297
2.563477
2.543945
2.568359
2.534180
2.539062
2.529297
2.539062
2.529297
2.543945
2.573242
2.548828
2.568359
2.553711
2.563477
2.592773
2.583008
2.587891
2.573242
2.548828
2.543945
2.553711
2.543945
2.519531
2.509766
2.519531
2.500000
2.500000
2.514648
2.548828
2.500000
2.524414
2.534180
2.553711
2.529297
2.519531
2.534180
2.539062
2.500000
2.514648
2.500000
2.509766
2.524414
2.534180
2.539062
2.534180
2.553711
2.539062
2.509766
2.548828
2.534180
2.534180
2.539062
2.524414
2.534180
2.539062
2.553711
2.553711
2.539062
2.548828
2.553711
2.529297
2.543945
2.553711
2.548828
2.548828
2.563477
2.543945
2.519531
2.524414
2.529297
2.539062
2.514648
2.539062
2.519531
2.519531
2.534180
2.558594
2.543945
2.543945
2.592773
2.548828
2.539062
2.563477
2.524414
2.543945
2.558594
2.548828
2.519531
2.573242
2.543945
2.602539
2.583008
2.583008
2.534180
2.587891
2.622070
2.573242
2.573242
2.597656
2.558594
2.602539
2.607422
2.597656
2.573242
2.578125
2.563477
2.543945
2.534180
2.583008
2.548828
2.617188
2.592773
2.597656
2.563477
2.553711
2.534180
2.529297
2.529297
2.553711
2.558594
2.534180
2.563477
2.534180
2.578125
2.587891
2.578125
2.553711
2.573242
2.587891
2.578125
2.558594
2.553711
2.578125
2.558594
2.563477
2.568359
2.583008
2.558594
2.573242
2.558594
2.553711
2.573242
2.558594
2.539062
2.553711
2.563477
2.578125
2.548828
2.587891
2.548828
2.548828
2.578125
2.553711
2.563477
2.514648
2.573242
2.539062
2.587891
2.548828
2.568359
2.529297
2.548828
2.553711
2.509766
2.519531
2.514648
2.519531
2.539062
2.524414
2.558594
2.573242
2.563477
2.548828
2.573242
2.539062
2.539062
2.543945
2.534180
2.539062
2.553711
2.539062
2.539062
2.543945
2.548828
2.539062
2.553711
2.563477
2.553711
2.539062
2.539062
2.539062
2.539062
2.568359
2.504883
2.519531
2.543945
2.519531
2.548828
2.548828
2.509766
2.529297
2.509766
2.539062
2.534180
2.514648
2.534180
2.534180
2.534180
2.539062
2.524414
2.548828
2.514648
2.539062
2.539062
2.519531
2.563477
2.597656
2.578125
2.597656
2.573242
2.573242
2.573242
2.563477
2.553711
2.543945
2.519531
2.539062
2.529297
2.539062
2.524414
2.529297
2.504883
2.500000
2.514648
2.558594
2.539062
2.558594
2.548828
2.543945
2.529297
2.514648
2.587891
2.509766
2.563477
2.553711
2.514648
2.534180
2.558594
2.553711
2.543945
2.548828
2.548828
2.519531
2.553711
2.543945
2.563477
2.553711
2.558594
2.548828
2.519531
2.568359
2.558594
2.534180
2.583008
2.583008
2.583008
2.597656
2.548828
2.558594
2.539062
2.519531
2.495117
2.495117
2.500000
2.529297
2.519531
2.504883
2.534180
2.524414
2.509766
2.543945
2.543945
2.539062
2.509766
2.543945
2.519531
2.529297
2.543945
2.514648
2.553711
2.514648
2.524414
2.548828
2.529297
2.573242
2.529297
2.543945
2.548828
2.543945
2.534180
2.534180
2.558594
2.568359
2.563477
2.539062
2.543945
2.539062
2.539062
2.524414
2.529297
2.529297
2.558594
2.573242
2.534180
2.568359
2.548828
2.548828
2.558594
2.495117
2.524414
2.509766
2.548828
2.514648
2.524414
2.543945
2.553711
2.568359
2.563477
2.558594
2.509766
2.568359
2.534180
2.548828
2.563477
2.563477
2.587891
2.563477
2.558594
2.592773
2.563477
2.563477
2.587891
2.592773
2.597656
2.578125
2.568359
2.553711
2.573242
2.553711
2.539062
2.563477
2.583008
2.568359
2.568359
2.563477
2.602539
2.573242
2.578125
2.558594
2.543945
2.573242
2.578125
2.553711
2.602539
2.539062
2.539062
2.524414
2.539062
2.529297
2.534180
2.563477
2.558594
2.524414
2.548828
2.578125
2.558594
2.563477
2.524414
2.573242
2.573242
2.573242
2.597656
2.573242
2.578125
2.573242
2.558594
2.573242
2.563477
2.563477
2.578125
2.543945
2.573242
2.539062
2.578125
2.519531
2.592773
2.543945
2.553711
2.573242
2.534180
2.534180
2.553711
2.563477
2.529297
2.583008
2.563477
2.553711
2.539062
2.553711
2.553711
2.563477
2.524414
2.543945
2.543945
2.500000
2.500000
2.514648
2.543945
2.539062
2.543945
2.553711
2.539062
2.592773
2.563477
2.548828
2.529297
2.539062
2.543945
2.548828
2.534180
2.539062
2.558594
2.529297
2.553711
2.534180
2.534180
2.519531
2.534180
2.539062
2.548828
2.529297
2.539062
2.524414
2.548828
2.543945
2.534180
2.539062
2.563477
2.573242
2.548828
2.553711
2.504883
2.543945
2.514648
2.524414
2.558594
2.548828
2.509766
2.539062
2.534180
2.529297
2.519531
2.534180
2.534180
2.534180
2.563477
2.592773
2.587891
2.592773
2.543945
2.553711
2.553711
2.563477
2.568359
2.543945
2.578125
2.534180
2.519531
2.543945
2.543945
2.543945
2.524414
2.534180
2.543945
2.548828
2.519531
2.553711
2.553711
2.519531
2.524414
2.583008
2.524414
2.548828
2.524414
2.534180
2.529297
2.558594
2.548828
2.529297
2.524414
2.543945
2.519531
2.548828
2.543945
2.563477
2.553711
2.558594
2.558594
2.539062
2.543945
2.563477
2.573242
2.553711
2.543945
2.578125
2.578125
2.587891
2.583008
2.539062
2.534180
2.558594
2.485352
2.509766
2.514648
2.514648
2.519531
2.539062
2.524414
2.519531
2.529297
2.529297
2.548828
2.529297
2.529297
2.548828
2.509766
2.539062
2.519531
2.529297
2.519531
2.529297
2.524414
2.553711
2.529297
2.529297
2.539062
2.543945
2.529297
2.534180
2.539062
2.548828
2.519531
2.573242
2.543945
2.539062
2.534180
2.539062
2.524414
2.543945
2.539062
2.568359
2.558594
2.553711
2.548828
2.558594
2.553711
2.539062
2.548828
2.548828
2.539062
2.543945
2.539062
2.514648
2.534180
2.548828
2.543945
2.548828
2.553711
2.558594
2.519531
2.558594
2.563477
2.548828
2.553711
2.573242
2.592773
2.568359
2.578125
2.587891
2.578125
2.597656
2.587891
2.607422
2.578125
2.607422
2.607422
2.617188
2.583008
2.587891
2.583008
2.626953
2.602539
2.592773
2.563477
2.587891
2.587891
2.587891
2.568359
2.578125
2.583008
2.529297
2.558594
2.553711
2.573242
2.529297
2.548828
2.539062
2.539062
2.543945
2.558594
2.524414
2.553711
2.578125
2.578125
2.592773
2.592773
2.558594
2.548828
2.568359
2.548828
2.548828
2.578125
2.578125
2.548828
2.573242
2.592773
2.583008
2.563477
2.548828
2.548828
2.573242
2.583008
2.558594
2.587891
2.529297
2.553711
2.558594
2.568359
2.553711
2.578125
2.539062
2.553711
2.548828
2.553711
2.558594
2.587891
2.534180
2.553711
2.543945
2.563477
2.539062
2.592773
2.524414
2.534180
2.519531
2.509766
2.514648
2.519531
2.534180
2.553711
2.573242
2.534180
2.558594
2.553711
2.563477
2.573242
2.539062
2.543945
2.539062
2.539062
2.558594
2.568359
2.534180
2.563477
2.534180
2.524414
2.548828
2.548828
2.543945
2.553711
2.539062
2.558594
2.529297
2.519531
2.524414
2.548828
2.543945
2.548828
2.548828
2.524414
2.529297
2.539062
2.519531
2.519531
2.534180
2.543945
2.529297
2.514648
2.573242
2.563477
2.500000
2.504883
2.548828
2.504883
2.529297
2.539062
2.578125
2.607422
2.587891
2.558594
2.543945
2.578125
2.563477
2.568359
2.539062
2.573242
2.519531
2.563477
2.558594
2.543945
2.558594
2.524414
2.509766
2.529297
2.519531
2.558594
2.543945
2.514648
2.558594
2.553711
2.534180
2.563477
2.519531
2.543945
2.563477
2.548828
2.543945
2.558594
2.558594
2.519531
2.548828
2.539062
2.534180
2.534180
2.548828
2.534180
2.553711
2.543945
2.548828
2.563477
2.548828
2.558594
2.563477
2.558594
2.553711
2.563477
2.607422
2.573242
2.548828
2.568359
2.524414
2.573242
2.524414
2.519531
2.543945
2.524414
2.485352
2.509766
2.543945
2.519531
2.519531
2.558594
2.539062
2.534180
2.529297
2.529297
2.558594
2.543945
2.543945
2.519531
2.548828
2.529297
2.543945
2.548828
2.529297
2.524414
2.514648
2.529297
2.524414
2.548828
2.543945
2.543945
2.539062
2.548828
2.558594
2.553711
2.568359
2.543945
2.539062
2.553711
2.548828
2.553711
2.519531
2.524414
2.558594
2.558594
2.524414
2.539062
2.519531
2.500000
2.529297
2.534180
2.529297
2.553711
2.519531
2.543945
2.543945
2.568359
2.529297
2.573242
2.543945
2.558594
2.578125
2.592773
2.578125
2.578125
2.573242
2.568359
2.573242
2.597656
2.587891
2.607422
2.563477
2.573242
2.583008
2.563477
2.607422
2.612305
2.602539
2.602539
