1.811523
1.499023
1.220703
1.010742
0.922852
0.893555
1.020508
1.215820
1.616211
2.055664
2.578125
3.198242
3.750000
4.345703
4.780273
5.131836
5.283203
5.263672
5.029297
4.682617
4.169922
3.510742
2.783203
2.060547
1.367188
0.766602
0.288086
-0.024414
-0.161133
-0.097656
0.156250
0.532227
0.996094
1.577148
2.158203
2.724609
3.266602
3.725586
3.994141
4.174805
4.238281
4.184570
4.013672
3.784180
3.500977
3.144531
2.905273
2.661133
2.539062
2.553711
2.534180
2.543945
2.548828
2.573242
2.534180
2.573242
2.548828
2.543945
2.548828
2.500000
2.539062
2.563477
2.519531
2.563477
2.573242
2.539062
2.568359
2.529297
2.573242
2.558594
2.543945
2.539062
2.553711
2.558594
2.568359
2.553711
2.543945
2.558594
2.543945
2.553711
2.553711
2.558594
2.539062
2.524414
2.539062
2.529297
2.534180
2.553711
2.524414
2.534180
2.578125
2.543945
2.534180
2.509766
2.519531
2.553711
2.558594
2.534180
2.568359
2.548828
2.558594
2.558594
2.529297
2.548828
2.514648
2.539062
2.539062
2.534180
2.539062
2.548828
2.573242
2.548828
2.568359
2.573242
2.548828
2.612305
2.558594
2.553711
2.563477
2.534180
2.573242
2.529297
2.539062
2.563477
2.519531
2.548828
2.534180
2.558594
2.514648
2.573242
2.548828
2.529297
2.558594
2.543945
2.524414
2.558594
2.548828
2.529297
2.524414
2.543945
2.548828
2.553711
2.534180
2.500000
2.563477
2.524414
2.563477
2.519531
2.543945
2.529297
2.558594
2.543945
2.539062
2.578125
2.539062
2.573242
2.534180
2.563477
2.543945
2.548828
2.553711
2.548828
2.563477
2.529297
2.553711
2.529297
2.514648
2.529297
2.558594
2.534180
2.553711
2.539062
2.500000
2.490234
2.514648
2.539062
2.504883
2.553711
2.514648
2.524414
2.514648
2.573242
2.558594
2.519531
2.529297
2.534180
2.553711
2.524414
2.548828
2.529297
2.524414
2.543945
2.553711
2.519531
2.558594
2.539062
2.543945
2.553711
2.548828
2.558594
2.548828
2.529297
2.539062
2.573242
2.534180
2.558594
2.539062
2.543945
2.553711
2.548828
2.529297
2.524414
2.543945
2.534180
2.548828
2.534180
2.539062
2.578125
2.509766
2.534180
2.558594
2.539062
2.548828
2.548828
2.568359
2.529297
2.592773
2.539062
2.568359
2.573242
2.597656
2.573242
2.583008
2.558594
2.558594
2.587891
2.563477
2.563477
2.543945
2.553711
2.563477
2.592773
2.587891
2.612305
2.573242
2.583008
2.592773
2.558594
2.563477
2.578125
2.578125
2.568359
2.548828
2.548828
2.534180
2.587891
2.539062
2.548828
2.548828
2.539062
2.543945
2.553711
2.524414
2.553711
2.553711
2.578125
2.524414
2.583008
2.558594
2.578125
2.568359
2.578125
2.553711
2.519531
2.578125
2.583008
2.558594
2.543945
2.607422
2.539062
2.573242
2.578125
2.548828
2.583008
2.548828
2.543945
2.607422
2.539062
2.539062
2.573242
2.553711
2.573242
2.539062
2.568359
2.558594
2.534180
2.583008
2.553711
2.543945
2.543945
2.534180
2.568359
2.568359
2.539062
2.553711
2.548828
2.519531
2.543945
2.495117
2.534180
2.519531
2.539062
2.534180
2.534180
2.558594
2.543945
2.524414
2.548828
2.514648
2.509766
2.548828
2.548828
2.548828
2.548828
2.529297
2.583008
2.543945
2.563477
2.548828
2.558594
2.514648
2.524414
2.524414
2.524414
2.534180
2.539062
2.553711
2.534180
2.534180
2.524414
2.509766
2.539062
2.524414
2.529297
2.524414
2.529297
2.539062
2.539062
2.529297
2.500000
2.539062
2.543945
2.529297
2.534180
2.553711
2.524414
2.519531
2.534180
2.548828
2.548828
2.543945
2.578125
2.543945
2.587891
2.573242
2.563477
2.573242
2.524414
2.563477
2.553711
2.548828
2.568359
2.553711
2.548828
2.543945
2.558594
2.543945
2.519531
2.583008
2.548828
2.524414
2.534180
2.558594
2.548828
2.543945
2.578125
2.534180
2.553711
2.568359
2.529297
2.558594
2.573242
2.519531
2.543945
2.573242
2.563477
2.558594
2.539062
2.558594
2.529297
2.592773
2.563477
2.529297
2.548828
2.558594
2.543945
2.539062
2.578125
2.578125
2.578125
2.548828
2.548828
2.583008
2.539062
2.563477
2.543945
2.495117
2.534180
2.534180
2.514648
2.534180
2.529297
2.514648
2.509766
2.519531
2.534180
2.534180
2.519531
2.534180
2.524414
2.543945
2.500000
2.534180
2.524414
2.504883
2.534180
2.543945
2.514648
2.568359
2.524414
2.563477
2.519531
2.543945
2.529297
2.543945
2.543945
2.539062
2.534180
2.519531
2.563477
2.529297
2.539062
2.558594
2.534180
2.524414
2.539062
2.539062
2.553711
2.519531
2.514648
2.563477
2.548828
2.553711
2.509766
2.480469
2.548828
2.519531
2.534180
2.539062
2.543945
2.548828
2.558594
2.553711
2.534180
2.548828
2.534180
2.568359
2.553711
2.563477
2.563477
2.573242
2.583008
2.539062
2.592773
2.583008
2.563477
2.563477
2.578125
2.597656
2.573242
2.617188
2.578125
2.558594
2.607422
2.548828
2.543945
2.578125
2.563477
2.602539
2.578125
2.578125
2.573242
2.578125
2.563477
2.602539
2.578125
2.587891
2.573242
2.543945
2.568359
2.543945
2.524414
2.563477
2.573242
2.583008
2.563477
2.568359
2.573242
2.587891
2.558594
2.573242
2.587891
2.563477
2.553711
2.587891
2.597656
2.563477
2.597656
2.558594
2.558594
2.563477
2.558594
2.563477
2.578125
2.548828
2.578125
2.602539
2.548828
2.543945
2.548828
2.607422
2.529297
2.558594
2.539062
2.548828
2.539062
2.524414
2.539062
2.553711
2.509766
2.548828
2.548828
2.543945
2.543945
2.548828
2.553711
2.524414
2.524414
2.519531
2.529297
2.519531
2.534180
2.514648
2.524414
2.539062
2.563477
2.543945
2.543945
2.539062
2.553711
2.539062
2.539062
2.553711
2.548828
2.539062
2.529297
2.563477
2.519531
2.543945
2.534180
2.563477
2.539062
2.543945
2.514648
2.543945
2.524414
2.558594
2.548828
2.534180
2.529297
2.539062
2.524414
2.543945
2.529297
2.558594
2.534180
2.534180
2.543945
2.543945
2.500000
2.543945
2.529297
2.534180
2.519531
2.519531
2.534180
2.539062
2.509766
2.543945
2.539062
2.543945
2.578125
2.573242
2.573242
2.539062
2.573242
2.563477
2.553711
2.539062
2.548828
2.553711
2.553711
2.534180
2.578125
2.534180
2.539062
2.539062
2.568359
2.519531
2.519531
2.539062
2.539062
2.553711
2.563477
2.490234
2.529297
2.529297
2.558594
2.524414
2.553711
2.548828
2.543945
2.548828
2.548828
2.539062
2.524414
2.524414
2.568359
2.529297
2.563477
2.509766
2.553711
2.543945
2.558594
2.543945
2.543945
2.558594
2.548828
2.583008
2.563477
2.578125
2.548828
2.553711
2.558594
2.548828
2.539062
2.524414
2.519531
2.543945
2.543945
2.509766
2.543945
2.524414
2.524414
2.509766
2.519531
2.509766
2.500000
2.534180
2.543945
2.553711
2.534180
2.529297
2.578125
2.519531
2.509766
2.563477
2.514648
2.534180
2.539062
2.543945
2.529297
2.534180
2.539062
2.539062
2.543945
2.548828
2.539062
2.553711
2.534180
2.543945
2.529297
2.539062
2.539062
2.548828
2.539062
2.529297
2.543945
2.529297
2.597656
2.534180
2.534180
2.558594
2.539062
2.553711
2.539062
2.514648
2.553711
2.539062
2.558594
2.509766
2.563477
2.524414
2.548828
2.558594
2.548828
2.558594
2.543945
2.543945
2.587891
2.539062
2.539062
2.548828
2.553711
2.568359
2.514648
2.592773
2.597656
2.592773
2.573242
2.583008
2.568359
2.558594
2.563477
2.548828
2.583008
2.602539
2.587891
2.573242
2.558594
2.568359
2.563477
2.592773
2.578125
2.548828
2.543945
2.568359
2.558594
2.568359
2.534180
2.553711
2.548828
2.529297
2.563477
2.548828
2.529297
2.568359
2.563477
2.573242
2.573242
2.563477
2.568359
2.548828
2.587891
2.514648
2.553711
2.543945
2.563477
2.578125
2.558594
2.563477
2.553711
2.534180
2.548828
2.592773
2.578125
2.587891
2.548828
2.563477
2.558594
2.558594
2.587891
2.563477
2.563477
2.548828
2.563477
2.558594
2.602539
2.539062
2.573242
2.524414
2.539062
2.543945
2.548828
2.558594
2.543945
2.573242
2.539062
2.524414
2.519531
2.529297
2.514648
2.514648
2.524414
2.539062
2.563477
2.568359
2.558594
2.529297
2.519531
2.543945
2.558594
2.548828
2.563477
2.558594
2.563477
2.573242
2.587891
2.543945
2.553711
2.548828
2.539062
2.529297
2.543945
2.543945
2.543945
2.553711
2.524414
2.553711
2.509766
2.534180
2.524414
2.543945
2.543945
2.543945
2.553711
2.514648
2.558594
2.534180
2.500000
2.548828
2.495117
2.548828
2.539062
2.524414
2.592773
2.519531
2.519531
2.543945
2.553711
2.553711
2.583008
2.573242
2.558594
2.543945
2.617188
2.558594
2.563477
2.524414
2.563477
2.553711
2.563477
2.534180
2.519531
2.553711
2.543945
2.519531
2.568359
2.548828
2.539062
2.539062
2.519531
2.553711
2.539062
2.563477
2.534180
2.529297
2.563477
2.529297
2.519531
2.539062
2.529297
2.578125
2.504883
2.548828
2.558594
2.529297
2.548828
2.558594
2.534180
2.543945
2.519531
2.563477
2.539062
2.548828
2.558594
2.514648
2.573242
2.543945
2.548828
2.563477
2.529297
2.558594
2.553711
2.519531
2.539062
2.519531
2.514648
2.480469
2.553711
2.524414
2.514648
2.519531
2.534180
2.539062
2.514648
2.543945
2.534180
2.524414
2.539062
2.519531
2.524414
2.524414
2.553711
2.509766
2.534180
2.543945
2.519531
2.509766
2.539062
2.539062
2.519531
2.539062
2.539062
2.529297
2.553711
2.548828
2.534180
2.563477
2.539062
2.529297
2.553711
2.558594
2.543945
2.529297
2.558594
2.534180
2.548828
2.548828
2.529297
2.553711
2.553711
2.553711
2.509766
2.514648
2.524414
2.529297
2.519531
2.553711
2.529297
2.548828
2.573242
2.529297
2.558594
2.543945
2.558594
2.534180
2.543945
2.553711
2.568359
2.553711
2.587891
2.587891
2.548828
2.597656
2.563477
2.563477
2.583008
2.548828
2.583008
2.534180
2.539062
2.558594
2.568359
2.583008
2.573242
2.558594
2.578125
2.568359
2.578125
2.573242
2.573242
2.583008
2.578125
2.548828
2.509766
2.592773
2.553711
2.553711
2.558594
2.529297
2.543945
2.553711
2.568359
2.529297
2.568359
2.563477
2.587891
2.563477
2.519531
2.573242
2.578125
2.573242
2.543945
2.587891
2.573242
2.592773
2.578125
2.578125
2.529297
2.568359
2.529297
2.558594
2.548828
2.563477
2.539062
2.587891
2.543945
2.553711
2.534180
2.534180
2.563477
2.597656
2.563477
2.543945
2.519531
2.548828
2.514648
2.587891
2.563477
2.529297
2.539062
2.553711
2.534180
2.529297
2.543945
2.534180
2.539062
2.490234
2.534180
2.495117
2.509766
2.534180
2.539062
2.534180
2.539062
2.592773
2.543945
2.543945
2.539062
2.543945
2.573242
2.539062
2.543945
2.534180
2.539062
2.539062
2.563477
2.534180
2.524414
2.563477
2.519531
2.543945
2.539062
2.524414
2.529297
2.563477
2.519531
2.534180
2.543945
2.534180
2.509766
2.524414
2.504883
2.553711
2.539062
2.534180
2.534180
2.534180
2.524414
2.553711
2.563477
2.519531
2.529297
2.529297
2.543945
2.543945
2.587891
2.509766
2.529297
2.553711
2.548828
2.597656
2.592773
2.553711
2.539062
2.563477
2.553711
2.563477
2.534180
2.543945
2.529297
2.539062
2.543945
2.514648
2.529297
2.519531
2.539062
2.543945
2.543945
2.519531
2.548828
2.548828
2.519531
2.519531
2.524414
2.558594
2.509766
2.543945
2.539062
2.534180
2.553711
2.524414
2.519531
2.524414
2.553711
2.543945
2.529297
2.534180
2.543945
2.519531
2.558594
2.553711
2.563477
2.539062
2.534180
2.553711
2.558594
2.573242
2.553711
2.558594
2.578125
2.534180
2.534180
2.558594
2.534180
2.514648
2.534180
2.495117
2.534180
2.509766
2.539062
2.539062
2.519531
2.519531
2.509766
2.534180
2.543945
2.519531
2.558594
2.529297
2.539062
2.534180
2.500000
2.509766
2.490234
2.504883
2.543945
2.519531
2.524414
2.509766
2.524414
2.514648
2.524414
2.553711
2.534180
2.553711
2.514648
2.539062
2.548828
2.539062
2.529297
2.543945
2.524414
2.543945
2.529297
2.519531
2.539062
2.529297
2.543945
2.563477
2.543945
2.529297
2.500000
2.578125
2.543945
2.548828
2.543945
2.524414
2.539062
2.519531
2.509766
2.563477
2.534180
2.592773
2.543945
2.558594
2.558594
2.548828
2.543945
2.558594
2.583008
2.573242
2.553711
2.563477
2.573242
2.568359
2.573242
2.587891
2.529297
2.539062
2.558594
2.573242
2.573242
2.543945
2.583008
2.558594
2.534180
2.558594
2.563477
2.578125
2.543945
2.558594
2.563477
2.553711
2.597656
2.563477
2.529297
2.548828
2.553711
2.534180
2.543945
2.553711
2.548828
2.563477
2.529297
2.568359
2.553711
2.578125
2.568359
2.529297
2.548828
2.563477
2.578125
2.504883
2.529297
2.534180
2.543945
2.573242
2.578125
2.534180
2.563477
2.592773
2.553711
2.563477
2.587891
2.543945
2.539062
2.568359
2.529297
2.548828
2.558594
2.553711
2.548828
2.539062
2.563477
2.563477
2.534180
2.514648
2.553711
2.500000
2.592773
2.529297
2.534180
2.539062
2.543945
2.548828
2.529297
2.485352
2.534180
2.509766
2.504883
2.539062
2.543945
2.534180
2.500000
2.514648
2.578125
2.519531
2.543945
2.558594
2.548828
2.539062
2.543945
2.543945
2.519531
2.563477
2.529297
2.548828
2.553711
2.534180
2.548828
2.539062
2.514648
2.534180
2.514648
2.500000
2.539062
2.529297
2.553711
2.539062
2.539062
2.524414
2.534180
2.534180
2.568359
2.529297
2.553711
2.529297
2.490234
2.500000
2.543945
2.519531
2.543945
2.495117
2.509766
2.524414
2.539062
2.529297
2.573242
2.553711
2.592773
2.602539
2.558594
2.543945
2.539062
2.553711
2.563477
2.548828
2.519531
2.543945
2.543945
2.539062
2.529297
2.543945
2.539062
2.529297
2.573242
2.529297
2.553711
2.539062
2.509766
2.558594
2.539062
2.543945
2.563477
2.558594
2.529297
2.548828
2.534180
2.519531
2.543945
2.543945
2.539062
2.553711
2.543945
2.524414
2.553711
2.534180
2.524414
2.524414
2.553711
2.529297
2.519531
2.543945
2.548828
2.553711
2.553711
2.587891
2.578125
2.553711
2.587891
2.534180
2.558594
2.509766
2.524414
2.534180
2.509766
2.519531
2.553711
2.519531
2.539062
2.548828
2.480469
2.534180
2.519531
2.534180
2.543945
2.519531
2.519531
2.524414
2.495117
2.519531
2.539062
2.514648
2.534180
2.504883
2.529297
2.514648
2.543945
2.509766
2.519531
2.519531
2.539062
2.539062
2.529297
2.548828
2.529297
2.534180
2.534180
2.539062
2.529297
2.519531
2.543945
2.539062
2.548828
2.529297
2.548828
2.548828
2.534180
2.529297
2.539062
2.519531
2.524414
2.534180
2.529297
2.534180
2.534180
2.534180
2.543945
2.509766
2.519531
2.563477
2.573242
2.514648
2.578125
2.514648
2.543945
2.534180
2.539062
2.543945
2.568359
2.563477
2.563477
2.573242
2.568359
2.568359
2.597656
2.563477
2.607422
2.578125
2.573242
2.592773
2.558594
2.583008
2.563477
2.563477
2.543945
2.558594
2.519531
2.578125
2.524414
2.558594
2.553711
2.543945
2.607422
2.558594
2.534180
2.563477
2.509766
2.514648
2.534180
2.529297
2.539062
2.563477
2.548828
2.578125
2.578125
2.534180
2.543945
2.563477
2.548828
2.578125
2.578125
2.558594
2.548828
2.602539
2.543945
2.553711
2.539062
2.534180
2.578125
2.597656
2.543945
2.558594
2.543945
2.563477
2.543945
2.592773
2.534180
2.573242
2.529297
2.568359
2.543945
2.524414
2.543945
2.568359
2.534180
2.529297
2.563477
2.583008
2.539062
2.563477
2.548828
2.553711
2.558594
2.558594
2.514648
2.514648
2.509766
2.534180
2.509766
2.529297
2.543945
2.524414
2.548828
2.553711
2.548828
2.548828
2.539062
2.543945
2.543945
2.539062
2.558594
2.514648
2.519531
2.543945
2.524414
2.539062
2.534180
2.543945
2.534180
2.534180
2.539062
2.578125
2.514648
2.563477
2.519531
2.539062
2.539062
2.529297
2.509766
2.519531
2.509766
2.524414
2.539062
2.529297
2.519531
2.524414
2.534180
2.519531
2.558594
2.524414
2.509766
2.543945
2.519531
2.548828
2.509766
2.539062
2.548828
2.534180
2.587891
2.558594
2.514648
2.534180
2.553711
2.548828
2.558594
2.524414
2.529297
2.539062
2.524414
2.524414
2.519531
2.519531
2.548828
2.534180
2.529297
2.504883
2.558594
2.529297
2.539062
2.519531
2.539062
2.514648
2.548828
2.539062
2.519531
2.539062
2.529297
2.514648
2.543945
2.553711
2.568359
2.519531
2.573242
2.543945
2.553711
2.514648
2.534180
2.529297
2.524414
2.539062
2.543945
2.524414
2.524414
2.524414
2.553711
2.553711
2.534180
2.578125
2.539062
2.543945
2.558594
2.534180
2.529297
2.529297
2.500000
2.534180
2.524414
2.548828
2.534180
2.504883
2.539062
2.509766
2.519531
2.514648
2.524414
2.529297
2.500000
2.548828
2.509766
2.524414
2.514648
2.514648
2.534180
2.524414
2.539062
2.514648
2.524414
2.548828
2.534180
2.524414
2.534180
2.543945
2.548828
2.519531
2.568359
2.539062
2.539062
2.543945
2.534180
2.539062
2.529297
2.548828
2.553711
2.534180
2.548828
2.534180
2.543945
2.534180
2.529297
2.548828
2.534180
2.534180
2.553711
2.548828
2.495117
2.524414
2.543945
2.563477
2.524414
2.553711
2.553711
2.563477
2.548828
2.573242
2.568359
2.573242
2.568359
2.553711
2.578125
2.573242
2.568359
2.563477
2.558594
2.587891
2.583008
2.568359
2.583008
2.548828
2.548828
2.558594
2.543945
2.534180
2.563477
2.602539
2.563477
2.602539
2.548828
2.543945
2.558594
2.597656
2.524414
2.548828
2.539062
2.548828
2.548828
2.553711
2.529297
2.548828
2.490234
2.534180
2.578125
2.529297
2.553711
2.573242
2.573242
2.543945
2.568359
2.578125
2.543945
2.534180
2.519531
2.534180
2.534180
2.543945
2.534180
2.558594
2.573242
2.548828
2.563477
2.563477
2.553711
2.548828
2.558594
2.563477
2.553711
2.548828
2.543945
2.578125
2.558594
2.534180
2.553711
2.558594
2.539062
2.539062
2.543945
2.553711
2.558594
2.529297
2.583008
2.553711
2.524414
2.543945
2.563477
2.534180
2.524414
2.519531
2.495117
2.524414
2.524414
2.539062
2.539062
2.553711
2.548828
2.548828
2.573242
2.553711
2.563477
2.543945
2.553711
2.524414
2.583008
2.534180
2.553711
2.539062
2.539062
2.539062
2.553711
2.543945
2.543945
2.543945
2.543945
2.543945
2.534180
2.558594
2.548828
2.509766
2.539062
2.529297
2.524414
2.524414
2.553711
2.558594
2.553711
2.529297
2.529297
2.529297
2.524414
2.534180
2.519531
2.524414
2.534180
2.519531
2.514648
2.539062
2.539062
2.534180
2.548828
2.563477
2.548828
2.539062
2.587891
2.573242
2.563477
2.558594
2.558594
2.548828
2.539062
2.539062
2.543945
2.519531
2.524414
2.568359
2.519531
2.543945
2.548828
2.529297
2.519531
2.539062
2.500000
2.534180
2.539062
2.519531
2.519531
2.529297
2.534180
2.534180
2.534180
2.553711
2.529297
2.519531
2.529297
2.524414
2.519531
2.534180
2.529297
2.524414
2.534180
2.529297
2.534180
2.553711
2.543945
2.548828
2.573242
2.539062
2.553711
2.587891
2.553711
2.568359
2.568359
2.543945
2.553711
2.495117
2.578125
2.524414
2.529297
2.519531
2.534180
2.495117
2.558594
2.519531
2.500000
2.534180
2.524414
2.543945
2.519531
2.490234
2.534180
2.514648
2.504883
2.529297
2.509766
2.495117
2.519531
2.524414
2.509766
2.543945
2.519531
2.548828
2.558594
2.500000
2.539062
2.543945
2.504883
2.548828
2.539062
2.558594
2.529297
2.568359
2.539062
2.558594
2.539062
2.563477
2.529297
2.543945
2.548828
2.529297
2.563477
2.514648
2.524414
2.514648
2.558594
2.495117
2.543945
2.514648
2.519531
2.543945
2.543945
2.514648
2.514648
2.548828
2.543945
2.524414
2.563477
2.543945
2.539062
2.558594
2.553711
2.563477
2.553711
2.529297
2.548828
2.553711
2.539062
2.573242
2.558594
2.563477
2.592773
2.563477
2.558594
2.578125
2.587891
2.578125
2.563477
2.563477
2.573242
2.568359
2.578125
2.592773
2.563477
2.548828
2.553711
2.548828
2.543945
2.578125
2.539062
2.553711
2.509766
2.524414
2.509766
2.558594
2.519531
2.548828
2.573242
2.553711
2.583008
2.534180
2.539062
2.573242
2.543945
2.568359
2.563477
2.534180
2.553711
2.568359
2.587891
2.573242
2.548828
2.543945
2.583008
2.558594
2.553711
2.529297
2.563477
2.553711
2.573242
2.578125
2.543945
2.558594
2.548828
2.539062
2.539062
2.539062
2.529297
2.578125
2.563477
