1.782227
1.499023
1.230469
0.991211
0.844727
0.864258
0.957031
1.191406
1.518555
1.967773
2.534180
3.159180
3.715820
4.243164
4.726562
5.048828
5.229492
5.244141
5.043945
4.672852
4.174805
3.549805
2.836914
2.104492
1.411133
0.795898
0.327148
-0.009766
-0.161133
-0.126953
0.092773
0.468750
0.942383
1.518555
2.070312
2.675781
3.222656
3.627930
3.994141
4.165039
4.223633
4.189453
4.047852
3.779297
3.510742
3.188477
2.875977
2.719727
2.514648
2.529297
2.543945
2.583008
2.568359
2.578125
2.573242
2.558594
2.592773
2.597656
2.578125
2.578125
2.597656
2.592773
2.578125
2.602539
2.583008
2.602539
2.607422
2.563477
2.617188
2.592773
2.573242
2.568359
2.612305
2.612305
2.578125
2.592773
2.583008
2.578125
2.548828
2.553711
2.558594
2.587891
2.573242
2.578125
2.597656
2.578125
2.563477
2.568359
2.539062
2.534180
2.534180
2.553711
2.573242
2.548828
2.568359
2.587891
2.543945
2.568359
2.597656
2.573242
2.578125
2.558594
2.539062
2.553711
2.587891
2.563477
2.539062
2.597656
2.524414
2.558594
2.548828
2.573242
2.563477
2.573242
2.539062
2.578125
2.534180
2.558594
2.539062
2.539062
2.543945
2.548828
2.539062
2.578125
2.553711
2.563477
2.553711
2.558594
2.553711
2.548828
2.573242
2.568359
2.539062
2.548828
2.553711
2.539062
2.514648
2.495117
2.529297
2.514648
2.519531
2.553711
2.548828
2.539062
2.558594
2.548828
2.563477
2.558594
2.548828
2.592773
2.558594
2.558594
2.534180
2.548828
2.553711
2.543945
2.539062
2.529297
2.509766
2.558594
2.529297
2.534180
2.539062
2.573242
2.529297
2.504883
2.553711
2.548828
2.529297
2.504883
2.534180
2.514648
2.543945
2.548828
2.553711
2.558594
2.514648
2.529297
2.519531
2.543945
2.573242
2.539062
2.543945
2.500000
2.558594
2.534180
2.534180
2.514648
2.558594
2.558594
2.568359
2.597656
2.607422
2.553711
2.563477
2.558594
2.543945
2.573242
2.539062
2.524414
2.524414
2.578125
2.524414
2.534180
2.534180
2.514648
2.553711
2.519531
2.529297
2.543945
2.548828
2.529297
2.553711
2.529297
2.524414
2.519531
2.529297
2.539062
2.529297
2.558594
2.529297
2.529297
2.534180
2.514648
2.524414
2.568359
2.543945
2.543945
2.543945
2.548828
2.543945
2.519531
2.568359
2.539062
2.524414
2.568359
2.563477
2.583008
2.597656
2.568359
2.539062
2.543945
2.573242
2.529297
2.583008
2.509766
2.529297
2.485352
2.539062
2.514648
2.500000
2.509766
2.534180
2.514648
2.500000
2.514648
2.504883
2.524414
2.519531
2.514648
2.539062
2.514648
2.524414
2.524414
2.519531
2.519531
2.543945
2.519531
2.548828
2.519531
2.563477
2.548828
2.514648
2.583008
2.558594
2.524414
2.587891
2.548828
2.558594
2.553711
2.529297
2.529297
2.578125
2.543945
2.553711
2.553711
2.558594
2.587891
2.543945
2.558594
2.558594
2.509766
2.539062
2.539062
2.543945
2.534180
2.534180
2.553711
2.553711
2.509766
2.553711
2.563477
2.592773
2.563477
2.558594
2.543945
2.573242
2.597656
2.568359
2.578125
2.578125
2.587891
2.592773
2.612305
2.587891
2.597656
2.607422
2.612305
2.548828
2.568359
2.578125
2.597656
2.612305
2.583008
2.592773
2.563477
2.548828
2.563477
2.553711
2.597656
2.597656
2.568359
2.568359
2.602539
2.568359
2.597656
2.539062
2.563477
2.529297
2.529297
2.529297
2.539062
2.548828
2.568359
2.563477
2.602539
2.587891
2.543945
2.558594
2.583008
2.583008
2.578125
2.583008
2.553711
2.553711
2.568359
2.578125
2.583008
2.543945
2.563477
2.587891
2.592773
2.534180
2.553711
2.534180
2.578125
2.563477
2.534180
2.563477
2.534180
2.548828
2.573242
2.543945
2.534180
2.553711
2.543945
2.587891
2.539062
2.529297
2.543945
2.548828
2.543945
2.578125
2.514648
2.558594
2.548828
2.539062
2.529297
2.534180
2.534180
2.543945
2.543945
2.543945
2.553711
2.558594
2.539062
2.587891
2.558594
2.563477
2.558594
2.539062
2.539062
2.529297
2.558594
2.543945
2.558594
2.548828
2.539062
2.519531
2.534180
2.543945
2.543945
2.539062
2.529297
2.558594
2.553711
2.553711
2.573242
2.548828
2.543945
2.539062
2.534180
2.553711
2.529297
2.524414
2.529297
2.534180
2.563477
2.553711
2.509766
2.524414
2.529297
2.519531
2.558594
2.539062
2.504883
2.509766
2.543945
2.563477
2.587891
2.607422
2.563477
2.587891
2.592773
2.543945
2.563477
2.558594
2.539062
2.509766
2.553711
2.524414
2.524414
2.553711
2.543945
2.519531
2.534180
2.514648
2.524414
2.529297
2.563477
2.573242
2.519531
2.539062
2.514648
2.543945
2.543945
2.514648
2.529297
2.558594
2.563477
2.509766
2.529297
2.558594
2.543945
2.539062
2.543945
2.568359
2.534180
2.558594
2.548828
2.529297
2.553711
2.563477
2.558594
2.558594
2.558594
2.578125
2.568359
2.587891
2.548828
2.563477
2.558594
2.548828
2.539062
2.553711
2.529297
2.514648
2.509766
2.495117
2.509766
2.509766
2.534180
2.539062
2.534180
2.500000
2.514648
2.519531
2.534180
2.509766
2.514648
2.514648
2.524414
2.539062
2.514648
2.529297
2.534180
2.509766
2.529297
2.543945
2.519531
2.524414
2.543945
2.514648
2.548828
2.553711
2.539062
2.543945
2.558594
2.563477
2.553711
2.539062
2.534180
2.534180
2.578125
2.553711
2.534180
2.534180
2.548828
2.539062
2.553711
2.558594
2.519531
2.519531
2.539062
2.514648
2.563477
2.529297
2.539062
2.548828
2.553711
2.548828
2.534180
2.539062
2.553711
2.553711
2.563477
2.573242
2.548828
2.587891
2.558594
2.539062
2.592773
2.578125
2.592773
2.578125
2.592773
2.553711
2.602539
2.626953
2.587891
2.592773
2.587891
2.578125
2.587891
2.573242
2.602539
2.568359
2.587891
2.558594
2.626953
2.568359
2.592773
2.563477
2.573242
2.553711
2.597656
2.563477
2.558594
2.539062
2.543945
2.519531
2.553711
2.539062
2.558594
2.587891
2.563477
2.558594
2.583008
2.602539
2.592773
2.578125
2.578125
2.607422
2.583008
2.592773
2.573242
2.573242
2.563477
2.573242
2.568359
2.602539
2.558594
2.597656
2.558594
2.558594
2.578125
2.548828
2.553711
2.592773
2.558594
2.543945
2.548828
2.558594
2.548828
2.563477
2.539062
2.558594
2.553711
2.583008
2.568359
2.539062
2.543945
2.553711
2.548828
2.543945
2.534180
2.539062
2.500000
2.519531
2.524414
2.524414
2.558594
2.539062
2.548828
2.553711
2.539062
2.539062
2.573242
2.583008
2.553711
2.524414
2.543945
2.534180
2.558594
2.539062
2.558594
2.563477
2.563477
2.539062
2.524414
2.519531
2.539062
2.524414
2.519531
2.534180
2.529297
2.548828
2.543945
2.539062
2.563477
2.534180
2.548828
2.543945
2.534180
2.519531
2.519531
2.539062
2.539062
2.524414
2.558594
2.519531
2.539062
2.539062
2.514648
2.539062
2.534180
2.534180
2.529297
2.539062
2.573242
2.583008
2.558594
2.558594
2.592773
2.573242
2.578125
2.563477
2.563477
2.558594
2.578125
2.509766
2.553711
2.524414
2.519531
2.534180
2.524414
2.553711
2.553711
2.509766
2.543945
2.539062
2.534180
2.539062
2.539062
2.548828
2.534180
2.514648
2.543945
2.529297
2.543945
2.539062
2.553711
2.534180
2.524414
2.539062
2.558594
2.539062
2.558594
2.543945
2.534180
2.568359
2.583008
2.563477
2.558594
2.529297
2.563477
2.563477
2.607422
2.592773
2.568359
2.597656
2.583008
2.558594
2.568359
2.543945
2.534180
2.543945
2.568359
2.519531
2.514648
2.558594
2.500000
2.524414
2.539062
2.509766
2.509766
2.514648
2.514648
2.539062
2.524414
2.539062
2.519531
2.514648
2.519531
2.509766
2.539062
2.558594
2.514648
2.543945
2.529297
2.578125
2.534180
2.548828
2.539062
2.558594
2.529297
2.543945
2.543945
2.553711
2.519531
2.563477
2.548828
2.529297
2.539062
2.534180
2.563477
2.543945
2.548828
2.553711
2.553711
2.548828
2.543945
2.509766
2.539062
2.519531
2.558594
2.524414
2.519531
2.553711
2.553711
2.543945
2.568359
2.558594
2.548828
2.534180
2.553711
2.597656
2.587891
2.578125
2.578125
2.573242
2.578125
2.568359
2.573242
2.534180
2.563477
2.612305
2.578125
2.563477
2.587891
2.573242
2.573242
2.578125
2.568359
2.592773
2.622070
2.607422
2.548828
2.558594
2.592773
2.592773
2.612305
2.578125
2.597656
2.587891
2.563477
2.597656
2.539062
2.558594
2.543945
2.514648
2.543945
2.573242
2.558594
2.573242
2.563477
2.587891
2.592773
2.587891
2.602539
2.553711
2.573242
2.583008
2.553711
2.524414
2.578125
2.568359
2.534180
2.592773
2.553711
2.548828
2.607422
2.587891
2.548828
2.553711
2.578125
2.578125
2.578125
2.553711
2.568359
2.573242
2.514648
2.539062
2.553711
2.548828
2.592773
2.583008
2.558594
2.573242
2.568359
2.553711
2.534180
2.563477
2.514648
2.543945
2.578125
2.519531
2.529297
2.519531
2.509766
2.534180
2.548828
2.543945
2.563477
2.534180
2.578125
2.578125
2.563477
2.548828
2.519531
2.578125
2.553711
2.573242
2.543945
2.553711
2.548828
2.548828
2.539062
2.563477
2.553711
2.514648
2.548828
2.534180
2.543945
2.534180
2.534180
2.539062
2.553711
2.514648
2.563477
2.524414
2.524414
2.524414
2.519531
2.539062
2.534180
2.529297
2.500000
2.543945
2.539062
2.534180
2.543945
2.553711
2.539062
2.543945
2.573242
2.519531
2.519531
2.563477
2.553711
2.607422
2.597656
2.578125
2.592773
2.563477
2.553711
2.578125
2.573242
2.553711
2.529297
2.504883
2.524414
2.568359
2.504883
2.529297
2.539062
2.543945
2.548828
2.543945
2.524414
2.558594
2.553711
2.534180
2.539062
2.563477
2.553711
2.548828
2.534180
2.573242
2.524414
2.563477
2.563477
2.529297
2.539062
2.534180
2.558594
2.563477
2.529297
2.568359
2.534180
2.563477
2.558594
2.553711
2.548828
2.558594
2.519531
2.563477
2.583008
2.602539
2.558594
2.573242
2.558594
2.534180
2.558594
2.539062
2.553711
2.524414
2.509766
2.524414
2.500000
2.519531
2.534180
2.539062
2.514648
2.534180
2.500000
2.514648
2.539062
2.519531
2.534180
2.529297
2.543945
2.490234
2.543945
2.548828
2.524414
2.539062
2.529297
2.543945
2.514648
2.548828
2.548828
2.573242
2.534180
2.529297
2.553711
2.529297
2.539062
2.543945
2.543945
2.539062
2.543945
2.558594
2.548828
2.548828
2.553711
2.563477
2.563477
2.534180
2.543945
2.509766
2.524414
2.524414
2.509766
2.509766
2.534180
2.543945
2.563477
2.539062
2.553711
2.548828
2.543945
2.563477
2.563477
2.553711
2.548828
2.543945
2.563477
2.553711
2.578125
2.553711
2.553711
2.573242
2.587891
2.592773
2.563477
2.573242
2.578125
2.578125
2.587891
2.573242
2.573242
2.583008
2.568359
2.592773
2.568359
2.558594
2.553711
2.587891
2.587891
2.607422
2.587891
2.558594
2.597656
2.592773
2.573242
2.558594
2.563477
2.524414
2.539062
2.534180
2.543945
2.543945
2.563477
2.543945
2.514648
2.583008
2.558594
2.597656
2.548828
2.543945
2.563477
2.607422
2.578125
2.548828
2.578125
2.578125
2.553711
2.553711
2.548828
2.558594
2.553711
2.583008
2.529297
2.573242
2.553711
2.592773
2.529297
2.597656
2.563477
2.568359
2.578125
2.583008
2.543945
2.558594
2.543945
2.568359
2.553711
2.553711
2.553711
2.563477
2.543945
2.543945
2.534180
2.558594
2.568359
2.539062
2.519531
2.509766
2.504883
2.524414
2.524414
2.548828
2.539062
2.543945
2.539062
2.583008
2.529297
2.573242
2.553711
2.553711
2.548828
2.568359
2.543945
2.543945
2.543945
2.548828
2.558594
2.524414
2.543945
2.534180
2.553711
2.529297
2.553711
2.539062
2.543945
2.563477
2.529297
2.539062
2.539062
2.529297
2.519531
2.539062
2.553711
2.519531
2.563477
2.558594
2.514648
2.568359
2.490234
2.539062
2.558594
2.529297
2.548828
2.534180
2.543945
2.534180
2.558594
2.534180
2.587891
2.558594
2.563477
2.573242
2.568359
2.548828
2.587891
2.543945
2.543945
2.529297
2.548828
2.553711
2.563477
2.519531
2.548828
2.524414
2.543945
2.548828
2.539062
2.500000
2.563477
2.524414
2.524414
2.543945
2.519531
2.539062
2.543945
2.524414
2.553711
2.553711
2.524414
2.578125
2.534180
2.529297
2.543945
2.553711
2.524414
2.543945
2.553711
2.558594
2.573242
2.539062
2.548828
2.578125
2.568359
2.543945
2.534180
2.592773
2.563477
2.563477
2.563477
2.539062
2.563477
2.548828
2.548828
2.534180
2.509766
2.529297
2.514648
2.514648
2.519531
2.519531
2.529297
2.539062
2.509766
2.529297
2.529297
2.519531
2.514648
2.539062
2.519531
2.543945
2.524414
2.553711
2.548828
2.563477
2.534180
2.529297
2.563477
2.539062
2.553711
2.524414
2.558594
2.548828
2.539062
2.529297
2.534180
2.548828
2.548828
2.553711
2.553711
2.524414
2.543945
2.563477
2.578125
2.543945
2.539062
2.563477
2.534180
2.558594
2.529297
2.553711
2.553711
2.519531
2.529297
2.543945
2.534180
2.524414
2.553711
2.543945
2.558594
2.558594
2.519531
2.583008
2.578125
2.548828
2.578125
2.568359
2.578125
2.553711
2.587891
2.607422
2.607422
2.631836
2.568359
2.578125
2.573242
2.587891
2.578125
2.607422
2.592773
2.573242
2.573242
2.578125
2.563477
2.631836
2.592773
2.563477
2.587891
2.587891
2.573242
2.558594
2.583008
2.587891
2.558594
2.578125
2.578125
2.587891
2.563477
2.529297
2.514648
2.514648
2.553711
2.568359
2.578125
2.573242
2.568359
2.583008
2.558594
2.587891
2.568359
2.587891
2.578125
2.592773
2.592773
2.583008
2.534180
2.558594
2.563477
2.573242
2.587891
2.548828
2.553711
2.578125
2.548828
2.597656
2.543945
2.587891
2.529297
2.607422
2.543945
2.529297
2.558594
2.573242
2.524414
2.553711
2.553711
2.539062
2.578125
2.558594
2.563477
2.534180
2.558594
2.558594
2.543945
2.539062
2.514648
2.509766
2.524414
2.509766
2.519531
2.534180
2.543945
2.553711
2.558594
2.534180
2.597656
2.529297
2.553711
2.573242
2.529297
2.543945
2.553711
2.543945
2.563477
2.543945
2.558594
2.553711
2.558594
2.563477
2.539062
2.519531
2.539062
2.539062
2.543945
2.534180
2.578125
2.519531
2.529297
2.509766
2.519531
2.519531
2.539062
2.519531
2.553711
2.519531
2.524414
2.548828
2.534180
2.529297
2.509766
2.529297
2.543945
2.539062
2.495117
2.548828
2.514648
2.578125
2.592773
2.514648
2.558594
2.563477
2.534180
2.563477
2.592773
2.563477
2.578125
2.553711
2.553711
2.548828
2.548828
2.568359
2.534180
2.558594
2.548828
2.548828
2.548828
2.563477
2.539062
2.558594
2.543945
2.553711
2.548828
2.529297
2.553711
2.568359
2.534180
2.529297
2.539062
2.539062
2.543945
2.524414
2.592773
2.519531
2.529297
2.524414
2.543945
2.543945
2.548828
2.543945
2.519531
2.558594
2.558594
2.548828
2.553711
2.548828
2.558594
2.563477
2.563477
2.597656
2.592773
2.587891
2.563477
2.548828
2.529297
2.534180
2.563477
2.500000
2.539062
2.504883
2.490234
2.539062
2.534180
2.514648
2.514648
2.524414
2.509766
2.534180
2.553711
2.500000
2.553711
2.500000
2.529297
2.534180
2.509766
2.534180
2.529297
2.534180
2.553711
2.539062
2.558594
2.534180
2.543945
2.548828
2.534180
2.524414
2.514648
2.539062
2.539062
2.543945
2.534180
2.500000
2.495117
2.539062
2.539062
2.543945
2.548828
2.539062
2.534180
2.539062
2.539062
2.534180
2.534180
2.524414
2.534180
2.519531
2.539062
2.519531
2.543945
2.548828
2.534180
2.529297
2.548828
2.563477
2.573242
2.563477
2.534180
2.578125
2.548828
2.573242
2.573242
2.573242
2.573242
2.563477
2.587891
2.583008
2.592773
2.587891
2.607422
2.583008
2.558594
2.573242
2.583008
2.578125
2.534180
2.548828
2.568359
2.563477
2.548828
2.563477
2.587891
2.607422
2.597656
2.592773
2.597656
2.543945
2.573242
2.563477
2.563477
2.519531
2.509766
2.514648
2.553711
2.519531
2.553711
2.563477
2.587891
2.573242
2.548828
2.573242
2.578125
2.578125
2.587891
2.583008
2.592773
2.607422
2.568359
2.553711
2.548828
2.578125
2.573242
2.568359
2.568359
2.543945
2.543945
2.563477
2.587891
2.568359
2.543945
2.548828
2.543945
2.563477
2.553711
2.558594
2.553711
2.578125
2.543945
2.563477
2.553711
2.548828
2.578125
2.558594
2.568359
2.553711
2.543945
2.563477
2.563477
2.534180
2.529297
2.534180
2.519531
2.563477
2.539062
2.578125
2.578125
2.548828
2.583008
2.563477
2.592773
2.558594
2.553711
2.548828
2.583008
2.548828
2.573242
2.563477
2.558594
2.558594
2.539062
2.583008
2.583008
2.563477
2.578125
2.553711
2.563477
2.548828
2.558594
2.563477
2.568359
2.558594
2.553711
2.563477
2.573242
2.558594
2.563477
2.587891
2.558594
2.543945
2.558594
2.558594
2.553711
2.583008
2.587891
2.573242
2.587891
2.578125
2.587891
2.578125
2.592773
2.597656
2.597656
2.592773
2.587891
2.631836
2.622070
2.568359
2.626953
2.568359
2.602539
2.587891
2.563477
2.592773
2.592773
2.592773
2.587891
2.578125
2.553711
2.587891
2.602539
2.587891
2.568359
2.583008
2.578125
2.573242
2.592773
2.597656
2.583008
2.587891
2.583008
2.553711
2.597656
2.568359
2.592773
2.597656
2.573242
2.568359
2.583008
2.578125
2.597656
2.617188
2.578125
2.597656
2.602539
2.597656
2.592773
2.597656
2.583008
2.626953
2.631836
2.622070
2.631836
2.636719
2.602539
2.573242
2.553711
2.592773
2.553711
2.563477
2.558594
2.534180
2.553711
2.563477
2.573242
2.563477
2.548828
2.568359
2.553711
2.548828
2.539062
2.553711
2.573242
2.548828
2.543945
2.563477
2.558594
2.548828
2.529297
2.578125
2.534180
2.529297
2.558594
2.539062
2.548828
2.548828
2.563477
2.534180
2.543945
2.558594
2.529297
2.543945
2.539062
2.548828
2.563477
2.539062
2.524414
2.519531
2.534180
2.534180
2.543945
2.539062
2.539062
2.519531
2.519531
2.509766
2.514648
2.534180
2.514648
2.504883
2.480469
2.524414
2.495117
2.500000
2.529297
2.539062
2.514648
2.534180
2.543945
2.539062
2.509766
2.534180
2.539062
2.539062
2.543945
2.524414
2.548828
2.558594
2.543945
2.529297
2.543945
2.558594
2.539062
2.529297
2.495117
2.485352
2.553711
2.519531
2.509766
2.509766
2.553711
2.548828
2.534180
2.529297
2.524414
2.524414
2.485352
2.524414
2.509766
2.509766
2.519531
2.475586
2.485352
2.495117
2.500000
2.485352
2.504883
2.500000
2.539062
2.534180
2.519531
2.509766
2.543945
2.529297
2.519531
2.553711
2.524414
2.534180
2.539062
2.509766
2.563477
2.509766
2.524414
2.500000
2.495117
2.539062
2.519531
2.534180
2.543945
2.534180
2.519531
2.519531
2.524414
2.524414
2.524414
2.529297
2.534180
2.548828
2.509766
2.543945
2.519531
2.548828
2.543945
2.548828
2.529297
2.529297
2.519531
2.548828
2.539062
2.539062
2.500000
2.504883
2.514648
2.539062
2.553711
2.553711
2.553711
2.553711
2.573242
2.563477
2.568359
2.568359
2.558594
2.548828
2.568359
2.543945
2.568359
2.553711
2.539062
2.563477
2.563477
2.548828
2.583008
2.558594
2.543945
2.553711
2.543945
2.548828
2.568359
2.563477
2.534180
2.534180
2.548828
2.587891
2.543945
2.519531
2.563477
2.524414
2.558594
2.573242
2.578125
2.539062
2.553711
2.534180
2.558594
2.558594
2.568359
2.563477
2.539062
2.553711
2.558594
2.607422
2.587891
2.626953
2.612305
2.583008
2.607422
2.612305
2.597656
2.553711
2.573242
2.583008
2.592773
2.578125
2.578125
2.553711
2.553711
2.558594
2.563477
2.558594
2.548828
2.587891
2.568359
2.558594
2.558594
2.553711
2.553711
2.568359
2.514648
2.524414
2.485352
2.558594
2.548828
2.543945
2.563477
2.539062
2.514648
2.563477
2.543945
2.573242
2.524414
2.543945
2.534180
2.553711
2.553711
2.548828
2.539062
2.524414
2.534180
2.548828
2.597656
2.568359
2.587891
2.563477
2.558594
2.563477
2.529297
2.529297
2.529297
2.553711
2.500000
2.519531
2.514648
2.475586
2.534180
2.519531
2.509766
2.509766
2.524414
2.514648
2.524414
2.524414
2.543945
2.509766
2.534180
2.490234
2.514648
2.509766
2.553711
2.539062
2.500000
2.548828
2.509766
2.539062
2.539062
2.495117
2.529297
2.529297
2.534180
2.514648
2.519531
2.529297
2.524414
2.495117
2.548828
2.524414
2.519531
2.500000
2.558594
2.548828
2.558594
2.573242
2.543945
2.524414
2.534180
2.529297
2.529297
2.524414
2.548828
2.529297
2.539062
