1.845703
1.577148
1.259766
1.010742
0.898438
0.888672
0.922852
1.127930
1.489258
1.884766
2.431641
3.051758
3.613281
4.160156
4.633789
5.004883
5.200195
5.239258
5.136719
4.799805
4.291992
3.676758
2.993164
2.265625
1.513672
0.908203
0.375977
0.014648
-0.136719
-0.136719
0.019531
0.332031
0.786133
1.376953
1.948242
2.529297
3.085938
3.515625
3.906250
4.111328
4.228516
4.194336
4.086914
3.837891
3.583984
3.261719
2.963867
2.690430
2.504883
2.500000
2.539062
2.568359
2.587891
2.563477
2.573242
2.558594
2.592773
2.583008
2.539062
2.534180
2.524414
2.558594
2.543945
2.534180
2.573242
2.553711
2.504883
2.539062
2.534180
2.548828
2.548828
2.548828
2.534180
2.568359
2.539062
2.519531
2.539062
2.539062
2.539062
2.543945
2.504883
2.504883
2.534180
2.543945
2.524414
2.543945
2.485352
2.539062
2.548828
2.529297
2.548828
2.548828
2.514648
2.548828
2.553711
2.539062
2.519531
2.534180
2.529297
2.543945
2.578125
2.573242
2.622070
2.573242
2.568359
2.514648
2.543945
2.539062
2.519531
2.534180
2.543945
2.514648
2.519531
2.543945
2.534180
2.529297
2.539062
2.495117
2.519531
2.524414
2.509766
2.519531
2.534180
2.524414
2.524414
2.514648
2.534180
2.539062
2.495117
2.543945
2.514648
2.519531
2.519531
2.519531
2.534180
2.529297
2.529297
2.539062
2.543945
2.529297
2.543945
2.553711
2.539062
2.534180
2.529297
2.534180
2.529297
2.534180
2.529297
2.558594
2.563477
2.548828
2.519531
2.553711
2.514648
2.553711
2.495117
2.524414
2.534180
2.519531
2.548828
2.534180
2.548828
2.529297
2.558594
2.553711
2.573242
2.568359
2.539062
2.558594
2.583008
2.578125
2.573242
2.583008
2.548828
2.587891
2.548828
2.568359
2.514648
2.583008
2.583008
2.583008
2.578125
2.548828
2.578125
2.563477
2.583008
2.573242
2.558594
2.592773
2.578125
2.568359
2.602539
2.592773
2.568359
2.592773
2.548828
2.568359
2.587891
2.563477
2.534180
2.534180
2.543945
2.524414
2.539062
2.534180
2.573242
2.563477
2.578125
2.587891
2.563477
2.573242
2.558594
2.543945
2.587891
2.568359
2.534180
2.578125
2.558594
2.568359
2.563477
2.524414
2.558594
2.558594
2.558594
2.597656
2.543945
2.534180
2.558594
2.583008
2.539062
2.597656
2.539062
2.534180
2.539062
2.543945
2.548828
2.543945
2.534180
2.539062
2.524414
2.568359
2.524414
2.558594
2.539062
2.543945
2.524414
2.539062
2.553711
2.519531
2.524414
2.490234
2.519531
2.514648
2.529297
2.534180
2.558594
2.563477
2.548828
2.553711
2.548828
2.539062
2.558594
2.519531
2.539062
2.548828
2.543945
2.543945
2.534180
2.534180
2.534180
2.529297
2.534180
2.534180
2.543945
2.519531
2.519531
2.539062
2.539062
2.524414
2.578125
2.514648
2.539062
2.539062
2.519531
2.539062
2.539062
2.529297
2.524414
2.543945
2.558594
2.509766
2.524414
2.524414
2.534180
2.524414
2.495117
2.519531
2.534180
2.539062
2.543945
2.543945
2.563477
2.534180
2.592773
2.553711
2.602539
2.543945
2.558594
2.573242
2.543945
2.529297
2.529297
2.534180
2.553711
2.539062
2.553711
2.524414
2.524414
2.534180
2.563477
2.534180
2.509766
2.524414
2.524414
2.539062
2.524414
2.539062
2.548828
2.539062
2.539062
2.534180
2.539062
2.509766
2.553711
2.524414
2.548828
2.524414
2.539062
2.504883
2.543945
2.553711
2.548828
2.534180
2.553711
2.558594
2.543945
2.534180
2.534180
2.558594
2.553711
2.573242
2.622070
2.529297
2.553711
2.573242
2.519531
2.548828
2.519531
2.480469
2.509766
2.495117
2.524414
2.490234
2.524414
2.509766
2.524414
2.495117
2.529297
2.519531
2.524414
2.500000
2.514648
2.558594
2.534180
2.529297
2.558594
2.534180
2.534180
2.539062
2.524414
2.553711
2.534180
2.534180
2.558594
2.534180
2.524414
2.573242
2.548828
2.543945
2.529297
2.534180
2.553711
2.573242
2.563477
2.563477
2.534180
2.534180
2.553711
2.548828
2.543945
2.563477
2.558594
2.578125
2.539062
2.539062
2.534180
2.514648
2.504883
2.519531
2.539062
2.563477
2.573242
2.529297
2.587891
2.534180
2.558594
2.573242
2.563477
2.583008
2.592773
2.568359
2.578125
2.597656
2.617188
2.568359
2.578125
2.592773
2.602539
2.587891
2.607422
2.587891
2.578125
2.592773
2.592773
2.597656
2.563477
2.607422
2.563477
2.578125
2.597656
2.563477
2.587891
2.578125
2.578125
2.592773
2.558594
2.578125
2.592773
2.563477
2.548828
2.529297
2.509766
2.539062
2.553711
2.543945
2.578125
2.563477
2.602539
2.539062
2.524414
2.563477
2.558594
2.592773
2.568359
2.597656
2.597656
2.573242
2.558594
2.524414
2.558594
2.563477
2.543945
2.583008
2.558594
2.568359
2.592773
2.519531
2.587891
2.529297
2.553711
2.553711
2.573242
2.534180
2.592773
2.568359
2.568359
2.548828
2.553711
2.548828
2.563477
2.563477
2.553711
2.553711
2.543945
2.553711
2.539062
2.529297
2.539062
2.529297
2.539062
2.509766
2.519531
2.529297
2.534180
2.563477
2.548828
2.553711
2.539062
2.573242
2.558594
2.539062
2.548828
2.539062
2.558594
2.558594
2.539062
2.534180
2.543945
2.539062
2.553711
2.548828
2.529297
2.543945
2.524414
2.539062
2.543945
2.543945
2.529297
2.529297
2.553711
2.524414
2.534180
2.524414
2.529297
2.519531
2.539062
2.539062
2.519531
2.548828
2.563477
2.558594
2.524414
2.529297
2.514648
2.548828
2.539062
2.539062
2.524414
2.524414
2.519531
2.583008
2.558594
2.558594
2.568359
2.573242
2.587891
2.563477
2.543945
2.553711
2.548828
2.534180
2.534180
2.543945
2.539062
2.524414
2.568359
2.529297
2.529297
2.539062
2.553711
2.539062
2.534180
2.543945
2.548828
2.529297
2.548828
2.519531
2.539062
2.514648
2.539062
2.543945
2.558594
2.539062
2.524414
2.563477
2.529297
2.543945
2.553711
2.543945
2.539062
2.553711
2.548828
2.529297
2.543945
2.529297
2.573242
2.539062
2.543945
2.578125
2.592773
2.583008
2.578125
2.573242
2.563477
2.524414
2.524414
2.543945
2.495117
2.534180
2.514648
2.524414
2.539062
2.485352
2.500000
2.470703
2.524414
2.514648
2.524414
2.514648
2.509766
2.524414
2.524414
2.524414
2.519531
2.543945
2.534180
2.514648
2.543945
2.534180
2.534180
2.500000
2.534180
2.500000
2.529297
2.534180
2.534180
2.529297
2.534180
2.519531
2.529297
2.553711
2.553711
2.543945
2.534180
2.568359
2.563477
2.548828
2.543945
2.548828
2.553711
2.558594
2.548828
2.529297
2.504883
2.548828
2.529297
2.548828
2.495117
2.534180
2.534180
2.534180
2.553711
2.563477
2.543945
2.568359
2.573242
2.529297
2.573242
2.553711
2.568359
2.578125
2.573242
2.592773
2.573242
2.597656
2.578125
2.592773
2.587891
2.587891
2.539062
2.587891
2.587891
2.587891
2.607422
2.597656
2.597656
2.592773
2.578125
2.563477
2.602539
2.587891
2.573242
2.558594
2.558594
2.543945
2.587891
2.597656
2.578125
2.587891
2.553711
2.548828
2.514648
2.529297
2.519531
2.573242
2.568359
2.573242
2.587891
2.587891
2.568359
2.587891
2.568359
2.568359
2.587891
2.563477
2.583008
2.529297
2.568359
2.568359
2.563477
2.578125
2.563477
2.548828
2.573242
2.558594
2.568359
2.563477
2.558594
2.583008
2.539062
2.563477
2.573242
2.543945
2.563477
2.553711
2.553711
2.558594
2.534180
2.529297
2.578125
2.543945
2.543945
2.534180
2.563477
2.519531
2.553711
2.529297
2.553711
2.539062
2.534180
2.509766
2.514648
2.529297
2.534180
2.543945
2.548828
2.524414
2.563477
2.534180
2.500000
2.519531
2.539062
2.573242
2.543945
2.524414
2.553711
2.543945
2.568359
2.568359
2.553711
2.553711
2.558594
2.524414
2.553711
2.539062
2.534180
2.548828
2.539062
2.485352
2.539062
2.558594
2.548828
2.563477
2.553711
2.509766
2.500000
2.534180
2.524414
2.534180
2.514648
2.514648
2.543945
2.519531
2.539062
2.519531
2.524414
2.509766
2.519531
2.524414
2.548828
2.578125
2.573242
2.558594
2.612305
2.607422
2.573242
2.563477
2.563477
2.548828
2.543945
2.568359
2.558594
2.568359
2.539062
2.578125
2.529297
2.539062
2.519531
2.524414
2.543945
2.514648
2.514648
2.534180
2.553711
2.519531
2.558594
2.548828
2.514648
2.548828
2.543945
2.558594
2.568359
2.553711
2.563477
2.524414
2.558594
2.548828
2.568359
2.548828
2.539062
2.568359
2.553711
2.539062
2.543945
2.563477
2.543945
2.558594
2.568359
2.558594
2.573242
2.548828
2.578125
2.558594
2.553711
2.543945
2.543945
2.519531
2.529297
2.504883
2.509766
2.529297
2.529297
2.553711
2.495117
2.524414
2.519531
2.539062
2.524414
2.509766
2.529297
2.539062
2.539062
2.534180
2.558594
2.539062
2.504883
2.529297
2.529297
2.553711
2.548828
2.539062
2.534180
2.539062
2.558594
2.548828
2.548828
2.548828
2.553711
2.543945
2.539062
2.543945
2.543945
2.529297
2.543945
2.543945
2.534180
2.539062
2.534180
2.583008
2.529297
2.548828
2.553711
2.548828
2.539062
2.504883
2.495117
2.558594
2.529297
2.509766
2.543945
2.534180
2.563477
2.553711
2.553711
2.578125
2.558594
2.558594
2.558594
2.578125
2.573242
2.548828
2.592773
2.578125
2.578125
2.592773
2.548828
2.592773
2.583008
2.592773
2.612305
2.529297
2.568359
2.558594
2.563477
2.583008
2.568359
2.617188
2.563477
2.607422
2.578125
2.578125
2.578125
2.587891
2.573242
2.597656
2.592773
2.592773
2.563477
2.563477
2.578125
2.558594
2.529297
2.543945
2.543945
2.539062
2.553711
2.558594
2.558594
2.563477
2.578125
2.558594
2.573242
2.573242
2.553711
2.573242
2.553711
2.592773
2.534180
2.578125
2.578125
2.543945
2.568359
2.534180
2.568359
2.548828
2.583008
2.592773
2.529297
2.597656
2.558594
2.592773
2.519531
2.553711
2.583008
2.529297
2.563477
2.543945
2.543945
2.568359
2.558594
2.548828
2.553711
2.548828
2.539062
2.539062
2.524414
2.524414
2.539062
2.534180
2.509766
2.519531
2.504883
2.524414
2.524414
2.543945
2.543945
2.543945
2.539062
2.558594
2.524414
2.568359
2.519531
2.543945
2.563477
2.553711
2.558594
2.514648
2.543945
2.534180
2.543945
2.543945
2.543945
2.553711
2.539062
2.539062
2.534180
2.524414
2.534180
2.519531
2.539062
2.514648
2.524414
2.539062
2.495117
2.529297
2.539062
2.534180
2.504883
2.519531
2.509766
2.509766
2.534180
2.514648
2.543945
2.500000
2.514648
2.534180
2.490234
2.524414
2.553711
2.519531
2.558594
2.573242
2.578125
2.587891
2.558594
2.548828
2.543945
2.573242
2.539062
2.534180
2.548828
2.529297
2.534180
2.534180
2.524414
2.539062
2.524414
2.514648
2.553711
2.524414
2.534180
2.553711
2.514648
2.534180
2.539062
2.539062
2.529297
2.543945
2.539062
2.534180
2.553711
2.519531
2.539062
2.514648
2.524414
2.509766
2.539062
2.529297
2.534180
2.539062
2.514648
2.524414
2.543945
2.519531
2.548828
2.548828
2.529297
2.553711
2.587891
2.553711
2.587891
2.563477
2.529297
2.543945
2.509766
2.529297
2.534180
2.509766
2.509766
2.490234
2.519531
2.514648
2.509766
2.534180
2.514648
2.495117
2.500000
2.519531
2.509766
2.558594
2.524414
2.563477
2.529297
2.529297
2.534180
2.529297
2.519531
2.519531
2.529297
2.539062
2.519531
2.539062
2.553711
2.553711
2.543945
2.534180
2.524414
2.514648
2.543945
2.519531
2.563477
2.534180
2.543945
2.553711
2.558594
2.558594
2.524414
2.553711
2.548828
2.553711
2.553711
2.539062
2.534180
2.529297
2.524414
2.539062
2.509766
2.534180
2.514648
2.543945
2.558594
2.553711
2.563477
2.539062
2.568359
2.548828
2.568359
2.573242
2.578125
2.578125
2.587891
2.587891
2.558594
2.573242
2.607422
2.558594
2.573242
2.592773
2.578125
2.587891
2.592773
2.592773
2.558594
2.607422
2.573242
2.597656
2.587891
2.583008
2.597656
2.587891
2.626953
2.602539
2.587891
2.592773
2.548828
2.543945
2.607422
2.587891
2.563477
2.539062
2.539062
2.509766
2.539062
2.529297
2.568359
2.548828
2.543945
2.553711
2.548828
2.563477
2.578125
2.592773
2.587891
2.578125
2.548828
2.534180
2.558594
2.626953
2.583008
2.563477
2.558594
2.568359
2.578125
2.592773
2.553711
2.563477
2.529297
2.573242
2.597656
2.539062
2.558594
2.543945
2.539062
2.543945
2.558594
2.548828
2.534180
2.563477
2.543945
2.553711
2.543945
2.539062
2.558594
2.543945
2.539062
2.539062
2.543945
2.539062
2.539062
2.514648
2.495117
2.514648
2.524414
2.534180
2.539062
2.558594
2.534180
2.607422
2.534180
2.543945
2.524414
2.558594
2.578125
2.539062
2.539062
2.558594
2.558594
2.548828
2.529297
2.553711
2.524414
2.539062
2.543945
2.529297
2.524414
2.539062
2.519531
2.529297
2.524414
2.534180
2.543945
2.529297
2.539062
2.543945
2.543945
2.529297
2.524414
2.543945
2.543945
2.504883
2.509766
2.504883
2.524414
2.514648
2.543945
2.519531
2.539062
2.504883
2.534180
2.534180
2.548828
2.583008
2.539062
2.597656
2.543945
2.573242
2.563477
2.534180
2.558594
2.543945
2.553711
2.548828
2.568359
2.529297
2.548828
2.529297
2.529297
2.543945
2.524414
2.553711
2.524414
2.509766
2.539062
2.543945
2.524414
2.514648
2.578125
2.524414
2.539062
2.553711
2.514648
2.553711
2.529297
2.573242
2.539062
2.558594
2.539062
2.539062
2.524414
2.534180
2.504883
2.529297
2.563477
2.553711
2.548828
2.553711
2.539062
2.553711
2.597656
2.573242
2.548828
2.592773
2.558594
2.548828
2.558594
2.524414
2.519531
2.509766
2.534180
2.495117
2.509766
2.514648
2.519531
2.529297
2.543945
2.509766
2.509766
2.519531
2.539062
2.548828
2.529297
2.539062
2.524414
2.539062
2.539062
2.534180
2.524414
2.524414
2.539062
2.524414
2.548828
2.539062
2.539062
2.553711
2.509766
2.529297
2.539062
2.543945
2.568359
2.563477
2.524414
2.529297
2.519531
2.543945
2.558594
2.548828
2.543945
2.568359
2.534180
2.568359
2.568359
2.548828
2.548828
2.539062
2.543945
2.519531
2.548828
2.563477
2.553711
2.548828
2.592773
2.568359
2.578125
2.568359
2.558594
2.573242
2.573242
2.563477
2.602539
2.607422
2.597656
2.573242
2.612305
2.573242
2.607422
2.607422
2.617188
2.612305
2.563477
2.607422
2.602539
2.592773
2.597656
2.607422
2.597656
2.622070
2.583008
2.587891
2.592773
2.607422
2.612305
2.607422
2.617188
2.587891
2.578125
2.607422
2.597656
2.583008
2.558594
2.558594
2.548828
2.539062
2.539062
2.558594
2.587891
2.573242
2.578125
2.558594
2.592773
2.558594
2.563477
2.602539
2.548828
2.617188
2.602539
2.539062
2.583008
2.617188
2.578125
2.583008
2.578125
2.592773
2.602539
2.563477
2.612305
2.587891
2.573242
2.592773
2.563477
2.573242
2.548828
2.578125
2.519531
2.563477
2.534180
2.519531
2.548828
2.563477
2.548828
2.578125
2.558594
2.548828
2.534180
2.539062
2.548828
2.524414
2.558594
2.509766
2.539062
2.524414
2.553711
2.519531
2.553711
2.558594
2.534180
2.558594
2.534180
2.563477
2.543945
2.543945
2.543945
2.553711
2.543945
2.563477
2.558594
2.543945
2.539062
2.534180
2.563477
2.543945
2.543945
2.524414
2.514648
2.534180
2.563477
2.543945
2.519531
2.529297
2.509766
2.529297
2.519531
2.539062
2.509766
2.524414
2.534180
2.539062
2.553711
2.524414
2.504883
2.500000
2.539062
2.558594
2.509766
2.534180
2.514648
2.519531
2.534180
2.519531
2.509766
2.548828
2.539062
2.553711
2.543945
2.534180
2.539062
2.583008
2.568359
2.539062
2.553711
2.548828
2.529297
2.543945
2.519531
2.519531
2.524414
2.524414
2.519531
2.519531
2.539062
2.509766
2.524414
2.529297
2.539062
2.529297
2.529297
2.514648
2.534180
2.553711
2.524414
2.543945
2.529297
2.529297
2.534180
2.519531
2.514648
2.548828
2.509766
2.534180
2.504883
2.534180
2.534180
2.534180
2.524414
2.509766
2.553711
2.529297
2.539062
2.543945
2.573242
2.558594
2.587891
2.543945
2.534180
2.543945
2.548828
2.529297
2.500000
2.500000
2.519531
2.495117
2.539062
2.470703
2.495117
2.495117
2.519531
2.480469
2.509766
2.495117
2.548828
2.470703
2.524414
2.519531
2.519531
2.529297
2.490234
2.539062
2.524414
2.529297
2.509766
2.529297
2.504883
2.500000
2.539062
2.519531
2.529297
2.529297
2.539062
2.543945
2.524414
2.524414
2.539062
2.539062
2.524414
2.548828
2.543945
2.534180
2.553711
2.548828
2.539062
2.553711
2.543945
2.548828
2.548828
2.543945
2.524414
2.548828
2.509766
2.519531
2.524414
2.534180
2.563477
2.543945
2.553711
2.543945
2.553711
2.578125
2.548828
2.568359
2.553711
2.573242
2.563477
2.578125
2.578125
2.558594
2.583008
2.558594
2.553711
2.543945
2.602539
2.568359
2.597656
2.592773
2.563477
2.587891
2.602539
2.607422
2.607422
2.568359
2.587891
2.607422
2.597656
2.592773
2.553711
2.548828
2.558594
2.592773
2.553711
2.587891
2.548828
2.539062
2.543945
2.539062
2.558594
2.597656
2.553711
2.563477
2.583008
2.583008
2.597656
2.583008
2.553711
2.587891
2.587891
2.534180
2.553711
2.607422
2.592773
2.578125
2.578125
2.553711
2.563477
2.548828
2.563477
2.558594
2.563477
2.578125
2.568359
2.578125
2.548828
2.568359
2.578125
2.529297
2.568359
2.548828
2.553711
2.534180
2.553711
2.539062
2.534180
2.543945
2.563477
2.534180
2.529297
2.529297
2.568359
2.534180
2.548828
2.529297
2.543945
2.495117
2.534180
2.519531
2.539062
2.543945
2.563477
2.578125
2.534180
2.543945
2.563477
2.558594
2.548828
2.543945
2.514648
2.563477
2.519531
2.543945
2.543945
2.529297
2.529297
2.529297
2.543945
2.524414
2.548828
2.558594
2.539062
2.509766
2.509766
2.504883
2.534180
2.563477
2.534180
2.504883
2.529297
2.568359
2.519531
2.519531
2.534180
2.524414
2.543945
2.543945
2.543945
2.534180
2.529297
2.529297
2.514648
2.558594
2.519531
2.519531
2.539062
2.583008
2.573242
2.602539
2.573242
2.563477
2.558594
2.558594
2.558594
2.587891
2.539062
2.553711
2.548828
2.553711
2.558594
2.553711
2.534180
2.543945
2.539062
2.553711
2.548828
2.534180
2.563477
2.539062
2.529297
2.558594
2.524414
2.558594
2.519531
2.539062
2.563477
2.543945
2.563477
2.558594
2.563477
2.583008
2.539062
2.578125
2.563477
2.539062
2.573242
2.573242
2.563477
2.553711
2.568359
2.573242
2.558594
2.553711
2.578125
2.597656
2.617188
2.597656
2.602539
2.578125
2.583008
2.553711
2.573242
2.519531
2.534180
2.534180
2.553711
2.563477
2.514648
2.558594
2.543945
2.504883
2.568359
2.548828
2.543945
2.534180
2.539062
2.553711
2.553711
2.539062
2.578125
2.514648
2.539062
2.534180
2.539062
2.563477
2.514648
2.539062
2.524414
2.558594
2.539062
2.558594
2.573242
2.548828
2.534180
2.539062
2.578125
2.539062
2.553711
2.563477
2.539062
2.543945
2.534180
2.587891
2.553711
2.587891
2.558594
2.548828
2.558594
2.543945
2.539062
2.539062
2.500000
2.548828
2.583008
2.568359
2.514648
2.524414
2.583008
2.524414
2.539062
2.587891
2.553711
2.558594
2.539062
2.563477
2.558594
2.583008
2.563477
2.568359
2.534180
2.563477
2.578125
2.573242
2.573242
2.612305
2.592773
2.573242
2.553711
2.587891
2.558594
2.558594
2.573242
2.597656
2.592773
2.607422
2.587891
2.597656
2.578125
2.587891
2.592773
2.558594
2.553711
2.607422
2.553711
2.607422
2.558594
2.543945
2.539062
2.543945
2.519531
2.543945
2.543945
2.529297
2.558594
2.558594
2.573242
2.578125
2.553711
2.563477
2.578125
2.529297
2.548828
2.563477
2.563477
2.587891
2.573242
2.563477
2.553711
2.553711
2.587891
2.563477
2.543945
2.568359
2.529297
2.543945
2.558594
2.534180
2.548828
2.578125
2.553711
2.558594
2.553711
2.563477
2.563477
2.558594
2.553711
2.558594
2.553711
2.558594
2.543945
2.583008
2.558594
2.558594
2.558594
2.519531
2.475586
2.514648
2.548828
2.500000
2.568359
2.529297
2.587891
2.534180
2.568359
2.543945
2.558594
2.548828
2.539062
2.543945
2.524414
2.568359
2.548828
2.548828
2.539062
2.578125
2.543945
2.534180
2.543945
2.524414
2.543945
2.553711
2.534180
2.514648
2.563477
2.534180
2.539062
2.548828
2.548828
2.534180
2.529297
2.539062
2.514648
2.524414
2.534180
2.534180
2.534180
2.534180
2.524414
2.519531
2.543945
2.543945
2.519531
2.539062
