1.875000
1.572266
1.240234
1.044922
0.903320
0.883789
0.981445
1.240234
1.591797
2.026367
2.592773
3.173828
3.750000
4.291992
4.770508
5.078125
5.229492
5.249023
5.048828
4.702148
4.184570
3.583984
2.861328
2.128906
1.440430
0.830078
0.336914
0.024414
-0.136719
-0.068359
0.161133
0.493164
0.966797
1.533203
2.124023
2.685547
3.217773
3.632812
3.974609
4.184570
4.252930
4.204102
4.033203
3.823242
3.544922
3.271484
2.924805
2.685547
2.558594
2.534180
2.558594
2.558594
2.568359
2.553711
2.578125
2.534180
2.563477
2.568359
2.548828
2.568359
2.553711
2.553711
2.543945
2.563477
2.553711
2.534180
2.509766
2.509766
2.548828
2.529297
2.543945
2.553711
2.558594
2.548828
2.583008
2.534180
2.539062
2.558594
2.568359
2.534180
2.578125
2.548828
2.558594
2.548828
2.563477
2.558594
2.539062
2.553711
2.563477
2.553711
2.563477
2.548828
2.543945
2.553711
2.553711
2.524414
2.534180
2.529297
2.543945
2.539062
2.543945
2.539062
2.514648
2.509766
2.553711
2.529297
2.509766
2.553711
2.539062
2.529297
2.543945
2.539062
2.534180
2.548828
2.519531
2.534180
2.563477
2.602539
2.587891
2.553711
2.534180
2.543945
2.602539
2.568359
2.583008
2.539062
2.548828
2.558594
2.529297
2.558594
2.514648
2.539062
2.548828
2.529297
2.553711
2.519531
2.563477
2.524414
2.548828
2.548828
2.539062
2.524414
2.539062
2.534180
2.534180
2.519531
2.553711
2.539062
2.568359
2.529297
2.539062
2.563477
2.548828
2.548828
2.543945
2.558594
2.573242
2.534180
2.548828
2.573242
2.529297
2.558594
2.568359
2.548828
2.558594
2.583008
2.583008
2.617188
2.543945
2.534180
2.587891
2.534180
2.539062
2.568359
2.548828
2.529297
2.534180
2.539062
2.539062
2.529297
2.514648
2.524414
2.548828
2.529297
2.509766
2.539062
2.509766
2.539062
2.509766
2.543945
2.558594
2.539062
2.548828
2.514648
2.548828
2.543945
2.539062
2.543945
2.529297
2.543945
2.534180
2.539062
2.534180
2.553711
2.529297
2.563477
2.553711
2.558594
2.534180
2.558594
2.563477
2.553711
2.553711
2.558594
2.539062
2.553711
2.587891
2.539062
2.548828
2.553711
2.534180
2.543945
2.519531
2.524414
2.558594
2.553711
2.519531
2.563477
2.548828
2.553711
2.543945
2.548828
2.578125
2.578125
2.548828
2.578125
2.578125
2.587891
2.563477
2.583008
2.573242
2.573242
2.592773
2.592773
2.587891
2.553711
2.583008
2.587891
2.539062
2.568359
2.578125
2.568359
2.617188
2.612305
2.578125
2.568359
2.563477
2.578125
2.573242
2.626953
2.578125
2.539062
2.587891
2.592773
2.568359
2.578125
2.563477
2.524414
2.543945
2.543945
2.558594
2.583008
2.563477
2.568359
2.543945
2.578125
2.587891
2.573242
2.558594
2.573242
2.548828
2.578125
2.558594
2.592773
2.563477
2.548828
2.568359
2.573242
2.563477
2.563477
2.578125
2.587891
2.578125
2.553711
2.558594
2.587891
2.548828
2.543945
2.553711
2.519531
2.563477
2.558594
2.534180
2.558594
2.558594
2.558594
2.548828
2.539062
2.543945
2.558594
2.553711
2.573242
2.543945
2.539062
2.543945
2.509766
2.509766
2.509766
2.548828
2.519531
2.558594
2.587891
2.524414
2.578125
2.543945
2.548828
2.563477
2.548828
2.553711
2.583008
2.539062
2.553711
2.543945
2.534180
2.543945
2.553711
2.558594
2.534180
2.534180
2.573242
2.558594
2.548828
2.534180
2.539062
2.534180
2.563477
2.529297
2.500000
2.539062
2.558594
2.543945
2.534180
2.529297
2.558594
2.514648
2.519531
2.539062
2.539062
2.543945
2.543945
2.543945
2.543945
2.504883
2.524414
2.539062
2.539062
2.558594
2.563477
2.553711
2.592773
2.587891
2.568359
2.548828
2.568359
2.558594
2.573242
2.558594
2.539062
2.539062
2.534180
2.548828
2.553711
2.534180
2.573242
2.548828
2.539062
2.548828
2.563477
2.509766
2.543945
2.543945
2.534180
2.519531
2.524414
2.509766
2.539062
2.558594
2.529297
2.539062
2.548828
2.539062
2.529297
2.548828
2.543945
2.553711
2.563477
2.543945
2.529297
2.529297
2.543945
2.534180
2.558594
2.529297
2.568359
2.548828
2.578125
2.592773
2.597656
2.592773
2.578125
2.539062
2.519531
2.534180
2.553711
2.519531
2.519531
2.524414
2.485352
2.524414
2.519531
2.509766
2.539062
2.519531
2.548828
2.519531
2.519531
2.543945
2.519531
2.514648
2.539062
2.539062
2.534180
2.534180
2.519531
2.539062
2.543945
2.529297
2.514648
2.524414
2.543945
2.539062
2.539062
2.568359
2.539062
2.548828
2.543945
2.543945
2.553711
2.553711
2.534180
2.563477
2.568359
2.529297
2.519531
2.558594
2.597656
2.534180
2.558594
2.553711
2.543945
2.539062
2.500000
2.509766
2.539062
2.519531
2.543945
2.558594
2.578125
2.548828
2.548828
2.548828
2.568359
2.573242
2.558594
2.563477
2.539062
2.592773
2.563477
2.587891
2.578125
2.592773
2.587891
2.607422
2.587891
2.587891
2.597656
2.597656
2.573242
2.597656
2.602539
2.587891
2.597656
2.602539
2.602539
2.583008
2.534180
2.534180
2.563477
2.568359
2.607422
2.597656
2.597656
2.597656
2.553711
2.578125
2.558594
2.543945
2.529297
2.543945
2.524414
2.568359
2.553711
2.573242
2.548828
2.597656
2.553711
2.587891
2.553711
2.553711
2.587891
2.573242
2.529297
2.602539
2.602539
2.587891
2.587891
2.563477
2.578125
2.553711
2.573242
2.534180
2.573242
2.548828
2.578125
2.563477
2.583008
2.573242
2.558594
2.578125
2.597656
2.548828
2.514648
2.553711
2.587891
2.524414
2.568359
2.534180
2.539062
2.548828
2.548828
2.534180
2.578125
2.519531
2.568359
2.534180
2.509766
2.500000
2.539062
2.553711
2.529297
2.558594
2.578125
2.543945
2.548828
2.583008
2.548828
2.583008
2.563477
2.543945
2.543945
2.558594
2.553711
2.553711
2.543945
2.558594
2.529297
2.529297
2.539062
2.568359
2.548828
2.548828
2.548828
2.548828
2.548828
2.563477
2.534180
2.553711
2.558594
2.529297
2.539062
2.534180
2.553711
2.534180
2.534180
2.534180
2.534180
2.543945
2.529297
2.519531
2.587891
2.563477
2.529297
2.539062
2.539062
2.534180
2.539062
2.534180
2.563477
2.539062
2.617188
2.558594
2.553711
2.563477
2.553711
2.553711
2.563477
2.597656
2.529297
2.548828
2.558594
2.558594
2.563477
2.539062
2.509766
2.558594
2.543945
2.529297
2.563477
2.534180
2.539062
2.563477
2.509766
2.543945
2.534180
2.548828
2.519531
2.553711
2.534180
2.539062
2.543945
2.543945
2.548828
2.553711
2.563477
2.539062
2.539062
2.539062
2.548828
2.529297
2.529297
2.543945
2.548828
2.534180
2.553711
2.553711
2.578125
2.592773
2.587891
2.553711
2.592773
2.534180
2.543945
2.519531
2.548828
2.500000
2.500000
2.543945
2.509766
2.519531
2.485352
2.553711
2.519531
2.539062
2.514648
2.490234
2.524414
2.524414
2.509766
2.509766
2.543945
2.529297
2.529297
2.539062
2.539062
2.519531
2.509766
2.524414
2.539062
2.539062
2.539062
2.539062
2.539062
2.539062
2.553711
2.539062
2.529297
2.553711
2.553711
2.534180
2.539062
2.529297
2.553711
2.578125
2.543945
2.534180
2.534180
2.543945
2.543945
2.558594
2.509766
2.548828
2.548828
2.558594
2.548828
2.534180
2.543945
2.587891
2.519531
2.539062
2.558594
2.583008
2.553711
2.563477
2.583008
2.597656
2.573242
2.573242
2.563477
2.592773
2.568359
2.573242
2.573242
2.578125
2.587891
2.622070
2.558594
2.587891
2.607422
2.548828
2.534180
2.592773
2.617188
2.578125
2.592773
2.612305
2.553711
2.622070
2.578125
2.563477
2.592773
2.573242
2.587891
2.597656
2.592773
2.563477
2.553711
2.534180
2.558594
2.548828
2.558594
2.583008
2.553711
2.587891
2.602539
2.587891
2.573242
2.592773
2.563477
2.602539
2.573242
2.607422
2.583008
2.607422
2.568359
2.578125
2.592773
2.548828
2.583008
2.578125
2.563477
2.573242
2.578125
2.573242
2.573242
2.529297
2.587891
2.539062
2.587891
2.553711
2.568359
2.568359
2.568359
2.534180
2.573242
2.553711
2.543945
2.563477
2.548828
2.568359
2.558594
2.548828
2.558594
2.539062
2.558594
2.543945
2.543945
2.514648
2.524414
2.504883
2.539062
2.543945
2.534180
2.568359
2.563477
2.543945
2.543945
2.578125
2.573242
2.539062
2.529297
2.534180
2.543945
2.553711
2.529297
2.568359
2.548828
2.558594
2.553711
2.519531
2.568359
2.548828
2.534180
2.534180
2.524414
2.539062
2.529297
2.524414
2.543945
2.514648
2.539062
2.534180
2.529297
2.548828
2.558594
2.543945
2.543945
2.524414
2.543945
2.543945
2.524414
2.534180
2.509766
2.563477
2.539062
2.534180
2.553711
2.548828
2.597656
2.578125
2.587891
2.587891
2.558594
2.568359
2.583008
2.548828
2.573242
2.573242
2.548828
2.534180
2.558594
2.524414
2.529297
2.578125
2.524414
2.543945
2.558594
2.529297
2.543945
2.553711
2.573242
2.529297
2.573242
2.548828
2.548828
2.548828
2.529297
2.553711
2.534180
2.548828
2.558594
2.583008
2.558594
2.534180
2.558594
2.573242
2.539062
2.553711
2.558594
2.548828
2.558594
2.539062
2.583008
2.543945
2.568359
2.558594
2.583008
2.602539
2.568359
2.563477
2.583008
2.534180
2.524414
2.543945
2.548828
2.509766
2.509766
2.543945
2.514648
2.534180
2.539062
2.519531
2.514648
2.509766
2.543945
2.509766
2.539062
2.553711
2.519531
2.548828
2.509766
2.519531
2.534180
2.529297
2.529297
2.529297
2.529297
2.534180
2.529297
2.524414
2.519531
2.524414
2.539062
2.548828
2.558594
2.543945
2.534180
2.543945
2.543945
2.558594
2.548828
2.539062
2.548828
2.548828
2.539062
2.563477
2.539062
2.563477
2.534180
2.543945
2.524414
2.543945
2.529297
2.514648
2.514648
2.514648
2.524414
2.558594
2.548828
2.529297
2.543945
2.543945
2.558594
2.558594
2.553711
2.583008
2.553711
2.592773
2.578125
2.587891
2.597656
2.607422
2.578125
2.587891
2.563477
2.587891
2.587891
2.587891
2.622070
2.543945
2.578125
2.563477
2.578125
2.587891
2.563477
2.597656
2.583008
2.587891
2.558594
2.587891
2.568359
2.583008
2.592773
2.568359
2.573242
2.617188
2.543945
2.543945
2.509766
2.534180
2.548828
2.558594
2.563477
2.563477
2.568359
2.539062
2.597656
2.558594
2.578125
2.558594
2.573242
2.534180
2.548828
2.583008
2.612305
2.587891
2.587891
2.568359
2.587891
2.563477
2.578125
2.578125
2.534180
2.587891
2.558594
2.573242
2.573242
2.563477
2.592773
2.578125
2.539062
2.568359
2.573242
2.578125
2.548828
2.548828
2.568359
2.587891
2.524414
2.573242
2.558594
2.539062
2.568359
2.529297
2.553711
2.548828
2.509766
2.534180
2.534180
2.543945
2.553711
2.553711
2.534180
2.543945
2.597656
2.548828
2.587891
2.578125
2.558594
2.539062
2.553711
2.543945
2.553711
2.553711
2.558594
2.548828
2.519531
2.568359
2.548828
2.553711
2.553711
2.553711
2.543945
2.563477
2.553711
2.543945
2.563477
2.553711
2.534180
2.534180
2.534180
2.558594
2.524414
2.543945
2.563477
2.543945
2.539062
2.553711
2.543945
2.529297
2.529297
2.519531
2.514648
2.524414
2.553711
2.534180
2.529297
2.553711
2.578125
2.558594
2.587891
2.553711
2.587891
2.543945
2.578125
2.558594
2.553711
2.568359
2.534180
2.543945
2.563477
2.563477
2.543945
2.543945
2.563477
2.573242
2.583008
2.543945
2.534180
2.578125
2.529297
2.529297
2.548828
2.534180
2.539062
2.514648
2.534180
2.548828
2.563477
2.548828
2.539062
2.534180
2.553711
2.558594
2.539062
2.548828
2.558594
2.529297
2.543945
2.558594
2.539062
2.553711
2.563477
2.553711
2.543945
2.558594
2.558594
2.583008
2.597656
2.558594
2.568359
2.563477
2.534180
2.543945
2.548828
2.539062
2.509766
2.534180
2.519531
2.519531
2.524414
2.534180
2.480469
2.539062
2.519531
2.529297
2.539062
2.529297
2.534180
2.509766
2.534180
2.529297
2.558594
2.553711
2.524414
2.543945
2.534180
2.534180
2.539062
2.534180
2.548828
2.543945
2.543945
2.534180
2.543945
2.524414
2.543945
2.548828
2.543945
2.543945
2.543945
2.543945
2.558594
2.563477
2.539062
2.553711
2.553711
2.553711
2.539062
2.524414
2.539062
2.519531
2.558594
2.543945
2.500000
2.519531
2.548828
2.543945
2.563477
2.583008
2.548828
2.509766
2.558594
2.529297
2.558594
2.587891
2.563477
2.592773
2.568359
2.568359
2.578125
2.607422
2.553711
2.578125
2.583008
2.573242
2.592773
2.583008
2.597656
2.597656
2.573242
2.592773
2.612305
2.592773
2.602539
2.602539
2.592773
2.587891
2.573242
2.583008
2.573242
2.602539
2.597656
2.568359
2.607422
2.514648
2.573242
2.490234
2.534180
2.529297
2.543945
2.553711
2.539062
2.587891
2.553711
2.543945
2.548828
2.563477
2.534180
2.578125
2.539062
2.573242
2.563477
2.592773
2.592773
2.587891
2.578125
2.573242
2.583008
2.573242
2.563477
2.563477
2.539062
2.597656
2.563477
2.529297
2.578125
2.578125
2.602539
2.568359
2.563477
2.543945
2.563477
2.568359
2.563477
2.558594
2.583008
2.558594
2.548828
2.563477
2.553711
2.553711
2.534180
2.543945
2.548828
2.529297
2.509766
2.539062
2.500000
2.539062
2.558594
2.558594
2.529297
2.548828
2.578125
2.587891
2.553711
2.534180
2.558594
2.553711
2.539062
2.548828
2.548828
2.548828
2.534180
2.553711
2.558594
2.553711
2.548828
2.539062
2.539062
2.534180
2.548828
2.514648
2.563477
2.553711
2.548828
2.539062
2.553711
2.543945
2.558594
2.529297
2.543945
2.543945
2.529297
2.553711
2.539062
2.543945
2.524414
2.548828
2.519531
2.529297
2.543945
2.500000
2.529297
2.534180
2.519531
2.553711
2.563477
2.583008
2.553711
2.573242
2.578125
2.573242
2.583008
2.568359
2.563477
2.548828
2.568359
2.558594
2.563477
2.553711
2.553711
2.534180
2.543945
2.553711
2.519531
2.553711
2.558594
2.524414
2.524414
2.563477
2.519531
2.553711
2.539062
2.539062
2.529297
2.548828
2.529297
2.543945
2.539062
2.539062
2.553711
2.563477
2.563477
2.534180
2.563477
2.553711
2.543945
2.524414
2.548828
2.539062
2.509766
2.548828
2.553711
2.558594
2.548828
2.587891
2.592773
2.578125
2.543945
2.553711
2.563477
2.534180
2.509766
2.509766
2.524414
2.543945
2.509766
2.524414
2.524414
2.529297
2.529297
2.539062
2.514648
2.519531
2.514648
2.519531
2.519531
2.509766
2.534180
2.534180
2.524414
2.539062
2.524414
2.558594
2.548828
2.534180
2.514648
2.539062
2.534180
2.534180
2.539062
2.553711
2.529297
2.543945
2.568359
2.534180
2.548828
2.534180
2.558594
2.548828
2.548828
2.543945
2.553711
2.543945
2.568359
2.563477
2.563477
2.543945
2.558594
2.519531
2.519531
2.558594
2.534180
2.543945
2.568359
2.509766
2.578125
2.548828
2.558594
2.573242
2.568359
2.578125
2.583008
2.568359
2.558594
2.573242
2.578125
2.568359
2.592773
2.607422
2.597656
2.583008
2.583008
2.563477
2.573242
2.563477
2.578125
2.597656
2.612305
2.573242
2.597656
2.607422
2.573242
2.597656
2.573242
2.553711
2.573242
2.573242
2.602539
2.578125
2.583008
2.587891
2.553711
2.626953
2.529297
2.553711
2.534180
2.539062
2.529297
2.592773
2.558594
2.563477
2.597656
2.563477
2.602539
2.573242
2.612305
2.578125
2.578125
2.587891
2.583008
2.578125
2.583008
2.563477
2.578125
2.558594
2.548828
2.548828
2.558594
2.563477
2.573242
2.563477
2.568359
2.524414
2.553711
2.607422
2.539062
2.563477
2.529297
2.558594
2.612305
2.558594
2.563477
2.553711
2.514648
2.519531
2.592773
2.573242
2.529297
2.534180
2.543945
2.587891
2.553711
2.543945
2.524414
2.524414
2.519531
2.529297
2.548828
2.548828
2.539062
2.553711
2.548828
2.563477
2.573242
2.548828
2.558594
2.587891
2.548828
2.573242
2.553711
2.543945
2.539062
2.548828
2.543945
2.539062
2.543945
2.558594
2.539062
2.539062
2.548828
2.578125
2.534180
2.539062
2.558594
2.548828
2.534180
2.553711
2.553711
2.519531
2.529297
2.539062
2.539062
2.509766
2.529297
2.539062
2.539062
2.553711
2.529297
2.539062
2.553711
2.514648
2.509766
2.519531
2.553711
2.568359
2.578125
2.587891
2.573242
2.597656
2.592773
2.578125
2.573242
2.592773
2.563477
2.568359
2.578125
2.543945
2.543945
2.568359
2.539062
2.578125
2.539062
2.543945
2.543945
2.578125
2.548828
2.553711
2.509766
2.519531
2.553711
2.543945
2.534180
2.543945
2.534180
2.543945
2.543945
2.534180
2.509766
2.543945
2.568359
2.539062
2.548828
2.534180
2.539062
2.583008
2.524414
2.568359
2.534180
2.553711
2.558594
2.548828
2.529297
2.573242
2.612305
2.592773
2.587891
2.568359
2.558594
2.534180
2.553711
2.553711
2.543945
2.534180
2.539062
2.524414
2.509766
2.539062
2.519531
2.519531
2.534180
2.524414
2.504883
2.524414
2.519531
2.563477
2.539062
2.524414
2.519531
2.534180
2.534180
2.524414
2.543945
2.558594
2.514648
2.543945
2.558594
2.573242
2.548828
2.534180
2.514648
2.519531
2.543945
2.539062
2.543945
2.558594
2.529297
2.543945
2.539062
2.543945
2.553711
2.543945
2.543945
2.558594
2.563477
2.563477
2.539062
2.553711
2.573242
2.558594
2.504883
2.514648
2.539062
2.539062
2.563477
2.514648
2.539062
2.543945
2.529297
2.578125
2.553711
2.553711
2.558594
2.563477
2.573242
2.578125
2.573242
2.597656
2.568359
2.597656
2.573242
2.568359
2.573242
2.592773
2.558594
2.568359
2.573242
2.592773
2.612305
2.597656
2.587891
2.563477
2.563477
2.597656
2.543945
2.592773
2.558594
2.573242
2.563477
2.563477
2.587891
2.573242
2.597656
2.607422
2.587891
2.553711
2.543945
2.514648
2.534180
2.539062
2.553711
2.573242
2.587891
2.573242
2.563477
2.578125
2.553711
2.592773
2.587891
2.568359
2.553711
2.587891
2.573242
2.597656
2.573242
2.568359
2.592773
2.583008
2.573242
2.602539
2.573242
2.558594
2.534180
2.602539
2.563477
2.617188
2.543945
2.558594
2.578125
2.553711
2.587891
2.578125
2.539062
2.578125
2.558594
2.543945
2.578125
2.514648
2.578125
2.529297
2.583008
2.539062
2.558594
2.553711
2.563477
2.524414
2.534180
2.529297
2.558594
2.543945
2.563477
2.558594
2.563477
2.578125
2.553711
2.529297
2.563477
2.563477
2.578125
2.539062
2.558594
2.558594
2.578125
2.553711
2.543945
2.529297
2.543945
2.539062
2.539062
2.568359
2.548828
2.563477
2.524414
2.573242
2.539062
2.514648
2.539062
2.524414
2.578125
2.529297
2.534180
2.573242
2.558594
2.534180
2.563477
2.504883
2.534180
2.563477
2.529297
2.563477
2.509766
2.548828
2.534180
2.529297
2.519531
2.548828
2.553711
2.558594
2.592773
2.597656
2.583008
2.558594
2.602539
2.543945
2.573242
2.553711
2.548828
2.558594
2.568359
2.534180
2.563477
2.548828
2.543945
2.543945
2.543945
2.519531
2.558594
2.539062
2.519531
2.529297
2.534180
2.563477
2.534180
2.573242
2.578125
2.548828
2.543945
2.529297
2.534180
2.524414
2.553711
2.558594
2.558594
2.548828
2.529297
2.563477
2.548828
2.543945
2.534180
2.548828
2.563477
2.553711
2.563477
2.553711
2.587891
2.597656
2.612305
2.602539
2.568359
2.534180
2.558594
2.563477
2.534180
2.524414
2.514648
2.495117
2.514648
2.514648
2.534180
2.519531
2.539062
2.534180
2.529297
2.539062
2.534180
2.529297
2.529297
2.524414
2.509766
2.558594
2.519531
2.534180
2.539062
2.539062
2.543945
2.563477
2.548828
2.553711
2.548828
2.558594
2.553711
2.529297
2.553711
2.553711
2.543945
2.509766
2.534180
2.534180
2.534180
2.558594
2.539062
2.578125
2.534180
2.573242
2.573242
2.563477
2.543945
2.543945
2.543945
2.519531
2.539062
2.514648
2.524414
2.548828
2.543945
2.539062
2.543945
2.553711
2.558594
2.568359
2.558594
2.573242
2.592773
2.529297
2.587891
2.563477
2.558594
2.578125
2.578125
2.553711
2.558594
2.548828
2.548828
2.587891
2.563477
2.558594
2.568359
2.573242
2.597656
2.573242
2.573242
2.587891
2.592773
2.597656
2.587891
2.553711
2.583008
2.602539
2.587891
2.597656
2.592773
2.539062
2.592773
2.578125
2.539062
2.558594
2.534180
2.509766
2.534180
2.568359
2.568359
2.534180
2.548828
2.563477
2.578125
2.563477
2.568359
2.558594
2.597656
2.558594
2.578125
2.578125
2.568359
2.553711
2.578125
2.602539
2.578125
2.548828
2.587891
2.578125
2.568359
2.597656
2.597656
2.534180
2.553711
2.583008
2.548828
