1.875000
1.523438
1.254883
1.044922
0.898438
0.859375
0.996094
1.215820
1.518555
2.006836
2.539062
3.110352
3.701172
4.257812
4.707031
5.063477
5.224609
5.249023
5.053711
4.702148
4.199219
3.583984
2.875977
2.153320
1.420898
0.854492
0.341797
0.019531
-0.136719
-0.122070
0.126953
0.468750
0.937500
1.538086
2.119141
2.675781
3.222656
3.647461
4.013672
4.169922
4.282227
4.248047
4.082031
3.872070
3.535156
3.266602
2.944336
2.724609
2.607422
2.558594
2.563477
2.602539
2.583008
2.631836
2.592773
2.602539
2.612305
2.587891
2.553711
2.553711
2.548828
2.548828
2.563477
2.592773
2.534180
2.558594
2.597656
2.563477
2.578125
2.578125
2.548828
2.587891
2.558594
2.563477
2.573242
2.587891
2.573242
2.578125
2.578125
2.583008
2.573242
2.597656
2.583008
2.578125
2.543945
2.568359
2.578125
2.592773
2.558594
2.568359
2.626953
2.568359
2.563477
2.529297
2.548828
2.592773
2.558594
2.583008
2.543945
2.539062
2.587891
2.543945
2.563477
2.548828
2.563477
2.548828
2.534180
2.543945
2.539062
2.543945
2.543945
2.534180
2.578125
2.578125
2.534180
2.612305
2.543945
2.539062
2.558594
2.583008
2.583008
2.568359
2.558594
2.534180
2.587891
2.558594
2.578125
2.553711
2.539062
2.534180
2.558594
2.558594
2.539062
2.558594
2.563477
2.563477
2.539062
2.558594
2.553711
2.553711
2.553711
2.534180
2.539062
2.529297
2.543945
2.568359
2.553711
2.563477
2.553711
2.529297
2.543945
2.553711
2.529297
2.553711
2.543945
2.509766
2.543945
2.553711
2.553711
2.558594
2.597656
2.592773
2.573242
2.587891
2.602539
2.607422
2.587891
2.573242
2.563477
2.558594
2.563477
2.568359
2.553711
2.573242
2.543945
2.524414
2.583008
2.553711
2.563477
2.539062
2.519531
2.558594
2.543945
2.573242
2.568359
2.548828
2.558594
2.558594
2.539062
2.563477
2.519531
2.543945
2.553711
2.539062
2.514648
2.543945
2.543945
2.534180
2.548828
2.558594
2.543945
2.548828
2.539062
2.553711
2.543945
2.539062
2.578125
2.573242
2.597656
2.602539
2.553711
2.578125
2.563477
2.563477
2.558594
2.514648
2.539062
2.504883
2.558594
2.553711
2.509766
2.509766
2.539062
2.529297
2.543945
2.514648
2.534180
2.504883
2.548828
2.529297
2.534180
2.558594
2.543945
2.539062
2.573242
2.543945
2.529297
2.558594
2.529297
2.539062
2.534180
2.534180
2.548828
2.548828
2.563477
2.548828
2.543945
2.553711
2.548828
2.543945
2.568359
2.553711
2.563477
2.573242
2.553711
2.553711
2.553711
2.563477
2.597656
2.563477
2.548828
2.539062
2.529297
2.568359
2.568359
2.558594
2.592773
2.563477
2.563477
2.534180
2.539062
2.558594
2.573242
2.592773
2.534180
2.573242
2.548828
2.573242
2.592773
2.568359
2.597656
2.607422
2.602539
2.563477
2.587891
2.587891
2.607422
2.587891
2.563477
2.587891
2.583008
2.583008
2.583008
2.558594
2.592773
2.622070
2.583008
2.592773
2.587891
2.592773
2.539062
2.592773
2.587891
2.592773
2.583008
2.602539
2.578125
2.568359
2.543945
2.524414
2.543945
2.519531
2.553711
2.563477
2.578125
2.563477
2.592773
2.578125
2.558594
2.568359
2.563477
2.573242
2.587891
2.583008
2.568359
2.607422
2.568359
2.573242
2.563477
2.558594
2.607422
2.568359
2.578125
2.573242
2.553711
2.597656
2.587891
2.543945
2.568359
2.578125
2.504883
2.607422
2.543945
2.573242
2.617188
2.548828
2.558594
2.553711
2.529297
2.558594
2.543945
2.558594
2.548828
2.587891
2.543945
2.534180
2.553711
2.553711
2.529297
2.539062
2.519531
2.543945
2.592773
2.558594
2.558594
2.539062
2.573242
2.578125
2.578125
2.558594
2.553711
2.543945
2.553711
2.548828
2.558594
2.548828
2.553711
2.563477
2.573242
2.568359
2.558594
2.563477
2.563477
2.563477
2.524414
2.529297
2.539062
2.519531
2.519531
2.529297
2.529297
2.548828
2.553711
2.563477
2.548828
2.519531
2.534180
2.534180
2.553711
2.543945
2.553711
2.558594
2.529297
2.529297
2.548828
2.529297
2.543945
2.529297
2.587891
2.543945
2.617188
2.592773
2.602539
2.612305
2.573242
2.583008
2.553711
2.548828
2.573242
2.553711
2.548828
2.573242
2.534180
2.529297
2.548828
2.553711
2.539062
2.524414
2.543945
2.534180
2.563477
2.553711
2.543945
2.543945
2.558594
2.509766
2.583008
2.553711
2.534180
2.548828
2.534180
2.553711
2.529297
2.543945
2.524414
2.534180
2.587891
2.529297
2.543945
2.543945
2.548828
2.524414
2.548828
2.553711
2.519531
2.553711
2.563477
2.617188
2.592773
2.597656
2.602539
2.553711
2.573242
2.548828
2.548828
2.543945
2.519531
2.519531
2.519531
2.534180
2.539062
2.524414
2.539062
2.524414
2.524414
2.529297
2.543945
2.543945
2.563477
2.539062
2.543945
2.539062
2.534180
2.558594
2.504883
2.514648
2.495117
2.529297
2.534180
2.553711
2.524414
2.543945
2.529297
2.568359
2.553711
2.534180
2.543945
2.558594
2.558594
2.558594
2.539062
2.548828
2.578125
2.553711
2.558594
2.558594
2.563477
2.539062
2.578125
2.563477
2.539062
2.558594
2.529297
2.534180
2.543945
2.529297
2.558594
2.553711
2.529297
2.578125
2.558594
2.563477
2.563477
2.602539
2.568359
2.548828
2.553711
2.573242
2.587891
2.592773
2.597656
2.573242
2.573242
2.597656
2.587891
2.573242
2.592773
2.597656
2.568359
2.583008
2.592773
2.617188
2.607422
2.578125
2.602539
2.543945
2.558594
2.568359
2.563477
2.631836
2.573242
2.573242
2.602539
2.578125
2.592773
2.607422
2.607422
2.568359
2.563477
2.534180
2.558594
2.539062
2.558594
2.548828
2.573242
2.543945
2.558594
2.558594
2.563477
2.568359
2.558594
2.558594
2.592773
2.548828
2.568359
2.573242
2.553711
2.597656
2.583008
2.568359
2.563477
2.592773
2.583008
2.558594
2.612305
2.558594
2.578125
2.578125
2.534180
2.563477
2.578125
2.573242
2.543945
2.543945
2.543945
2.607422
2.558594
2.568359
2.558594
2.558594
2.573242
2.573242
2.568359
2.539062
2.553711
2.573242
2.539062
2.529297
2.495117
2.543945
2.539062
2.539062
2.548828
2.543945
2.563477
2.578125
2.563477
2.592773
2.558594
2.558594
2.548828
2.587891
2.573242
2.553711
2.553711
2.563477
2.553711
2.553711
2.553711
2.558594
2.543945
2.519531
2.558594
2.563477
2.548828
2.543945
2.558594
2.563477
2.539062
2.539062
2.578125
2.534180
2.524414
2.539062
2.539062
2.519531
2.534180
2.548828
2.543945
2.548828
2.548828
2.553711
2.568359
2.519531
2.543945
2.509766
2.543945
2.539062
2.568359
2.568359
2.553711
2.597656
2.597656
2.592773
2.578125
2.578125
2.573242
2.543945
2.573242
2.568359
2.568359
2.534180
2.524414
2.558594
2.529297
2.543945
2.553711
2.534180
2.539062
2.548828
2.558594
2.558594
2.553711
2.519531
2.519531
2.558594
2.592773
2.548828
2.548828
2.558594
2.573242
2.553711
2.534180
2.543945
2.548828
2.514648
2.534180
2.573242
2.548828
2.558594
2.568359
2.573242
2.558594
2.548828
2.548828
2.548828
2.558594
2.558594
2.548828
2.597656
2.558594
2.578125
2.563477
2.509766
2.534180
2.534180
2.529297
2.509766
2.529297
2.509766
2.534180
2.519531
2.519531
2.529297
2.539062
2.524414
2.524414
2.524414
2.519531
2.524414
2.524414
2.539062
2.539062
2.539062
2.534180
2.539062
2.543945
2.539062
2.524414
2.543945
2.539062
2.558594
2.529297
2.539062
2.524414
2.539062
2.558594
2.548828
2.548828
2.534180
2.563477
2.543945
2.573242
2.548828
2.539062
2.568359
2.553711
2.587891
2.558594
2.553711
2.529297
2.573242
2.543945
2.534180
2.534180
2.543945
2.529297
2.558594
2.573242
2.553711
2.529297
2.563477
2.568359
2.529297
2.568359
2.553711
2.539062
2.563477
2.597656
2.578125
2.573242
2.578125
2.592773
2.587891
2.602539
2.587891
2.587891
2.568359
2.563477
2.568359
2.573242
2.539062
2.583008
2.573242
2.592773
2.558594
2.587891
2.583008
2.558594
2.558594
2.583008
2.558594
2.578125
2.583008
2.553711
2.592773
2.573242
2.558594
2.534180
2.573242
2.543945
2.563477
2.543945
2.568359
2.558594
2.563477
2.563477
2.563477
2.568359
2.558594
2.587891
2.563477
2.558594
2.568359
2.587891
2.617188
2.573242
2.553711
2.578125
2.553711
2.558594
2.558594
2.578125
2.612305
2.563477
2.534180
2.597656
2.553711
2.578125
2.558594
2.558594
2.583008
2.578125
2.539062
2.558594
2.568359
2.568359
2.578125
2.573242
2.563477
2.573242
2.543945
2.539062
2.553711
2.548828
2.548828
2.519531
2.504883
2.509766
2.529297
2.534180
2.524414
2.558594
2.543945
2.543945
2.548828
2.587891
2.539062
2.592773
2.563477
2.568359
2.558594
2.573242
2.563477
2.578125
2.558594
2.543945
2.578125
2.529297
2.548828
2.548828
2.563477
2.548828
2.543945
2.543945
2.553711
2.543945
2.539062
2.553711
2.548828
2.509766
2.534180
2.558594
2.553711
2.548828
2.529297
2.524414
2.548828
2.524414
2.543945
2.524414
2.573242
2.553711
2.548828
2.529297
2.524414
2.514648
2.534180
2.597656
2.563477
2.592773
2.612305
2.612305
2.563477
2.587891
2.558594
2.573242
2.563477
2.558594
2.534180
2.539062
2.543945
2.529297
2.534180
2.553711
2.519531
2.529297
2.543945
2.543945
2.529297
2.534180
2.543945
2.539062
2.519531
2.543945
2.558594
2.573242
2.514648
2.539062
2.539062
2.548828
2.543945
2.519531
2.578125
2.509766
2.543945
2.548828
2.534180
2.534180
2.558594
2.543945
2.548828
2.553711
2.543945
2.553711
2.573242
2.548828
2.592773
2.578125
2.573242
2.563477
2.543945
2.583008
2.524414
2.519531
2.543945
2.504883
2.543945
2.548828
2.500000
2.548828
2.534180
2.539062
2.534180
2.524414
2.514648
2.553711
2.504883
2.534180
2.509766
2.539062
2.543945
2.514648
2.539062
2.548828
2.553711
2.553711
2.534180
2.543945
2.539062
2.539062
2.563477
2.558594
2.573242
2.529297
2.553711
2.553711
2.539062
2.539062
2.524414
2.553711
2.568359
2.568359
2.568359
2.548828
2.558594
2.563477
2.583008
2.563477
2.539062
2.553711
2.548828
2.529297
2.534180
2.495117
2.529297
2.529297
2.529297
2.563477
2.529297
2.568359
2.568359
2.563477
2.548828
2.587891
2.553711
2.573242
2.607422
2.578125
2.607422
2.597656
2.573242
2.612305
2.602539
2.587891
2.612305
2.578125
2.597656
2.617188
2.602539
2.573242
2.587891
2.563477
2.597656
2.602539
2.573242
2.607422
2.592773
2.602539
2.563477
2.587891
2.568359
2.587891
2.573242
2.587891
2.568359
2.578125
2.578125
2.534180
2.543945
2.558594
2.519531
2.553711
2.558594
2.548828
2.578125
2.583008
2.534180
2.563477
2.563477
2.568359
2.602539
2.568359
2.583008
2.563477
2.558594
2.607422
2.558594
2.602539
2.563477
2.553711
2.587891
2.597656
2.553711
2.592773
2.587891
2.543945
2.578125
2.578125
2.568359
2.553711
2.563477
2.558594
2.548828
2.548828
2.578125
2.524414
2.534180
2.573242
2.509766
2.543945
2.597656
2.539062
2.553711
2.553711
2.534180
2.558594
2.548828
2.490234
2.534180
2.539062
2.519531
2.568359
2.558594
2.553711
2.553711
2.539062
2.573242
2.548828
2.553711
2.553711
2.563477
2.573242
2.543945
2.563477
2.534180
2.543945
2.553711
2.539062
2.573242
2.548828
2.563477
2.548828
2.514648
2.543945
2.534180
2.553711
2.548828
2.563477
2.578125
2.558594
2.563477
2.519531
2.543945
2.543945
2.534180
2.553711
2.524414
2.539062
2.539062
2.534180
2.558594
2.563477
2.519531
2.514648
2.514648
2.504883
2.539062
2.587891
2.553711
2.553711
2.563477
2.553711
2.592773
2.592773
2.573242
2.563477
2.563477
2.548828
2.553711
2.558594
2.524414
2.514648
2.548828
2.553711
2.543945
2.553711
2.524414
2.543945
2.543945
2.543945
2.534180
2.539062
2.529297
2.539062
2.529297
2.578125
2.539062
2.563477
2.514648
2.539062
2.568359
2.558594
2.539062
2.543945
2.563477
2.548828
2.568359
2.539062
2.543945
2.563477
2.539062
2.568359
2.548828
2.563477
2.558594
2.583008
2.573242
2.592773
2.563477
2.548828
2.539062
2.543945
2.558594
2.509766
2.539062
2.490234
2.519531
2.543945
2.495117
2.529297
2.543945
2.524414
2.553711
2.548828
2.519531
2.514648
2.534180
2.534180
2.563477
2.524414
2.539062
2.524414
2.534180
2.558594
2.534180
2.553711
2.514648
2.543945
2.558594
2.543945
2.548828
2.548828
2.543945
2.539062
2.534180
2.563477
2.519531
2.543945
2.558594
2.548828
2.558594
2.534180
2.558594
2.543945
2.558594
2.548828
2.548828
2.543945
2.548828
2.563477
2.548828
2.529297
2.524414
2.514648
2.539062
2.543945
2.514648
2.543945
2.553711
2.539062
2.602539
2.543945
2.563477
2.543945
2.583008
2.548828
2.563477
2.568359
2.578125
2.607422
2.583008
2.573242
2.617188
2.583008
2.563477
2.558594
2.573242
2.602539
2.612305
2.592773
2.592773
2.583008
2.592773
2.578125
2.587891
2.553711
2.592773
2.597656
2.612305
2.578125
2.568359
2.514648
2.592773
2.573242
2.558594
2.563477
2.553711
2.539062
2.558594
2.514648
2.548828
2.548828
2.553711
2.558594
2.543945
2.558594
2.563477
2.568359
2.553711
2.573242
2.563477
2.587891
2.592773
2.573242
2.558594
2.587891
2.543945
2.583008
2.539062
2.573242
2.558594
2.539062
2.558594
2.553711
2.558594
2.573242
2.539062
2.573242
2.529297
2.553711
2.558594
2.578125
2.558594
2.543945
2.553711
2.553711
2.573242
2.529297
2.548828
2.583008
2.539062
2.558594
2.548828
2.534180
2.524414
2.529297
2.539062
2.470703
2.573242
2.548828
2.514648
2.573242
2.529297
2.548828
2.568359
2.563477
2.558594
2.534180
2.529297
2.563477
2.534180
2.543945
2.573242
2.553711
2.529297
2.534180
2.553711
2.558594
2.543945
2.539062
2.524414
2.534180
2.514648
2.543945
2.529297
2.548828
2.548828
2.548828
2.543945
2.534180
2.553711
2.504883
2.553711
2.509766
2.553711
2.519531
2.548828
2.514648
2.534180
2.529297
2.543945
2.553711
2.519531
2.543945
2.534180
2.524414
2.524414
2.548828
2.563477
2.543945
2.529297
2.563477
2.563477
2.548828
2.553711
2.548828
2.543945
2.553711
2.548828
2.573242
2.583008
2.543945
2.534180
2.543945
2.568359
2.514648
2.534180
2.539062
2.563477
2.524414
2.514648
2.558594
2.529297
2.514648
2.514648
2.529297
2.509766
2.519531
2.558594
2.548828
2.543945
2.548828
2.539062
2.529297
2.573242
2.553711
2.514648
2.529297
2.539062
2.524414
2.558594
2.539062
2.553711
2.543945
2.534180
2.558594
2.568359
2.568359
2.583008
2.568359
2.504883
2.558594
2.548828
2.553711
2.519531
2.573242
2.500000
2.548828
2.485352
2.529297
2.514648
2.509766
2.524414
2.539062
2.514648
2.534180
2.543945
2.539062
2.504883
2.514648
2.543945
2.539062
2.514648
2.514648
2.558594
2.514648
2.558594
2.514648
2.558594
2.534180
2.558594
2.543945
2.519531
2.519531
2.568359
2.548828
2.539062
2.543945
2.524414
2.524414
2.548828
2.539062
2.509766
2.558594
2.548828
2.553711
2.573242
2.573242
2.558594
2.558594
2.553711
2.539062
2.504883
2.514648
2.539062
2.563477
2.534180
2.548828
2.539062
2.548828
2.548828
2.558594
2.543945
2.563477
2.558594
2.573242
2.558594
2.578125
2.578125
2.568359
2.573242
2.587891
2.583008
2.568359
2.558594
2.602539
2.583008
2.563477
2.568359
2.578125
2.553711
2.543945
2.553711
2.539062
2.622070
2.563477
2.587891
2.573242
2.568359
2.573242
2.573242
2.568359
2.563477
2.578125
2.592773
2.592773
2.553711
2.539062
2.553711
2.558594
2.529297
2.573242
2.553711
2.573242
2.543945
2.583008
2.568359
2.578125
2.573242
2.563477
2.592773
2.553711
2.626953
2.583008
2.592773
2.597656
2.568359
2.563477
2.568359
2.558594
2.583008
2.539062
2.597656
2.563477
2.514648
2.563477
2.568359
2.583008
2.543945
2.563477
2.553711
2.539062
2.568359
2.563477
2.548828
2.543945
2.597656
2.529297
2.534180
2.553711
2.563477
2.539062
2.558594
2.558594
2.509766
2.583008
2.592773
2.543945
2.524414
2.524414
2.519531
2.539062
2.543945
2.548828
2.548828
2.558594
2.558594
2.578125
2.539062
2.568359
2.543945
2.539062
2.592773
2.534180
2.553711
2.553711
2.548828
2.543945
2.543945
2.519531
2.534180
2.539062
2.519531
2.558594
2.548828
2.548828
2.539062
2.558594
2.543945
2.529297
2.509766
2.543945
2.558594
2.529297
2.558594
2.519531
2.529297
2.514648
2.495117
2.524414
2.524414
2.519531
2.543945
2.519531
2.514648
2.558594
2.563477
2.529297
2.553711
2.539062
2.617188
2.597656
2.583008
2.587891
2.534180
2.568359
2.514648
2.568359
2.548828
2.568359
2.500000
2.558594
2.504883
2.553711
2.524414
2.553711
2.539062
2.519531
2.553711
2.558594
2.539062
2.509766
2.539062
2.558594
2.534180
2.524414
2.539062
2.543945
2.539062
2.534180
2.543945
2.553711
2.553711
2.558594
2.548828
2.529297
2.543945
2.539062
2.563477
2.558594
2.563477
2.529297
2.548828
2.548828
2.558594
2.548828
2.602539
2.587891
2.539062
2.568359
2.548828
2.539062
2.519531
2.514648
2.534180
2.529297
2.509766
2.558594
2.524414
2.534180
2.514648
2.543945
2.534180
2.519531
2.534180
2.534180
2.519531
2.548828
2.534180
2.529297
2.524414
2.519531
2.514648
2.509766
2.539062
2.539062
2.539062
2.573242
2.529297
2.563477
2.543945
2.495117
2.553711
2.529297
2.543945
2.529297
2.539062
2.514648
2.539062
2.548828
2.529297
2.558594
2.539062
2.529297
2.548828
2.543945
2.539062
2.548828
2.558594
2.534180
2.539062
2.543945
2.529297
2.500000
2.529297
2.539062
2.524414
2.524414
2.578125
2.543945
2.543945
2.568359
2.529297
2.578125
2.553711
2.563477
2.558594
2.568359
2.583008
2.563477
2.543945
2.592773
2.583008
2.578125
2.563477
2.592773
2.573242
2.597656
2.543945
2.587891
2.568359
2.568359
2.558594
2.592773
2.597656
2.607422
2.543945
2.553711
2.563477
2.583008
2.573242
2.597656
2.558594
2.592773
2.578125
2.583008
2.563477
2.558594
2.539062
2.519531
2.519531
2.563477
2.553711
2.587891
2.597656
2.548828
2.573242
2.602539
2.612305
2.563477
2.553711
2.578125
2.587891
2.543945
2.578125
2.583008
2.553711
2.539062
2.587891
2.558594
2.543945
2.587891
2.553711
2.524414
2.553711
2.587891
2.563477
2.558594
2.548828
2.573242
2.563477
2.563477
2.534180
2.543945
2.583008
2.539062
2.553711
2.534180
2.563477
2.558594
2.534180
2.553711
2.573242
2.539062
2.558594
2.514648
2.514648
2.490234
2.500000
2.524414
2.543945
2.539062
2.548828
2.578125
2.587891
2.563477
2.543945
2.553711
2.578125
2.548828
2.558594
2.568359
2.568359
2.539062
2.563477
2.553711
2.548828
2.563477
2.529297
2.529297
2.548828
2.592773
2.543945
2.539062
2.543945
2.529297
2.539062
2.519531
2.539062
2.553711
2.543945
2.539062
2.534180
2.529297
2.514648
2.519531
2.529297
2.543945
2.573242
2.534180
2.509766
2.543945
2.524414
2.534180
2.524414
2.578125
2.534180
2.539062
2.578125
2.563477
2.592773
2.573242
2.573242
2.578125
2.558594
2.553711
2.563477
2.563477
2.543945
2.558594
2.524414
2.519531
2.543945
2.514648
2.543945
2.563477
2.524414
2.524414
2.534180
2.500000
2.548828
2.529297
2.534180
2.587891
2.558594
2.519531
2.553711
2.534180
2.509766
2.534180
2.548828
2.524414
2.543945
2.539062
2.519531
2.558594
2.563477
2.553711
2.563477
2.553711
2.553711
2.573242
2.553711
2.568359
2.543945
2.573242
2.553711
2.578125
2.597656
2.553711
2.587891
2.524414
2.548828
2.529297
2.543945
2.500000
2.548828
2.553711
2.529297
2.543945
2.509766
2.509766
2.495117
2.548828
2.548828
2.553711
2.524414
2.558594
2.519531
2.543945
2.539062
2.529297
2.539062
2.543945
2.543945
2.558594
2.548828
2.563477
2.548828
2.568359
2.529297
2.529297
2.534180
2.539062
2.539062
2.529297
2.548828
2.514648
2.534180
2.543945
2.553711
2.524414
2.563477
2.539062
2.553711
2.543945
2.553711
2.539062
2.578125
2.578125
2.534180
2.500000
2.543945
2.534180
2.543945
2.563477
2.539062
2.553711
2.534180
2.587891
2.587891
2.578125
2.568359
2.558594
2.573242
2.612305
2.563477
2.578125
2.539062
2.563477
2.597656
2.553711
2.539062
2.587891
2.558594
2.578125
2.587891
2.578125
2.607422
2.534180
2.558594
2.563477
2.548828
2.548828
2.558594
2.563477
2.578125
