1.708984
1.386719
1.132812
0.957031
0.917969
0.952148
1.044922
1.367188
1.738281
2.241211
2.832031
3.393555
3.989258
4.487305
4.882812
5.161133
5.244141
5.166016
4.931641
4.467773
3.886719
3.232422
2.504883
1.791992
1.113281
0.541992
0.117188
-0.107422
-0.185547
-0.073242
0.244141
0.673828
1.181641
1.772461
2.353516
2.919922
3.413086
3.784180
4.042969
4.223633
4.204102
4.130859
3.950195
3.681641
3.378906
3.061523
2.797852
2.626953
2.548828
2.578125
2.617188
2.548828
2.558594
2.563477
2.539062
2.539062
2.519531
2.543945
2.524414
2.524414
2.529297
2.504883
2.519531
2.519531
2.509766
2.514648
2.495117
2.519531
2.509766
2.519531
2.534180
2.519531
2.519531
2.529297
2.519531
2.514648
2.519531
2.534180
2.553711
2.553711
2.534180
2.553711
2.563477
2.548828
2.553711
2.539062
2.539062
2.553711
2.548828
2.534180
2.558594
2.543945
2.539062
2.558594
2.524414
2.553711
2.548828
2.558594
2.539062
2.534180
2.573242
2.539062
2.543945
2.529297
2.509766
2.534180
2.529297
2.519531
2.514648
2.524414
2.553711
2.543945
2.543945
2.548828
2.553711
2.573242
2.568359
2.548828
2.563477
2.578125
2.563477
2.558594
2.578125
2.573242
2.563477
2.558594
2.563477
2.563477
2.553711
2.539062
2.573242
2.597656
2.583008
2.592773
2.583008
2.563477
2.578125
2.529297
2.539062
2.587891
2.587891
2.573242
2.602539
2.563477
2.583008
2.563477
2.563477
2.583008
2.583008
2.548828
2.563477
2.558594
2.534180
2.519531
2.568359
2.534180
2.543945
2.558594
2.548828
2.573242
2.553711
2.578125
2.592773
2.563477
2.592773
2.583008
2.583008
2.592773
2.558594
2.583008
2.583008
2.543945
2.578125
2.573242
2.578125
2.563477
2.558594
2.568359
2.573242
2.607422
2.583008
2.568359
2.548828
2.578125
2.563477
2.558594
2.568359
2.553711
2.548828
2.548828
2.514648
2.563477
2.548828
2.573242
2.548828
2.534180
2.563477
2.548828
2.539062
2.524414
2.519531
2.509766
2.500000
2.539062
2.534180
2.529297
2.529297
2.578125
2.558594
2.548828
2.587891
2.539062
2.548828
2.568359
2.539062
2.568359
2.529297
2.553711
2.563477
2.539062
2.539062
2.558594
2.534180
2.539062
2.539062
2.543945
2.514648
2.543945
2.534180
2.553711
2.539062
2.529297
2.514648
2.514648
2.553711
2.529297
2.534180
2.543945
2.529297
2.553711
2.529297
2.558594
2.514648
2.519531
2.553711
2.548828
2.548828
2.500000
2.539062
2.553711
2.563477
2.539062
2.563477
2.578125
2.563477
2.568359
2.563477
2.558594
2.558594
2.563477
2.563477
2.529297
2.514648
2.548828
2.558594
2.548828
2.543945
2.548828
2.534180
2.543945
2.519531
2.519531
2.534180
2.543945
2.524414
2.553711
2.534180
2.534180
2.514648
2.558594
2.553711
2.529297
2.539062
2.558594
2.548828
2.529297
2.524414
2.558594
2.548828
2.553711
2.558594
2.539062
2.558594
2.553711
2.539062
2.563477
2.543945
2.587891
2.587891
2.548828
2.548828
2.573242
2.597656
2.534180
2.553711
2.539062
2.553711
2.529297
2.543945
2.529297
2.519531
2.539062
2.514648
2.548828
2.548828
2.568359
2.504883
2.519531
2.524414
2.519531
2.509766
2.543945
2.524414
2.534180
2.558594
2.543945
2.539062
2.583008
2.519531
2.543945
2.534180
2.529297
2.573242
2.534180
2.553711
2.519531
2.543945
2.539062
2.548828
2.539062
2.548828
2.543945
2.558594
2.563477
2.558594
2.534180
2.543945
2.558594
2.558594
2.524414
2.539062
2.573242
2.534180
2.548828
2.514648
2.524414
2.553711
2.568359
2.573242
2.519531
2.543945
2.529297
2.563477
2.548828
2.543945
2.597656
2.578125
2.553711
2.558594
2.583008
2.573242
2.568359
2.568359
2.587891
2.568359
2.587891
2.553711
2.587891
2.592773
2.583008
2.602539
2.592773
2.568359
2.578125
2.573242
2.573242
2.568359
2.592773
2.583008
2.602539
2.573242
2.602539
2.563477
2.583008
2.548828
2.578125
2.568359
2.573242
2.563477
2.534180
2.509766
2.548828
2.509766
2.529297
2.534180
2.573242
2.534180
2.568359
2.597656
2.568359
2.553711
2.583008
2.539062
2.573242
2.553711
2.539062
2.553711
2.568359
2.583008
2.578125
2.587891
2.543945
2.587891
2.548828
2.563477
2.548828
2.534180
2.602539
2.558594
2.578125
2.563477
2.553711
2.548828
2.578125
2.573242
2.553711
2.548828
2.578125
2.563477
2.524414
2.573242
2.568359
2.553711
2.543945
2.553711
2.543945
2.563477
2.539062
2.514648
2.568359
2.534180
2.529297
2.519531
2.558594
2.539062
2.543945
2.543945
2.563477
2.558594
2.558594
2.563477
2.543945
2.568359
2.573242
2.529297
2.587891
2.543945
2.534180
2.543945
2.539062
2.563477
2.573242
2.563477
2.548828
2.558594
2.548828
2.553711
2.539062
2.534180
2.529297
2.543945
2.563477
2.534180
2.524414
2.504883
2.534180
2.548828
2.553711
2.534180
2.558594
2.534180
2.558594
2.524414
2.509766
2.529297
2.529297
2.519531
2.543945
2.553711
2.534180
2.553711
2.573242
2.592773
2.553711
2.587891
2.558594
2.602539
2.563477
2.607422
2.553711
2.568359
2.568359
2.539062
2.539062
2.543945
2.543945
2.534180
2.563477
2.534180
2.514648
2.539062
2.529297
2.543945
2.543945
2.539062
2.534180
2.558594
2.543945
2.553711
2.548828
2.539062
2.524414
2.553711
2.548828
2.543945
2.558594
2.543945
2.534180
2.553711
2.529297
2.539062
2.592773
2.539062
2.592773
2.539062
2.534180
2.558594
2.553711
2.558594
2.592773
2.607422
2.578125
2.558594
2.587891
2.539062
2.553711
2.553711
2.529297
2.548828
2.519531
2.573242
2.548828
2.529297
2.534180
2.529297
2.534180
2.534180
2.509766
2.548828
2.514648
2.534180
2.519531
2.514648
2.553711
2.504883
2.553711
2.548828
2.548828
2.534180
2.548828
2.539062
2.558594
2.543945
2.509766
2.529297
2.539062
2.558594
2.553711
2.548828
2.558594
2.573242
2.539062
2.553711
2.548828
2.534180
2.573242
2.553711
2.539062
2.578125
2.543945
2.568359
2.548828
2.558594
2.558594
2.558594
2.514648
2.519531
2.534180
2.514648
2.543945
2.543945
2.539062
2.558594
2.563477
2.558594
2.543945
2.602539
2.543945
2.607422
2.587891
2.573242
2.573242
2.568359
2.592773
2.602539
2.607422
2.563477
2.597656
2.607422
2.553711
2.592773
2.587891
2.553711
2.636719
2.548828
2.558594
2.592773
2.602539
2.568359
2.607422
2.602539
2.612305
2.612305
2.592773
2.587891
2.597656
2.543945
2.597656
2.602539
2.543945
2.519531
2.514648
2.539062
2.563477
2.578125
2.539062
2.578125
2.592773
2.558594
2.587891
2.583008
2.563477
2.583008
2.587891
2.578125
2.543945
2.592773
2.573242
2.592773
2.553711
2.587891
2.534180
2.573242
2.568359
2.578125
2.568359
2.534180
2.543945
2.563477
2.573242
2.548828
2.548828
2.568359
2.578125
2.568359
2.578125
2.563477
2.563477
2.558594
2.524414
2.500000
2.592773
2.504883
2.563477
2.553711
2.529297
2.543945
2.558594
2.553711
2.539062
2.563477
2.553711
2.519531
2.573242
2.568359
2.568359
2.563477
2.563477
2.543945
2.563477
2.529297
2.563477
2.573242
2.539062
2.534180
2.543945
2.553711
2.553711
2.534180
2.539062
2.553711
2.534180
2.548828
2.558594
2.558594
2.534180
2.514648
2.543945
2.539062
2.553711
2.539062
2.553711
2.539062
2.558594
2.539062
2.539062
2.504883
2.500000
2.539062
2.524414
2.539062
2.553711
2.539062
2.514648
2.514648
2.558594
2.543945
2.543945
2.539062
2.514648
2.578125
2.573242
2.573242
2.607422
2.553711
2.617188
2.558594
2.573242
2.568359
2.558594
2.563477
2.558594
2.587891
2.553711
2.534180
2.529297
2.539062
2.495117
2.543945
2.553711
2.578125
2.539062
2.529297
2.568359
2.529297
2.543945
2.529297
2.543945
2.583008
2.529297
2.548828
2.543945
2.529297
2.553711
2.529297
2.534180
2.568359
2.543945
2.587891
2.568359
2.514648
2.592773
2.534180
2.548828
2.548828
2.539062
2.539062
2.534180
2.563477
2.578125
2.617188
2.583008
2.558594
2.553711
2.553711
2.519531
2.587891
2.539062
2.539062
2.529297
2.504883
2.500000
2.495117
2.539062
2.524414
2.553711
2.504883
2.529297
2.543945
2.558594
2.543945
2.539062
2.519531
2.543945
2.534180
2.529297
2.548828
2.553711
2.534180
2.534180
2.534180
2.568359
2.539062
2.568359
2.524414
2.534180
2.500000
2.558594
2.529297
2.539062
2.529297
2.558594
2.543945
2.573242
2.553711
2.558594
2.519531
2.534180
2.539062
2.583008
2.558594
2.548828
2.553711
2.553711
2.548828
2.543945
2.529297
2.543945
2.539062
2.539062
2.543945
2.529297
2.558594
2.568359
2.548828
2.597656
2.568359
2.558594
2.597656
2.578125
2.558594
2.587891
2.553711
2.587891
2.592773
2.558594
2.568359
2.583008
2.607422
2.607422
2.622070
2.597656
2.607422
2.612305
2.607422
2.578125
2.578125
2.539062
2.607422
2.568359
2.587891
2.592773
2.587891
2.592773
2.592773
2.578125
2.622070
2.573242
2.553711
2.573242
2.553711
2.534180
2.539062
2.553711
2.534180
2.553711
2.592773
2.592773
2.573242
2.592773
2.592773
2.602539
2.563477
2.587891
2.573242
2.583008
2.558594
2.543945
2.583008
2.568359
2.548828
2.563477
2.578125
2.568359
2.558594
2.558594
2.573242
2.573242
2.529297
2.612305
2.519531
2.587891
2.558594
2.553711
2.563477
2.543945
2.543945
2.592773
2.548828
2.558594
2.553711
2.548828
2.529297
2.578125
2.534180
2.553711
2.529297
2.587891
2.524414
2.573242
2.524414
2.524414
2.519531
2.558594
2.548828
2.539062
2.553711
2.563477
2.553711
2.578125
2.548828
2.548828
2.583008
2.558594
2.558594
2.553711
2.553711
2.578125
2.548828
2.529297
2.534180
2.563477
2.534180
2.534180
2.548828
2.558594
2.548828
2.529297
2.543945
2.563477
2.524414
2.519531
2.529297
2.534180
2.524414
2.514648
2.534180
2.539062
2.543945
2.539062
2.558594
2.519531
2.514648
2.543945
2.529297
2.514648
2.539062
2.529297
2.524414
2.543945
2.583008
2.573242
2.573242
2.587891
2.597656
2.558594
2.578125
2.583008
2.568359
2.558594
2.529297
2.558594
2.563477
2.529297
2.539062
2.543945
2.529297
2.563477
2.529297
2.583008
2.539062
2.563477
2.539062
2.529297
2.563477
2.529297
2.563477
2.514648
2.587891
2.558594
2.539062
2.558594
2.543945
2.539062
2.519531
2.558594
2.534180
2.563477
2.583008
2.553711
2.548828
2.534180
2.548828
2.543945
2.548828
2.558594
2.553711
2.553711
2.578125
2.592773
2.578125
2.602539
2.592773
2.548828
2.592773
2.543945
2.553711
2.558594
2.543945
2.539062
2.519531
2.519531
2.504883
2.519531
2.529297
2.524414
2.524414
2.568359
2.543945
2.534180
2.524414
2.524414
2.495117
2.534180
2.539062
2.534180
2.553711
2.558594
2.548828
2.543945
2.543945
2.548828
2.553711
2.548828
2.568359
2.529297
2.553711
2.558594
2.558594
2.558594
2.558594
2.563477
2.587891
2.563477
2.558594
2.539062
2.553711
2.558594
2.558594
2.583008
2.578125
2.534180
2.583008
2.539062
2.539062
2.509766
2.529297
2.548828
2.558594
2.553711
2.543945
2.539062
2.558594
2.548828
2.558594
2.558594
2.587891
2.568359
2.563477
2.612305
2.568359
2.597656
2.592773
2.563477
2.573242
2.578125
2.548828
2.568359
2.573242
2.558594
2.607422
2.602539
2.597656
2.587891
2.592773
2.583008
2.587891
2.563477
2.612305
2.587891
2.592773
2.597656
2.563477
2.558594
2.607422
2.563477
2.597656
2.573242
2.553711
2.539062
2.568359
2.514648
2.563477
2.539062
2.578125
2.573242
2.578125
2.548828
2.592773
2.573242
2.592773
2.592773
2.568359
2.583008
2.573242
2.602539
2.587891
2.558594
2.558594
2.568359
2.568359
2.558594
2.573242
2.548828
2.587891
2.583008
2.558594
2.592773
2.553711
2.548828
2.573242
2.548828
2.578125
2.568359
2.578125
2.539062
2.583008
2.573242
2.563477
2.558594
2.558594
2.558594
2.573242
2.553711
2.587891
2.558594
2.548828
2.573242
2.543945
2.534180
2.543945
2.539062
2.529297
2.558594
2.548828
2.563477
2.548828
2.597656
2.573242
2.607422
2.534180
2.563477
2.573242
2.578125
2.573242
2.563477
2.553711
2.539062
2.568359
2.524414
2.563477
2.558594
2.558594
2.519531
2.568359
2.534180
2.543945
2.578125
2.539062
2.548828
2.583008
2.563477
2.539062
2.543945
2.485352
2.534180
2.539062
2.553711
2.539062
2.563477
2.568359
2.568359
2.519531
2.534180
2.529297
2.539062
2.563477
2.553711
2.534180
2.529297
2.568359
2.563477
2.568359
2.597656
2.553711
2.563477
2.587891
2.548828
2.553711
2.539062
2.553711
2.558594
2.524414
2.529297
2.514648
2.543945
2.529297
2.543945
2.558594
2.519531
2.534180
2.504883
2.529297
2.534180
2.519531
2.558594
2.529297
2.548828
2.524414
2.534180
2.534180
2.553711
2.553711
2.558594
2.534180
2.578125
2.539062
2.539062
2.529297
2.563477
2.529297
2.563477
2.543945
2.519531
2.563477
2.529297
2.534180
2.534180
2.539062
2.568359
2.578125
2.583008
2.553711
2.534180
2.534180
2.539062
2.539062
2.514648
2.500000
2.548828
2.539062
2.529297
2.524414
2.509766
2.529297
2.529297
2.500000
2.558594
2.509766
2.529297
2.504883
2.524414
2.539062
2.563477
2.529297
2.500000
2.514648
2.514648
2.529297
2.529297
2.543945
2.529297
2.553711
2.548828
2.543945
2.558594
2.543945
2.558594
2.548828
2.553711
2.558594
2.539062
2.558594
2.563477
2.568359
2.553711
2.558594
2.539062
2.553711
2.534180
2.529297
2.553711
2.543945
2.539062
2.524414
2.529297
2.495117
2.524414
2.519531
2.558594
2.534180
2.558594
2.543945
2.553711
2.534180
2.563477
2.563477
2.548828
2.578125
2.587891
2.587891
2.573242
2.563477
2.583008
2.573242
2.597656
2.543945
2.543945
2.592773
2.578125
2.607422
2.607422
2.597656
2.592773
2.563477
2.578125
2.612305
2.539062
2.529297
2.573242
2.578125
2.558594
2.578125
2.607422
2.573242
2.602539
2.578125
2.602539
2.583008
2.563477
2.558594
2.543945
2.529297
2.548828
2.553711
2.578125
2.573242
2.543945
2.597656
2.578125
2.573242
2.592773
2.578125
2.607422
2.607422
2.578125
2.573242
2.573242
2.592773
2.578125
2.587891
2.558594
2.578125
2.607422
2.568359
2.568359
2.592773
2.558594
2.578125
2.563477
2.548828
2.587891
2.558594
2.553711
2.578125
2.553711
2.578125
2.563477
2.558594
2.583008
2.558594
2.548828
2.568359
2.592773
2.543945
2.543945
2.568359
2.558594
2.543945
2.539062
2.534180
2.539062
2.548828
2.568359
2.558594
2.558594
2.529297
2.553711
2.548828
2.602539
2.553711
2.563477
2.558594
2.548828
2.573242
2.563477
2.519531
2.553711
2.539062
2.543945
2.539062
2.543945
2.539062
2.573242
2.548828
2.558594
2.543945
2.553711
2.553711
2.529297
2.534180
2.548828
2.543945
2.539062
2.534180
2.548828
2.568359
2.558594
2.583008
2.548828
2.539062
2.539062
2.509766
2.543945
2.573242
2.519531
2.539062
2.529297
2.578125
2.534180
2.553711
2.548828
2.597656
2.587891
2.617188
2.602539
2.592773
2.573242
2.592773
2.548828
2.568359
2.543945
2.558594
2.568359
2.578125
2.519531
2.543945
2.539062
2.529297
2.563477
2.558594
2.583008
2.539062
2.578125
2.529297
2.563477
2.558594
2.553711
2.558594
2.558594
2.529297
2.558594
2.548828
2.553711
2.548828
2.524414
2.573242
2.539062
2.558594
2.548828
2.553711
2.558594
2.573242
2.539062
2.583008
2.539062
2.578125
2.543945
2.573242
2.597656
2.573242
2.612305
2.558594
2.553711
2.587891
2.553711
2.587891
2.543945
2.524414
2.534180
2.543945
2.485352
2.504883
2.500000
2.539062
2.558594
2.539062
2.539062
2.534180
2.529297
2.529297
2.563477
2.524414
2.529297
2.573242
2.534180
2.568359
2.524414
2.578125
2.548828
2.558594
2.563477
2.553711
2.548828
2.539062
2.592773
2.548828
2.578125
2.563477
2.543945
2.558594
2.568359
2.543945
2.563477
2.568359
2.553711
2.563477
2.568359
2.539062
2.592773
2.524414
2.563477
2.568359
2.534180
2.553711
2.539062
2.558594
2.529297
2.529297
2.548828
2.583008
2.519531
2.578125
2.539062
2.558594
2.568359
2.558594
2.597656
2.578125
2.587891
2.592773
2.553711
2.592773
2.583008
2.607422
2.583008
2.592773
2.597656
2.578125
2.568359
2.592773
2.568359
2.612305
2.612305
2.592773
2.602539
2.626953
2.592773
2.583008
2.563477
2.592773
2.534180
2.587891
2.602539
2.573242
2.578125
2.583008
2.583008
2.592773
2.587891
2.548828
2.534180
2.548828
2.578125
2.548828
2.578125
2.578125
2.563477
2.568359
2.573242
2.592773
2.578125
2.617188
2.583008
2.568359
2.573242
2.573242
2.529297
2.583008
2.602539
2.534180
2.573242
2.602539
2.563477
2.563477
2.553711
2.568359
2.543945
2.543945
2.558594
2.548828
2.587891
2.524414
2.578125
2.578125
2.534180
2.558594
2.578125
2.524414
2.587891
2.529297
2.587891
2.534180
2.543945
2.519531
2.568359
2.548828
2.558594
2.543945
2.529297
2.495117
2.524414
2.539062
2.534180
2.534180
2.539062
2.543945
2.509766
2.539062
2.539062
2.568359
2.534180
2.563477
2.568359
2.539062
2.573242
2.573242
2.539062
2.534180
2.558594
2.529297
2.568359
2.534180
2.539062
2.524414
2.563477
2.543945
2.543945
2.558594
2.548828
2.539062
2.558594
2.534180
2.534180
2.558594
2.553711
2.524414
2.543945
2.539062
2.543945
2.539062
2.539062
2.539062
2.543945
2.534180
2.509766
2.543945
2.529297
2.543945
2.568359
2.558594
2.583008
2.563477
2.573242
2.617188
2.602539
2.568359
2.573242
2.578125
2.563477
2.578125
2.543945
2.553711
2.543945
2.573242
2.534180
2.568359
2.524414
2.563477
2.578125
2.519531
2.534180
2.543945
2.519531
2.543945
2.539062
2.514648
2.563477
2.563477
2.539062
2.592773
2.578125
2.548828
2.534180
2.553711
2.563477
2.548828
2.548828
2.573242
2.563477
2.548828
2.548828
2.553711
2.534180
2.568359
2.543945
2.553711
2.543945
2.563477
2.592773
2.607422
2.592773
2.607422
2.529297
2.592773
2.548828
2.543945
2.524414
2.578125
2.514648
2.553711
2.534180
2.534180
2.534180
2.534180
2.519531
2.534180
2.543945
2.543945
2.524414
2.568359
2.509766
2.563477
2.534180
2.543945
2.534180
2.534180
2.548828
2.568359
2.509766
2.573242
2.534180
2.543945
2.539062
2.553711
2.553711
2.548828
2.553711
2.543945
2.539062
2.529297
2.529297
2.573242
2.529297
2.529297
2.553711
2.539062
2.568359
2.529297
2.558594
2.543945
2.578125
2.504883
2.529297
2.568359
2.514648
2.553711
2.500000
2.519531
2.534180
2.568359
2.534180
2.539062
2.548828
2.573242
2.548828
2.568359
2.558594
2.592773
2.587891
2.587891
2.563477
2.573242
2.587891
2.597656
2.583008
2.563477
2.553711
2.548828
2.622070
2.568359
2.578125
2.587891
2.578125
2.563477
2.612305
2.573242
2.573242
2.612305
2.587891
2.597656
2.558594
2.612305
2.568359
2.587891
2.587891
2.573242
2.553711
2.612305
2.583008
2.553711
2.519531
2.534180
2.548828
2.558594
2.558594
2.529297
2.568359
2.548828
2.568359
2.553711
2.539062
2.602539
2.602539
2.587891
2.587891
2.558594
2.592773
2.592773
2.617188
2.563477
2.587891
2.587891
2.558594
2.592773
2.622070
2.563477
2.568359
2.573242
2.592773
2.553711
2.543945
2.568359
2.578125
2.578125
2.558594
2.578125
2.573242
2.573242
2.539062
2.607422
2.539062
2.573242
2.558594
2.607422
2.558594
2.578125
2.568359
2.529297
2.524414
2.529297
2.514648
2.524414
2.539062
2.563477
2.548828
2.568359
2.568359
2.578125
2.548828
2.558594
2.568359
2.553711
2.573242
2.539062
2.568359
2.558594
2.568359
2.568359
2.563477
2.573242
2.553711
2.573242
2.548828
2.543945
2.543945
2.543945
2.548828
2.529297
2.543945
2.543945
2.539062
2.563477
2.548828
2.543945
2.534180
2.534180
2.558594
2.534180
2.548828
2.519531
2.534180
2.529297
2.558594
2.504883
2.539062
2.524414
2.519531
2.524414
2.548828
2.583008
2.553711
2.573242
2.631836
2.587891
2.583008
2.578125
2.563477
2.573242
2.553711
2.558594
2.553711
2.553711
2.583008
2.543945
2.558594
2.563477
2.558594
2.543945
2.553711
2.558594
2.534180
2.548828
2.529297
2.539062
2.563477
2.514648
2.558594
2.539062
2.558594
2.558594
2.548828
2.543945
2.578125
2.543945
2.534180
2.558594
2.592773
2.543945
2.553711
2.553711
2.573242
2.553711
2.539062
2.553711
2.548828
2.539062
2.563477
