1.733398
1.445312
1.186523
0.991211
0.922852
0.908203
1.074219
1.357422
1.728516
2.255859
2.827148
3.408203
3.984375
4.511719
4.912109
5.195312
5.322266
5.258789
5.024414
4.531250
3.979492
3.315430
2.587891
1.845703
1.171875
0.585938
0.170898
-0.058594
-0.161133
-0.073242
0.253906
0.678711
1.176758
1.777344
2.338867
2.929688
3.393555
3.793945
4.121094
4.233398
4.228516
4.184570
3.984375
3.740234
3.452148
3.125000
2.817383
2.670898
2.543945
2.558594
2.563477
2.558594
2.622070
2.558594
2.553711
2.578125
2.558594
2.529297
2.602539
2.543945
2.592773
2.558594
2.568359
2.583008
2.548828
2.583008
2.568359
2.558594
2.534180
2.558594
2.553711
2.563477
2.514648
2.514648
2.543945
2.548828
2.553711
2.578125
2.583008
2.558594
2.568359
2.578125
2.543945
2.553711
2.543945
2.553711
2.558594
2.553711
2.578125
2.573242
2.573242
2.553711
2.548828
2.563477
2.548828
2.573242
2.553711
2.558594
2.548828
2.558594
2.563477
2.558594
2.543945
2.558594
2.558594
2.529297
2.548828
2.558594
2.558594
2.553711
2.543945
2.573242
2.597656
2.573242
2.563477
2.548828
2.548828
2.568359
2.529297
2.578125
2.519531
2.558594
2.563477
2.573242
2.587891
2.622070
2.587891
2.592773
2.607422
2.578125
2.607422
2.578125
2.578125
2.558594
2.578125
2.543945
2.568359
2.509766
2.568359
2.553711
2.568359
2.543945
2.534180
2.548828
2.568359
2.519531
2.558594
2.534180
2.548828
2.568359
2.592773
2.534180
2.563477
2.587891
2.524414
2.578125
2.524414
2.548828
2.558594
2.563477
2.534180
2.568359
2.558594
2.519531
2.573242
2.563477
2.553711
2.578125
2.568359
2.543945
2.587891
2.558594
2.597656
2.539062
2.573242
2.548828
2.583008
2.548828
2.529297
2.534180
2.539062
2.495117
2.534180
2.534180
2.539062
2.548828
2.539062
2.519531
2.534180
2.539062
2.524414
2.519531
2.534180
2.519531
2.529297
2.529297
2.539062
2.553711
2.524414
2.539062
2.543945
2.539062
2.514648
2.548828
2.524414
2.563477
2.558594
2.558594
2.548828
2.573242
2.539062
2.543945
2.573242
2.529297
2.578125
2.543945
2.539062
2.553711
2.553711
2.558594
2.558594
2.558594
2.578125
2.548828
2.534180
2.578125
2.543945
2.504883
2.534180
2.548828
2.548828
2.539062
2.563477
2.534180
2.558594
2.543945
2.543945
2.539062
2.578125
2.573242
2.553711
2.578125
2.573242
2.587891
2.583008
2.563477
2.587891
2.587891
2.578125
2.597656
2.597656
2.602539
2.558594
2.548828
2.607422
2.617188
2.587891
2.602539
2.563477
2.597656
2.592773
2.573242
2.568359
2.617188
2.597656
2.553711
2.592773
2.592773
2.573242
2.612305
2.602539
2.529297
2.534180
2.553711
2.539062
2.543945
2.548828
2.543945
2.592773
2.573242
2.573242
2.568359
2.592773
2.568359
2.583008
2.583008
2.563477
2.612305
2.578125
2.553711
2.558594
2.587891
2.568359
2.592773
2.563477
2.597656
2.573242
2.553711
2.573242
2.568359
2.617188
2.568359
2.578125
2.602539
2.578125
2.563477
2.529297
2.563477
2.592773
2.548828
2.553711
2.587891
2.558594
2.539062
2.573242
2.529297
2.558594
2.529297
2.578125
2.534180
2.529297
2.548828
2.514648
2.509766
2.558594
2.558594
2.548828
2.548828
2.578125
2.563477
2.578125
2.548828
2.563477
2.578125
2.563477
2.548828
2.587891
2.563477
2.573242
2.553711
2.558594
2.558594
2.558594
2.543945
2.553711
2.524414
2.553711
2.553711
2.543945
2.558594
2.548828
2.558594
2.568359
2.553711
2.548828
2.573242
2.539062
2.558594
2.534180
2.529297
2.534180
2.534180
2.539062
2.548828
2.543945
2.583008
2.539062
2.534180
2.524414
2.539062
2.539062
2.558594
2.578125
2.563477
2.607422
2.631836
2.568359
2.602539
2.592773
2.583008
2.578125
2.568359
2.553711
2.573242
2.563477
2.583008
2.558594
2.524414
2.573242
2.539062
2.543945
2.568359
2.563477
2.568359
2.539062
2.578125
2.563477
2.563477
2.563477
2.500000
2.548828
2.543945
2.543945
2.539062
2.534180
2.514648
2.548828
2.568359
2.573242
2.587891
2.578125
2.558594
2.553711
2.558594
2.563477
2.568359
2.583008
2.543945
2.568359
2.578125
2.568359
2.617188
2.612305
2.602539
2.597656
2.563477
2.563477
2.553711
2.534180
2.524414
2.543945
2.558594
2.558594
2.519531
2.543945
2.514648
2.524414
2.524414
2.558594
2.504883
2.543945
2.529297
2.553711
2.573242
2.539062
2.543945
2.543945
2.558594
2.539062
2.558594
2.548828
2.563477
2.563477
2.553711
2.553711
2.573242
2.553711
2.578125
2.548828
2.553711
2.563477
2.553711
2.563477
2.539062
2.539062
2.558594
2.543945
2.573242
2.553711
2.543945
2.573242
2.558594
2.553711
2.583008
2.524414
2.519531
2.534180
2.529297
2.539062
2.578125
2.529297
2.529297
2.553711
2.587891
2.539062
2.587891
2.548828
2.592773
2.529297
2.587891
2.558594
2.587891
2.563477
2.592773
2.583008
2.583008
2.597656
2.592773
2.607422
2.597656
2.548828
2.597656
2.587891
2.597656
2.553711
2.578125
2.636719
2.617188
2.558594
2.602539
2.583008
2.548828
2.612305
2.612305
2.583008
2.597656
2.578125
2.597656
2.592773
2.573242
2.583008
2.587891
2.558594
2.524414
2.553711
2.539062
2.573242
2.578125
2.558594
2.592773
2.558594
2.602539
2.578125
2.573242
2.573242
2.568359
2.602539
2.597656
2.592773
2.587891
2.573242
2.622070
2.612305
2.563477
2.592773
2.592773
2.568359
2.573242
2.548828
2.597656
2.592773
2.539062
2.534180
2.607422
2.529297
2.543945
2.592773
2.539062
2.558594
2.563477
2.583008
2.553711
2.583008
2.568359
2.578125
2.558594
2.553711
2.543945
2.543945
2.597656
2.529297
2.509766
2.548828
2.504883
2.539062
2.534180
2.534180
2.573242
2.578125
2.578125
2.573242
2.539062
2.558594
2.553711
2.558594
2.568359
2.534180
2.597656
2.563477
2.553711
2.543945
2.543945
2.543945
2.543945
2.553711
2.539062
2.539062
2.563477
2.563477
2.504883
2.534180
2.539062
2.558594
2.543945
2.539062
2.548828
2.529297
2.543945
2.539062
2.524414
2.514648
2.524414
2.543945
2.539062
2.539062
2.529297
2.553711
2.529297
2.548828
2.534180
2.509766
2.578125
2.529297
2.563477
2.553711
2.612305
2.597656
2.573242
2.578125
2.563477
2.539062
2.583008
2.534180
2.558594
2.534180
2.553711
2.514648
2.539062
2.534180
2.548828
2.543945
2.543945
2.514648
2.529297
2.553711
2.534180
2.539062
2.524414
2.543945
2.539062
2.519531
2.524414
2.534180
2.548828
2.543945
2.524414
2.548828
2.548828
2.519531
2.548828
2.539062
2.548828
2.553711
2.583008
2.539062
2.553711
2.553711
2.548828
2.543945
2.563477
2.573242
2.592773
2.583008
2.587891
2.578125
2.563477
2.539062
2.543945
2.558594
2.573242
2.568359
2.558594
2.543945
2.524414
2.539062
2.524414
2.534180
2.529297
2.534180
2.543945
2.543945
2.558594
2.529297
2.558594
2.529297
2.524414
2.543945
2.534180
2.519531
2.558594
2.534180
2.553711
2.543945
2.529297
2.563477
2.529297
2.534180
2.509766
2.553711
2.539062
2.539062
2.548828
2.573242
2.563477
2.539062
2.573242
2.578125
2.539062
2.553711
2.553711
2.563477
2.573242
2.568359
2.587891
2.548828
2.558594
2.539062
2.548828
2.573242
2.553711
2.553711
2.543945
2.509766
2.553711
2.529297
2.563477
2.543945
2.578125
2.597656
2.583008
2.563477
2.587891
2.592773
2.607422
2.607422
2.592773
2.602539
2.563477
2.568359
2.578125
2.558594
2.583008
2.543945
2.583008
2.597656
2.573242
2.558594
2.578125
2.607422
2.617188
2.636719
2.568359
2.583008
2.583008
2.592773
2.626953
2.563477
2.578125
2.612305
2.612305
2.592773
2.558594
2.553711
2.543945
2.563477
2.548828
2.573242
2.553711
2.578125
2.578125
2.583008
2.587891
2.543945
2.597656
2.607422
2.597656
2.597656
2.568359
2.558594
2.612305
2.563477
2.573242
2.558594
2.553711
2.587891
2.607422
2.563477
2.558594
2.558594
2.617188
2.578125
2.578125
2.548828
2.597656
2.573242
2.563477
2.553711
2.563477
2.563477
2.558594
2.543945
2.597656
2.558594
2.529297
2.583008
2.534180
2.548828
2.563477
2.524414
2.563477
2.543945
2.504883
2.543945
2.529297
2.539062
2.558594
2.563477
2.558594
2.548828
2.587891
2.558594
2.568359
2.578125
2.543945
2.543945
2.534180
2.568359
2.587891
2.558594
2.573242
2.539062
2.553711
2.573242
2.548828
2.539062
2.558594
2.563477
2.553711
2.548828
2.534180
2.558594
2.553711
2.553711
2.578125
2.553711
2.558594
2.534180
2.539062
2.578125
2.534180
2.534180
2.529297
2.563477
2.529297
2.553711
2.495117
2.553711
2.553711
2.563477
2.543945
2.534180
2.543945
2.568359
2.583008
2.587891
2.607422
2.617188
2.626953
2.563477
2.563477
2.573242
2.553711
2.558594
2.543945
2.573242
2.529297
2.519531
2.553711
2.534180
2.558594
2.563477
2.568359
2.534180
2.553711
2.543945
2.514648
2.558594
2.524414
2.519531
2.500000
2.529297
2.548828
2.543945
2.529297
2.568359
2.534180
2.539062
2.543945
2.524414
2.553711
2.578125
2.534180
2.563477
2.539062
2.539062
2.548828
2.568359
2.534180
2.573242
2.553711
2.563477
2.578125
2.617188
2.573242
2.573242
2.573242
2.563477
2.568359
2.543945
2.543945
2.539062
2.529297
2.539062
2.548828
2.548828
2.539062
2.543945
2.543945
2.514648
2.568359
2.519531
2.563477
2.558594
2.539062
2.543945
2.514648
2.534180
2.514648
2.548828
2.529297
2.543945
2.534180
2.524414
2.558594
2.514648
2.568359
2.558594
2.563477
2.529297
2.558594
2.553711
2.568359
2.543945
2.563477
2.553711
2.539062
2.534180
2.558594
2.573242
2.573242
2.578125
2.583008
2.558594
2.563477
2.573242
2.524414
2.539062
2.539062
2.553711
2.524414
2.558594
2.563477
2.519531
2.543945
2.587891
2.524414
2.597656
2.592773
2.607422
2.587891
2.597656
2.592773
2.558594
2.602539
2.597656
2.578125
2.578125
2.563477
2.548828
2.587891
2.583008
2.607422
2.622070
2.607422
2.607422
2.578125
2.563477
2.641602
2.573242
2.592773
2.578125
2.558594
2.631836
2.587891
2.607422
2.617188
2.607422
2.578125
2.612305
2.592773
2.597656
2.563477
2.543945
2.583008
2.568359
2.548828
2.563477
2.543945
2.573242
2.607422
2.573242
2.607422
2.578125
2.578125
2.592773
2.602539
2.578125
2.587891
2.568359
2.587891
2.587891
2.573242
2.602539
2.548828
2.573242
2.553711
2.583008
2.558594
2.587891
2.563477
2.558594
2.568359
2.573242
2.563477
2.597656
2.563477
2.578125
2.578125
2.553711
2.597656
2.573242
2.543945
2.558594
2.553711
2.553711
2.573242
2.558594
2.568359
2.548828
2.568359
2.529297
2.529297
2.529297
2.500000
2.534180
2.553711
2.563477
2.563477
2.543945
2.553711
2.573242
2.587891
2.558594
2.553711
2.558594
2.558594
2.573242
2.543945
2.568359
2.548828
2.548828
2.548828
2.534180
2.563477
2.568359
2.553711
2.543945
2.543945
2.548828
2.558594
2.529297
2.543945
2.558594
2.563477
2.548828
2.568359
2.524414
2.563477
2.558594
2.543945
2.553711
2.553711
2.539062
2.548828
2.534180
2.539062
2.592773
2.583008
2.558594
2.529297
2.504883
2.529297
2.548828
2.592773
2.602539
2.587891
2.553711
2.578125
2.548828
2.578125
2.563477
2.568359
2.573242
2.558594
2.553711
2.548828
2.583008
2.563477
2.543945
2.558594
2.553711
2.539062
2.509766
2.543945
2.548828
2.529297
2.553711
2.519531
2.553711
2.529297
2.539062
2.534180
2.539062
2.568359
2.578125
2.563477
2.548828
2.568359
2.558594
2.529297
2.548828
2.543945
2.553711
2.558594
2.583008
2.534180
2.548828
2.592773
2.563477
2.543945
2.597656
2.612305
2.597656
2.592773
2.578125
2.568359
2.578125
2.534180
2.558594
2.529297
2.539062
2.558594
2.514648
2.563477
2.534180
2.563477
2.534180
2.509766
2.548828
2.519531
2.524414
2.509766
2.524414
2.534180
2.529297
2.548828
2.534180
2.553711
2.514648
2.534180
2.539062
2.548828
2.558594
2.539062
2.543945
2.539062
2.543945
2.539062
2.539062
2.519531
2.553711
2.534180
2.529297
2.539062
2.548828
2.553711
2.543945
2.539062
2.558594
2.543945
2.568359
2.539062
2.563477
2.548828
2.563477
2.558594
2.524414
2.529297
2.548828
2.539062
2.539062
2.583008
2.548828
2.558594
2.587891
2.563477
2.578125
2.558594
2.578125
2.573242
2.583008
2.563477
2.563477
2.578125
2.587891
2.602539
2.597656
2.568359
2.612305
2.587891
2.592773
2.583008
2.592773
2.578125
2.563477
2.543945
2.602539
2.587891
2.597656
2.573242
2.612305
2.631836
2.617188
2.617188
2.592773
2.587891
2.607422
2.597656
2.558594
2.607422
2.587891
2.548828
2.568359
2.543945
2.558594
2.534180
2.563477
2.563477
2.597656
2.563477
2.587891
2.602539
2.568359
2.592773
2.548828
2.597656
2.578125
2.573242
2.583008
2.592773
2.553711
2.597656
2.573242
2.558594
2.558594
2.568359
2.583008
2.558594
2.617188
2.592773
2.568359
2.607422
2.568359
2.563477
2.558594
2.558594
2.553711
2.592773
2.563477
2.548828
2.597656
2.539062
2.539062
2.553711
2.539062
2.548828
2.519531
2.578125
2.548828
2.543945
2.534180
2.524414
2.509766
2.524414
2.534180
2.514648
2.573242
2.539062
2.568359
2.539062
2.558594
2.578125
2.578125
2.543945
2.563477
2.524414
2.534180
2.543945
2.553711
2.553711
2.563477
2.558594
2.543945
2.548828
2.539062
2.519531
2.534180
2.553711
2.543945
2.534180
2.548828
2.519531
2.543945
2.543945
2.539062
2.558594
2.529297
2.524414
2.548828
2.543945
2.539062
2.529297
2.543945
2.529297
2.529297
2.548828
2.548828
2.534180
2.592773
2.568359
2.519531
2.539062
2.573242
2.578125
2.587891
2.583008
2.587891
2.573242
2.539062
2.592773
2.568359
2.563477
2.592773
2.563477
2.573242
2.568359
2.539062
2.543945
2.592773
2.553711
2.543945
2.514648
2.524414
2.539062
2.539062
2.539062
2.568359
2.529297
2.553711
2.548828
2.539062
2.558594
2.543945
2.583008
2.534180
2.568359
2.568359
2.578125
2.548828
2.548828
2.568359
2.553711
2.558594
2.563477
2.543945
2.553711
2.568359
2.573242
2.563477
2.568359
2.558594
2.563477
2.597656
2.597656
2.583008
2.587891
2.573242
2.548828
2.548828
2.529297
2.539062
2.534180
2.519531
2.524414
2.558594
2.553711
2.539062
2.548828
2.534180
2.539062
2.539062
2.529297
2.534180
2.539062
2.543945
2.509766
2.563477
2.543945
2.534180
2.563477
2.539062
2.548828
2.558594
2.548828
2.548828
2.534180
2.534180
2.534180
2.539062
2.529297
2.534180
2.534180
2.543945
2.539062
2.558594
2.539062
2.563477
2.553711
2.534180
2.563477
2.563477
2.548828
2.578125
2.573242
2.558594
2.548828
2.553711
2.539062
2.553711
2.509766
2.548828
2.495117
2.539062
2.558594
2.529297
2.583008
2.519531
2.563477
2.548828
2.553711
2.578125
2.573242
2.583008
2.583008
2.563477
2.578125
2.592773
2.592773
2.573242
2.597656
2.578125
2.558594
2.592773
2.617188
2.578125
2.563477
2.578125
2.558594
2.622070
2.597656
2.558594
2.558594
2.578125
2.568359
2.558594
2.587891
2.573242
2.597656
2.578125
2.578125
2.587891
2.563477
2.548828
2.587891
2.519531
2.558594
2.543945
2.548828
2.583008
2.573242
2.587891
2.602539
2.578125
2.587891
2.563477
2.568359
2.592773
2.617188
2.568359
2.583008
2.563477
2.548828
2.607422
2.563477
2.597656
2.553711
2.563477
2.592773
2.568359
2.543945
2.612305
2.573242
2.607422
2.612305
2.573242
2.548828
2.558594
2.558594
2.553711
2.553711
2.573242
2.548828
2.529297
2.583008
2.539062
2.553711
2.543945
2.578125
2.563477
2.548828
2.553711
2.524414
2.529297
2.558594
2.543945
2.539062
2.543945
2.543945
2.558594
2.578125
2.548828
2.558594
2.573242
2.573242
2.558594
2.543945
2.563477
2.553711
2.558594
2.553711
2.548828
2.583008
2.573242
2.553711
2.529297
2.534180
2.539062
2.539062
2.529297
2.543945
2.539062
2.524414
2.534180
2.539062
2.543945
2.529297
2.553711
2.543945
2.543945
2.519531
2.543945
2.504883
2.509766
2.539062
2.563477
2.553711
2.519531
2.543945
2.534180
2.519531
2.558594
2.563477
2.558594
2.558594
2.607422
2.592773
2.553711
2.597656
2.583008
2.568359
2.578125
2.548828
2.563477
2.563477
2.539062
2.553711
2.539062
2.543945
2.529297
2.529297
2.558594
2.563477
2.539062
2.553711
2.558594
2.548828
2.524414
2.587891
2.529297
2.543945
2.548828
2.573242
2.514648
2.543945
2.519531
2.553711
2.529297
2.529297
2.558594
2.519531
2.553711
2.543945
2.553711
2.558594
2.553711
2.548828
2.539062
2.543945
2.548828
2.553711
2.587891
2.592773
2.592773
2.563477
2.578125
2.592773
2.558594
2.539062
2.563477
2.539062
2.543945
2.534180
2.558594
2.519531
2.514648
2.514648
2.519531
2.558594
2.529297
2.539062
2.524414
2.539062
2.539062
2.539062
2.558594
2.539062
2.534180
2.548828
2.553711
2.539062
2.539062
2.514648
2.534180
2.514648
2.534180
2.534180
2.539062
2.543945
2.553711
2.543945
2.553711
2.539062
2.543945
2.539062
2.543945
2.543945
2.548828
2.563477
2.553711
2.543945
2.553711
2.563477
2.568359
2.543945
2.534180
2.509766
2.578125
2.553711
2.500000
2.548828
2.543945
2.514648
2.548828
2.534180
2.548828
2.543945
2.578125
2.563477
2.558594
2.529297
2.587891
2.558594
2.578125
2.563477
2.573242
2.578125
2.578125
2.563477
2.553711
2.583008
2.573242
2.612305
2.578125
2.612305
2.612305
2.597656
2.587891
2.587891
2.587891
2.587891
2.617188
2.597656
2.607422
2.592773
2.597656
2.573242
2.587891
2.597656
2.597656
2.597656
2.597656
2.543945
2.534180
2.543945
2.548828
2.553711
2.553711
2.558594
2.563477
2.578125
2.583008
2.592773
2.592773
2.622070
2.568359
2.587891
2.607422
2.587891
2.568359
2.607422
2.592773
2.592773
2.592773
2.583008
2.563477
2.607422
2.587891
2.592773
2.573242
2.558594
2.587891
2.558594
2.553711
2.607422
2.534180
2.568359
2.587891
2.529297
2.578125
2.539062
2.578125
2.558594
2.568359
2.558594
2.558594
2.558594
2.587891
2.553711
2.543945
2.553711
2.539062
2.548828
2.519531
2.524414
2.514648
2.558594
2.539062
2.563477
2.543945
2.597656
2.563477
2.568359
2.563477
2.553711
2.563477
2.558594
2.548828
2.553711
2.553711
2.563477
2.563477
2.563477
2.568359
2.587891
2.543945
2.539062
2.543945
2.558594
2.548828
2.563477
2.519531
2.539062
2.548828
2.548828
2.548828
2.524414
2.553711
2.558594
2.553711
2.543945
2.529297
2.504883
2.543945
2.539062
2.548828
2.543945
2.548828
2.578125
2.548828
2.548828
2.548828
2.519531
2.578125
2.563477
2.607422
2.597656
2.617188
2.583008
2.587891
2.553711
2.563477
2.563477
2.583008
2.548828
2.568359
2.534180
2.563477
2.539062
2.553711
2.558594
2.587891
2.539062
2.553711
2.548828
2.548828
2.558594
2.524414
2.534180
2.558594
2.558594
2.548828
2.543945
2.568359
2.558594
2.553711
2.558594
2.529297
2.548828
2.563477
2.524414
2.553711
2.548828
2.563477
2.558594
2.563477
2.519531
2.504883
2.548828
2.543945
2.578125
2.529297
2.587891
2.607422
2.592773
2.563477
2.578125
2.558594
2.553711
2.534180
2.553711
2.534180
2.519531
2.524414
2.529297
2.514648
2.514648
2.514648
2.558594
2.524414
2.524414
2.500000
2.519531
2.534180
2.509766
2.514648
2.529297
2.524414
2.543945
2.543945
2.534180
2.539062
2.539062
2.568359
2.534180
2.539062
2.539062
2.539062
2.543945
2.548828
2.534180
2.553711
2.548828
2.563477
2.548828
2.553711
2.548828
2.563477
2.553711
2.563477
2.543945
2.529297
2.553711
2.548828
2.587891
2.553711
2.568359
2.548828
2.519531
2.534180
2.514648
2.534180
2.573242
2.539062
2.563477
2.573242
2.563477
2.583008
2.578125
2.568359
2.568359
2.563477
2.568359
2.573242
2.602539
2.573242
2.597656
2.587891
2.563477
2.583008
2.568359
2.587891
2.553711
2.573242
2.612305
2.578125
2.578125
2.597656
2.587891
2.558594
2.597656
2.558594
2.607422
2.602539
2.568359
2.592773
2.597656
2.578125
2.597656
2.573242
2.592773
2.578125
2.568359
2.529297
2.543945
2.543945
2.553711
2.548828
2.587891
2.543945
2.553711
2.578125
2.573242
2.592773
2.548828
2.573242
2.573242
2.553711
2.578125
2.587891
2.573242
2.587891
2.607422
2.563477
2.558594
2.558594
2.578125
2.578125
2.578125
