1.826172
1.459961
1.201172
0.981445
0.888672
0.878906
0.976562
1.191406
1.552734
2.011719
2.578125
3.164062
3.754883
4.277344
4.770508
5.043945
5.229492
5.200195
5.019531
4.663086
4.121094
3.500977
2.778320
2.026367
1.347656
0.756836
0.278320
-0.024414
-0.126953
-0.097656
0.136719
0.532227
0.991211
1.567383
2.148438
2.714844
3.232422
3.637695
3.989258
4.179688
4.233398
4.155273
4.008789
3.769531
3.500977
3.168945
2.871094
2.656250
2.519531
2.504883
2.529297
2.500000
2.583008
2.534180
2.539062
2.534180
2.529297
2.568359
2.509766
2.539062
2.553711
2.509766
2.578125
2.539062
2.534180
2.529297
2.558594
2.548828
2.548828
2.543945
2.539062
2.558594
2.534180
2.539062
2.548828
2.534180
2.573242
2.553711
2.558594
2.578125
2.539062
2.534180
2.553711
2.524414
2.529297
2.534180
2.539062
2.524414
2.519531
2.529297
2.500000
2.524414
2.519531
2.539062
2.514648
2.519531
2.514648
2.514648
2.553711
2.534180
2.543945
2.543945
2.539062
2.519531
2.529297
2.539062
2.539062
2.519531
2.509766
2.529297
2.524414
2.524414
2.524414
2.529297
2.558594
2.548828
2.558594
2.529297
2.558594
2.573242
2.543945
2.539062
2.534180
2.558594
2.539062
2.553711
2.553711
2.529297
2.548828
2.529297
2.543945
2.548828
2.519531
2.558594
2.563477
2.529297
2.524414
2.553711
2.553711
2.534180
2.529297
2.563477
2.529297
2.568359
2.548828
2.553711
2.534180
2.553711
2.583008
2.539062
2.587891
2.563477
2.573242
2.573242
2.573242
2.583008
2.602539
2.568359
2.553711
2.563477
2.583008
2.597656
2.607422
2.578125
2.558594
2.592773
2.558594
2.558594
2.583008
2.543945
2.563477
2.578125
2.587891
2.573242
2.587891
2.568359
2.563477
2.519531
2.548828
2.539062
2.553711
2.534180
2.519531
2.558594
2.568359
2.587891
2.568359
2.529297
2.568359
2.573242
2.587891
2.548828
2.592773
2.563477
2.558594
2.553711
2.519531
2.573242
2.563477
2.534180
2.543945
2.578125
2.563477
2.553711
2.563477
2.573242
2.519531
2.568359
2.563477
2.563477
2.558594
2.573242
2.587891
2.553711
2.534180
2.578125
2.558594
2.534180
2.553711
2.543945
2.534180
2.539062
2.578125
2.539062
2.539062
2.568359
2.485352
2.509766
2.524414
2.509766
2.543945
2.529297
2.534180
2.543945
2.543945
2.587891
2.543945
2.558594
2.578125
2.578125
2.534180
2.548828
2.529297
2.543945
2.543945
2.548828
2.548828
2.524414
2.534180
2.553711
2.543945
2.539062
2.534180
2.519531
2.543945
2.529297
2.553711
2.509766
2.539062
2.563477
2.534180
2.519531
2.529297
2.558594
2.558594
2.548828
2.529297
2.543945
2.568359
2.539062
2.534180
2.558594
2.558594
2.543945
2.524414
2.514648
2.553711
2.558594
2.578125
2.543945
2.568359
2.573242
2.563477
2.558594
2.607422
2.553711
2.573242
2.558594
2.548828
2.558594
2.539062
2.534180
2.539062
2.558594
2.529297
2.558594
2.534180
2.558594
2.529297
2.539062
2.543945
2.539062
2.543945
2.529297
2.519531
2.543945
2.553711
2.514648
2.568359
2.539062
2.553711
2.553711
2.529297
2.543945
2.543945
2.543945
2.524414
2.519531
2.548828
2.519531
2.539062
2.553711
2.539062
2.548828
2.573242
2.563477
2.568359
2.578125
2.548828
2.563477
2.563477
2.529297
2.553711
2.529297
2.519531
2.509766
2.504883
2.509766
2.514648
2.539062
2.500000
2.524414
2.504883
2.539062
2.539062
2.509766
2.500000
2.519531
2.534180
2.529297
2.548828
2.529297
2.519531
2.548828
2.514648
2.524414
2.519531
2.514648
2.514648
2.519531
2.509766
2.529297
2.558594
2.529297
2.519531
2.534180
2.529297
2.524414
2.558594
2.514648
2.524414
2.548828
2.558594
2.539062
2.514648
2.548828
2.558594
2.534180
2.529297
2.543945
2.524414
2.573242
2.548828
2.519531
2.534180
2.534180
2.539062
2.519531
2.524414
2.519531
2.529297
2.587891
2.529297
2.553711
2.563477
2.563477
2.543945
2.534180
2.563477
2.539062
2.543945
2.548828
2.578125
2.587891
2.563477
2.553711
2.558594
2.578125
2.573242
2.568359
2.578125
2.563477
2.558594
2.578125
2.607422
2.568359
2.529297
2.573242
2.563477
2.592773
2.612305
2.617188
2.548828
2.568359
2.563477
2.587891
2.529297
2.553711
2.534180
2.519531
2.539062
2.568359
2.514648
2.553711
2.558594
2.568359
2.524414
2.534180
2.524414
2.563477
2.563477
2.558594
2.583008
2.539062
2.534180
2.573242
2.504883
2.558594
2.553711
2.543945
2.607422
2.539062
2.568359
2.597656
2.553711
2.519531
2.558594
2.578125
2.543945
2.534180
2.587891
2.548828
2.578125
2.553711
2.534180
2.553711
2.543945
2.529297
2.583008
2.548828
2.563477
2.558594
2.553711
2.558594
2.539062
2.563477
2.519531
2.539062
2.534180
2.543945
2.529297
2.563477
2.543945
2.529297
2.553711
2.539062
2.587891
2.534180
2.558594
2.539062
2.548828
2.578125
2.543945
2.563477
2.539062
2.543945
2.553711
2.539062
2.529297
2.534180
2.548828
2.519531
2.553711
2.534180
2.524414
2.568359
2.539062
2.534180
2.534180
2.529297
2.519531
2.553711
2.548828
2.543945
2.529297
2.509766
2.514648
2.539062
2.529297
2.534180
2.514648
2.509766
2.524414
2.519531
2.534180
2.553711
2.504883
2.543945
2.568359
2.568359
2.563477
2.558594
2.563477
2.543945
2.573242
2.539062
2.548828
2.553711
2.539062
2.548828
2.539062
2.539062
2.534180
2.534180
2.529297
2.514648
2.495117
2.524414
2.534180
2.553711
2.548828
2.514648
2.500000
2.553711
2.543945
2.553711
2.553711
2.519531
2.524414
2.558594
2.539062
2.548828
2.539062
2.485352
2.519531
2.548828
2.539062
2.529297
2.514648
2.529297
2.539062
2.539062
2.543945
2.548828
2.543945
2.539062
2.578125
2.573242
2.529297
2.587891
2.539062
2.539062
2.553711
2.509766
2.534180
2.524414
2.543945
2.509766
2.524414
2.519531
2.543945
2.519531
2.553711
2.529297
2.509766
2.509766
2.514648
2.529297
2.485352
2.539062
2.504883
2.558594
2.495117
2.539062
2.543945
2.514648
2.543945
2.524414
2.548828
2.548828
2.529297
2.548828
2.539062
2.534180
2.553711
2.563477
2.558594
2.558594
2.553711
2.539062
2.543945
2.548828
2.534180
2.558594
2.558594
2.558594
2.553711
2.534180
2.534180
2.534180
2.543945
2.539062
2.509766
2.529297
2.519531
2.529297
2.543945
2.548828
2.563477
2.529297
2.563477
2.553711
2.578125
2.573242
2.529297
2.617188
2.578125
2.543945
2.558594
2.553711
2.597656
2.553711
2.578125
2.573242
2.607422
2.578125
2.563477
2.553711
2.583008
2.553711
2.558594
2.583008
2.573242
2.607422
2.563477
2.592773
2.597656
2.597656
2.553711
2.548828
2.553711
2.597656
2.563477
2.573242
2.587891
2.558594
2.553711
2.543945
2.534180
2.553711
2.534180
2.534180
2.553711
2.539062
2.573242
2.534180
2.568359
2.568359
2.583008
2.548828
2.519531
2.563477
2.553711
2.583008
2.563477
2.543945
2.583008
2.568359
2.573242
2.558594
2.534180
2.563477
2.548828
2.543945
2.597656
2.568359
2.563477
2.519531
2.558594
2.543945
2.539062
2.514648
2.558594
2.534180
2.534180
2.578125
2.495117
2.573242
2.563477
2.514648
2.583008
2.534180
2.553711
2.553711
2.548828
2.529297
2.509766
2.514648
2.514648
2.543945
2.524414
2.548828
2.539062
2.563477
2.583008
2.568359
2.539062
2.529297
2.548828
2.553711
2.539062
2.543945
2.553711
2.568359
2.539062
2.534180
2.539062
2.539062
2.539062
2.539062
2.539062
2.558594
2.548828
2.519531
2.548828
2.524414
2.534180
2.558594
2.514648
2.519531
2.534180
2.543945
2.534180
2.553711
2.504883
2.524414
2.553711
2.524414
2.504883
2.553711
2.519531
2.529297
2.563477
2.543945
2.524414
2.539062
2.524414
2.578125
2.578125
2.563477
2.558594
2.583008
2.548828
2.543945
2.563477
2.543945
2.539062
2.548828
2.558594
2.553711
2.563477
2.514648
2.539062
2.583008
2.529297
2.524414
2.534180
2.514648
2.524414
2.514648
2.563477
2.534180
2.539062
2.514648
2.509766
2.563477
2.543945
2.529297
2.509766
2.558594
2.524414
2.543945
2.563477
2.514648
2.529297
2.553711
2.548828
2.534180
2.529297
2.534180
2.543945
2.539062
2.519531
2.543945
2.558594
2.534180
2.587891
2.587891
2.553711
2.563477
2.558594
2.553711
2.529297
2.514648
2.485352
2.524414
2.524414
2.534180
2.519531
2.504883
2.543945
2.495117
2.529297
2.485352
2.509766
2.519531
2.529297
2.500000
2.524414
2.504883
2.534180
2.524414
2.500000
2.519531
2.529297
2.543945
2.519531
2.514648
2.524414
2.529297
2.534180
2.524414
2.543945
2.539062
2.553711
2.524414
2.529297
2.553711
2.534180
2.543945
2.558594
2.524414
2.558594
2.543945
2.548828
2.558594
2.524414
2.563477
2.539062
2.534180
2.519531
2.504883
2.553711
2.524414
2.534180
2.519531
2.539062
2.563477
2.519531
2.558594
2.524414
2.548828
2.558594
2.519531
2.539062
2.578125
2.583008
2.573242
2.558594
2.578125
2.578125
2.597656
2.592773
2.578125
2.573242
2.568359
2.578125
2.597656
2.587891
2.568359
2.573242
2.597656
2.529297
2.592773
2.553711
2.602539
2.578125
2.578125
2.568359
2.607422
2.553711
2.563477
2.573242
2.583008
2.563477
2.573242
2.548828
2.534180
2.534180
2.500000
2.543945
2.524414
2.553711
2.534180
2.548828
2.568359
2.539062
2.563477
2.583008
2.573242
2.587891
2.539062
2.548828
2.573242
2.543945
2.553711
2.573242
2.568359
2.539062
2.573242
2.563477
2.568359
2.539062
2.558594
2.578125
2.534180
2.529297
2.529297
2.543945
2.534180
2.563477
2.558594
2.558594
2.543945
2.568359
2.543945
2.534180
2.553711
2.524414
2.548828
2.563477
2.519531
2.558594
2.539062
2.539062
2.529297
2.524414
2.509766
2.553711
2.504883
2.524414
2.543945
2.573242
2.548828
2.553711
2.563477
2.563477
2.553711
2.539062
2.548828
2.568359
2.519531
2.543945
2.548828
2.568359
2.509766
2.529297
2.543945
2.529297
2.543945
2.519531
2.573242
2.534180
2.529297
2.539062
2.553711
2.539062
2.500000
2.539062
2.539062
2.504883
2.529297
2.563477
2.529297
2.524414
2.563477
2.534180
2.509766
2.529297
2.548828
2.539062
2.558594
2.529297
2.504883
2.509766
2.539062
2.500000
2.583008
2.553711
2.583008
2.558594
2.553711
2.543945
2.597656
2.519531
2.573242
2.563477
2.514648
2.553711
2.587891
2.548828
2.534180
2.519531
2.539062
2.548828
2.514648
2.529297
2.529297
2.539062
2.534180
2.553711
2.583008
2.539062
2.495117
2.529297
2.568359
2.524414
2.514648
2.548828
2.534180
2.514648
2.548828
2.509766
2.558594
2.534180
2.539062
2.553711
2.548828
2.553711
2.519531
2.543945
2.495117
2.563477
2.553711
2.553711
2.548828
2.587891
2.563477
2.587891
2.573242
2.514648
2.524414
2.573242
2.529297
2.519531
2.514648
2.495117
2.519531
2.504883
2.509766
2.524414
2.519531
2.539062
2.509766
2.524414
2.509766
2.514648
2.514648
2.504883
2.543945
2.553711
2.519531
2.543945
2.524414
2.539062
2.543945
2.534180
2.558594
2.514648
2.553711
2.543945
2.563477
2.558594
2.529297
2.529297
2.534180
2.524414
2.543945
2.553711
2.519531
2.548828
2.548828
2.548828
2.509766
2.529297
2.509766
2.539062
2.539062
2.548828
2.529297
2.539062
2.524414
2.553711
2.529297
2.509766
2.568359
2.514648
2.534180
2.558594
2.539062
2.529297
2.563477
2.543945
2.558594
2.553711
2.558594
2.568359
2.553711
2.563477
2.573242
2.563477
2.583008
2.563477
2.563477
2.573242
2.592773
2.597656
2.587891
2.573242
2.563477
2.592773
2.597656
2.597656
2.558594
2.568359
2.583008
2.592773
2.563477
2.573242
2.563477
2.592773
2.573242
2.602539
2.553711
2.583008
2.592773
2.553711
2.543945
2.534180
2.514648
2.553711
2.534180
2.578125
2.519531
2.548828
2.534180
2.587891
2.583008
2.539062
2.563477
2.583008
2.587891
2.558594
2.553711
2.563477
2.573242
2.607422
2.607422
2.607422
2.592773
2.587891
2.563477
2.568359
2.548828
2.573242
2.543945
2.587891
2.529297
2.568359
2.553711
2.587891
2.578125
2.553711
2.529297
2.568359
2.553711
2.534180
2.597656
2.563477
2.573242
2.534180
2.543945
2.573242
2.543945
2.543945
2.539062
2.495117
2.519531
2.519531
2.539062
2.524414
2.539062
2.529297
2.558594
2.539062
2.543945
2.587891
2.563477
2.539062
2.548828
2.529297
2.553711
2.563477
2.543945
2.548828
2.568359
2.548828
2.553711
2.568359
2.543945
2.534180
2.539062
2.534180
2.529297
2.529297
2.548828
2.539062
2.534180
2.539062
2.534180
2.539062
2.524414
2.534180
2.543945
2.543945
2.543945
2.519531
2.553711
2.553711
2.485352
2.495117
2.504883
2.495117
2.543945
2.514648
2.519531
2.543945
2.563477
2.558594
2.592773
2.583008
2.597656
2.553711
2.568359
2.568359
2.573242
2.568359
2.553711
2.548828
2.534180
2.534180
2.539062
2.539062
2.553711
2.519531
2.524414
2.543945
2.543945
2.534180
2.553711
2.548828
2.519531
2.534180
2.558594
2.524414
2.539062
2.543945
2.519531
2.558594
2.509766
2.548828
2.548828
2.543945
2.529297
2.534180
2.558594
2.553711
2.519531
2.534180
2.558594
2.524414
2.563477
2.543945
2.543945
2.534180
2.553711
2.568359
2.563477
2.602539
2.587891
2.558594
2.534180
2.543945
2.504883
2.514648
2.495117
2.504883
2.514648
2.529297
2.519531
2.553711
2.543945
2.548828
2.529297
2.539062
2.539062
2.534180
2.519531
2.548828
2.519531
2.558594
2.553711
2.514648
2.543945
2.519531
2.514648
2.524414
2.539062
2.534180
2.543945
2.529297
2.563477
2.548828
2.553711
2.543945
2.553711
2.539062
2.539062
2.558594
2.548828
2.553711
2.568359
2.568359
2.558594
2.543945
2.519531
2.558594
2.534180
2.578125
2.529297
2.534180
2.519531
2.524414
2.553711
2.529297
2.543945
2.534180
2.529297
2.529297
2.573242
2.539062
2.558594
2.578125
2.573242
2.583008
2.592773
2.578125
2.592773
2.612305
2.602539
2.597656
2.578125
2.548828
2.553711
2.587891
2.597656
2.617188
2.563477
2.568359
2.573242
2.602539
2.597656
2.607422
2.617188
2.583008
2.597656
2.573242
2.539062
2.553711
2.553711
2.587891
2.548828
2.568359
2.573242
2.573242
2.558594
2.563477
2.539062
2.519531
2.524414
2.558594
2.534180
2.578125
2.558594
2.558594
2.563477
2.568359
2.597656
2.597656
2.548828
2.563477
2.587891
2.583008
2.573242
2.563477
2.573242
2.558594
2.553711
2.548828
2.543945
2.558594
2.563477
2.587891
2.543945
2.573242
2.548828
2.558594
2.553711
2.563477
2.553711
2.558594
2.539062
2.573242
2.543945
2.548828
2.563477
2.534180
2.548828
2.543945
2.553711
2.524414
2.563477
2.548828
2.514648
2.548828
2.509766
2.519531
2.548828
2.543945
2.504883
2.558594
2.583008
2.563477
2.558594
2.558594
2.583008
2.553711
2.573242
2.558594
2.568359
2.578125
2.563477
2.534180
2.563477
2.553711
2.558594
2.573242
2.553711
2.539062
2.548828
2.529297
2.558594
2.524414
2.534180
2.539062
2.553711
2.529297
2.534180
2.529297
2.514648
2.539062
2.578125
2.509766
2.573242
2.534180
2.539062
2.563477
2.514648
2.539062
2.548828
2.504883
2.509766
2.524414
2.509766
2.553711
2.529297
2.548828
2.578125
2.543945
2.612305
2.543945
2.563477
2.568359
2.573242
2.587891
2.563477
2.587891
2.543945
2.587891
2.534180
2.563477
2.583008
2.514648
2.534180
2.553711
2.529297
2.534180
2.529297
2.519531
2.543945
2.563477
2.514648
2.553711
2.548828
2.553711
2.548828
2.539062
2.529297
2.543945
2.539062
2.558594
2.524414
2.519531
2.534180
2.519531
2.563477
2.529297
2.558594
2.514648
2.539062
2.573242
2.514648
2.553711
2.553711
2.548828
2.543945
2.578125
2.563477
2.543945
2.573242
2.514648
2.592773
2.534180
2.524414
2.524414
2.524414
2.519531
2.553711
2.500000
2.519531
2.514648
2.514648
2.529297
2.524414
2.514648
2.534180
2.529297
2.543945
2.500000
2.539062
2.514648
2.529297
2.543945
2.539062
2.543945
2.524414
2.543945
2.558594
2.524414
2.539062
2.529297
2.553711
2.539062
2.553711
2.519531
2.558594
2.543945
2.558594
2.558594
2.563477
2.539062
2.573242
2.548828
2.553711
2.563477
2.587891
2.563477
2.578125
2.543945
2.524414
2.534180
2.553711
2.553711
2.548828
2.548828
2.514648
2.548828
2.553711
2.563477
2.539062
2.558594
2.568359
2.568359
2.573242
2.578125
2.573242
2.568359
2.587891
2.612305
2.583008
2.583008
2.578125
2.573242
2.578125
2.568359
2.626953
2.573242
2.602539
2.563477
2.568359
2.558594
2.563477
2.612305
2.568359
2.612305
2.568359
2.587891
2.578125
2.583008
2.622070
2.592773
2.568359
2.592773
2.543945
2.607422
2.548828
2.553711
2.548828
2.514648
2.553711
2.539062
2.539062
2.558594
2.558594
2.578125
2.573242
2.563477
2.558594
2.553711
2.583008
2.587891
2.587891
2.583008
2.607422
2.578125
2.592773
2.563477
2.587891
2.553711
2.573242
2.558594
2.543945
2.587891
2.558594
2.563477
2.558594
2.524414
2.524414
2.553711
2.583008
2.534180
2.563477
2.548828
2.568359
2.539062
2.529297
2.563477
2.524414
2.548828
2.578125
2.543945
2.563477
2.529297
2.578125
2.563477
2.534180
2.524414
2.524414
2.543945
2.539062
2.539062
2.539062
2.553711
2.578125
2.548828
2.534180
2.563477
2.553711
2.558594
2.553711
2.563477
2.553711
2.573242
2.548828
2.524414
2.558594
2.539062
2.543945
2.543945
2.539062
2.553711
2.568359
2.534180
2.534180
2.553711
2.534180
2.514648
2.548828
2.539062
2.543945
2.548828
2.543945
2.534180
2.553711
2.519531
2.563477
2.568359
2.519531
2.578125
2.519531
2.534180
2.534180
2.534180
2.553711
2.548828
2.509766
2.519531
2.568359
2.578125
2.612305
2.612305
2.592773
2.553711
2.548828
2.578125
2.529297
2.573242
2.534180
2.558594
2.539062
2.543945
2.534180
2.524414
2.534180
2.558594
2.539062
2.539062
2.539062
2.534180
2.563477
2.514648
2.519531
2.534180
2.524414
2.524414
2.529297
2.519531
2.514648
2.543945
2.539062
2.553711
2.553711
2.524414
2.539062
2.548828
2.568359
2.563477
2.519531
2.543945
2.539062
2.529297
2.539062
2.548828
2.529297
2.553711
2.543945
2.587891
2.597656
2.578125
2.587891
2.539062
2.548828
2.558594
2.514648
2.519531
2.500000
2.514648
2.519531
2.534180
2.509766
2.524414
2.524414
2.539062
2.514648
2.539062
2.539062
2.524414
2.519531
2.519531
2.519531
2.539062
2.529297
2.534180
2.519531
2.529297
2.539062
2.543945
2.524414
2.529297
2.553711
2.548828
2.587891
2.519531
2.558594
2.534180
2.524414
2.558594
2.534180
2.553711
2.548828
2.548828
2.539062
2.534180
2.563477
2.539062
2.558594
2.587891
2.558594
2.539062
2.543945
2.548828
2.548828
2.514648
2.553711
2.529297
2.519531
2.539062
2.529297
2.563477
2.534180
2.543945
2.568359
2.534180
2.583008
2.568359
2.587891
2.592773
2.587891
2.583008
2.587891
2.587891
2.583008
2.558594
2.553711
2.563477
2.558594
2.548828
2.563477
2.587891
2.592773
2.592773
2.597656
2.578125
2.607422
2.578125
2.578125
2.592773
2.553711
2.597656
2.607422
2.578125
2.583008
2.573242
2.636719
2.548828
2.631836
2.524414
2.573242
2.514648
2.548828
2.553711
2.553711
2.539062
2.573242
2.534180
2.578125
2.573242
2.583008
2.553711
2.563477
2.558594
2.592773
2.553711
2.573242
2.568359
2.597656
2.563477
2.558594
2.563477
2.558594
2.548828
2.568359
2.558594
2.602539
2.558594
2.578125
2.548828
2.573242
2.587891
2.534180
2.534180
2.587891
2.578125
2.553711
2.578125
2.534180
2.539062
2.578125
2.539062
2.529297
2.573242
2.553711
2.548828
2.573242
2.514648
2.553711
2.514648
2.524414
2.519531
2.553711
2.519531
2.539062
2.548828
2.539062
2.553711
2.539062
2.568359
2.548828
2.548828
2.587891
2.534180
2.558594
2.548828
2.548828
2.553711
2.568359
2.534180
2.543945
2.529297
2.529297
2.563477
2.558594
2.529297
2.524414
2.529297
2.543945
2.539062
2.534180
2.519531
2.534180
2.539062
2.553711
2.514648
2.519531
2.529297
2.509766
2.548828
2.543945
2.573242
2.539062
2.539062
2.500000
2.534180
2.553711
2.529297
2.519531
2.553711
2.548828
2.524414
2.597656
2.592773
2.583008
2.597656
2.578125
2.573242
2.558594
2.543945
2.548828
2.548828
2.563477
2.543945
2.573242
2.534180
2.543945
2.543945
2.529297
2.597656
2.553711
