1.748047
1.420898
1.147461
0.961914
0.908203
0.844727
1.030273
1.298828
1.645508
2.128906
2.695312
3.291016
3.881836
4.423828
4.824219
5.161133
5.283203
5.195312
5.004883
4.580078
4.047852
3.398438
2.661133
1.909180
1.254883
0.712891
0.263672
-0.053711
-0.175781
-0.092773
0.166016
0.561523
1.079102
1.655273
2.265625
2.783203
3.330078
3.671875
4.018555
4.155273
4.248047
4.145508
3.959961
3.725586
3.413086
3.090820
2.797852
2.631836
2.534180
2.500000
2.539062
2.539062
2.553711
2.563477
2.553711
2.543945
2.548828
2.553711
2.548828
2.534180
2.548828
2.529297
2.558594
2.553711
2.553711
2.553711
2.509766
2.548828
2.553711
2.602539
2.543945
2.543945
2.534180
2.543945
2.548828
2.548828
2.548828
2.529297
2.548828
2.539062
2.543945
2.534180
2.534180
2.578125
2.548828
2.539062
2.563477
2.519531
2.563477
2.583008
2.539062
2.524414
2.553711
2.539062
2.578125
2.592773
2.558594
2.563477
2.597656
2.587891
2.587891
2.592773
2.568359
2.573242
2.597656
2.578125
2.597656
2.612305
2.592773
2.553711
2.602539
2.602539
2.534180
2.597656
2.578125
2.607422
2.612305
2.602539
2.597656
2.578125
2.592773
2.597656
2.597656
2.553711
2.587891
2.509766
2.534180
2.543945
2.519531
2.573242
2.553711
2.568359
2.558594
2.568359
2.573242
2.548828
2.578125
2.573242
2.578125
2.563477
2.558594
2.573242
2.543945
2.587891
2.529297
2.592773
2.578125
2.563477
2.543945
2.558594
2.558594
2.553711
2.583008
2.553711
2.553711
2.548828
2.558594
2.553711
2.553711
2.548828
2.548828
2.558594
2.568359
2.529297
2.529297
2.553711
2.553711
2.534180
2.548828
2.563477
2.543945
2.568359
2.568359
2.553711
2.543945
2.524414
2.495117
2.539062
2.534180
2.543945
2.539062
2.539062
2.553711
2.534180
2.548828
2.539062
2.563477
2.563477
2.548828
2.563477
2.509766
2.543945
2.548828
2.524414
2.553711
2.568359
2.543945
2.543945
2.558594
2.524414
2.553711
2.514648
2.534180
2.548828
2.539062
2.509766
2.568359
2.553711
2.534180
2.539062
2.539062
2.539062
2.539062
2.539062
2.553711
2.543945
2.534180
2.529297
2.524414
2.548828
2.529297
2.524414
2.509766
2.534180
2.553711
2.558594
2.592773
2.563477
2.578125
2.558594
2.578125
2.563477
2.578125
2.534180
2.583008
2.563477
2.568359
2.543945
2.539062
2.524414
2.558594
2.534180
2.534180
2.553711
2.539062
2.534180
2.578125
2.519531
2.568359
2.529297
2.553711
2.543945
2.539062
2.504883
2.583008
2.514648
2.548828
2.583008
2.573242
2.539062
2.529297
2.558594
2.578125
2.553711
2.587891
2.534180
2.534180
2.563477
2.543945
2.558594
2.592773
2.553711
2.558594
2.592773
2.578125
2.607422
2.592773
2.592773
2.568359
2.519531
2.543945
2.578125
2.529297
2.543945
2.519531
2.558594
2.548828
2.529297
2.514648
2.524414
2.509766
2.524414
2.524414
2.519531
2.543945
2.529297
2.529297
2.543945
2.519531
2.519531
2.529297
2.539062
2.504883
2.539062
2.548828
2.543945
2.548828
2.529297
2.539062
2.524414
2.558594
2.529297
2.548828
2.548828
2.548828
2.534180
2.558594
2.529297
2.543945
2.553711
2.539062
2.524414
2.534180
2.563477
2.553711
2.509766
2.558594
2.529297
2.553711
2.543945
2.500000
2.548828
2.529297
2.539062
2.558594
2.539062
2.519531
2.553711
2.509766
2.563477
2.558594
2.534180
2.558594
2.583008
2.583008
2.563477
2.563477
2.563477
2.578125
2.587891
2.543945
2.597656
2.597656
2.587891
2.578125
2.602539
2.592773
2.573242
2.592773
2.568359
2.587891
2.573242
2.592773
2.548828
2.597656
2.558594
2.587891
2.563477
2.578125
2.583008
2.587891
2.568359
2.553711
2.607422
2.553711
2.563477
2.558594
2.539062
2.539062
2.553711
2.563477
2.578125
2.587891
2.573242
2.558594
2.602539
2.558594
2.583008
2.592773
2.568359
2.553711
2.578125
2.587891
2.607422
2.587891
2.568359
2.568359
2.548828
2.597656
2.534180
2.583008
2.592773
2.558594
2.592773
2.548828
2.568359
2.578125
2.558594
2.568359
2.558594
2.583008
2.597656
2.539062
2.548828
2.587891
2.548828
2.553711
2.558594
2.563477
2.578125
2.529297
2.568359
2.548828
2.553711
2.539062
2.519531
2.563477
2.543945
2.553711
2.539062
2.543945
2.548828
2.553711
2.597656
2.563477
2.543945
2.548828
2.534180
2.578125
2.548828
2.578125
2.548828
2.529297
2.558594
2.563477
2.534180
2.543945
2.558594
2.553711
2.543945
2.519531
2.563477
2.543945
2.548828
2.548828
2.529297
2.534180
2.553711
2.534180
2.553711
2.534180
2.548828
2.524414
2.509766
2.558594
2.524414
2.563477
2.558594
2.534180
2.539062
2.553711
2.548828
2.524414
2.573242
2.524414
2.553711
2.583008
2.548828
2.578125
2.612305
2.539062
2.578125
2.490234
2.587891
2.539062
2.558594
2.529297
2.583008
2.519531
2.548828
2.529297
2.553711
2.543945
2.558594
2.539062
2.543945
2.553711
2.548828
2.553711
2.534180
2.563477
2.539062
2.548828
2.558594
2.558594
2.558594
2.529297
2.539062
2.534180
2.529297
2.558594
2.534180
2.524414
2.553711
2.524414
2.534180
2.558594
2.543945
2.539062
2.563477
2.534180
2.534180
2.563477
2.568359
2.568359
2.607422
2.568359
2.583008
2.534180
2.597656
2.548828
2.534180
2.524414
2.524414
2.524414
2.553711
2.553711
2.563477
2.553711
2.519531
2.514648
2.553711
2.504883
2.519531
2.509766
2.539062
2.578125
2.514648
2.524414
2.534180
2.553711
2.514648
2.529297
2.543945
2.539062
2.529297
2.543945
2.543945
2.539062
2.529297
2.539062
2.539062
2.553711
2.553711
2.553711
2.568359
2.524414
2.548828
2.519531
2.534180
2.534180
2.558594
2.524414
2.558594
2.558594
2.524414
2.539062
2.543945
2.539062
2.553711
2.534180
2.500000
2.539062
2.539062
2.563477
2.597656
2.543945
2.534180
2.592773
2.539062
2.563477
2.563477
2.587891
2.543945
2.558594
2.568359
2.597656
2.573242
2.568359
2.597656
2.578125
2.587891
2.548828
2.573242
2.558594
2.558594
2.553711
2.597656
2.573242
2.602539
2.587891
2.563477
2.568359
2.543945
2.563477
2.578125
2.597656
2.578125
2.539062
2.587891
2.583008
2.558594
2.563477
2.592773
2.578125
2.529297
2.524414
2.529297
2.539062
2.529297
2.548828
2.553711
2.573242
2.563477
2.573242
2.553711
2.578125
2.568359
2.563477
2.563477
2.558594
2.578125
2.578125
2.607422
2.592773
2.573242
2.563477
2.568359
2.592773
2.587891
2.534180
2.563477
2.553711
2.573242
2.573242
2.553711
2.558594
2.543945
2.539062
2.578125
2.578125
2.524414
2.563477
2.539062
2.587891
2.519531
2.568359
2.563477
2.558594
2.553711
2.568359
2.548828
2.543945
2.539062
2.504883
2.509766
2.524414
2.509766
2.534180
2.495117
2.553711
2.539062
2.553711
2.568359
2.573242
2.543945
2.553711
2.543945
2.539062
2.563477
2.543945
2.548828
2.543945
2.534180
2.543945
2.543945
2.539062
2.558594
2.543945
2.543945
2.548828
2.534180
2.534180
2.539062
2.504883
2.524414
2.543945
2.534180
2.553711
2.519531
2.519531
2.534180
2.519531
2.534180
2.524414
2.534180
2.539062
2.543945
2.509766
2.524414
2.543945
2.543945
2.509766
2.509766
2.553711
2.553711
2.553711
2.568359
2.578125
2.568359
2.563477
2.568359
2.548828
2.558594
2.534180
2.558594
2.543945
2.558594
2.534180
2.543945
2.543945
2.534180
2.529297
2.519531
2.519531
2.524414
2.539062
2.529297
2.558594
2.553711
2.519531
2.558594
2.553711
2.543945
2.553711
2.495117
2.548828
2.539062
2.539062
2.524414
2.543945
2.529297
2.548828
2.539062
2.558594
2.539062
2.543945
2.534180
2.543945
2.543945
2.558594
2.563477
2.524414
2.558594
2.578125
2.578125
2.558594
2.563477
2.529297
2.583008
2.539062
2.514648
2.534180
2.504883
2.534180
2.543945
2.519531
2.563477
2.539062
2.524414
2.529297
2.529297
2.495117
2.553711
2.519531
2.524414
2.534180
2.519531
2.524414
2.524414
2.529297
2.543945
2.495117
2.534180
2.543945
2.514648
2.543945
2.553711
2.573242
2.553711
2.548828
2.548828
2.543945
2.563477
2.543945
2.553711
2.553711
2.548828
2.548828
2.558594
2.543945
2.558594
2.568359
2.553711
2.548828
2.553711
2.524414
2.553711
2.553711
2.553711
2.543945
2.524414
2.548828
2.524414
2.543945
2.534180
2.519531
2.597656
2.553711
2.529297
2.568359
2.568359
2.573242
2.592773
2.578125
2.558594
2.568359
2.573242
2.553711
2.558594
2.553711
2.592773
2.587891
2.592773
2.553711
2.568359
2.592773
2.602539
2.597656
2.578125
2.578125
2.597656
2.553711
2.543945
2.578125
2.563477
2.553711
2.563477
2.592773
2.573242
2.578125
2.597656
2.578125
2.578125
2.543945
2.548828
2.534180
2.583008
2.553711
2.553711
2.539062
2.558594
2.568359
2.587891
2.602539
2.568359
2.573242
2.578125
2.597656
2.563477
2.587891
2.563477
2.612305
2.573242
2.558594
2.568359
2.563477
2.587891
2.578125
2.573242
2.553711
2.597656
2.587891
2.573242
2.573242
2.548828
2.597656
2.558594
2.607422
2.563477
2.539062
2.543945
2.587891
2.519531
2.573242
2.548828
2.553711
2.504883
2.534180
2.553711
2.583008
2.553711
2.553711
2.534180
2.519531
2.524414
2.519531
2.543945
2.558594
2.558594
2.592773
2.558594
2.558594
2.558594
2.553711
2.539062
2.573242
2.568359
2.539062
2.578125
2.558594
2.548828
2.548828
2.573242
2.524414
2.539062
2.548828
2.529297
2.563477
2.548828
2.543945
2.553711
2.558594
2.553711
2.543945
2.519531
2.553711
2.548828
2.519531
2.524414
2.534180
2.539062
2.534180
2.539062
2.529297
2.539062
2.519531
2.543945
2.514648
2.519531
2.539062
2.553711
2.514648
2.514648
2.543945
2.573242
2.592773
2.597656
2.563477
2.573242
2.573242
2.563477
2.573242
2.568359
2.558594
2.543945
2.543945
2.539062
2.563477
2.548828
2.548828
2.543945
2.539062
2.539062
2.573242
2.529297
2.504883
2.514648
2.539062
2.539062
2.543945
2.563477
2.553711
2.539062
2.548828
2.534180
2.558594
2.573242
2.563477
2.529297
2.548828
2.543945
2.563477
2.534180
2.563477
2.548828
2.534180
2.558594
2.534180
2.573242
2.563477
2.539062
2.558594
2.573242
2.602539
2.602539
2.607422
2.578125
2.534180
2.597656
2.534180
2.529297
2.553711
2.509766
2.529297
2.539062
2.524414
2.543945
2.500000
2.529297
2.529297
2.504883
2.524414
2.519531
2.539062
2.529297
2.509766
2.543945
2.529297
2.529297
2.529297
2.539062
2.534180
2.524414
2.519531
2.539062
2.534180
2.539062
2.558594
2.543945
2.543945
2.548828
2.519531
2.529297
2.539062
2.519531
2.534180
2.539062
2.553711
2.548828
2.558594
2.543945
2.543945
2.578125
2.558594
2.553711
2.553711
2.553711
2.519531
2.558594
2.519531
2.543945
2.539062
2.519531
2.509766
2.548828
2.539062
2.548828
2.583008
2.553711
2.563477
2.573242
2.568359
2.578125
2.548828
2.558594
2.573242
2.587891
2.568359
2.553711
2.592773
2.602539
2.587891
2.578125
2.578125
2.573242
2.612305
2.592773
2.573242
2.573242
2.583008
2.597656
2.563477
2.587891
2.583008
2.548828
2.597656
2.578125
2.597656
2.612305
2.597656
2.558594
2.617188
2.578125
2.543945
2.558594
2.539062
2.529297
2.539062
2.548828
2.558594
2.548828
2.573242
2.592773
2.602539
2.612305
2.622070
2.583008
2.578125
2.602539
2.578125
2.529297
2.548828
2.612305
2.583008
2.558594
2.563477
2.587891
2.563477
2.553711
2.583008
2.573242
2.558594
2.563477
2.563477
2.563477
2.563477
2.548828
2.548828
2.578125
2.553711
2.573242
2.543945
2.529297
2.558594
2.529297
2.587891
2.558594
2.558594
2.539062
2.558594
2.578125
2.587891
2.539062
2.490234
2.534180
2.558594
2.529297
2.524414
2.539062
2.539062
2.543945
2.563477
2.553711
2.539062
2.553711
2.539062
2.568359
2.543945
2.563477
2.553711
2.568359
2.548828
2.558594
2.568359
2.587891
2.558594
2.539062
2.558594
2.563477
2.558594
2.553711
2.539062
2.543945
2.539062
2.558594
2.519531
2.543945
2.524414
2.514648
2.509766
2.578125
2.578125
2.514648
2.539062
2.529297
2.519531
2.543945
2.529297
2.543945
2.548828
2.553711
2.519531
2.534180
2.524414
2.578125
2.573242
2.587891
2.573242
2.597656
2.592773
2.583008
2.568359
2.587891
2.563477
2.568359
2.548828
2.553711
2.558594
2.568359
2.539062
2.539062
2.568359
2.534180
2.539062
2.553711
2.558594
2.534180
2.539062
2.534180
2.543945
2.534180
2.539062
2.543945
2.519531
2.543945
2.534180
2.543945
2.534180
2.563477
2.539062
2.568359
2.568359
2.558594
2.573242
2.539062
2.578125
2.543945
2.558594
2.514648
2.553711
2.558594
2.553711
2.568359
2.583008
2.578125
2.548828
2.548828
2.568359
2.563477
2.568359
2.539062
2.543945
2.553711
2.529297
2.548828
2.514648
2.519531
2.519531
2.529297
2.573242
2.519531
2.543945
2.543945
2.539062
2.543945
2.539062
2.539062
2.539062
2.529297
2.529297
2.543945
2.524414
2.548828
2.539062
2.534180
2.553711
2.543945
2.558594
2.548828
2.553711
2.543945
2.568359
2.558594
2.563477
2.558594
2.573242
2.548828
2.548828
2.568359
2.548828
2.558594
2.568359
2.563477
2.573242
2.553711
2.563477
2.534180
2.529297
2.539062
2.529297
2.529297
2.543945
2.548828
2.539062
2.514648
2.563477
2.578125
2.548828
2.553711
2.558594
2.558594
2.592773
2.592773
2.573242
2.539062
2.592773
2.578125
2.563477
2.583008
2.597656
2.592773
2.563477
2.592773
2.578125
2.568359
2.587891
2.587891
2.578125
2.612305
2.587891
2.568359
2.592773
2.573242
2.563477
2.578125
2.602539
2.592773
2.573242
2.548828
2.612305
2.587891
2.568359
2.617188
2.539062
2.534180
2.539062
2.563477
2.529297
2.563477
2.553711
2.592773
2.543945
2.597656
2.553711
2.583008
2.543945
2.558594
2.573242
2.583008
2.597656
2.602539
2.602539
2.602539
2.587891
2.573242
2.592773
2.597656
2.563477
2.573242
2.578125
2.597656
2.563477
2.548828
2.587891
2.587891
2.543945
2.543945
2.578125
2.607422
2.529297
2.543945
2.558594
2.558594
2.587891
2.553711
2.573242
2.583008
2.548828
2.543945
2.573242
2.534180
2.539062
2.529297
2.539062
2.519531
2.534180
2.529297
2.548828
2.543945
2.543945
2.543945
2.558594
2.563477
2.583008
2.539062
2.543945
2.578125
2.548828
2.578125
2.548828
2.543945
2.558594
2.553711
2.543945
2.558594
2.558594
2.553711
2.539062
2.539062
2.558594
2.553711
2.548828
2.529297
2.529297
2.534180
2.539062
2.543945
2.495117
2.553711
2.534180
2.548828
2.543945
2.534180
2.543945
2.514648
2.539062
2.524414
2.514648
2.524414
2.543945
2.558594
2.539062
2.558594
2.548828
2.539062
2.563477
2.578125
2.587891
2.553711
2.592773
2.578125
2.568359
2.568359
2.548828
2.563477
2.563477
2.553711
2.573242
2.543945
2.543945
2.514648
2.539062
2.514648
2.543945
2.578125
2.529297
2.539062
2.587891
2.509766
2.509766
2.534180
2.543945
2.539062
2.529297
2.553711
2.553711
2.543945
2.553711
2.534180
2.534180
2.568359
2.558594
2.553711
2.548828
2.529297
2.558594
2.548828
2.563477
2.578125
2.539062
2.568359
2.573242
2.563477
2.607422
2.587891
2.563477
2.597656
2.548828
2.548828
2.539062
2.539062
2.553711
2.543945
2.509766
2.509766
2.490234
2.514648
2.514648
2.500000
2.514648
2.524414
2.519531
2.534180
2.529297
2.524414
2.519531
2.519531
2.524414
2.519531
2.534180
2.524414
2.519531
2.534180
2.543945
2.534180
2.529297
2.543945
2.524414
2.543945
2.529297
2.543945
2.548828
2.553711
2.553711
2.543945
2.529297
2.534180
2.563477
2.534180
2.573242
2.578125
2.573242
2.558594
2.558594
2.553711
2.543945
2.543945
2.524414
2.563477
2.509766
2.543945
2.534180
2.534180
2.563477
2.543945
2.534180
2.578125
2.578125
2.553711
2.543945
2.573242
2.578125
2.573242
2.563477
2.568359
2.592773
2.622070
2.578125
2.558594
2.592773
2.602539
2.597656
2.612305
2.587891
2.578125
2.578125
2.558594
2.568359
2.578125
2.587891
2.558594
2.587891
2.587891
2.597656
2.592773
2.558594
2.563477
2.602539
2.558594
2.573242
2.568359
2.587891
2.583008
2.558594
2.519531
2.519531
2.543945
2.558594
2.583008
2.563477
2.563477
2.617188
2.597656
2.543945
2.597656
2.573242
2.597656
2.592773
2.583008
2.592773
2.568359
2.573242
2.583008
2.578125
2.558594
2.543945
2.553711
2.558594
2.573242
2.573242
2.573242
2.558594
2.553711
2.563477
2.597656
2.553711
2.534180
2.563477
2.587891
2.543945
2.558594
2.543945
2.558594
2.568359
2.573242
2.558594
2.578125
2.529297
2.568359
2.534180
2.558594
2.529297
2.534180
2.519531
2.519531
2.534180
2.539062
2.534180
2.558594
2.543945
2.578125
2.563477
2.534180
2.573242
2.539062
2.568359
2.558594
2.534180
2.568359
2.548828
2.548828
2.553711
2.553711
2.539062
2.534180
2.543945
2.558594
2.534180
2.548828
2.563477
2.543945
2.543945
2.524414
2.534180
2.548828
2.539062
2.558594
2.514648
2.539062
2.539062
2.543945
2.553711
2.534180
2.558594
2.558594
2.553711
2.519531
2.524414
2.524414
2.529297
2.519531
2.553711
2.524414
2.558594
2.558594
2.573242
2.612305
2.583008
2.607422
2.578125
2.563477
2.578125
2.573242
2.553711
2.553711
2.568359
2.543945
2.543945
2.519531
2.558594
2.524414
2.524414
2.553711
2.534180
2.529297
2.534180
2.519531
2.543945
2.519531
2.534180
2.529297
2.529297
2.509766
2.543945
2.543945
2.543945
2.543945
2.548828
2.548828
2.558594
2.553711
2.543945
2.543945
2.548828
2.553711
2.548828
2.543945
2.573242
2.534180
2.558594
2.573242
2.587891
2.563477
2.607422
2.597656
2.592773
2.563477
2.558594
2.558594
2.543945
2.524414
2.509766
2.529297
2.539062
2.519531
2.514648
2.543945
2.539062
2.509766
2.519531
2.490234
2.529297
2.543945
2.519531
2.539062
2.514648
2.519531
2.539062
2.529297
2.543945
2.529297
2.543945
2.500000
2.558594
2.524414
2.543945
2.563477
2.514648
2.534180
2.558594
2.524414
2.558594
2.553711
2.543945
2.558594
2.534180
2.543945
2.553711
2.529297
2.543945
2.548828
2.553711
2.543945
2.573242
2.578125
2.543945
2.553711
2.558594
2.553711
2.514648
2.563477
2.553711
2.553711
2.553711
2.529297
2.548828
2.573242
2.548828
2.563477
2.573242
2.578125
2.573242
2.587891
2.592773
2.587891
2.583008
2.597656
2.583008
2.587891
2.607422
2.592773
2.563477
2.597656
2.597656
2.607422
2.587891
2.543945
2.578125
2.612305
2.558594
2.622070
2.617188
2.631836
2.602539
2.578125
2.578125
2.612305
2.578125
2.592773
2.583008
2.607422
2.583008
2.592773
2.583008
2.548828
2.553711
2.558594
2.592773
2.519531
2.553711
2.578125
2.563477
2.578125
2.592773
2.578125
2.558594
2.587891
2.617188
2.563477
2.573242
2.592773
2.553711
2.563477
2.558594
2.597656
2.587891
2.583008
2.539062
2.573242
2.587891
2.573242
2.568359
2.563477
2.597656
2.563477
2.587891
2.558594
2.583008
2.548828
2.558594
2.539062
2.553711
2.587891
2.583008
2.539062
2.583008
2.524414
2.553711
2.553711
2.573242
2.553711
2.539062
2.543945
2.514648
2.529297
2.539062
2.529297
2.539062
2.558594
2.548828
2.558594
2.553711
2.573242
2.568359
2.534180
2.543945
2.548828
2.583008
2.553711
2.563477
2.543945
2.553711
2.568359
2.563477
2.534180
2.543945
2.543945
2.558594
2.553711
2.553711
2.548828
2.548828
2.578125
2.519531
2.539062
2.519531
2.529297
2.563477
2.529297
2.553711
2.534180
2.534180
2.534180
2.529297
2.534180
2.534180
2.524414
2.539062
2.539062
2.543945
2.529297
2.514648
2.534180
2.534180
2.578125
2.558594
2.597656
2.573242
2.617188
2.553711
2.597656
2.573242
2.563477
2.543945
2.568359
2.563477
2.534180
2.578125
2.553711
2.534180
2.558594
2.553711
2.519531
2.529297
2.578125
2.543945
2.519531
2.568359
2.553711
2.529297
2.563477
2.524414
2.534180
2.539062
2.529297
2.548828
2.563477
2.534180
2.568359
2.519531
2.514648
2.553711
2.534180
2.553711
2.529297
2.534180
2.558594
2.573242
2.543945
2.563477
2.543945
2.558594
2.573242
2.563477
2.583008
2.602539
2.573242
2.573242
2.558594
2.553711
2.553711
2.519531
2.534180
2.519531
2.495117
2.524414
2.539062
2.490234
2.519531
2.524414
2.500000
2.490234
2.558594
2.529297
2.519531
2.539062
2.529297
