1.933594
1.547852
1.289062
1.074219
0.942383
0.869141
0.981445
1.196289
1.479492
1.958008
2.446289
3.022461
3.632812
4.199219
4.682617
5.034180
5.234375
5.292969
5.112305
4.780273
4.282227
3.671875
2.963867
2.216797
1.557617
0.893555
0.410156
0.053711
-0.112305
-0.136719
0.078125
0.400391
0.913086
1.440430
2.031250
2.578125
3.125000
3.608398
3.906250
4.130859
4.233398
4.204102
4.111328
3.842773
3.603516
3.271484
2.968750
2.709961
2.548828
2.534180
2.519531
2.539062
2.543945
2.539062
2.543945
2.543945
2.548828
2.553711
2.509766
2.509766
2.495117
2.543945
2.548828
2.558594
2.529297
2.583008
2.553711
2.539062
2.539062
2.563477
2.543945
2.524414
2.558594
2.539062
2.524414
2.568359
2.548828
2.539062
2.529297
2.543945
2.543945
2.543945
2.519531
2.534180
2.548828
2.543945
2.529297
2.553711
2.519531
2.539062
2.543945
2.578125
2.558594
2.529297
2.539062
2.509766
2.563477
2.500000
2.539062
2.534180
2.514648
2.504883
2.543945
2.534180
2.529297
2.509766
2.543945
2.543945
2.558594
2.509766
2.587891
2.587891
2.568359
2.592773
2.587891
2.568359
2.548828
2.539062
2.553711
2.534180
2.578125
2.543945
2.519531
2.543945
2.524414
2.529297
2.543945
2.529297
2.553711
2.534180
2.529297
2.529297
2.529297
2.548828
2.534180
2.539062
2.543945
2.524414
2.529297
2.524414
2.583008
2.543945
2.534180
2.534180
2.524414
2.563477
2.539062
2.534180
2.568359
2.543945
2.529297
2.563477
2.509766
2.558594
2.529297
2.543945
2.539062
2.529297
2.592773
2.573242
2.573242
2.568359
2.563477
2.524414
2.514648
2.539062
2.514648
2.509766
2.524414
2.509766
2.495117
2.534180
2.543945
2.509766
2.563477
2.529297
2.548828
2.485352
2.568359
2.504883
2.548828
2.529297
2.539062
2.543945
2.524414
2.539062
2.558594
2.500000
2.548828
2.534180
2.558594
2.529297
2.553711
2.539062
2.534180
2.514648
2.539062
2.543945
2.534180
2.543945
2.519531
2.539062
2.563477
2.539062
2.534180
2.529297
2.568359
2.548828
2.563477
2.553711
2.558594
2.529297
2.509766
2.548828
2.534180
2.524414
2.524414
2.558594
2.519531
2.543945
2.524414
2.563477
2.534180
2.539062
2.558594
2.563477
2.543945
2.578125
2.558594
2.539062
2.573242
2.539062
2.553711
2.563477
2.553711
2.534180
2.592773
2.543945
2.578125
2.558594
2.573242
2.539062
2.548828
2.543945
2.563477
2.587891
2.534180
2.543945
2.612305
2.587891
2.568359
2.583008
2.524414
2.568359
2.583008
2.573242
2.587891
2.543945
2.583008
2.519531
2.543945
2.529297
2.543945
2.524414
2.573242
2.568359
2.543945
2.592773
2.553711
2.568359
2.568359
2.553711
2.568359
2.568359
2.592773
2.587891
2.553711
2.568359
2.597656
2.587891
2.587891
2.553711
2.524414
2.563477
2.524414
2.558594
2.529297
2.592773
2.563477
2.529297
2.568359
2.548828
2.578125
2.539062
2.558594
2.548828
2.553711
2.558594
2.573242
2.553711
2.553711
2.548828
2.534180
2.558594
2.519531
2.553711
2.548828
2.514648
2.563477
2.514648
2.534180
2.509766
2.539062
2.558594
2.543945
2.548828
2.543945
2.597656
2.568359
2.558594
2.534180
2.539062
2.539062
2.573242
2.529297
2.529297
2.543945
2.568359
2.553711
2.548828
2.548828
2.534180
2.553711
2.529297
2.539062
2.539062
2.534180
2.553711
2.519531
2.514648
2.529297
2.524414
2.543945
2.529297
2.534180
2.519531
2.519531
2.524414
2.558594
2.539062
2.534180
2.500000
2.519531
2.543945
2.548828
2.558594
2.558594
2.509766
2.534180
2.553711
2.558594
2.578125
2.602539
2.587891
2.558594
2.558594
2.534180
2.563477
2.543945
2.563477
2.534180
2.539062
2.539062
2.563477
2.558594
2.548828
2.543945
2.539062
2.514648
2.519531
2.558594
2.539062
2.534180
2.539062
2.563477
2.548828
2.539062
2.539062
2.514648
2.534180
2.548828
2.529297
2.534180
2.529297
2.529297
2.543945
2.529297
2.529297
2.539062
2.524414
2.519531
2.524414
2.563477
2.514648
2.558594
2.539062
2.519531
2.534180
2.592773
2.587891
2.558594
2.597656
2.563477
2.548828
2.524414
2.558594
2.529297
2.500000
2.495117
2.519531
2.509766
2.509766
2.509766
2.514648
2.495117
2.514648
2.519531
2.524414
2.509766
2.495117
2.504883
2.514648
2.539062
2.514648
2.543945
2.514648
2.543945
2.519531
2.524414
2.500000
2.534180
2.524414
2.529297
2.539062
2.539062
2.529297
2.529297
2.558594
2.519531
2.543945
2.534180
2.543945
2.539062
2.563477
2.529297
2.543945
2.529297
2.568359
2.514648
2.553711
2.539062
2.534180
2.553711
2.534180
2.534180
2.539062
2.529297
2.524414
2.558594
2.543945
2.534180
2.548828
2.539062
2.543945
2.558594
2.578125
2.563477
2.583008
2.583008
2.592773
2.592773
2.573242
2.607422
2.573242
2.563477
2.612305
2.592773
2.592773
2.548828
2.548828
2.534180
2.573242
2.558594
2.558594
2.587891
2.592773
2.578125
2.568359
2.568359
2.578125
2.587891
2.587891
2.573242
2.578125
2.558594
2.587891
2.602539
2.578125
2.568359
2.563477
2.524414
2.548828
2.539062
2.568359
2.558594
2.563477
2.543945
2.539062
2.543945
2.553711
2.607422
2.573242
2.563477
2.543945
2.539062
2.587891
2.578125
2.543945
2.563477
2.563477
2.543945
2.563477
2.568359
2.583008
2.563477
2.529297
2.563477
2.543945
2.539062
2.558594
2.597656
2.539062
2.587891
2.539062
2.573242
2.568359
2.558594
2.553711
2.539062
2.563477
2.563477
2.524414
2.534180
2.558594
2.548828
2.539062
2.573242
2.534180
2.529297
2.519531
2.500000
2.519531
2.534180
2.539062
2.558594
2.509766
2.548828
2.558594
2.568359
2.583008
2.558594
2.553711
2.548828
2.548828
2.543945
2.539062
2.563477
2.573242
2.534180
2.548828
2.529297
2.543945
2.548828
2.548828
2.529297
2.514648
2.534180
2.534180
2.558594
2.529297
2.539062
2.534180
2.539062
2.539062
2.539062
2.543945
2.534180
2.534180
2.534180
2.524414
2.524414
2.553711
2.519531
2.514648
2.519531
2.543945
2.534180
2.504883
2.543945
2.578125
2.607422
2.553711
2.597656
2.617188
2.558594
2.578125
2.553711
2.568359
2.568359
2.543945
2.553711
2.534180
2.524414
2.553711
2.529297
2.534180
2.534180
2.534180
2.519531
2.543945
2.539062
2.558594
2.558594
2.514648
2.519531
2.524414
2.543945
2.539062
2.548828
2.524414
2.514648
2.524414
2.553711
2.558594
2.543945
2.524414
2.534180
2.514648
2.548828
2.548828
2.539062
2.573242
2.539062
2.514648
2.558594
2.534180
2.529297
2.548828
2.587891
2.563477
2.597656
2.563477
2.563477
2.534180
2.558594
2.553711
2.534180
2.529297
2.548828
2.529297
2.524414
2.509766
2.524414
2.490234
2.504883
2.519531
2.534180
2.529297
2.524414
2.509766
2.539062
2.480469
2.500000
2.509766
2.504883
2.534180
2.524414
2.529297
2.519531
2.539062
2.524414
2.519531
2.519531
2.514648
2.524414
2.587891
2.534180
2.553711
2.514648
2.534180
2.548828
2.529297
2.539062
2.539062
2.524414
2.539062
2.534180
2.558594
2.553711
2.534180
2.553711
2.514648
2.543945
2.534180
2.539062
2.548828
2.534180
2.529297
2.543945
2.543945
2.543945
2.524414
2.563477
2.509766
2.558594
2.568359
2.543945
2.563477
2.587891
2.573242
2.553711
2.587891
2.592773
2.568359
2.583008
2.607422
2.592773
2.583008
2.587891
2.558594
2.597656
2.563477
2.597656
2.583008
2.587891
2.592773
2.587891
2.563477
2.587891
2.597656
2.597656
2.573242
2.612305
2.578125
2.622070
2.617188
2.602539
2.597656
2.558594
2.539062
2.543945
2.543945
2.529297
2.534180
2.553711
2.568359
2.597656
2.568359
2.563477
2.553711
2.602539
2.578125
2.583008
2.553711
2.539062
2.617188
2.597656
2.548828
2.573242
2.578125
2.543945
2.578125
2.587891
2.587891
2.568359
2.573242
2.597656
2.553711
2.583008
2.563477
2.563477
2.563477
2.563477
2.539062
2.563477
2.563477
2.534180
2.558594
2.534180
2.563477
2.524414
2.573242
2.539062
2.563477
2.534180
2.529297
2.558594
2.548828
2.548828
2.509766
2.529297
2.563477
2.524414
2.543945
2.568359
2.568359
2.558594
2.553711
2.548828
2.553711
2.539062
2.548828
2.543945
2.553711
2.548828
2.539062
2.563477
2.534180
2.524414
2.539062
2.543945
2.539062
2.524414
2.548828
2.529297
2.539062
2.553711
2.519531
2.539062
2.548828
2.529297
2.529297
2.534180
2.519531
2.514648
2.539062
2.534180
2.573242
2.558594
2.543945
2.553711
2.514648
2.543945
2.504883
2.524414
2.543945
2.509766
2.519531
2.548828
2.558594
2.548828
2.587891
2.558594
2.578125
2.553711
2.587891
2.558594
2.573242
2.548828
2.548828
2.553711
2.553711
2.519531
2.543945
2.514648
2.548828
2.543945
2.509766
2.534180
2.539062
2.534180
2.529297
2.539062
2.543945
2.509766
2.553711
2.524414
2.539062
2.563477
2.509766
2.534180
2.553711
2.534180
2.548828
2.553711
2.539062
2.558594
2.543945
2.558594
2.558594
2.529297
2.548828
2.539062
2.553711
2.534180
2.563477
2.539062
2.573242
2.597656
2.568359
2.578125
2.553711
2.558594
2.529297
2.548828
2.529297
2.519531
2.509766
2.534180
2.548828
2.534180
2.500000
2.543945
2.509766
2.534180
2.543945
2.509766
2.519531
2.524414
2.543945
2.514648
2.543945
2.558594
2.495117
2.529297
2.548828
2.519531
2.543945
2.543945
2.543945
2.543945
2.553711
2.534180
2.539062
2.553711
2.514648
2.539062
2.539062
2.514648
2.534180
2.524414
2.519531
2.539062
2.534180
2.534180
2.534180
2.543945
2.548828
2.543945
2.539062
2.539062
2.539062
2.529297
2.553711
2.558594
2.543945
2.519531
2.539062
2.534180
2.500000
2.539062
2.519531
2.563477
2.519531
2.519531
2.568359
2.548828
2.548828
2.568359
2.568359
2.563477
2.553711
2.548828
2.558594
2.563477
2.592773
2.563477
2.563477
2.534180
2.583008
2.597656
2.587891
2.578125
2.573242
2.558594
2.597656
2.578125
2.573242
2.592773
2.558594
2.534180
2.612305
2.607422
2.592773
2.597656
2.509766
2.568359
2.597656
2.563477
2.548828
2.514648
2.524414
2.578125
2.539062
2.548828
2.563477
2.583008
2.583008
2.578125
2.597656
2.573242
2.558594
2.587891
2.558594
2.612305
2.563477
2.563477
2.617188
2.558594
2.563477
2.602539
2.519531
2.587891
2.573242
2.568359
2.553711
2.592773
2.539062
2.573242
2.578125
2.553711
2.548828
2.548828
2.558594
2.612305
2.573242
2.592773
2.539062
2.563477
2.578125
2.548828
2.568359
2.548828
2.558594
2.553711
2.539062
2.583008
2.509766
2.543945
2.495117
2.529297
2.509766
2.539062
2.548828
2.543945
2.568359
2.539062
2.568359
2.534180
2.519531
2.563477
2.563477
2.529297
2.543945
2.558594
2.558594
2.563477
2.573242
2.553711
2.553711
2.539062
2.578125
2.558594
2.553711
2.548828
2.543945
2.558594
2.539062
2.553711
2.519531
2.539062
2.529297
2.524414
2.548828
2.543945
2.534180
2.548828
2.553711
2.529297
2.534180
2.558594
2.543945
2.509766
2.539062
2.534180
2.534180
2.514648
2.558594
2.524414
2.534180
2.583008
2.558594
2.587891
2.568359
2.563477
2.558594
2.553711
2.563477
2.529297
2.529297
2.563477
2.573242
2.534180
2.529297
2.539062
2.529297
2.539062
2.539062
2.514648
2.524414
2.543945
2.534180
2.495117
2.514648
2.553711
2.529297
2.553711
2.539062
2.519531
2.543945
2.548828
2.524414
2.534180
2.553711
2.558594
2.539062
2.524414
2.543945
2.563477
2.543945
2.543945
2.543945
2.553711
2.548828
2.558594
2.558594
2.529297
2.548828
2.597656
2.563477
2.568359
2.587891
2.558594
2.553711
2.548828
2.504883
2.519531
2.534180
2.543945
2.514648
2.500000
2.500000
2.519531
2.534180
2.504883
2.524414
2.519531
2.548828
2.509766
2.524414
2.519531
2.519531
2.529297
2.524414
2.558594
2.524414
2.578125
2.519531
2.548828
2.514648
2.539062
2.543945
2.519531
2.539062
2.543945
2.539062
2.524414
2.539062
2.558594
2.548828
2.529297
2.568359
2.553711
2.534180
2.553711
2.534180
2.539062
2.573242
2.583008
2.534180
2.543945
2.553711
2.568359
2.534180
2.524414
2.534180
2.524414
2.548828
2.529297
2.543945
2.563477
2.548828
2.539062
2.558594
2.602539
2.548828
2.583008
2.558594
2.548828
2.583008
2.568359
2.553711
2.587891
2.548828
2.558594
2.583008
2.607422
2.578125
2.583008
2.568359
2.602539
2.587891
2.583008
2.592773
2.568359
2.563477
2.602539
2.573242
2.587891
2.578125
2.539062
2.548828
2.578125
2.568359
2.563477
2.587891
2.607422
2.578125
2.553711
2.519531
2.524414
2.548828
2.548828
2.524414
2.543945
2.543945
2.597656
2.578125
2.529297
2.578125
2.563477
2.573242
2.573242
2.534180
2.568359
2.612305
2.563477
2.583008
2.578125
2.587891
2.563477
2.519531
2.563477
2.548828
2.578125
2.514648
2.578125
2.563477
2.573242
2.553711
2.553711
2.543945
2.578125
2.553711
2.578125
2.578125
2.543945
2.573242
2.529297
2.534180
2.578125
2.529297
2.558594
2.529297
2.548828
2.553711
2.563477
2.529297
2.543945
2.509766
2.529297
2.558594
2.543945
2.563477
2.573242
2.558594
2.578125
2.539062
2.563477
2.548828
2.573242
2.543945
2.539062
2.578125
2.539062
2.563477
2.534180
2.543945
2.563477
2.548828
2.563477
2.548828
2.568359
2.568359
2.578125
2.553711
2.539062
2.558594
2.519531
2.543945
2.558594
2.553711
2.509766
2.529297
2.543945
2.548828
2.514648
2.524414
2.519531
2.548828
2.495117
2.539062
2.553711
2.543945
2.553711
2.534180
2.524414
2.514648
2.524414
2.578125
2.578125
2.534180
2.592773
2.573242
2.548828
2.602539
2.578125
2.534180
2.553711
2.563477
2.543945
2.543945
2.534180
2.514648
2.539062
2.553711
2.529297
2.543945
2.563477
2.553711
2.543945
2.534180
2.509766
2.543945
2.524414
2.534180
2.509766
2.563477
2.534180
2.568359
2.514648
2.573242
2.534180
2.539062
2.539062
2.519531
2.539062
2.558594
2.558594
2.558594
2.519531
2.548828
2.573242
2.553711
2.539062
2.539062
2.543945
2.568359
2.592773
2.563477
2.573242
2.548828
2.573242
2.529297
2.529297
2.543945
2.558594
2.529297
2.548828
2.548828
2.504883
2.524414
2.509766
2.514648
2.534180
2.495117
2.514648
2.524414
2.543945
2.534180
2.519531
2.534180
2.539062
2.539062
2.573242
2.529297
2.543945
2.529297
2.548828
2.534180
2.529297
2.563477
2.539062
2.543945
2.558594
2.553711
2.548828
2.548828
2.539062
2.558594
2.573242
2.529297
2.543945
2.529297
2.553711
2.558594
2.539062
2.539062
2.558594
2.558594
2.548828
2.524414
2.519531
2.534180
2.543945
2.524414
2.539062
2.534180
2.553711
2.524414
2.548828
2.539062
2.558594
2.539062
2.583008
2.568359
2.578125
2.553711
2.558594
2.558594
2.592773
2.563477
2.583008
2.563477
2.578125
2.568359
2.583008
2.597656
2.578125
2.587891
2.578125
2.573242
2.583008
2.597656
2.578125
2.597656
2.583008
2.573242
2.587891
2.578125
2.597656
2.578125
2.553711
2.573242
2.583008
2.558594
2.602539
2.592773
2.529297
2.543945
2.514648
2.568359
2.519531
2.568359
2.563477
2.607422
2.558594
2.602539
2.587891
2.563477
2.558594
2.534180
2.583008
2.592773
2.592773
2.568359
2.578125
2.563477
2.553711
2.534180
2.568359
2.558594
2.558594
2.529297
2.519531
2.553711
2.563477
2.548828
2.543945
2.558594
2.543945
2.558594
2.539062
2.519531
2.558594
2.548828
2.539062
2.534180
2.539062
2.558594
2.539062
2.524414
2.534180
2.534180
2.524414
2.524414
2.524414
2.504883
2.553711
2.509766
2.509766
2.519531
2.553711
2.548828
2.543945
2.529297
2.548828
2.543945
2.563477
2.563477
2.568359
2.534180
2.539062
2.558594
2.534180
2.543945
2.543945
2.539062
2.539062
2.514648
2.539062
2.553711
2.539062
2.543945
2.543945
2.500000
2.539062
2.539062
2.543945
2.539062
2.524414
2.548828
2.534180
2.514648
2.548828
2.548828
2.539062
2.514648
2.514648
2.529297
2.543945
2.548828
2.553711
2.514648
2.509766
2.534180
2.543945
2.548828
2.539062
2.558594
2.543945
2.612305
2.597656
2.592773
2.529297
2.568359
2.524414
2.573242
2.553711
2.534180
2.563477
2.548828
2.534180
2.519531
2.543945
2.543945
2.558594
2.519531
2.543945
2.509766
2.539062
2.568359
2.553711
2.543945
2.514648
2.548828
2.548828
2.539062
2.558594
2.548828
2.548828
2.543945
2.534180
2.587891
2.524414
2.543945
2.534180
2.563477
2.558594
2.539062
2.553711
2.543945
2.534180
2.587891
2.553711
2.558594
2.543945
2.578125
2.573242
2.578125
2.548828
2.583008
2.529297
2.539062
2.563477
2.504883
2.543945
2.509766
2.500000
2.524414
2.534180
2.524414
2.529297
2.519531
2.534180
2.548828
2.514648
2.539062
2.514648
2.558594
2.524414
2.539062
2.534180
2.548828
2.534180
2.553711
2.553711
2.558594
2.543945
2.534180
2.524414
2.519531
2.534180
2.548828
2.514648
2.543945
2.543945
2.529297
2.519531
2.534180
2.514648
2.539062
2.548828
2.539062
2.553711
2.553711
2.534180
2.553711
2.578125
2.558594
2.563477
2.543945
2.548828
2.514648
2.553711
2.553711
2.509766
2.509766
2.543945
2.539062
2.539062
2.568359
2.548828
2.558594
2.548828
2.573242
2.563477
2.539062
2.587891
2.578125
2.568359
2.548828
2.573242
2.534180
2.543945
2.607422
2.568359
2.587891
2.578125
2.578125
2.548828
2.592773
2.548828
2.543945
2.583008
2.587891
2.587891
2.553711
2.553711
2.573242
2.578125
2.568359
2.578125
2.519531
2.568359
2.558594
2.592773
2.597656
2.524414
2.563477
2.514648
2.519531
2.553711
2.524414
2.563477
2.548828
2.558594
2.558594
2.558594
2.563477
2.563477
2.558594
2.568359
2.607422
2.568359
2.597656
2.573242
2.563477
2.587891
2.553711
2.558594
2.568359
2.548828
2.587891
2.573242
2.558594
2.587891
2.534180
2.548828
2.597656
2.529297
2.563477
2.592773
2.514648
2.568359
2.573242
2.573242
2.543945
2.587891
2.563477
2.543945
2.553711
2.548828
2.583008
2.539062
2.548828
2.558594
2.548828
2.524414
2.529297
2.553711
2.514648
2.568359
2.534180
2.548828
2.553711
2.548828
2.563477
2.543945
2.553711
2.568359
2.553711
2.553711
2.534180
2.543945
2.539062
2.543945
2.543945
2.548828
2.553711
2.524414
2.524414
2.534180
2.548828
2.524414
2.543945
2.519531
2.548828
2.558594
2.539062
2.543945
2.534180
2.534180
2.548828
2.539062
2.529297
2.509766
2.534180
2.548828
2.553711
2.519531
2.524414
2.543945
2.519531
2.534180
2.534180
2.543945
2.539062
2.524414
2.548828
2.558594
2.563477
2.558594
2.568359
2.573242
2.578125
2.558594
2.558594
2.553711
2.583008
2.524414
2.543945
2.553711
2.543945
2.543945
2.558594
2.543945
2.548828
2.534180
2.543945
2.573242
2.509766
2.519531
2.583008
2.529297
2.553711
2.558594
2.553711
2.543945
2.539062
2.534180
2.548828
2.534180
2.514648
2.534180
2.524414
2.548828
2.578125
2.553711
2.553711
2.524414
2.548828
2.543945
2.543945
2.583008
2.548828
2.543945
2.553711
2.568359
2.534180
2.597656
2.573242
2.548828
2.543945
2.548828
2.529297
2.553711
2.558594
2.558594
2.529297
2.534180
2.529297
2.524414
2.534180
2.514648
2.539062
2.524414
2.543945
2.534180
2.509766
2.529297
2.519531
2.539062
2.563477
2.539062
2.568359
2.529297
2.519531
2.548828
2.534180
2.524414
2.558594
2.558594
2.539062
2.543945
2.524414
2.539062
2.534180
2.543945
2.558594
2.558594
2.548828
2.534180
2.558594
2.553711
2.558594
2.558594
2.563477
2.539062
2.563477
2.524414
2.514648
2.500000
2.514648
2.524414
2.534180
2.543945
2.548828
2.519531
2.543945
2.558594
2.553711
2.548828
2.534180
2.553711
2.543945
2.573242
2.563477
2.563477
2.558594
2.583008
2.573242
2.553711
2.583008
2.573242
2.568359
2.607422
2.573242
2.607422
2.592773
2.563477
2.529297
2.578125
2.529297
2.578125
2.592773
2.578125
2.568359
2.612305
2.587891
2.587891
2.573242
2.583008
2.597656
2.592773
2.592773
2.592773
2.597656
2.558594
2.558594
2.534180
2.529297
2.558594
2.553711
2.553711
2.548828
2.563477
2.587891
2.583008
2.578125
2.607422
2.573242
2.568359
2.558594
2.563477
2.573242
2.592773
2.573242
2.563477
2.573242
2.563477
2.563477
2.568359
2.553711
2.548828
2.553711
2.578125
2.563477
2.539062
2.587891
2.583008
2.553711
2.539062
2.573242
2.543945
2.592773
2.543945
2.607422
