1.782227
1.450195
1.181641
1.015625
0.888672
0.913086
1.044922
1.293945
1.684570
2.128906
2.739258
3.291016
3.857422
4.404297
4.887695
5.156250
5.312500
5.219727
5.019531
4.594727
4.077148
3.369141
2.656250
1.938477
1.269531
0.732422
0.244141
-0.034180
-0.170898
-0.048828
0.185547
0.600586
1.083984
1.665039
2.260742
2.832031
3.334961
3.730469
4.047852
4.199219
4.257812
4.169922
4.028320
3.779297
3.481445
3.149414
2.885742
2.617188
2.563477
2.553711
2.539062
2.578125
2.558594
2.578125
2.548828
2.578125
2.519531
2.558594
2.548828
2.539062
2.558594
2.534180
2.558594
2.524414
2.563477
2.519531
2.534180
2.519531
2.534180
2.534180
2.539062
2.514648
2.519531
2.543945
2.534180
2.558594
2.568359
2.548828
2.558594
2.548828
2.583008
2.578125
2.548828
2.553711
2.539062
2.573242
2.529297
2.573242
2.558594
2.524414
2.548828
2.563477
2.553711
2.563477
2.539062
2.539062
2.553711
2.553711
2.519531
2.543945
2.534180
2.543945
2.553711
2.534180
2.534180
2.529297
2.539062
2.539062
2.524414
2.534180
2.529297
2.543945
2.529297
2.543945
2.543945
2.524414
2.543945
2.563477
2.509766
2.534180
2.509766
2.548828
2.587891
2.592773
2.543945
2.597656
2.573242
2.568359
2.553711
2.563477
2.548828
2.568359
2.563477
2.509766
2.543945
2.543945
2.558594
2.543945
2.519531
2.543945
2.529297
2.543945
2.534180
2.514648
2.553711
2.553711
2.578125
2.534180
2.539062
2.524414
2.529297
2.543945
2.548828
2.548828
2.548828
2.519531
2.543945
2.543945
2.543945
2.573242
2.519531
2.539062
2.534180
2.553711
2.543945
2.563477
2.543945
2.558594
2.553711
2.534180
2.607422
2.597656
2.548828
2.568359
2.563477
2.529297
2.519531
2.543945
2.529297
2.534180
2.524414
2.539062
2.524414
2.509766
2.558594
2.519531
2.548828
2.539062
2.524414
2.524414
2.534180
2.548828
2.548828
2.539062
2.553711
2.529297
2.539062
2.543945
2.539062
2.534180
2.543945
2.509766
2.553711
2.519531
2.558594
2.509766
2.534180
2.558594
2.553711
2.529297
2.529297
2.553711
2.539062
2.553711
2.534180
2.568359
2.509766
2.548828
2.568359
2.524414
2.548828
2.529297
2.529297
2.548828
2.583008
2.539062
2.524414
2.548828
2.524414
2.543945
2.529297
2.539062
2.573242
2.548828
2.563477
2.553711
2.543945
2.548828
2.568359
2.548828
2.553711
2.543945
2.573242
2.587891
2.563477
2.578125
2.583008
2.539062
2.573242
2.583008
2.543945
2.568359
2.543945
2.563477
2.573242
2.548828
2.553711
2.563477
2.592773
2.602539
2.568359
2.573242
2.607422
2.563477
2.592773
2.553711
2.558594
2.578125
2.568359
2.563477
2.558594
2.519531
2.543945
2.548828
2.563477
2.607422
2.553711
2.568359
2.543945
2.558594
2.573242
2.543945
2.553711
2.558594
2.573242
2.568359
2.563477
2.583008
2.602539
2.558594
2.563477
2.539062
2.558594
2.558594
2.592773
2.568359
2.573242
2.543945
2.539062
2.563477
2.583008
2.539062
2.548828
2.558594
2.558594
2.563477
2.548828
2.529297
2.543945
2.548828
2.548828
2.578125
2.568359
2.539062
2.534180
2.534180
2.553711
2.543945
2.529297
2.514648
2.529297
2.514648
2.543945
2.543945
2.529297
2.548828
2.534180
2.558594
2.612305
2.553711
2.539062
2.563477
2.548828
2.558594
2.534180
2.548828
2.553711
2.592773
2.553711
2.563477
2.539062
2.534180
2.543945
2.539062
2.534180
2.558594
2.558594
2.553711
2.543945
2.548828
2.519531
2.563477
2.519531
2.543945
2.539062
2.539062
2.543945
2.539062
2.495117
2.558594
2.548828
2.529297
2.543945
2.563477
2.543945
2.534180
2.529297
2.529297
2.563477
2.539062
2.539062
2.597656
2.553711
2.592773
2.563477
2.543945
2.573242
2.583008
2.539062
2.568359
2.539062
2.553711
2.553711
2.529297
2.573242
2.548828
2.553711
2.558594
2.553711
2.524414
2.573242
2.563477
2.529297
2.553711
2.558594
2.539062
2.563477
2.514648
2.529297
2.543945
2.524414
2.553711
2.548828
2.539062
2.563477
2.539062
2.543945
2.539062
2.534180
2.539062
2.534180
2.519531
2.539062
2.534180
2.548828
2.568359
2.534180
2.529297
2.558594
2.573242
2.548828
2.558594
2.607422
2.539062
2.573242
2.558594
2.529297
2.519531
2.509766
2.500000
2.543945
2.539062
2.539062
2.519531
2.514648
2.539062
2.524414
2.524414
2.539062
2.519531
2.539062
2.514648
2.529297
2.514648
2.509766
2.500000
2.534180
2.548828
2.543945
2.539062
2.529297
2.558594
2.534180
2.534180
2.548828
2.568359
2.519531
2.568359
2.539062
2.558594
2.514648
2.534180
2.543945
2.534180
2.539062
2.558594
2.519531
2.558594
2.573242
2.553711
2.558594
2.543945
2.543945
2.553711
2.509766
2.553711
2.534180
2.534180
2.534180
2.543945
2.548828
2.563477
2.548828
2.587891
2.563477
2.543945
2.573242
2.534180
2.543945
2.553711
2.563477
2.583008
2.539062
2.573242
2.558594
2.597656
2.553711
2.573242
2.607422
2.573242
2.602539
2.587891
2.568359
2.607422
2.558594
2.534180
2.568359
2.573242
2.578125
2.573242
2.548828
2.558594
2.563477
2.558594
2.558594
2.543945
2.558594
2.543945
2.578125
2.568359
2.558594
2.534180
2.534180
2.543945
2.534180
2.543945
2.558594
2.558594
2.587891
2.578125
2.583008
2.568359
2.539062
2.583008
2.587891
2.563477
2.558594
2.607422
2.597656
2.583008
2.543945
2.543945
2.543945
2.583008
2.563477
2.617188
2.529297
2.548828
2.607422
2.529297
2.597656
2.524414
2.543945
2.558594
2.617188
2.524414
2.578125
2.534180
2.583008
2.543945
2.539062
2.583008
2.583008
2.524414
2.553711
2.548828
2.563477
2.573242
2.548828
2.539062
2.524414
2.558594
2.558594
2.519531
2.558594
2.539062
2.587891
2.558594
2.587891
2.573242
2.543945
2.553711
2.592773
2.539062
2.558594
2.568359
2.583008
2.558594
2.558594
2.553711
2.553711
2.548828
2.553711
2.553711
2.578125
2.539062
2.534180
2.558594
2.568359
2.558594
2.539062
2.539062
2.529297
2.553711
2.514648
2.529297
2.553711
2.568359
2.529297
2.573242
2.553711
2.543945
2.509766
2.553711
2.543945
2.534180
2.514648
2.548828
2.543945
2.539062
2.563477
2.519531
2.583008
2.568359
2.529297
2.602539
2.553711
2.583008
2.607422
2.529297
2.573242
2.543945
2.534180
2.558594
2.543945
2.553711
2.553711
2.548828
2.573242
2.519531
2.558594
2.558594
2.539062
2.558594
2.548828
2.543945
2.543945
2.553711
2.563477
2.568359
2.553711
2.548828
2.529297
2.534180
2.548828
2.524414
2.568359
2.534180
2.548828
2.543945
2.534180
2.539062
2.539062
2.573242
2.529297
2.558594
2.553711
2.563477
2.553711
2.583008
2.602539
2.558594
2.509766
2.548828
2.548828
2.539062
2.548828
2.543945
2.543945
2.543945
2.534180
2.563477
2.539062
2.529297
2.500000
2.519531
2.524414
2.519531
2.534180
2.514648
2.509766
2.524414
2.514648
2.543945
2.543945
2.504883
2.534180
2.514648
2.519531
2.539062
2.509766
2.504883
2.514648
2.543945
2.500000
2.524414
2.553711
2.519531
2.529297
2.553711
2.539062
2.539062
2.534180
2.534180
2.548828
2.519531
2.543945
2.543945
2.558594
2.553711
2.573242
2.543945
2.553711
2.529297
2.553711
2.524414
2.524414
2.534180
2.543945
2.514648
2.558594
2.539062
2.534180
2.563477
2.543945
2.563477
2.553711
2.553711
2.548828
2.568359
2.524414
2.558594
2.573242
2.578125
2.573242
2.592773
2.592773
2.583008
2.563477
2.558594
2.592773
2.578125
2.568359
2.548828
2.568359
2.563477
2.607422
2.573242
2.592773
2.553711
2.534180
2.573242
2.602539
2.602539
2.597656
2.597656
2.563477
2.583008
2.592773
2.558594
2.534180
2.553711
2.543945
2.539062
2.592773
2.514648
2.587891
2.558594
2.563477
2.583008
2.539062
2.553711
2.592773
2.583008
2.553711
2.563477
2.568359
2.592773
2.573242
2.578125
2.587891
2.573242
2.578125
2.563477
2.573242
2.568359
2.587891
2.539062
2.573242
2.573242
2.578125
2.553711
2.563477
2.539062
2.573242
2.573242
2.563477
2.548828
2.587891
2.558594
2.558594
2.597656
2.548828
2.543945
2.553711
2.573242
2.548828
2.578125
2.519531
2.539062
2.553711
2.529297
2.573242
2.519531
2.543945
2.573242
2.534180
2.553711
2.553711
2.548828
2.578125
2.573242
2.568359
2.583008
2.548828
2.563477
2.539062
2.563477
2.548828
2.548828
2.548828
2.514648
2.558594
2.539062
2.563477
2.543945
2.548828
2.514648
2.514648
2.524414
2.534180
2.568359
2.539062
2.529297
2.548828
2.519531
2.519531
2.534180
2.539062
2.553711
2.539062
2.553711
2.529297
2.539062
2.563477
2.558594
2.514648
2.519531
2.504883
2.553711
2.529297
2.558594
2.563477
2.573242
2.553711
2.543945
2.578125
2.617188
2.553711
2.597656
2.568359
2.558594
2.553711
2.548828
2.543945
2.553711
2.548828
2.578125
2.563477
2.558594
2.534180
2.543945
2.548828
2.539062
2.529297
2.543945
2.543945
2.543945
2.558594
2.539062
2.553711
2.534180
2.563477
2.558594
2.548828
2.548828
2.558594
2.524414
2.568359
2.529297
2.519531
2.553711
2.558594
2.539062
2.563477
2.543945
2.524414
2.578125
2.558594
2.573242
2.587891
2.539062
2.597656
2.553711
2.543945
2.558594
2.519531
2.504883
2.543945
2.509766
2.514648
2.534180
2.509766
2.500000
2.514648
2.524414
2.495117
2.500000
2.504883
2.495117
2.548828
2.500000
2.539062
2.529297
2.558594
2.524414
2.524414
2.534180
2.529297
2.524414
2.543945
2.519531
2.534180
2.539062
2.534180
2.519531
2.543945
2.519531
2.548828
2.548828
2.539062
2.548828
2.534180
2.519531
2.543945
2.543945
2.534180
2.539062
2.553711
2.563477
2.573242
2.558594
2.539062
2.529297
2.529297
2.524414
2.534180
2.534180
2.509766
2.553711
2.539062
2.563477
2.529297
2.543945
2.563477
2.543945
2.563477
2.548828
2.539062
2.539062
2.597656
2.563477
2.563477
2.563477
2.558594
2.543945
2.583008
2.602539
2.573242
2.578125
2.568359
2.597656
2.583008
2.578125
2.578125
2.573242
2.573242
2.578125
2.558594
2.558594
2.592773
2.553711
2.612305
2.602539
2.597656
2.583008
2.553711
2.578125
2.553711
2.568359
2.553711
2.578125
2.519531
2.514648
2.539062
2.563477
2.568359
2.573242
2.578125
2.587891
2.583008
2.573242
2.558594
2.573242
2.563477
2.573242
2.587891
2.587891
2.539062
2.578125
2.592773
2.568359
2.558594
2.568359
2.563477
2.539062
2.543945
2.558594
2.519531
2.543945
2.553711
2.583008
2.543945
2.578125
2.553711
2.563477
2.558594
2.568359
2.578125
2.548828
2.573242
2.539062
2.524414
2.578125
2.543945
2.543945
2.543945
2.568359
2.529297
2.534180
2.519531
2.553711
2.543945
2.548828
2.534180
2.553711
2.578125
2.543945
2.568359
2.578125
2.534180
2.558594
2.578125
2.543945
2.568359
2.543945
2.548828
2.543945
2.539062
2.563477
2.534180
2.553711
2.543945
2.563477
2.519531
2.539062
2.553711
2.534180
2.558594
2.534180
2.539062
2.534180
2.548828
2.529297
2.539062
2.509766
2.553711
2.529297
2.519531
2.539062
2.519531
2.509766
2.519531
2.558594
2.568359
2.548828
2.514648
2.543945
2.534180
2.568359
2.563477
2.534180
2.587891
2.573242
2.548828
2.548828
2.587891
2.543945
2.553711
2.563477
2.539062
2.558594
2.553711
2.583008
2.519531
2.543945
2.539062
2.504883
2.543945
2.519531
2.504883
2.568359
2.529297
2.514648
2.539062
2.573242
2.519531
2.534180
2.548828
2.548828
2.539062
2.558594
2.563477
2.519531
2.568359
2.587891
2.548828
2.553711
2.568359
2.553711
2.578125
2.553711
2.534180
2.548828
2.543945
2.553711
2.558594
2.539062
2.548828
2.583008
2.592773
2.573242
2.548828
2.553711
2.573242
2.529297
2.534180
2.548828
2.524414
2.534180
2.553711
2.475586
2.500000
2.539062
2.509766
2.553711
2.543945
2.539062
2.529297
2.553711
2.543945
2.543945
2.524414
2.529297
2.534180
2.534180
2.534180
2.543945
2.514648
2.553711
2.524414
2.543945
2.543945
2.534180
2.548828
2.548828
2.529297
2.563477
2.543945
2.592773
2.563477
2.558594
2.539062
2.563477
2.543945
2.543945
2.529297
2.524414
2.563477
2.573242
2.558594
2.553711
2.534180
2.543945
2.553711
2.519531
2.563477
2.568359
2.534180
2.539062
2.524414
2.578125
2.563477
2.548828
2.573242
2.539062
2.573242
2.539062
2.558594
2.563477
2.587891
2.548828
2.553711
2.558594
2.548828
2.607422
2.597656
2.573242
2.563477
2.563477
2.592773
2.607422
2.563477
2.587891
2.568359
2.583008
2.607422
2.587891
2.558594
2.583008
2.612305
2.543945
2.583008
2.583008
2.578125
2.563477
2.592773
2.592773
2.563477
2.573242
2.558594
2.519531
2.558594
2.563477
2.563477
2.548828
2.543945
2.553711
2.548828
2.578125
2.529297
2.583008
2.548828
2.583008
2.558594
2.553711
2.568359
2.563477
2.563477
2.573242
2.548828
2.578125
2.568359
2.568359
2.568359
2.553711
2.563477
2.573242
2.539062
2.573242
2.563477
2.539062
2.573242
2.558594
2.592773
2.553711
2.568359
2.539062
2.553711
2.558594
2.578125
2.543945
2.587891
2.534180
2.543945
2.524414
2.558594
2.563477
2.539062
2.514648
2.509766
2.534180
2.529297
2.558594
2.558594
2.543945
2.578125
2.539062
2.524414
2.587891
2.548828
2.548828
2.563477
2.543945
2.543945
2.553711
2.534180
2.534180
2.553711
2.534180
2.558594
2.534180
2.553711
2.534180
2.534180
2.543945
2.568359
2.539062
2.529297
2.543945
2.543945
2.519531
2.543945
2.548828
2.563477
2.553711
2.563477
2.514648
2.529297
2.543945
2.543945
2.534180
2.529297
2.529297
2.529297
2.519531
2.504883
2.539062
2.514648
2.558594
2.558594
2.563477
2.597656
2.597656
2.617188
2.592773
2.578125
2.553711
2.583008
2.553711
2.563477
2.524414
2.539062
2.558594
2.553711
2.543945
2.519531
2.568359
2.568359
2.539062
2.534180
2.539062
2.524414
2.558594
2.509766
2.539062
2.539062
2.543945
2.553711
2.534180
2.539062
2.548828
2.543945
2.558594
2.519531
2.553711
2.539062
2.548828
2.519531
2.534180
2.534180
2.543945
2.519531
2.563477
2.543945
2.529297
2.548828
2.548828
2.573242
2.568359
2.568359
2.587891
2.578125
2.553711
2.558594
2.558594
2.539062
2.509766
2.529297
2.509766
2.500000
2.514648
2.524414
2.524414
2.514648
2.539062
2.519531
2.519531
2.519531
2.514648
2.534180
2.543945
2.514648
2.543945
2.519531
2.529297
2.543945
2.524414
2.539062
2.534180
2.529297
2.534180
2.539062
2.543945
2.563477
2.548828
2.558594
2.524414
2.543945
2.543945
2.548828
2.534180
2.553711
2.553711
2.529297
2.563477
2.553711
2.539062
2.548828
2.558594
2.543945
2.524414
2.553711
2.543945
2.539062
2.490234
2.529297
2.548828
2.529297
2.514648
2.543945
2.543945
2.548828
2.548828
2.543945
2.553711
2.558594
2.587891
2.563477
2.534180
2.558594
2.592773
2.548828
2.568359
2.592773
2.578125
2.607422
2.553711
2.534180
2.543945
2.617188
2.602539
2.578125
2.578125
2.578125
2.558594
2.573242
2.597656
2.573242
2.543945
2.568359
2.587891
2.553711
2.617188
2.592773
2.597656
2.558594
2.573242
2.592773
2.563477
2.534180
2.548828
2.490234
2.568359
2.539062
2.563477
2.568359
2.543945
2.573242
2.563477
2.587891
2.587891
2.563477
2.573242
2.563477
2.626953
2.568359
2.563477
2.558594
2.592773
2.558594
2.578125
2.563477
2.548828
2.568359
2.568359
2.553711
2.563477
2.602539
2.529297
2.573242
2.529297
2.553711
2.587891
2.553711
2.539062
2.548828
2.563477
2.539062
2.548828
2.548828
2.553711
2.529297
2.529297
2.563477
2.563477
2.553711
2.553711
2.583008
2.534180
2.524414
2.509766
2.534180
2.529297
2.500000
2.543945
2.553711
2.529297
2.558594
2.534180
2.592773
2.563477
2.553711
2.553711
2.534180
2.558594
2.558594
2.573242
2.539062
2.573242
2.543945
2.534180
2.558594
2.553711
2.553711
2.543945
2.534180
2.539062
2.548828
2.558594
2.529297
2.509766
2.539062
2.539062
2.519531
2.553711
2.543945
2.534180
2.543945
2.539062
2.534180
2.539062
2.529297
2.519531
2.568359
2.558594
2.519531
2.543945
2.519531
2.519531
2.539062
2.563477
2.583008
2.607422
2.607422
2.548828
2.573242
2.558594
2.563477
2.539062
2.573242
2.534180
2.524414
2.534180
2.539062
2.548828
2.529297
2.539062
2.534180
2.529297
2.543945
2.543945
2.504883
2.553711
2.509766
2.573242
2.578125
2.548828
2.539062
2.553711
2.529297
2.534180
2.539062
2.514648
2.539062
2.524414
2.563477
2.524414
2.539062
2.543945
2.553711
2.539062
2.543945
2.529297
2.543945
2.563477
2.553711
2.558594
2.583008
2.558594
2.573242
2.597656
2.553711
2.558594
2.534180
2.519531
2.563477
2.543945
2.529297
2.529297
2.495117
2.490234
2.534180
2.514648
2.514648
2.490234
2.514648
2.514648
2.524414
2.519531
2.500000
2.504883
2.534180
2.519531
2.534180
2.543945
2.543945
2.529297
2.519531
2.534180
2.529297
2.539062
2.529297
2.534180
2.514648
2.539062
2.543945
2.543945
2.539062
2.539062
2.553711
2.558594
2.543945
2.563477
2.539062
2.534180
2.553711
2.543945
2.543945
2.534180
2.529297
2.504883
2.558594
2.539062
2.563477
2.534180
2.490234
2.548828
2.514648
2.519531
2.514648
2.539062
2.558594
2.578125
2.514648
2.563477
2.548828
2.543945
2.539062
2.587891
2.553711
2.573242
2.568359
2.553711
2.558594
2.558594
2.563477
2.583008
2.583008
2.578125
2.563477
2.548828
2.578125
2.558594
2.519531
2.563477
2.553711
2.524414
2.607422
2.573242
2.529297
2.578125
2.597656
2.578125
2.592773
2.548828
2.578125
2.587891
2.553711
2.573242
2.563477
2.534180
2.553711
2.548828
2.524414
2.529297
2.563477
2.558594
2.568359
2.573242
2.548828
2.587891
2.558594
2.558594
2.592773
2.563477
2.563477
2.617188
2.558594
2.548828
2.592773
2.568359
2.592773
2.573242
2.573242
2.563477
2.592773
2.573242
2.563477
2.534180
2.568359
2.568359
2.573242
2.524414
2.558594
2.578125
2.543945
2.587891
2.573242
2.573242
2.543945
2.573242
2.553711
2.558594
2.514648
2.578125
2.578125
2.539062
2.548828
2.519531
2.539062
2.514648
2.500000
2.519531
2.529297
2.539062
2.568359
2.539062
2.543945
2.573242
2.529297
2.583008
2.587891
2.563477
2.558594
2.548828
2.558594
2.558594
2.548828
2.543945
2.548828
2.539062
2.553711
2.539062
2.529297
2.524414
2.514648
2.534180
2.548828
2.543945
2.539062
2.548828
2.529297
2.529297
2.563477
2.534180
2.519531
2.519531
2.543945
2.514648
2.534180
2.534180
2.558594
2.529297
2.514648
2.509766
2.509766
2.534180
2.519531
2.509766
2.568359
2.587891
2.568359
2.568359
2.573242
2.563477
2.578125
2.573242
2.578125
2.534180
2.592773
2.534180
2.568359
2.543945
2.553711
2.509766
2.539062
2.553711
2.514648
2.534180
2.529297
2.514648
2.539062
2.543945
2.519531
2.558594
2.524414
2.543945
2.524414
2.539062
2.548828
2.558594
2.529297
2.543945
2.529297
2.543945
2.568359
2.568359
2.509766
2.558594
2.543945
2.534180
2.558594
2.534180
2.529297
2.548828
2.563477
2.553711
2.534180
2.578125
2.592773
2.573242
2.553711
2.543945
2.534180
2.543945
2.539062
2.509766
2.514648
2.514648
2.519531
2.534180
2.534180
2.495117
2.534180
2.500000
2.543945
2.548828
2.548828
2.529297
2.524414
2.519531
2.553711
2.558594
2.519531
2.553711
2.539062
2.490234
2.558594
2.509766
2.534180
2.548828
2.529297
2.519531
2.539062
2.543945
2.548828
2.543945
2.543945
2.529297
2.539062
2.534180
2.539062
2.529297
2.539062
2.539062
2.548828
2.543945
2.553711
2.568359
2.553711
2.548828
2.534180
2.548828
2.563477
2.543945
2.543945
2.509766
2.519531
2.524414
2.534180
2.543945
2.558594
2.534180
2.548828
2.529297
2.568359
2.563477
2.539062
2.543945
2.539062
2.548828
2.563477
2.539062
2.558594
2.568359
2.573242
2.563477
2.592773
2.548828
2.568359
2.563477
2.583008
2.578125
2.592773
2.587891
2.578125
2.583008
2.602539
2.553711
2.543945
2.563477
2.529297
2.563477
2.592773
2.592773
2.587891
2.543945
2.578125
2.583008
2.534180
2.553711
2.514648
2.543945
2.539062
2.534180
2.578125
2.524414
2.587891
2.553711
2.563477
2.543945
2.583008
2.592773
2.578125
2.548828
2.568359
2.578125
2.558594
2.597656
2.548828
2.553711
2.548828
2.578125
2.539062
2.573242
2.553711
2.578125
