1.782227
1.474609
1.201172
1.010742
0.922852
0.947266
1.074219
1.328125
1.699219
2.207031
2.792969
3.393555
3.959961
4.487305
4.897461
5.209961
5.336914
5.273438
5.000000
4.575195
3.994141
3.349609
2.573242
1.894531
1.191406
0.625000
0.209961
-0.043945
-0.117188
-0.019531
0.214844
0.620117
1.152344
1.728516
2.324219
2.890625
3.413086
3.803711
4.062500
4.199219
4.248047
4.208984
3.994141
3.710938
3.437500
3.125000
2.861328
2.617188
2.592773
2.553711
2.539062
2.563477
2.553711
2.558594
2.583008
2.553711
2.568359
2.563477
2.558594
2.553711
2.587891
2.529297
2.539062
2.592773
2.563477
2.553711
2.553711
2.563477
2.563477
2.568359
2.543945
2.553711
2.514648
2.539062
2.568359
2.548828
2.573242
2.553711
2.573242
2.553711
2.514648
2.578125
2.573242
2.568359
2.553711
2.568359
2.539062
2.563477
2.563477
2.553711
2.553711
2.543945
2.548828
2.543945
2.558594
2.568359
2.558594
2.539062
2.543945
2.558594
2.548828
2.539062
2.514648
2.563477
2.553711
2.548828
2.514648
2.558594
2.548828
2.534180
2.553711
2.558594
2.543945
2.568359
2.553711
2.548828
2.573242
2.548828
2.534180
2.543945
2.563477
2.602539
2.563477
2.563477
2.563477
2.587891
2.592773
2.578125
2.568359
2.583008
2.573242
2.583008
2.573242
2.578125
2.529297
2.548828
2.587891
2.543945
2.539062
2.587891
2.534180
2.543945
2.578125
2.558594
2.592773
2.558594
2.553711
2.539062
2.543945
2.558594
2.539062
2.592773
2.563477
2.539062
2.543945
2.548828
2.548828
2.553711
2.587891
2.553711
2.539062
2.583008
2.529297
2.578125
2.573242
2.563477
2.592773
2.563477
2.573242
2.578125
2.607422
2.607422
2.578125
2.553711
2.587891
2.553711
2.553711
2.539062
2.539062
2.524414
2.539062
2.529297
2.519531
2.519531
2.539062
2.539062
2.500000
2.543945
2.558594
2.543945
2.509766
2.553711
2.558594
2.534180
2.543945
2.543945
2.553711
2.539062
2.539062
2.543945
2.553711
2.543945
2.553711
2.543945
2.573242
2.514648
2.534180
2.558594
2.563477
2.578125
2.553711
2.553711
2.529297
2.539062
2.563477
2.578125
2.558594
2.539062
2.548828
2.558594
2.563477
2.587891
2.558594
2.573242
2.548828
2.519531
2.539062
2.534180
2.514648
2.543945
2.578125
2.573242
2.548828
2.553711
2.573242
2.573242
2.573242
2.592773
2.583008
2.583008
2.568359
2.563477
2.587891
2.583008
2.578125
2.597656
2.597656
2.592773
2.617188
2.573242
2.583008
2.583008
2.548828
2.607422
2.612305
2.607422
2.578125
2.612305
2.578125
2.607422
2.558594
2.583008
2.592773
2.587891
2.602539
2.568359
2.597656
2.597656
2.592773
2.583008
2.548828
2.539062
2.563477
2.548828
2.553711
2.563477
2.558594
2.607422
2.587891
2.597656
2.573242
2.592773
2.583008
2.587891
2.607422
2.578125
2.573242
2.612305
2.612305
2.597656
2.626953
2.597656
2.583008
2.592773
2.592773
2.583008
2.573242
2.592773
2.597656
2.573242
2.578125
2.553711
2.573242
2.607422
2.597656
2.592773
2.573242
2.587891
2.583008
2.558594
2.514648
2.553711
2.553711
2.558594
2.592773
2.539062
2.568359
2.568359
2.534180
2.514648
2.524414
2.534180
2.548828
2.534180
2.534180
2.558594
2.568359
2.563477
2.587891
2.558594
2.548828
2.573242
2.597656
2.539062
2.563477
2.578125
2.543945
2.558594
2.558594
2.558594
2.553711
2.553711
2.534180
2.539062
2.563477
2.558594
2.534180
2.558594
2.539062
2.587891
2.543945
2.524414
2.543945
2.519531
2.573242
2.558594
2.534180
2.553711
2.583008
2.529297
2.558594
2.534180
2.573242
2.519531
2.509766
2.543945
2.543945
2.543945
2.558594
2.553711
2.568359
2.578125
2.592773
2.597656
2.578125
2.563477
2.607422
2.568359
2.592773
2.578125
2.548828
2.539062
2.548828
2.568359
2.519531
2.539062
2.548828
2.534180
2.578125
2.553711
2.573242
2.534180
2.543945
2.539062
2.548828
2.548828
2.524414
2.563477
2.558594
2.529297
2.548828
2.553711
2.543945
2.543945
2.543945
2.578125
2.529297
2.573242
2.543945
2.558594
2.568359
2.534180
2.563477
2.553711
2.553711
2.563477
2.563477
2.558594
2.543945
2.587891
2.592773
2.597656
2.592773
2.558594
2.568359
2.548828
2.578125
2.563477
2.553711
2.534180
2.553711
2.529297
2.539062
2.534180
2.539062
2.543945
2.563477
2.509766
2.539062
2.529297
2.539062
2.529297
2.553711
2.519531
2.524414
2.553711
2.519531
2.548828
2.563477
2.558594
2.534180
2.524414
2.563477
2.524414
2.558594
2.558594
2.539062
2.548828
2.563477
2.548828
2.548828
2.553711
2.539062
2.543945
2.563477
2.529297
2.578125
2.553711
2.573242
2.573242
2.573242
2.543945
2.558594
2.548828
2.534180
2.548828
2.509766
2.543945
2.573242
2.543945
2.553711
2.519531
2.558594
2.563477
2.563477
2.573242
2.578125
2.539062
2.568359
2.583008
2.612305
2.597656
2.568359
2.597656
2.592773
2.617188
2.558594
2.563477
2.583008
2.597656
2.583008
2.592773
2.607422
2.607422
2.626953
2.607422
2.583008
2.587891
2.587891
2.597656
2.617188
2.578125
2.587891
2.612305
2.583008
2.592773
2.597656
2.597656
2.612305
2.573242
2.543945
2.539062
2.548828
2.563477
2.563477
2.553711
2.543945
2.573242
2.592773
2.597656
2.592773
2.578125
2.583008
2.587891
2.583008
2.612305
2.587891
2.558594
2.592773
2.607422
2.612305
2.587891
2.558594
2.587891
2.558594
2.573242
2.578125
2.602539
2.578125
2.563477
2.558594
2.587891
2.573242
2.558594
2.563477
2.539062
2.563477
2.573242
2.587891
2.558594
2.553711
2.583008
2.568359
2.529297
2.573242
2.578125
2.553711
2.558594
2.534180
2.519531
2.519531
2.534180
2.558594
2.529297
2.563477
2.583008
2.553711
2.553711
2.578125
2.583008
2.597656
2.568359
2.553711
2.573242
2.558594
2.553711
2.563477
2.558594
2.553711
2.578125
2.553711
2.558594
2.558594
2.568359
2.543945
2.558594
2.548828
2.558594
2.592773
2.563477
2.553711
2.558594
2.529297
2.553711
2.534180
2.529297
2.543945
2.539062
2.519531
2.539062
2.573242
2.548828
2.519531
2.543945
2.573242
2.519531
2.514648
2.543945
2.539062
2.534180
2.578125
2.587891
2.568359
2.587891
2.592773
2.587891
2.568359
2.592773
2.558594
2.553711
2.573242
2.553711
2.563477
2.573242
2.543945
2.539062
2.563477
2.558594
2.553711
2.568359
2.573242
2.539062
2.558594
2.543945
2.543945
2.524414
2.558594
2.539062
2.573242
2.539062
2.563477
2.519531
2.558594
2.524414
2.534180
2.519531
2.543945
2.568359
2.548828
2.563477
2.543945
2.553711
2.563477
2.573242
2.534180
2.548828
2.548828
2.583008
2.558594
2.597656
2.573242
2.602539
2.543945
2.578125
2.539062
2.543945
2.539062
2.539062
2.519531
2.534180
2.500000
2.529297
2.548828
2.543945
2.534180
2.539062
2.524414
2.519531
2.529297
2.543945
2.543945
2.529297
2.500000
2.563477
2.539062
2.524414
2.573242
2.504883
2.534180
2.563477
2.539062
2.568359
2.563477
2.563477
2.558594
2.553711
2.529297
2.543945
2.534180
2.548828
2.568359
2.553711
2.563477
2.543945
2.548828
2.563477
2.543945
2.553711
2.573242
2.578125
2.539062
2.524414
2.553711
2.534180
2.553711
2.553711
2.573242
2.519531
2.534180
2.553711
2.534180
2.548828
2.539062
2.553711
2.553711
2.563477
2.583008
2.587891
2.573242
2.583008
2.592773
2.583008
2.592773
2.573242
2.583008
2.607422
2.592773
2.592773
2.602539
2.558594
2.597656
2.617188
2.568359
2.607422
2.568359
2.568359
2.587891
2.563477
2.607422
2.617188
2.573242
2.602539
2.553711
2.578125
2.607422
2.583008
2.617188
2.602539
2.602539
2.543945
2.553711
2.534180
2.534180
2.524414
2.573242
2.563477
2.573242
2.592773
2.583008
2.563477
2.587891
2.568359
2.592773
2.573242
2.607422
2.607422
2.558594
2.578125
2.602539
2.553711
2.602539
2.548828
2.568359
2.587891
2.524414
2.558594
2.607422
2.573242
2.558594
2.543945
2.519531
2.573242
2.573242
2.563477
2.548828
2.563477
2.548828
2.578125
2.519531
2.578125
2.563477
2.558594
2.568359
2.524414
2.553711
2.539062
2.529297
2.548828
2.553711
2.519531
2.534180
2.529297
2.524414
2.548828
2.553711
2.563477
2.553711
2.607422
2.563477
2.583008
2.543945
2.563477
2.583008
2.534180
2.563477
2.563477
2.553711
2.592773
2.539062
2.563477
2.553711
2.524414
2.563477
2.543945
2.543945
2.553711
2.509766
2.558594
2.534180
2.534180
2.563477
2.519531
2.543945
2.548828
2.529297
2.539062
2.539062
2.519531
2.529297
2.553711
2.519531
2.514648
2.509766
2.548828
2.543945
2.553711
2.563477
2.539062
2.509766
2.583008
2.563477
2.583008
2.583008
2.631836
2.563477
2.592773
2.563477
2.583008
2.573242
2.558594
2.548828
2.543945
2.563477
2.519531
2.539062
2.553711
2.539062
2.539062
2.548828
2.558594
2.543945
2.558594
2.558594
2.553711
2.534180
2.543945
2.573242
2.548828
2.543945
2.548828
2.563477
2.553711
2.558594
2.529297
2.534180
2.578125
2.553711
2.548828
2.548828
2.563477
2.553711
2.553711
2.587891
2.568359
2.539062
2.553711
2.568359
2.563477
2.568359
2.617188
2.573242
2.573242
2.568359
2.597656
2.543945
2.568359
2.529297
2.539062
2.543945
2.514648
2.490234
2.539062
2.529297
2.519531
2.558594
2.514648
2.514648
2.534180
2.524414
2.524414
2.519531
2.558594
2.539062
2.539062
2.500000
2.509766
2.524414
2.509766
2.548828
2.553711
2.514648
2.553711
2.524414
2.543945
2.539062
2.524414
2.539062
2.563477
2.519531
2.543945
2.539062
2.543945
2.553711
2.534180
2.563477
2.543945
2.578125
2.558594
2.558594
2.558594
2.553711
2.558594
2.543945
2.539062
2.539062
2.514648
2.529297
2.524414
2.553711
2.548828
2.529297
2.548828
2.558594
2.543945
2.558594
2.592773
2.578125
2.573242
2.592773
2.568359
2.578125
2.583008
2.563477
2.583008
2.592773
2.592773
2.607422
2.583008
2.587891
2.587891
2.607422
2.563477
2.583008
2.602539
2.592773
2.543945
2.583008
2.597656
2.563477
2.597656
2.553711
2.568359
2.578125
2.592773
2.607422
2.617188
2.612305
2.612305
2.568359
2.578125
2.563477
2.558594
2.524414
2.558594
2.558594
2.558594
2.563477
2.568359
2.573242
2.563477
2.563477
2.607422
2.573242
2.587891
2.587891
2.587891
2.587891
2.592773
2.578125
2.568359
2.558594
2.592773
2.592773
2.563477
2.597656
2.563477
2.583008
2.558594
2.597656
2.573242
2.558594
2.568359
2.558594
2.553711
2.529297
2.583008
2.534180
2.587891
2.563477
2.558594
2.553711
2.543945
2.573242
2.534180
2.558594
2.558594
2.543945
2.543945
2.553711
2.519531
2.504883
2.539062
2.534180
2.534180
2.548828
2.543945
2.573242
2.607422
2.568359
2.553711
2.553711
2.543945
2.578125
2.543945
2.578125
2.573242
2.558594
2.548828
2.563477
2.548828
2.534180
2.514648
2.539062
2.548828
2.539062
2.539062
2.524414
2.539062
2.509766
2.524414
2.568359
2.534180
2.543945
2.539062
2.529297
2.558594
2.529297
2.543945
2.553711
2.553711
2.524414
2.524414
2.543945
2.539062
2.529297
2.514648
2.524414
2.534180
2.529297
2.548828
2.563477
2.553711
2.568359
2.578125
2.578125
2.587891
2.568359
2.597656
2.563477
2.563477
2.553711
2.534180
2.558594
2.563477
2.543945
2.563477
2.543945
2.553711
2.539062
2.529297
2.539062
2.539062
2.563477
2.529297
2.573242
2.519531
2.534180
2.543945
2.558594
2.563477
2.529297
2.563477
2.534180
2.524414
2.539062
2.548828
2.568359
2.563477
2.509766
2.558594
2.573242
2.568359
2.578125
2.553711
2.583008
2.534180
2.563477
2.568359
2.568359
2.597656
2.587891
2.558594
2.558594
2.563477
2.573242
2.548828
2.524414
2.543945
2.509766
2.534180
2.524414
2.543945
2.519531
2.519531
2.529297
2.524414
2.524414
2.543945
2.514648
2.529297
2.514648
2.529297
2.529297
2.534180
2.553711
2.558594
2.558594
2.529297
2.539062
2.529297
2.529297
2.563477
2.529297
2.548828
2.534180
2.529297
2.553711
2.539062
2.553711
2.563477
2.514648
2.534180
2.553711
2.534180
2.539062
2.568359
2.558594
2.553711
2.563477
2.543945
2.543945
2.548828
2.534180
2.558594
2.519531
2.514648
2.514648
2.543945
2.548828
2.548828
2.558594
2.529297
2.553711
2.548828
2.534180
2.553711
2.514648
2.568359
2.543945
2.568359
2.578125
2.558594
2.573242
2.587891
2.563477
2.578125
2.573242
2.602539
2.587891
2.563477
2.568359
2.607422
2.578125
2.612305
2.568359
2.543945
2.573242
2.597656
2.568359
2.602539
2.592773
2.563477
2.563477
2.587891
2.563477
2.563477
2.558594
2.612305
2.578125
2.563477
2.548828
2.553711
2.529297
2.553711
2.534180
2.568359
2.583008
2.568359
2.563477
2.587891
2.553711
2.558594
2.529297
2.558594
2.563477
2.558594
2.558594
2.602539
2.578125
2.573242
2.583008
2.578125
2.568359
2.529297
2.578125
2.548828
2.578125
2.563477
2.597656
2.539062
2.563477
2.602539
2.558594
2.553711
2.568359
2.553711
2.592773
2.607422
2.578125
2.543945
2.539062
2.583008
2.558594
2.563477
2.578125
2.529297
2.563477
2.563477
2.543945
2.514648
2.534180
2.500000
2.534180
2.539062
2.529297
2.578125
2.543945
2.539062
2.568359
2.543945
2.558594
2.553711
2.543945
2.558594
2.558594
2.539062
2.553711
2.553711
2.563477
2.543945
2.539062
2.553711
2.553711
2.592773
2.543945
2.573242
2.563477
2.543945
2.534180
2.553711
2.529297
2.558594
2.543945
2.563477
2.529297
2.548828
2.548828
2.543945
2.543945
2.563477
2.548828
2.529297
2.553711
2.524414
2.524414
2.553711
2.524414
2.514648
2.543945
2.563477
2.558594
2.543945
2.602539
2.592773
2.587891
2.548828
2.592773
2.573242
2.553711
2.558594
2.539062
2.539062
2.534180
2.519531
2.524414
2.514648
2.524414
2.519531
2.553711
2.519531
2.524414
2.524414
2.578125
2.509766
2.539062
2.509766
2.539062
2.583008
2.534180
2.514648
2.548828
2.539062
2.529297
2.548828
2.563477
2.543945
2.534180
2.558594
2.553711
2.543945
2.553711
2.553711
2.563477
2.578125
2.548828
2.568359
2.548828
2.548828
2.548828
2.607422
2.573242
2.553711
2.558594
2.578125
2.524414
2.539062
2.519531
2.539062
2.480469
2.514648
2.539062
2.509766
2.524414
2.529297
2.509766
2.524414
2.504883
2.514648
2.519531
2.509766
2.558594
2.509766
2.514648
2.524414
2.519531
2.504883
2.539062
2.519531
2.558594
2.539062
2.519531
2.573242
2.553711
2.558594
2.539062
2.534180
2.534180
2.534180
2.543945
2.534180
2.548828
2.539062
2.553711
2.524414
2.529297
2.534180
2.534180
2.543945
2.558594
2.539062
2.543945
2.553711
2.543945
2.558594
2.543945
2.519531
2.529297
2.543945
2.539062
2.534180
2.578125
2.514648
2.573242
2.553711
2.548828
2.583008
2.543945
2.573242
2.592773
2.568359
2.568359
2.553711
2.568359
2.558594
2.558594
2.568359
2.543945
2.578125
2.568359
2.597656
2.587891
2.583008
2.592773
2.587891
2.573242
2.553711
2.587891
2.558594
2.578125
2.592773
2.553711
2.592773
2.548828
2.597656
2.592773
2.573242
2.573242
2.602539
2.578125
2.568359
2.534180
2.563477
2.534180
2.548828
2.548828
2.558594
2.534180
2.548828
2.592773
2.573242
2.573242
2.583008
2.563477
2.548828
2.626953
2.543945
2.543945
2.563477
2.563477
2.558594
2.548828
2.539062
2.573242
2.578125
2.573242
2.534180
2.568359
2.573242
2.573242
2.573242
2.583008
2.573242
2.563477
2.573242
2.548828
2.548828
2.592773
2.553711
2.553711
2.548828
2.558594
2.534180
2.548828
2.578125
2.534180
2.558594
2.534180
2.543945
2.519531
2.519531
2.519531
2.509766
2.534180
2.553711
2.553711
2.558594
2.553711
2.548828
2.548828
2.558594
2.504883
2.578125
2.558594
2.558594
2.558594
2.548828
2.548828
2.563477
2.548828
2.539062
2.558594
2.553711
2.563477
2.534180
2.534180
2.534180
2.563477
2.558594
2.534180
2.568359
2.534180
2.543945
2.543945
2.514648
2.534180
2.524414
2.539062
2.524414
2.514648
2.524414
2.543945
2.539062
2.539062
2.495117
2.519531
2.514648
2.539062
2.519531
2.519531
2.524414
2.548828
2.563477
2.573242
2.548828
2.553711
2.597656
2.587891
2.553711
2.563477
2.543945
2.558594
2.558594
2.519531
2.568359
2.558594
2.534180
2.563477
2.539062
2.500000
2.548828
2.490234
2.539062
2.543945
2.534180
2.553711
2.558594
2.558594
2.543945
2.529297
2.543945
2.529297
2.553711
2.539062
2.558594
2.534180
2.553711
2.558594
2.534180
2.563477
2.529297
2.573242
2.548828
2.548828
2.553711
2.553711
2.563477
2.519531
2.534180
2.563477
2.578125
2.597656
2.563477
2.548828
2.543945
2.563477
2.563477
2.558594
2.514648
2.514648
2.524414
2.524414
2.529297
2.524414
2.519531
2.524414
2.524414
2.504883
2.539062
2.543945
2.539062
2.539062
2.543945
2.548828
2.534180
2.548828
2.509766
2.509766
2.509766
2.509766
2.534180
2.539062
2.519531
2.529297
2.548828
2.539062
2.548828
2.548828
2.543945
2.539062
2.534180
2.543945
2.548828
2.539062
2.548828
2.558594
2.539062
2.548828
2.529297
2.563477
2.568359
2.553711
2.558594
2.543945
2.548828
2.514648
2.529297
2.548828
2.543945
2.524414
2.553711
2.539062
2.548828
2.563477
2.558594
2.558594
2.573242
2.592773
2.573242
2.539062
2.548828
2.563477
2.597656
2.568359
2.573242
2.597656
2.587891
2.558594
2.573242
2.553711
2.607422
2.587891
2.558594
2.573242
2.597656
2.602539
2.578125
2.612305
2.573242
2.587891
2.617188
2.568359
2.597656
2.558594
2.558594
2.587891
2.578125
2.607422
2.563477
2.563477
2.583008
2.534180
2.539062
2.514648
2.543945
2.548828
2.553711
2.578125
2.573242
2.573242
2.568359
2.524414
2.553711
2.607422
2.602539
2.578125
2.583008
2.568359
2.553711
2.602539
2.573242
2.568359
2.548828
2.583008
2.529297
2.553711
2.573242
2.573242
2.558594
2.578125
2.553711
2.573242
2.592773
2.573242
2.583008
2.573242
2.539062
2.568359
2.568359
2.553711
2.539062
2.563477
2.534180
2.543945
2.568359
2.573242
2.524414
2.553711
2.504883
2.539062
2.495117
2.558594
2.534180
2.534180
2.534180
2.543945
2.553711
2.568359
2.539062
2.543945
2.568359
2.563477
2.573242
2.553711
2.548828
2.548828
2.563477
2.563477
2.543945
2.548828
2.548828
2.543945
2.543945
2.543945
2.558594
2.529297
2.534180
2.534180
2.500000
2.553711
2.558594
2.529297
2.539062
2.529297
2.558594
2.558594
2.558594
2.519531
2.534180
2.529297
2.558594
2.573242
2.529297
2.558594
2.539062
2.500000
2.548828
2.553711
2.539062
2.543945
2.553711
2.539062
2.587891
2.578125
2.602539
2.568359
2.602539
2.573242
2.553711
2.573242
2.558594
2.563477
2.543945
2.573242
2.529297
2.578125
2.529297
2.509766
2.539062
2.587891
2.568359
2.568359
2.548828
2.558594
2.563477
2.504883
2.563477
2.539062
2.519531
2.519531
2.539062
2.543945
2.539062
2.548828
2.558594
2.539062
2.539062
2.543945
2.543945
2.573242
2.534180
2.558594
2.553711
2.563477
2.558594
2.543945
2.534180
2.553711
2.548828
2.558594
2.578125
2.548828
2.539062
2.592773
2.534180
2.563477
2.514648
2.539062
2.524414
2.514648
2.524414
2.543945
2.509766
2.495117
2.539062
2.519531
2.539062
2.495117
2.543945
2.524414
2.534180
2.529297
2.509766
2.548828
2.524414
2.543945
2.539062
2.543945
2.543945
2.558594
2.543945
2.543945
2.553711
2.543945
2.558594
2.573242
2.539062
2.548828
2.553711
2.534180
2.553711
2.543945
2.563477
2.548828
2.504883
2.548828
2.548828
2.534180
2.558594
2.568359
2.548828
2.558594
2.539062
2.563477
2.578125
2.558594
2.509766
2.553711
2.558594
2.529297
2.543945
2.553711
2.509766
2.568359
2.553711
2.563477
2.558594
2.548828
2.558594
2.578125
2.563477
2.553711
2.548828
2.568359
2.573242
2.573242
2.602539
2.587891
2.563477
2.587891
2.607422
2.568359
2.543945
2.568359
2.587891
2.607422
2.597656
2.543945
2.587891
2.597656
2.578125
2.622070
2.607422
2.597656
2.607422
2.587891
2.578125
2.587891
2.543945
2.592773
2.543945
2.578125
2.529297
2.553711
2.534180
2.543945
2.583008
2.573242
2.543945
2.573242
2.529297
2.592773
2.587891
2.573242
2.578125
2.592773
2.602539
2.602539
2.573242
2.587891
2.558594
2.597656
2.602539
2.558594
2.553711
2.578125
2.553711
2.597656
2.568359
