1.821289
1.503906
1.215820
1.015625
0.932617
0.883789
1.030273
1.240234
1.606445
2.084961
2.631836
3.232422
3.837891
4.375000
4.829102
5.136719
5.288086
5.239258
5.039062
4.721680
4.174805
3.530273
2.807617
2.104492
1.367188
0.732422
0.292969
0.004883
-0.141602
-0.078125
0.161133
0.556641
1.054688
1.572266
2.158203
2.709961
3.266602
3.681641
4.003906
4.169922
4.252930
4.189453
4.047852
3.784180
3.520508
3.217773
2.895508
2.661133
2.583008
2.578125
2.583008
2.587891
2.563477
2.558594
2.573242
2.573242
2.553711
2.578125
2.539062
2.558594
2.568359
2.568359
2.553711
2.583008
2.578125
2.568359
2.563477
2.558594
2.578125
2.534180
2.597656
2.534180
2.553711
2.534180
2.548828
2.612305
2.563477
2.539062
2.553711
2.524414
2.543945
2.548828
2.529297
2.509766
2.495117
2.524414
2.563477
2.553711
2.573242
2.543945
2.563477
2.558594
2.578125
2.563477
2.563477
2.563477
2.563477
2.578125
2.534180
2.534180
2.548828
2.543945
2.529297
2.563477
2.543945
2.534180
2.529297
2.543945
2.529297
2.524414
2.573242
2.534180
2.563477
2.529297
2.543945
2.539062
2.553711
2.539062
2.548828
2.539062
2.543945
2.534180
2.553711
2.543945
2.534180
2.543945
2.548828
2.524414
2.524414
2.509766
2.529297
2.548828
2.529297
2.509766
2.573242
2.539062
2.553711
2.597656
2.553711
2.568359
2.563477
2.573242
2.558594
2.578125
2.534180
2.568359
2.553711
2.553711
2.529297
2.524414
2.539062
2.543945
2.578125
2.534180
2.558594
2.514648
2.558594
2.548828
2.539062
2.543945
2.524414
2.495117
2.519531
2.543945
2.539062
2.553711
2.519531
2.548828
2.553711
2.543945
2.529297
2.519531
2.543945
2.563477
2.519531
2.553711
2.543945
2.558594
2.543945
2.573242
2.534180
2.534180
2.578125
2.573242
2.602539
2.597656
2.578125
2.573242
2.568359
2.558594
2.548828
2.553711
2.543945
2.524414
2.519531
2.509766
2.534180
2.539062
2.519531
2.514648
2.529297
2.519531
2.529297
2.539062
2.509766
2.500000
2.558594
2.548828
2.529297
2.543945
2.524414
2.534180
2.524414
2.529297
2.534180
2.553711
2.558594
2.534180
2.543945
2.529297
2.524414
2.539062
2.573242
2.539062
2.548828
2.548828
2.534180
2.587891
2.558594
2.529297
2.583008
2.553711
2.558594
2.587891
2.558594
2.563477
2.553711
2.553711
2.534180
2.485352
2.529297
2.548828
2.509766
2.539062
2.573242
2.539062
2.543945
2.539062
2.553711
2.602539
2.573242
2.553711
2.587891
2.587891
2.587891
2.602539
2.592773
2.578125
2.573242
2.583008
2.592773
2.592773
2.592773
2.563477
2.587891
2.587891
2.583008
2.578125
2.607422
2.548828
2.578125
2.573242
2.578125
2.597656
2.563477
2.543945
2.587891
2.558594
2.602539
2.631836
2.573242
2.578125
2.558594
2.573242
2.558594
2.534180
2.529297
2.539062
2.534180
2.568359
2.558594
2.558594
2.583008
2.578125
2.592773
2.587891
2.563477
2.587891
2.568359
2.563477
2.543945
2.592773
2.592773
2.583008
2.578125
2.563477
2.539062
2.568359
2.587891
2.578125
2.602539
2.578125
2.563477
2.568359
2.597656
2.548828
2.553711
2.553711
2.563477
2.568359
2.539062
2.578125
2.563477
2.553711
2.558594
2.573242
2.548828
2.563477
2.548828
2.573242
2.548828
2.548828
2.563477
2.573242
2.553711
2.524414
2.563477
2.543945
2.553711
2.539062
2.553711
2.573242
2.573242
2.597656
2.563477
2.558594
2.553711
2.573242
2.573242
2.534180
2.573242
2.568359
2.558594
2.563477
2.548828
2.548828
2.573242
2.543945
2.553711
2.534180
2.548828
2.543945
2.548828
2.573242
2.568359
2.539062
2.543945
2.553711
2.548828
2.548828
2.529297
2.543945
2.543945
2.529297
2.558594
2.548828
2.548828
2.573242
2.539062
2.539062
2.553711
2.509766
2.529297
2.539062
2.558594
2.558594
2.597656
2.592773
2.558594
2.592773
2.534180
2.602539
2.578125
2.553711
2.592773
2.553711
2.539062
2.578125
2.524414
2.553711
2.548828
2.534180
2.592773
2.543945
2.558594
2.558594
2.558594
2.519531
2.543945
2.553711
2.573242
2.548828
2.563477
2.563477
2.573242
2.539062
2.519531
2.563477
2.529297
2.529297
2.568359
2.529297
2.534180
2.553711
2.558594
2.558594
2.548828
2.553711
2.543945
2.568359
2.568359
2.543945
2.558594
2.558594
2.583008
2.583008
2.587891
2.548828
2.592773
2.543945
2.529297
2.543945
2.543945
2.529297
2.519531
2.529297
2.534180
2.553711
2.524414
2.529297
2.519531
2.485352
2.495117
2.509766
2.534180
2.519531
2.519531
2.539062
2.524414
2.543945
2.534180
2.553711
2.548828
2.548828
2.543945
2.543945
2.539062
2.524414
2.543945
2.534180
2.543945
2.539062
2.524414
2.558594
2.548828
2.529297
2.587891
2.548828
2.583008
2.543945
2.563477
2.553711
2.587891
2.543945
2.553711
2.543945
2.553711
2.539062
2.529297
2.539062
2.514648
2.534180
2.553711
2.534180
2.558594
2.553711
2.543945
2.558594
2.568359
2.558594
2.539062
2.597656
2.597656
2.607422
2.578125
2.563477
2.587891
2.583008
2.573242
2.587891
2.578125
2.587891
2.587891
2.592773
2.607422
2.587891
2.597656
2.568359
2.573242
2.573242
2.543945
2.553711
2.626953
2.592773
2.553711
2.602539
2.568359
2.587891
2.607422
2.558594
2.578125
2.592773
2.568359
2.558594
2.534180
2.578125
2.534180
2.534180
2.583008
2.553711
2.573242
2.578125
2.534180
2.548828
2.607422
2.583008
2.587891
2.617188
2.563477
2.592773
2.558594
2.553711
2.612305
2.553711
2.607422
2.597656
2.587891
2.534180
2.573242
2.578125
2.553711
2.587891
2.597656
2.539062
2.602539
2.543945
2.587891
2.592773
2.543945
2.573242
2.578125
2.568359
2.563477
2.563477
2.524414
2.568359
2.563477
2.548828
2.529297
2.563477
2.553711
2.573242
2.534180
2.519531
2.509766
2.529297
2.529297
2.543945
2.539062
2.558594
2.573242
2.568359
2.548828
2.558594
2.543945
2.524414
2.548828
2.539062
2.553711
2.543945
2.583008
2.534180
2.563477
2.548828
2.543945
2.543945
2.563477
2.558594
2.539062
2.539062
2.553711
2.548828
2.553711
2.563477
2.548828
2.534180
2.539062
2.524414
2.539062
2.543945
2.558594
2.558594
2.558594
2.558594
2.529297
2.543945
2.514648
2.539062
2.534180
2.553711
2.529297
2.524414
2.587891
2.529297
2.534180
2.592773
2.592773
2.612305
2.592773
2.578125
2.626953
2.563477
2.568359
2.563477
2.534180
2.553711
2.563477
2.553711
2.563477
2.548828
2.558594
2.534180
2.568359
2.529297
2.543945
2.558594
2.539062
2.524414
2.568359
2.519531
2.543945
2.563477
2.524414
2.592773
2.563477
2.548828
2.587891
2.558594
2.573242
2.558594
2.543945
2.563477
2.548828
2.558594
2.543945
2.548828
2.548828
2.548828
2.548828
2.558594
2.558594
2.553711
2.583008
2.553711
2.573242
2.602539
2.597656
2.568359
2.573242
2.543945
2.543945
2.548828
2.524414
2.548828
2.548828
2.500000
2.529297
2.524414
2.504883
2.558594
2.539062
2.524414
2.524414
2.543945
2.534180
2.543945
2.524414
2.524414
2.534180
2.524414
2.563477
2.519531
2.529297
2.543945
2.529297
2.558594
2.534180
2.548828
2.509766
2.539062
2.543945
2.553711
2.543945
2.529297
2.543945
2.524414
2.568359
2.543945
2.553711
2.558594
2.573242
2.529297
2.592773
2.558594
2.558594
2.578125
2.548828
2.534180
2.543945
2.558594
2.568359
2.500000
2.495117
2.529297
2.568359
2.529297
2.548828
2.573242
2.578125
2.539062
2.573242
2.578125
2.583008
2.587891
2.592773
2.553711
2.563477
2.602539
2.592773
2.602539
2.568359
2.583008
2.612305
2.578125
2.587891
2.631836
2.583008
2.617188
2.612305
2.578125
2.587891
2.602539
2.558594
2.602539
2.617188
2.587891
2.607422
2.558594
2.587891
2.578125
2.587891
2.597656
2.573242
2.568359
2.534180
2.529297
2.558594
2.558594
2.592773
2.543945
2.568359
2.578125
2.587891
2.563477
2.583008
2.563477
2.553711
2.568359
2.587891
2.578125
2.568359
2.568359
2.597656
2.583008
2.597656
2.583008
2.578125
2.592773
2.578125
2.543945
2.597656
2.543945
2.612305
2.587891
2.602539
2.568359
2.548828
2.539062
2.607422
2.558594
2.553711
2.553711
2.534180
2.539062
2.553711
2.587891
2.534180
2.573242
2.563477
2.539062
2.553711
2.534180
2.539062
2.524414
2.548828
2.539062
2.539062
2.553711
2.578125
2.524414
2.563477
2.563477
2.563477
2.548828
2.543945
2.573242
2.568359
2.568359
2.548828
2.553711
2.553711
2.558594
2.573242
2.553711
2.563477
2.568359
2.563477
2.539062
2.543945
2.529297
2.543945
2.548828
2.539062
2.543945
2.583008
2.543945
2.558594
2.534180
2.553711
2.558594
2.548828
2.548828
2.529297
2.509766
2.514648
2.548828
2.553711
2.543945
2.558594
2.534180
2.529297
2.519531
2.543945
2.548828
2.578125
2.563477
2.534180
2.563477
2.558594
2.578125
2.568359
2.563477
2.563477
2.553711
2.558594
2.583008
2.543945
2.539062
2.563477
2.514648
2.558594
2.543945
2.534180
2.558594
2.553711
2.514648
2.587891
2.568359
2.543945
2.534180
2.553711
2.548828
2.539062
2.548828
2.539062
2.553711
2.563477
2.529297
2.543945
2.524414
2.558594
2.539062
2.563477
2.578125
2.558594
2.568359
2.548828
2.524414
2.548828
2.553711
2.573242
2.583008
2.563477
2.573242
2.617188
2.563477
2.558594
2.548828
2.568359
2.558594
2.548828
2.548828
2.524414
2.558594
2.529297
2.534180
2.495117
2.529297
2.553711
2.529297
2.529297
2.543945
2.539062
2.539062
2.514648
2.553711
2.529297
2.529297
2.543945
2.563477
2.573242
2.534180
2.548828
2.558594
2.543945
2.548828
2.573242
2.529297
2.553711
2.524414
2.539062
2.553711
2.534180
2.548828
2.548828
2.563477
2.553711
2.563477
2.568359
2.558594
2.553711
2.548828
2.573242
2.563477
2.558594
2.548828
2.553711
2.534180
2.553711
2.543945
2.529297
2.534180
2.534180
2.568359
2.573242
2.539062
2.573242
2.563477
2.548828
2.587891
2.558594
2.587891
2.529297
2.578125
2.558594
2.617188
2.563477
2.539062
2.607422
2.558594
2.597656
2.578125
2.607422
2.607422
2.568359
2.587891
2.587891
2.622070
2.587891
2.597656
2.612305
2.607422
2.578125
2.558594
2.597656
2.568359
2.587891
2.578125
2.573242
2.563477
2.563477
2.558594
2.578125
2.558594
2.534180
2.558594
2.509766
2.578125
2.543945
2.568359
2.573242
2.573242
2.563477
2.558594
2.573242
2.563477
2.597656
2.583008
2.548828
2.573242
2.597656
2.612305
2.573242
2.563477
2.597656
2.548828
2.607422
2.558594
2.597656
2.548828
2.592773
2.558594
2.587891
2.573242
2.548828
2.592773
2.563477
2.573242
2.548828
2.568359
2.543945
2.587891
2.558594
2.563477
2.568359
2.548828
2.573242
2.553711
2.563477
2.534180
2.578125
2.558594
2.539062
2.514648
2.529297
2.534180
2.534180
2.543945
2.543945
2.587891
2.578125
2.558594
2.573242
2.568359
2.558594
2.553711
2.563477
2.543945
2.563477
2.548828
2.548828
2.534180
2.597656
2.573242
2.592773
2.558594
2.558594
2.529297
2.539062
2.558594
2.558594
2.563477
2.553711
2.553711
2.539062
2.558594
2.534180
2.543945
2.543945
2.553711
2.539062
2.524414
2.553711
2.543945
2.558594
2.543945
2.529297
2.568359
2.543945
2.553711
2.558594
2.519531
2.524414
2.563477
2.573242
2.563477
2.607422
2.568359
2.563477
2.534180
2.583008
2.578125
2.548828
2.563477
2.573242
2.558594
2.534180
2.558594
2.568359
2.539062
2.568359
2.563477
2.548828
2.539062
2.568359
2.558594
2.548828
2.543945
2.524414
2.534180
2.563477
2.558594
2.553711
2.543945
2.558594
2.563477
2.509766
2.578125
2.534180
2.568359
2.543945
2.548828
2.529297
2.548828
2.539062
2.553711
2.563477
2.539062
2.543945
2.543945
2.587891
2.534180
2.568359
2.558594
2.558594
2.587891
2.592773
2.558594
2.568359
2.558594
2.553711
2.543945
2.534180
2.524414
2.539062
2.548828
2.543945
2.539062
2.563477
2.509766
2.558594
2.524414
2.539062
2.519531
2.534180
2.514648
2.539062
2.539062
2.543945
2.548828
2.548828
2.543945
2.558594
2.543945
2.573242
2.519531
2.563477
2.539062
2.543945
2.543945
2.519531
2.548828
2.568359
2.534180
2.573242
2.548828
2.558594
2.568359
2.563477
2.558594
2.558594
2.563477
2.573242
2.583008
2.548828
2.578125
2.539062
2.578125
2.534180
2.495117
2.548828
2.519531
2.543945
2.534180
2.558594
2.548828
2.568359
2.597656
2.578125
2.597656
2.573242
2.597656
2.543945
2.573242
2.578125
2.592773
2.592773
2.602539
2.583008
2.612305
2.592773
2.587891
2.602539
2.617188
2.548828
2.578125
2.583008
2.607422
2.568359
2.587891
2.583008
2.587891
2.573242
2.553711
2.612305
2.568359
2.578125
2.587891
2.558594
2.617188
2.597656
2.587891
2.573242
2.607422
2.568359
2.558594
2.578125
2.543945
2.543945
2.558594
2.553711
2.573242
2.592773
2.583008
2.563477
2.592773
2.587891
2.568359
2.539062
2.573242
2.583008
2.568359
2.578125
2.587891
2.597656
2.597656
2.587891
2.553711
2.587891
2.578125
2.602539
2.548828
2.587891
2.553711
2.558594
2.553711
2.592773
2.578125
2.539062
2.602539
2.568359
2.543945
2.563477
2.539062
2.563477
2.539062
2.568359
2.563477
2.563477
2.578125
2.548828
2.543945
2.548828
2.543945
2.509766
2.543945
2.553711
2.548828
2.578125
2.583008
2.568359
2.583008
2.553711
2.587891
2.568359
2.553711
2.543945
2.558594
2.558594
2.568359
2.568359
2.548828
2.563477
2.558594
2.543945
2.548828
2.563477
2.558594
2.558594
2.573242
2.524414
2.578125
2.563477
2.553711
2.539062
2.524414
2.553711
2.563477
2.534180
2.558594
2.563477
2.539062
2.539062
2.583008
2.558594
2.495117
2.578125
2.568359
2.553711
2.558594
2.558594
2.534180
2.534180
2.539062
2.607422
2.592773
2.612305
2.607422
2.578125
2.563477
2.578125
2.583008
2.563477
2.587891
2.553711
2.568359
2.592773
2.548828
2.587891
2.524414
2.543945
2.573242
2.563477
2.534180
2.573242
2.553711
2.534180
2.568359
2.524414
2.578125
2.553711
2.563477
2.563477
2.539062
2.539062
2.524414
2.573242
2.548828
2.553711
2.548828
2.548828
2.558594
2.568359
2.563477
2.519531
2.573242
2.558594
2.539062
2.578125
2.553711
2.558594
2.558594
2.578125
2.563477
2.583008
2.553711
2.622070
2.578125
2.573242
2.573242
2.519531
2.524414
2.548828
2.563477
2.519531
2.519531
2.529297
2.539062
2.529297
2.534180
2.553711
2.548828
2.509766
2.558594
2.548828
2.514648
2.539062
2.558594
2.529297
2.587891
2.529297
2.543945
2.563477
2.519531
2.548828
2.553711
2.539062
2.543945
2.558594
2.519531
2.548828
2.563477
2.514648
2.563477
2.563477
2.529297
2.563477
2.558594
2.558594
2.558594
2.597656
2.563477
2.578125
2.578125
2.539062
2.543945
2.548828
2.563477
2.563477
2.524414
2.519531
2.543945
2.553711
2.539062
2.558594
2.578125
2.568359
2.583008
2.539062
2.573242
2.568359
2.573242
2.587891
2.548828
2.573242
2.607422
2.587891
2.573242
2.587891
2.612305
2.602539
2.587891
2.617188
2.573242
2.602539
2.592773
2.578125
2.573242
2.583008
2.578125
2.587891
2.607422
2.592773
2.612305
2.587891
2.578125
2.602539
2.548828
2.607422
2.607422
2.543945
2.568359
2.597656
2.529297
2.597656
2.558594
2.543945
2.548828
2.592773
2.558594
2.578125
2.592773
2.568359
2.612305
2.583008
2.583008
2.612305
2.568359
2.558594
2.597656
2.602539
2.583008
2.573242
2.587891
2.568359
2.568359
2.602539
2.558594
2.587891
2.563477
2.612305
2.553711
2.597656
2.539062
2.573242
2.578125
2.597656
2.543945
2.592773
2.587891
2.558594
2.553711
2.558594
2.558594
2.592773
2.534180
2.563477
2.573242
2.529297
2.573242
2.587891
2.543945
2.548828
2.534180
2.563477
2.548828
2.553711
2.548828
2.563477
2.563477
2.573242
2.558594
2.548828
2.587891
2.563477
2.553711
2.573242
2.587891
2.553711
2.578125
2.548828
2.558594
2.543945
2.539062
2.568359
2.558594
2.558594
2.543945
2.558594
2.568359
2.553711
2.553711
2.548828
2.529297
2.534180
2.543945
2.558594
2.583008
2.543945
2.558594
2.534180
2.524414
2.573242
2.548828
2.539062
2.539062
2.543945
2.558594
2.500000
2.543945
2.539062
2.553711
2.553711
2.573242
2.553711
2.578125
2.583008
2.573242
2.563477
2.563477
2.539062
2.558594
2.568359
2.558594
2.563477
2.563477
2.548828
2.553711
2.553711
2.519531
2.558594
2.597656
2.563477
2.558594
2.539062
2.553711
2.573242
2.548828
2.548828
2.558594
2.553711
2.563477
2.573242
2.529297
2.529297
2.568359
2.568359
2.568359
2.548828
2.583008
2.529297
2.578125
2.573242
2.553711
2.578125
2.548828
2.553711
2.568359
2.558594
2.573242
2.553711
2.563477
2.568359
2.597656
2.578125
2.587891
2.597656
2.568359
2.558594
2.548828
2.548828
2.543945
2.558594
2.539062
2.534180
2.548828
2.534180
2.548828
2.519531
2.558594
2.509766
2.539062
2.578125
2.524414
2.543945
2.543945
2.514648
2.548828
2.543945
2.539062
2.548828
2.548828
2.548828
2.534180
2.558594
2.578125
2.534180
2.539062
2.553711
2.558594
2.568359
2.563477
2.563477
2.568359
2.558594
2.558594
2.539062
2.558594
2.563477
2.553711
2.548828
2.563477
2.578125
2.563477
2.553711
2.587891
2.573242
2.539062
2.543945
2.543945
2.534180
2.543945
2.568359
2.539062
2.553711
2.539062
2.539062
2.578125
2.573242
2.592773
2.553711
2.592773
2.534180
2.587891
2.553711
2.568359
2.592773
2.578125
2.558594
2.578125
2.592773
2.573242
2.578125
2.539062
2.592773
2.602539
2.612305
2.612305
2.578125
2.568359
2.583008
2.592773
2.617188
2.597656
2.612305
2.602539
2.592773
2.617188
2.578125
2.583008
2.602539
2.578125
2.602539
2.597656
2.534180
2.553711
2.568359
2.539062
2.568359
2.578125
2.587891
2.573242
2.563477
2.626953
2.592773
2.578125
2.602539
2.563477
2.539062
2.558594
2.597656
2.583008
2.558594
2.573242
2.602539
2.573242
2.592773
2.597656
2.573242
2.573242
2.622070
2.558594
2.558594
2.587891
2.578125
2.583008
2.568359
2.519531
2.548828
2.563477
2.558594
2.587891
2.558594
2.558594
2.558594
2.583008
2.563477
2.534180
2.553711
2.607422
2.558594
2.607422
2.558594
2.573242
2.539062
2.539062
2.558594
2.534180
2.553711
2.553711
2.563477
2.568359
2.553711
2.563477
2.539062
2.553711
2.543945
2.553711
2.578125
2.563477
2.573242
2.563477
2.573242
2.539062
2.563477
2.548828
2.563477
2.539062
2.568359
2.568359
2.563477
2.534180
2.534180
2.534180
2.543945
2.534180
2.539062
2.529297
2.563477
2.539062
2.563477
2.548828
2.563477
2.524414
2.524414
2.543945
2.558594
2.548828
2.548828
2.514648
2.553711
2.539062
2.534180
2.578125
2.563477
2.553711
2.578125
2.573242
2.563477
2.573242
2.597656
2.602539
2.587891
2.548828
2.587891
2.524414
2.568359
2.529297
2.587891
2.539062
2.573242
2.534180
2.553711
2.524414
2.539062
2.495117
2.539062
2.529297
2.553711
2.548828
2.548828
2.558594
2.553711
2.578125
2.568359
2.563477
2.539062
2.553711
2.558594
2.529297
2.568359
2.529297
2.587891
2.539062
2.573242
2.548828
2.558594
2.543945
2.553711
2.543945
2.543945
2.583008
2.558594
2.592773
2.578125
2.607422
2.587891
2.587891
2.558594
2.563477
2.539062
2.539062
2.548828
2.543945
2.548828
2.524414
2.563477
2.543945
2.539062
2.500000
2.504883
2.534180
2.568359
2.519531
2.548828
2.553711
2.514648
2.578125
2.514648
2.543945
2.553711
2.543945
2.558594
2.529297
2.563477
2.563477
2.548828
2.553711
2.539062
2.558594
2.539062
2.568359
2.548828
2.553711
2.573242
2.568359
2.563477
2.592773
2.563477
2.553711
2.558594
2.558594
2.553711
2.583008
2.568359
2.558594
2.568359
2.563477
2.534180
2.563477
2.543945
2.534180
2.578125
2.539062
2.553711
2.548828
2.543945
2.573242
2.573242
2.578125
2.597656
2.534180
2.602539
2.558594
2.578125
2.539062
2.592773
2.573242
2.622070
2.592773
2.583008
2.622070
2.578125
2.597656
2.597656
2.602539
2.597656
2.573242
2.583008
2.607422
2.597656
2.607422
2.592773
2.597656
2.587891
2.573242
2.607422
2.573242
2.553711
2.592773
2.602539
2.592773
2.587891
2.587891
2.553711
2.573242
2.553711
2.568359
2.568359
2.573242
2.558594
2.543945
2.592773
2.602539
2.543945
2.612305
2.587891
2.607422
