1.987305
1.621094
1.313477
1.079102
0.971680
0.898438
0.952148
1.123047
1.469727
1.923828
2.421875
2.993164
3.618164
4.150391
4.628906
5.014648
5.219727
5.263672
5.136719
4.858398
4.340820
3.720703
3.046875
2.319336
1.591797
0.937500
0.444336
0.048828
-0.146484
-0.112305
0.014648
0.351562
0.810547
1.372070
1.933594
2.514648
3.081055
3.535156
3.876953
4.091797
4.194336
4.169922
4.072266
3.857422
3.593750
3.286133
2.983398
2.753906
2.543945
2.534180
2.548828
2.568359
2.548828
2.553711
2.534180
2.553711
2.553711
2.529297
2.548828
2.539062
2.548828
2.534180
2.514648
2.539062
2.539062
2.539062
2.519531
2.539062
2.543945
2.524414
2.509766
2.539062
2.539062
2.558594
2.592773
2.573242
2.543945
2.543945
2.529297
2.534180
2.514648
2.534180
2.529297
2.558594
2.514648
2.529297
2.539062
2.509766
2.519531
2.583008
2.543945
2.563477
2.573242
2.592773
2.573242
2.568359
2.573242
2.543945
2.563477
2.539062
2.543945
2.563477
2.529297
2.553711
2.543945
2.539062
2.529297
2.548828
2.553711
2.500000
2.534180
2.563477
2.539062
2.558594
2.519531
2.558594
2.524414
2.539062
2.548828
2.573242
2.529297
2.553711
2.524414
2.543945
2.534180
2.539062
2.543945
2.539062
2.558594
2.543945
2.548828
2.529297
2.558594
2.583008
2.500000
2.558594
2.558594
2.563477
2.553711
2.587891
2.563477
2.578125
2.578125
2.558594
2.548828
2.548828
2.543945
2.524414
2.514648
2.519531
2.543945
2.514648
2.548828
2.519531
2.534180
2.529297
2.524414
2.534180
2.534180
2.529297
2.583008
2.519531
2.534180
2.558594
2.568359
2.539062
2.529297
2.543945
2.524414
2.514648
2.539062
2.548828
2.543945
2.568359
2.543945
2.539062
2.548828
2.514648
2.568359
2.548828
2.573242
2.558594
2.573242
2.553711
2.563477
2.563477
2.553711
2.534180
2.568359
2.543945
2.587891
2.524414
2.558594
2.573242
2.539062
2.524414
2.539062
2.539062
2.539062
2.539062
2.534180
2.548828
2.543945
2.539062
2.568359
2.558594
2.583008
2.573242
2.587891
2.563477
2.583008
2.602539
2.563477
2.587891
2.592773
2.558594
2.578125
2.573242
2.553711
2.612305
2.573242
2.553711
2.592773
2.573242
2.592773
2.578125
2.558594
2.612305
2.578125
2.578125
2.578125
2.553711
2.568359
2.583008
2.563477
2.587891
2.539062
2.563477
2.548828
2.563477
2.543945
2.534180
2.524414
2.548828
2.543945
2.578125
2.539062
2.573242
2.578125
2.573242
2.578125
2.583008
2.553711
2.558594
2.548828
2.573242
2.612305
2.578125
2.558594
2.573242
2.592773
2.587891
2.583008
2.568359
2.553711
2.592773
2.563477
2.578125
2.573242
2.573242
2.539062
2.568359
2.553711
2.543945
2.534180
2.548828
2.563477
2.529297
2.543945
2.553711
2.539062
2.558594
2.548828
2.534180
2.524414
2.568359
2.529297
2.573242
2.534180
2.529297
2.539062
2.543945
2.529297
2.539062
2.529297
2.553711
2.529297
2.558594
2.573242
2.553711
2.578125
2.558594
2.573242
2.583008
2.568359
2.592773
2.553711
2.539062
2.543945
2.534180
2.539062
2.548828
2.543945
2.553711
2.578125
2.548828
2.539062
2.553711
2.514648
2.553711
2.539062
2.539062
2.539062
2.543945
2.539062
2.548828
2.548828
2.563477
2.583008
2.524414
2.573242
2.553711
2.578125
2.524414
2.543945
2.543945
2.534180
2.548828
2.519531
2.558594
2.548828
2.573242
2.597656
2.563477
2.563477
2.602539
2.587891
2.563477
2.573242
2.563477
2.578125
2.548828
2.534180
2.558594
2.534180
2.558594
2.563477
2.524414
2.558594
2.539062
2.578125
2.568359
2.553711
2.548828
2.587891
2.563477
2.563477
2.563477
2.553711
2.539062
2.597656
2.543945
2.558594
2.553711
2.553711
2.578125
2.548828
2.539062
2.568359
2.553711
2.534180
2.578125
2.563477
2.529297
2.543945
2.563477
2.583008
2.563477
2.578125
2.602539
2.583008
2.597656
2.573242
2.558594
2.553711
2.592773
2.568359
2.558594
2.597656
2.524414
2.563477
2.553711
2.524414
2.529297
2.524414
2.534180
2.534180
2.539062
2.543945
2.529297
2.524414
2.524414
2.539062
2.534180
2.543945
2.548828
2.558594
2.543945
2.553711
2.553711
2.548828
2.558594
2.543945
2.563477
2.558594
2.543945
2.568359
2.558594
2.548828
2.587891
2.558594
2.568359
2.548828
2.592773
2.573242
2.563477
2.553711
2.558594
2.548828
2.587891
2.568359
2.553711
2.534180
2.534180
2.553711
2.553711
2.553711
2.519531
2.548828
2.558594
2.558594
2.568359
2.563477
2.568359
2.558594
2.583008
2.578125
2.558594
2.568359
2.578125
2.563477
2.607422
2.617188
2.573242
2.578125
2.587891
2.607422
2.612305
2.607422
2.607422
2.602539
2.563477
2.607422
2.592773
2.583008
2.602539
2.558594
2.578125
2.617188
2.592773
2.602539
2.607422
2.587891
2.558594
2.578125
2.607422
2.597656
2.578125
2.583008
2.553711
2.578125
2.534180
2.524414
2.548828
2.578125
2.553711
2.553711
2.539062
2.578125
2.592773
2.573242
2.597656
2.573242
2.539062
2.622070
2.617188
2.592773
2.578125
2.578125
2.563477
2.612305
2.592773
2.573242
2.587891
2.583008
2.558594
2.563477
2.597656
2.558594
2.587891
2.558594
2.578125
2.539062
2.607422
2.563477
2.558594
2.539062
2.592773
2.553711
2.578125
2.563477
2.563477
2.553711
2.553711
2.563477
2.534180
2.558594
2.543945
2.543945
2.529297
2.485352
2.514648
2.514648
2.524414
2.543945
2.548828
2.534180
2.553711
2.534180
2.568359
2.534180
2.548828
2.553711
2.558594
2.539062
2.534180
2.539062
2.543945
2.514648
2.558594
2.529297
2.539062
2.529297
2.534180
2.524414
2.524414
2.558594
2.543945
2.519531
2.539062
2.519531
2.500000
2.539062
2.529297
2.534180
2.490234
2.519531
2.504883
2.509766
2.524414
2.539062
2.524414
2.514648
2.524414
2.500000
2.504883
2.539062
2.529297
2.534180
2.539062
2.543945
2.543945
2.607422
2.573242
2.553711
2.543945
2.568359
2.548828
2.543945
2.558594
2.592773
2.553711
2.529297
2.548828
2.543945
2.534180
2.534180
2.524414
2.514648
2.539062
2.524414
2.548828
2.509766
2.543945
2.553711
2.553711
2.509766
2.539062
2.524414
2.539062
2.539062
2.534180
2.543945
2.543945
2.548828
2.558594
2.534180
2.529297
2.578125
2.553711
2.558594
2.534180
2.553711
2.539062
2.539062
2.558594
2.553711
2.534180
2.558594
2.539062
2.573242
2.592773
2.573242
2.553711
2.553711
2.543945
2.548828
2.514648
2.534180
2.519531
2.529297
2.514648
2.509766
2.539062
2.543945
2.529297
2.534180
2.548828
2.524414
2.548828
2.543945
2.519531
2.534180
2.529297
2.553711
2.524414
2.553711
2.548828
2.568359
2.524414
2.543945
2.534180
2.543945
2.529297
2.563477
2.548828
2.519531
2.563477
2.534180
2.563477
2.548828
2.534180
2.539062
2.539062
2.553711
2.568359
2.548828
2.553711
2.558594
2.558594
2.539062
2.543945
2.553711
2.524414
2.509766
2.539062
2.534180
2.548828
2.524414
2.558594
2.578125
2.524414
2.573242
2.568359
2.573242
2.568359
2.587891
2.587891
2.568359
2.587891
2.607422
2.612305
2.607422
2.563477
2.587891
2.592773
2.558594
2.597656
2.587891
2.617188
2.573242
2.597656
2.587891
2.602539
2.587891
2.612305
2.563477
2.592773
2.568359
2.539062
2.597656
2.602539
2.597656
2.563477
2.553711
2.612305
2.578125
2.568359
2.583008
2.534180
2.553711
2.524414
2.553711
2.534180
2.558594
2.587891
2.548828
2.558594
2.607422
2.592773
2.553711
2.607422
2.587891
2.543945
2.563477
2.568359
2.578125
2.568359
2.597656
2.602539
2.563477
2.573242
2.539062
2.563477
2.539062
2.592773
2.558594
2.587891
2.524414
2.558594
2.519531
2.558594
2.597656
2.534180
2.558594
2.583008
2.539062
2.553711
2.578125
2.558594
2.578125
2.543945
2.558594
2.519531
2.553711
2.529297
2.553711
2.563477
2.509766
2.500000
2.548828
2.500000
2.548828
2.543945
2.558594
2.543945
2.558594
2.553711
2.553711
2.548828
2.583008
2.568359
2.578125
2.587891
2.573242
2.553711
2.558594
2.558594
2.563477
2.558594
2.563477
2.539062
2.563477
2.548828
2.548828
2.573242
2.534180
2.558594
2.529297
2.534180
2.553711
2.539062
2.583008
2.539062
2.539062
2.543945
2.583008
2.548828
2.568359
2.539062
2.534180
2.553711
2.563477
2.500000
2.543945
2.534180
2.534180
2.568359
2.529297
2.587891
2.573242
2.573242
2.631836
2.597656
2.568359
2.597656
2.568359
2.578125
2.578125
2.568359
2.558594
2.573242
2.558594
2.548828
2.578125
2.519531
2.524414
2.553711
2.543945
2.543945
2.543945
2.539062
2.558594
2.563477
2.573242
2.548828
2.568359
2.602539
2.592773
2.543945
2.553711
2.543945
2.539062
2.543945
2.543945
2.529297
2.534180
2.573242
2.543945
2.558594
2.548828
2.568359
2.578125
2.558594
2.563477
2.558594
2.573242
2.553711
2.568359
2.592773
2.607422
2.617188
2.592773
2.583008
2.563477
2.568359
2.563477
2.548828
2.519531
2.524414
2.524414
2.529297
2.500000
2.514648
2.543945
2.558594
2.519531
2.548828
2.524414
2.563477
2.548828
2.543945
2.524414
2.548828
2.514648
2.553711
2.539062
2.534180
2.534180
2.504883
2.548828
2.563477
2.558594
2.543945
2.543945
2.553711
2.539062
2.553711
2.558594
2.543945
2.539062
2.563477
2.534180
2.543945
2.558594
2.548828
2.563477
2.543945
2.539062
2.578125
2.568359
2.548828
2.563477
2.524414
2.519531
2.539062
2.543945
2.534180
2.539062
2.553711
2.514648
2.553711
2.583008
2.534180
2.602539
2.563477
2.573242
2.587891
2.548828
2.563477
2.568359
2.563477
2.563477
2.558594
2.548828
2.578125
2.543945
2.583008
2.563477
2.543945
2.587891
2.573242
2.573242
2.558594
2.563477
2.578125
2.578125
2.597656
2.573242
2.573242
2.563477
2.587891
2.534180
2.578125
2.568359
2.587891
2.573242
2.597656
2.573242
2.587891
2.548828
2.529297
2.543945
2.553711
2.543945
2.592773
2.553711
2.578125
2.592773
2.602539
2.568359
2.558594
2.597656
2.578125
2.558594
2.558594
2.592773
2.592773
2.553711
2.583008
2.548828
2.607422
2.563477
2.568359
2.568359
2.573242
2.568359
2.592773
2.519531
2.573242
2.553711
2.534180
2.597656
2.553711
2.587891
2.534180
2.558594
2.553711
2.548828
2.548828
2.587891
2.539062
2.587891
2.543945
2.578125
2.539062
2.553711
2.568359
2.553711
2.509766
2.514648
2.539062
2.543945
2.543945
2.548828
2.553711
2.583008
2.543945
2.563477
2.539062
2.553711
2.558594
2.553711
2.578125
2.548828
2.568359
2.534180
2.553711
2.563477
2.553711
2.578125
2.558594
2.529297
2.558594
2.553711
2.553711
2.534180
2.539062
2.558594
2.568359
2.548828
2.529297
2.548828
2.558594
2.534180
2.519531
2.553711
2.514648
2.543945
2.543945
2.534180
2.573242
2.534180
2.587891
2.563477
2.548828
2.480469
2.524414
2.514648
2.553711
2.553711
2.607422
2.558594
2.558594
2.612305
2.583008
2.597656
2.524414
2.597656
2.563477
2.583008
2.558594
2.543945
2.514648
2.563477
2.539062
2.529297
2.529297
2.543945
2.558594
2.524414
2.524414
2.568359
2.583008
2.504883
2.534180
2.539062
2.534180
2.539062
2.548828
2.563477
2.543945
2.558594
2.519531
2.563477
2.553711
2.553711
2.539062
2.534180
2.529297
2.553711
2.553711
2.558594
2.543945
2.548828
2.543945
2.563477
2.529297
2.553711
2.548828
2.558594
2.592773
2.573242
2.573242
2.568359
2.529297
2.548828
2.539062
2.529297
2.509766
2.519531
2.514648
2.539062
2.524414
2.509766
2.514648
2.514648
2.509766
2.514648
2.534180
2.543945
2.534180
2.534180
2.524414
2.539062
2.504883
2.519531
2.539062
2.519531
2.539062
2.539062
2.534180
2.558594
2.558594
2.529297
2.519531
2.563477
2.524414
2.529297
2.519531
2.534180
2.543945
2.573242
2.573242
2.534180
2.539062
2.553711
2.543945
2.543945
2.543945
2.548828
2.539062
2.534180
2.563477
2.563477
2.529297
2.553711
2.519531
2.519531
2.534180
2.558594
2.543945
2.558594
2.553711
2.558594
2.563477
2.539062
2.558594
2.529297
2.583008
2.524414
2.583008
2.553711
2.568359
2.568359
2.558594
2.543945
2.558594
2.597656
2.568359
2.592773
2.563477
2.578125
2.607422
2.587891
2.587891
2.602539
2.602539
2.573242
2.597656
2.558594
2.626953
2.573242
2.597656
2.592773
2.553711
2.553711
2.617188
2.612305
2.563477
2.587891
2.553711
2.524414
2.558594
2.558594
2.578125
2.558594
2.592773
2.592773
2.553711
2.583008
2.553711
2.607422
2.563477
2.558594
2.548828
2.587891
2.587891
2.558594
2.587891
2.597656
2.578125
2.568359
2.553711
2.553711
2.543945
2.626953
2.548828
2.612305
2.578125
2.563477
2.573242
2.568359
2.519531
2.548828
2.558594
2.548828
2.592773
2.573242
2.573242
2.578125
2.568359
2.543945
2.573242
2.529297
2.548828
2.578125
2.558594
2.558594
2.534180
2.563477
2.524414
2.524414
2.539062
2.543945
2.573242
2.568359
2.568359
2.573242
2.558594
2.539062
2.558594
2.573242
2.553711
2.573242
2.558594
2.563477
2.558594
2.573242
2.534180
2.524414
2.495117
2.548828
2.548828
2.578125
2.539062
2.539062
2.548828
2.578125
2.573242
2.529297
2.539062
2.563477
2.539062
2.539062
2.583008
2.553711
2.543945
2.553711
2.534180
2.534180
2.543945
2.539062
2.539062
2.548828
2.563477
2.548828
2.553711
2.529297
2.563477
2.573242
2.597656
2.587891
2.592773
2.578125
2.553711
2.573242
2.597656
2.558594
2.563477
2.553711
2.534180
2.573242
2.543945
2.529297
2.578125
2.563477
2.529297
2.534180
2.548828
2.539062
2.543945
2.519531
2.558594
2.539062
2.534180
2.553711
2.543945
2.558594
2.548828
2.553711
2.602539
2.543945
2.539062
2.553711
2.543945
2.543945
2.558594
2.539062
2.568359
2.558594
2.587891
2.607422
2.543945
2.553711
2.558594
2.563477
2.587891
2.558594
2.612305
2.607422
2.573242
2.568359
2.597656
2.519531
2.548828
2.529297
2.534180
2.539062
2.539062
2.514648
2.524414
2.524414
2.529297
2.539062
2.519531
2.543945
2.534180
2.553711
2.529297
2.539062
2.539062
2.534180
2.534180
2.534180
2.524414
2.529297
2.524414
2.558594
2.514648
2.548828
2.563477
2.529297
2.558594
2.543945
2.563477
2.548828
2.558594
2.558594
2.548828
2.587891
2.563477
2.568359
2.543945
2.539062
2.553711
2.543945
2.539062
2.553711
2.558594
2.563477
2.563477
2.539062
2.529297
2.563477
2.543945
2.495117
2.548828
2.524414
2.529297
2.558594
2.543945
2.587891
2.548828
2.583008
2.543945
2.543945
2.539062
2.568359
2.592773
2.543945
2.592773
2.563477
2.578125
2.597656
2.558594
2.592773
2.587891
2.583008
2.622070
2.583008
2.583008
2.587891
2.587891
2.539062
2.573242
2.592773
2.568359
2.563477
2.592773
2.558594
2.578125
2.568359
2.573242
2.607422
2.553711
2.597656
2.548828
2.573242
2.563477
2.548828
2.509766
2.534180
2.534180
2.573242
2.578125
2.553711
2.573242
2.563477
2.563477
2.543945
2.592773
2.587891
2.543945
2.573242
2.558594
2.563477
2.563477
2.563477
2.587891
2.558594
2.578125
2.563477
2.558594
2.578125
2.573242
2.568359
2.553711
2.592773
2.548828
2.597656
2.573242
2.553711
2.583008
2.548828
2.587891
2.583008
2.578125
2.563477
2.563477
2.592773
2.578125
2.563477
2.573242
2.529297
2.573242
2.558594
2.548828
2.548828
2.514648
2.539062
2.568359
2.539062
2.519531
2.553711
2.529297
2.543945
2.592773
2.563477
2.558594
2.563477
2.548828
2.563477
2.543945
2.553711
2.548828
2.563477
2.558594
2.558594
2.543945
2.558594
2.558594
2.558594
2.548828
2.543945
2.553711
2.519531
2.534180
2.529297
2.524414
2.524414
2.534180
2.534180
2.543945
2.534180
2.543945
2.543945
2.553711
2.514648
2.548828
2.583008
2.548828
2.524414
2.543945
2.558594
2.514648
2.529297
2.539062
2.543945
2.573242
2.529297
2.553711
2.578125
2.583008
2.543945
2.607422
2.568359
2.587891
2.578125
2.587891
2.553711
2.519531
2.514648
2.548828
2.509766
2.524414
2.524414
2.558594
2.578125
2.529297
2.509766
2.558594
2.548828
2.524414
2.553711
2.558594
2.529297
2.539062
2.534180
2.534180
2.587891
2.524414
2.543945
2.534180
2.539062
2.539062
2.543945
2.539062
2.539062
2.573242
2.568359
2.543945
2.558594
2.529297
2.543945
2.563477
2.573242
2.543945
2.563477
2.568359
2.602539
2.529297
2.592773
2.563477
2.543945
2.539062
2.524414
2.543945
2.524414
2.529297
2.553711
2.524414
2.539062
2.519531
2.539062
2.509766
2.539062
2.529297
2.529297
2.543945
2.534180
2.558594
2.548828
2.534180
2.539062
2.568359
2.568359
2.558594
2.524414
2.539062
2.539062
2.534180
2.548828
2.573242
2.568359
2.539062
2.563477
2.563477
2.500000
2.553711
2.529297
2.563477
2.539062
2.558594
2.543945
2.524414
2.558594
2.553711
2.553711
2.548828
2.563477
2.548828
2.563477
2.534180
2.553711
2.548828
2.553711
2.539062
2.529297
2.539062
2.583008
2.573242
2.529297
2.573242
2.543945
2.563477
2.548828
2.578125
2.578125
2.548828
2.617188
2.578125
2.553711
2.573242
2.578125
2.563477
2.592773
2.587891
2.583008
2.583008
2.578125
2.587891
2.578125
2.607422
2.592773
2.597656
2.543945
2.592773
2.573242
2.558594
2.583008
2.568359
2.612305
2.529297
2.592773
2.563477
2.563477
2.583008
2.597656
2.539062
2.558594
2.519531
2.573242
2.514648
2.558594
2.539062
2.563477
2.519531
2.553711
2.573242
2.583008
2.592773
2.597656
2.548828
2.558594
2.553711
2.578125
2.592773
2.573242
2.573242
2.592773
2.568359
2.563477
2.539062
2.578125
2.548828
2.578125
2.534180
2.539062
2.558594
2.558594
2.583008
2.553711
2.568359
2.529297
2.597656
2.524414
2.578125
2.539062
2.573242
2.553711
2.573242
2.592773
2.539062
2.553711
2.529297
2.563477
2.539062
2.558594
2.509766
2.524414
2.524414
2.539062
2.539062
2.539062
2.568359
2.539062
2.543945
2.558594
2.563477
2.539062
2.558594
2.543945
2.568359
2.539062
2.548828
2.563477
2.563477
2.539062
2.568359
2.548828
2.553711
2.543945
2.553711
2.539062
2.548828
2.578125
2.563477
2.553711
2.539062
2.548828
2.553711
2.539062
2.539062
2.558594
2.553711
2.524414
2.534180
2.553711
2.529297
2.543945
2.543945
2.563477
2.519531
2.553711
2.553711
2.543945
2.534180
2.509766
2.529297
2.563477
2.558594
2.563477
2.553711
2.587891
2.578125
2.553711
2.568359
2.578125
2.529297
2.578125
2.553711
2.558594
2.548828
2.543945
2.543945
2.539062
2.539062
2.524414
2.558594
2.578125
2.558594
2.568359
2.563477
2.519531
2.534180
2.553711
2.543945
2.509766
2.543945
2.548828
2.553711
2.553711
2.543945
2.563477
2.573242
2.553711
2.558594
2.573242
2.548828
2.524414
2.529297
2.548828
2.534180
2.563477
2.543945
2.578125
2.548828
2.568359
2.617188
2.592773
2.553711
2.563477
2.543945
2.548828
2.534180
2.558594
2.548828
2.553711
2.524414
2.534180
2.509766
2.548828
2.529297
2.529297
2.553711
2.553711
2.529297
2.509766
2.524414
2.558594
2.563477
2.543945
2.558594
2.539062
2.539062
2.529297
2.534180
2.514648
2.529297
2.539062
2.573242
2.534180
2.568359
2.543945
2.553711
2.534180
2.534180
2.548828
2.558594
2.534180
2.534180
2.548828
2.524414
2.539062
2.534180
2.539062
2.519531
2.548828
2.543945
2.573242
2.553711
2.548828
2.519531
2.558594
2.514648
2.553711
2.587891
2.543945
2.563477
2.548828
2.548828
2.558594
2.524414
2.543945
2.543945
2.573242
2.543945
2.548828
2.583008
2.543945
2.524414
2.558594
2.553711
2.617188
2.592773
2.578125
2.553711
2.573242
2.583008
2.558594
2.578125
2.573242
2.597656
2.597656
2.553711
2.587891
2.597656
2.583008
2.607422
2.578125
2.563477
2.592773
2.558594
2.587891
2.548828
2.597656
2.587891
2.553711
2.578125
2.539062
2.578125
2.558594
2.539062
2.573242
2.543945
2.592773
2.568359
2.558594
2.578125
2.553711
2.592773
2.597656
2.573242
2.563477
2.592773
2.587891
2.543945
2.578125
2.578125
2.578125
2.573242
2.573242
2.607422
2.548828
2.543945
2.587891
2.524414
2.597656
2.597656
2.568359
2.529297
2.578125
2.558594
2.563477
2.587891
2.558594
2.553711
2.607422
2.568359
2.548828
2.573242
2.553711
2.539062
2.578125
2.573242
2.524414
2.558594
2.519531
2.504883
2.548828
2.509766
2.509766
2.534180
2.539062
2.543945
2.558594
2.543945
