1.918945
1.606445
1.269531
1.103516
0.937500
0.874023
0.986328
1.191406
1.494141
1.962891
2.495117
3.061523
3.618164
4.184570
4.658203
5.019531
5.195312
5.268555
5.107422
4.770508
4.267578
3.676758
3.017578
2.265625
1.528320
0.917969
0.366211
0.048828
-0.087891
-0.112305
0.078125
0.410156
0.874023
1.425781
2.021484
2.583008
3.134766
3.608398
3.935547
4.140625
4.228516
4.238281
4.062500
3.857422
3.583984
3.261719
2.954102
2.695312
2.558594
2.514648
2.519531
2.534180
2.539062
2.563477
2.524414
2.534180
2.534180
2.548828
2.548828
2.524414
2.543945
2.534180
2.519531
2.514648
2.534180
2.504883
2.558594
2.519531
2.578125
2.563477
2.548828
2.558594
2.553711
2.539062
2.534180
2.563477
2.534180
2.578125
2.563477
2.534180
2.548828
2.543945
2.548828
2.543945
2.534180
2.539062
2.553711
2.539062
2.524414
2.524414
2.543945
2.519531
2.543945
2.543945
2.534180
2.548828
2.524414
2.534180
2.543945
2.524414
2.539062
2.529297
2.534180
2.519531
2.514648
2.529297
2.539062
2.529297
2.490234
2.500000
2.519531
2.539062
2.524414
2.578125
2.583008
2.553711
2.607422
2.553711
2.617188
2.583008
2.548828
2.553711
2.539062
2.558594
2.558594
2.548828
2.558594
2.543945
2.529297
2.539062
2.504883
2.539062
2.558594
2.543945
2.543945
2.543945
2.534180
2.509766
2.529297
2.543945
2.539062
2.529297
2.519531
2.563477
2.529297
2.529297
2.553711
2.529297
2.529297
2.573242
2.514648
2.543945
2.539062
2.539062
2.553711
2.563477
2.539062
2.543945
2.534180
2.563477
2.553711
2.534180
2.573242
2.563477
2.563477
2.607422
2.548828
2.553711
2.539062
2.514648
2.524414
2.514648
2.539062
2.504883
2.500000
2.529297
2.558594
2.514648
2.495117
2.524414
2.519531
2.534180
2.529297
2.514648
2.534180
2.524414
2.543945
2.509766
2.558594
2.534180
2.534180
2.509766
2.558594
2.539062
2.543945
2.519531
2.534180
2.539062
2.539062
2.534180
2.519531
2.495117
2.548828
2.534180
2.524414
2.543945
2.534180
2.558594
2.558594
2.558594
2.539062
2.543945
2.573242
2.529297
2.548828
2.519531
2.558594
2.529297
2.514648
2.553711
2.543945
2.529297
2.514648
2.543945
2.573242
2.534180
2.539062
2.548828
2.558594
2.563477
2.553711
2.583008
2.543945
2.543945
2.587891
2.578125
2.558594
2.587891
2.592773
2.592773
2.592773
2.563477
2.578125
2.548828
2.558594
2.631836
2.578125
2.529297
2.568359
2.563477
2.568359
2.583008
2.568359
2.558594
2.578125
2.592773
2.558594
2.587891
2.568359
2.587891
2.573242
2.587891
2.543945
2.519531
2.558594
2.568359
2.548828
2.563477
2.548828
2.568359
2.553711
2.573242
2.563477
2.573242
2.592773
2.578125
2.578125
2.539062
2.573242
2.563477
2.592773
2.592773
2.558594
2.592773
2.587891
2.558594
2.539062
2.548828
2.568359
2.529297
2.563477
2.558594
2.592773
2.548828
2.548828
2.583008
2.558594
2.539062
2.519531
2.553711
2.563477
2.539062
2.573242
2.539062
2.553711
2.563477
2.539062
2.548828
2.568359
2.548828
2.539062
2.534180
2.514648
2.500000
2.548828
2.514648
2.534180
2.514648
2.539062
2.558594
2.553711
2.539062
2.539062
2.543945
2.563477
2.558594
2.548828
2.553711
2.573242
2.524414
2.543945
2.558594
2.548828
2.548828
2.543945
2.539062
2.553711
2.548828
2.543945
2.534180
2.514648
2.539062
2.553711
2.509766
2.543945
2.534180
2.495117
2.514648
2.543945
2.548828
2.514648
2.543945
2.568359
2.504883
2.543945
2.548828
2.524414
2.509766
2.519531
2.524414
2.539062
2.543945
2.519531
2.578125
2.529297
2.548828
2.578125
2.587891
2.568359
2.597656
2.563477
2.548828
2.568359
2.534180
2.568359
2.553711
2.539062
2.543945
2.514648
2.543945
2.543945
2.553711
2.529297
2.563477
2.543945
2.568359
2.558594
2.529297
2.529297
2.529297
2.534180
2.563477
2.514648
2.534180
2.539062
2.534180
2.553711
2.524414
2.539062
2.558594
2.539062
2.539062
2.514648
2.529297
2.534180
2.534180
2.568359
2.524414
2.543945
2.543945
2.548828
2.573242
2.583008
2.553711
2.587891
2.583008
2.583008
2.573242
2.563477
2.534180
2.509766
2.514648
2.529297
2.500000
2.519531
2.514648
2.500000
2.504883
2.524414
2.519531
2.539062
2.519531
2.543945
2.514648
2.534180
2.514648
2.534180
2.519531
2.558594
2.539062
2.514648
2.543945
2.529297
2.509766
2.563477
2.509766
2.529297
2.543945
2.553711
2.558594
2.539062
2.519531
2.524414
2.539062
2.568359
2.514648
2.548828
2.529297
2.519531
2.558594
2.548828
2.553711
2.573242
2.573242
2.534180
2.524414
2.529297
2.519531
2.524414
2.553711
2.529297
2.514648
2.548828
2.519531
2.534180
2.553711
2.553711
2.568359
2.563477
2.553711
2.539062
2.578125
2.578125
2.573242
2.543945
2.563477
2.553711
2.578125
2.597656
2.587891
2.573242
2.563477
2.558594
2.529297
2.617188
2.563477
2.543945
2.573242
2.573242
2.583008
2.568359
2.568359
2.607422
2.573242
2.607422
2.548828
2.592773
2.553711
2.602539
2.563477
2.602539
2.587891
2.558594
2.519531
2.543945
2.514648
2.524414
2.529297
2.548828
2.553711
2.553711
2.553711
2.587891
2.587891
2.548828
2.578125
2.583008
2.563477
2.597656
2.573242
2.553711
2.578125
2.602539
2.573242
2.548828
2.578125
2.563477
2.553711
2.578125
2.539062
2.568359
2.568359
2.558594
2.548828
2.568359
2.563477
2.553711
2.587891
2.534180
2.563477
2.543945
2.597656
2.539062
2.558594
2.534180
2.563477
2.539062
2.543945
2.563477
2.548828
2.539062
2.519531
2.519531
2.514648
2.548828
2.519531
2.509766
2.548828
2.539062
2.553711
2.534180
2.558594
2.548828
2.558594
2.558594
2.524414
2.587891
2.539062
2.568359
2.543945
2.534180
2.553711
2.529297
2.543945
2.519531
2.543945
2.543945
2.548828
2.543945
2.539062
2.539062
2.553711
2.529297
2.524414
2.534180
2.529297
2.529297
2.534180
2.534180
2.490234
2.524414
2.534180
2.514648
2.534180
2.500000
2.529297
2.539062
2.534180
2.539062
2.539062
2.519531
2.529297
2.504883
2.558594
2.578125
2.534180
2.568359
2.573242
2.573242
2.543945
2.558594
2.578125
2.548828
2.558594
2.519531
2.539062
2.553711
2.514648
2.514648
2.543945
2.553711
2.539062
2.558594
2.514648
2.524414
2.519531
2.524414
2.539062
2.524414
2.563477
2.534180
2.543945
2.534180
2.539062
2.529297
2.529297
2.548828
2.548828
2.543945
2.534180
2.539062
2.543945
2.534180
2.558594
2.548828
2.548828
2.534180
2.539062
2.553711
2.558594
2.573242
2.548828
2.592773
2.568359
2.558594
2.573242
2.583008
2.534180
2.553711
2.519531
2.534180
2.514648
2.534180
2.558594
2.495117
2.539062
2.519531
2.509766
2.529297
2.514648
2.524414
2.519531
2.534180
2.524414
2.509766
2.539062
2.529297
2.519531
2.548828
2.504883
2.558594
2.529297
2.563477
2.543945
2.558594
2.553711
2.548828
2.543945
2.539062
2.543945
2.534180
2.529297
2.539062
2.539062
2.539062
2.534180
2.563477
2.539062
2.529297
2.568359
2.539062
2.539062
2.548828
2.539062
2.543945
2.539062
2.543945
2.524414
2.568359
2.543945
2.509766
2.543945
2.553711
2.558594
2.563477
2.534180
2.539062
2.539062
2.553711
2.578125
2.539062
2.568359
2.563477
2.587891
2.563477
2.587891
2.583008
2.558594
2.578125
2.578125
2.548828
2.558594
2.617188
2.612305
2.578125
2.587891
2.587891
2.587891
2.587891
2.587891
2.578125
2.592773
2.587891
2.578125
2.553711
2.587891
2.592773
2.573242
2.587891
2.592773
2.563477
2.573242
2.548828
2.519531
2.534180
2.534180
2.578125
2.573242
2.524414
2.578125
2.578125
2.563477
2.602539
2.568359
2.553711
2.539062
2.563477
2.568359
2.568359
2.568359
2.573242
2.548828
2.548828
2.553711
2.529297
2.568359
2.543945
2.578125
2.563477
2.583008
2.529297
2.563477
2.543945
2.558594
2.578125
2.548828
2.539062
2.563477
2.548828
2.548828
2.509766
2.529297
2.563477
2.514648
2.534180
2.573242
2.553711
2.543945
2.558594
2.529297
2.543945
2.509766
2.524414
2.504883
2.529297
2.509766
2.534180
2.543945
2.553711
2.539062
2.514648
2.524414
2.543945
2.553711
2.553711
2.553711
2.534180
2.563477
2.558594
2.534180
2.553711
2.524414
2.543945
2.539062
2.563477
2.558594
2.514648
2.534180
2.529297
2.529297
2.543945
2.509766
2.514648
2.519531
2.543945
2.534180
2.543945
2.529297
2.553711
2.519531
2.578125
2.573242
2.529297
2.558594
2.539062
2.548828
2.558594
2.534180
2.480469
2.514648
2.534180
2.543945
2.524414
2.568359
2.622070
2.548828
2.553711
2.592773
2.573242
2.558594
2.563477
2.539062
2.534180
2.558594
2.534180
2.543945
2.553711
2.539062
2.563477
2.500000
2.553711
2.500000
2.539062
2.534180
2.509766
2.524414
2.534180
2.519531
2.539062
2.519531
2.524414
2.553711
2.548828
2.524414
2.543945
2.534180
2.534180
2.543945
2.519531
2.548828
2.548828
2.514648
2.539062
2.539062
2.553711
2.539062
2.558594
2.563477
2.548828
2.543945
2.534180
2.543945
2.568359
2.602539
2.568359
2.558594
2.543945
2.529297
2.529297
2.524414
2.519531
2.553711
2.519531
2.539062
2.514648
2.534180
2.519531
2.539062
2.495117
2.534180
2.500000
2.519531
2.543945
2.509766
2.548828
2.529297
2.543945
2.514648
2.539062
2.524414
2.534180
2.509766
2.539062
2.519531
2.514648
2.548828
2.509766
2.534180
2.548828
2.553711
2.524414
2.543945
2.543945
2.553711
2.539062
2.558594
2.558594
2.539062
2.519531
2.553711
2.539062
2.534180
2.563477
2.558594
2.529297
2.563477
2.548828
2.529297
2.524414
2.524414
2.543945
2.514648
2.524414
2.548828
2.558594
2.539062
2.548828
2.568359
2.539062
2.573242
2.563477
2.592773
2.558594
2.553711
2.578125
2.573242
2.578125
2.578125
2.553711
2.573242
2.617188
2.578125
2.558594
2.617188
2.583008
2.597656
2.543945
2.607422
2.578125
2.583008
2.622070
2.602539
2.558594
2.602539
2.573242
2.563477
2.558594
2.622070
2.568359
2.563477
2.602539
2.548828
2.543945
2.534180
2.543945
2.529297
2.539062
2.539062
2.539062
2.568359
2.563477
2.553711
2.602539
2.563477
2.563477
2.587891
2.587891
2.543945
2.558594
2.587891
2.543945
2.573242
2.587891
2.583008
2.543945
2.548828
2.558594
2.548828
2.573242
2.539062
2.543945
2.578125
2.548828
2.558594
2.587891
2.558594
2.524414
2.548828
2.558594
2.573242
2.529297
2.548828
2.553711
2.534180
2.534180
2.568359
2.534180
2.568359
2.539062
2.543945
2.553711
2.524414
2.514648
2.504883
2.514648
2.558594
2.514648
2.558594
2.543945
2.563477
2.553711
2.534180
2.587891
2.504883
2.519531
2.539062
2.534180
2.543945
2.553711
2.524414
2.543945
2.524414
2.539062
2.519531
2.543945
2.548828
2.519531
2.514648
2.543945
2.524414
2.553711
2.548828
2.543945
2.539062
2.563477
2.543945
2.539062
2.519531
2.539062
2.539062
2.543945
2.543945
2.490234
2.534180
2.524414
2.524414
2.539062
2.539062
2.534180
2.519531
2.543945
2.509766
2.524414
2.583008
2.548828
2.563477
2.543945
2.568359
2.558594
2.558594
2.587891
2.568359
2.568359
2.524414
2.543945
2.539062
2.548828
2.548828
2.524414
2.504883
2.548828
2.534180
2.509766
2.534180
2.573242
2.539062
2.558594
2.553711
2.524414
2.534180
2.529297
2.529297
2.534180
2.524414
2.553711
2.548828
2.539062
2.587891
2.543945
2.543945
2.553711
2.553711
2.524414
2.543945
2.534180
2.558594
2.553711
2.558594
2.543945
2.558594
2.543945
2.553711
2.607422
2.592773
2.548828
2.558594
2.529297
2.587891
2.514648
2.534180
2.553711
2.514648
2.500000
2.539062
2.529297
2.539062
2.490234
2.539062
2.524414
2.514648
2.548828
2.495117
2.548828
2.543945
2.519531
2.524414
2.529297
2.524414
2.534180
2.524414
2.548828
2.519531
2.553711
2.529297
2.534180
2.558594
2.534180
2.529297
2.548828
2.529297
2.529297
2.543945
2.553711
2.543945
2.558594
2.553711
2.539062
2.568359
2.573242
2.529297
2.539062
2.534180
2.539062
2.548828
2.539062
2.543945
2.534180
2.534180
2.514648
2.519531
2.534180
2.495117
2.543945
2.553711
2.524414
2.573242
2.524414
2.573242
2.539062
2.568359
2.568359
2.568359
2.543945
2.573242
2.558594
2.563477
2.558594
2.578125
2.573242
2.573242
2.587891
2.573242
2.612305
2.573242
2.587891
2.573242
2.587891
2.592773
2.583008
2.597656
2.583008
2.548828
2.573242
2.592773
2.602539
2.583008
2.558594
2.583008
2.573242
2.587891
2.583008
2.573242
2.548828
2.539062
2.534180
2.543945
2.558594
2.558594
2.539062
2.587891
2.553711
2.563477
2.573242
2.543945
2.587891
2.578125
2.578125
2.563477
2.558594
2.568359
2.578125
2.592773
2.592773
2.583008
2.578125
2.553711
2.558594
2.558594
2.534180
2.534180
2.617188
2.587891
2.607422
2.548828
2.583008
2.548828
2.573242
2.558594
2.553711
2.568359
2.558594
2.578125
2.558594
2.539062
2.573242
2.524414
2.583008
2.543945
2.553711
2.587891
2.534180
2.573242
2.509766
2.519531
2.548828
2.543945
2.534180
2.558594
2.558594
2.568359
2.558594
2.553711
2.524414
2.553711
2.553711
2.543945
2.543945
2.529297
2.558594
2.583008
2.539062
2.543945
2.543945
2.529297
2.534180
2.539062
2.534180
2.524414
2.524414
2.543945
2.539062
2.524414
2.534180
2.543945
2.553711
2.514648
2.539062
2.543945
2.539062
2.543945
2.539062
2.543945
2.514648
2.543945
2.529297
2.504883
2.553711
2.543945
2.534180
2.514648
2.524414
2.509766
2.553711
2.543945
2.553711
2.587891
2.587891
2.583008
2.568359
2.568359
2.597656
2.543945
2.553711
2.563477
2.534180
2.558594
2.548828
2.587891
2.524414
2.563477
2.558594
2.514648
2.548828
2.578125
2.519531
2.553711
2.524414
2.558594
2.534180
2.548828
2.519531
2.539062
2.553711
2.504883
2.519531
2.524414
2.534180
2.539062
2.553711
2.534180
2.548828
2.548828
2.534180
2.548828
2.543945
2.553711
2.539062
2.553711
2.543945
2.553711
2.519531
2.583008
2.543945
2.553711
2.568359
2.587891
2.548828
2.573242
2.534180
2.548828
2.514648
2.534180
2.504883
2.524414
2.539062
2.524414
2.529297
2.495117
2.514648
2.524414
2.539062
2.519531
2.529297
2.539062
2.529297
2.529297
2.539062
2.543945
2.490234
2.529297
2.529297
2.529297
2.543945
2.539062
2.534180
2.500000
2.539062
2.500000
2.573242
2.548828
2.553711
2.539062
2.534180
2.553711
2.548828
2.534180
2.539062
2.539062
2.539062
2.558594
2.534180
2.543945
2.558594
2.539062
2.568359
2.524414
2.548828
2.539062
2.539062
2.539062
2.529297
2.543945
2.534180
2.529297
2.519531
2.529297
2.543945
2.548828
2.553711
2.543945
2.587891
2.539062
2.553711
2.563477
2.563477
2.568359
2.558594
2.563477
2.578125
2.592773
2.568359
2.573242
2.553711
2.597656
2.612305
2.563477
2.573242
2.563477
2.597656
2.578125
2.578125
2.568359
2.563477
2.553711
2.568359
2.553711
2.573242
2.573242
2.553711
2.568359
2.563477
2.514648
2.573242
2.534180
2.529297
2.519531
2.558594
2.514648
2.558594
2.553711
2.543945
2.563477
2.568359
2.578125
2.592773
2.558594
2.578125
2.597656
2.578125
2.578125
2.583008
2.568359
2.563477
2.524414
2.578125
2.592773
2.587891
2.592773
2.543945
2.592773
2.558594
2.578125
2.558594
2.534180
2.563477
2.583008
2.563477
2.578125
2.573242
2.524414
2.563477
2.548828
2.543945
2.578125
2.529297
2.573242
2.529297
2.573242
2.553711
2.543945
2.558594
2.524414
2.524414
2.529297
2.485352
2.558594
2.509766
2.558594
2.563477
2.548828
2.553711
2.548828
2.548828
2.514648
2.573242
2.558594
2.539062
2.573242
2.543945
2.553711
2.548828
2.597656
2.563477
2.583008
2.534180
2.558594
2.543945
2.543945
2.539062
2.534180
2.558594
2.529297
2.524414
2.539062
2.543945
2.539062
2.514648
2.529297
2.553711
2.514648
2.519531
2.548828
2.504883
2.534180
2.509766
2.534180
2.529297
2.534180
2.529297
2.534180
2.519531
2.539062
2.592773
2.578125
2.543945
2.568359
2.573242
2.578125
2.558594
2.543945
2.558594
2.543945
2.578125
2.529297
2.553711
2.558594
2.548828
2.539062
2.534180
2.558594
2.578125
2.524414
2.529297
2.509766
2.558594
2.519531
2.519531
2.534180
2.519531
2.563477
2.519531
2.553711
2.543945
2.529297
2.573242
2.534180
2.558594
2.558594
2.534180
2.524414
2.553711
2.543945
2.534180
2.529297
2.558594
2.519531
2.519531
2.519531
2.548828
2.534180
2.553711
2.534180
2.583008
2.602539
2.539062
2.592773
2.563477
2.558594
2.534180
2.563477
2.519531
2.524414
2.509766
2.519531
2.514648
2.519531
2.524414
2.500000
2.509766
2.509766
2.558594
2.534180
2.529297
2.548828
2.519531
2.514648
2.534180
2.553711
2.509766
2.543945
2.519531
2.543945
2.553711
2.519531
2.553711
2.519531
2.534180
2.524414
2.524414
2.558594
2.495117
2.568359
2.543945
2.514648
2.534180
2.539062
2.534180
2.534180
2.553711
2.563477
2.543945
2.568359
2.539062
2.568359
2.548828
2.509766
2.529297
2.519531
2.543945
2.534180
2.519531
2.568359
2.509766
2.563477
2.519531
2.558594
2.539062
2.578125
2.543945
2.583008
2.563477
2.548828
2.578125
2.543945
2.597656
2.548828
2.573242
2.563477
2.573242
2.607422
2.592773
2.612305
2.612305
2.592773
2.548828
2.597656
2.583008
2.558594
2.602539
2.568359
2.602539
2.558594
2.583008
2.568359
2.578125
2.587891
2.592773
2.587891
2.558594
2.597656
2.607422
2.592773
2.543945
2.524414
2.558594
2.578125
2.500000
2.539062
2.583008
2.558594
2.587891
2.587891
2.573242
2.573242
2.524414
2.607422
2.548828
2.553711
2.573242
2.553711
2.583008
2.583008
2.583008
2.558594
2.587891
2.553711
2.543945
2.543945
2.553711
2.573242
2.534180
2.607422
2.553711
2.568359
2.558594
2.543945
2.563477
2.558594
2.514648
2.558594
2.529297
2.548828
2.543945
2.524414
2.543945
2.539062
2.543945
2.543945
2.568359
2.548828
2.539062
2.534180
2.519531
2.524414
2.539062
2.543945
2.519531
2.524414
2.539062
2.558594
2.587891
2.563477
2.558594
2.543945
2.543945
2.539062
2.558594
2.529297
2.553711
2.539062
2.553711
2.534180
2.514648
2.529297
2.558594
2.539062
2.543945
2.558594
2.568359
2.514648
2.534180
2.519531
2.529297
2.553711
2.543945
2.519531
2.519531
2.539062
2.548828
2.529297
2.539062
2.539062
2.534180
2.543945
2.524414
2.553711
2.553711
2.509766
2.539062
2.529297
2.514648
2.558594
2.534180
2.578125
2.548828
2.597656
2.568359
2.583008
2.543945
2.607422
2.558594
2.558594
2.583008
2.573242
2.592773
2.543945
2.539062
2.548828
2.529297
2.534180
2.553711
2.524414
2.539062
2.514648
2.539062
2.543945
2.529297
2.563477
2.534180
2.543945
2.583008
2.553711
2.534180
2.534180
2.543945
2.539062
2.534180
2.539062
2.529297
2.563477
2.548828
2.529297
2.548828
2.534180
2.543945
2.534180
2.539062
2.539062
2.548828
2.548828
2.529297
2.539062
2.592773
2.597656
2.592773
2.534180
2.553711
2.553711
2.539062
2.553711
2.519531
2.524414
2.524414
2.514648
2.534180
2.539062
2.524414
2.539062
2.514648
2.543945
2.514648
2.519531
2.529297
2.519531
2.539062
2.534180
2.529297
2.529297
2.539062
2.529297
2.519531
2.539062
2.558594
2.534180
2.553711
2.534180
2.524414
2.534180
2.504883
2.534180
2.534180
2.519531
2.543945
2.534180
2.548828
2.543945
2.548828
2.553711
2.548828
2.583008
2.568359
2.539062
2.553711
2.548828
2.534180
2.534180
2.539062
2.543945
2.553711
2.539062
2.543945
2.534180
2.509766
2.539062
2.553711
2.539062
2.553711
2.553711
2.534180
2.563477
2.578125
2.558594
2.553711
2.583008
2.553711
2.558594
2.602539
2.573242
2.587891
2.583008
2.568359
2.587891
2.583008
2.573242
2.587891
2.573242
2.583008
2.592773
2.563477
2.583008
2.602539
2.563477
2.592773
2.592773
2.578125
2.587891
2.558594
2.607422
2.539062
2.612305
2.587891
2.578125
2.583008
2.563477
2.539062
2.548828
2.539062
2.548828
2.558594
2.568359
2.587891
2.539062
2.587891
2.563477
2.573242
2.568359
2.548828
2.558594
2.563477
2.607422
2.563477
2.563477
2.578125
2.578125
2.573242
2.583008
2.534180
2.558594
2.568359
2.568359
2.578125
2.534180
2.563477
2.534180
2.534180
2.597656
2.509766
2.568359
