1.997070
1.689453
1.337891
1.088867
0.922852
0.830078
0.883789
1.054688
1.352539
1.723633
2.250977
2.792969
3.369141
3.950195
4.448242
4.902344
5.166016
5.253906
5.195312
4.892578
4.536133
3.916016
3.247070
2.529297
1.826172
1.142578
0.585938
0.166016
-0.102539
-0.170898
-0.063477
0.219727
0.629883
1.166992
1.757812
2.324219
2.905273
3.378906
3.774414
4.057617
4.199219
4.228516
4.116211
3.916016
3.681641
3.403320
3.046875
2.783203
2.602539
2.519531
2.514648
2.543945
2.563477
2.553711
2.578125
2.558594
2.573242
2.548828
2.587891
2.553711
2.558594
2.558594
2.548828
2.543945
2.553711
2.553711
2.563477
2.534180
2.543945
2.539062
2.553711
2.519531
2.529297
2.553711
2.514648
2.534180
2.539062
2.558594
2.519531
2.558594
2.553711
2.519531
2.524414
2.553711
2.553711
2.568359
2.553711
2.543945
2.519531
2.568359
2.543945
2.539062
2.539062
2.548828
2.548828
2.524414
2.573242
2.553711
2.524414
2.563477
2.548828
2.553711
2.583008
2.553711
2.573242
2.568359
2.558594
2.534180
2.524414
2.514648
2.514648
2.519531
2.504883
2.539062
2.529297
2.509766
2.509766
2.524414
2.543945
2.509766
2.514648
2.519531
2.539062
2.553711
2.509766
2.539062
2.529297
2.500000
2.548828
2.529297
2.519531
2.509766
2.529297
2.534180
2.543945
2.543945
2.514648
2.558594
2.573242
2.529297
2.529297
2.563477
2.548828
2.548828
2.553711
2.558594
2.553711
2.529297
2.553711
2.558594
2.534180
2.563477
2.534180
2.563477
2.568359
2.534180
2.519531
2.495117
2.504883
2.534180
2.563477
2.558594
2.539062
2.529297
2.558594
2.573242
2.548828
2.553711
2.578125
2.568359
2.597656
2.563477
2.573242
2.573242
2.578125
2.592773
2.573242
2.553711
2.587891
2.558594
2.587891
2.578125
2.553711
2.587891
2.558594
2.592773
2.573242
2.583008
2.563477
2.568359
2.543945
2.607422
2.612305
2.597656
2.587891
2.602539
2.578125
2.553711
2.592773
2.597656
2.568359
2.568359
2.548828
2.543945
2.543945
2.534180
2.539062
2.578125
2.583008
2.548828
2.587891
2.568359
2.587891
2.563477
2.587891
2.587891
2.553711
2.568359
2.568359
2.592773
2.592773
2.553711
2.558594
2.563477
2.573242
2.592773
2.548828
2.573242
2.534180
2.592773
2.568359
2.563477
2.558594
2.548828
2.553711
2.558594
2.573242
2.543945
2.553711
2.548828
2.563477
2.568359
2.558594
2.583008
2.548828
2.548828
2.553711
2.534180
2.534180
2.534180
2.539062
2.504883
2.514648
2.509766
2.519531
2.524414
2.573242
2.558594
2.553711
2.553711
2.573242
2.548828
2.558594
2.548828
2.553711
2.553711
2.548828
2.524414
2.543945
2.543945
2.553711
2.543945
2.539062
2.534180
2.558594
2.529297
2.529297
2.539062
2.548828
2.539062
2.529297
2.529297
2.543945
2.539062
2.529297
2.543945
2.539062
2.519531
2.563477
2.534180
2.548828
2.529297
2.539062
2.529297
2.534180
2.519531
2.553711
2.514648
2.519531
2.558594
2.539062
2.548828
2.534180
2.543945
2.568359
2.558594
2.548828
2.583008
2.558594
2.587891
2.548828
2.543945
2.534180
2.534180
2.543945
2.534180
2.539062
2.534180
2.543945
2.543945
2.553711
2.534180
2.509766
2.543945
2.553711
2.509766
2.534180
2.509766
2.539062
2.519531
2.563477
2.543945
2.500000
2.539062
2.534180
2.534180
2.543945
2.529297
2.534180
2.558594
2.553711
2.539062
2.548828
2.534180
2.543945
2.548828
2.539062
2.539062
2.534180
2.543945
2.558594
2.597656
2.578125
2.563477
2.563477
2.573242
2.543945
2.539062
2.534180
2.509766
2.524414
2.524414
2.524414
2.519531
2.529297
2.534180
2.543945
2.524414
2.524414
2.514648
2.514648
2.534180
2.558594
2.539062
2.573242
2.529297
2.543945
2.539062
2.539062
2.529297
2.558594
2.539062
2.534180
2.539062
2.534180
2.529297
2.563477
2.539062
2.548828
2.548828
2.553711
2.563477
2.539062
2.543945
2.558594
2.539062
2.529297
2.543945
2.568359
2.539062
2.539062
2.558594
2.553711
2.539062
2.529297
2.548828
2.514648
2.524414
2.539062
2.524414
2.524414
2.553711
2.524414
2.558594
2.553711
2.573242
2.568359
2.558594
2.548828
2.534180
2.543945
2.558594
2.553711
2.573242
2.612305
2.602539
2.587891
2.558594
2.573242
2.578125
2.597656
2.548828
2.612305
2.583008
2.617188
2.612305
2.583008
2.553711
2.558594
2.592773
2.578125
2.592773
2.573242
2.578125
2.568359
2.583008
2.583008
2.558594
2.514648
2.558594
2.539062
2.539062
2.553711
2.524414
2.524414
2.539062
2.543945
2.558594
2.573242
2.548828
2.597656
2.563477
2.592773
2.563477
2.553711
2.597656
2.524414
2.578125
2.583008
2.539062
2.587891
2.587891
2.568359
2.583008
2.568359
2.583008
2.583008
2.539062
2.553711
2.563477
2.592773
2.539062
2.558594
2.573242
2.548828
2.587891
2.568359
2.553711
2.524414
2.553711
2.553711
2.534180
2.534180
2.563477
2.568359
2.529297
2.529297
2.524414
2.529297
2.534180
2.524414
2.500000
2.509766
2.524414
2.529297
2.539062
2.568359
2.539062
2.553711
2.529297
2.573242
2.558594
2.539062
2.529297
2.558594
2.543945
2.553711
2.529297
2.573242
2.553711
2.568359
2.548828
2.543945
2.563477
2.534180
2.534180
2.529297
2.539062
2.529297
2.548828
2.519531
2.534180
2.534180
2.548828
2.543945
2.553711
2.543945
2.563477
2.548828
2.558594
2.529297
2.529297
2.509766
2.539062
2.548828
2.519531
2.524414
2.514648
2.514648
2.495117
2.524414
2.563477
2.524414
2.573242
2.597656
2.592773
2.568359
2.583008
2.529297
2.543945
2.558594
2.578125
2.534180
2.534180
2.553711
2.548828
2.543945
2.509766
2.548828
2.539062
2.524414
2.543945
2.558594
2.534180
2.543945
2.558594
2.539062
2.534180
2.504883
2.539062
2.543945
2.543945
2.504883
2.539062
2.543945
2.553711
2.539062
2.543945
2.524414
2.558594
2.558594
2.529297
2.539062
2.529297
2.519531
2.534180
2.543945
2.524414
2.524414
2.543945
2.539062
2.568359
2.597656
2.573242
2.563477
2.587891
2.558594
2.524414
2.553711
2.543945
2.509766
2.529297
2.529297
2.534180
2.495117
2.500000
2.504883
2.519531
2.514648
2.524414
2.539062
2.514648
2.524414
2.539062
2.524414
2.519531
2.539062
2.524414
2.529297
2.534180
2.534180
2.548828
2.509766
2.529297
2.539062
2.543945
2.543945
2.543945
2.539062
2.524414
2.514648
2.543945
2.543945
2.534180
2.543945
2.543945
2.524414
2.534180
2.583008
2.534180
2.558594
2.597656
2.519531
2.548828
2.539062
2.543945
2.534180
2.514648
2.529297
2.529297
2.514648
2.519531
2.524414
2.553711
2.548828
2.578125
2.573242
2.568359
2.563477
2.578125
2.592773
2.558594
2.578125
2.568359
2.568359
2.568359
2.568359
2.539062
2.583008
2.563477
2.573242
2.563477
2.573242
2.587891
2.573242
2.602539
2.583008
2.529297
2.592773
2.578125
2.553711
2.539062
2.543945
2.583008
2.587891
2.597656
2.548828
2.573242
2.573242
2.587891
2.587891
2.553711
2.534180
2.534180
2.534180
2.563477
2.534180
2.548828
2.578125
2.558594
2.553711
2.553711
2.563477
2.583008
2.578125
2.553711
2.573242
2.568359
2.592773
2.573242
2.607422
2.563477
2.529297
2.563477
2.573242
2.543945
2.543945
2.573242
2.558594
2.543945
2.543945
2.548828
2.524414
2.578125
2.573242
2.539062
2.553711
2.539062
2.539062
2.509766
2.524414
2.553711
2.539062
2.553711
2.543945
2.553711
2.548828
2.529297
2.563477
2.558594
2.504883
2.529297
2.490234
2.509766
2.524414
2.534180
2.534180
2.553711
2.539062
2.568359
2.563477
2.568359
2.529297
2.539062
2.553711
2.529297
2.568359
2.553711
2.558594
2.534180
2.524414
2.524414
2.548828
2.539062
2.539062
2.539062
2.539062
2.543945
2.563477
2.519531
2.524414
2.504883
2.529297
2.543945
2.553711
2.543945
2.539062
2.514648
2.524414
2.534180
2.519531
2.563477
2.509766
2.519531
2.539062
2.543945
2.495117
2.534180
2.514648
2.524414
2.509766
2.548828
2.587891
2.573242
2.524414
2.558594
2.568359
2.592773
2.558594
2.563477
2.573242
2.558594
2.539062
2.553711
2.519531
2.548828
2.529297
2.543945
2.534180
2.548828
2.539062
2.539062
2.539062
2.529297
2.514648
2.553711
2.578125
2.534180
2.534180
2.578125
2.524414
2.563477
2.558594
2.543945
2.558594
2.539062
2.558594
2.534180
2.543945
2.558594
2.534180
2.539062
2.543945
2.553711
2.539062
2.587891
2.529297
2.539062
2.592773
2.539062
2.573242
2.597656
2.587891
2.558594
2.583008
2.543945
2.558594
2.519531
2.504883
2.490234
2.509766
2.509766
2.534180
2.509766
2.529297
2.539062
2.500000
2.514648
2.519531
2.534180
2.524414
2.524414
2.509766
2.563477
2.529297
2.524414
2.548828
2.519531
2.504883
2.553711
2.534180
2.553711
2.543945
2.539062
2.509766
2.519531
2.558594
2.539062
2.534180
2.539062
2.543945
2.553711
2.558594
2.563477
2.548828
2.543945
2.553711
2.539062
2.534180
2.519531
2.587891
2.558594
2.539062
2.587891
2.558594
2.524414
2.539062
2.514648
2.529297
2.534180
2.519531
2.548828
2.543945
2.539062
2.539062
2.563477
2.563477
2.543945
2.568359
2.597656
2.578125
2.553711
2.573242
2.573242
2.573242
2.568359
2.592773
2.597656
2.568359
2.607422
2.597656
2.568359
2.568359
2.568359
2.597656
2.592773
2.573242
2.578125
2.583008
2.558594
2.602539
2.548828
2.583008
2.543945
2.563477
2.612305
2.524414
2.563477
2.553711
2.587891
2.592773
2.568359
2.519531
2.519531
2.587891
2.539062
2.548828
2.578125
2.587891
2.558594
2.563477
2.529297
2.558594
2.573242
2.573242
2.602539
2.568359
2.548828
2.587891
2.587891
2.587891
2.568359
2.563477
2.587891
2.568359
2.587891
2.553711
2.548828
2.553711
2.573242
2.524414
2.587891
2.519531
2.563477
2.558594
2.543945
2.553711
2.548828
2.578125
2.553711
2.519531
2.524414
2.553711
2.578125
2.534180
2.553711
2.548828
2.553711
2.534180
2.534180
2.519531
2.509766
2.524414
2.490234
2.534180
2.543945
2.529297
2.548828
2.543945
2.573242
2.558594
2.563477
2.543945
2.539062
2.539062
2.558594
2.548828
2.543945
2.553711
2.529297
2.548828
2.529297
2.519531
2.534180
2.543945
2.548828
2.534180
2.534180
2.514648
2.519531
2.519531
2.514648
2.519531
2.524414
2.514648
2.534180
2.500000
2.519531
2.509766
2.543945
2.534180
2.534180
2.529297
2.524414
2.539062
2.509766
2.534180
2.534180
2.558594
2.548828
2.475586
2.558594
2.553711
2.578125
2.602539
2.573242
2.563477
2.558594
2.573242
2.558594
2.563477
2.558594
2.539062
2.573242
2.519531
2.500000
2.534180
2.543945
2.504883
2.558594
2.539062
2.500000
2.529297
2.534180
2.548828
2.539062
2.529297
2.543945
2.514648
2.563477
2.534180
2.534180
2.548828
2.543945
2.539062
2.534180
2.543945
2.529297
2.558594
2.563477
2.548828
2.529297
2.548828
2.534180
2.553711
2.578125
2.543945
2.539062
2.558594
2.553711
2.568359
2.612305
2.612305
2.583008
2.539062
2.539062
2.568359
2.514648
2.539062
2.500000
2.529297
2.519531
2.500000
2.524414
2.509766
2.529297
2.504883
2.529297
2.529297
2.529297
2.529297
2.524414
2.553711
2.514648
2.519531
2.553711
2.504883
2.529297
2.534180
2.495117
2.514648
2.539062
2.543945
2.500000
2.534180
2.539062
2.524414
2.558594
2.524414
2.539062
2.548828
2.519531
2.524414
2.573242
2.548828
2.543945
2.548828
2.539062
2.558594
2.539062
2.578125
2.558594
2.553711
2.548828
2.553711
2.539062
2.519531
2.548828
2.500000
2.548828
2.500000
2.539062
2.534180
2.568359
2.558594
2.543945
2.543945
2.553711
2.548828
2.578125
2.539062
2.563477
2.597656
2.592773
2.558594
2.563477
2.553711
2.573242
2.548828
2.563477
2.548828
2.573242
2.578125
2.558594
2.592773
2.597656
2.612305
2.592773
2.587891
2.558594
2.568359
2.587891
2.602539
2.597656
2.607422
2.534180
2.573242
2.563477
2.612305
2.597656
2.558594
2.548828
2.534180
2.524414
2.529297
2.539062
2.553711
2.558594
2.558594
2.583008
2.558594
2.568359
2.568359
2.597656
2.543945
2.563477
2.573242
2.592773
2.568359
2.587891
2.568359
2.587891
2.573242
2.553711
2.543945
2.548828
2.558594
2.583008
2.539062
2.558594
2.578125
2.543945
2.578125
2.534180
2.578125
2.524414
2.587891
2.543945
2.543945
2.558594
2.534180
2.543945
2.568359
2.529297
2.558594
2.568359
2.568359
2.563477
2.553711
2.534180
2.534180
2.514648
2.514648
2.514648
2.524414
2.534180
2.543945
2.563477
2.539062
2.558594
2.539062
2.534180
2.553711
2.534180
2.529297
2.534180
2.548828
2.529297
2.558594
2.534180
2.563477
2.543945
2.524414
2.553711
2.529297
2.548828
2.539062
2.514648
2.543945
2.534180
2.553711
2.519531
2.553711
2.543945
2.509766
2.529297
2.534180
2.519531
2.543945
2.514648
2.519531
2.539062
2.534180
2.529297
2.524414
2.509766
2.519531
2.529297
2.519531
2.543945
2.543945
2.509766
2.573242
2.539062
2.558594
2.587891
2.573242
2.524414
2.573242
2.548828
2.558594
2.534180
2.534180
2.534180
2.524414
2.534180
2.548828
2.529297
2.558594
2.509766
2.509766
2.519531
2.539062
2.558594
2.524414
2.509766
2.529297
2.543945
2.553711
2.534180
2.509766
2.519531
2.514648
2.568359
2.539062
2.504883
2.543945
2.514648
2.553711
2.534180
2.539062
2.534180
2.519531
2.592773
2.539062
2.548828
2.548828
2.543945
2.539062
2.529297
2.568359
2.573242
2.597656
2.587891
2.553711
2.543945
2.553711
2.509766
2.548828
2.524414
2.504883
2.524414
2.514648
2.529297
2.519531
2.500000
2.548828
2.529297
2.548828
2.514648
2.509766
2.548828
2.519531
2.524414
2.539062
2.500000
2.514648
2.539062
2.529297
2.539062
2.548828
2.529297
2.534180
2.504883
2.548828
2.534180
2.553711
2.539062
2.539062
2.558594
2.548828
2.539062
2.558594
2.543945
2.548828
2.558594
2.553711
2.553711
2.548828
2.548828
2.568359
2.558594
2.539062
2.558594
2.553711
2.539062
2.548828
2.514648
2.529297
2.548828
2.509766
2.558594
2.553711
2.539062
2.548828
2.539062
2.583008
2.563477
2.568359
2.597656
2.543945
2.568359
2.573242
2.583008
2.578125
2.578125
2.597656
2.583008
2.587891
2.607422
2.563477
2.587891
2.592773
2.592773
2.568359
2.568359
2.597656
2.587891
2.583008
2.587891
2.553711
2.548828
2.563477
2.602539
2.568359
2.602539
2.592773
2.597656
2.568359
2.578125
2.573242
2.563477
2.543945
2.534180
2.519531
2.553711
2.539062
2.553711
2.573242
2.578125
2.578125
2.558594
2.539062
2.563477
2.553711
2.534180
2.578125
2.563477
2.548828
2.558594
2.587891
2.568359
2.558594
2.568359
2.617188
2.558594
2.592773
2.602539
2.558594
2.553711
2.563477
2.568359
2.558594
2.553711
2.602539
2.563477
2.543945
2.573242
2.514648
2.558594
2.587891
2.514648
2.592773
2.534180
2.558594
2.529297
2.587891
2.524414
2.583008
2.519531
2.558594
2.504883
2.524414
2.519531
2.539062
2.534180
2.558594
2.539062
2.558594
2.558594
2.587891
2.524414
2.558594
2.548828
2.568359
2.553711
2.568359
2.539062
2.558594
2.563477
2.534180
2.563477
2.548828
2.524414
2.548828
2.543945
2.543945
2.563477
2.548828
2.553711
2.529297
2.543945
2.534180
2.553711
2.514648
2.539062
2.539062
2.587891
2.534180
2.529297
2.534180
2.548828
2.519531
2.543945
2.553711
2.543945
2.524414
2.524414
2.524414
2.543945
2.490234
2.543945
2.548828
2.543945
2.558594
2.568359
2.563477
2.602539
2.563477
2.578125
2.583008
2.558594
2.534180
2.568359
2.543945
2.539062
2.553711
2.558594
2.534180
2.558594
2.553711
2.529297
2.534180
2.514648
2.524414
2.563477
2.529297
2.495117
2.558594
2.548828
2.500000
2.529297
2.539062
2.500000
2.539062
2.534180
2.524414
2.539062
2.558594
2.539062
2.524414
2.563477
2.543945
2.563477
2.539062
2.539062
2.529297
2.543945
2.509766
2.573242
2.539062
2.558594
2.602539
2.607422
2.578125
2.558594
2.524414
2.548828
2.539062
2.534180
2.490234
2.509766
2.495117
2.500000
2.500000
2.519531
2.500000
2.529297
2.524414
2.534180
2.529297
2.529297
2.524414
2.514648
2.514648
2.563477
2.548828
2.519531
2.519531
2.514648
2.539062
2.534180
2.519531
2.543945
2.524414
2.524414
2.529297
2.563477
2.548828
2.543945
2.553711
2.543945
2.548828
2.529297
2.548828
2.583008
2.553711
2.553711
2.543945
2.543945
2.563477
2.558594
2.568359
2.558594
2.553711
2.500000
2.558594
2.553711
2.539062
2.539062
2.534180
2.529297
2.534180
2.568359
2.539062
2.563477
2.548828
2.558594
2.539062
2.583008
2.568359
2.583008
2.563477
2.597656
2.587891
2.553711
2.587891
2.607422
2.592773
2.592773
2.602539
2.587891
2.617188
2.578125
2.641602
2.617188
2.612305
2.548828
2.583008
2.553711
2.573242
2.558594
2.587891
2.573242
2.583008
2.612305
2.558594
2.558594
2.597656
2.553711
2.587891
2.583008
2.534180
2.519531
2.529297
2.558594
2.558594
2.563477
2.548828
2.534180
2.573242
2.587891
2.558594
2.587891
2.587891
2.587891
2.558594
2.617188
2.592773
2.573242
2.587891
2.558594
2.553711
2.553711
2.529297
2.578125
2.553711
2.602539
2.578125
2.558594
2.539062
2.558594
2.534180
2.573242
2.548828
2.587891
2.500000
2.543945
2.602539
2.558594
2.553711
2.553711
2.553711
2.583008
2.534180
2.597656
2.519531
2.578125
2.519531
2.563477
2.519531
2.539062
2.534180
2.470703
2.543945
2.534180
2.519531
2.485352
2.578125
2.558594
2.558594
2.578125
2.539062
2.553711
2.583008
2.529297
2.573242
2.563477
2.573242
2.553711
2.539062
2.534180
2.543945
2.539062
2.568359
2.548828
2.539062
2.539062
2.548828
2.558594
2.563477
2.509766
2.534180
2.529297
2.539062
2.539062
2.529297
2.534180
2.500000
2.558594
2.568359
2.504883
2.543945
2.514648
2.563477
2.529297
2.524414
2.514648
2.519531
2.534180
2.539062
2.514648
2.563477
2.583008
2.578125
2.553711
2.578125
2.592773
2.553711
2.568359
2.543945
2.514648
2.578125
2.553711
2.524414
2.539062
2.558594
2.543945
2.529297
2.524414
2.543945
2.524414
2.534180
2.524414
2.524414
2.543945
2.543945
2.563477
2.563477
2.583008
2.548828
2.558594
2.524414
2.553711
2.548828
2.509766
2.543945
2.539062
2.524414
2.543945
2.519531
2.548828
2.563477
2.543945
2.578125
2.548828
2.563477
2.524414
2.548828
2.563477
2.573242
2.578125
2.558594
2.568359
2.583008
2.539062
2.539062
2.548828
2.534180
2.504883
2.514648
2.500000
2.500000
2.529297
2.514648
2.514648
2.514648
2.495117
2.509766
2.534180
2.539062
2.543945
2.568359
2.519531
2.519531
2.514648
2.519531
2.524414
2.543945
2.543945
2.543945
2.519531
2.543945
2.524414
2.500000
2.539062
2.514648
2.539062
2.529297
2.539062
2.543945
2.529297
2.553711
2.563477
2.539062
2.548828
2.524414
2.548828
2.553711
2.568359
2.548828
2.524414
2.524414
2.524414
2.539062
2.563477
2.543945
2.495117
2.539062
2.539062
2.500000
2.524414
2.524414
2.558594
2.543945
2.548828
2.548828
2.563477
2.553711
2.514648
2.563477
2.534180
2.548828
2.558594
2.558594
2.578125
2.592773
2.568359
2.563477
2.558594
2.573242
2.578125
2.587891
2.578125
2.587891
2.612305
2.597656
2.573242
2.548828
2.597656
2.573242
2.568359
2.578125
2.558594
2.583008
2.578125
2.587891
2.578125
2.583008
2.583008
2.597656
2.548828
2.558594
2.524414
2.534180
2.529297
2.543945
2.568359
2.568359
2.573242
2.578125
2.573242
2.583008
2.578125
2.568359
2.558594
2.573242
2.558594
2.578125
2.587891
2.573242
2.558594
2.568359
2.587891
2.587891
2.587891
2.543945
2.587891
2.534180
2.573242
2.583008
2.573242
2.553711
2.539062
2.563477
2.534180
2.578125
2.553711
2.539062
2.548828
2.519531
2.558594
2.563477
2.539062
2.597656
2.534180
2.587891
2.543945
2.534180
2.543945
2.539062
2.495117
2.524414
2.514648
2.534180
2.534180
2.519531
2.563477
2.548828
2.548828
2.568359
2.553711
2.578125
2.548828
2.548828
2.543945
2.573242
2.553711
2.583008
2.558594
2.543945
2.553711
2.548828
2.543945
2.543945
2.524414
2.553711
2.558594
2.548828
2.539062
2.514648
2.539062
2.543945
2.514648
2.539062
2.548828
2.548828
2.558594
2.563477
2.524414
2.519531
2.563477
2.524414
2.539062
2.509766
2.509766
2.534180
2.534180
