1.865234
1.533203
1.250000
1.015625
0.893555
0.859375
0.947266
1.157227
1.494141
1.948242
2.465820
3.051758
3.657227
4.223633
4.653320
5.004883
5.205078
5.224609
5.126953
4.765625
4.238281
3.637695
2.919922
2.197266
1.464844
0.878906
0.375977
0.019531
-0.151367
-0.112305
0.073242
0.390625
0.849609
1.479492
2.011719
2.597656
3.164062
3.608398
3.920898
4.150391
4.262695
4.213867
4.091797
3.881836
3.583984
3.237305
2.954102
2.744141
2.539062
2.543945
2.558594
2.558594
2.558594
2.539062
2.558594
2.534180
2.539062
2.587891
2.563477
2.529297
2.539062
2.543945
2.548828
2.543945
2.568359
2.587891
2.597656
2.583008
2.534180
2.583008
2.578125
2.558594
2.524414
2.578125
2.568359
2.519531
2.563477
2.563477
2.548828
2.578125
2.563477
2.500000
2.553711
2.563477
2.524414
2.568359
2.553711
2.529297
2.553711
2.573242
2.563477
2.563477
2.548828
2.539062
2.597656
2.568359
2.534180
2.568359
2.539062
2.563477
2.539062
2.524414
2.583008
2.524414
2.558594
2.553711
2.558594
2.524414
2.543945
2.509766
2.509766
2.509766
2.534180
2.524414
2.563477
2.543945
2.558594
2.534180
2.534180
2.558594
2.558594
2.558594
2.539062
2.543945
2.558594
2.548828
2.548828
2.539062
2.558594
2.553711
2.534180
2.543945
2.553711
2.534180
2.553711
2.548828
2.543945
2.543945
2.543945
2.495117
2.539062
2.548828
2.548828
2.548828
2.514648
2.558594
2.529297
2.509766
2.553711
2.524414
2.519531
2.534180
2.529297
2.524414
2.534180
2.573242
2.548828
2.504883
2.568359
2.548828
2.568359
2.578125
2.553711
2.563477
2.553711
2.543945
2.563477
2.573242
2.543945
2.558594
2.563477
2.534180
2.534180
2.573242
2.548828
2.539062
2.553711
2.553711
2.543945
2.534180
2.573242
2.553711
2.548828
2.543945
2.539062
2.539062
2.553711
2.529297
2.524414
2.548828
2.524414
2.539062
2.539062
2.543945
2.509766
2.558594
2.563477
2.558594
2.543945
2.543945
2.558594
2.519531
2.558594
2.563477
2.543945
2.543945
2.524414
2.597656
2.539062
2.553711
2.563477
2.568359
2.563477
2.553711
2.524414
2.553711
2.534180
2.524414
2.563477
2.553711
2.539062
2.553711
2.548828
2.495117
2.509766
2.529297
2.524414
2.558594
2.524414
2.509766
2.524414
2.529297
2.529297
2.519531
2.548828
2.539062
2.534180
2.553711
2.519531
2.543945
2.534180
2.539062
2.534180
2.534180
2.534180
2.558594
2.534180
2.548828
2.529297
2.548828
2.539062
2.563477
2.534180
2.543945
2.529297
2.553711
2.543945
2.548828
2.578125
2.573242
2.563477
2.548828
2.548828
2.558594
2.548828
2.534180
2.548828
2.524414
2.558594
2.534180
2.534180
2.543945
2.563477
2.543945
2.543945
2.573242
2.578125
2.543945
2.592773
2.578125
2.578125
2.587891
2.583008
2.583008
2.534180
2.504883
2.558594
2.587891
2.592773
2.578125
2.607422
2.607422
2.607422
2.607422
2.578125
2.573242
2.597656
2.539062
2.573242
2.597656
2.573242
2.568359
2.568359
2.568359
2.534180
2.592773
2.534180
2.539062
2.578125
2.534180
2.529297
2.543945
2.548828
2.553711
2.548828
2.587891
2.568359
2.553711
2.573242
2.563477
2.558594
2.597656
2.548828
2.587891
2.539062
2.568359
2.553711
2.563477
2.543945
2.548828
2.524414
2.592773
2.519531
2.558594
2.543945
2.617188
2.534180
2.558594
2.563477
2.519531
2.578125
2.573242
2.563477
2.524414
2.563477
2.573242
2.597656
2.543945
2.558594
2.563477
2.558594
2.558594
2.539062
2.558594
2.558594
2.587891
2.558594
2.519531
2.524414
2.524414
2.495117
2.534180
2.563477
2.543945
2.539062
2.548828
2.558594
2.563477
2.529297
2.568359
2.553711
2.534180
2.558594
2.543945
2.553711
2.539062
2.558594
2.548828
2.543945
2.553711
2.524414
2.548828
2.548828
2.553711
2.553711
2.553711
2.568359
2.548828
2.573242
2.553711
2.548828
2.519531
2.558594
2.543945
2.529297
2.543945
2.514648
2.519531
2.539062
2.529297
2.524414
2.509766
2.534180
2.524414
2.534180
2.602539
2.553711
2.573242
2.514648
2.524414
2.563477
2.587891
2.563477
2.578125
2.587891
2.543945
2.568359
2.529297
2.563477
2.563477
2.563477
2.534180
2.534180
2.529297
2.534180
2.539062
2.534180
2.543945
2.539062
2.558594
2.480469
2.539062
2.553711
2.558594
2.539062
2.524414
2.539062
2.553711
2.543945
2.548828
2.529297
2.583008
2.548828
2.587891
2.534180
2.519531
2.539062
2.519531
2.548828
2.553711
2.539062
2.548828
2.548828
2.553711
2.573242
2.563477
2.539062
2.539062
2.602539
2.558594
2.607422
2.558594
2.587891
2.534180
2.573242
2.500000
2.553711
2.539062
2.519531
2.514648
2.539062
2.519531
2.495117
2.543945
2.558594
2.539062
2.558594
2.563477
2.514648
2.543945
2.543945
2.519531
2.543945
2.543945
2.558594
2.573242
2.553711
2.543945
2.539062
2.573242
2.534180
2.543945
2.558594
2.543945
2.548828
2.534180
2.563477
2.539062
2.543945
2.563477
2.568359
2.548828
2.563477
2.548828
2.563477
2.563477
2.548828
2.592773
2.548828
2.543945
2.553711
2.543945
2.553711
2.558594
2.539062
2.539062
2.553711
2.529297
2.534180
2.543945
2.563477
2.529297
2.558594
2.553711
2.563477
2.573242
2.573242
2.592773
2.592773
2.578125
2.592773
2.558594
2.592773
2.597656
2.597656
2.578125
2.573242
2.612305
2.592773
2.553711
2.592773
2.568359
2.587891
2.568359
2.587891
2.583008
2.573242
2.607422
2.597656
2.568359
2.592773
2.558594
2.592773
2.573242
2.573242
2.568359
2.563477
2.597656
2.534180
2.553711
2.548828
2.534180
2.553711
2.583008
2.529297
2.587891
2.563477
2.548828
2.587891
2.568359
2.587891
2.578125
2.602539
2.563477
2.558594
2.543945
2.543945
2.563477
2.553711
2.553711
2.573242
2.539062
2.509766
2.578125
2.583008
2.592773
2.524414
2.539062
2.553711
2.543945
2.592773
2.529297
2.568359
2.519531
2.563477
2.573242
2.543945
2.529297
2.553711
2.529297
2.558594
2.543945
2.568359
2.563477
2.534180
2.558594
2.543945
2.529297
2.504883
2.548828
2.534180
2.514648
2.558594
2.539062
2.568359
2.563477
2.529297
2.558594
2.568359
2.553711
2.553711
2.563477
2.558594
2.543945
2.587891
2.539062
2.543945
2.553711
2.543945
2.548828
2.548828
2.553711
2.534180
2.548828
2.553711
2.529297
2.524414
2.529297
2.529297
2.578125
2.553711
2.534180
2.519531
2.543945
2.539062
2.563477
2.534180
2.548828
2.529297
2.563477
2.543945
2.534180
2.519531
2.558594
2.524414
2.509766
2.514648
2.529297
2.548828
2.563477
2.578125
2.563477
2.573242
2.578125
2.558594
2.568359
2.573242
2.553711
2.573242
2.573242
2.548828
2.573242
2.553711
2.534180
2.578125
2.534180
2.514648
2.519531
2.534180
2.543945
2.543945
2.563477
2.514648
2.539062
2.529297
2.573242
2.519531
2.548828
2.509766
2.568359
2.578125
2.558594
2.563477
2.558594
2.534180
2.548828
2.539062
2.543945
2.558594
2.553711
2.587891
2.563477
2.529297
2.568359
2.534180
2.578125
2.548828
2.573242
2.578125
2.587891
2.573242
2.563477
2.563477
2.553711
2.548828
2.509766
2.509766
2.534180
2.529297
2.519531
2.519531
2.514648
2.524414
2.563477
2.558594
2.490234
2.543945
2.534180
2.524414
2.524414
2.548828
2.539062
2.543945
2.534180
2.543945
2.534180
2.543945
2.534180
2.529297
2.539062
2.534180
2.558594
2.553711
2.543945
2.519531
2.524414
2.553711
2.553711
2.534180
2.534180
2.563477
2.543945
2.548828
2.529297
2.543945
2.563477
2.553711
2.539062
2.573242
2.543945
2.548828
2.539062
2.539062
2.563477
2.519531
2.490234
2.529297
2.529297
2.539062
2.583008
2.548828
2.558594
2.529297
2.597656
2.558594
2.583008
2.563477
2.587891
2.573242
2.597656
2.573242
2.568359
2.592773
2.563477
2.617188
2.558594
2.543945
2.578125
2.578125
2.558594
2.602539
2.612305
2.587891
2.607422
2.622070
2.592773
2.592773
2.583008
2.563477
2.578125
2.578125
2.622070
2.519531
2.568359
2.573242
2.563477
2.597656
2.573242
2.553711
2.587891
2.529297
2.539062
2.543945
2.543945
2.587891
2.553711
2.548828
2.573242
2.553711
2.578125
2.553711
2.578125
2.568359
2.583008
2.563477
2.573242
2.563477
2.548828
2.592773
2.563477
2.573242
2.583008
2.597656
2.568359
2.519531
2.563477
2.558594
2.553711
2.587891
2.539062
2.553711
2.553711
2.573242
2.519531
2.587891
2.534180
2.563477
2.543945
2.578125
2.543945
2.529297
2.558594
2.587891
2.539062
2.553711
2.534180
2.548828
2.539062
2.495117
2.514648
2.519531
2.563477
2.529297
2.558594
2.558594
2.509766
2.534180
2.553711
2.553711
2.553711
2.548828
2.578125
2.539062
2.578125
2.568359
2.553711
2.558594
2.553711
2.539062
2.519531
2.524414
2.524414
2.514648
2.543945
2.534180
2.539062
2.539062
2.534180
2.563477
2.524414
2.495117
2.534180
2.534180
2.548828
2.548828
2.548828
2.529297
2.504883
2.534180
2.558594
2.558594
2.553711
2.553711
2.548828
2.553711
2.509766
2.524414
2.539062
2.558594
2.558594
2.573242
2.578125
2.573242
2.553711
2.573242
2.578125
2.573242
2.553711
2.558594
2.558594
2.534180
2.548828
2.558594
2.524414
2.514648
2.534180
2.543945
2.563477
2.548828
2.553711
2.509766
2.548828
2.539062
2.529297
2.529297
2.539062
2.553711
2.548828
2.592773
2.563477
2.548828
2.548828
2.539062
2.558594
2.534180
2.543945
2.543945
2.548828
2.548828
2.558594
2.539062
2.558594
2.553711
2.529297
2.539062
2.558594
2.548828
2.563477
2.597656
2.583008
2.587891
2.568359
2.553711
2.563477
2.539062
2.539062
2.534180
2.543945
2.543945
2.514648
2.548828
2.495117
2.495117
2.519531
2.524414
2.509766
2.539062
2.504883
2.509766
2.548828
2.548828
2.539062
2.534180
2.524414
2.543945
2.558594
2.539062
2.573242
2.548828
2.548828
2.539062
2.529297
2.568359
2.578125
2.587891
2.553711
2.534180
2.543945
2.558594
2.543945
2.543945
2.573242
2.568359
2.539062
2.558594
2.509766
2.568359
2.553711
2.597656
2.534180
2.529297
2.514648
2.519531
2.524414
2.534180
2.514648
2.534180
2.529297
2.553711
2.509766
2.568359
2.573242
2.583008
2.543945
2.583008
2.553711
2.578125
2.534180
2.587891
2.592773
2.563477
2.553711
2.568359
2.587891
2.568359
2.607422
2.602539
2.563477
2.587891
2.607422
2.592773
2.563477
2.592773
2.592773
2.602539
2.597656
2.578125
2.573242
2.597656
2.597656
2.583008
2.548828
2.563477
2.592773
2.578125
2.602539
2.573242
2.558594
2.578125
2.548828
2.539062
2.534180
2.592773
2.539062
2.573242
2.563477
2.548828
2.558594
2.573242
2.578125
2.578125
2.592773
2.626953
2.573242
2.553711
2.563477
2.573242
2.568359
2.597656
2.563477
2.563477
2.558594
2.548828
2.636719
2.607422
2.587891
2.592773
2.573242
2.543945
2.568359
2.583008
2.539062
2.573242
2.514648
2.587891
2.548828
2.573242
2.578125
2.563477
2.597656
2.539062
2.592773
2.539062
2.578125
2.543945
2.558594
2.558594
2.524414
2.524414
2.539062
2.529297
2.534180
2.534180
2.534180
2.563477
2.578125
2.534180
2.563477
2.543945
2.558594
2.583008
2.558594
2.563477
2.553711
2.563477
2.568359
2.548828
2.563477
2.539062
2.553711
2.539062
2.573242
2.553711
2.539062
2.539062
2.539062
2.534180
2.539062
2.543945
2.543945
2.553711
2.553711
2.529297
2.539062
2.524414
2.534180
2.558594
2.548828
2.543945
2.543945
2.548828
2.500000
2.509766
2.529297
2.558594
2.553711
2.529297
2.470703
2.534180
2.563477
2.568359
2.602539
2.578125
2.573242
2.592773
2.583008
2.563477
2.558594
2.563477
2.573242
2.548828
2.568359
2.529297
2.543945
2.578125
2.568359
2.563477
2.539062
2.548828
2.587891
2.524414
2.548828
2.534180
2.534180
2.568359
2.553711
2.529297
2.578125
2.548828
2.553711
2.539062
2.548828
2.539062
2.539062
2.583008
2.558594
2.573242
2.534180
2.558594
2.553711
2.548828
2.553711
2.553711
2.553711
2.558594
2.553711
2.553711
2.587891
2.617188
2.597656
2.592773
2.578125
2.563477
2.578125
2.553711
2.543945
2.534180
2.509766
2.509766
2.529297
2.543945
2.519531
2.539062
2.539062
2.534180
2.534180
2.534180
2.583008
2.534180
2.578125
2.504883
2.558594
2.539062
2.509766
2.553711
2.529297
2.534180
2.553711
2.553711
2.529297
2.558594
2.534180
2.534180
2.543945
2.543945
2.568359
2.553711
2.568359
2.573242
2.563477
2.553711
2.558594
2.578125
2.583008
2.568359
2.563477
2.568359
2.553711
2.534180
2.563477
2.602539
2.558594
2.563477
2.592773
2.485352
2.529297
2.543945
2.558594
2.539062
2.553711
2.558594
2.573242
2.534180
2.563477
2.583008
2.587891
2.568359
2.578125
2.573242
2.578125
2.587891
2.587891
2.563477
2.592773
2.568359
2.563477
2.578125
2.583008
2.578125
2.558594
2.558594
2.578125
2.597656
2.602539
2.578125
2.592773
2.587891
2.573242
2.597656
2.578125
2.602539
2.578125
2.607422
2.563477
2.583008
2.592773
2.602539
2.602539
2.558594
2.558594
2.553711
2.548828
2.568359
2.563477
2.548828
2.573242
2.563477
2.587891
2.583008
2.563477
2.587891
2.592773
2.602539
2.602539
2.568359
2.587891
2.592773
2.573242
2.573242
2.553711
2.558594
2.597656
2.583008
2.573242
2.583008
2.529297
2.568359
2.587891
2.553711
2.602539
2.539062
2.612305
2.563477
2.553711
2.548828
2.597656
2.524414
2.583008
2.558594
2.573242
2.568359
2.548828
2.602539
2.548828
2.543945
2.563477
2.558594
2.573242
2.539062
2.504883
2.534180
2.568359
2.543945
2.548828
2.558594
2.568359
2.539062
2.573242
2.563477
2.592773
2.558594
2.587891
2.578125
2.592773
2.578125
2.568359
2.573242
2.563477
2.558594
2.543945
2.539062
2.553711
2.539062
2.548828
2.578125
2.558594
2.558594
2.543945
2.539062
2.534180
2.519531
2.563477
2.529297
2.548828
2.539062
2.539062
2.558594
2.519531
2.543945
2.543945
2.534180
2.529297
2.548828
2.543945
2.539062
2.500000
2.534180
2.519531
2.524414
2.548828
2.578125
2.548828
2.597656
2.597656
2.548828
2.587891
2.587891
2.578125
2.558594
2.573242
2.558594
2.578125
2.539062
2.578125
2.529297
2.539062
2.563477
2.558594
2.524414
2.568359
2.524414
2.539062
2.534180
2.539062
2.534180
2.553711
2.553711
2.539062
2.558594
2.553711
2.539062
2.519531
2.548828
2.558594
2.534180
2.534180
2.539062
2.529297
2.543945
2.543945
2.587891
2.534180
2.543945
2.529297
2.558594
2.553711
2.539062
2.578125
2.578125
2.592773
2.573242
2.587891
2.573242
2.548828
2.534180
2.543945
2.524414
2.519531
2.524414
2.500000
2.534180
2.509766
2.534180
2.553711
2.514648
2.534180
2.519531
2.548828
2.529297
2.539062
2.490234
2.543945
2.514648
2.495117
2.514648
2.558594
2.529297
2.534180
2.548828
2.529297
2.548828
2.514648
2.534180
2.543945
2.553711
2.553711
2.558594
2.548828
2.539062
2.558594
2.558594
2.529297
2.558594
2.558594
2.534180
2.529297
2.529297
2.548828
2.592773
2.553711
2.563477
2.524414
2.558594
2.529297
2.553711
2.495117
2.529297
2.548828
2.543945
2.553711
2.583008
2.534180
2.573242
2.592773
2.563477
2.563477
2.573242
2.583008
2.607422
2.578125
2.617188
2.592773
2.578125
2.578125
2.592773
2.602539
2.597656
2.602539
2.587891
2.602539
2.607422
2.597656
2.602539
2.573242
2.597656
2.617188
2.587891
2.592773
2.617188
2.612305
2.573242
2.587891
2.607422
2.578125
2.592773
2.568359
2.597656
2.597656
2.543945
2.583008
2.539062
2.524414
2.587891
2.539062
2.583008
2.573242
2.578125
2.573242
2.563477
2.558594
2.578125
2.578125
2.597656
2.583008
2.568359
2.568359
2.578125
2.563477
2.607422
2.597656
2.607422
2.587891
2.573242
2.578125
2.539062
2.607422
2.553711
2.573242
2.548828
2.583008
2.563477
2.578125
2.519531
2.519531
2.558594
2.583008
2.573242
2.568359
2.543945
2.558594
2.578125
2.539062
2.553711
2.558594
2.553711
2.543945
2.558594
2.548828
2.534180
2.509766
2.524414
2.539062
2.539062
2.568359
2.558594
2.558594
2.573242
2.563477
2.583008
2.548828
2.573242
2.563477
2.563477
2.558594
2.573242
2.558594
2.558594
2.558594
2.553711
2.563477
2.534180
2.534180
2.543945
2.553711
2.553711
2.534180
2.553711
2.529297
2.534180
2.539062
2.558594
2.543945
2.543945
2.558594
2.592773
2.524414
2.543945
2.539062
2.563477
2.553711
2.500000
2.519531
2.539062
2.524414
2.509766
2.534180
2.524414
2.539062
2.568359
2.553711
2.587891
2.607422
2.587891
2.587891
2.626953
2.602539
2.573242
2.583008
2.568359
2.573242
2.558594
2.548828
2.548828
2.534180
2.539062
2.583008
2.519531
2.543945
2.534180
2.543945
2.553711
2.534180
2.548828
2.539062
2.568359
2.534180
2.563477
2.543945
2.548828
2.539062
2.553711
2.548828
2.529297
2.553711
2.539062
2.558594
2.563477
2.539062
2.543945
2.568359
2.583008
2.558594
2.573242
2.548828
2.578125
2.573242
2.573242
2.573242
2.612305
2.587891
2.539062
2.602539
2.573242
2.553711
2.553711
2.534180
2.534180
2.514648
2.509766
2.519531
2.519531
2.539062
2.543945
2.539062
2.504883
2.539062
2.529297
2.534180
2.539062
2.524414
2.509766
2.539062
2.534180
2.534180
2.548828
2.534180
2.553711
2.534180
2.514648
2.519531
2.568359
2.563477
2.548828
2.548828
2.553711
2.543945
2.558594
2.553711
2.563477
2.563477
2.558594
2.558594
2.563477
2.553711
2.543945
2.578125
2.563477
2.563477
2.583008
2.592773
2.543945
2.543945
2.553711
2.548828
2.563477
2.534180
2.543945
2.543945
2.539062
2.563477
2.558594
2.509766
2.558594
2.583008
2.553711
2.558594
2.573242
2.587891
2.592773
2.553711
2.587891
2.578125
2.568359
2.612305
2.592773
2.607422
2.597656
2.602539
2.612305
2.573242
2.607422
2.636719
2.617188
2.553711
2.607422
2.587891
2.568359
2.578125
2.626953
2.578125
2.568359
2.607422
2.563477
2.573242
2.602539
2.583008
2.563477
2.622070
2.573242
2.568359
2.558594
2.573242
2.519531
2.553711
2.583008
2.558594
2.583008
2.592773
2.587891
2.587891
2.587891
2.568359
2.578125
2.568359
2.622070
2.568359
2.587891
2.583008
2.553711
2.573242
2.573242
2.558594
2.568359
2.558594
2.578125
2.583008
2.553711
2.543945
2.592773
2.563477
2.587891
2.553711
2.597656
2.524414
2.553711
2.578125
2.539062
2.548828
2.563477
2.563477
2.553711
2.578125
2.534180
2.573242
2.558594
2.563477
2.539062
2.539062
2.539062
2.480469
2.514648
2.524414
2.543945
2.568359
2.573242
2.573242
2.583008
2.578125
2.573242
2.587891
2.568359
2.539062
2.558594
2.568359
2.539062
2.563477
2.543945
2.558594
2.534180
2.558594
2.539062
2.539062
2.543945
2.524414
2.495117
2.539062
2.553711
2.514648
2.539062
2.543945
2.539062
2.524414
2.509766
2.534180
2.553711
2.539062
2.548828
2.568359
2.519531
2.534180
2.534180
2.539062
2.529297
2.519531
2.553711
2.529297
2.514648
2.534180
2.558594
2.568359
2.568359
2.573242
2.563477
2.592773
2.602539
2.543945
2.592773
2.558594
2.558594
2.543945
2.553711
2.553711
2.548828
2.558594
2.548828
2.519531
2.558594
2.539062
2.534180
2.583008
2.543945
2.534180
2.519531
2.543945
2.543945
2.583008
2.529297
2.539062
2.543945
2.529297
2.563477
2.543945
2.548828
2.558594
2.583008
2.543945
2.529297
2.543945
2.553711
2.563477
2.578125
2.543945
2.553711
2.563477
2.573242
2.578125
2.568359
2.578125
2.607422
2.602539
2.578125
2.568359
2.568359
2.558594
2.543945
2.539062
2.524414
2.514648
2.529297
2.534180
2.529297
2.509766
2.524414
2.529297
2.548828
2.534180
2.539062
2.539062
2.539062
2.543945
2.514648
2.534180
2.539062
2.539062
2.558594
2.539062
2.543945
2.534180
2.519531
2.563477
2.529297
2.534180
2.519531
2.563477
2.553711
2.543945
2.548828
2.534180
2.539062
2.553711
2.539062
2.578125
2.548828
2.558594
2.539062
2.568359
2.563477
2.563477
2.553711
2.573242
2.534180
2.553711
2.548828
2.573242
2.529297
2.529297
2.534180
2.529297
2.539062
2.539062
2.548828
2.543945
2.558594
2.563477
2.563477
2.558594
2.602539
2.548828
2.553711
2.553711
2.563477
2.573242
2.563477
2.587891
2.597656
2.587891
2.597656
2.587891
2.583008
2.597656
2.597656
2.597656
2.587891
2.583008
2.602539
2.592773
2.597656
2.607422
