1.723633
1.391602
1.171875
1.020508
0.893555
0.878906
1.020508
1.328125
1.708984
2.216797
2.758789
3.369141
3.950195
4.443359
4.858398
5.161133
5.273438
5.190430
4.951172
4.511719
3.925781
3.300781
2.592773
1.826172
1.210938
0.615234
0.146484
-0.107422
-0.170898
-0.043945
0.190430
0.625000
1.123047
1.713867
2.304688
2.866211
3.354492
3.754883
4.042969
4.233398
4.218750
4.140625
3.979492
3.720703
3.403320
3.115234
2.783203
2.617188
2.553711
2.539062
2.587891
2.607422
2.578125
2.587891
2.543945
2.543945
2.548828
2.534180
2.539062
2.534180
2.543945
2.529297
2.543945
2.548828
2.548828
2.529297
2.524414
2.519531
2.543945
2.534180
2.529297
2.519531
2.524414
2.524414
2.524414
2.558594
2.514648
2.534180
2.534180
2.534180
2.558594
2.534180
2.558594
2.534180
2.534180
2.539062
2.573242
2.553711
2.558594
2.534180
2.558594
2.529297
2.568359
2.553711
2.553711
2.548828
2.558594
2.587891
2.563477
2.524414
2.578125
2.553711
2.539062
2.534180
2.548828
2.524414
2.563477
2.519531
2.495117
2.534180
2.534180
2.539062
2.558594
2.578125
2.563477
2.558594
2.583008
2.573242
2.553711
2.587891
2.563477
2.553711
2.583008
2.558594
2.602539
2.583008
2.553711
2.558594
2.573242
2.592773
2.534180
2.587891
2.617188
2.592773
2.558594
2.553711
2.553711
2.563477
2.607422
2.592773
2.553711
2.592773
2.597656
2.602539
2.592773
2.568359
2.578125
2.592773
2.573242
2.548828
2.548828
2.539062
2.534180
2.529297
2.534180
2.563477
2.539062
2.563477
2.539062
2.563477
2.592773
2.573242
2.558594
2.543945
2.573242
2.587891
2.563477
2.553711
2.587891
2.563477
2.563477
2.578125
2.543945
2.558594
2.563477
2.504883
2.568359
2.563477
2.553711
2.543945
2.519531
2.529297
2.592773
2.539062
2.558594
2.519531
2.568359
2.519531
2.568359
2.539062
2.553711
2.539062
2.543945
2.539062
2.548828
2.558594
2.583008
2.543945
2.534180
2.539062
2.504883
2.543945
2.524414
2.524414
2.534180
2.534180
2.587891
2.597656
2.539062
2.602539
2.543945
2.563477
2.558594
2.578125
2.548828
2.568359
2.529297
2.548828
2.539062
2.539062
2.543945
2.524414
2.548828
2.529297
2.539062
2.558594
2.548828
2.548828
2.534180
2.529297
2.524414
2.539062
2.514648
2.558594
2.519531
2.529297
2.543945
2.539062
2.509766
2.539062
2.509766
2.529297
2.548828
2.529297
2.504883
2.539062
2.529297
2.539062
2.509766
2.524414
2.534180
2.514648
2.587891
2.568359
2.563477
2.548828
2.553711
2.592773
2.592773
2.563477
2.573242
2.558594
2.539062
2.539062
2.548828
2.519531
2.573242
2.529297
2.543945
2.558594
2.509766
2.563477
2.548828
2.529297
2.543945
2.534180
2.563477
2.514648
2.543945
2.524414
2.514648
2.509766
2.539062
2.553711
2.539062
2.543945
2.509766
2.553711
2.553711
2.539062
2.534180
2.548828
2.553711
2.553711
2.529297
2.539062
2.539062
2.534180
2.553711
2.558594
2.558594
2.597656
2.568359
2.568359
2.543945
2.524414
2.578125
2.524414
2.519531
2.514648
2.539062
2.524414
2.529297
2.509766
2.519531
2.524414
2.539062
2.480469
2.553711
2.495117
2.519531
2.529297
2.509766
2.519531
2.514648
2.548828
2.553711
2.539062
2.534180
2.539062
2.519531
2.529297
2.548828
2.548828
2.543945
2.553711
2.543945
2.558594
2.548828
2.558594
2.543945
2.539062
2.543945
2.524414
2.553711
2.558594
2.553711
2.553711
2.534180
2.553711
2.543945
2.583008
2.548828
2.543945
2.543945
2.514648
2.558594
2.534180
2.563477
2.524414
2.534180
2.548828
2.592773
2.534180
2.563477
2.534180
2.558594
2.578125
2.578125
2.573242
2.563477
2.568359
2.573242
2.583008
2.563477
2.529297
2.539062
2.587891
2.578125
2.578125
2.587891
2.597656
2.592773
2.602539
2.592773
2.578125
2.583008
2.587891
2.558594
2.587891
2.573242
2.602539
2.573242
2.607422
2.563477
2.568359
2.558594
2.578125
2.612305
2.578125
2.573242
2.543945
2.509766
2.543945
2.563477
2.543945
2.568359
2.568359
2.558594
2.548828
2.573242
2.553711
2.578125
2.578125
2.578125
2.597656
2.578125
2.592773
2.597656
2.587891
2.583008
2.597656
2.568359
2.578125
2.563477
2.583008
2.543945
2.509766
2.558594
2.529297
2.548828
2.568359
2.563477
2.534180
2.587891
2.548828
2.553711
2.563477
2.563477
2.548828
2.578125
2.529297
2.543945
2.539062
2.534180
2.524414
2.558594
2.534180
2.558594
2.519531
2.524414
2.534180
2.534180
2.548828
2.543945
2.558594
2.568359
2.543945
2.563477
2.539062
2.583008
2.539062
2.539062
2.573242
2.553711
2.534180
2.568359
2.553711
2.539062
2.573242
2.534180
2.563477
2.543945
2.548828
2.524414
2.524414
2.534180
2.529297
2.563477
2.543945
2.563477
2.539062
2.543945
2.529297
2.534180
2.529297
2.529297
2.568359
2.548828
2.529297
2.529297
2.539062
2.543945
2.524414
2.524414
2.548828
2.514648
2.534180
2.534180
2.539062
2.524414
2.563477
2.563477
2.607422
2.612305
2.592773
2.548828
2.587891
2.573242
2.553711
2.568359
2.539062
2.548828
2.539062
2.539062
2.548828
2.529297
2.539062
2.519531
2.519531
2.524414
2.529297
2.534180
2.543945
2.558594
2.534180
2.548828
2.543945
2.543945
2.558594
2.534180
2.534180
2.534180
2.558594
2.548828
2.529297
2.534180
2.543945
2.539062
2.553711
2.563477
2.524414
2.573242
2.558594
2.563477
2.553711
2.548828
2.529297
2.558594
2.563477
2.602539
2.602539
2.573242
2.587891
2.558594
2.553711
2.553711
2.519531
2.543945
2.524414
2.500000
2.519531
2.514648
2.514648
2.529297
2.534180
2.534180
2.509766
2.534180
2.495117
2.548828
2.504883
2.539062
2.504883
2.514648
2.548828
2.519531
2.578125
2.534180
2.553711
2.524414
2.519531
2.539062
2.529297
2.519531
2.548828
2.529297
2.539062
2.543945
2.534180
2.519531
2.529297
2.563477
2.529297
2.553711
2.543945
2.543945
2.553711
2.548828
2.529297
2.534180
2.543945
2.543945
2.534180
2.563477
2.504883
2.509766
2.534180
2.553711
2.524414
2.529297
2.539062
2.587891
2.583008
2.573242
2.587891
2.568359
2.583008
2.592773
2.587891
2.573242
2.587891
2.583008
2.578125
2.583008
2.587891
2.587891
2.573242
2.592773
2.592773
2.563477
2.617188
2.592773
2.543945
2.602539
2.597656
2.587891
2.573242
2.592773
2.607422
2.573242
2.602539
2.597656
2.592773
2.622070
2.587891
2.578125
2.592773
2.578125
2.587891
2.568359
2.524414
2.534180
2.553711
2.539062
2.553711
2.543945
2.587891
2.578125
2.592773
2.587891
2.578125
2.573242
2.583008
2.583008
2.578125
2.587891
2.563477
2.592773
2.587891
2.583008
2.587891
2.573242
2.563477
2.563477
2.558594
2.553711
2.568359
2.563477
2.587891
2.539062
2.583008
2.553711
2.539062
2.539062
2.573242
2.583008
2.534180
2.539062
2.578125
2.548828
2.558594
2.558594
2.558594
2.543945
2.578125
2.543945
2.563477
2.539062
2.539062
2.524414
2.504883
2.534180
2.558594
2.539062
2.558594
2.573242
2.587891
2.578125
2.548828
2.583008
2.548828
2.553711
2.578125
2.539062
2.563477
2.539062
2.519531
2.548828
2.539062
2.553711
2.558594
2.558594
2.563477
2.573242
2.529297
2.583008
2.543945
2.543945
2.539062
2.543945
2.539062
2.529297
2.529297
2.553711
2.548828
2.553711
2.500000
2.529297
2.524414
2.514648
2.543945
2.529297
2.509766
2.543945
2.529297
2.539062
2.514648
2.524414
2.524414
2.568359
2.558594
2.587891
2.607422
2.568359
2.568359
2.587891
2.573242
2.558594
2.543945
2.543945
2.563477
2.539062
2.568359
2.539062
2.543945
2.548828
2.529297
2.529297
2.534180
2.568359
2.529297
2.543945
2.543945
2.524414
2.578125
2.548828
2.539062
2.558594
2.539062
2.553711
2.548828
2.558594
2.543945
2.568359
2.568359
2.519531
2.553711
2.553711
2.558594
2.558594
2.534180
2.563477
2.543945
2.558594
2.543945
2.539062
2.543945
2.573242
2.558594
2.587891
2.602539
2.592773
2.573242
2.573242
2.587891
2.534180
2.558594
2.514648
2.553711
2.529297
2.519531
2.519531
2.524414
2.504883
2.539062
2.524414
2.539062
2.548828
2.548828
2.529297
2.539062
2.534180
2.519531
2.529297
2.543945
2.529297
2.539062
2.529297
2.534180
2.529297
2.548828
2.543945
2.563477
2.539062
2.592773
2.539062
2.519531
2.558594
2.534180
2.548828
2.543945
2.539062
2.563477
2.539062
2.539062
2.543945
2.553711
2.539062
2.553711
2.553711
2.573242
2.558594
2.548828
2.539062
2.553711
2.573242
2.500000
2.524414
2.548828
2.563477
2.548828
2.534180
2.558594
2.563477
2.563477
2.587891
2.568359
2.573242
2.583008
2.573242
2.578125
2.597656
2.597656
2.597656
2.587891
2.597656
2.578125
2.558594
2.578125
2.597656
2.602539
2.607422
2.592773
2.612305
2.612305
2.597656
2.578125
2.607422
2.558594
2.597656
2.578125
2.563477
2.612305
2.573242
2.597656
2.587891
2.578125
2.617188
2.573242
2.563477
2.539062
2.500000
2.534180
2.558594
2.558594
2.539062
2.573242
2.558594
2.548828
2.578125
2.578125
2.607422
2.587891
2.597656
2.597656
2.597656
2.592773
2.592773
2.592773
2.568359
2.568359
2.568359
2.597656
2.553711
2.602539
2.578125
2.553711
2.583008
2.548828
2.553711
2.563477
2.563477
2.587891
2.607422
2.597656
2.563477
2.563477
2.543945
2.587891
2.548828
2.539062
2.563477
2.563477
2.558594
2.568359
2.529297
2.583008
2.534180
2.553711
2.509766
2.514648
2.553711
2.524414
2.543945
2.548828
2.548828
2.539062
2.568359
2.573242
2.563477
2.539062
2.573242
2.558594
2.543945
2.563477
2.539062
2.573242
2.558594
2.563477
2.529297
2.543945
2.539062
2.539062
2.543945
2.563477
2.548828
2.548828
2.539062
2.543945
2.534180
2.548828
2.548828
2.534180
2.539062
2.529297
2.573242
2.543945
2.548828
2.534180
2.524414
2.539062
2.543945
2.519531
2.543945
2.563477
2.548828
2.534180
2.539062
2.524414
2.543945
2.558594
2.587891
2.587891
2.597656
2.563477
2.578125
2.607422
2.519531
2.563477
2.548828
2.558594
2.558594
2.563477
2.563477
2.553711
2.578125
2.529297
2.548828
2.573242
2.548828
2.548828
2.568359
2.529297
2.514648
2.539062
2.558594
2.524414
2.563477
2.543945
2.558594
2.529297
2.548828
2.563477
2.539062
2.573242
2.534180
2.543945
2.534180
2.558594
2.534180
2.543945
2.534180
2.539062
2.543945
2.543945
2.534180
2.539062
2.558594
2.558594
2.563477
2.597656
2.568359
2.597656
2.587891
2.568359
2.563477
2.548828
2.539062
2.519531
2.504883
2.539062
2.509766
2.543945
2.529297
2.553711
2.514648
2.534180
2.539062
2.534180
2.509766
2.539062
2.539062
2.509766
2.529297
2.529297
2.509766
2.524414
2.514648
2.563477
2.553711
2.548828
2.548828
2.539062
2.543945
2.543945
2.524414
2.539062
2.548828
2.548828
2.524414
2.534180
2.534180
2.558594
2.539062
2.534180
2.563477
2.548828
2.558594
2.573242
2.558594
2.602539
2.539062
2.568359
2.558594
2.548828
2.553711
2.490234
2.529297
2.529297
2.543945
2.558594
2.548828
2.543945
2.529297
2.529297
2.563477
2.563477
2.558594
2.578125
2.563477
2.558594
2.568359
2.573242
2.573242
2.568359
2.607422
2.597656
2.578125
2.622070
2.563477
2.592773
2.597656
2.612305
2.607422
2.607422
2.587891
2.607422
2.612305
2.607422
2.607422
2.607422
2.587891
2.573242
2.587891
2.573242
2.583008
2.558594
2.583008
2.553711
2.568359
2.534180
2.529297
2.495117
2.514648
2.553711
2.543945
2.583008
2.578125
2.573242
2.568359
2.573242
2.587891
2.578125
2.548828
2.612305
2.568359
2.592773
2.563477
2.558594
2.573242
2.602539
2.592773
2.583008
2.519531
2.597656
2.583008
2.553711
2.553711
2.592773
2.563477
2.568359
2.597656
2.553711
2.568359
2.539062
2.578125
2.578125
2.548828
2.558594
2.553711
2.553711
2.548828
2.563477
2.568359
2.558594
2.578125
2.543945
2.553711
2.573242
2.519531
2.509766
2.495117
2.553711
2.529297
2.558594
2.563477
2.553711
2.534180
2.578125
2.563477
2.543945
2.563477
2.558594
2.568359
2.558594
2.558594
2.553711
2.563477
2.563477
2.563477
2.548828
2.529297
2.543945
2.548828
2.553711
2.548828
2.539062
2.539062
2.539062
2.529297
2.548828
2.563477
2.563477
2.519531
2.534180
2.534180
2.543945
2.553711
2.534180
2.543945
2.529297
2.558594
2.558594
2.534180
2.519531
2.524414
2.539062
2.519531
2.514648
2.534180
2.543945
2.573242
2.587891
2.612305
2.573242
2.519531
2.553711
2.553711
2.548828
2.553711
2.563477
2.539062
2.548828
2.553711
2.553711
2.519531
2.524414
2.558594
2.548828
2.539062
2.519531
2.539062
2.524414
2.558594
2.543945
2.558594
2.514648
2.548828
2.524414
2.568359
2.553711
2.524414
2.548828
2.558594
2.548828
2.548828
2.548828
2.539062
2.539062
2.553711
2.543945
2.514648
2.543945
2.543945
2.524414
2.529297
2.539062
2.524414
2.529297
2.558594
2.573242
2.602539
2.563477
2.573242
2.534180
2.548828
2.539062
2.514648
2.529297
2.509766
2.534180
2.504883
2.543945
2.504883
2.514648
2.504883
2.524414
2.495117
2.529297
2.543945
2.500000
2.534180
2.558594
2.509766
2.519531
2.514648
2.524414
2.543945
2.539062
2.539062
2.524414
2.514648
2.524414
2.534180
2.539062
2.558594
2.548828
2.534180
2.558594
2.558594
2.573242
2.558594
2.553711
2.524414
2.548828
2.553711
2.543945
2.543945
2.543945
2.558594
2.543945
2.529297
2.539062
2.548828
2.568359
2.519531
2.543945
2.529297
2.543945
2.534180
2.534180
2.548828
2.558594
2.553711
2.587891
2.563477
2.587891
2.578125
2.607422
2.592773
2.573242
2.558594
2.583008
2.597656
2.597656
2.563477
2.587891
2.578125
2.587891
2.602539
2.602539
2.563477
2.607422
2.592773
2.578125
2.602539
2.612305
2.592773
2.631836
2.592773
2.612305
2.602539
2.597656
2.607422
2.578125
2.558594
2.573242
2.563477
2.597656
2.543945
2.529297
2.539062
2.539062
2.529297
2.568359
2.587891
2.558594
2.568359
2.578125
2.587891
2.578125
2.578125
2.543945
2.563477
2.563477
2.583008
2.612305
2.587891
2.583008
2.587891
2.568359
2.563477
2.602539
2.553711
2.578125
2.548828
2.592773
2.558594
2.583008
2.548828
2.558594
2.578125
2.543945
2.548828
2.558594
2.558594
2.587891
2.573242
2.548828
2.558594
2.553711
2.563477
2.553711
2.524414
2.543945
2.534180
2.543945
2.504883
2.529297
2.514648
2.524414
2.573242
2.539062
2.543945
2.524414
2.534180
2.563477
2.553711
2.519531
2.587891
2.578125
2.568359
2.563477
2.592773
2.534180
2.563477
2.539062
2.543945
2.548828
2.573242
2.529297
2.543945
2.568359
2.539062
2.558594
2.529297
2.529297
2.553711
2.534180
2.558594
2.539062
2.539062
2.543945
2.524414
2.548828
2.539062
2.563477
2.548828
2.548828
2.509766
2.529297
2.509766
2.543945
2.539062
2.548828
2.539062
2.524414
2.519531
2.524414
2.539062
2.602539
2.524414
2.602539
2.563477
2.568359
2.607422
2.583008
2.568359
2.587891
2.553711
2.568359
2.543945
2.534180
2.543945
2.548828
2.587891
2.534180
2.558594
2.563477
2.548828
2.539062
2.553711
2.529297
2.539062
2.548828
2.548828
2.548828
2.548828
2.539062
2.543945
2.529297
2.524414
2.558594
2.558594
2.534180
2.553711
2.543945
2.548828
2.529297
2.543945
2.543945
2.553711
2.563477
2.558594
2.529297
2.558594
2.583008
2.539062
2.553711
2.563477
2.543945
2.578125
2.583008
2.548828
2.563477
2.519531
2.539062
2.524414
2.509766
2.509766
2.519531
2.524414
2.504883
2.504883
2.500000
2.519531
2.514648
2.524414
2.534180
2.519531
2.529297
2.514648
2.519531
2.534180
2.539062
2.529297
2.539062
2.529297
2.543945
2.519531
2.553711
2.553711
2.539062
2.529297
2.529297
2.553711
2.519531
2.553711
2.534180
2.524414
2.524414
2.558594
2.553711
2.519531
2.543945
2.563477
2.548828
2.558594
2.548828
2.568359
2.543945
2.553711
2.539062
2.529297
2.514648
2.529297
2.514648
2.563477
2.539062
2.504883
2.529297
2.543945
2.553711
2.568359
2.548828
2.514648
2.587891
2.578125
2.553711
2.553711
2.558594
2.592773
2.587891
2.548828
2.597656
2.573242
2.587891
2.578125
2.587891
2.553711
2.583008
2.587891
2.602539
2.587891
2.597656
2.592773
2.583008
2.587891
2.597656
2.597656
2.587891
2.602539
2.563477
2.558594
2.597656
2.607422
2.587891
2.592773
2.587891
2.563477
2.553711
2.534180
2.500000
2.543945
2.583008
2.558594
2.583008
2.563477
2.524414
2.592773
2.592773
2.587891
2.578125
2.573242
2.583008
2.592773
2.578125
2.558594
2.568359
2.563477
2.607422
2.568359
2.568359
2.587891
2.558594
2.578125
2.539062
2.553711
2.573242
2.573242
2.548828
2.563477
2.543945
2.578125
2.539062
2.539062
2.548828
2.587891
2.553711
2.534180
2.543945
2.558594
2.529297
2.548828
2.534180
2.548828
2.534180
2.548828
2.529297
2.514648
2.539062
2.524414
2.548828
2.558594
2.553711
2.548828
2.553711
2.573242
2.553711
2.543945
2.583008
2.543945
2.534180
2.583008
2.519531
2.558594
2.548828
2.563477
2.543945
2.534180
2.543945
2.563477
2.558594
2.553711
2.543945
2.539062
2.548828
2.553711
2.524414
2.543945
2.534180
2.548828
2.553711
2.500000
2.558594
2.504883
2.524414
2.553711
2.529297
2.529297
2.529297
2.529297
2.543945
2.529297
2.529297
2.519531
2.519531
2.539062
2.524414
2.539062
2.543945
2.548828
2.587891
2.597656
2.597656
2.568359
2.568359
2.573242
2.573242
2.553711
2.558594
2.539062
2.553711
2.548828
2.534180
2.573242
2.529297
2.539062
2.539062
2.529297
2.563477
2.539062
2.553711
2.514648
2.548828
2.558594
2.553711
2.519531
2.543945
2.534180
2.558594
2.539062
2.519531
2.548828
2.578125
2.519531
2.534180
2.534180
2.563477
2.548828
2.529297
2.539062
2.553711
2.548828
2.553711
2.548828
2.553711
2.568359
2.529297
2.553711
2.563477
2.587891
2.568359
2.558594
2.592773
2.573242
2.553711
2.553711
2.504883
2.514648
2.519531
2.509766
2.519531
2.524414
2.514648
2.539062
2.519531
2.524414
2.539062
2.524414
2.534180
2.514648
2.514648
2.534180
2.529297
2.539062
2.524414
2.539062
2.519531
2.534180
2.543945
2.514648
2.539062
2.563477
2.539062
2.553711
2.553711
2.524414
2.539062
2.548828
2.539062
2.534180
2.548828
2.553711
2.534180
2.534180
2.553711
2.578125
2.543945
2.607422
2.539062
2.553711
2.558594
2.519531
2.553711
2.543945
2.539062
2.548828
2.524414
2.534180
2.539062
2.539062
2.534180
2.558594
2.563477
2.568359
2.553711
2.573242
2.558594
2.573242
2.563477
2.548828
2.563477
2.602539
2.597656
2.578125
2.592773
2.578125
2.563477
2.563477
2.534180
2.568359
2.548828
2.587891
2.573242
2.583008
2.578125
2.612305
2.592773
2.558594
2.583008
2.578125
2.568359
2.568359
2.553711
2.578125
2.578125
2.597656
2.558594
2.583008
2.539062
2.553711
2.563477
2.529297
2.539062
2.578125
2.558594
2.548828
2.539062
2.553711
2.558594
2.563477
2.607422
2.558594
2.602539
2.583008
2.592773
2.553711
2.553711
2.548828
2.592773
2.573242
2.597656
2.563477
2.592773
2.563477
2.568359
2.597656
2.578125
2.563477
2.573242
2.548828
2.563477
2.578125
2.563477
2.568359
2.568359
2.529297
2.587891
2.539062
2.578125
2.539062
2.568359
2.568359
2.583008
2.558594
2.558594
2.553711
2.534180
2.548828
2.534180
2.578125
2.514648
2.553711
2.514648
2.583008
2.568359
2.539062
2.573242
2.543945
2.563477
2.548828
2.553711
2.553711
2.543945
2.539062
2.563477
2.568359
2.558594
2.529297
2.548828
2.529297
2.578125
2.563477
2.539062
2.553711
2.543945
2.534180
2.548828
2.539062
2.553711
2.534180
2.529297
2.509766
2.548828
2.543945
2.548828
2.548828
2.509766
2.524414
2.539062
2.553711
2.524414
2.524414
2.539062
2.519531
2.534180
2.524414
2.539062
2.514648
2.553711
2.534180
2.578125
2.563477
2.587891
2.553711
2.573242
2.548828
2.573242
2.573242
2.583008
2.539062
2.553711
2.558594
2.578125
2.539062
2.553711
2.539062
2.539062
2.534180
2.568359
2.529297
2.543945
2.504883
2.509766
2.495117
2.534180
2.519531
2.514648
2.553711
2.563477
2.553711
2.558594
2.563477
2.558594
2.519531
2.534180
2.539062
2.519531
2.543945
2.539062
2.548828
2.563477
2.539062
2.583008
2.539062
2.543945
