1.723633
1.425781
1.147461
0.947266
0.888672
0.893555
1.059570
1.308594
1.689453
2.163086
2.744141
3.330078
3.940430
4.462891
4.887695
5.146484
5.273438
5.234375
5.014648
4.575195
4.028320
3.388672
2.670898
1.923828
1.235352
0.649414
0.195312
-0.083008
-0.195312
-0.058594
0.190430
0.600586
1.118164
1.689453
2.280273
2.885742
3.383789
3.779297
4.082031
4.233398
4.223633
4.169922
3.989258
3.750000
3.447266
3.110352
2.836914
2.641602
2.539062
2.514648
2.563477
2.553711
2.568359
2.583008
2.553711
2.578125
2.558594
2.568359
2.578125
2.548828
2.578125
2.553711
2.539062
2.553711
2.568359
2.543945
2.553711
2.563477
2.539062
2.548828
2.529297
2.519531
2.553711
2.553711
2.539062
2.519531
2.485352
2.509766
2.524414
2.539062
2.563477
2.534180
2.553711
2.587891
2.539062
2.543945
2.553711
2.558594
2.548828
2.543945
2.543945
2.553711
2.548828
2.573242
2.543945
2.534180
2.568359
2.578125
2.548828
2.548828
2.529297
2.539062
2.553711
2.553711
2.534180
2.553711
2.543945
2.534180
2.539062
2.529297
2.558594
2.573242
2.534180
2.548828
2.514648
2.519531
2.553711
2.548828
2.543945
2.534180
2.500000
2.514648
2.514648
2.529297
2.548828
2.504883
2.568359
2.534180
2.597656
2.607422
2.578125
2.578125
2.553711
2.563477
2.548828
2.548828
2.543945
2.553711
2.558594
2.514648
2.543945
2.543945
2.524414
2.539062
2.553711
2.543945
2.519531
2.573242
2.534180
2.558594
2.539062
2.568359
2.553711
2.519531
2.519531
2.524414
2.534180
2.568359
2.514648
2.524414
2.548828
2.553711
2.558594
2.529297
2.558594
2.563477
2.534180
2.578125
2.534180
2.539062
2.553711
2.534180
2.568359
2.563477
2.558594
2.568359
2.578125
2.612305
2.563477
2.558594
2.548828
2.553711
2.543945
2.529297
2.500000
2.519531
2.495117
2.553711
2.524414
2.514648
2.519531
2.500000
2.534180
2.509766
2.524414
2.548828
2.509766
2.534180
2.543945
2.548828
2.509766
2.539062
2.553711
2.534180
2.534180
2.524414
2.529297
2.539062
2.548828
2.548828
2.539062
2.534180
2.543945
2.563477
2.539062
2.529297
2.553711
2.563477
2.539062
2.529297
2.568359
2.529297
2.563477
2.553711
2.587891
2.563477
2.597656
2.519531
2.548828
2.519531
2.534180
2.534180
2.514648
2.548828
2.534180
2.558594
2.524414
2.548828
2.558594
2.553711
2.568359
2.597656
2.548828
2.602539
2.583008
2.578125
2.573242
2.583008
2.534180
2.587891
2.578125
2.558594
2.587891
2.573242
2.592773
2.563477
2.597656
2.573242
2.587891
2.583008
2.597656
2.558594
2.563477
2.553711
2.607422
2.587891
2.568359
2.587891
2.602539
2.563477
2.597656
2.573242
2.553711
2.592773
2.578125
2.539062
2.553711
2.519531
2.553711
2.543945
2.558594
2.568359
2.563477
2.578125
2.539062
2.548828
2.597656
2.592773
2.558594
2.578125
2.548828
2.568359
2.558594
2.568359
2.612305
2.563477
2.583008
2.578125
2.543945
2.543945
2.553711
2.553711
2.534180
2.558594
2.578125
2.563477
2.558594
2.539062
2.563477
2.553711
2.553711
2.539062
2.539062
2.543945
2.519531
2.548828
2.534180
2.573242
2.534180
2.558594
2.529297
2.529297
2.534180
2.539062
2.524414
2.534180
2.500000
2.583008
2.500000
2.563477
2.524414
2.563477
2.529297
2.563477
2.563477
2.539062
2.543945
2.583008
2.534180
2.534180
2.539062
2.539062
2.558594
2.553711
2.539062
2.534180
2.539062
2.539062
2.534180
2.543945
2.519531
2.534180
2.529297
2.514648
2.534180
2.539062
2.543945
2.519531
2.519531
2.524414
2.553711
2.543945
2.543945
2.534180
2.524414
2.534180
2.548828
2.509766
2.519531
2.519531
2.539062
2.563477
2.563477
2.509766
2.543945
2.553711
2.578125
2.558594
2.602539
2.602539
2.568359
2.587891
2.543945
2.568359
2.558594
2.539062
2.543945
2.548828
2.539062
2.534180
2.509766
2.558594
2.558594
2.543945
2.529297
2.578125
2.539062
2.558594
2.548828
2.548828
2.534180
2.514648
2.529297
2.553711
2.539062
2.534180
2.524414
2.548828
2.548828
2.539062
2.568359
2.583008
2.558594
2.539062
2.563477
2.548828
2.539062
2.558594
2.558594
2.568359
2.534180
2.568359
2.558594
2.558594
2.563477
2.568359
2.568359
2.563477
2.553711
2.519531
2.563477
2.539062
2.548828
2.519531
2.548828
2.514648
2.519531
2.500000
2.524414
2.514648
2.509766
2.519531
2.514648
2.563477
2.519531
2.509766
2.509766
2.529297
2.543945
2.558594
2.509766
2.563477
2.534180
2.529297
2.529297
2.534180
2.543945
2.529297
2.553711
2.539062
2.548828
2.543945
2.529297
2.548828
2.539062
2.529297
2.553711
2.563477
2.563477
2.548828
2.543945
2.543945
2.583008
2.534180
2.568359
2.529297
2.573242
2.529297
2.529297
2.529297
2.514648
2.548828
2.524414
2.534180
2.504883
2.524414
2.573242
2.558594
2.539062
2.548828
2.553711
2.563477
2.592773
2.534180
2.563477
2.578125
2.568359
2.592773
2.587891
2.553711
2.563477
2.543945
2.587891
2.578125
2.617188
2.578125
2.597656
2.587891
2.602539
2.597656
2.607422
2.592773
2.592773
2.587891
2.558594
2.617188
2.617188
2.597656
2.602539
2.602539
2.573242
2.573242
2.568359
2.597656
2.553711
2.573242
2.543945
2.539062
2.553711
2.534180
2.568359
2.539062
2.548828
2.592773
2.592773
2.587891
2.592773
2.578125
2.587891
2.597656
2.602539
2.597656
2.587891
2.539062
2.548828
2.553711
2.563477
2.558594
2.607422
2.524414
2.563477
2.553711
2.553711
2.592773
2.519531
2.578125
2.563477
2.563477
2.548828
2.563477
2.529297
2.563477
2.534180
2.578125
2.543945
2.529297
2.563477
2.568359
2.534180
2.529297
2.543945
2.524414
2.548828
2.539062
2.539062
2.509766
2.509766
2.500000
2.519531
2.524414
2.553711
2.553711
2.529297
2.563477
2.534180
2.563477
2.539062
2.563477
2.539062
2.519531
2.539062
2.529297
2.553711
2.539062
2.578125
2.529297
2.539062
2.534180
2.539062
2.539062
2.563477
2.558594
2.539062
2.534180
2.519531
2.504883
2.548828
2.548828
2.548828
2.534180
2.539062
2.548828
2.539062
2.558594
2.543945
2.524414
2.539062
2.539062
2.543945
2.543945
2.529297
2.529297
2.539062
2.534180
2.548828
2.548828
2.543945
2.587891
2.543945
2.543945
2.587891
2.583008
2.568359
2.563477
2.553711
2.563477
2.553711
2.558594
2.543945
2.500000
2.543945
2.543945
2.543945
2.529297
2.529297
2.543945
2.539062
2.558594
2.548828
2.543945
2.563477
2.514648
2.548828
2.573242
2.529297
2.553711
2.524414
2.534180
2.553711
2.558594
2.539062
2.543945
2.578125
2.553711
2.543945
2.519531
2.543945
2.548828
2.548828
2.558594
2.539062
2.539062
2.548828
2.563477
2.563477
2.592773
2.607422
2.607422
2.587891
2.548828
2.573242
2.534180
2.534180
2.529297
2.548828
2.524414
2.548828
2.504883
2.524414
2.529297
2.534180
2.534180
2.495117
2.514648
2.514648
2.558594
2.504883
2.553711
2.519531
2.543945
2.524414
2.539062
2.534180
2.548828
2.558594
2.529297
2.558594
2.529297
2.539062
2.568359
2.524414
2.543945
2.543945
2.539062
2.543945
2.539062
2.548828
2.553711
2.558594
2.534180
2.524414
2.563477
2.524414
2.519531
2.558594
2.558594
2.529297
2.529297
2.548828
2.568359
2.539062
2.539062
2.553711
2.548828
2.519531
2.519531
2.519531
2.519531
2.563477
2.539062
2.573242
2.543945
2.558594
2.583008
2.553711
2.534180
2.592773
2.587891
2.558594
2.558594
2.602539
2.563477
2.597656
2.597656
2.548828
2.587891
2.607422
2.592773
2.568359
2.563477
2.617188
2.597656
2.587891
2.587891
2.602539
2.587891
2.587891
2.563477
2.612305
2.592773
2.583008
2.583008
2.602539
2.597656
2.592773
2.573242
2.524414
2.573242
2.534180
2.543945
2.529297
2.597656
2.543945
2.578125
2.534180
2.587891
2.558594
2.563477
2.573242
2.573242
2.597656
2.578125
2.558594
2.597656
2.592773
2.583008
2.587891
2.543945
2.587891
2.553711
2.573242
2.578125
2.563477
2.568359
2.583008
2.583008
2.578125
2.553711
2.578125
2.573242
2.548828
2.587891
2.563477
2.563477
2.553711
2.543945
2.558594
2.578125
2.553711
2.558594
2.529297
2.573242
2.534180
2.534180
2.548828
2.490234
2.509766
2.529297
2.553711
2.539062
2.548828
2.558594
2.568359
2.553711
2.597656
2.578125
2.558594
2.553711
2.558594
2.539062
2.548828
2.558594
2.548828
2.553711
2.548828
2.534180
2.548828
2.553711
2.553711
2.558594
2.543945
2.558594
2.548828
2.543945
2.529297
2.529297
2.558594
2.563477
2.504883
2.529297
2.563477
2.543945
2.524414
2.514648
2.524414
2.524414
2.529297
2.539062
2.514648
2.524414
2.509766
2.563477
2.519531
2.524414
2.539062
2.534180
2.558594
2.543945
2.578125
2.558594
2.587891
2.548828
2.587891
2.563477
2.573242
2.558594
2.558594
2.578125
2.539062
2.548828
2.563477
2.529297
2.568359
2.539062
2.548828
2.578125
2.539062
2.509766
2.539062
2.568359
2.543945
2.543945
2.558594
2.543945
2.539062
2.548828
2.529297
2.558594
2.539062
2.539062
2.524414
2.529297
2.534180
2.519531
2.539062
2.573242
2.548828
2.558594
2.534180
2.558594
2.539062
2.519531
2.534180
2.543945
2.553711
2.558594
2.568359
2.592773
2.573242
2.578125
2.578125
2.534180
2.558594
2.514648
2.514648
2.529297
2.539062
2.504883
2.509766
2.509766
2.519531
2.539062
2.504883
2.534180
2.519531
2.578125
2.519531
2.519531
2.534180
2.539062
2.529297
2.553711
2.558594
2.524414
2.524414
2.543945
2.563477
2.539062
2.558594
2.553711
2.534180
2.543945
2.553711
2.543945
2.543945
2.543945
2.509766
2.553711
2.543945
2.563477
2.534180
2.558594
2.553711
2.539062
2.563477
2.587891
2.543945
2.539062
2.529297
2.519531
2.539062
2.519531
2.524414
2.558594
2.504883
2.519531
2.524414
2.558594
2.543945
2.539062
2.553711
2.563477
2.553711
2.553711
2.553711
2.529297
2.583008
2.578125
2.568359
2.573242
2.573242
2.592773
2.587891
2.578125
2.578125
2.587891
2.587891
2.573242
2.587891
2.573242
2.573242
2.597656
2.612305
2.597656
2.563477
2.592773
2.592773
2.592773
2.573242
2.587891
2.587891
2.612305
2.558594
2.612305
2.597656
2.534180
2.558594
2.524414
2.548828
2.553711
2.553711
2.543945
2.563477
2.563477
2.573242
2.587891
2.587891
2.587891
2.563477
2.543945
2.539062
2.568359
2.568359
2.558594
2.578125
2.553711
2.583008
2.558594
2.578125
2.558594
2.587891
2.558594
2.573242
2.553711
2.573242
2.558594
2.563477
2.558594
2.558594
2.612305
2.573242
2.553711
2.558594
2.563477
2.543945
2.573242
2.553711
2.558594
2.573242
2.529297
2.558594
2.543945
2.514648
2.578125
2.529297
2.534180
2.509766
2.539062
2.519531
2.548828
2.534180
2.558594
2.543945
2.583008
2.548828
2.573242
2.558594
2.539062
2.524414
2.578125
2.539062
2.534180
2.558594
2.563477
2.568359
2.548828
2.553711
2.558594
2.553711
2.563477
2.548828
2.553711
2.534180
2.529297
2.543945
2.553711
2.543945
2.529297
2.519531
2.519531
2.519531
2.509766
2.529297
2.534180
2.534180
2.519531
2.534180
2.519531
2.553711
2.529297
2.500000
2.543945
2.543945
2.529297
2.500000
2.543945
2.563477
2.573242
2.553711
2.553711
2.578125
2.602539
2.573242
2.553711
2.558594
2.558594
2.543945
2.558594
2.553711
2.548828
2.548828
2.563477
2.563477
2.563477
2.529297
2.519531
2.539062
2.529297
2.553711
2.534180
2.519531
2.514648
2.529297
2.534180
2.548828
2.539062
2.495117
2.529297
2.534180
2.539062
2.539062
2.553711
2.548828
2.558594
2.543945
2.548828
2.539062
2.519531
2.558594
2.558594
2.524414
2.548828
2.529297
2.534180
2.548828
2.573242
2.597656
2.573242
2.563477
2.578125
2.514648
2.543945
2.509766
2.519531
2.529297
2.519531
2.509766
2.500000
2.519531
2.514648
2.509766
2.548828
2.519531
2.534180
2.534180
2.514648
2.539062
2.514648
2.509766
2.509766
2.529297
2.509766
2.543945
2.539062
2.519531
2.543945
2.500000
2.553711
2.529297
2.524414
2.543945
2.553711
2.539062
2.563477
2.548828
2.539062
2.543945
2.548828
2.548828
2.539062
2.534180
2.529297
2.553711
2.529297
2.568359
2.573242
2.529297
2.548828
2.519531
2.543945
2.519531
2.495117
2.514648
2.514648
2.524414
2.553711
2.534180
2.553711
2.578125
2.558594
2.558594
2.587891
2.578125
2.578125
2.568359
2.583008
2.592773
2.578125
2.573242
2.592773
2.592773
2.587891
2.592773
2.573242
2.592773
2.592773
2.587891
2.607422
2.553711
2.563477
2.583008
2.597656
2.587891
2.607422
2.617188
2.578125
2.587891
2.587891
2.578125
2.592773
2.583008
2.592773
2.583008
2.597656
2.563477
2.548828
2.529297
2.543945
2.529297
2.514648
2.583008
2.563477
2.578125
2.568359
2.568359
2.583008
2.558594
2.592773
2.597656
2.583008
2.587891
2.587891
2.543945
2.553711
2.612305
2.578125
2.573242
2.592773
2.573242
2.553711
2.568359
2.573242
2.587891
2.558594
2.563477
2.543945
2.578125
2.539062
2.573242
2.553711
2.558594
2.578125
2.563477
2.553711
2.548828
2.524414
2.519531
2.519531
2.553711
2.539062
2.534180
2.563477
2.534180
2.539062
2.529297
2.524414
2.495117
2.529297
2.539062
2.548828
2.558594
2.539062
2.568359
2.553711
2.563477
2.553711
2.543945
2.543945
2.568359
2.553711
2.568359
2.573242
2.553711
2.558594
2.548828
2.543945
2.558594
2.563477
2.534180
2.519531
2.514648
2.543945
2.534180
2.539062
2.548828
2.548828
2.553711
2.543945
2.543945
2.529297
2.495117
2.524414
2.543945
2.514648
2.524414
2.524414
2.534180
2.548828
2.553711
2.514648
2.534180
2.563477
2.529297
2.543945
2.514648
2.539062
2.563477
2.597656
2.558594
2.607422
2.563477
2.563477
2.543945
2.563477
2.553711
2.558594
2.539062
2.563477
2.543945
2.524414
2.529297
2.534180
2.563477
2.558594
2.509766
2.519531
2.558594
2.524414
2.524414
2.568359
2.500000
2.553711
2.534180
2.534180
2.548828
2.563477
2.509766
2.558594
2.529297
2.529297
2.539062
2.539062
2.592773
2.553711
2.548828
2.558594
2.563477
2.553711
2.539062
2.553711
2.539062
2.529297
2.553711
2.553711
2.558594
2.597656
2.597656
2.553711
2.587891
2.519531
2.568359
2.553711
2.539062
2.519531
2.514648
2.534180
2.548828
2.514648
2.534180
2.534180
2.500000
2.534180
2.504883
2.519531
2.514648
2.514648
2.519531
2.519531
2.509766
2.548828
2.524414
2.524414
2.553711
2.529297
2.548828
2.539062
2.543945
2.534180
2.553711
2.543945
2.524414
2.519531
2.514648
2.543945
2.543945
2.553711
2.568359
2.553711
2.548828
2.529297
2.548828
2.543945
2.592773
2.573242
2.587891
2.568359
2.578125
2.543945
2.519531
2.563477
2.578125
2.529297
2.539062
2.534180
2.534180
2.553711
2.543945
2.558594
2.578125
2.539062
2.563477
2.583008
2.563477
2.548828
2.573242
2.563477
2.548828
2.592773
2.587891
2.573242
2.587891
2.573242
2.597656
2.578125
2.592773
2.592773
2.573242
2.583008
2.568359
2.617188
2.539062
2.612305
2.548828
2.583008
2.568359
2.597656
2.607422
2.597656
2.592773
2.583008
2.592773
2.587891
2.597656
2.597656
2.573242
2.558594
2.539062
2.509766
2.529297
2.539062
2.563477
2.563477
2.602539
2.573242
2.568359
2.597656
2.558594
2.592773
2.558594
2.583008
2.583008
2.587891
2.592773
2.568359
2.587891
2.578125
2.563477
2.573242
2.568359
2.573242
2.573242
2.548828
2.573242
2.583008
2.573242
2.539062
2.587891
2.592773
2.539062
2.553711
2.543945
2.543945
2.558594
2.548828
2.548828
2.543945
2.553711
2.568359
2.597656
2.543945
2.548828
2.568359
2.563477
2.539062
2.548828
2.529297
2.529297
2.500000
2.519531
2.539062
2.524414
2.558594
2.539062
2.568359
2.553711
2.563477
2.573242
2.568359
2.548828
2.534180
2.539062
2.563477
2.548828
2.563477
2.558594
2.548828
2.539062
2.553711
2.553711
2.553711
2.548828
2.529297
2.543945
2.543945
2.553711
2.509766
2.543945
2.514648
2.529297
2.524414
2.543945
2.529297
2.524414
2.524414
2.558594
2.534180
2.504883
2.539062
2.514648
2.524414
2.529297
2.514648
2.543945
2.543945
2.534180
2.504883
2.587891
2.578125
2.558594
2.597656
2.543945
2.529297
2.587891
2.587891
2.563477
2.558594
2.553711
2.553711
2.583008
2.519531
2.568359
2.529297
2.543945
2.543945
2.563477
2.514648
2.548828
2.539062
2.529297
2.553711
2.519531
2.534180
2.524414
2.543945
2.524414
2.558594
2.563477
2.553711
2.543945
2.558594
2.558594
2.514648
2.558594
2.534180
2.548828
2.548828
2.524414
2.539062
2.514648
2.553711
2.548828
2.548828
2.563477
2.563477
2.563477
2.583008
2.602539
2.573242
2.568359
2.602539
2.539062
2.553711
2.548828
2.534180
2.509766
2.509766
2.543945
2.524414
2.509766
2.514648
2.519531
2.529297
2.539062
2.509766
2.534180
2.514648
2.543945
2.514648
2.543945
2.539062
2.543945
2.524414
2.543945
2.529297
2.524414
2.543945
2.534180
2.539062
2.548828
2.568359
2.514648
2.534180
2.568359
2.558594
2.524414
2.534180
2.568359
2.524414
2.539062
2.587891
2.539062
2.548828
2.529297
2.539062
2.534180
2.573242
2.568359
2.539062
2.534180
2.534180
2.563477
2.553711
2.543945
2.563477
2.539062
2.519531
2.539062
2.548828
2.534180
2.563477
2.548828
2.563477
2.563477
2.534180
2.563477
2.568359
2.587891
2.573242
2.553711
2.597656
2.592773
2.563477
2.573242
2.558594
2.597656
2.583008
2.583008
2.563477
2.583008
2.558594
2.578125
2.558594
2.602539
2.539062
2.587891
2.543945
2.573242
2.583008
2.602539
2.587891
2.578125
2.587891
2.602539
2.578125
2.573242
2.543945
2.558594
2.578125
2.504883
2.583008
2.558594
2.553711
2.558594
2.587891
2.563477
2.583008
2.573242
2.578125
2.578125
2.592773
2.578125
2.617188
2.602539
2.587891
2.558594
2.612305
2.563477
2.543945
2.617188
2.543945
2.563477
2.587891
2.568359
2.539062
2.568359
2.553711
2.553711
2.573242
2.543945
2.607422
2.519531
2.568359
2.539062
2.548828
2.568359
2.587891
2.548828
2.553711
2.558594
2.578125
2.529297
2.563477
2.534180
2.573242
2.534180
2.504883
2.500000
2.529297
2.553711
2.543945
2.543945
2.578125
2.563477
2.539062
2.539062
2.553711
2.558594
2.558594
2.553711
2.563477
2.539062
2.558594
2.548828
2.563477
2.514648
2.568359
2.534180
2.539062
2.543945
2.519531
2.534180
2.514648
2.543945
2.534180
2.519531
2.539062
2.553711
2.543945
2.519531
2.519531
2.548828
2.548828
2.519531
2.529297
2.553711
2.529297
2.524414
2.514648
2.539062
2.558594
2.514648
2.529297
2.514648
2.548828
2.553711
2.539062
2.548828
2.568359
2.597656
2.592773
2.568359
2.578125
2.563477
2.568359
2.543945
2.543945
2.553711
2.529297
2.539062
2.524414
2.539062
2.548828
2.543945
2.563477
2.534180
2.534180
2.529297
2.519531
2.543945
2.539062
2.539062
2.524414
2.534180
2.543945
2.573242
2.543945
2.539062
2.514648
2.529297
2.568359
2.524414
2.563477
2.529297
2.543945
2.534180
2.534180
2.524414
2.563477
2.548828
2.534180
2.519531
2.553711
2.539062
2.548828
2.548828
2.573242
2.592773
2.563477
2.548828
2.548828
2.553711
2.558594
2.519531
2.509766
2.519531
2.500000
2.504883
2.568359
2.475586
2.548828
2.514648
2.514648
2.548828
2.509766
2.519531
2.539062
2.514648
2.514648
2.519531
2.553711
2.495117
2.524414
2.534180
2.509766
2.543945
2.524414
2.504883
2.534180
2.514648
2.524414
2.539062
2.539062
2.519531
2.548828
2.534180
2.519531
2.524414
2.553711
2.583008
2.553711
2.539062
2.548828
2.539062
2.543945
2.563477
2.568359
2.539062
2.553711
2.573242
2.539062
2.529297
2.509766
2.548828
2.524414
2.509766
2.529297
2.543945
2.563477
2.543945
2.563477
2.529297
2.563477
2.558594
2.558594
2.558594
2.553711
2.529297
2.553711
2.563477
2.543945
2.578125
2.592773
2.587891
2.568359
2.587891
2.563477
2.578125
2.578125
2.558594
2.607422
2.587891
2.568359
2.607422
2.592773
2.563477
2.592773
2.573242
2.543945
2.543945
2.622070
2.539062
2.583008
2.617188
2.563477
2.587891
2.568359
2.529297
2.578125
2.534180
2.543945
2.529297
2.568359
2.529297
2.548828
2.568359
2.597656
2.543945
2.553711
2.587891
2.568359
2.573242
2.543945
2.514648
2.543945
2.573242
2.587891
2.587891
2.583008
