1.982422
1.684570
1.362305
1.103516
0.971680
0.888672
0.961914
1.123047
1.416016
1.811523
2.353516
2.910156
3.515625
4.072266
4.609375
5.000000
5.205078
5.297852
5.214844
4.941406
4.438477
3.828125
3.159180
2.426758
1.757812
1.010742
0.541992
0.126953
-0.063477
-0.107422
0.034180
0.356445
0.751953
1.245117
1.835938
2.431641
2.978516
3.481445
3.852539
4.116211
4.248047
4.223633
4.096680
3.964844
3.652344
3.354492
3.041992
2.773438
2.631836
2.558594
2.534180
2.607422
2.539062
2.548828
2.563477
2.563477
2.607422
2.583008
2.563477
2.587891
2.553711
2.558594
2.558594
2.519531
2.529297
2.548828
2.568359
2.563477
2.539062
2.553711
2.583008
2.553711
2.558594
2.573242
2.553711
2.563477
2.573242
2.539062
2.529297
2.543945
2.529297
2.553711
2.519531
2.504883
2.548828
2.529297
2.534180
2.534180
2.553711
2.543945
2.563477
2.553711
2.578125
2.548828
2.553711
2.573242
2.553711
2.563477
2.553711
2.534180
2.543945
2.548828
2.548828
2.539062
2.539062
2.539062
2.543945
2.543945
2.543945
2.543945
2.558594
2.539062
2.534180
2.529297
2.543945
2.529297
2.548828
2.529297
2.534180
2.539062
2.524414
2.509766
2.539062
2.539062
2.548828
2.543945
2.563477
2.524414
2.539062
2.529297
2.519531
2.519531
2.548828
2.539062
2.587891
2.568359
2.646484
2.597656
2.607422
2.578125
2.578125
2.558594
2.543945
2.563477
2.548828
2.553711
2.534180
2.563477
2.558594
2.563477
2.548828
2.534180
2.573242
2.548828
2.529297
2.524414
2.524414
2.543945
2.534180
2.534180
2.543945
2.529297
2.519531
2.553711
2.558594
2.529297
2.534180
2.524414
2.539062
2.548828
2.553711
2.539062
2.539062
2.524414
2.534180
2.543945
2.558594
2.543945
2.553711
2.543945
2.553711
2.548828
2.587891
2.592773
2.548828
2.617188
2.548828
2.553711
2.548828
2.524414
2.514648
2.543945
2.524414
2.534180
2.524414
2.534180
2.539062
2.534180
2.534180
2.514648
2.529297
2.514648
2.519531
2.524414
2.539062
2.563477
2.514648
2.587891
2.529297
2.514648
2.504883
2.534180
2.529297
2.539062
2.543945
2.539062
2.543945
2.534180
2.539062
2.548828
2.548828
2.548828
2.529297
2.543945
2.563477
2.529297
2.583008
2.539062
2.548828
2.534180
2.563477
2.539062
2.587891
2.558594
2.529297
2.534180
2.553711
2.539062
2.490234
2.504883
2.519531
2.524414
2.563477
2.534180
2.558594
2.578125
2.558594
2.529297
2.587891
2.568359
2.534180
2.573242
2.587891
2.587891
2.592773
2.568359
2.597656
2.592773
2.587891
2.592773
2.602539
2.578125
2.597656
2.558594
2.583008
2.563477
2.573242
2.587891
2.607422
2.617188
2.597656
2.597656
2.563477
2.602539
2.592773
2.612305
2.587891
2.578125
2.607422
2.602539
2.597656
2.607422
2.573242
2.578125
2.529297
2.539062
2.548828
2.539062
2.563477
2.563477
2.583008
2.578125
2.558594
2.568359
2.587891
2.587891
2.597656
2.592773
2.592773
2.597656
2.607422
2.602539
2.592773
2.539062
2.578125
2.573242
2.597656
2.529297
2.573242
2.573242
2.592773
2.602539
2.519531
2.568359
2.578125
2.553711
2.529297
2.548828
2.548828
2.592773
2.548828
2.524414
2.563477
2.563477
2.563477
2.553711
2.539062
2.583008
2.558594
2.519531
2.563477
2.539062
2.529297
2.495117
2.543945
2.553711
2.514648
2.548828
2.548828
2.548828
2.592773
2.548828
2.578125
2.529297
2.529297
2.573242
2.568359
2.548828
2.568359
2.539062
2.529297
2.539062
2.578125
2.539062
2.524414
2.519531
2.524414
2.553711
2.529297
2.539062
2.539062
2.539062
2.529297
2.543945
2.543945
2.534180
2.534180
2.548828
2.534180
2.534180
2.548828
2.548828
2.524414
2.524414
2.563477
2.504883
2.553711
2.553711
2.534180
2.524414
2.539062
2.529297
2.548828
2.587891
2.558594
2.607422
2.573242
2.573242
2.539062
2.548828
2.587891
2.563477
2.558594
2.563477
2.534180
2.558594
2.524414
2.558594
2.534180
2.553711
2.548828
2.490234
2.558594
2.563477
2.539062
2.553711
2.543945
2.539062
2.539062
2.553711
2.534180
2.548828
2.563477
2.534180
2.543945
2.534180
2.543945
2.534180
2.553711
2.558594
2.568359
2.519531
2.543945
2.548828
2.587891
2.563477
2.573242
2.553711
2.558594
2.553711
2.558594
2.539062
2.587891
2.607422
2.573242
2.578125
2.568359
2.529297
2.534180
2.548828
2.524414
2.558594
2.514648
2.495117
2.548828
2.558594
2.543945
2.524414
2.519531
2.524414
2.504883
2.558594
2.524414
2.534180
2.519531
2.509766
2.529297
2.529297
2.509766
2.509766
2.548828
2.534180
2.548828
2.529297
2.553711
2.548828
2.553711
2.548828
2.539062
2.539062
2.563477
2.543945
2.539062
2.534180
2.543945
2.553711
2.548828
2.539062
2.524414
2.529297
2.534180
2.514648
2.529297
2.563477
2.534180
2.558594
2.509766
2.543945
2.529297
2.539062
2.543945
2.539062
2.543945
2.543945
2.509766
2.578125
2.504883
2.558594
2.548828
2.553711
2.534180
2.553711
2.548828
2.568359
2.558594
2.587891
2.583008
2.592773
2.573242
2.563477
2.563477
2.578125
2.592773
2.573242
2.607422
2.587891
2.568359
2.573242
2.558594
2.573242
2.612305
2.553711
2.607422
2.587891
2.573242
2.578125
2.568359
2.592773
2.553711
2.617188
2.597656
2.587891
2.558594
2.553711
2.543945
2.514648
2.539062
2.553711
2.539062
2.578125
2.558594
2.587891
2.553711
2.587891
2.573242
2.563477
2.602539
2.592773
2.578125
2.563477
2.543945
2.573242
2.573242
2.568359
2.553711
2.587891
2.563477
2.548828
2.548828
2.597656
2.524414
2.597656
2.563477
2.553711
2.587891
2.583008
2.558594
2.583008
2.543945
2.548828
2.553711
2.592773
2.539062
2.578125
2.543945
2.548828
2.558594
2.539062
2.539062
2.539062
2.548828
2.519531
2.514648
2.514648
2.534180
2.509766
2.534180
2.543945
2.539062
2.563477
2.548828
2.568359
2.563477
2.578125
2.539062
2.539062
2.558594
2.578125
2.553711
2.548828
2.548828
2.578125
2.558594
2.519531
2.553711
2.519531
2.558594
2.548828
2.543945
2.573242
2.543945
2.553711
2.548828
2.490234
2.534180
2.534180
2.573242
2.548828
2.539062
2.519531
2.548828
2.563477
2.529297
2.534180
2.514648
2.548828
2.519531
2.543945
2.539062
2.514648
2.529297
2.524414
2.587891
2.553711
2.548828
2.607422
2.602539
2.597656
2.568359
2.597656
2.558594
2.558594
2.548828
2.534180
2.543945
2.534180
2.539062
2.563477
2.553711
2.524414
2.529297
2.573242
2.519531
2.558594
2.524414
2.534180
2.543945
2.558594
2.534180
2.534180
2.548828
2.548828
2.534180
2.534180
2.573242
2.534180
2.548828
2.543945
2.534180
2.563477
2.543945
2.558594
2.563477
2.548828
2.553711
2.553711
2.543945
2.553711
2.553711
2.578125
2.539062
2.548828
2.563477
2.578125
2.612305
2.573242
2.578125
2.558594
2.543945
2.543945
2.529297
2.529297
2.534180
2.519531
2.495117
2.529297
2.519531
2.500000
2.534180
2.495117
2.548828
2.543945
2.519531
2.529297
2.529297
2.529297
2.509766
2.514648
2.524414
2.539062
2.539062
2.558594
2.534180
2.514648
2.524414
2.534180
2.553711
2.539062
2.548828
2.519531
2.548828
2.539062
2.534180
2.534180
2.553711
2.548828
2.553711
2.539062
2.534180
2.578125
2.553711
2.563477
2.578125
2.568359
2.519531
2.558594
2.543945
2.514648
2.529297
2.543945
2.534180
2.514648
2.514648
2.553711
2.558594
2.539062
2.568359
2.548828
2.539062
2.573242
2.543945
2.548828
2.573242
2.587891
2.607422
2.573242
2.578125
2.592773
2.587891
2.607422
2.558594
2.563477
2.563477
2.592773
2.592773
2.587891
2.592773
2.568359
2.553711
2.612305
2.597656
2.587891
2.612305
2.607422
2.607422
2.573242
2.587891
2.592773
2.602539
2.612305
2.617188
2.592773
2.543945
2.514648
2.519531
2.514648
2.539062
2.553711
2.553711
2.534180
2.534180
2.553711
2.548828
2.558594
2.548828
2.558594
2.583008
2.558594
2.578125
2.578125
2.583008
2.587891
2.583008
2.563477
2.558594
2.558594
2.563477
2.573242
2.573242
2.592773
2.539062
2.558594
2.573242
2.534180
2.578125
2.578125
2.568359
2.543945
2.583008
2.563477
2.587891
2.534180
2.568359
2.529297
2.583008
2.534180
2.558594
2.529297
2.563477
2.539062
2.539062
2.529297
2.519531
2.509766
2.524414
2.500000
2.558594
2.558594
2.539062
2.558594
2.568359
2.592773
2.529297
2.534180
2.548828
2.568359
2.543945
2.563477
2.573242
2.553711
2.543945
2.558594
2.543945
2.539062
2.524414
2.543945
2.548828
2.519531
2.548828
2.543945
2.543945
2.578125
2.543945
2.558594
2.553711
2.514648
2.519531
2.563477
2.539062
2.563477
2.543945
2.553711
2.534180
2.529297
2.539062
2.543945
2.514648
2.553711
2.529297
2.509766
2.543945
2.543945
2.558594
2.558594
2.597656
2.607422
2.592773
2.524414
2.597656
2.539062
2.578125
2.558594
2.519531
2.529297
2.539062
2.543945
2.543945
2.548828
2.543945
2.539062
2.543945
2.524414
2.578125
2.534180
2.519531
2.558594
2.534180
2.558594
2.519531
2.524414
2.558594
2.548828
2.524414
2.558594
2.534180
2.558594
2.548828
2.529297
2.543945
2.558594
2.539062
2.529297
2.543945
2.539062
2.553711
2.563477
2.548828
2.548828
2.553711
2.558594
2.553711
2.583008
2.583008
2.587891
2.592773
2.529297
2.529297
2.504883
2.534180
2.529297
2.534180
2.514648
2.524414
2.495117
2.529297
2.509766
2.524414
2.543945
2.485352
2.539062
2.539062
2.529297
2.500000
2.514648
2.519531
2.583008
2.519531
2.568359
2.534180
2.539062
2.553711
2.539062
2.539062
2.558594
2.534180
2.529297
2.519531
2.548828
2.543945
2.558594
2.553711
2.543945
2.558594
2.548828
2.548828
2.563477
2.548828
2.548828
2.548828
2.558594
2.563477
2.534180
2.524414
2.578125
2.514648
2.529297
2.568359
2.529297
2.534180
2.519531
2.524414
2.573242
2.529297
2.529297
2.587891
2.504883
2.558594
2.573242
2.583008
2.524414
2.573242
2.587891
2.573242
2.558594
2.602539
2.578125
2.578125
2.597656
2.578125
2.607422
2.573242
2.578125
2.578125
2.543945
2.592773
2.587891
2.602539
2.558594
2.587891
2.607422
2.602539
2.602539
2.592773
2.578125
2.587891
2.558594
2.602539
2.573242
2.578125
2.597656
2.587891
2.573242
2.583008
2.539062
2.514648
2.558594
2.543945
2.573242
2.553711
2.578125
2.592773
2.587891
2.558594
2.597656
2.573242
2.553711
2.578125
2.548828
2.568359
2.583008
2.578125
2.578125
2.553711
2.568359
2.597656
2.583008
2.578125
2.534180
2.563477
2.587891
2.543945
2.568359
2.587891
2.553711
2.573242
2.563477
2.543945
2.558594
2.548828
2.539062
2.558594
2.553711
2.529297
2.553711
2.514648
2.592773
2.548828
2.529297
2.534180
2.539062
2.529297
2.514648
2.524414
2.509766
2.524414
2.543945
2.534180
2.543945
2.529297
2.592773
2.568359
2.524414
2.548828
2.548828
2.563477
2.553711
2.548828
2.543945
2.568359
2.558594
2.534180
2.573242
2.543945
2.558594
2.558594
2.548828
2.553711
2.548828
2.529297
2.548828
2.558594
2.519531
2.539062
2.534180
2.539062
2.543945
2.553711
2.524414
2.553711
2.563477
2.519531
2.534180
2.534180
2.543945
2.539062
2.529297
2.553711
2.558594
2.495117
2.529297
2.524414
2.534180
2.553711
2.563477
2.558594
2.553711
2.548828
2.587891
2.524414
2.587891
2.578125
2.558594
2.563477
2.568359
2.558594
2.534180
2.539062
2.558594
2.553711
2.529297
2.534180
2.539062
2.563477
2.558594
2.548828
2.548828
2.563477
2.534180
2.539062
2.587891
2.534180
2.519531
2.548828
2.568359
2.539062
2.548828
2.539062
2.558594
2.539062
2.568359
2.548828
2.534180
2.543945
2.558594
2.553711
2.558594
2.548828
2.534180
2.568359
2.553711
2.548828
2.558594
2.607422
2.548828
2.563477
2.587891
2.539062
2.587891
2.558594
2.539062
2.563477
2.519531
2.534180
2.563477
2.500000
2.539062
2.519531
2.543945
2.514648
2.534180
2.524414
2.534180
2.529297
2.539062
2.543945
2.553711
2.534180
2.568359
2.529297
2.519531
2.509766
2.558594
2.553711
2.519531
2.534180
2.539062
2.534180
2.543945
2.563477
2.519531
2.543945
2.548828
2.534180
2.558594
2.534180
2.548828
2.534180
2.519531
2.534180
2.558594
2.578125
2.558594
2.539062
2.587891
2.539062
2.553711
2.539062
2.548828
2.500000
2.563477
2.553711
2.543945
2.534180
2.553711
2.563477
2.583008
2.534180
2.558594
2.578125
2.568359
2.597656
2.587891
2.602539
2.592773
2.592773
2.592773
2.583008
2.597656
2.602539
2.587891
2.592773
2.578125
2.583008
2.592773
2.612305
2.617188
2.578125
2.597656
2.578125
2.578125
2.597656
2.558594
2.563477
2.597656
2.607422
2.587891
2.587891
2.573242
2.617188
2.612305
2.587891
2.563477
2.548828
2.539062
2.568359
2.514648
2.553711
2.568359
2.553711
2.602539
2.578125
2.543945
2.548828
2.587891
2.563477
2.568359
2.553711
2.607422
2.583008
2.602539
2.553711
2.578125
2.597656
2.558594
2.578125
2.597656
2.524414
2.602539
2.553711
2.558594
2.592773
2.543945
2.568359
2.543945
2.592773
2.563477
2.568359
2.578125
2.558594
2.573242
2.543945
2.563477
2.563477
2.553711
2.543945
2.553711
2.548828
2.568359
2.548828
2.539062
2.539062
2.543945
2.519531
2.539062
2.534180
2.534180
2.548828
2.578125
2.558594
2.529297
2.558594
2.563477
2.573242
2.558594
2.558594
2.558594
2.578125
2.563477
2.568359
2.553711
2.578125
2.563477
2.543945
2.539062
2.558594
2.543945
2.539062
2.534180
2.553711
2.534180
2.534180
2.543945
2.583008
2.534180
2.524414
2.573242
2.553711
2.558594
2.529297
2.578125
2.543945
2.543945
2.514648
2.480469
2.514648
2.558594
2.524414
2.519531
2.524414
2.548828
2.543945
2.539062
2.534180
2.543945
2.597656
2.568359
2.558594
2.617188
2.583008
2.592773
2.558594
2.548828
2.553711
2.553711
2.568359
2.578125
2.529297
2.568359
2.519531
2.519531
2.548828
2.514648
2.539062
2.543945
2.543945
2.529297
2.563477
2.519531
2.534180
2.539062
2.543945
2.514648
2.563477
2.524414
2.529297
2.534180
2.539062
2.539062
2.568359
2.558594
2.548828
2.563477
2.514648
2.553711
2.539062
2.563477
2.548828
2.548828
2.548828
2.543945
2.553711
2.553711
2.568359
2.592773
2.568359
2.573242
2.553711
2.553711
2.553711
2.504883
2.543945
2.543945
2.543945
2.529297
2.539062
2.529297
2.514648
2.519531
2.548828
2.495117
2.578125
2.529297
2.534180
2.509766
2.539062
2.573242
2.529297
2.548828
2.553711
2.524414
2.529297
2.539062
2.519531
2.558594
2.539062
2.519531
2.539062
2.539062
2.553711
2.529297
2.543945
2.534180
2.543945
2.543945
2.539062
2.539062
2.539062
2.553711
2.558594
2.539062
2.553711
2.578125
2.534180
2.563477
2.548828
2.558594
2.534180
2.548828
2.553711
2.519531
2.519531
2.553711
2.514648
2.539062
2.543945
2.553711
2.563477
2.553711
2.548828
2.553711
2.543945
2.553711
2.553711
2.583008
2.587891
2.583008
2.573242
2.592773
2.578125
2.568359
2.568359
2.602539
2.578125
2.587891
2.578125
2.602539
2.602539
2.529297
2.539062
2.539062
2.587891
2.597656
2.573242
2.636719
2.578125
2.626953
2.568359
2.573242
2.602539
2.573242
2.568359
2.578125
2.578125
2.534180
2.534180
2.558594
2.553711
2.529297
2.534180
2.563477
2.573242
2.563477
2.578125
2.573242
2.587891
2.602539
2.602539
2.558594
2.573242
2.573242
2.578125
2.583008
2.578125
2.573242
2.573242
2.578125
2.548828
2.587891
2.543945
2.597656
2.524414
2.592773
2.563477
2.563477
2.578125
2.548828
2.578125
2.583008
2.558594
2.553711
2.553711
2.587891
2.553711
2.504883
2.558594
2.558594
2.563477
2.583008
2.558594
2.534180
2.587891
2.543945
2.553711
2.519531
2.514648
2.529297
2.534180
2.539062
2.548828
2.543945
2.578125
2.578125
2.563477
2.563477
2.568359
2.583008
2.543945
2.548828
2.558594
2.553711
2.578125
2.539062
2.543945
2.553711
2.563477
2.553711
2.539062
2.553711
2.548828
2.548828
2.534180
2.543945
2.553711
2.553711
2.529297
2.553711
2.543945
2.539062
2.568359
2.504883
2.558594
2.558594
2.509766
2.548828
2.563477
2.524414
2.529297
2.534180
2.524414
2.563477
2.519531
2.558594
2.534180
2.553711
2.583008
2.573242
2.553711
2.573242
2.573242
2.568359
2.548828
2.563477
2.563477
2.558594
2.548828
2.558594
2.534180
2.539062
2.578125
2.548828
2.553711
2.534180
2.539062
2.548828
2.543945
2.558594
2.539062
2.519531
2.534180
2.529297
2.553711
2.568359
2.519531
2.524414
2.529297
2.543945
2.539062
2.558594
2.514648
2.553711
2.548828
2.534180
2.529297
2.543945
2.539062
2.543945
2.568359
2.539062
2.568359
2.568359
2.563477
2.553711
2.607422
2.563477
2.553711
2.563477
2.539062
2.553711
2.553711
2.539062
2.563477
2.558594
2.534180
2.509766
2.539062
2.534180
2.543945
2.495117
2.519531
2.519531
2.534180
2.543945
2.534180
2.548828
2.543945
2.495117
2.553711
2.509766
2.553711
2.553711
2.539062
2.553711
2.519531
2.553711
2.539062
2.514648
2.563477
2.539062
2.563477
2.548828
2.548828
2.563477
2.543945
2.553711
2.543945
2.543945
2.563477
2.539062
2.539062
2.568359
2.539062
2.558594
2.597656
2.587891
2.553711
2.558594
2.539062
2.558594
2.563477
2.529297
2.558594
2.539062
2.534180
2.539062
2.563477
2.543945
2.592773
2.539062
2.597656
2.607422
2.583008
2.578125
2.597656
2.573242
2.583008
2.587891
2.568359
2.578125
2.607422
2.592773
2.607422
2.602539
2.568359
2.573242
2.587891
2.617188
2.602539
2.543945
2.597656
2.597656
2.573242
2.602539
2.534180
2.607422
2.592773
2.612305
2.612305
2.563477
2.607422
2.573242
2.587891
2.617188
2.548828
2.558594
2.514648
2.514648
2.548828
2.553711
2.573242
2.597656
2.597656
2.597656
2.573242
2.587891
2.568359
2.573242
2.597656
2.539062
2.592773
2.563477
2.553711
2.578125
2.592773
2.583008
2.548828
2.558594
2.583008
2.553711
2.568359
2.539062
2.563477
2.553711
2.539062
2.602539
2.578125
2.568359
2.568359
2.539062
2.568359
2.563477
2.578125
2.543945
2.548828
2.583008
2.573242
2.548828
2.563477
2.553711
2.573242
2.539062
2.548828
2.529297
2.539062
2.524414
2.509766
2.529297
2.529297
2.504883
2.558594
2.558594
2.563477
2.553711
2.543945
2.587891
2.543945
2.543945
2.587891
2.558594
2.573242
2.539062
2.558594
2.534180
2.548828
2.568359
2.558594
2.543945
2.548828
2.539062
2.553711
2.543945
2.563477
2.553711
2.558594
2.548828
2.534180
2.524414
2.539062
2.553711
2.519531
2.548828
2.563477
2.539062
2.514648
2.529297
2.548828
2.524414
2.563477
2.548828
2.534180
2.568359
2.548828
2.583008
2.529297
2.548828
2.563477
2.534180
2.578125
2.607422
2.524414
2.607422
2.573242
2.539062
2.583008
2.548828
2.553711
2.558594
2.539062
2.539062
2.543945
2.558594
2.563477
2.548828
2.563477
2.553711
2.529297
2.573242
2.558594
2.534180
2.558594
2.529297
2.539062
2.539062
2.553711
2.558594
2.558594
2.524414
2.529297
2.573242
2.524414
2.543945
2.558594
2.534180
2.543945
2.548828
2.563477
2.548828
2.529297
2.573242
2.558594
2.563477
2.534180
2.558594
2.578125
2.587891
2.597656
2.573242
2.573242
2.548828
2.563477
2.548828
2.534180
2.534180
2.509766
2.524414
2.500000
2.558594
2.509766
2.548828
2.514648
2.534180
2.509766
2.504883
2.534180
2.543945
2.524414
2.519531
2.519531
2.534180
2.514648
2.529297
2.539062
2.548828
2.519531
2.548828
2.543945
2.548828
2.563477
2.553711
2.529297
2.548828
2.553711
2.543945
2.553711
2.558594
2.558594
2.534180
2.543945
2.543945
2.543945
2.529297
2.558594
2.558594
2.573242
2.563477
2.558594
2.543945
2.529297
2.558594
2.548828
2.500000
2.514648
2.543945
2.534180
2.543945
2.558594
2.553711
2.543945
2.578125
2.573242
2.568359
2.578125
2.548828
2.578125
2.592773
2.587891
2.587891
2.602539
2.602539
2.617188
2.578125
2.602539
2.587891
2.612305
2.597656
2.578125
2.592773
2.607422
2.602539
2.573242
2.568359
2.592773
2.587891
2.583008
2.568359
2.597656
2.612305
2.636719
2.597656
2.587891
2.558594
2.607422
2.563477
2.568359
2.558594
2.529297
2.548828
2.553711
2.543945
2.587891
2.558594
2.583008
2.583008
2.592773
2.568359
2.597656
2.553711
2.578125
2.573242
