1.713867
1.455078
1.176758
0.966797
0.869141
0.878906
0.981445
1.240234
1.665039
2.124023
2.690430
3.261719
3.857422
4.399414
4.814453
5.136719
5.283203
5.283203
5.029297
4.594727
4.077148
3.393555
2.675781
1.928711
1.264648
0.664062
0.205078
-0.073242
-0.146484
-0.107422
0.180664
0.566406
1.088867
1.660156
2.260742
2.812500
3.344727
3.735352
4.018555
4.184570
4.218750
4.145508
3.994141
3.715820
3.457031
3.134766
2.822266
2.641602
2.553711
2.514648
2.558594
2.563477
2.568359
2.563477
2.534180
2.553711
2.583008
2.573242
2.558594
2.558594
2.558594
2.573242
2.558594
2.563477
2.592773
2.587891
2.578125
2.583008
2.558594
2.539062
2.524414
2.524414
2.514648
2.529297
2.568359
2.500000
2.480469
2.490234
2.504883
2.529297
2.514648
2.534180
2.524414
2.539062
2.514648
2.553711
2.553711
2.529297
2.534180
2.534180
2.539062
2.529297
2.539062
2.543945
2.543945
2.539062
2.543945
2.534180
2.563477
2.543945
2.548828
2.563477
2.529297
2.539062
2.553711
2.558594
2.548828
2.548828
2.548828
2.563477
2.553711
2.553711
2.539062
2.573242
2.553711
2.539062
2.553711
2.563477
2.529297
2.534180
2.543945
2.539062
2.543945
2.534180
2.573242
2.514648
2.578125
2.568359
2.543945
2.573242
2.548828
2.553711
2.587891
2.573242
2.563477
2.563477
2.573242
2.578125
2.583008
2.573242
2.568359
2.587891
2.587891
2.587891
2.607422
2.597656
2.622070
2.631836
2.612305
2.612305
2.587891
2.607422
2.617188
2.597656
2.568359
2.602539
2.602539
2.578125
2.578125
2.568359
2.553711
2.592773
2.568359
2.617188
2.548828
2.534180
2.558594
2.563477
2.553711
2.573242
2.563477
2.578125
2.583008
2.573242
2.568359
2.558594
2.573242
2.587891
2.592773
2.573242
2.563477
2.558594
2.548828
2.553711
2.568359
2.563477
2.578125
2.587891
2.578125
2.587891
2.548828
2.602539
2.558594
2.548828
2.602539
2.558594
2.548828
2.583008
2.539062
2.578125
2.563477
2.573242
2.573242
2.529297
2.568359
2.558594
2.568359
2.568359
2.519531
2.553711
2.539062
2.573242
2.519531
2.519531
2.519531
2.539062
2.543945
2.519531
2.539062
2.558594
2.539062
2.558594
2.553711
2.548828
2.573242
2.548828
2.558594
2.568359
2.558594
2.587891
2.534180
2.573242
2.539062
2.558594
2.543945
2.558594
2.553711
2.539062
2.558594
2.563477
2.524414
2.543945
2.573242
2.539062
2.548828
2.553711
2.548828
2.514648
2.519531
2.539062
2.573242
2.539062
2.548828
2.563477
2.539062
2.529297
2.524414
2.539062
2.534180
2.558594
2.524414
2.519531
2.563477
2.534180
2.539062
2.568359
2.583008
2.592773
2.592773
2.573242
2.573242
2.578125
2.568359
2.548828
2.578125
2.573242
2.539062
2.573242
2.558594
2.519531
2.543945
2.543945
2.543945
2.558594
2.578125
2.514648
2.539062
2.543945
2.568359
2.543945
2.543945
2.534180
2.558594
2.573242
2.578125
2.519531
2.543945
2.539062
2.558594
2.573242
2.543945
2.558594
2.548828
2.558594
2.578125
2.553711
2.578125
2.558594
2.553711
2.553711
2.558594
2.553711
2.563477
2.558594
2.587891
2.573242
2.607422
2.573242
2.583008
2.568359
2.529297
2.534180
2.524414
2.534180
2.558594
2.529297
2.539062
2.529297
2.543945
2.558594
2.529297
2.553711
2.539062
2.539062
2.534180
2.529297
2.519531
2.534180
2.534180
2.524414
2.563477
2.543945
2.558594
2.553711
2.534180
2.563477
2.543945
2.543945
2.573242
2.534180
2.543945
2.578125
2.539062
2.563477
2.543945
2.578125
2.558594
2.529297
2.553711
2.548828
2.553711
2.578125
2.553711
2.568359
2.534180
2.558594
2.524414
2.509766
2.529297
2.578125
2.519531
2.553711
2.568359
2.539062
2.553711
2.563477
2.558594
2.563477
2.558594
2.563477
2.578125
2.587891
2.563477
2.602539
2.563477
2.568359
2.587891
2.578125
2.597656
2.612305
2.568359
2.573242
2.612305
2.597656
2.578125
2.592773
2.553711
2.592773
2.622070
2.573242
2.587891
2.568359
2.597656
2.592773
2.597656
2.597656
2.568359
2.602539
2.602539
2.568359
2.583008
2.597656
2.563477
2.583008
2.563477
2.558594
2.553711
2.563477
2.524414
2.578125
2.563477
2.563477
2.587891
2.587891
2.612305
2.573242
2.587891
2.602539
2.578125
2.578125
2.563477
2.563477
2.573242
2.597656
2.592773
2.543945
2.578125
2.568359
2.568359
2.626953
2.592773
2.568359
2.553711
2.573242
2.587891
2.524414
2.587891
2.592773
2.568359
2.568359
2.563477
2.534180
2.597656
2.558594
2.558594
2.553711
2.553711
2.553711
2.548828
2.539062
2.558594
2.548828
2.543945
2.534180
2.509766
2.534180
2.514648
2.539062
2.524414
2.539062
2.553711
2.539062
2.573242
2.548828
2.568359
2.578125
2.548828
2.558594
2.578125
2.578125
2.558594
2.568359
2.563477
2.558594
2.543945
2.568359
2.563477
2.553711
2.553711
2.543945
2.524414
2.553711
2.539062
2.519531
2.539062
2.539062
2.539062
2.573242
2.548828
2.553711
2.539062
2.543945
2.553711
2.539062
2.519531
2.563477
2.563477
2.539062
2.524414
2.543945
2.543945
2.519531
2.524414
2.514648
2.548828
2.558594
2.583008
2.607422
2.573242
2.553711
2.578125
2.543945
2.568359
2.587891
2.539062
2.553711
2.568359
2.602539
2.553711
2.573242
2.534180
2.558594
2.539062
2.543945
2.543945
2.553711
2.553711
2.539062
2.578125
2.558594
2.534180
2.548828
2.558594
2.558594
2.553711
2.563477
2.548828
2.548828
2.568359
2.583008
2.558594
2.587891
2.563477
2.563477
2.592773
2.524414
2.539062
2.553711
2.548828
2.563477
2.568359
2.539062
2.573242
2.573242
2.612305
2.587891
2.578125
2.587891
2.573242
2.573242
2.553711
2.539062
2.519531
2.534180
2.558594
2.519531
2.578125
2.519531
2.524414
2.524414
2.519531
2.509766
2.553711
2.558594
2.587891
2.563477
2.539062
2.548828
2.534180
2.543945
2.563477
2.519531
2.558594
2.548828
2.534180
2.568359
2.529297
2.578125
2.558594
2.539062
2.558594
2.553711
2.558594
2.539062
2.543945
2.558594
2.573242
2.543945
2.578125
2.543945
2.548828
2.558594
2.573242
2.558594
2.563477
2.553711
2.578125
2.539062
2.558594
2.568359
2.548828
2.539062
2.543945
2.529297
2.563477
2.543945
2.553711
2.553711
2.539062
2.563477
2.563477
2.563477
2.573242
2.563477
2.563477
2.587891
2.597656
2.553711
2.578125
2.578125
2.553711
2.592773
2.587891
2.617188
2.592773
2.592773
2.563477
2.587891
2.607422
2.543945
2.592773
2.583008
2.573242
2.592773
2.573242
2.592773
2.539062
2.558594
2.534180
2.612305
2.587891
2.587891
2.543945
2.573242
2.548828
2.534180
2.529297
2.573242
2.529297
2.553711
2.539062
2.573242
2.563477
2.558594
2.558594
2.578125
2.539062
2.617188
2.548828
2.558594
2.568359
2.563477
2.587891
2.568359
2.573242
2.597656
2.568359
2.539062
2.578125
2.568359
2.553711
2.543945
2.558594
2.558594
2.578125
2.568359
2.563477
2.563477
2.543945
2.548828
2.543945
2.543945
2.539062
2.558594
2.553711
2.563477
2.534180
2.529297
2.543945
2.553711
2.529297
2.563477
2.563477
2.548828
2.534180
2.543945
2.524414
2.529297
2.529297
2.534180
2.539062
2.558594
2.539062
2.543945
2.543945
2.568359
2.534180
2.573242
2.563477
2.568359
2.553711
2.539062
2.548828
2.534180
2.558594
2.534180
2.558594
2.534180
2.553711
2.524414
2.539062
2.558594
2.553711
2.548828
2.548828
2.539062
2.553711
2.543945
2.539062
2.543945
2.529297
2.524414
2.563477
2.543945
2.519531
2.529297
2.509766
2.514648
2.485352
2.539062
2.524414
2.563477
2.553711
2.543945
2.519531
2.578125
2.612305
2.602539
2.563477
2.558594
2.568359
2.558594
2.573242
2.568359
2.534180
2.558594
2.529297
2.539062
2.534180
2.534180
2.568359
2.558594
2.563477
2.558594
2.524414
2.563477
2.563477
2.553711
2.543945
2.500000
2.548828
2.514648
2.578125
2.534180
2.539062
2.529297
2.548828
2.548828
2.563477
2.524414
2.539062
2.543945
2.519531
2.495117
2.529297
2.529297
2.553711
2.553711
2.534180
2.543945
2.563477
2.583008
2.534180
2.573242
2.607422
2.573242
2.597656
2.573242
2.578125
2.534180
2.573242
2.514648
2.524414
2.524414
2.534180
2.539062
2.543945
2.529297
2.543945
2.534180
2.534180
2.524414
2.548828
2.519531
2.529297
2.524414
2.539062
2.553711
2.534180
2.543945
2.529297
2.543945
2.558594
2.524414
2.539062
2.543945
2.543945
2.558594
2.534180
2.548828
2.543945
2.534180
2.539062
2.539062
2.548828
2.539062
2.548828
2.543945
2.534180
2.578125
2.553711
2.514648
2.514648
2.543945
2.583008
2.553711
2.563477
2.558594
2.514648
2.534180
2.534180
2.543945
2.534180
2.543945
2.558594
2.548828
2.553711
2.553711
2.563477
2.558594
2.597656
2.553711
2.573242
2.553711
2.587891
2.563477
2.563477
2.587891
2.583008
2.583008
2.563477
2.568359
2.578125
2.583008
2.583008
2.583008
2.573242
2.553711
2.592773
2.568359
2.563477
2.587891
2.587891
2.563477
2.578125
2.563477
2.548828
2.612305
2.587891
2.568359
2.602539
2.597656
2.563477
2.592773
2.553711
2.509766
2.524414
2.553711
2.558594
2.548828
2.568359
2.583008
2.539062
2.573242
2.563477
2.558594
2.568359
2.597656
2.587891
2.583008
2.573242
2.578125
2.583008
2.548828
2.548828
2.583008
2.568359
2.558594
2.573242
2.548828
2.573242
2.563477
2.539062
2.573242
2.539062
2.558594
2.543945
2.543945
2.558594
2.519531
2.573242
2.548828
2.553711
2.578125
2.543945
2.548828
2.558594
2.558594
2.563477
2.558594
2.558594
2.573242
2.539062
2.514648
2.509766
2.509766
2.539062
2.534180
2.539062
2.558594
2.543945
2.563477
2.558594
2.548828
2.548828
2.558594
2.553711
2.563477
2.553711
2.558594
2.534180
2.558594
2.548828
2.553711
2.548828
2.563477
2.558594
2.543945
2.539062
2.573242
2.529297
2.548828
2.558594
2.519531
2.543945
2.548828
2.534180
2.529297
2.563477
2.558594
2.543945
2.553711
2.563477
2.529297
2.558594
2.563477
2.543945
2.534180
2.514648
2.543945
2.519531
2.543945
2.529297
2.587891
2.534180
2.553711
2.573242
2.578125
2.578125
2.617188
2.597656
2.573242
2.548828
2.578125
2.563477
2.583008
2.548828
2.539062
2.543945
2.534180
2.534180
2.558594
2.543945
2.539062
2.534180
2.539062
2.592773
2.558594
2.558594
2.573242
2.558594
2.553711
2.539062
2.573242
2.539062
2.519531
2.543945
2.534180
2.558594
2.539062
2.519531
2.519531
2.539062
2.539062
2.539062
2.558594
2.534180
2.558594
2.539062
2.543945
2.548828
2.558594
2.553711
2.558594
2.548828
2.573242
2.578125
2.553711
2.534180
2.543945
2.548828
2.519531
2.519531
2.548828
2.504883
2.548828
2.514648
2.524414
2.534180
2.504883
2.504883
2.519531
2.539062
2.514648
2.553711
2.509766
2.548828
2.524414
2.529297
2.543945
2.539062
2.563477
2.539062
2.504883
2.529297
2.543945
2.524414
2.558594
2.543945
2.568359
2.578125
2.539062
2.578125
2.563477
2.548828
2.573242
2.553711
2.534180
2.534180
2.573242
2.568359
2.558594
2.568359
2.529297
2.568359
2.548828
2.543945
2.548828
2.563477
2.553711
2.543945
2.514648
2.524414
2.539062
2.534180
2.558594
2.563477
2.543945
2.563477
2.578125
2.578125
2.563477
2.583008
2.592773
2.607422
2.587891
2.597656
2.558594
2.587891
2.612305
2.578125
2.607422
2.587891
2.592773
2.573242
2.573242
2.573242
2.607422
2.578125
2.612305
2.617188
2.597656
2.573242
2.602539
2.578125
2.597656
2.578125
2.597656
2.568359
2.612305
2.592773
2.578125
2.573242
2.592773
2.539062
2.548828
2.519531
2.539062
2.548828
2.558594
2.573242
2.578125
2.587891
2.587891
2.583008
2.602539
2.539062
2.597656
2.563477
2.548828
2.602539
2.583008
2.597656
2.578125
2.539062
2.607422
2.543945
2.563477
2.583008
2.543945
2.534180
2.583008
2.573242
2.578125
2.548828
2.534180
2.597656
2.548828
2.558594
2.529297
2.563477
2.529297
2.568359
2.539062
2.548828
2.578125
2.563477
2.534180
2.543945
2.539062
2.568359
2.529297
2.539062
2.514648
2.519531
2.475586
2.514648
2.504883
2.514648
2.529297
2.519531
2.553711
2.548828
2.553711
2.558594
2.539062
2.539062
2.548828
2.543945
2.548828
2.548828
2.529297
2.534180
2.539062
2.534180
2.558594
2.573242
2.529297
2.485352
2.514648
2.539062
2.519531
2.548828
2.558594
2.509766
2.514648
2.519531
2.529297
2.539062
2.529297
2.534180
2.504883
2.534180
2.539062
2.534180
2.539062
2.519531
2.529297
2.500000
2.543945
2.529297
2.519531
2.534180
2.514648
2.548828
2.543945
2.553711
2.563477
2.597656
2.568359
2.573242
2.548828
2.534180
2.592773
2.558594
2.543945
2.534180
2.529297
2.534180
2.548828
2.519531
2.553711
2.539062
2.539062
2.519531
2.519531
2.529297
2.504883
2.529297
2.534180
2.519531
2.558594
2.514648
2.553711
2.514648
2.543945
2.563477
2.558594
2.509766
2.543945
2.534180
2.553711
2.500000
2.548828
2.543945
2.553711
2.529297
2.568359
2.543945
2.573242
2.587891
2.548828
2.558594
2.548828
2.578125
2.602539
2.553711
2.602539
2.573242
2.583008
2.539062
2.524414
2.495117
2.519531
2.529297
2.519531
2.558594
2.539062
2.519531
2.500000
2.529297
2.534180
2.519531
2.558594
2.529297
2.524414
2.543945
2.509766
2.543945
2.529297
2.543945
2.539062
2.553711
2.529297
2.558594
2.534180
2.543945
2.543945
2.534180
2.534180
2.543945
2.534180
2.543945
2.539062
2.534180
2.563477
2.534180
2.553711
2.558594
2.563477
2.548828
2.558594
2.543945
2.543945
2.578125
2.548828
2.563477
2.548828
2.548828
2.573242
2.490234
2.534180
2.529297
2.539062
2.543945
2.558594
2.548828
2.558594
2.548828
2.563477
2.568359
2.578125
2.573242
2.558594
2.553711
2.592773
2.583008
2.573242
2.573242
2.597656
2.607422
2.583008
2.539062
2.597656
2.602539
2.558594
2.602539
2.602539
2.592773
2.597656
2.597656
2.597656
2.568359
2.573242
2.612305
2.597656
2.558594
2.607422
2.563477
2.617188
2.597656
2.568359
2.617188
2.578125
2.573242
2.553711
2.568359
2.529297
2.534180
2.553711
2.578125
2.558594
2.563477
2.558594
2.568359
2.587891
2.587891
2.583008
2.592773
2.602539
2.578125
2.592773
2.597656
2.553711
2.578125
2.563477
2.543945
2.568359
2.568359
2.563477
2.573242
2.578125
2.587891
2.553711
2.597656
2.553711
2.568359
2.563477
2.573242
2.563477
2.597656
2.568359
2.573242
2.543945
2.553711
2.573242
2.553711
2.573242
2.543945
2.558594
2.553711
2.548828
2.539062
2.543945
2.500000
2.534180
2.553711
2.524414
2.543945
2.548828
2.548828
2.583008
2.553711
2.568359
2.548828
2.558594
2.553711
2.553711
2.558594
2.573242
2.553711
2.558594
2.543945
2.553711
2.548828
2.524414
2.548828
2.553711
2.543945
2.553711
2.558594
2.539062
2.539062
2.534180
2.529297
2.558594
2.558594
2.500000
2.524414
2.553711
2.539062
2.509766
2.524414
2.524414
2.534180
2.524414
2.534180
2.500000
2.534180
2.539062
2.519531
2.534180
2.509766
2.539062
2.543945
2.563477
2.578125
2.558594
2.558594
2.573242
2.583008
2.578125
2.568359
2.548828
2.563477
2.534180
2.543945
2.529297
2.514648
2.524414
2.524414
2.534180
2.524414
2.534180
2.563477
2.500000
2.519531
2.558594
2.573242
2.529297
2.534180
2.543945
2.524414
2.514648
2.568359
2.529297
2.539062
2.529297
2.543945
2.529297
2.563477
2.563477
2.539062
2.558594
2.548828
2.553711
2.539062
2.539062
2.543945
2.558594
2.543945
2.539062
2.543945
2.529297
2.563477
2.578125
2.558594
2.578125
2.563477
2.563477
2.519531
2.524414
2.578125
2.504883
2.563477
2.495117
2.500000
2.519531
2.519531
2.500000
2.500000
2.519531
2.548828
2.514648
2.534180
2.524414
2.514648
2.524414
2.514648
2.558594
2.514648
2.514648
2.539062
2.519531
2.568359
2.524414
2.558594
2.519531
2.519531
2.573242
2.563477
2.558594
2.529297
2.548828
2.534180
2.524414
2.543945
2.548828
2.543945
2.539062
2.539062
2.543945
2.534180
2.573242
2.543945
2.568359
2.514648
2.548828
2.539062
2.524414
2.539062
2.519531
2.543945
2.563477
2.539062
2.553711
2.563477
2.534180
2.558594
2.539062
2.558594
2.543945
2.543945
2.553711
2.573242
2.578125
2.592773
2.553711
2.548828
2.563477
2.548828
2.597656
2.592773
2.597656
2.607422
2.568359
2.558594
2.568359
2.592773
2.607422
2.583008
2.568359
2.573242
2.563477
2.592773
2.563477
2.583008
2.592773
2.558594
2.607422
2.553711
2.592773
2.597656
2.597656
2.539062
2.529297
2.519531
2.529297
2.534180
2.573242
2.553711
2.558594
2.583008
2.558594
2.553711
2.587891
2.587891
2.573242
2.578125
2.583008
2.583008
2.553711
2.553711
2.548828
2.578125
2.539062
2.578125
2.529297
2.597656
2.573242
2.573242
2.553711
2.529297
2.592773
2.519531
2.587891
2.548828
2.548828
2.597656
2.553711
2.529297
2.534180
2.578125
2.539062
2.543945
2.539062
2.514648
2.553711
2.548828
2.529297
2.563477
2.539062
2.534180
2.539062
2.524414
2.529297
2.534180
2.553711
2.543945
2.558594
2.539062
2.558594
2.558594
2.592773
2.563477
2.578125
2.573242
2.568359
2.539062
2.553711
2.534180
2.553711
2.548828
2.548828
2.548828
2.563477
2.553711
2.548828
2.553711
2.529297
2.543945
2.543945
2.558594
2.548828
2.534180
2.558594
2.563477
2.573242
2.553711
2.529297
2.539062
2.509766
2.500000
2.529297
2.548828
2.534180
2.568359
2.519531
2.524414
2.563477
2.514648
2.529297
2.543945
2.504883
2.543945
2.592773
2.597656
2.573242
2.553711
2.563477
2.534180
2.543945
2.578125
2.573242
2.558594
2.573242
2.548828
2.529297
2.534180
2.529297
2.558594
2.563477
2.519531
2.519531
2.539062
2.543945
2.553711
2.578125
2.534180
2.553711
2.529297
2.563477
2.534180
2.519531
2.543945
2.553711
2.548828
2.534180
2.539062
2.519531
2.519531
2.573242
2.534180
2.548828
2.543945
2.553711
2.543945
2.553711
2.539062
2.573242
2.553711
2.573242
2.563477
2.539062
2.592773
2.578125
2.568359
2.558594
2.548828
2.519531
2.509766
2.500000
2.514648
2.504883
2.529297
2.485352
2.539062
2.539062
2.514648
2.519531
2.524414
2.509766
2.509766
2.534180
2.543945
2.534180
2.524414
2.548828
2.519531
2.534180
2.524414
2.534180
2.524414
2.543945
2.524414
2.563477
2.529297
2.558594
2.563477
2.524414
2.543945
2.539062
2.553711
2.543945
2.539062
2.558594
2.524414
2.583008
2.553711
2.543945
2.553711
2.558594
2.563477
2.548828
2.573242
2.543945
2.543945
2.534180
2.543945
2.548828
2.553711
2.558594
2.514648
2.534180
2.543945
2.529297
2.553711
2.539062
2.548828
2.543945
2.592773
2.597656
2.578125
2.558594
2.587891
2.573242
2.558594
2.597656
2.573242
2.583008
2.607422
2.578125
2.573242
2.563477
2.587891
2.597656
2.597656
2.592773
2.612305
2.558594
2.587891
2.578125
2.597656
2.602539
2.587891
2.578125
2.612305
2.573242
2.543945
2.592773
2.568359
2.587891
2.558594
2.587891
2.578125
2.553711
2.553711
2.495117
2.558594
2.534180
2.558594
2.553711
2.558594
2.548828
2.568359
2.583008
2.558594
2.573242
2.587891
2.578125
2.563477
2.568359
2.558594
2.587891
2.578125
2.563477
2.568359
2.558594
2.602539
2.558594
2.583008
2.548828
2.529297
2.563477
2.558594
2.563477
2.602539
2.558594
2.563477
2.548828
2.543945
2.592773
2.543945
2.519531
2.573242
2.563477
2.583008
2.534180
2.553711
2.524414
2.558594
2.563477
2.534180
2.543945
2.500000
2.500000
2.500000
2.539062
2.539062
2.543945
2.558594
2.558594
2.534180
2.563477
2.548828
2.548828
2.578125
2.563477
2.558594
2.558594
2.573242
2.558594
2.539062
2.543945
2.558594
2.548828
2.543945
2.548828
2.563477
2.539062
2.548828
2.539062
2.553711
2.524414
2.534180
2.543945
2.539062
2.548828
2.539062
2.548828
2.509766
2.548828
2.539062
2.539062
2.534180
2.534180
2.548828
2.524414
2.524414
2.529297
2.534180
2.534180
2.548828
2.514648
2.548828
2.543945
2.573242
2.583008
2.563477
2.534180
2.607422
2.548828
2.592773
2.553711
2.578125
2.534180
2.548828
2.558594
2.583008
2.558594
2.529297
2.578125
2.534180
2.553711
2.543945
2.543945
2.573242
2.548828
2.548828
2.524414
2.543945
2.563477
2.504883
2.539062
2.558594
2.558594
2.524414
2.534180
