1.943359
1.601562
1.328125
1.093750
0.917969
0.883789
0.942383
1.127930
1.416016
1.860352
2.353516
2.963867
3.525391
4.077148
4.575195
4.956055
5.205078
5.258789
5.141602
4.838867
4.345703
3.769531
3.061523
2.314453
1.635742
0.957031
0.458984
0.053711
-0.126953
-0.151367
-0.019531
0.332031
0.761719
1.318359
1.914062
2.500000
3.061523
3.500977
3.872070
4.130859
4.218750
4.223633
4.106445
3.906250
3.642578
3.310547
3.022461
2.763672
2.587891
2.543945
2.553711
2.548828
2.539062
2.529297
2.543945
2.534180
2.519531
2.524414
2.529297
2.558594
2.587891
2.524414
2.539062
2.529297
2.543945
2.529297
2.514648
2.539062
2.548828
2.504883
2.534180
2.539062
2.543945
2.587891
2.519531
2.543945
2.558594
2.539062
2.543945
2.543945
2.568359
2.548828
2.539062
2.578125
2.563477
2.558594
2.553711
2.558594
2.558594
2.573242
2.553711
2.548828
2.553711
2.548828
2.568359
2.529297
2.563477
2.524414
2.539062
2.543945
2.602539
2.504883
2.519531
2.519531
2.529297
2.539062
2.543945
2.519531
2.553711
2.553711
2.539062
2.563477
2.558594
2.573242
2.587891
2.592773
2.578125
2.597656
2.558594
2.573242
2.607422
2.607422
2.587891
2.592773
2.548828
2.558594
2.617188
2.583008
2.612305
2.607422
2.612305
2.617188
2.563477
2.563477
2.578125
2.607422
2.592773
2.578125
2.617188
2.573242
2.622070
2.563477
2.573242
2.617188
2.563477
2.539062
2.543945
2.514648
2.519531
2.539062
2.573242
2.568359
2.563477
2.597656
2.587891
2.563477
2.578125
2.612305
2.553711
2.578125
2.578125
2.568359
2.587891
2.583008
2.578125
2.573242
2.587891
2.563477
2.539062
2.573242
2.563477
2.612305
2.568359
2.558594
2.568359
2.617188
2.553711
2.578125
2.563477
2.563477
2.592773
2.558594
2.548828
2.607422
2.534180
2.592773
2.534180
2.563477
2.587891
2.568359
2.553711
2.597656
2.519531
2.553711
2.539062
2.509766
2.534180
2.524414
2.539062
2.558594
2.553711
2.563477
2.578125
2.539062
2.583008
2.563477
2.558594
2.553711
2.543945
2.563477
2.568359
2.558594
2.543945
2.553711
2.558594
2.553711
2.573242
2.553711
2.543945
2.563477
2.529297
2.529297
2.539062
2.529297
2.553711
2.573242
2.553711
2.519531
2.534180
2.534180
2.534180
2.524414
2.524414
2.539062
2.529297
2.534180
2.568359
2.558594
2.495117
2.529297
2.529297
2.534180
2.519531
2.504883
2.563477
2.597656
2.592773
2.597656
2.578125
2.592773
2.548828
2.573242
2.578125
2.543945
2.548828
2.539062
2.534180
2.553711
2.548828
2.534180
2.543945
2.543945
2.543945
2.558594
2.563477
2.548828
2.548828
2.553711
2.543945
2.568359
2.504883
2.558594
2.548828
2.543945
2.558594
2.558594
2.539062
2.558594
2.563477
2.529297
2.558594
2.529297
2.543945
2.558594
2.553711
2.558594
2.543945
2.553711
2.548828
2.578125
2.553711
2.578125
2.539062
2.553711
2.597656
2.597656
2.573242
2.578125
2.573242
2.553711
2.548828
2.529297
2.509766
2.519531
2.519531
2.519531
2.524414
2.534180
2.558594
2.514648
2.539062
2.514648
2.543945
2.529297
2.539062
2.524414
2.543945
2.519531
2.524414
2.548828
2.573242
2.543945
2.524414
2.543945
2.543945
2.529297
2.548828
2.553711
2.563477
2.553711
2.539062
2.563477
2.573242
2.563477
2.553711
2.558594
2.534180
2.543945
2.578125
2.548828
2.563477
2.563477
2.548828
2.558594
2.553711
2.553711
2.563477
2.553711
2.543945
2.548828
2.543945
2.509766
2.529297
2.543945
2.539062
2.534180
2.534180
2.563477
2.553711
2.548828
2.573242
2.578125
2.587891
2.592773
2.587891
2.573242
2.573242
2.563477
2.568359
2.587891
2.617188
2.548828
2.553711
2.558594
2.568359
2.587891
2.602539
2.597656
2.602539
2.602539
2.597656
2.617188
2.607422
2.578125
2.607422
2.617188
2.602539
2.587891
2.573242
2.597656
2.597656
2.578125
2.573242
2.587891
2.568359
2.558594
2.514648
2.514648
2.553711
2.548828
2.558594
2.587891
2.578125
2.592773
2.558594
2.597656
2.548828
2.578125
2.563477
2.568359
2.553711
2.587891
2.543945
2.558594
2.592773
2.607422
2.578125
2.578125
2.558594
2.578125
2.543945
2.597656
2.573242
2.587891
2.563477
2.558594
2.543945
2.602539
2.553711
2.558594
2.578125
2.563477
2.563477
2.573242
2.573242
2.548828
2.553711
2.514648
2.553711
2.563477
2.529297
2.568359
2.558594
2.534180
2.539062
2.514648
2.539062
2.539062
2.543945
2.578125
2.563477
2.553711
2.568359
2.529297
2.563477
2.548828
2.553711
2.568359
2.563477
2.548828
2.558594
2.568359
2.568359
2.548828
2.558594
2.548828
2.539062
2.568359
2.529297
2.553711
2.543945
2.543945
2.534180
2.519531
2.558594
2.558594
2.558594
2.558594
2.543945
2.558594
2.587891
2.543945
2.524414
2.524414
2.534180
2.519531
2.548828
2.524414
2.543945
2.558594
2.514648
2.553711
2.539062
2.529297
2.558594
2.563477
2.558594
2.592773
2.587891
2.597656
2.578125
2.573242
2.578125
2.597656
2.563477
2.607422
2.539062
2.543945
2.543945
2.607422
2.539062
2.568359
2.539062
2.543945
2.534180
2.548828
2.534180
2.524414
2.543945
2.578125
2.524414
2.573242
2.543945
2.563477
2.534180
2.543945
2.519531
2.578125
2.548828
2.553711
2.524414
2.573242
2.553711
2.539062
2.578125
2.563477
2.548828
2.524414
2.563477
2.553711
2.548828
2.563477
2.539062
2.578125
2.587891
2.607422
2.597656
2.597656
2.587891
2.563477
2.568359
2.539062
2.553711
2.558594
2.529297
2.543945
2.524414
2.548828
2.509766
2.548828
2.509766
2.524414
2.519531
2.524414
2.519531
2.548828
2.543945
2.539062
2.543945
2.529297
2.543945
2.553711
2.553711
2.543945
2.529297
2.539062
2.519531
2.543945
2.524414
2.529297
2.543945
2.529297
2.529297
2.524414
2.539062
2.587891
2.563477
2.534180
2.553711
2.563477
2.558594
2.568359
2.573242
2.568359
2.568359
2.573242
2.558594
2.534180
2.553711
2.548828
2.514648
2.543945
2.509766
2.553711
2.529297
2.553711
2.563477
2.548828
2.568359
2.563477
2.543945
2.553711
2.573242
2.583008
2.548828
2.597656
2.568359
2.578125
2.573242
2.583008
2.578125
2.578125
2.583008
2.592773
2.587891
2.583008
2.612305
2.607422
2.597656
2.539062
2.543945
2.587891
2.597656
2.612305
2.602539
2.607422
2.602539
2.573242
2.578125
2.602539
2.587891
2.597656
2.597656
2.573242
2.563477
2.568359
2.524414
2.529297
2.543945
2.568359
2.563477
2.573242
2.583008
2.558594
2.592773
2.583008
2.592773
2.563477
2.558594
2.548828
2.578125
2.563477
2.597656
2.543945
2.587891
2.583008
2.563477
2.597656
2.573242
2.578125
2.568359
2.563477
2.543945
2.573242
2.622070
2.563477
2.563477
2.558594
2.612305
2.558594
2.578125
2.578125
2.539062
2.548828
2.563477
2.583008
2.573242
2.553711
2.558594
2.563477
2.573242
2.553711
2.587891
2.524414
2.524414
2.504883
2.514648
2.534180
2.548828
2.573242
2.563477
2.543945
2.587891
2.563477
2.529297
2.563477
2.543945
2.543945
2.573242
2.573242
2.597656
2.548828
2.563477
2.563477
2.578125
2.543945
2.583008
2.529297
2.553711
2.553711
2.543945
2.529297
2.553711
2.558594
2.529297
2.534180
2.524414
2.553711
2.490234
2.519531
2.529297
2.534180
2.553711
2.539062
2.539062
2.553711
2.524414
2.539062
2.543945
2.578125
2.553711
2.558594
2.539062
2.563477
2.519531
2.592773
2.573242
2.612305
2.573242
2.553711
2.607422
2.578125
2.568359
2.543945
2.568359
2.553711
2.524414
2.519531
2.543945
2.539062
2.573242
2.548828
2.553711
2.539062
2.543945
2.558594
2.514648
2.529297
2.553711
2.558594
2.514648
2.563477
2.573242
2.553711
2.534180
2.573242
2.568359
2.539062
2.558594
2.543945
2.543945
2.563477
2.558594
2.553711
2.553711
2.563477
2.543945
2.553711
2.548828
2.548828
2.558594
2.543945
2.573242
2.592773
2.578125
2.617188
2.573242
2.568359
2.573242
2.558594
2.573242
2.578125
2.519531
2.548828
2.500000
2.568359
2.524414
2.524414
2.524414
2.524414
2.534180
2.539062
2.519531
2.558594
2.534180
2.534180
2.534180
2.519531
2.553711
2.519531
2.548828
2.548828
2.524414
2.539062
2.558594
2.548828
2.539062
2.558594
2.543945
2.543945
2.558594
2.558594
2.543945
2.568359
2.539062
2.543945
2.563477
2.558594
2.553711
2.558594
2.563477
2.563477
2.568359
2.539062
2.583008
2.563477
2.534180
2.553711
2.539062
2.543945
2.539062
2.500000
2.558594
2.548828
2.553711
2.534180
2.543945
2.558594
2.543945
2.607422
2.539062
2.587891
2.543945
2.578125
2.578125
2.607422
2.578125
2.602539
2.587891
2.602539
2.578125
2.573242
2.563477
2.568359
2.558594
2.534180
2.607422
2.573242
2.578125
2.587891
2.626953
2.592773
2.573242
2.597656
2.607422
2.583008
2.587891
2.592773
2.568359
2.568359
2.558594
2.592773
2.626953
2.597656
2.558594
2.548828
2.543945
2.539062
2.529297
2.553711
2.578125
2.568359
2.573242
2.578125
2.592773
2.583008
2.563477
2.592773
2.558594
2.612305
2.568359
2.543945
2.587891
2.573242
2.573242
2.602539
2.558594
2.573242
2.597656
2.568359
2.578125
2.553711
2.563477
2.592773
2.548828
2.602539
2.524414
2.563477
2.578125
2.539062
2.573242
2.592773
2.539062
2.558594
2.553711
2.578125
2.548828
2.553711
2.568359
2.534180
2.573242
2.558594
2.519531
2.553711
2.558594
2.573242
2.548828
2.553711
2.534180
2.558594
2.587891
2.548828
2.578125
2.558594
2.553711
2.568359
2.548828
2.548828
2.563477
2.548828
2.529297
2.573242
2.539062
2.558594
2.543945
2.539062
2.529297
2.558594
2.539062
2.553711
2.519531
2.548828
2.563477
2.519531
2.563477
2.534180
2.529297
2.524414
2.543945
2.524414
2.548828
2.553711
2.553711
2.519531
2.548828
2.524414
2.519531
2.548828
2.563477
2.573242
2.553711
2.524414
2.534180
2.524414
2.587891
2.539062
2.602539
2.602539
2.592773
2.573242
2.583008
2.563477
2.587891
2.568359
2.558594
2.563477
2.514648
2.568359
2.558594
2.548828
2.563477
2.534180
2.592773
2.534180
2.514648
2.524414
2.543945
2.558594
2.548828
2.524414
2.485352
2.548828
2.529297
2.539062
2.568359
2.543945
2.524414
2.553711
2.529297
2.524414
2.563477
2.558594
2.529297
2.568359
2.563477
2.553711
2.519531
2.568359
2.558594
2.543945
2.553711
2.534180
2.543945
2.553711
2.548828
2.597656
2.587891
2.563477
2.534180
2.543945
2.509766
2.578125
2.524414
2.524414
2.519531
2.504883
2.519531
2.524414
2.558594
2.514648
2.553711
2.553711
2.500000
2.524414
2.543945
2.534180
2.563477
2.509766
2.548828
2.500000
2.534180
2.534180
2.534180
2.519531
2.543945
2.548828
2.534180
2.529297
2.539062
2.524414
2.548828
2.539062
2.543945
2.539062
2.534180
2.543945
2.543945
2.563477
2.543945
2.553711
2.558594
2.578125
2.578125
2.558594
2.548828
2.553711
2.563477
2.534180
2.558594
2.524414
2.553711
2.563477
2.514648
2.553711
2.539062
2.524414
2.553711
2.563477
2.543945
2.568359
2.568359
2.563477
2.563477
2.587891
2.558594
2.587891
2.592773
2.563477
2.573242
2.578125
2.587891
2.597656
2.597656
2.563477
2.578125
2.563477
2.563477
2.587891
2.568359
2.578125
2.583008
2.602539
2.597656
2.578125
2.573242
2.592773
2.592773
2.578125
2.612305
2.597656
2.563477
2.563477
2.583008
2.592773
2.543945
2.553711
2.539062
2.543945
2.568359
2.548828
2.539062
2.558594
2.592773
2.602539
2.563477
2.563477
2.558594
2.553711
2.587891
2.592773
2.563477
2.587891
2.587891
2.553711
2.573242
2.504883
2.558594
2.553711
2.578125
2.592773
2.548828
2.573242
2.534180
2.563477
2.548828
2.573242
2.524414
2.543945
2.539062
2.553711
2.597656
2.553711
2.558594
2.548828
2.563477
2.548828
2.563477
2.548828
2.548828
2.568359
2.539062
2.558594
2.543945
2.539062
2.543945
2.509766
2.519531
2.514648
2.548828
2.563477
2.543945
2.553711
2.558594
2.568359
2.558594
2.563477
2.573242
2.529297
2.563477
2.524414
2.568359
2.548828
2.534180
2.548828
2.539062
2.534180
2.543945
2.534180
2.548828
2.558594
2.529297
2.534180
2.543945
2.534180
2.543945
2.543945
2.558594
2.568359
2.534180
2.553711
2.563477
2.558594
2.553711
2.534180
2.514648
2.587891
2.573242
2.563477
2.519531
2.509766
2.558594
2.539062
2.534180
2.539062
2.553711
2.563477
2.563477
2.558594
2.607422
2.617188
2.558594
2.597656
2.563477
2.558594
2.573242
2.578125
2.539062
2.543945
2.529297
2.534180
2.548828
2.519531
2.509766
2.524414
2.524414
2.529297
2.548828
2.539062
2.553711
2.539062
2.534180
2.543945
2.558594
2.519531
2.543945
2.529297
2.539062
2.558594
2.514648
2.553711
2.553711
2.558594
2.529297
2.534180
2.548828
2.548828
2.548828
2.583008
2.514648
2.539062
2.553711
2.558594
2.558594
2.558594
2.563477
2.578125
2.607422
2.563477
2.573242
2.553711
2.558594
2.514648
2.539062
2.514648
2.553711
2.519531
2.529297
2.558594
2.568359
2.509766
2.514648
2.509766
2.548828
2.548828
2.553711
2.514648
2.509766
2.548828
2.529297
2.529297
2.539062
2.543945
2.509766
2.548828
2.548828
2.529297
2.558594
2.539062
2.529297
2.548828
2.548828
2.539062
2.539062
2.553711
2.548828
2.534180
2.543945
2.548828
2.563477
2.563477
2.529297
2.543945
2.558594
2.548828
2.563477
2.563477
2.553711
2.539062
2.539062
2.563477
2.558594
2.524414
2.490234
2.548828
2.519531
2.524414
2.568359
2.539062
2.573242
2.563477
2.573242
2.548828
2.563477
2.563477
2.587891
2.587891
2.578125
2.563477
2.548828
2.578125
2.578125
2.563477
2.578125
2.587891
2.597656
2.578125
2.573242
2.607422
2.587891
2.592773
2.573242
2.617188
2.612305
2.583008
2.573242
2.578125
2.597656
2.563477
2.563477
2.631836
2.563477
2.558594
2.558594
2.573242
2.558594
2.553711
2.519531
2.539062
2.548828
2.558594
2.548828
2.602539
2.563477
2.602539
2.553711
2.607422
2.592773
2.583008
2.583008
2.587891
2.597656
2.568359
2.563477
2.573242
2.563477
2.573242
2.553711
2.587891
2.568359
2.558594
2.597656
2.587891
2.592773
2.563477
2.602539
2.543945
2.587891
2.553711
2.563477
2.558594
2.568359
2.578125
2.573242
2.543945
2.578125
2.548828
2.543945
2.563477
2.563477
2.558594
2.548828
2.553711
2.534180
2.539062
2.524414
2.519531
2.529297
2.514648
2.539062
2.543945
2.568359
2.583008
2.553711
2.587891
2.519531
2.509766
2.524414
2.543945
2.558594
2.548828
2.553711
2.558594
2.558594
2.558594
2.553711
2.539062
2.543945
2.563477
2.539062
2.548828
2.553711
2.534180
2.539062
2.563477
2.558594
2.539062
2.543945
2.543945
2.548828
2.524414
2.539062
2.534180
2.519531
2.553711
2.539062
2.543945
2.534180
2.539062
2.534180
2.534180
2.558594
2.524414
2.519531
2.553711
2.543945
2.573242
2.573242
2.592773
2.558594
2.553711
2.612305
2.543945
2.568359
2.592773
2.548828
2.553711
2.563477
2.539062
2.548828
2.553711
2.573242
2.553711
2.558594
2.543945
2.539062
2.534180
2.534180
2.524414
2.553711
2.534180
2.543945
2.529297
2.553711
2.548828
2.539062
2.563477
2.568359
2.548828
2.563477
2.534180
2.539062
2.543945
2.548828
2.539062
2.553711
2.553711
2.524414
2.558594
2.529297
2.543945
2.539062
2.539062
2.548828
2.578125
2.573242
2.558594
2.617188
2.583008
2.573242
2.553711
2.529297
2.534180
2.524414
2.514648
2.534180
2.500000
2.529297
2.509766
2.519531
2.529297
2.519531
2.524414
2.519531
2.534180
2.563477
2.509766
2.529297
2.529297
2.504883
2.548828
2.548828
2.548828
2.592773
2.504883
2.539062
2.548828
2.563477
2.539062
2.553711
2.573242
2.543945
2.553711
2.558594
2.519531
2.548828
2.558594
2.563477
2.558594
2.587891
2.524414
2.553711
2.553711
2.553711
2.534180
2.543945
2.553711
2.553711
2.539062
2.573242
2.578125
2.524414
2.534180
2.529297
2.514648
2.543945
2.539062
2.568359
2.534180
2.543945
2.573242
2.558594
2.583008
2.573242
2.524414
2.592773
2.573242
2.543945
2.612305
2.578125
2.587891
2.573242
2.583008
2.578125
2.578125
2.539062
2.578125
2.578125
2.583008
2.578125
2.583008
2.587891
2.592773
2.573242
2.587891
2.612305
2.597656
2.602539
2.558594
2.592773
2.602539
2.602539
2.597656
2.592773
2.597656
2.553711
2.529297
2.519531
2.534180
2.539062
2.553711
2.587891
2.578125
2.539062
2.607422
2.578125
2.539062
2.558594
2.597656
2.573242
2.578125
2.578125
2.583008
2.553711
2.587891
2.578125
2.578125
2.597656
2.583008
2.568359
2.578125
2.548828
2.597656
2.583008
2.553711
2.573242
2.612305
2.543945
2.548828
2.563477
2.548828
2.592773
2.543945
2.563477
2.568359
2.558594
2.568359
2.524414
2.563477
2.548828
2.543945
2.539062
2.539062
2.592773
2.534180
2.514648
2.519531
2.543945
2.509766
2.548828
2.529297
2.558594
2.539062
2.543945
2.592773
2.543945
2.543945
2.563477
2.548828
2.568359
2.548828
2.563477
2.553711
2.558594
2.529297
2.539062
2.543945
2.543945
2.558594
2.543945
2.553711
2.524414
2.534180
2.553711
2.548828
2.558594
2.539062
2.529297
2.583008
2.504883
2.534180
2.543945
2.543945
2.548828
2.529297
2.539062
2.524414
2.558594
2.573242
2.553711
2.543945
2.539062
2.534180
2.539062
2.509766
2.548828
2.539062
2.558594
2.558594
2.568359
2.587891
2.524414
2.578125
2.587891
2.529297
2.553711
2.539062
2.539062
2.553711
2.553711
2.543945
2.563477
2.558594
2.553711
2.514648
2.563477
2.524414
2.563477
2.534180
2.509766
2.543945
2.568359
2.509766
2.539062
2.509766
2.529297
2.529297
2.563477
2.534180
2.539062
2.529297
2.563477
2.553711
2.543945
2.514648
2.539062
2.543945
2.539062
2.548828
2.573242
2.548828
2.563477
2.563477
2.539062
2.553711
2.578125
2.597656
2.587891
2.558594
2.558594
2.563477
2.534180
2.543945
2.558594
2.504883
2.539062
2.514648
2.500000
2.553711
2.490234
2.539062
2.534180
2.509766
2.548828
2.514648
2.524414
2.529297
2.534180
2.563477
2.563477
2.539062
2.539062
2.519531
2.539062
2.558594
2.529297
2.548828
2.519531
2.543945
2.514648
2.539062
2.539062
2.539062
2.534180
2.563477
2.543945
2.558594
2.524414
2.558594
2.548828
2.543945
2.568359
2.548828
2.568359
2.563477
2.558594
2.583008
2.524414
2.553711
2.519531
2.490234
2.524414
2.539062
2.519531
2.524414
2.548828
2.563477
2.568359
2.573242
2.548828
2.558594
2.553711
2.578125
2.539062
2.568359
2.568359
2.578125
2.558594
2.568359
2.587891
2.563477
2.602539
2.573242
2.568359
2.563477
2.587891
2.568359
2.607422
2.563477
2.543945
2.563477
2.592773
2.558594
2.578125
2.592773
2.573242
2.597656
2.573242
2.578125
2.568359
2.597656
2.553711
2.558594
2.563477
2.568359
2.543945
2.558594
2.529297
2.524414
2.539062
2.539062
2.548828
2.592773
2.563477
2.548828
2.597656
2.587891
2.558594
2.568359
2.558594
2.592773
2.573242
2.553711
2.563477
2.563477
2.573242
2.607422
2.553711
2.573242
2.558594
2.573242
2.558594
2.597656
2.548828
2.563477
2.548828
2.602539
2.548828
2.592773
2.553711
2.558594
2.553711
2.534180
2.563477
2.563477
2.568359
2.548828
2.539062
2.548828
2.539062
2.573242
2.558594
2.534180
2.563477
2.514648
2.524414
2.539062
2.519531
2.539062
2.519531
2.553711
2.519531
2.587891
2.587891
2.558594
2.553711
2.578125
2.558594
2.573242
2.558594
2.543945
2.568359
2.519531
2.578125
2.573242
2.573242
2.558594
2.539062
2.568359
2.529297
2.534180
2.563477
2.524414
2.534180
2.543945
2.553711
2.539062
2.514648
2.548828
2.543945
2.534180
2.553711
2.519531
2.519531
2.558594
2.539062
2.548828
2.583008
2.568359
2.500000
2.534180
2.524414
2.514648
2.543945
2.543945
2.519531
2.568359
2.592773
2.592773
2.578125
2.573242
2.563477
2.563477
2.587891
2.568359
2.583008
2.553711
2.543945
2.543945
2.524414
2.529297
2.558594
2.539062
2.529297
2.539062
2.529297
2.558594
2.534180
2.514648
2.553711
2.543945
2.534180
2.534180
2.519531
2.504883
2.519531
2.548828
2.548828
2.543945
2.534180
2.553711
2.534180
2.543945
2.534180
2.539062
2.524414
2.539062
2.534180
2.524414
2.524414
2.563477
2.529297
2.539062
2.539062
2.578125
2.568359
2.578125
2.543945
2.553711
