1.870117
1.562500
1.245117
0.991211
0.859375
0.839844
0.917969
1.147461
1.499023
1.914062
2.480469
3.032227
3.657227
4.179688
4.702148
5.034180
5.263672
5.253906
5.097656
4.775391
4.262695
3.652344
2.939453
2.192383
1.513672
0.878906
0.385742
0.024414
-0.166016
-0.146484
0.029297
0.380859
0.859375
1.386719
1.962891
2.548828
3.125000
3.574219
3.916016
4.135742
4.218750
4.179688
4.062500
3.847656
3.520508
3.242188
2.939453
2.651367
2.558594
2.529297
2.490234
2.553711
2.529297
2.597656
2.539062
2.578125
2.568359
2.563477
2.568359
2.548828
2.534180
2.543945
2.539062
2.534180
2.529297
2.539062
2.514648
2.529297
2.539062
2.519531
2.553711
2.563477
2.543945
2.514648
2.553711
2.514648
2.553711
2.548828
2.519531
2.509766
2.548828
2.548828
2.558594
2.519531
2.534180
2.529297
2.539062
2.553711
2.524414
2.529297
2.548828
2.529297
2.548828
2.548828
2.558594
2.529297
2.548828
2.534180
2.553711
2.558594
2.539062
2.563477
2.573242
2.583008
2.592773
2.578125
2.563477
2.563477
2.539062
2.529297
2.558594
2.558594
2.519531
2.524414
2.485352
2.519531
2.500000
2.514648
2.514648
2.509766
2.524414
2.519531
2.519531
2.519531
2.519531
2.534180
2.519531
2.539062
2.534180
2.543945
2.543945
2.519531
2.543945
2.529297
2.529297
2.529297
2.529297
2.539062
2.543945
2.539062
2.524414
2.558594
2.524414
2.543945
2.543945
2.543945
2.548828
2.529297
2.563477
2.539062
2.573242
2.524414
2.534180
2.578125
2.529297
2.524414
2.509766
2.504883
2.534180
2.514648
2.539062
2.514648
2.539062
2.558594
2.534180
2.563477
2.553711
2.558594
2.573242
2.573242
2.587891
2.573242
2.578125
2.573242
2.568359
2.578125
2.622070
2.563477
2.539062
2.539062
2.558594
2.592773
2.563477
2.514648
2.539062
2.587891
2.573242
2.592773
2.597656
2.592773
2.539062
2.558594
2.578125
2.563477
2.583008
2.592773
2.573242
2.578125
2.553711
2.568359
2.568359
2.568359
2.539062
2.524414
2.553711
2.529297
2.539062
2.543945
2.578125
2.558594
2.568359
2.578125
2.553711
2.553711
2.568359
2.568359
2.529297
2.553711
2.563477
2.578125
2.578125
2.578125
2.529297
2.548828
2.563477
2.548828
2.553711
2.558594
2.573242
2.558594
2.524414
2.524414
2.563477
2.578125
2.558594
2.534180
2.583008
2.534180
2.548828
2.543945
2.553711
2.558594
2.548828
2.543945
2.573242
2.534180
2.573242
2.534180
2.543945
2.548828
2.539062
2.539062
2.509766
2.519531
2.509766
2.534180
2.524414
2.578125
2.563477
2.563477
2.548828
2.539062
2.539062
2.534180
2.543945
2.529297
2.553711
2.568359
2.543945
2.524414
2.548828
2.524414
2.553711
2.543945
2.539062
2.553711
2.563477
2.534180
2.534180
2.543945
2.558594
2.553711
2.553711
2.548828
2.519531
2.539062
2.539062
2.543945
2.519531
2.539062
2.529297
2.534180
2.529297
2.534180
2.524414
2.509766
2.524414
2.534180
2.529297
2.568359
2.519531
2.509766
2.539062
2.587891
2.592773
2.568359
2.573242
2.553711
2.563477
2.553711
2.583008
2.553711
2.548828
2.563477
2.563477
2.519531
2.558594
2.529297
2.553711
2.548828
2.558594
2.539062
2.548828
2.529297
2.514648
2.524414
2.524414
2.563477
2.543945
2.568359
2.529297
2.583008
2.529297
2.543945
2.548828
2.534180
2.539062
2.568359
2.543945
2.573242
2.548828
2.514648
2.553711
2.519531
2.563477
2.568359
2.563477
2.563477
2.539062
2.587891
2.529297
2.568359
2.563477
2.578125
2.553711
2.578125
2.578125
2.543945
2.563477
2.543945
2.529297
2.519531
2.514648
2.529297
2.558594
2.495117
2.524414
2.534180
2.543945
2.524414
2.529297
2.558594
2.534180
2.509766
2.534180
2.524414
2.553711
2.534180
2.519531
2.524414
2.548828
2.539062
2.553711
2.534180
2.543945
2.529297
2.558594
2.573242
2.553711
2.543945
2.548828
2.539062
2.524414
2.558594
2.583008
2.558594
2.568359
2.553711
2.543945
2.553711
2.558594
2.529297
2.543945
2.548828
2.539062
2.563477
2.543945
2.514648
2.534180
2.543945
2.519531
2.539062
2.548828
2.578125
2.529297
2.534180
2.534180
2.558594
2.558594
2.548828
2.558594
2.548828
2.578125
2.543945
2.539062
2.573242
2.592773
2.548828
2.573242
2.558594
2.573242
2.558594
2.558594
2.578125
2.573242
2.563477
2.553711
2.548828
2.563477
2.587891
2.573242
2.602539
2.578125
2.578125
2.607422
2.548828
2.568359
2.553711
2.612305
2.583008
2.558594
2.583008
2.563477
2.558594
2.543945
2.534180
2.558594
2.524414
2.578125
2.568359
2.558594
2.558594
2.558594
2.597656
2.592773
2.563477
2.583008
2.583008
2.553711
2.563477
2.553711
2.568359
2.558594
2.558594
2.563477
2.548828
2.548828
2.568359
2.553711
2.583008
2.539062
2.558594
2.578125
2.573242
2.558594
2.597656
2.558594
2.539062
2.592773
2.558594
2.563477
2.539062
2.539062
2.553711
2.553711
2.553711
2.568359
2.548828
2.524414
2.553711
2.543945
2.543945
2.524414
2.539062
2.558594
2.524414
2.553711
2.548828
2.558594
2.529297
2.534180
2.573242
2.543945
2.553711
2.529297
2.543945
2.548828
2.543945
2.553711
2.548828
2.553711
2.539062
2.524414
2.548828
2.534180
2.539062
2.534180
2.563477
2.534180
2.534180
2.568359
2.553711
2.529297
2.539062
2.519531
2.548828
2.539062
2.529297
2.539062
2.578125
2.548828
2.539062
2.539062
2.558594
2.500000
2.534180
2.563477
2.543945
2.543945
2.543945
2.558594
2.514648
2.553711
2.558594
2.539062
2.592773
2.587891
2.587891
2.534180
2.553711
2.602539
2.548828
2.558594
2.558594
2.548828
2.514648
2.558594
2.578125
2.534180
2.543945
2.548828
2.548828
2.500000
2.519531
2.543945
2.519531
2.539062
2.543945
2.514648
2.539062
2.500000
2.524414
2.543945
2.587891
2.514648
2.548828
2.534180
2.568359
2.529297
2.548828
2.563477
2.519531
2.514648
2.563477
2.558594
2.563477
2.543945
2.553711
2.539062
2.558594
2.539062
2.558594
2.568359
2.568359
2.548828
2.548828
2.568359
2.539062
2.539062
2.543945
2.514648
2.534180
2.509766
2.480469
2.485352
2.485352
2.543945
2.514648
2.500000
2.500000
2.514648
2.519531
2.534180
2.519531
2.500000
2.534180
2.534180
2.524414
2.504883
2.563477
2.514648
2.553711
2.514648
2.568359
2.548828
2.563477
2.548828
2.539062
2.558594
2.529297
2.543945
2.539062
2.543945
2.543945
2.529297
2.553711
2.529297
2.524414
2.539062
2.543945
2.543945
2.543945
2.563477
2.548828
2.553711
2.563477
2.534180
2.514648
2.563477
2.514648
2.519531
2.558594
2.563477
2.500000
2.548828
2.539062
2.548828
2.568359
2.573242
2.578125
2.573242
2.573242
2.543945
2.573242
2.597656
2.563477
2.587891
2.583008
2.583008
2.587891
2.597656
2.597656
2.597656
2.578125
2.558594
2.563477
2.573242
2.597656
2.587891
2.587891
2.602539
2.553711
2.578125
2.592773
2.558594
2.587891
2.568359
2.568359
2.597656
2.573242
2.568359
2.592773
2.543945
2.534180
2.548828
2.519531
2.543945
2.558594
2.534180
2.539062
2.563477
2.573242
2.602539
2.592773
2.558594
2.573242
2.592773
2.573242
2.543945
2.592773
2.607422
2.563477
2.563477
2.514648
2.553711
2.568359
2.568359
2.553711
2.553711
2.578125
2.553711
2.543945
2.529297
2.553711
2.539062
2.583008
2.568359
2.563477
2.558594
2.558594
2.539062
2.573242
2.543945
2.534180
2.553711
2.553711
2.519531
2.543945
2.543945
2.558594
2.529297
2.529297
2.500000
2.470703
2.504883
2.534180
2.534180
2.568359
2.558594
2.578125
2.529297
2.563477
2.558594
2.529297
2.543945
2.524414
2.568359
2.543945
2.529297
2.558594
2.539062
2.548828
2.543945
2.539062
2.509766
2.543945
2.539062
2.539062
2.524414
2.548828
2.514648
2.524414
2.543945
2.558594
2.543945
2.529297
2.514648
2.543945
2.524414
2.524414
2.539062
2.553711
2.529297
2.553711
2.534180
2.539062
2.553711
2.500000
2.504883
2.524414
2.519531
2.534180
2.543945
2.529297
2.592773
2.558594
2.524414
2.602539
2.592773
2.568359
2.563477
2.548828
2.534180
2.573242
2.553711
2.553711
2.534180
2.534180
2.524414
2.548828
2.548828
2.543945
2.539062
2.578125
2.529297
2.534180
2.529297
2.578125
2.529297
2.553711
2.539062
2.558594
2.592773
2.534180
2.539062
2.529297
2.543945
2.539062
2.534180
2.529297
2.539062
2.548828
2.543945
2.534180
2.548828
2.534180
2.563477
2.548828
2.553711
2.573242
2.553711
2.553711
2.587891
2.534180
2.563477
2.592773
2.539062
2.534180
2.543945
2.519531
2.534180
2.514648
2.495117
2.509766
2.509766
2.524414
2.509766
2.543945
2.529297
2.514648
2.548828
2.500000
2.509766
2.534180
2.495117
2.543945
2.529297
2.514648
2.519531
2.534180
2.539062
2.534180
2.543945
2.534180
2.553711
2.543945
2.539062
2.539062
2.543945
2.534180
2.553711
2.558594
2.568359
2.539062
2.543945
2.539062
2.548828
2.539062
2.553711
2.553711
2.563477
2.548828
2.573242
2.543945
2.534180
2.509766
2.500000
2.519531
2.539062
2.534180
2.558594
2.548828
2.587891
2.534180
2.534180
2.573242
2.519531
2.587891
2.587891
2.548828
2.563477
2.578125
2.563477
2.573242
2.583008
2.573242
2.573242
2.548828
2.543945
2.548828
2.529297
2.563477
2.539062
2.578125
2.573242
2.592773
2.583008
2.568359
2.563477
2.578125
2.573242
2.563477
2.592773
2.587891
2.558594
2.553711
2.573242
2.592773
2.578125
2.543945
2.553711
2.573242
2.563477
2.519531
2.548828
2.553711
2.553711
2.548828
2.534180
2.548828
2.563477
2.563477
2.563477
2.558594
2.578125
2.587891
2.578125
2.583008
2.583008
2.553711
2.563477
2.558594
2.553711
2.529297
2.548828
2.568359
2.563477
2.597656
2.543945
2.543945
2.563477
2.539062
2.553711
2.583008
2.524414
2.563477
2.539062
2.539062
2.539062
2.534180
2.543945
2.534180
2.529297
2.558594
2.529297
2.558594
2.534180
2.529297
2.514648
2.519531
2.519531
2.568359
2.539062
2.509766
2.558594
2.509766
2.548828
2.534180
2.558594
2.558594
2.543945
2.568359
2.548828
2.578125
2.558594
2.558594
2.558594
2.529297
2.524414
2.534180
2.534180
2.539062
2.529297
2.534180
2.548828
2.539062
2.539062
2.534180
2.524414
2.543945
2.534180
2.539062
2.534180
2.529297
2.543945
2.509766
2.514648
2.504883
2.539062
2.558594
2.524414
2.519531
2.539062
2.529297
2.504883
2.548828
2.495117
2.539062
2.509766
2.534180
2.500000
2.509766
2.534180
2.543945
2.578125
2.563477
2.583008
2.578125
2.568359
2.573242
2.534180
2.573242
2.543945
2.543945
2.509766
2.524414
2.553711
2.553711
2.509766
2.543945
2.509766
2.539062
2.558594
2.524414
2.553711
2.504883
2.539062
2.548828
2.514648
2.539062
2.534180
2.534180
2.534180
2.534180
2.553711
2.529297
2.568359
2.509766
2.543945
2.553711
2.529297
2.519531
2.543945
2.539062
2.553711
2.548828
2.553711
2.543945
2.539062
2.543945
2.534180
2.543945
2.583008
2.553711
2.558594
2.558594
2.558594
2.519531
2.553711
2.539062
2.539062
2.529297
2.534180
2.495117
2.548828
2.529297
2.509766
2.534180
2.529297
2.539062
2.509766
2.534180
2.558594
2.548828
2.553711
2.519531
2.534180
2.529297
2.519531
2.514648
2.514648
2.543945
2.543945
2.534180
2.529297
2.534180
2.519531
2.519531
2.534180
2.534180
2.558594
2.539062
2.534180
2.558594
2.534180
2.553711
2.543945
2.568359
2.553711
2.539062
2.548828
2.534180
2.543945
2.543945
2.529297
2.534180
2.534180
2.548828
2.529297
2.514648
2.563477
2.539062
2.539062
2.553711
2.558594
2.534180
2.558594
2.539062
2.563477
2.583008
2.578125
2.573242
2.558594
2.553711
2.568359
2.539062
2.568359
2.578125
2.578125
2.578125
2.568359
2.568359
2.553711
2.568359
2.573242
2.568359
2.592773
2.568359
2.558594
2.612305
2.602539
2.553711
2.602539
2.568359
2.553711
2.534180
2.563477
2.534180
2.578125
2.573242
2.573242
2.529297
2.553711
2.548828
2.529297
2.534180
2.524414
2.524414
2.543945
2.534180
2.563477
2.592773
2.568359
2.558594
2.553711
2.563477
2.568359
2.597656
2.548828
2.539062
2.553711
2.563477
2.597656
2.553711
2.553711
2.597656
2.602539
2.514648
2.583008
2.543945
2.553711
2.524414
2.558594
2.573242
2.539062
2.529297
2.602539
2.553711
2.534180
2.543945
2.578125
2.543945
2.534180
2.568359
2.558594
2.558594
2.553711
2.563477
2.543945
2.563477
2.543945
2.543945
2.500000
2.495117
2.534180
2.519531
2.519531
2.529297
2.568359
2.553711
2.539062
2.558594
2.568359
2.553711
2.539062
2.529297
2.548828
2.563477
2.548828
2.578125
2.529297
2.548828
2.553711
2.543945
2.529297
2.558594
2.573242
2.553711
2.553711
2.534180
2.514648
2.539062
2.543945
2.534180
2.558594
2.558594
2.543945
2.553711
2.543945
2.534180
2.539062
2.495117
2.524414
2.514648
2.534180
2.524414
2.514648
2.543945
2.519531
2.529297
2.539062
2.534180
2.539062
2.529297
2.558594
2.578125
2.568359
2.543945
2.553711
2.553711
2.548828
2.583008
2.543945
2.563477
2.543945
2.543945
2.553711
2.548828
2.534180
2.548828
2.529297
2.563477
2.524414
2.539062
2.539062
2.529297
2.509766
2.553711
2.548828
2.504883
2.539062
2.495117
2.509766
2.543945
2.534180
2.539062
2.539062
2.524414
2.539062
2.548828
2.539062
2.500000
2.514648
2.539062
2.529297
2.514648
2.524414
2.514648
2.548828
2.524414
2.578125
2.563477
2.563477
2.558594
2.573242
2.548828
2.534180
2.573242
2.500000
2.509766
2.543945
2.529297
2.504883
2.534180
2.514648
2.539062
2.509766
2.504883
2.495117
2.529297
2.480469
2.509766
2.553711
2.539062
2.539062
2.524414
2.519531
2.524414
2.548828
2.509766
2.514648
2.548828
2.504883
2.539062
2.524414
2.548828
2.539062
2.558594
2.514648
2.534180
2.524414
2.553711
2.519531
2.543945
2.529297
2.568359
2.519531
2.558594
2.543945
2.539062
2.573242
2.524414
2.573242
2.539062
2.543945
2.514648
2.539062
2.529297
2.485352
2.539062
2.543945
2.543945
2.543945
2.568359
2.543945
2.529297
2.539062
2.543945
2.534180
2.543945
2.568359
2.568359
2.578125
2.573242
2.573242
2.578125
2.543945
2.539062
2.548828
2.587891
2.573242
2.587891
2.568359
2.587891
2.548828
2.534180
2.583008
2.539062
2.587891
2.548828
2.578125
2.548828
2.578125
2.602539
2.592773
2.573242
2.553711
2.587891
2.548828
2.568359
2.529297
2.583008
2.553711
2.553711
2.519531
2.548828
2.539062
2.568359
2.548828
2.558594
2.587891
2.553711
2.529297
2.573242
2.558594
2.534180
2.563477
2.539062
2.563477
2.548828
2.587891
2.539062
2.568359
2.583008
2.573242
2.568359
2.558594
2.583008
2.548828
2.563477
2.529297
2.529297
2.553711
2.592773
2.543945
2.553711
2.529297
2.529297
2.514648
2.534180
2.553711
2.543945
2.568359
2.553711
2.563477
2.534180
2.534180
2.583008
2.548828
2.534180
2.539062
2.543945
2.514648
2.553711
2.524414
2.509766
2.529297
2.543945
2.534180
2.558594
2.563477
2.553711
2.558594
2.534180
2.534180
2.548828
2.543945
2.573242
2.558594
2.539062
2.563477
2.529297
2.539062
2.539062
2.553711
2.539062
2.548828
2.543945
2.519531
2.534180
2.529297
2.514648
2.543945
2.534180
2.514648
2.529297
2.539062
2.514648
2.543945
2.524414
2.500000
2.529297
2.519531
2.519531
2.524414
2.509766
2.529297
2.543945
2.519531
2.534180
2.539062
2.539062
2.514648
2.558594
2.553711
2.558594
2.578125
2.568359
2.587891
2.534180
2.587891
2.558594
2.539062
2.539062
2.573242
2.519531
2.539062
2.539062
2.519531
2.539062
2.543945
2.524414
2.539062
2.524414
2.519531
2.539062
2.529297
2.553711
2.509766
2.519531
2.509766
2.514648
2.534180
2.509766
2.534180
2.539062
2.524414
2.548828
2.524414
2.529297
2.529297
2.524414
2.543945
2.519531
2.553711
2.539062
2.534180
2.519531
2.548828
2.568359
2.524414
2.534180
2.558594
2.553711
2.583008
2.587891
2.548828
2.524414
2.529297
2.495117
2.514648
2.500000
2.524414
2.539062
2.509766
2.480469
2.519531
2.509766
2.504883
2.543945
2.480469
2.490234
2.519531
2.534180
2.519531
2.504883
2.524414
2.500000
2.539062
2.495117
2.548828
2.500000
2.509766
2.490234
2.514648
2.529297
2.539062
2.539062
2.529297
2.553711
2.548828
2.539062
2.543945
2.543945
2.529297
2.529297
2.534180
2.534180
2.558594
2.534180
2.543945
2.558594
2.558594
2.529297
2.514648
2.558594
2.490234
2.534180
2.558594
2.509766
2.543945
2.524414
2.529297
2.519531
2.563477
2.548828
2.529297
2.553711
2.543945
2.534180
2.558594
2.553711
2.563477
2.568359
2.587891
2.573242
2.548828
2.558594
2.563477
2.568359
2.529297
2.573242
2.519531
2.583008
2.543945
2.534180
2.553711
2.553711
2.578125
2.543945
2.553711
2.563477
2.529297
2.583008
2.563477
2.534180
2.578125
2.568359
2.514648
2.548828
2.563477
2.519531
2.548828
2.543945
2.534180
2.558594
2.524414
2.524414
2.548828
2.553711
2.553711
2.548828
2.543945
2.578125
2.563477
2.548828
2.563477
2.563477
2.558594
2.573242
2.563477
2.539062
2.578125
2.563477
2.563477
2.563477
2.563477
2.563477
2.553711
2.539062
2.558594
2.583008
2.578125
2.548828
2.563477
2.539062
2.548828
2.534180
2.558594
2.519531
2.578125
2.543945
2.539062
2.524414
2.548828
2.558594
2.553711
2.558594
2.548828
2.539062
2.543945
2.529297
2.509766
2.529297
2.529297
2.534180
2.529297
2.553711
2.563477
2.563477
2.583008
2.543945
2.578125
2.524414
2.553711
2.548828
2.543945
2.534180
2.543945
2.539062
2.563477
2.539062
2.534180
2.524414
2.539062
2.529297
2.539062
2.529297
2.514648
2.514648
2.553711
2.529297
2.529297
2.519531
2.539062
2.534180
2.524414
2.548828
2.534180
2.519531
2.524414
2.529297
2.543945
2.539062
2.524414
2.519531
2.543945
2.524414
2.519531
2.534180
2.543945
2.500000
2.539062
2.543945
2.558594
2.553711
2.592773
2.583008
2.583008
2.558594
2.543945
2.553711
2.534180
2.558594
2.519531
2.548828
2.534180
2.529297
2.534180
2.519531
2.539062
2.543945
2.548828
2.534180
2.529297
2.519531
2.524414
2.543945
2.524414
2.539062
2.519531
2.548828
2.509766
2.543945
2.514648
2.534180
2.543945
2.529297
2.553711
2.558594
2.529297
2.539062
2.514648
2.553711
2.543945
2.539062
2.548828
2.534180
2.563477
2.587891
2.553711
2.548828
2.558594
2.592773
2.558594
2.563477
2.529297
2.548828
2.539062
2.534180
2.504883
2.539062
2.543945
2.500000
2.534180
2.519531
2.548828
2.529297
2.529297
2.519531
2.543945
2.514648
2.543945
2.529297
2.529297
2.509766
2.543945
2.529297
2.519531
2.524414
2.539062
2.524414
2.524414
2.543945
2.519531
2.539062
2.539062
2.534180
2.529297
2.529297
2.514648
2.543945
2.539062
2.524414
2.539062
2.548828
2.534180
2.543945
2.539062
2.543945
2.568359
2.548828
2.578125
2.524414
2.553711
2.563477
2.514648
2.524414
2.514648
2.495117
2.539062
2.534180
2.534180
2.553711
2.543945
2.573242
2.548828
2.558594
2.548828
2.558594
2.558594
2.558594
2.563477
2.563477
2.558594
2.578125
2.583008
2.563477
2.587891
2.578125
2.592773
2.592773
2.543945
2.563477
2.563477
2.563477
2.548828
2.553711
2.587891
2.578125
2.543945
2.568359
2.568359
2.578125
2.553711
2.553711
2.573242
2.568359
2.578125
2.578125
2.543945
2.573242
2.558594
2.529297
2.495117
2.524414
2.553711
2.509766
2.568359
2.519531
2.573242
2.548828
2.548828
2.558594
2.534180
2.578125
2.578125
2.539062
2.568359
2.553711
2.548828
2.543945
2.553711
2.548828
2.553711
2.519531
2.539062
2.543945
2.583008
2.563477
2.524414
2.539062
2.578125
2.543945
2.543945
2.553711
2.524414
2.563477
2.543945
2.534180
2.553711
2.539062
2.529297
2.553711
2.534180
2.548828
2.563477
2.543945
2.539062
2.519531
2.509766
2.539062
2.509766
2.509766
2.514648
2.529297
2.519531
2.539062
2.529297
2.534180
2.548828
2.548828
2.534180
2.514648
2.573242
2.534180
2.539062
2.553711
2.543945
2.548828
2.524414
2.534180
2.534180
2.548828
2.568359
2.553711
2.548828
2.529297
2.553711
2.529297
2.529297
2.519531
2.514648
2.534180
2.514648
2.543945
2.539062
2.514648
2.539062
2.519531
2.524414
2.519531
2.543945
2.519531
2.519531
2.519531
2.539062
2.529297
