1.835938
1.547852
1.245117
1.015625
0.957031
0.903320
0.996094
1.215820
1.552734
2.045898
2.534180
3.164062
3.730469
4.267578
4.736328
5.078125
5.234375
5.253906
5.063477
4.711914
4.189453
3.549805
2.846680
2.070312
1.376953
0.815430
0.283203
-0.009766
-0.180664
-0.102539
0.083008
0.454102
0.952148
1.494141
2.065430
2.680664
3.212891
3.647461
3.979492
4.179688
4.213867
4.179688
4.062500
3.779297
3.540039
3.222656
2.919922
2.675781
2.587891
2.514648
2.558594
2.563477
2.558594
2.568359
2.539062
2.563477
2.553711
2.539062
2.534180
2.524414
2.504883
2.519531
2.534180
2.509766
2.539062
2.519531
2.548828
2.534180
2.509766
2.543945
2.509766
2.524414
2.543945
2.548828
2.485352
2.573242
2.519531
2.529297
2.553711
2.524414
2.558594
2.548828
2.534180
2.529297
2.583008
2.548828
2.587891
2.534180
2.558594
2.563477
2.534180
2.548828
2.543945
2.534180
2.558594
2.539062
2.539062
2.553711
2.548828
2.509766
2.573242
2.543945
2.514648
2.563477
2.558594
2.529297
2.514648
2.534180
2.539062
2.519531
2.558594
2.524414
2.539062
2.529297
2.548828
2.558594
2.553711
2.534180
2.573242
2.597656
2.592773
2.578125
2.578125
2.578125
2.607422
2.587891
2.578125
2.583008
2.558594
2.607422
2.587891
2.568359
2.573242
2.553711
2.587891
2.607422
2.558594
2.568359
2.573242
2.597656
2.592773
2.607422
2.592773
2.578125
2.573242
2.592773
2.607422
2.578125
2.592773
2.587891
2.568359
2.514648
2.543945
2.519531
2.558594
2.529297
2.578125
2.583008
2.592773
2.573242
2.578125
2.583008
2.548828
2.592773
2.548828
2.573242
2.558594
2.573242
2.563477
2.543945
2.592773
2.543945
2.543945
2.607422
2.519531
2.548828
2.553711
2.563477
2.553711
2.548828
2.563477
2.578125
2.563477
2.558594
2.578125
2.563477
2.548828
2.553711
2.543945
2.553711
2.553711
2.548828
2.548828
2.558594
2.524414
2.548828
2.553711
2.543945
2.568359
2.519531
2.548828
2.514648
2.480469
2.548828
2.534180
2.548828
2.553711
2.553711
2.548828
2.587891
2.514648
2.553711
2.558594
2.548828
2.519531
2.529297
2.519531
2.539062
2.553711
2.534180
2.529297
2.534180
2.534180
2.553711
2.539062
2.543945
2.539062
2.543945
2.529297
2.543945
2.524414
2.524414
2.553711
2.558594
2.539062
2.548828
2.514648
2.529297
2.524414
2.524414
2.534180
2.524414
2.534180
2.548828
2.524414
2.543945
2.553711
2.534180
2.558594
2.558594
2.539062
2.548828
2.597656
2.558594
2.539062
2.563477
2.534180
2.563477
2.558594
2.573242
2.558594
2.543945
2.548828
2.558594
2.539062
2.539062
2.553711
2.548828
2.553711
2.539062
2.529297
2.543945
2.539062
2.519531
2.553711
2.514648
2.543945
2.548828
2.514648
2.539062
2.548828
2.519531
2.539062
2.539062
2.539062
2.548828
2.558594
2.543945
2.568359
2.558594
2.548828
2.524414
2.543945
2.553711
2.514648
2.534180
2.553711
2.534180
2.568359
2.573242
2.548828
2.583008
2.573242
2.558594
2.543945
2.563477
2.553711
2.553711
2.543945
2.529297
2.529297
2.534180
2.490234
2.539062
2.539062
2.504883
2.504883
2.539062
2.519531
2.568359
2.519531
2.529297
2.519531
2.534180
2.519531
2.509766
2.534180
2.519531
2.519531
2.534180
2.534180
2.543945
2.529297
2.539062
2.519531
2.529297
2.563477
2.534180
2.553711
2.539062
2.543945
2.539062
2.529297
2.534180
2.548828
2.587891
2.553711
2.573242
2.543945
2.553711
2.524414
2.563477
2.539062
2.543945
2.524414
2.553711
2.524414
2.500000
2.519531
2.495117
2.529297
2.504883
2.563477
2.509766
2.558594
2.543945
2.563477
2.563477
2.553711
2.563477
2.543945
2.553711
2.558594
2.583008
2.553711
2.578125
2.592773
2.592773
2.578125
2.573242
2.563477
2.597656
2.534180
2.558594
2.607422
2.597656
2.583008
2.529297
2.558594
2.592773
2.543945
2.553711
2.558594
2.563477
2.592773
2.568359
2.563477
2.612305
2.578125
2.568359
2.558594
2.534180
2.558594
2.504883
2.583008
2.543945
2.573242
2.534180
2.573242
2.578125
2.553711
2.563477
2.548828
2.534180
2.602539
2.548828
2.563477
2.573242
2.578125
2.587891
2.543945
2.573242
2.573242
2.553711
2.543945
2.553711
2.548828
2.548828
2.553711
2.563477
2.592773
2.543945
2.568359
2.597656
2.509766
2.568359
2.539062
2.558594
2.548828
2.529297
2.583008
2.539062
2.548828
2.553711
2.529297
2.534180
2.607422
2.534180
2.573242
2.553711
2.509766
2.524414
2.514648
2.514648
2.563477
2.514648
2.553711
2.563477
2.519531
2.553711
2.558594
2.563477
2.563477
2.563477
2.529297
2.534180
2.539062
2.563477
2.539062
2.543945
2.539062
2.563477
2.534180
2.529297
2.539062
2.529297
2.504883
2.539062
2.553711
2.553711
2.563477
2.558594
2.529297
2.548828
2.539062
2.534180
2.529297
2.543945
2.519531
2.514648
2.514648
2.529297
2.534180
2.543945
2.539062
2.519531
2.519531
2.539062
2.529297
2.558594
2.504883
2.548828
2.573242
2.573242
2.583008
2.553711
2.563477
2.578125
2.548828
2.597656
2.548828
2.553711
2.519531
2.548828
2.524414
2.524414
2.558594
2.534180
2.519531
2.553711
2.529297
2.573242
2.504883
2.548828
2.539062
2.558594
2.558594
2.548828
2.534180
2.543945
2.539062
2.529297
2.539062
2.524414
2.524414
2.534180
2.514648
2.543945
2.558594
2.539062
2.539062
2.548828
2.543945
2.553711
2.524414
2.539062
2.543945
2.548828
2.539062
2.558594
2.587891
2.583008
2.597656
2.553711
2.548828
2.543945
2.563477
2.548828
2.543945
2.534180
2.514648
2.524414
2.534180
2.519531
2.509766
2.500000
2.495117
2.534180
2.504883
2.543945
2.480469
2.514648
2.534180
2.534180
2.524414
2.568359
2.558594
2.558594
2.519531
2.519531
2.519531
2.514648
2.524414
2.534180
2.529297
2.519531
2.558594
2.529297
2.543945
2.539062
2.529297
2.553711
2.534180
2.534180
2.539062
2.524414
2.524414
2.534180
2.543945
2.563477
2.539062
2.524414
2.563477
2.539062
2.539062
2.519531
2.534180
2.524414
2.539062
2.509766
2.534180
2.543945
2.539062
2.553711
2.534180
2.524414
2.568359
2.553711
2.578125
2.553711
2.578125
2.548828
2.553711
2.548828
2.583008
2.607422
2.578125
2.578125
2.568359
2.568359
2.578125
2.592773
2.553711
2.548828
2.548828
2.568359
2.587891
2.558594
2.602539
2.592773
2.597656
2.558594
2.548828
2.548828
2.587891
2.592773
2.563477
2.573242
2.548828
2.563477
2.495117
2.539062
2.534180
2.548828
2.524414
2.514648
2.558594
2.548828
2.568359
2.597656
2.573242
2.563477
2.553711
2.558594
2.568359
2.587891
2.558594
2.583008
2.573242
2.553711
2.573242
2.534180
2.587891
2.558594
2.568359
2.573242
2.568359
2.583008
2.548828
2.553711
2.553711
2.534180
2.563477
2.534180
2.568359
2.543945
2.553711
2.534180
2.548828
2.553711
2.583008
2.534180
2.558594
2.568359
2.524414
2.597656
2.534180
2.558594
2.529297
2.563477
2.529297
2.529297
2.514648
2.553711
2.573242
2.519531
2.558594
2.548828
2.524414
2.543945
2.553711
2.539062
2.543945
2.573242
2.524414
2.534180
2.543945
2.529297
2.558594
2.578125
2.548828
2.563477
2.558594
2.553711
2.539062
2.563477
2.534180
2.543945
2.509766
2.553711
2.529297
2.534180
2.529297
2.524414
2.553711
2.529297
2.529297
2.504883
2.514648
2.529297
2.563477
2.543945
2.534180
2.529297
2.524414
2.553711
2.524414
2.543945
2.524414
2.519531
2.509766
2.568359
2.558594
2.583008
2.558594
2.558594
2.534180
2.573242
2.568359
2.553711
2.548828
2.597656
2.534180
2.573242
2.543945
2.548828
2.548828
2.534180
2.558594
2.534180
2.543945
2.529297
2.553711
2.543945
2.539062
2.539062
2.548828
2.558594
2.514648
2.539062
2.529297
2.539062
2.558594
2.539062
2.543945
2.543945
2.509766
2.524414
2.543945
2.543945
2.539062
2.558594
2.519531
2.573242
2.534180
2.504883
2.519531
2.543945
2.519531
2.558594
2.548828
2.563477
2.573242
2.543945
2.563477
2.553711
2.539062
2.534180
2.553711
2.514648
2.504883
2.524414
2.514648
2.534180
2.529297
2.519531
2.495117
2.539062
2.509766
2.553711
2.524414
2.534180
2.529297
2.514648
2.563477
2.509766
2.543945
2.548828
2.543945
2.548828
2.534180
2.519531
2.534180
2.514648
2.524414
2.534180
2.558594
2.558594
2.553711
2.539062
2.548828
2.529297
2.543945
2.543945
2.558594
2.553711
2.539062
2.529297
2.539062
2.563477
2.558594
2.539062
2.563477
2.509766
2.529297
2.558594
2.539062
2.543945
2.485352
2.509766
2.519531
2.534180
2.553711
2.543945
2.568359
2.548828
2.592773
2.573242
2.578125
2.553711
2.558594
2.578125
2.563477
2.592773
2.592773
2.548828
2.563477
2.592773
2.592773
2.563477
2.548828
2.558594
2.568359
2.558594
2.553711
2.548828
2.587891
2.592773
2.578125
2.573242
2.597656
2.558594
2.578125
2.578125
2.558594
2.578125
2.558594
2.573242
2.578125
2.563477
2.539062
2.568359
2.524414
2.543945
2.514648
2.553711
2.563477
2.539062
2.587891
2.529297
2.568359
2.587891
2.529297
2.597656
2.558594
2.568359
2.573242
2.543945
2.558594
2.558594
2.553711
2.578125
2.553711
2.573242
2.568359
2.553711
2.539062
2.573242
2.548828
2.558594
2.543945
2.578125
2.578125
2.539062
2.553711
2.553711
2.539062
2.558594
2.534180
2.553711
2.524414
2.543945
2.534180
2.548828
2.543945
2.529297
2.578125
2.534180
2.558594
2.524414
2.524414
2.519531
2.568359
2.548828
2.519531
2.543945
2.548828
2.543945
2.578125
2.543945
2.543945
2.553711
2.563477
2.539062
2.553711
2.563477
2.519531
2.558594
2.558594
2.558594
2.553711
2.543945
2.548828
2.509766
2.524414
2.539062
2.553711
2.519531
2.519531
2.543945
2.529297
2.524414
2.519531
2.504883
2.539062
2.548828
2.539062
2.524414
2.539062
2.539062
2.548828
2.539062
2.548828
2.475586
2.509766
2.529297
2.529297
2.514648
2.529297
2.548828
2.548828
2.539062
2.558594
2.573242
2.558594
2.568359
2.529297
2.568359
2.543945
2.578125
2.558594
2.543945
2.597656
2.558594
2.553711
2.563477
2.573242
2.543945
2.539062
2.509766
2.543945
2.534180
2.539062
2.529297
2.509766
2.519531
2.543945
2.529297
2.514648
2.539062
2.534180
2.543945
2.553711
2.524414
2.514648
2.529297
2.578125
2.543945
2.568359
2.548828
2.553711
2.558594
2.553711
2.534180
2.529297
2.529297
2.548828
2.534180
2.534180
2.563477
2.568359
2.583008
2.578125
2.578125
2.553711
2.539062
2.568359
2.524414
2.543945
2.524414
2.524414
2.563477
2.504883
2.529297
2.514648
2.534180
2.519531
2.529297
2.495117
2.524414
2.514648
2.524414
2.514648
2.519531
2.534180
2.504883
2.553711
2.553711
2.529297
2.509766
2.509766
2.539062
2.553711
2.514648
2.539062
2.519531
2.495117
2.524414
2.534180
2.548828
2.529297
2.534180
2.534180
2.509766
2.553711
2.524414
2.534180
2.548828
2.529297
2.553711
2.563477
2.548828
2.553711
2.558594
2.490234
2.548828
2.529297
2.519531
2.543945
2.514648
2.543945
2.534180
2.534180
2.534180
2.543945
2.563477
2.558594
2.563477
2.529297
2.558594
2.524414
2.568359
2.563477
2.539062
2.612305
2.568359
2.578125
2.553711
2.543945
2.548828
2.563477
2.553711
2.568359
2.563477
2.578125
2.573242
2.563477
2.607422
2.558594
2.553711
2.534180
2.558594
2.548828
2.573242
2.573242
2.583008
2.612305
2.558594
2.553711
2.597656
2.543945
2.563477
2.558594
2.509766
2.543945
2.519531
2.583008
2.587891
2.553711
2.563477
2.563477
2.592773
2.558594
2.548828
2.539062
2.573242
2.539062
2.583008
2.597656
2.539062
2.529297
2.568359
2.534180
2.583008
2.563477
2.563477
2.568359
2.553711
2.553711
2.553711
2.587891
2.553711
2.534180
2.563477
2.543945
2.583008
2.548828
2.539062
2.568359
2.529297
2.543945
2.578125
2.529297
2.543945
2.539062
2.543945
2.519531
2.558594
2.539062
2.500000
2.529297
2.524414
2.524414
2.543945
2.539062
2.539062
2.548828
2.548828
2.534180
2.602539
2.539062
2.548828
2.539062
2.514648
2.539062
2.568359
2.539062
2.563477
2.539062
2.543945
2.553711
2.529297
2.563477
2.543945
2.519531
2.553711
2.539062
2.539062
2.558594
2.524414
2.539062
2.524414
2.495117
2.539062
2.568359
2.509766
2.534180
2.529297
2.500000
2.509766
2.543945
2.529297
2.519531
2.534180
2.539062
2.548828
2.553711
2.539062
2.568359
2.514648
2.534180
2.563477
2.529297
2.592773
2.558594
2.563477
2.563477
2.568359
2.568359
2.553711
2.558594
2.539062
2.539062
2.543945
2.529297
2.573242
2.543945
2.539062
2.524414
2.548828
2.514648
2.543945
2.529297
2.529297
2.519531
2.529297
2.558594
2.529297
2.529297
2.543945
2.543945
2.529297
2.558594
2.524414
2.568359
2.519531
2.558594
2.563477
2.519531
2.524414
2.539062
2.563477
2.539062
2.529297
2.578125
2.539062
2.543945
2.553711
2.534180
2.573242
2.553711
2.563477
2.592773
2.578125
2.548828
2.534180
2.548828
2.543945
2.514648
2.534180
2.504883
2.534180
2.543945
2.548828
2.519531
2.529297
2.534180
2.529297
2.519531
2.529297
2.514648
2.539062
2.495117
2.529297
2.558594
2.524414
2.514648
2.543945
2.534180
2.553711
2.529297
2.534180
2.548828
2.529297
2.524414
2.553711
2.529297
2.509766
2.553711
2.524414
2.553711
2.529297
2.548828
2.543945
2.548828
2.539062
2.534180
2.543945
2.543945
2.534180
2.539062
2.548828
2.524414
2.529297
2.539062
2.529297
2.490234
2.514648
2.509766
2.543945
2.514648
2.553711
2.543945
2.534180
2.553711
2.558594
2.548828
2.573242
2.573242
2.543945
2.543945
2.543945
2.587891
2.558594
2.563477
2.543945
2.543945
2.539062
2.568359
2.583008
2.558594
2.583008
2.558594
2.592773
2.578125
2.573242
2.597656
2.597656
2.573242
2.568359
2.519531
2.548828
2.578125
2.573242
2.548828
2.597656
2.553711
2.563477
2.597656
2.563477
2.563477
2.553711
2.500000
2.519531
2.529297
2.558594
2.543945
2.553711
2.548828
2.573242
2.543945
2.607422
2.558594
2.563477
2.568359
2.553711
2.578125
2.534180
2.558594
2.573242
2.568359
2.553711
2.587891
2.592773
2.573242
2.539062
2.578125
2.534180
2.543945
2.563477
2.607422
2.563477
2.553711
2.573242
2.539062
2.578125
2.563477
2.539062
2.583008
2.543945
2.573242
2.524414
2.558594
2.553711
2.548828
2.543945
2.534180
2.548828
2.553711
2.558594
2.519531
2.509766
2.519531
2.524414
2.539062
2.548828
2.519531
2.563477
2.534180
2.568359
2.558594
2.548828
2.548828
2.548828
2.548828
2.534180
2.529297
2.553711
2.553711
2.553711
2.529297
2.563477
2.548828
2.539062
2.534180
2.548828
2.514648
2.529297
2.529297
2.543945
2.509766
2.534180
2.534180
2.563477
2.514648
2.519531
2.543945
2.543945
2.529297
2.558594
2.509766
2.509766
2.514648
2.543945
2.534180
2.534180
2.539062
2.524414
2.534180
2.539062
2.548828
2.524414
2.602539
2.558594
2.553711
2.573242
2.543945
2.602539
2.587891
2.563477
2.573242
2.558594
2.539062
2.539062
2.539062
2.539062
2.553711
2.519531
2.558594
2.583008
2.524414
2.480469
2.519531
2.543945
2.539062
2.563477
2.539062
2.553711
2.529297
2.558594
2.548828
2.529297
2.534180
2.534180
2.534180
2.534180
2.529297
2.539062
2.509766
2.548828
2.543945
2.539062
2.578125
2.543945
2.524414
2.553711
2.558594
2.563477
2.548828
2.558594
2.592773
2.578125
2.558594
2.563477
2.524414
2.543945
2.558594
2.524414
2.553711
2.509766
2.539062
2.500000
2.519531
2.534180
2.514648
2.514648
2.563477
2.553711
2.534180
2.519531
2.509766
2.534180
2.495117
2.529297
2.553711
2.529297
2.524414
2.563477
2.539062
2.519531
2.534180
2.539062
2.514648
2.558594
2.534180
2.563477
2.509766
2.534180
2.519531
2.543945
2.539062
2.563477
2.573242
2.539062
2.539062
2.543945
2.543945
2.573242
2.529297
2.534180
2.568359
2.543945
2.519531
2.509766
2.548828
2.543945
2.524414
2.519531
2.543945
2.529297
2.539062
2.509766
2.553711
2.543945
2.548828
2.543945
2.592773
2.539062
2.573242
2.573242
2.583008
2.578125
2.583008
2.587891
2.583008
2.539062
2.587891
2.553711
2.543945
2.587891
2.558594
2.607422
2.592773
2.597656
2.573242
2.617188
2.573242
2.587891
2.583008
2.592773
2.587891
2.539062
2.573242
2.573242
2.539062
2.597656
2.583008
2.568359
2.558594
2.563477
2.563477
2.529297
2.514648
2.539062
2.548828
2.558594
2.539062
2.548828
2.534180
2.597656
2.573242
2.573242
2.553711
2.592773
2.553711
2.558594
2.529297
2.539062
2.563477
2.539062
2.587891
2.553711
2.534180
2.563477
2.578125
2.558594
2.548828
2.553711
2.592773
2.519531
2.597656
2.558594
2.509766
2.568359
2.548828
2.553711
2.539062
2.587891
2.524414
2.539062
2.553711
2.548828
2.578125
2.524414
2.534180
2.558594
2.534180
2.539062
2.543945
2.548828
2.509766
2.519531
2.524414
2.548828
2.539062
2.548828
2.563477
2.558594
2.519531
2.573242
2.558594
2.573242
2.563477
2.539062
2.534180
2.558594
2.543945
2.534180
2.543945
2.539062
2.543945
2.534180
2.553711
2.539062
2.529297
2.543945
2.539062
2.543945
2.524414
2.534180
2.524414
2.534180
2.509766
2.524414
2.519531
2.524414
2.519531
2.553711
2.539062
2.568359
2.568359
2.519531
2.543945
2.553711
2.548828
2.500000
2.514648
2.539062
2.524414
2.543945
2.558594
2.529297
2.568359
2.583008
2.597656
2.558594
2.563477
2.568359
2.568359
2.553711
2.548828
2.529297
2.539062
2.534180
2.539062
2.543945
2.558594
2.514648
2.534180
2.558594
2.524414
2.509766
2.543945
2.519531
2.514648
2.563477
2.534180
2.539062
2.509766
2.529297
2.568359
2.543945
2.558594
2.524414
2.539062
2.534180
2.558594
2.548828
2.548828
2.534180
2.563477
2.539062
2.553711
2.558594
2.578125
2.548828
2.534180
2.563477
2.534180
2.543945
2.583008
2.592773
2.543945
2.573242
2.553711
2.539062
2.539062
2.519531
2.519531
2.495117
2.514648
2.534180
2.519531
2.495117
2.519531
2.539062
2.534180
2.495117
2.519531
2.519531
2.514648
2.500000
2.519531
2.504883
2.524414
2.500000
2.519531
2.519531
2.534180
2.553711
2.524414
2.558594
2.539062
2.543945
2.553711
2.509766
2.539062
2.529297
2.524414
2.529297
2.539062
2.553711
2.534180
2.548828
2.529297
2.500000
2.524414
2.558594
2.548828
2.578125
2.529297
2.543945
2.524414
2.539062
2.519531
2.524414
2.534180
2.495117
2.543945
2.583008
2.495117
2.553711
2.539062
2.524414
2.563477
2.524414
2.568359
2.543945
2.573242
2.543945
2.553711
2.539062
2.563477
2.563477
2.573242
2.583008
2.587891
2.578125
2.578125
2.587891
2.543945
2.592773
2.607422
2.583008
2.622070
2.587891
2.607422
2.607422
2.548828
2.563477
2.592773
2.563477
2.583008
2.553711
2.597656
2.558594
2.548828
2.534180
2.578125
2.534180
2.548828
2.509766
2.543945
2.534180
2.529297
2.578125
2.524414
2.578125
2.578125
2.558594
2.558594
2.548828
2.592773
2.563477
2.578125
2.558594
2.583008
2.558594
2.563477
2.602539
2.568359
2.548828
2.617188
2.558594
2.563477
2.558594
2.573242
2.534180
2.568359
2.543945
2.548828
2.578125
2.519531
2.553711
2.583008
2.583008
2.543945
2.534180
2.529297
2.573242
2.519531
2.553711
2.539062
2.524414
2.529297
2.529297
2.558594
2.543945
2.529297
2.509766
2.500000
2.500000
2.509766
2.500000
2.539062
2.539062
2.534180
2.524414
2.534180
2.558594
2.568359
2.543945
2.553711
2.553711
2.553711
2.558594
2.548828
2.548828
2.529297
2.543945
2.529297
2.529297
2.548828
2.543945
2.539062
2.514648
2.553711
2.534180
2.524414
2.543945
2.519531
2.529297
2.509766
2.519531
2.524414
2.543945
2.543945
2.519531
2.543945
2.509766
2.534180
2.553711
2.514648
2.568359
2.558594
2.529297
2.504883
2.548828
2.524414
2.500000
2.558594
2.543945
2.587891
2.563477
2.558594
2.558594
2.563477
2.539062
2.578125
2.548828
2.534180
2.543945
2.539062
2.548828
2.539062
2.524414
2.563477
2.568359
2.558594
2.543945
2.524414
2.534180
2.524414
2.563477
2.543945
2.548828
2.534180
2.539062
2.553711
2.553711
2.548828
2.534180
2.534180
2.558594
2.524414
2.519531
2.548828
2.519531
2.543945
2.543945
2.534180
2.563477
2.553711
2.553711
2.539062
2.558594
2.558594
2.524414
